Pro,UL,Dock,Ship,Pcs,Wgt,ULTrlr,ULDoor,UnloadTS,UnLoadDOW,LoadInterval,Org
1042096683,U,CTY,1,1,70,138164,187,58:00.0,2,13:00,104
1083138520,U,CTY,1,6,5184,123950,173,57:00.0,6,6:00,158
1124761956,U,IB,1,1,630,279969,141,34:00.0,1,5:00,205
1131961924,U,CTY,1,1,157,41422,168,44:00.0,4,7:00,847
113571880X,U,IB,1,1,269,290776,104,29:00.0,5,22:00,847
1201033955,U,OB,1,1,205,132336,53,35:00.0,6,2:00,754
1219784803,U,CTY,1,1,93,127543,196,08:00.0,1,18:00,256
1320907217,U,OB,1,1,570,140370,63,45:00.0,6,0:00,896
1320907235,U,CTY,1,1,530,261081,192,37:00.0,3,8:00,896
1320907262,U,CTY,1,1,810,125269,195,49:00.0,1,21:00,896
1321118325,U,IB,1,1,100,129296,158,18:00.0,3,5:00,896
1321118325,U,CTY,1,1,100,129296,210,12:00.0,3,8:00,896
1616826014,U,CTY,1,1,576,138837,192,35:00.0,1,21:00,152
1681950457,U,IB,1,1,495,130842,103,44:00.0,7,18:00,218
1780532117,U,OB,1,1,210,121829,60,42:00.0,7,22:00,132
1851936844,U,IB,1,5,2620,126165,149,07:00.0,6,7:00,841
1851937129,U,CTY,1,1,343,130521,168,22:00.0,5,14:00,841
1851937349,U,CTY,1,3,1155,125345,169,41:00.0,3,18:00,841
1920180501,U,OB,1,2,1447,139697,49,46:00.0,3,21:00,411
196930139X,U,CTY,1,1,150,431077,173,23:00.0,7,18:00,511
1970025924,U,CTY,1,1,67,121486,192,30:00.0,5,3:00,243
1976169837,U,OB,1,3,2498,137673,95,08:00.0,1,20:00,216
1978334022,U,CTY,1,1,40,134535,169,04:00.0,3,13:00,216
1978345682,U,IB,1,2,8695,125176,145,56:00.0,3,13:00,216
1978903914,U,IB,1,2,1016,131089,112,40:00.0,7,13:00,216
1978945402,U,IB,1,4,4320,135340,149,50:00.0,3,14:00,216
1978945420,U,CTY,1,8,3591,124186,168,20:00.0,5,8:00,216
197894543X,U,IB,1,3,1249,131089,112,12:00.0,7,12:00,216
1978945467,U,IB,1,6,2256,126013,163,56:00.0,7,12:00,216
1978945503,U,IB,1,6,6292,125025,143,26:00.0,3,13:00,216
1978945568,U,IB,1,3,1213,123280,111,37:00.0,7,22:00,216
1978945577,U,IB,1,5,2060,132868,116,13:00.0,7,19:00,216
1978945586,U,IB,1,4,4400,125176,145,58:00.0,3,14:00,216
2001064499,U,IB,1,1,1020,127905,111,18:00.0,6,0:00,218
2001879186,U,IB,1,2,4848,R218191522,103,38:00.0,5,19:00,218
2001879195,U,CTY,1,1,2573,130752,172,57:00.0,6,6:00,218
2003496819,U,IB,1,1,340,430079,101,21:00.0,3,18:00,218
2003496828,U,IB,1,1,224,129558,114,47:00.0,5,18:00,218
2003496846,U,IB,1,2,710,530455,117,12:00.0,6,10:00,218
2003567439,U,OB,1,1,305,138501,86,07:00.0,1,21:00,218
2003569199,U,OB,1,1,1020,252293,84,26:00.0,6,16:00,218
2003569217,U,CTY,1,5,9871,904116,189,00:00.0,7,10:00,218
2003782790,U,OB,1,1,1110,123711,90,45:00.0,1,12:00,232
2003782974,U,CTY,1,1,140,116773,187,16:00.0,5,21:00,232
2003783057,U,CTY,1,1,205,135246,189,55:00.0,4,18:00,232
2004239768,U,IB,1,1,1275,430399,112,35:00.0,4,15:00,218
2004239777,U,IB,1,1,1305,559835,145,41:00.0,2,15:00,218
2004239786,U,IB,1,1,1320,127746,127,25:00.0,5,3:00,218
2004846784,U,IB,1,1,324,134163,143,38:00.0,4,18:00,218
200484683X,U,OB,1,1,324,127603,96,55:00.0,6,3:00,218
2004846858,U,IB,1,1,950,430881,123,29:00.0,5,4:00,218
2129677113,U,OB,1,2,1125,136318,69,18:00.0,3,19:00,172
2131086544,U,IB,1,1,632,134038,114,20:00.0,5,1:00,213
2195366534,U,CTY,1,1,920,290358,168,59:00.0,4,20:00,326
219536658X,U,CTY,1,1,920,290358,168,45:00.0,4,20:00,326
2195366653,U,IB,1,1,939,133936,125,28:00.0,7,0:00,326
2195366790,U,CTY,1,2,2585,138029,187,42:00.0,7,12:00,326
2195367533,U,IB,1,1,168,124301,127,09:00.0,3,18:00,326
2195367542,U,IB,1,1,706,124301,127,00:00.0,3,18:00,326
2195367625,U,IB,1,1,243,123514,145,45:00.0,5,8:00,326
2195368056,U,IB,1,1,433,122611,143,55:00.0,4,22:00,326
2195368074,U,CTY,1,1,451,127583,189,04:00.0,3,19:00,326
2195368092,U,CTY,1,1,504,127583,189,08:00.0,3,19:00,326
2195368110,U,CTY,1,1,165,127583,189,50:00.0,3,18:00,326
2403204172,U,OB,1,1,945,136659,43,52:00.0,3,20:00,730
2404005100,U,OB,1,1,966,135152,38,22:00.0,5,4:00,730
2404303119,U,OB,1,3,4865,135152,38,59:00.0,5,3:00,730
2410855746,U,OB,1,1,317,131824,51,27:00.0,1,7:00,740
2410855800,U,OB,1,2,2382,136551,58,45:00.0,5,12:00,740
2443571316,U,OB,1,1,450,133341,46,03:00.0,4,2:00,754
2444058726,U,OB,1,2,5300,131440,14,22:00.0,6,19:00,754
2463451636,U,IB,1,1,1252,131333,112,14:00.0,7,15:00,246
2473246751,U,OB,1,1,208,139805,55,34:00.0,5,5:00,245
2473246760,U,OB,1,1,485,132124,96,37:00.0,6,18:00,245
2473246760,U,OB,1,1,485,132124,54,38:00.0,6,18:00,245
247324677X,U,OB,1,1,271,132124,96,41:00.0,6,18:00,245
2511037832,U,IB,1,2,5216,135145,135,36:00.0,1,4:00,251
2513876382,U,IB,1,1,63,136818,158,09:00.0,7,4:00,251
251469371X,U,CTY,1,1,935,130815,172,01:00.0,2,9:00,251
2514693729,U,CTY,1,2,1827,130815,172,59:00.0,2,8:00,251
2515894341,U,CTY,1,1,2319,131972,169,50:00.0,4,19:00,251
2515894379,U,IB,1,2,4137,136818,158,07:00.0,7,1:00,251
2515894388,U,IB,1,8,2975,134043,123,31:00.0,3,1:00,251
2530242157,U,OB,1,1,148,139746,66,49:00.0,5,10:00,556
2531148620,U,IB,1,1,333,126715,131,28:00.0,7,6:00,213
2531462964,U,IB,1,1,205,136648,112,20:00.0,5,18:00,213
2531591866,U,OB,1,1,98,261279,58,36:00.0,7,21:00,616
2532918594,U,CTY,1,20,100,124196,192,34:00.0,5,10:00,223
2533801409,U,CTY,1,7,7794,138204,197,40:00.0,7,1:00,158
253406990X,U,OB,1,1,160,202627,75,46:00.0,5,2:00,682
2534091176,U,IB,1,2,1834,136765,151,25:00.0,7,19:00,682
2534143994,U,IB,1,17,260,127190,112,28:00.0,5,4:00,682
2535851616,U,IB,1,1,60,134290,151,26:00.0,2,3:00,567
2536472575,U,CTY,1,1,146,129714,172,04:00.0,4,4:00,616
2537078107,U,IB,1,1,95,137585,127,32:00.0,3,10:00,895
2537811569,U,IB,1,2,710,131304,101,26:00.0,1,4:00,617
2540298055,U,CTY,1,1,245,123328,168,14:00.0,6,6:00,245
2540298165,U,IB,1,1,441,127543,105,32:00.0,4,4:00,245
2540298174,U,IB,1,1,474,126018,112,45:00.0,7,4:00,245
2540298183,U,OB,1,1,458,136002,86,25:00.0,4,3:00,245
2558528273,U,IB,1,7,125,137723,151,20:00.0,6,1:00,531
2558534837,U,IB,1,3,72,137723,151,41:00.0,6,0:00,531
255853491X,U,CTY,1,3,46,131040,194,14:00.0,6,8:00,531
255853513X,U,IB,1,3,54,137723,151,36:00.0,6,0:00,531
2558535212,U,IB,1,4,86,137723,151,19:00.0,6,1:00,531
2558535304,U,IB,1,3,66,137723,151,50:00.0,6,0:00,531
2558542344,U,CTY,1,1,15,137082,174,19:00.0,5,4:00,531
2558542427,U,IB,1,2,29,137723,151,30:00.0,6,0:00,531
2616783197,U,OB,1,2,32,123402,78,02:00.0,1,18:00,404
2616783206,U,OB,1,2,32,123402,78,02:00.0,1,18:00,404
2616783215,U,OB,1,1,12,123402,78,55:00.0,1,17:00,404
2749242521,U,OB,1,2,915,136611,46,40:00.0,3,5:00,202
2749242530,U,OB,1,3,591,136611,46,30:00.0,3,6:00,202
2749311657,U,IB,1,1,300,129911,127,36:00.0,6,7:00,202
2749340239,U,OB,1,1,992,130744,96,29:00.0,7,10:00,348
2749391966,U,OB,1,1,176,123008,46,02:00.0,4,11:00,202
2749391975,U,IB,1,2,390,530418,123,44:00.0,1,1:00,202
2749391993,U,IB,1,1,474,530418,123,50:00.0,1,1:00,202
2749407797,U,IB,1,1,160,278823,135,19:00.0,5,6:00,202
2749644461,U,OB,1,90,1635,353223,84,39:00.0,7,19:00,202
2749678058,U,OB,1,1,170,123681,75,05:00.0,3,6:00,202
274969167X,U,IB,1,22,13040,138046,125,16:00.0,4,18:00,202
2749696693,U,OB,1,181,1022,136063,72,21:00.0,1,7:00,202
2749696904,U,OB,1,74,960,140385,88,55:00.0,5,0:00,202
2749696922,U,OB,1,60,700,140385,88,40:00.0,4,20:00,202
2749696931,U,OB,1,58,607,140385,88,46:00.0,4,18:00,202
2749696987,U,OB,1,103,1305,138148,84,27:00.0,5,0:00,202
2749696996,U,OB,1,53,558,138148,85,17:00.0,4,13:00,202
2749696996,U,OB,1,53,558,138148,85,17:00.0,4,13:00,202
2749697005,U,OB,1,15,162,138148,84,29:00.0,4,11:00,202
2749730555,U,OB,1,2,1120,127356,90,50:00.0,6,10:00,202
2749812853,U,OB,1,1,101,200693,59,50:00.0,4,4:00,202
2749812853,U,OB,1,1,101,200693,59,50:00.0,4,4:00,202
2749812862,U,IB,1,1,269,138430,133,54:00.0,4,3:00,202
2749812871,U,IB,1,1,288,200693,114,53:00.0,4,4:00,202
274981311X,U,OB,1,1,625,123681,75,57:00.0,3,7:00,202
2749813147,U,OB,1,2,3945,127356,90,02:00.0,6,11:00,202
2749813174,U,OB,1,1,123,136611,46,05:00.0,3,8:00,202
2749813183,U,IB,1,1,328,132854,117,07:00.0,5,9:00,202
2749813403,U,IB,1,1,110,138046,125,21:00.0,4,22:00,202
2749813412,U,IB,1,1,159,138046,125,29:00.0,4,22:00,202
2749813421,U,IB,1,1,279,138046,125,32:00.0,4,22:00,202
2749813430,U,IB,1,1,1065,138046,125,44:00.0,4,21:00,202
274981344X,U,IB,1,1,276,138046,125,24:00.0,4,22:00,202
2749835688,U,IB,1,1,300,132854,117,13:00.0,5,7:00,202
2758629354,U,OB,1,5,2177,125113,22,11:00.0,6,11:00,415
2781599135,U,OB,1,4,1765,125203,63,27:00.0,2,19:00,411
2785009144,U,OB,1,1,275,131859,22,15:00.0,6,10:00,411
2785039257,U,OB,1,4,1720,131859,22,12:00.0,6,10:00,411
2786200260,U,OB,1,5,2730,135615,53,58:00.0,6,22:00,411
2786200370,U,OB,1,2,690,131859,22,01:00.0,6,8:00,411
2786200783,U,OB,1,1,273,134634,39,21:00.0,6,13:00,411
2786215193,U,OB,1,5,2925,130538,52,40:00.0,1,3:00,411
2786215496,U,OB,1,3,1418,130538,52,23:00.0,1,3:00,411
2786215532,U,OB,1,4,1638,130538,52,55:00.0,1,3:00,411
2786215541,U,OB,1,5,2375,136908,39,18:00.0,7,13:00,411
2788470193,U,OB,1,1,762,291140,46,37:00.0,1,3:00,411
2790975509,U,OB,1,6,3090,140313,73,41:00.0,5,8:00,411
2790975590,U,OB,1,7,3945,136125,67,37:00.0,6,17:00,411
2792160649,U,OB,1,9,3970,119405,72,19:00.0,1,20:00,411
2792160649,U,OB,1,9,3970,119405,50,20:00.0,1,0:00,411
2792175847,U,OB,1,8,4440,119623,49,36:00.0,1,21:00,411
2792175847,U,OB,1,8,4440,119623,7,58:00.0,2,18:00,411
2792175948,U,OB,1,6,3535,281072,60,32:00.0,7,21:00,411
2792175957,U,IB,1,7,3685,136417,101,04:00.0,1,4:00,411
2793287020,U,OB,1,1,310,291008,88,07:00.0,7,13:00,411
2794388259,U,OB,1,4,2530,133480,67,19:00.0,4,3:00,411
279438989X,U,OB,1,2,1715,137640,60,23:00.0,5,20:00,411
279438989X,U,OB,1,2,1715,137640,65,25:00.0,5,20:00,411
2795458824,U,OB,1,5,3970,132935,39,22:00.0,5,14:00,411
2795459722,U,OB,1,5,1630,132935,39,24:00.0,5,13:00,411
2796738041,U,OB,1,2,1910,133012,39,22:00.0,7,19:00,411
280004027X,U,OB,1,1,298,137849,40,19:00.0,1,1:00,411
2801753126,U,OB,1,1,235,119743,95,28:00.0,6,12:00,402
2801811738,U,OB,1,1,204,128551,43,46:00.0,2,17:00,411
2802071713,U,OB,1,2,600,122907,50,20:00.0,1,16:00,411
2802072117,U,OB,1,1,33,126145,49,30:00.0,3,15:00,411
2802072144,U,OB,1,2,502,126145,49,01:00.0,3,15:00,411
2802072171,U,OB,1,3,369,132423,46,13:00.0,3,14:00,411
2802072180,U,OB,1,1,75,126145,49,33:00.0,3,15:00,411
2802072245,U,OB,1,3,285,131173,86,26:00.0,5,19:00,411
2802072254,U,OB,1,6,685,200486,50,24:00.0,4,9:00,411
2802072263,U,OB,1,1,140,131173,86,28:00.0,5,20:00,411
2802072355,U,OB,1,1,145,131173,86,32:00.0,5,20:00,411
2802072382,U,OB,1,1,210,131173,86,25:00.0,5,20:00,411
2802072429,U,OB,1,2,370,132676,78,02:00.0,6,16:00,411
2802072456,U,OB,1,3,788,123183,55,44:00.0,7,12:00,411
2802072474,U,OB,1,1,97,132676,78,21:00.0,6,16:00,411
2802072483,U,OB,1,1,46,132676,78,31:00.0,6,15:00,411
2802072492,U,OB,1,1,114,129503,51,32:00.0,7,19:00,411
280207252X,U,OB,1,1,180,291140,46,48:00.0,1,5:00,411
2802072685,U,OB,1,2,178,127740,50,08:00.0,3,10:00,411
2802072694,U,OB,1,2,275,127740,50,00:00.0,3,10:00,411
2802072703,U,OB,1,5,355,127740,50,05:00.0,3,13:00,411
2802072712,U,OB,1,5,340,127740,50,01:00.0,3,13:00,411
2802072721,U,OB,1,1,190,281393,22,10:00.0,4,16:00,411
2802072730,U,OB,1,1,65,281393,22,31:00.0,4,16:00,411
2802379109,U,OB,1,1,315,281393,22,14:00.0,4,16:00,411
2802379118,U,OB,1,1,315,290395,31,52:00.0,5,21:00,411
2802379127,U,OB,1,1,315,139653,87,53:00.0,6,10:00,411
2802379154,U,OB,1,1,345,280868,89,30:00.0,5,18:00,411
2802379154,U,OB,1,1,345,280868,70,47:00.0,6,0:00,411
2802379246,U,OB,1,1,342,121937,55,33:00.0,6,8:00,411
2802379255,U,OB,1,1,312,139653,87,57:00.0,6,10:00,411
2805870453,U,OB,1,1,315,124272,73,43:00.0,3,17:00,402
2806491100,U,OB,1,1,913,136720,38,22:00.0,7,5:00,411
2806534615,U,OB,1,1,871,126145,49,38:00.0,3,15:00,411
2806534642,U,OB,1,2,1908,126145,49,34:00.0,3,14:00,411
2806534689,U,OB,1,1,569,137227,40,02:00.0,5,15:00,411
2806534698,U,OB,1,1,383,132676,78,09:00.0,6,16:00,411
2806534716,U,OB,1,1,902,139697,32,34:00.0,4,14:00,411
2806534725,U,OB,1,1,264,290404,58,32:00.0,4,22:00,411
2806534734,U,OB,1,1,328,127477,86,19:00.0,6,7:00,411
2806534799,U,OB,1,1,798,R621615905,69,19:00.0,5,20:00,411
2806534808,U,OB,1,1,756,281393,22,23:00.0,4,16:00,411
2808543399,U,IB,1,1,133,128575,104,12:00.0,5,16:00,402
2808543399,U,OB,1,1,133,128575,44,16:00.0,5,19:00,402
2808690972,U,OB,1,1,930,126145,49,46:00.0,3,14:00,411
2808691019,U,OB,1,1,795,132676,78,14:00.0,6,16:00,411
2808691046,U,OB,1,1,836,291140,24,05:00.0,2,6:00,411
2808691046,U,OB,1,1,836,291140,46,44:00.0,1,8:00,411
2808691055,U,OB,1,1,198,291140,46,43:00.0,1,8:00,411
2808691082,U,OB,1,1,302,291008,88,36:00.0,7,18:00,411
2808691091,U,OB,1,1,672,131779,43,14:00.0,6,21:00,411
2885216952,U,IB,1,2,402,904236,151,25:00.0,6,14:00,288
2900446775,U,OB,1,5,2620,137465,69,39:00.0,6,18:00,433
2902148154,U,CTY,1,1,100,133819,195,11:00.0,6,20:00,290
2902312229,U,CTY,1,1,740,137526,175,36:00.0,7,22:00,290
2902313484,U,CTY,1,1,120,124196,192,48:00.0,5,8:00,290
2902331560,U,CTY,1,6,3025,121486,192,10:00.0,5,4:00,290
2902332422,U,CTY,1,2,4934,131231,194,21:00.0,2,23:00,290
2902332440,U,IB,1,6,12460,131690,163,06:00.0,3,21:00,290
290233256X,U,CTY,1,4,9260,133671,175,04:00.0,6,0:00,290
2902332689,U,CTY,1,5,12500,290075,174,37:00.0,6,0:00,290
2902332698,U,CTY,1,8,3991,133819,195,46:00.0,6,22:00,290
2902332826,U,CTY,1,5,11330,133389,187,44:00.0,5,6:00,290
2902332853,U,CTY,1,1,2476,131879,176,58:00.0,6,21:00,290
2902332862,U,CTY,1,1,2352,131879,176,59:00.0,6,21:00,290
2902332880,U,CTY,1,5,12101,134898,189,54:00.0,1,2:00,290
2902333019,U,CTY,1,1,2133,130617,188,49:00.0,3,0:00,290
2902333798,U,CTY,1,1,2222,127757,189,59:00.0,1,19:00,290
2902333816,U,CTY,1,2,5158,127757,189,55:00.0,1,19:00,290
2902333870,U,CTY,1,2,4444,138802,195,35:00.0,1,4:00,290
2902333944,U,IB,1,2,5281,125583,149,13:00.0,3,0:00,290
2902333962,U,CTY,1,1,2477,125210,189,47:00.0,2,21:00,290
290233399X,U,CTY,1,4,7982,138802,195,56:00.0,1,4:00,290
2902334018,U,CTY,1,5,12401,123493,192,07:00.0,6,21:00,290
2902334036,U,CTY,1,2,1026,127757,189,28:00.0,1,19:00,290
2902334063,U,IB,1,1,2133,131085,141,31:00.0,3,21:00,290
2902344100,U,OB,1,4,12300,558489,88,33:00.0,3,7:00,290
2902344367,U,CTY,1,4,12200,133715,187,09:00.0,1,7:00,290
2902344403,U,CTY,1,1,1165,135187,172,37:00.0,5,1:00,290
2926070882,U,IB,1,1,240,291293,112,31:00.0,3,8:00,292
2926103709,U,IB,1,3,1500,136758,113,52:00.0,6,0:00,292
2926593979,U,IB,1,3,2115,202022,151,02:00.0,3,18:00,292
2926593997,U,IB,1,4,1985,131327,104,57:00.0,7,18:00,292
2926805920,U,IB,1,2,4306,136758,113,59:00.0,6,2:00,292
2932564430,U,OB,1,7,1762,560751,74,46:00.0,6,21:00,422
2932918017,U,OB,1,1,410,505665,46,48:00.0,3,1:00,422
2932918026,U,OB,1,2,706,505665,46,36:00.0,3,1:00,422
2932918035,U,OB,1,1,262,505665,46,40:00.0,3,1:00,422
2932918044,U,OB,1,1,84,505665,46,40:00.0,3,1:00,422
2932918053,U,OB,1,1,502,505665,46,44:00.0,3,1:00,422
2932918071,U,OB,1,1,215,505665,46,42:00.0,3,1:00,422
2932918080,U,OB,1,2,1091,505665,46,43:00.0,3,1:00,422
2932918136,U,OB,1,1,224,504612,51,30:00.0,3,23:00,422
2932918136,U,OB,1,1,224,504612,61,54:00.0,4,1:00,422
2932918163,U,OB,1,4,767,560385,38,44:00.0,4,22:00,422
2932918181,U,OB,1,1,228,560385,38,51:00.0,4,22:00,422
2932918190,U,OB,1,1,376,560385,38,56:00.0,4,22:00,422
293291820X,U,OB,1,1,229,560385,38,51:00.0,4,22:00,422
2932918219,U,OB,1,1,238,560385,38,54:00.0,4,22:00,422
2932918228,U,OB,1,1,84,560385,38,47:00.0,4,22:00,422
2932918228,U,OB,1,1,84,560385,4,43:00.0,5,6:00,422
2932918237,U,OB,1,1,366,560385,38,50:00.0,4,22:00,422
2932918246,U,OB,1,1,84,560385,38,49:00.0,4,22:00,422
2932918255,U,OB,1,1,179,560751,58,40:00.0,6,2:00,422
2932918264,U,OB,1,1,239,560751,58,50:00.0,6,2:00,422
2932918273,U,OB,1,1,220,560751,58,44:00.0,6,2:00,422
2932918282,U,OB,1,1,88,560751,58,41:00.0,6,2:00,422
2932918291,U,OB,1,1,221,560751,58,45:00.0,6,2:00,422
2932918300,U,OB,1,10,2992,560751,58,08:00.0,6,2:00,422
293291831X,U,OB,1,1,430,515009,32,50:00.0,7,2:00,422
2932918329,U,OB,1,1,208,515009,32,46:00.0,7,2:00,422
2932918338,U,OB,1,1,84,515009,32,51:00.0,7,2:00,422
2932918347,U,OB,1,1,286,515009,32,38:00.0,7,2:00,422
2932918356,U,OB,1,1,227,515009,32,36:00.0,7,2:00,422
2932918365,U,OB,1,1,213,515009,32,44:00.0,7,2:00,422
2932918374,U,OB,1,1,536,515009,32,42:00.0,7,2:00,422
2932918383,U,OB,1,1,263,903344,50,55:00.0,3,1:00,422
2932918392,U,OB,1,1,300,903344,50,53:00.0,3,1:00,422
2932918401,U,OB,1,7,3470,903344,50,50:00.0,3,1:00,422
2932918410,U,OB,1,1,180,903344,50,53:00.0,3,1:00,422
293291842X,U,OB,1,3,551,903344,50,39:00.0,3,1:00,422
2932918439,U,OB,1,3,856,903344,50,34:00.0,3,1:00,422
2932918484,U,OB,1,1,75,903811,55,26:00.0,5,3:00,422
2932918493,U,OB,1,2,308,903811,55,21:00.0,5,3:00,422
2932918502,U,OB,1,1,208,903811,55,25:00.0,5,3:00,422
2932918520,U,OB,1,1,375,120863,72,06:00.0,6,5:00,422
293291853X,U,OB,1,1,218,120863,72,20:00.0,6,5:00,422
2932918549,U,OB,1,1,221,120863,72,33:00.0,6,3:00,422
2932918558,U,OB,1,1,225,120863,72,16:00.0,6,5:00,422
2932918567,U,OB,1,1,217,120863,72,14:00.0,6,5:00,422
2932918585,U,OB,1,1,650,559350,49,39:00.0,7,4:00,422
2932918594,U,OB,1,1,77,559350,49,31:00.0,7,4:00,422
2932918603,U,OB,1,1,170,559350,49,41:00.0,7,4:00,422
2932918612,U,OB,1,1,250,559350,49,48:00.0,7,4:00,422
2932918630,U,OB,1,1,217,559350,49,56:00.0,7,4:00,422
2932918630,U,OB,1,1,217,559350,34,21:00.0,7,7:00,422
293291864X,U,OB,1,1,250,559350,49,51:00.0,7,4:00,422
2932918659,U,OB,1,1,225,10422,51,16:00.0,3,2:00,422
2932918668,U,OB,1,1,230,10422,51,07:00.0,3,3:00,422
2932918677,U,OB,1,2,152,10422,51,14:00.0,3,2:00,422
2932918686,U,OB,1,1,225,10422,51,00:00.0,3,3:00,422
2932918695,U,OB,1,1,430,10422,51,17:00.0,3,2:00,422
2932918704,U,OB,1,1,225,10422,51,05:00.0,3,3:00,422
2932918713,U,OB,1,1,317,10422,51,03:00.0,3,3:00,422
2932918722,U,OB,1,4,2064,10422,51,10:00.0,3,2:00,422
2932918740,U,OB,1,1,86,310753,53,58:00.0,4,0:00,422
2932918778,U,OB,1,1,183,507989,74,10:00.0,5,0:00,422
2932918787,U,OB,1,1,186,507989,74,08:00.0,5,0:00,422
2932918796,U,OB,1,1,221,507989,74,13:00.0,5,0:00,422
2932918805,U,OB,1,1,253,507989,74,11:00.0,5,0:00,422
2932918850,U,OB,1,1,355,843351,6,26:00.0,7,6:00,422
293291886X,U,OB,1,1,208,843351,6,55:00.0,7,6:00,422
2932918879,U,OB,1,2,385,843351,6,50:00.0,7,4:00,422
2932918888,U,OB,1,1,202,843351,16,53:00.0,7,9:00,422
2932918888,U,OB,1,1,202,843351,6,51:00.0,7,5:00,422
2932918897,U,OB,1,1,88,843351,6,13:00.0,7,4:00,422
2932918906,U,OB,1,1,315,843351,6,05:00.0,7,5:00,422
2932918915,U,OB,1,1,202,843351,6,01:00.0,7,7:00,422
2932918924,U,OB,1,1,208,843351,6,09:00.0,7,7:00,422
2932918933,U,OB,1,1,265,843351,6,29:00.0,7,5:00,422
2932918951,U,OB,1,1,212,843351,6,10:00.0,7,5:00,422
2932918960,U,OB,1,2,234,843351,6,45:00.0,7,4:00,422
293291897X,U,OB,1,1,236,843351,6,33:00.0,7,5:00,422
2932918989,U,OB,1,1,204,843351,6,12:00.0,7,4:00,422
2932918989,U,OB,1,1,204,843351,68,22:00.0,7,5:00,422
2932918998,U,OB,1,1,279,843351,6,23:00.0,7,4:00,422
2932919007,U,OB,1,1,210,843351,6,50:00.0,7,6:00,422
2932919016,U,OB,1,1,333,843351,6,27:00.0,7,4:00,422
2932919025,U,OB,1,1,216,843351,6,32:00.0,7,6:00,422
2932919034,U,OB,1,1,216,843351,6,41:00.0,7,6:00,422
2932919043,U,OB,1,1,216,843351,6,13:00.0,7,6:00,422
2932919052,U,OB,1,2,695,843351,6,14:00.0,7,5:00,422
293291908X,U,OB,1,1,223,430632,63,55:00.0,2,22:00,422
2932919099,U,CTY,1,2,491,430632,C11 ,56:00.0,3,3:00,422
2932919117,U,OB,1,1,82,430909,67,22:00.0,4,2:00,422
2932919126,U,OB,1,1,88,430909,67,16:00.0,4,1:00,422
2932919135,U,OB,1,1,432,430909,44,25:00.0,4,11:00,422
2932919135,U,OB,1,1,432,430909,67,31:00.0,4,2:00,422
2932919144,U,OB,1,1,210,430909,67,21:00.0,4,2:00,422
2932919153,U,OB,1,1,439,430909,67,29:00.0,4,2:00,422
2932919162,U,OB,1,9,4985,430909,67,47:00.0,4,2:00,422
2932919162,U,OB,1,9,4985,430909,66,36:00.0,4,3:00,422
2932919171,U,OB,1,1,243,430909,67,33:00.0,4,2:00,422
2932919180,U,OB,1,1,65,559443,53,47:00.0,5,2:00,422
293291919X,U,OB,1,1,288,559443,53,04:00.0,5,3:00,422
2932919209,U,OB,1,1,211,559443,53,05:00.0,5,3:00,422
2932919218,U,OB,1,1,222,559443,53,05:00.0,5,3:00,422
2932919227,U,OB,1,1,64,559443,53,00:00.0,5,3:00,422
2932919236,U,OB,1,1,72,559443,53,03:00.0,5,3:00,422
2932919245,U,OB,1,1,222,559443,53,08:00.0,5,3:00,422
2932919254,U,OB,1,1,225,559443,53,06:00.0,5,3:00,422
2932919263,U,OB,1,1,225,559443,53,09:00.0,5,3:00,422
2932919281,U,OB,1,1,310,841940,43,04:00.0,6,3:00,422
2932919290,U,OB,1,1,231,841940,43,02:00.0,6,3:00,422
293291930X,U,OB,1,1,70,841940,43,02:00.0,6,3:00,422
2932919319,U,OB,1,1,209,841940,43,05:00.0,6,3:00,422
2932919328,U,OB,1,1,88,504612,51,07:00.0,7,1:00,422
2932919337,U,OB,1,1,338,504612,51,19:00.0,7,1:00,422
2932919346,U,OB,1,8,4832,504612,61,31:00.0,7,1:00,422
2932919346,U,OB,1,8,4832,504612,51,30:00.0,7,1:00,422
2932919355,U,OB,1,1,219,504612,51,24:00.0,7,1:00,422
2932919364,U,OB,1,1,224,504612,51,13:00.0,7,1:00,422
2932919373,U,OB,1,1,70,504612,51,02:00.0,7,1:00,422
2933933811,U,CTY,1,3,745,560751,176,01:00.0,4,20:00,422
2933933820,U,OB,1,2,667,821149,32,22:00.0,3,21:00,422
293393383X,U,OB,1,7,2923,821149,87,42:00.0,3,21:00,422
2933934078,U,OB,1,5,2460,821149,67,01:00.0,3,20:00,422
2935251236,U,OB,1,4,2360,830967,48,43:00.0,4,21:00,422
2935364563,U,IB,1,1,460,559350,108,33:00.0,2,21:00,422
2935364563,U,OB,1,1,460,559350,51,34:00.0,2,18:00,422
2935364572,U,OB,1,1,260,530751,51,03:00.0,4,23:00,422
2935364581,U,OB,1,1,315,530751,51,36:00.0,4,22:00,422
2935364590,U,OB,1,1,260,530751,51,41:00.0,4,22:00,422
2935364628,U,OB,1,3,1175,841925,86,21:00.0,7,2:00,422
2935364637,U,OB,1,2,1230,841925,86,31:00.0,7,2:00,422
2935364655,U,OB,1,2,915,560856,72,57:00.0,3,20:00,422
2935364664,U,OB,1,1,392,560856,72,42:00.0,3,20:00,422
2935364673,U,IB,1,3,1240,560856,116,34:00.0,7,0:00,422
2935364682,U,OB,1,2,989,842091,4,40:00.0,4,21:00,422
2935711916,U,OB,1,2,545,559350,51,55:00.0,2,18:00,422
2935711925,U,OB,1,1,373,530751,51,47:00.0,4,22:00,422
2935711943,U,OB,1,5,1970,97664,72,08:00.0,5,1:00,422
2935711952,U,OB,1,14,8460,57019,38,52:00.0,6,20:00,422
2936518189,U,OB,1,1,506,821149,58,00:00.0,5,21:00,422
2936619984,U,OB,1,2,3280,842029,89,10:00.0,4,21:00,422
2937140091,U,OB,1,2,1365,531169,26,01:00.0,5,22:00,422
2937140100,U,IB,1,4,1830,560856,116,22:00.0,7,1:00,422
293714011X,U,OB,1,2,1250,558577,32,12:00.0,6,1:00,422
2937504750,U,IB,1,5,1882,410224,112,39:00.0,5,1:00,422
2937525789,U,OB,1,8,5856,530751,38,32:00.0,2,19:00,422
2937894572,U,IB,1,3,4145,560856,116,45:00.0,7,0:00,422
2938445288,U,IB,1,14,13235,530751,105,24:00.0,2,20:00,422
2938580615,U,OB,1,1,532,841940,48,41:00.0,3,21:00,422
293870365X,U,IB,1,1,445,211467,115,07:00.0,4,3:00,422
2938703669,U,OB,1,1,90,211467,26,55:00.0,3,21:00,422
2938703669,U,CTY,1,1,90,211467,204,59:00.0,6,14:00,422
2938703678,U,IB,1,1,1150,112161,111,09:00.0,6,21:00,422
2938703687,U,IB,1,1,200,112161,111,51:00.0,6,20:00,422
2938703696,U,IB,1,1,250,112161,111,40:00.0,6,20:00,422
307075967X,U,CTY,1,1,419,137791,169,15:00.0,2,9:00,878
3070767140,U,IB,1,1,390,136322,164,57:00.0,4,6:00,878
3088291324,U,IB,1,6,2310,T511502579,113,13:00.0,1,0:00,220
3088291416,U,CTY,1,3,764,132367,168,06:00.0,2,13:00,220
3088295486,U,IB,1,1,1377,126666,117,36:00.0,1,7:00,220
3088297850,U,CTY,1,1,70,134898,235,17:00.0,3,0:00,220
3088297850,U,CTY,1,1,70,134898,238,55:00.0,5,20:00,220
3088297850,U,CTY,1,1,70,134898,189,58:00.0,1,2:00,220
3088306073,U,CTY,1,4,710,130450,196,22:00.0,5,20:00,220
3088306082,U,IB,1,1,119,137943,164,41:00.0,3,22:00,220
3088306091,U,CTY,1,1,167,137526,175,57:00.0,7,21:00,220
3088314067,U,CTY,1,4,1311,133744,194,00:00.0,4,22:00,220
3088324306,U,CTY,1,1,1246,134898,189,27:00.0,1,2:00,220
308833526X,U,IB,1,1,640,125583,149,06:00.0,3,0:00,220
3088340128,U,CTY,1,1,345,137936,187,54:00.0,6,19:00,220
3088348533,U,CTY,1,1,767,140147,175,47:00.0,6,22:00,220
3123257165,U,CTY,1,1,1080,121144,184,20:00.0,6,14:00,312
3123257165,U,CTY,1,1,1080,121144,184,20:00.0,6,14:00,312
3130125483,U,CTY,1,14,4425,121434,174,41:00.0,5,18:00,313
3171419258,U,OB,1,1,125,430951,53,45:00.0,5,11:00,409
3183203357,U,OB,1,60,1130,530683,66,23:00.0,1,13:00,433
3183203687,U,OB,1,7,5270,127193,84,58:00.0,7,12:00,433
3183204163,U,OB,1,2,232,126133,72,57:00.0,1,10:00,432
3183204558,U,OB,1,1,171,530691,53,44:00.0,5,16:00,432
3183204567,U,OB,1,5,5168,830890,69,15:00.0,5,19:00,422
318322532X,U,IB,1,1,3271,128503,127,55:00.0,4,20:00,318
318367346X,U,CTY,1,1,250,PASC533243,173,40:00.0,6,9:00,309
3190849732,U,IB,1,4,12280,128530,129,34:00.0,4,7:00,201
3190965508,U,CTY,1,2,840,131999,194,55:00.0,1,9:00,201
3190965508,U,OB,1,2,840,131999,92,56:00.0,1,9:00,201
3191106041,U,CTY,1,1,3691,124114,195,32:00.0,7,10:00,201
3191198973,U,CTY,1,1,329,124114,195,27:00.0,7,11:00,201
3191199496,U,CTY,1,14,3338,118614,175,02:00.0,7,7:00,201
3191216225,U,CTY,1,1,645,126202,187,07:00.0,5,1:00,201
3191225694,U,CTY,1,1,578,124114,195,54:00.0,7,9:00,201
3223392263,U,IB,1,2,842,430773,116,58:00.0,7,6:00,322
3223392263,U,CTY,1,2,842,430773,_UNK,06:00.0,7,15:00,322
3223392263,U,OB,1,2,842,430773,92,59:00.0,7,6:00,322
3224351481,U,IB,1,1,260,430631,143,50:00.0,7,8:00,322
324814980X,U,CTY,1,1,299,131332,172,10:00.0,4,21:00,324
3248149819,U,IB,1,1,226,135378,158,34:00.0,5,3:00,324
3248149819,U,CTY,1,1,226,135378,237,27:00.0,6,18:00,324
3248473172,U,IB,1,4,3078,134824,149,55:00.0,3,12:00,324
3357907323,U,IB,1,1,595,202443,104,25:00.0,3,9:00,303
3400941225,U,OB,1,2,530,261125,80,56:00.0,2,1:00,304
3400941225,U,IB,1,2,530,261125,113,58:00.0,2,0:00,304
3409671357,U,IB,1,2,1815,PASC634013,143,17:00.0,5,15:00,304
340967143X,U,IB,1,8,7275,133102,127,17:00.0,7,13:00,304
3476057114,U,OB,1,1,360,126454,17,47:00.0,4,13:00,447
3476057123,U,OB,1,1,710,126502,48,27:00.0,3,2:00,447
347669901X,U,OB,1,1,177,310316,78,36:00.0,6,16:00,447
3476699029,U,OB,1,1,95,211421,72,12:00.0,5,13:00,447
3476699038,U,OB,1,1,380,R44790060,50,11:00.0,6,13:00,447
3477896058,U,OB,1,1,100,559729,38,50:00.0,5,12:00,447
3477896058,U,CTY,1,1,100,559729,193,38:00.0,5,13:00,447
3477964413,U,OB,1,1,291,558194,67,00:00.0,3,3:00,447
3487362823,U,IB,1,1,956,560010,101,42:00.0,4,6:00,348
3487366682,U,IB,1,1,273,126281,104,18:00.0,6,6:00,348
3487390388,U,IB,1,3,2240,133095,105,45:00.0,5,20:00,348
3487390397,U,OB,1,1,850,903894,66,44:00.0,4,9:00,348
3487390424,U,OB,1,1,275,121910,78,46:00.0,5,6:00,348
3487390442,U,OB,1,2,1272,130617,76,59:00.0,7,14:00,348
348739047X,U,IB,1,1,800,530588,105,47:00.0,6,9:00,348
3621408633,U,CTY,1,1,485,123794,174,57:00.0,7,16:00,315
362158808X,U,CTY,1,2,1935,136776,173,50:00.0,1,13:00,315
3621588236,U,IB,1,8,11570,139566,133,54:00.0,7,9:00,315
3621588290,U,CTY,1,4,3850,131541,194,47:00.0,4,3:00,315
3621588328,U,CTY,1,2,2640,261307,196,27:00.0,6,6:00,315
362158852X,U,CTY,1,1,905,290301,194,10:00.0,2,10:00,315
3621588777,U,IB,1,2,1125,132678,141,54:00.0,6,13:00,315
3621588804,U,CTY,1,2,1425,121144,194,55:00.0,6,12:00,315
3621589042,U,IB,1,2,2998,133387,149,02:00.0,5,20:00,315
3621589354,U,CTY,1,6,5105,123794,174,53:00.0,7,17:00,315
362158940X,U,CTY,1,1,1410,127920,195,49:00.0,3,2:00,315
3621589556,U,CTY,1,4,3970,127296,175,49:00.0,4,13:00,315
3621589666,U,IB,1,4,4095,PASC634013,143,32:00.0,5,12:00,315
3621852795,U,CTY,1,1,1135,127920,195,08:00.0,3,3:00,315
3621852813,U,CTY,1,1,480,127920,195,41:00.0,3,0:00,315
3623003743,U,CTY,1,2,100,125240,174,52:00.0,7,1:00,315
3629367683,U,IB,1,2,2748,T402218929,145,41:00.0,5,12:00,315
3710262507,U,IB,1,1,655,125732,125,37:00.0,6,20:00,371
381094084X,U,IB,1,1,571,280728,131,33:00.0,1,7:00,381
3810940859,U,IB,1,1,119,125445,116,20:00.0,1,6:00,381
3810940904,U,IB,1,1,175,125445,116,34:00.0,1,6:00,381
3810940922,U,IB,1,1,758,133362,145,42:00.0,1,14:00,381
3810940931,U,IB,1,1,793,280728,131,39:00.0,1,7:00,381
3812104668,U,CTY,1,2,358,290396,168,47:00.0,5,22:00,381
3812161125,U,IB,1,2,694,123757,163,49:00.0,5,1:00,381
3812161134,U,CTY,1,1,371,130450,174,02:00.0,4,21:00,381
3812161143,U,CTY,1,2,742,130450,174,09:00.0,4,21:00,381
3812161152,U,CTY,1,1,371,130450,174,04:00.0,4,21:00,381
381216118X,U,CTY,1,1,185,128363,172,57:00.0,7,17:00,381
3812161208,U,IB,1,2,742,126241,158,00:00.0,5,9:00,381
3812161217,U,IB,1,1,371,126241,158,35:00.0,5,8:00,381
3812161226,U,IB,1,2,742,126241,158,08:00.0,5,9:00,381
3812161235,U,IB,1,1,371,126241,158,47:00.0,5,8:00,381
3812166551,U,IB,1,1,371,132292,145,33:00.0,6,0:00,381
3812166598,U,IB,1,1,371,131559,143,46:00.0,5,7:00,381
3812253819,U,IB,1,1,297,135658,127,26:00.0,5,7:00,381
3812253882,U,IB,1,1,380,132665,135,15:00.0,1,10:00,381
3960724489,U,CTY,1,1,470,126511,188,32:00.0,4,17:00,396
4055947022,U,OB,1,1,97,123460,58,04:00.0,6,9:00,402
4055957216,U,OB,1,2,549,123460,58,23:00.0,6,9:00,402
411866130X,U,OB,1,1,278,123901,69,55:00.0,5,15:00,411
4118661456,U,OB,1,5,3525,135381,86,42:00.0,5,22:00,411
4118661593,U,OB,1,3,2748,133480,67,19:00.0,4,4:00,411
4118661950,U,OB,1,1,460,136988,73,08:00.0,5,14:00,411
4151801416,U,OB,1,9,4317,45587,51,23:00.0,4,9:00,415
4170265614,U,CTY,1,1,642,131978,173,04:00.0,5,10:00,272
4170865581,U,OB,1,1,59,136097,46,34:00.0,3,15:00,433
417086560X,U,OB,1,1,347,125035,31,41:00.0,3,13:00,433
4172161208,U,CTY,1,1,865,131289,194,40:00.0,6,13:00,318
4172497110,U,OB,1,6,5260,137292,18,15:00.0,4,7:00,421
417249712X,U,OB,1,3,2940,136776,26,20:00.0,5,4:00,421
4173054509,U,OB,1,1,415,HAEI23421,75,45:00.0,4,13:00,431
4173054792,U,CTY,1,1,681,290977,194,43:00.0,6,0:00,431
4173054810,U,CTY,1,1,216,134387,N5  ,51:00.0,4,1:00,431
4173054810,U,IB,1,1,216,134387,111,07:00.0,3,22:00,431
4173675064,U,OB,1,1,268,134742,14,37:00.0,5,12:00,423
4173675091,U,OB,1,1,307,134742,14,49:00.0,5,10:00,423
417367511X,U,OB,1,1,439,134742,14,01:00.0,5,10:00,423
4173675147,U,OB,1,2,983,134483,66,26:00.0,6,10:00,423
4173675293,U,OB,1,1,206,133721,51,54:00.0,7,6:00,423
4173675311,U,OB,1,1,213,133721,51,53:00.0,7,6:00,423
4173675715,U,OB,1,1,179,290210,38,54:00.0,7,14:00,423
4173807156,U,OB,1,3,1045,280969,55,02:00.0,3,13:00,245
4173807174,U,IB,1,1,402,126018,112,33:00.0,7,4:00,245
4173807183,U,OB,1,1,295,136002,86,23:00.0,4,3:00,245
4173820906,U,OB,1,1,347,128901,89,47:00.0,4,12:00,245
4173820915,U,OB,1,1,559,135500,57,26:00.0,5,6:00,245
4173820915,U,OB,1,1,559,135500,90,25:00.0,5,6:00,245
4175656375,U,OB,1,3,1145,280868,89,51:00.0,5,22:00,411
4175719551,U,IB,1,3,1325,127555,127,32:00.0,7,1:00,246
4177667330,U,IB,1,9,10430,531285,164,52:00.0,7,10:00,218
4177667532,U,IB,1,11,14914,430899,105,49:00.0,1,8:00,218
4177667981,U,OB,1,3,2664,290149,88,08:00.0,3,22:00,218
4177668349,U,IB,1,1,397,127746,127,31:00.0,5,4:00,218
417766844X,U,CTY,1,4,4449,T415634691,192,41:00.0,7,6:00,218
4177785526,U,OB,1,4,3160,133016,39,00:00.0,3,3:00,714
4177856669,U,OB,1,1,50,290210,38,04:00.0,7,13:00,423
4177856669,U,OB,1,1,50,290210,25,19:00.0,1,4:00,423
4179283111,U,IB,1,1,100,124038,141,06:00.0,4,17:00,783
4179518053,U,OB,1,1,444,135152,38,41:00.0,5,4:00,730
4217866971,U,OB,1,1,1610,126495,53,17:00.0,3,8:00,421
4238483366,U,OB,1,7,4625,559206,40,45:00.0,5,22:00,423
4270909572,U,CTY,1,14,263,138212,231,32:00.0,4,21:00,152
4270909572,U,CTY,1,14,263,138212,232,54:00.0,6,1:00,152
4270998351,U,CTY,1,1,1056,249122,172,11:00.0,4,19:00,152
4271282858,U,OB,1,1,180,135206,50,47:00.0,4,7:00,409
4273819402,U,CTY,1,1,3988,135843,194,53:00.0,3,19:00,875
4274004110,U,OB,1,1,675,126145,49,19:00.0,3,16:00,411
4274004166,U,OB,1,1,435,278731,49,39:00.0,3,9:00,411
4274373472,U,OB,1,1,1075,560490,72,46:00.0,7,7:00,402
4275657879,U,IB,1,2,3207,133387,149,05:00.0,5,21:00,315
4275849425,U,OB,1,1,200,135900,38,17:00.0,7,1:00,324
4275849499,U,CTY,1,1,80,135534,188,19:00.0,6,3:00,324
4276343839,U,CTY,1,5,735,139837,175,15:00.0,3,21:00,653
4276350163,U,IB,1,1,205,139578,149,51:00.0,1,12:00,653
4276408151,U,OB,1,2,2452,290775,51,47:00.0,3,8:00,409
4276408160,U,OB,1,1,474,290775,51,55:00.0,3,6:00,409
4276408189,U,OB,1,1,652,430637,51,50:00.0,4,4:00,409
4276408198,U,OB,1,4,4060,128828,73,37:00.0,5,4:00,409
4276408216,U,OB,1,1,1211,138025,58,16:00.0,7,21:00,409
4276408225,U,OB,1,1,447,138025,58,14:00.0,7,21:00,409
4276408234,U,OB,1,1,57,138025,58,06:00.0,7,21:00,409
4276408252,U,OB,1,1,454,134168,51,46:00.0,4,12:00,409
4276408308,U,OB,1,1,61,125602,67,54:00.0,3,21:00,409
4276408317,U,OB,1,1,226,558981,51,44:00.0,4,2:00,409
4276408326,U,OB,1,7,5010,290980,38,51:00.0,4,19:00,409
4276408344,U,OB,1,1,151,249290,51,18:00.0,3,6:00,409
4276408353,U,OB,1,1,231,249290,51,56:00.0,3,5:00,409
4276408353,U,CTY,1,1,231,249290,N   ,52:00.0,3,11:00,409
4276408362,U,OB,1,9,4800,249290,51,26:00.0,3,6:00,409
4276408371,U,OB,1,1,393,249290,51,00:00.0,3,6:00,409
4276408380,U,OB,1,1,91,249290,51,16:00.0,3,6:00,409
427640839X,U,OB,1,1,1209,249290,51,09:00.0,3,3:00,409
4276408409,U,OB,1,1,1236,290600,55,41:00.0,5,12:00,409
4276408427,U,OB,1,1,169,126046,52,06:00.0,5,10:00,409
4276408436,U,OB,1,1,1878,132813,31,25:00.0,6,6:00,409
4276408445,U,OB,1,1,1073,132813,31,59:00.0,6,5:00,409
4276408463,U,OB,1,1,266,127381,38,07:00.0,7,10:00,409
4277263282,U,IB,1,12,3203,131085,141,47:00.0,3,22:00,857
4278887973,U,IB,1,1,718,128503,127,47:00.0,4,21:00,318
4278888083,U,IB,1,1,343,135956,163,51:00.0,5,15:00,318
4278888101,U,IB,1,1,95,135956,163,35:00.0,5,15:00,318
4278888148,U,CTY,1,1,87,124081,169,42:00.0,7,6:00,318
4278888193,U,CTY,1,1,167,140080,172,16:00.0,7,18:00,318
4278888285,U,CTY,1,1,934,135720,169,34:00.0,4,15:00,318
427888834X,U,CTY,1,2,421,140265,188,22:00.0,6,1:00,318
4279085955,U,IB,1,7,15561,138120,152,40:00.0,4,13:00,251
4280171629,U,IB,1,8,10520,140230,149,19:00.0,2,23:00,218
4280472313,U,OB,1,3,2992,558665,88,20:00.0,4,21:00,218
4281535739,U,CTY,1,1,457,140386,168,23:00.0,6,2:00,381
4281535775,U,IB,1,1,387,132650,150,15:00.0,4,21:00,381
4281535784,U,IB,1,3,1490,137014,129,18:00.0,5,3:00,381
428153583X,U,CTY,1,3,1370,130450,174,42:00.0,4,21:00,381
4281535849,U,CTY,1,1,457,130450,174,28:00.0,4,21:00,381
4281756839,U,CTY,1,1,209,134759,176,01:00.0,6,22:00,621
4281756848,U,CTY,1,1,209,137622,173,46:00.0,3,18:00,621
4281756857,U,CTY,1,1,410,137622,173,53:00.0,3,18:00,621
4281756893,U,CTY,1,1,250,137622,173,41:00.0,3,18:00,621
4282187736,U,CTY,1,4,1895,136325,169,14:00.0,1,10:00,682
4282539112,U,CTY,1,2,695,T415634691,192,27:00.0,7,12:00,218
4283005797,U,OB,1,2,1720,128854,86,21:00.0,3,15:00,318
4283005842,U,CTY,1,1,434,PASC634516,173,23:00.0,2,13:00,318
4283006035,U,IB,1,3,1040,129798,149,32:00.0,1,4:00,318
4283006071,U,CTY,1,1,274,123975,169,29:00.0,5,15:00,318
4283006071,U,CTY,1,1,274,123975,209,41:00.0,6,11:00,318
4283006118,U,IB,1,1,389,129798,149,35:00.0,1,4:00,318
4283006567,U,IB,1,17,2142,129798,149,23:00.0,1,5:00,318
4283006796,U,CTY,1,1,375,124058,174,39:00.0,6,22:00,318
4283006814,U,IB,1,1,605,135956,163,04:00.0,5,14:00,318
4283006924,U,IB,1,4,1890,139929,143,09:00.0,5,2:00,318
4283006951,U,IB,1,1,610,135956,163,26:00.0,5,14:00,318
4283007382,U,CTY,1,2,1000,119363,168,51:00.0,7,9:00,318
4283007438,U,CTY,1,2,855,119363,168,03:00.0,7,8:00,318
4283007483,U,CTY,1,2,806,140291,173,14:00.0,7,15:00,318
4283007501,U,CTY,1,2,2609,124081,169,00:00.0,7,7:00,318
4283007611,U,CTY,1,1,720,140291,173,16:00.0,7,14:00,318
4283007620,U,CTY,1,2,1645,124081,169,51:00.0,7,6:00,318
4283007649,U,CTY,1,1,332,134568,168,00:00.0,3,19:00,318
4283007658,U,CTY,1,1,280,134568,168,43:00.0,3,18:00,318
4283351985,U,IB,1,1,640,CVEN43549,133,07:00.0,4,18:00,126
428357413X,U,CTY,1,6,11754,133746,196,35:00.0,5,12:00,556
4283699466,U,OB,1,3,1625,134130,95,38:00.0,6,11:00,556
4284035552,U,IB,1,1,151,131733,141,22:00.0,6,15:00,726
4284035653,U,OB,1,1,186,130738,48,02:00.0,2,16:00,726
4284061238,U,OB,1,1,365,127322,66,46:00.0,6,14:00,726
4284129465,U,IB,1,1,815,125262,150,45:00.0,5,16:00,757
4285526840,U,IB,1,1,887,290001,103,15:00.0,3,1:00,187
4285604217,U,IB,1,1,2080,127555,112,27:00.0,6,17:00,187
4285604226,U,IB,1,1,380,131389,103,27:00.0,4,4:00,187
4285604235,U,IB,1,2,4302,131800,105,53:00.0,2,20:00,187
4285609670,U,OB,1,2,4760,136022,96,34:00.0,4,3:00,187
428560968X,U,IB,1,1,2390,129905,104,45:00.0,2,15:00,187
4285609717,U,OB,1,1,920,132272,78,47:00.0,5,7:00,187
4288346755,U,OB,1,1,195,138444,87,50:00.0,1,20:00,180
428943361X,U,CTY,1,1,65,131820,172,37:00.0,1,14:00,626
428943482X,U,IB,1,1,119,290752,111,42:00.0,1,4:00,626
4289435003,U,IB,1,1,260,290752,111,55:00.0,1,4:00,626
4289435178,U,CTY,1,1,77,279237,197,15:00.0,4,3:00,626
4289435178,U,CTY,1,1,77,279237,191,39:00.0,3,15:00,626
4289435178,U,CTY,1,1,77,279237,191,39:00.0,3,15:00,626
4289435443,U,CTY,1,1,61,127431,172,34:00.0,4,4:00,626
4289435645,U,IB,1,1,56,126998,143,13:00.0,5,20:00,626
4289435939,U,IB,1,1,120,126091,141,57:00.0,1,8:00,626
4289436049,U,IB,1,1,345,134270,145,14:00.0,5,13:00,626
4289436067,U,IB,1,1,345,134270,145,19:00.0,5,13:00,626
4289436195,U,CTY,1,2,149,127534,174,30:00.0,3,17:00,626
4289436195,U,CTY,1,2,149,127534,237,52:00.0,3,20:00,626
4289436790,U,CTY,1,1,125,138999,187,51:00.0,5,13:00,626
4289436947,U,CTY,1,2,281,138882,187,51:00.0,7,6:00,626
4289437322,U,CTY,1,1,188,261389,196,54:00.0,3,18:00,626
4316611615,U,IB,1,1,824,130658,152,44:00.0,3,11:00,431
431681055X,U,CTY,1,9,7068,135512,216,33:00.0,3,12:00,431
431681121X,U,CTY,1,3,2440,135512,216,33:00.0,3,12:00,431
431681198X,U,CTY,1,8,6116,127444,208,56:00.0,2,1:00,431
4316812300,U,CTY,1,7,4790,558695,214,41:00.0,3,12:00,431
4316813887,U,CTY,1,3,2267,121377,214,02:00.0,4,0:00,431
4316814500,U,CTY,1,1,492,121377,214,02:00.0,4,0:00,431
4316814574,U,IB,1,2,1225,136847,131,38:00.0,4,1:00,431
4316814583,U,CTY,1,3,1305,136847,GRG ,11:00.0,4,1:00,431
4316814583,U,IB,1,3,1305,136847,131,30:00.0,3,21:00,431
4316814749,U,IB,1,2,1230,560306,145,22:00.0,6,15:00,431
4316815225,U,OB,1,11,4975,HAEI27814,73,22:00.0,6,1:00,431
4316815234,U,OB,1,16,7165,HAEI27814,73,14:00.0,6,1:00,431
4316815802,U,OB,1,22,8915,132575,11,04:00.0,1,14:00,431
4316816673,U,IB,1,2,915,45495,111,30:00.0,4,18:00,431
4316816673,U,OB,1,2,915,45495,80,52:00.0,4,18:00,431
431681704X,U,IB,1,3,1322,202422,149,45:00.0,7,18:00,431
431743942X,U,CTY,1,1,210,137867,197,34:00.0,4,19:00,431
4317439475,U,CTY,1,1,153,133126,175,32:00.0,7,17:00,431
4317439493,U,CTY,1,1,128,133126,175,44:00.0,7,17:00,431
4319721407,U,IB,1,1,216,290256,163,44:00.0,2,12:00,875
4321080824,U,OB,1,2,670,135155,53,37:00.0,5,7:00,432
4321378163,U,OB,1,1,594,135155,53,03:00.0,5,7:00,432
4321427609,U,OB,1,1,268,134183,67,04:00.0,1,8:00,432
4321863346,U,OB,1,1,369,430228,63,21:00.0,4,9:00,432
4321863355,U,OB,1,1,205,430228,63,20:00.0,4,9:00,432
4321863364,U,OB,1,1,333,431001,69,17:00.0,7,20:00,432
4322159053,U,OB,1,1,306,137672,32,03:00.0,3,7:00,432
4322169925,U,OB,1,2,1355,430228,63,48:00.0,4,18:00,432
4322197580,U,IB,1,2,750,138475,103,21:00.0,6,0:00,432
4322244862,U,OB,1,3,1080,132412,43,47:00.0,6,16:00,432
4329531051,U,OB,1,1,255,131685,55,31:00.0,3,4:00,432
432953107X,U,OB,1,1,200,530691,53,07:00.0,5,17:00,432
4329531089,U,OB,1,1,300,127570,48,22:00.0,7,2:00,432
4329624176,U,OB,1,1,241,558556,76,12:00.0,6,8:00,432
4329917867,U,OB,1,1,210,135155,53,17:00.0,5,7:00,432
4334496095,U,IB,1,1,175,137630,101,17:00.0,1,18:00,433
4335279890,U,OB,1,3,1470,137031,46,18:00.0,6,7:00,433
4335279928,U,OB,1,3,1322,135485,89,00:00.0,1,11:00,433
4335279955,U,OB,1,1,513,134468,76,12:00.0,4,10:00,433
4335279982,U,OB,1,1,289,135485,89,39:00.0,1,10:00,433
4335280000,U,OB,1,1,404,137031,46,45:00.0,6,3:00,433
433528001X,U,OB,1,1,490,135485,89,18:00.0,1,11:00,433
4335280074,U,OB,1,2,985,279237,43,32:00.0,1,16:00,433
433528012X,U,OB,1,1,415,134487,75,28:00.0,7,21:00,433
4335280166,U,OB,1,2,1436,134673,22,40:00.0,7,15:00,433
4335280202,U,OB,1,1,214,277828,40,39:00.0,5,9:00,433
433528023X,U,OB,1,1,742,134610,74,02:00.0,5,11:00,433
4335824345,U,OB,1,1,736,123402,43,15:00.0,6,5:00,433
4336014874,U,OB,1,2,1685,131137,53,15:00.0,1,9:00,433
433601492X,U,OB,1,1,518,125271,32,29:00.0,6,12:00,433
4336332215,U,OB,1,1,1797,126047,22,36:00.0,7,15:00,433
4336450840,U,OB,1,1,2500,131137,53,26:00.0,1,9:00,433
433647516X,U,OB,1,1,893,128515,40,32:00.0,3,5:00,433
4336800384,U,OB,1,1,234,277828,40,11:00.0,5,13:00,433
4337577240,U,OB,1,3,2035,261017,63,34:00.0,6,4:00,433
433757725X,U,OB,1,4,2085,131137,53,42:00.0,1,10:00,433
4337577269,U,OB,1,4,2505,131137,53,36:00.0,1,10:00,433
4338076788,U,OB,1,1,435,530683,66,34:00.0,1,16:00,433
4338076788,U,IB,1,1,435,530683,108,33:00.0,2,21:00,433
4338076797,U,OB,1,1,368,530683,66,25:00.0,1,16:00,433
4338076806,U,OB,1,1,182,530683,66,02:00.0,1,15:00,433
4338076815,U,OB,1,1,297,530683,66,17:00.0,1,16:00,433
4338076898,U,OB,1,1,147,45680,67,10:00.0,5,10:00,433
4338076907,U,OB,1,1,165,45680,67,35:00.0,5,10:00,433
4338076970,U,OB,1,1,281,127193,84,32:00.0,7,7:00,433
4338077017,U,OB,1,1,554,290367,76,25:00.0,3,8:00,433
4338077035,U,OB,1,1,730,290367,76,33:00.0,3,8:00,433
4338077044,U,OB,1,1,179,290367,76,29:00.0,3,8:00,433
4338077053,U,OB,1,4,1495,121678,90,04:00.0,6,7:00,433
4338077282,U,OB,1,1,117,128874,17,20:00.0,1,11:00,433
4338077365,U,OB,1,1,783,121751,43,55:00.0,3,19:00,433
4338077374,U,OB,1,1,712,121751,43,22:00.0,3,20:00,433
4338077769,U,OB,1,1,470,136268,49,56:00.0,3,4:00,433
4338077787,U,OB,1,4,2959,134678,43,36:00.0,2,12:00,433
4338077805,U,OB,1,1,286,136268,49,02:00.0,3,5:00,433
4338077888,U,OB,1,3,2285,128784,31,29:00.0,7,10:00,433
4338077906,U,OB,1,1,313,125035,31,28:00.0,3,11:00,433
4338077915,U,OB,1,1,230,136268,49,52:00.0,3,3:00,433
4338077924,U,OB,1,1,212,136268,49,25:00.0,3,4:00,433
4338308493,U,OB,1,1,170,135167,32,41:00.0,5,6:00,433
4359379031,U,IB,1,3,3848,431144,103,42:00.0,5,18:00,435
4359379069,U,IB,1,6,8595,45318,111,47:00.0,5,21:00,435
435940523X,U,IB,1,5,7792,123327,113,19:00.0,4,13:00,435
4359405249,U,OB,1,6,9480,136148,86,52:00.0,6,19:00,435
4460256356,U,IB,1,5,3794,132942,127,00:00.0,6,0:00,890
4460256356,U,CTY,1,5,3794,132942,205,34:00.0,6,1:00,890
4460855030,U,OB,1,16,28800,138823,39,00:00.0,3,18:00,597
4460855122,U,OB,1,10,884,124330,88,12:00.0,4,10:00,597
4460855169,U,CTY,1,15,1347,202584,192,05:00.0,7,20:00,597
4460856873,U,IB,1,12,345,119275,149,10:00.0,4,18:00,597
4460856882,U,IB,1,16,1545,136695,151,37:00.0,6,18:00,597
4461022120,U,IB,1,3,1525,138855,160,29:00.0,1,13:00,435
4461022120,U,IB,1,3,1525,138855,125,34:00.0,1,10:00,435
4461022120,U,IB,1,3,1525,138855,162,33:00.0,1,13:00,435
4461022149,U,IB,1,1,642,261039,125,19:00.0,4,3:00,435
4461022167,U,OB,1,6,5599,261039,4,04:00.0,4,8:00,435
4461022176,U,OB,1,3,2851,126813,90,50:00.0,4,15:00,435
4461022185,U,IB,1,1,1120,261039,125,08:00.0,4,4:00,435
4461022203,U,IB,1,1,199,261039,125,37:00.0,4,3:00,435
4461022221,U,OB,1,3,1821,126813,90,25:00.0,4,15:00,435
4461022230,U,IB,1,1,60,261039,125,28:00.0,4,3:00,435
4461022259,U,OB,1,5,3625,261039,4,01:00.0,4,8:00,435
4461022268,U,IB,1,3,1618,261039,125,24:00.0,4,4:00,435
4461022277,U,IB,1,1,454,261039,125,52:00.0,4,3:00,435
4461022313,U,OB,1,1,308,129596,51,54:00.0,5,3:00,435
4461022340,U,IB,1,5,3656,123416,135,00:00.0,3,4:00,435
4461022378,U,IB,1,1,298,123416,135,31:00.0,3,3:00,435
4461022432,U,OB,1,4,3578,261216,84,53:00.0,4,7:00,435
4461022497,U,OB,1,7,5189,124163,5,25:00.0,7,9:00,435
4461022506,U,IB,1,3,1425,903489,164,28:00.0,6,20:00,435
4461022551,U,OB,1,4,2295,138592,58,33:00.0,7,10:00,435
446102257X,U,OB,1,2,1799,140163,58,46:00.0,3,12:00,435
4461022607,U,OB,1,1,307,560243,38,54:00.0,3,12:00,435
4461022634,U,IB,1,5,3590,128065,129,39:00.0,3,4:00,435
4461022643,U,IB,1,1,595,128065,129,40:00.0,3,3:00,435
4461022708,U,IB,1,8,6180,560345,101,07:00.0,5,12:00,435
4461022717,U,OB,1,7,5317,431154,69,56:00.0,5,10:00,435
4461022744,U,IB,1,1,507,139567,116,06:00.0,1,8:00,435
4461022753,U,IB,1,2,1458,431218,114,36:00.0,7,22:00,435
4461022818,U,IB,1,1,220,431218,114,42:00.0,7,22:00,435
4461022836,U,IB,1,1,696,431218,114,14:00.0,7,19:00,435
4461022854,U,IB,1,3,1796,431218,114,53:00.0,7,22:00,435
4461022863,U,IB,1,4,3070,431218,114,24:00.0,7,22:00,435
4461022872,U,OB,1,2,1330,116780,96,00:00.0,3,15:00,435
4461022928,U,OB,1,7,6430,116780,96,55:00.0,3,14:00,435
4461022991,U,IB,1,1,428,430528,105,21:00.0,6,16:00,435
4461023000,U,IB,1,3,2329,430528,105,48:00.0,6,17:00,435
446102301X,U,IB,1,1,156,430528,105,20:00.0,6,16:00,435
4461023065,U,OB,1,4,2265,132226,76,59:00.0,7,10:00,435
4461023074,U,OB,1,3,2255,132226,76,25:00.0,7,11:00,435
4461023083,U,IB,1,1,629,136396,112,26:00.0,7,13:00,435
4461023092,U,IB,1,2,1450,136396,112,30:00.0,7,12:00,435
4461023101,U,IB,1,2,1028,136396,112,18:00.0,7,12:00,435
4461023110,U,IB,1,1,602,136396,112,24:00.0,7,13:00,435
4461023139,U,OB,1,2,984,132226,76,10:00.0,7,11:00,435
4461334502,U,IB,1,1,121,202223,113,09:00.0,1,12:00,348
4461414317,U,OB,1,1,221,134449,89,26:00.0,3,3:00,348
4461414326,U,OB,1,1,332,134449,89,18:00.0,3,3:00,348
4461414335,U,IB,1,2,855,560010,101,02:00.0,4,4:00,348
4461414344,U,OB,1,7,14145,R621153072,75,36:00.0,7,6:00,348
4461414353,U,OB,1,2,460,135846,75,52:00.0,6,7:00,348
4461414362,U,OB,1,5,13680,133858,90,53:00.0,5,2:00,348
4461414371,U,OB,1,1,809,135846,75,28:00.0,6,9:00,348
4461414380,U,OB,1,1,511,135846,75,09:00.0,6,8:00,348
446141439X,U,OB,1,2,875,903894,66,41:00.0,4,9:00,348
4461414409,U,OB,1,1,240,130744,96,26:00.0,7,10:00,348
4461414418,U,OB,1,1,508,130744,96,55:00.0,7,9:00,348
4461414436,U,OB,1,1,1364,138087,67,23:00.0,5,6:00,348
4461414445,U,CTY,1,5,14880,128513,176,55:00.0,5,19:00,348
4461414454,U,IB,1,2,560,530588,105,06:00.0,6,4:00,348
4461414463,U,IB,1,1,204,530588,105,23:00.0,6,6:00,348
4461414472,U,IB,1,1,525,530588,105,31:00.0,6,6:00,348
4461418506,U,OB,1,5,2550,560136,67,05:00.0,4,18:00,348
4461418515,U,OB,1,3,1800,131209,84,53:00.0,3,7:00,348
4461508156,U,IB,1,1,192,133854,117,34:00.0,6,6:00,216
4462316050,U,OB,1,1,225,261094,60,45:00.0,6,15:00,402
4462852475,U,IB,1,1,352,126057,149,29:00.0,5,15:00,318
4462853135,U,IB,1,2,870,128503,127,34:00.0,4,21:00,318
4462853364,U,CTY,1,1,415,132756,189,04:00.0,7,21:00,318
4463598540,U,CTY,1,1,468,131522,189,13:00.0,7,21:00,347
4465591704,U,OB,1,1,413,138295,40,47:00.0,7,8:00,653
4465844704,U,IB,1,1,241,123162,114,05:00.0,7,4:00,240
4465844722,U,IB,1,1,819,291085,125,01:00.0,7,13:00,240
4466188647,U,CTY,1,1,7,139468,172,03:00.0,7,20:00,595
4466188656,U,IB,1,3,32,134879,125,28:00.0,7,11:00,595
4466188665,U,CTY,1,2,33,130894,192,50:00.0,4,23:00,595
4467512845,U,OB,1,1,138,125194,40,32:00.0,5,4:00,685
4467512863,U,OB,1,1,138,130524,43,59:00.0,4,19:00,685
446751290X,U,OB,1,1,138,123049,51,13:00.0,4,19:00,685
4467775864,U,CTY,1,1,1776,138851,194,28:00.0,2,15:00,822
4467775873,U,CTY,1,1,1776,130882,175,42:00.0,2,7:00,822
4468370937,U,CTY,1,1,17,129848,194,18:00.0,5,21:00,653
4468705840,U,OB,1,2,4731,137413,66,11:00.0,3,13:00,432
446870585X,U,OB,1,8,18924,122359,26,48:00.0,4,18:00,432
4468748805,U,OB,1,2,1089,291044,11,17:00.0,4,6:00,432
4468754489,U,OB,1,1,500,559524,46,29:00.0,1,7:00,432
446963711X,U,CTY,1,1,357,128598,173,10:00.0,5,18:00,642
4469637129,U,CTY,1,1,320,128598,173,12:00.0,5,18:00,642
4469637183,U,IB,1,2,4156,128321,151,31:00.0,2,16:00,642
4469903951,U,OB,1,4,111,131329,75,15:00.0,4,11:00,432
4469903960,U,IB,1,1,137,290209,111,49:00.0,4,12:00,432
446990397X,U,OB,1,3,650,135260,32,25:00.0,6,0:00,432
4469903989,U,OB,1,1,218,135260,32,24:00.0,6,0:00,432
4469903998,U,OB,1,1,405,135260,32,25:00.0,6,0:00,432
4469904025,U,OB,1,1,475,135260,32,25:00.0,6,0:00,432
4469904034,U,OB,1,1,470,129522,86,16:00.0,5,8:00,432
4469904034,U,OB,1,1,470,129522,64,17:00.0,5,8:00,432
4469904052,U,OB,1,1,800,261371,76,39:00.0,7,11:00,432
4469904061,U,OB,1,1,800,132130,39,43:00.0,6,8:00,432
446990408X,U,OB,1,1,800,118561,40,17:00.0,3,3:00,432
4469904099,U,OB,1,2,1640,118561,40,08:00.0,3,4:00,432
4469904135,U,OB,1,1,11,430228,63,21:00.0,4,18:00,432
4469904144,U,OB,1,1,495,126091,48,53:00.0,5,14:00,432
4469904153,U,OB,1,4,5400,132412,43,38:00.0,6,16:00,432
446990419X,U,OB,1,1,790,128475,49,56:00.0,4,13:00,432
4469904218,U,OB,1,5,1285,127165,58,56:00.0,5,21:00,432
4469904245,U,OB,1,4,832,129664,63,53:00.0,6,20:00,432
4469904254,U,IB,1,1,875,132337,101,54:00.0,6,12:00,432
4469904263,U,OB,1,1,875,211335,30,10:00.0,2,9:00,432
4469904263,U,OB,1,1,875,211335,48,28:00.0,1,5:00,432
4469904272,U,IB,1,1,1000,132337,101,58:00.0,6,12:00,432
446990430X,U,OB,1,3,836,559524,46,03:00.0,1,10:00,432
4469904337,U,OB,1,2,335,137429,90,47:00.0,5,0:00,432
4469904355,U,OB,1,2,530,530691,53,00:00.0,5,19:00,432
4469904364,U,OB,1,3,860,128483,58,08:00.0,5,7:00,432
4469904373,U,OB,1,5,1760,128483,58,06:00.0,5,8:00,432
4469904438,U,OB,1,1,815,140310,48,58:00.0,7,6:00,432
4490050647,U,OB,1,1,4110,134483,51,50:00.0,4,4:00,409
4490051004,U,OB,1,4,3120,134700,72,30:00.0,3,4:00,409
4490055258,U,OB,1,1,478,558981,51,23:00.0,4,10:00,409
4491066542,U,OB,1,1,530,126269,17,23:00.0,5,18:00,402
4491069238,U,OB,1,1,513,128751,5,41:00.0,5,3:00,402
4491069238,U,OB,1,1,513,128751,32,05:00.0,3,15:00,402
4491437298,U,OB,1,3,535,558986,52,41:00.0,3,6:00,671
4491437370,U,IB,1,2,124,136167,117,10:00.0,2,4:00,671
4492984722,U,IB,1,2,306,135252,133,31:00.0,5,18:00,860
4493117218,U,OB,1,1,441,R621801606,40,46:00.0,5,9:00,705
4493121847,U,OB,1,1,561,127322,66,10:00.0,6,15:00,705
4493206015,U,CTY,1,2,730,135097,192,39:00.0,4,19:00,205
4493422926,U,CTY,1,1,20,139757,172,30:00.0,3,15:00,813
4493593408,U,CTY,1,1,99,121678,168,27:00.0,2,3:00,531
4493593480,U,IB,1,2,539,131385,101,53:00.0,5,5:00,531
4493939394,U,CTY,1,1,626,132111,188,06:00.0,6,1:00,153
4494238035,U,IB,1,1,336,290300,145,54:00.0,6,20:00,244
4494247861,U,IB,1,3,1450,128490,117,10:00.0,3,11:00,244
4494765824,U,OB,1,1,200,132010,39,28:00.0,2,0:00,415
4494767290,U,OB,1,1,585,139748,49,59:00.0,5,6:00,415
4495485105,U,OB,1,8,3160,123604,31,34:00.0,5,10:00,423
4495523210,U,IB,1,1,137,TTMS910575,151,33:00.0,3,21:00,847
4496270312,U,CTY,1,2,346,131157,169,15:00.0,4,18:00,326
4496270312,U,IB,1,2,346,131157,115,23:00.0,5,0:00,326
4497860317,U,CTY,1,1,363,138457,188,36:00.0,6,16:00,309
4497922119,U,CTY,1,1,605,121768,188,49:00.0,1,20:00,625
4498908709,U,OB,1,1,30,133078,88,45:00.0,4,7:00,521
4498908781,U,IB,1,1,30,119548,116,17:00.0,6,3:00,521
4499576371,U,OB,1,3,1219,139634,86,34:00.0,2,10:00,580
4499576591,U,CTY,1,1,227,HAEI23255,175,50:00.0,7,19:00,580
4499576656,U,IB,1,1,336,HAEI23307,131,17:00.0,6,21:00,580
4499576674,U,OB,1,2,674,125743,46,47:00.0,5,7:00,580
4499576701,U,OB,1,3,1463,125743,46,49:00.0,5,6:00,580
449957672X,U,OB,1,4,1658,125743,46,08:00.0,5,8:00,580
4531271270,U,IB,1,1,158,135908,105,43:00.0,5,20:00,246
4532199313,U,OB,1,1,140,87995,39,49:00.0,2,21:00,422
4532260859,U,OB,1,3,1233,558373,72,10:00.0,5,20:00,422
4532307654,U,OB,1,1,731,139562,67,13:00.0,2,19:00,422
4532339527,U,OB,1,1,1545,820869,75,35:00.0,3,20:00,422
4532339536,U,IB,1,1,2100,821190,133,50:00.0,6,23:00,422
4532339536,U,OB,1,1,2100,821190,74,16:00.0,5,22:00,422
4533657583,U,OB,1,4,1265,132864,38,46:00.0,4,3:00,730
453365762X,U,OB,1,6,2025,139647,63,19:00.0,3,20:00,730
4533695176,U,OB,1,1,752,140001,69,28:00.0,4,1:00,730
4534926956,U,CTY,1,2,1382,125036,174,10:00.0,5,22:00,318
4534927048,U,IB,1,1,944,128503,127,31:00.0,4,15:00,318
4535604208,U,OB,1,1,1104,128853,26,58:00.0,4,10:00,429
4535887842,U,CTY,1,1,600,134433,202,21:00.0,6,14:00,548
4535887842,U,CTY,1,1,600,134433,238,28:00.0,7,3:00,548
4535887842,U,CTY,1,1,600,134433,235,38:00.0,3,21:00,548
4536204148,U,OB,1,2,1372,140127,46,36:00.0,7,10:00,518
4536824245,U,IB,1,2,405,117815,135,30:00.0,5,8:00,531
4537790806,U,CTY,1,3,4894,530503,187,40:00.0,7,7:00,532
4538087036,U,IB,1,1,1845,136913,101,40:00.0,3,13:00,348
4538087200,U,IB,1,1,319,136913,101,34:00.0,3,13:00,348
4538517740,U,OB,1,1,160,136623,88,36:00.0,3,22:00,859
4538517740,U,IB,1,1,160,136623,119,38:00.0,3,22:00,859
4542255101,U,OB,1,6,3160,123204,96,18:00.0,6,13:00,617
4542358593,U,OB,1,1,338,123498,90,29:00.0,7,10:00,617
4542546199,U,OB,1,1,170,119394,32,11:00.0,2,15:00,556
4542609622,U,OB,1,2,3282,134130,95,25:00.0,6,11:00,556
4542617313,U,OB,1,1,540,139746,66,51:00.0,5,10:00,556
4542617322,U,OB,1,1,1089,138134,49,58:00.0,2,13:00,556
4542617396,U,OB,1,2,2390,129851,55,48:00.0,2,15:00,556
4542945690,U,IB,1,1,1060,125954,143,07:00.0,7,9:00,381
4543101551,U,CTY,1,3,1395,127068,173,18:00.0,7,11:00,490
4543251409,U,IB,1,1,110,131089,112,18:00.0,7,9:00,216
4544000334,U,CTY,1,3,4080,128040,169,58:00.0,5,21:00,347
4544837452,U,OB,1,1,280,127439,32,50:00.0,2,2:00,740
454512315X,U,IB,1,5,1395,133813,141,20:00.0,5,21:00,270
4545123196,U,CTY,1,4,1030,129496,198,39:00.0,3,8:00,270
4545123196,U,CTY,1,4,1030,129496,198,39:00.0,3,8:00,270
4545123241,U,CTY,1,7,1970,129746,168,08:00.0,3,5:00,270
4545123241,U,CTY,1,7,1970,129746,198,14:00.0,3,5:00,270
4545136542,U,CTY,1,1,1570,129746,168,32:00.0,3,3:00,270
4546075951,U,OB,1,7,3084,126714,39,57:00.0,3,15:00,402
4546075960,U,OB,1,1,470,132377,52,23:00.0,6,5:00,402
454607597X,U,IB,1,1,78,431022,103,48:00.0,4,0:00,402
4546075998,U,IB,1,1,187,431022,103,42:00.0,4,0:00,402
454628112X,U,OB,1,3,1040,R621801606,40,44:00.0,5,8:00,402
4546281220,U,OB,1,2,1040,131372,46,02:00.0,6,22:00,402
4546513861,U,IB,1,1,320,119354,113,43:00.0,7,13:00,682
4547094946,U,IB,1,2,1445,134652,127,01:00.0,1,7:00,423
4547101766,U,CTY,1,5,4735,261009,169,52:00.0,1,16:00,423
454710183X,U,OB,1,1,663,133519,43,14:00.0,4,16:00,423
454710183X,U,CTY,1,1,663,133519,212,38:00.0,4,4:00,423
4547101876,U,OB,1,1,374,290210,38,43:00.0,7,12:00,423
4547101876,U,CTY,1,1,374,290210,222,12:00.0,7,18:00,423
4547101885,U,OB,1,2,374,290210,38,24:00.0,7,12:00,423
4547101885,U,OB,1,2,374,290210,9,10:00.0,7,18:00,423
4547101903,U,OB,1,2,437,290210,38,31:00.0,7,12:00,423
4547119970,U,OB,1,2,259,134742,14,27:00.0,5,9:00,423
4547119999,U,OB,1,1,390,125737,55,42:00.0,6,3:00,423
4547120017,U,OB,1,1,348,127498,43,25:00.0,7,18:00,423
4547120035,U,OB,1,1,583,127498,43,56:00.0,7,15:00,423
4547120062,U,OB,1,2,856,131282,48,21:00.0,4,3:00,423
454712009X,U,OB,1,2,554,132610,31,26:00.0,5,19:00,423
4547120109,U,OB,1,1,637,136692,39,30:00.0,6,1:00,423
454712020X,U,OB,1,1,286,140236,46,46:00.0,6,18:00,423
4547836896,U,OB,1,7,4266,128893,89,45:00.0,3,21:00,266
4548097908,U,IB,1,1,35,139690,114,31:00.0,1,11:00,268
4548495439,U,OB,1,4,3382,129847,53,49:00.0,7,16:00,421
454875359X,U,IB,1,7,2660,139723,125,02:00.0,6,20:00,557
454875359X,U,CTY,1,7,2660,139723,231,04:00.0,7,0:00,557
4549339386,U,IB,1,1,524,R42287955,156,08:00.0,4,16:00,447
4549339386,U,OB,1,1,524,R42287955,75,03:00.0,4,16:00,447
4549339523,U,OB,1,1,245,119426,63,22:00.0,5,3:00,447
4549358966,U,OB,1,1,1775,126454,17,54:00.0,4,13:00,447
455174021X,U,OB,1,1,152,135090,65,40:00.0,1,10:00,455
4551740229,U,OB,1,1,470,211007,31,28:00.0,3,17:00,455
4581134367,U,CTY,1,1,1704,134433,169,23:00.0,2,22:00,508
458488236X,U,CTY,1,2,2240,137936,187,49:00.0,6,20:00,857
4586446139,U,OB,1,1,187,131933,90,13:00.0,6,4:00,548
4586741938,U,CTY,1,1,509,125383,169,02:00.0,2,16:00,847
4586741947,U,IB,1,2,1426,133055,125,29:00.0,5,0:00,847
4586900906,U,CTY,1,1,50,134020,231,23:00.0,4,22:00,847
4586900906,U,CTY,1,1,50,134020,231,23:00.0,4,22:00,847
458718972X,U,CTY,1,4,2381,136760,197,46:00.0,6,12:00,153
4588072781,U,CTY,1,2,534,290757,197,35:00.0,7,3:00,104
4588078227,U,IB,1,3,1595,137691,141,49:00.0,1,16:00,104
4588086816,U,CTY,1,1,300,290757,197,15:00.0,7,7:00,104
4588086870,U,CTY,1,3,770,290757,197,34:00.0,7,2:00,104
4588087009,U,CTY,1,1,804,138704,192,29:00.0,2,21:00,104
4588087458,U,CTY,1,2,1310,140262,187,34:00.0,6,15:00,104
4588089548,U,OB,1,1,938,290021,87,40:00.0,1,7:00,104
4588092343,U,IB,1,1,800,128150,135,48:00.0,2,21:00,104
458810195X,U,IB,1,1,751,128150,135,00:00.0,2,22:00,104
4588106928,U,CTY,1,2,750,132400,189,33:00.0,7,15:00,104
4588107000,U,OB,1,5,5110,261280,97,59:00.0,5,17:00,104
4588107000,U,IB,1,5,5110,261280,127,55:00.0,5,17:00,104
4589197742,U,CTY,1,1,316,132120,175,02:00.0,5,4:00,851
4589197751,U,CTY,1,3,448,133806,190,00:00.0,3,8:00,851
4589197751,U,CTY,1,3,448,133806,190,00:00.0,3,8:00,851
458938972X,U,OB,1,1,1221,138854,49,29:00.0,5,5:00,574
4589960711,U,CTY,1,2,357,132920,175,27:00.0,5,22:00,414
4590003145,U,OB,1,1,320,134700,72,17:00.0,3,7:00,409
4590005969,U,OB,1,1,190,133193,49,51:00.0,6,5:00,409
459046443X,U,CTY,1,6,4635,137665,189,33:00.0,5,15:00,304
4590845736,U,IB,1,1,355,126080,149,01:00.0,1,4:00,211
4590847514,U,CTY,1,1,330,133257,197,09:00.0,6,7:00,211
4590847532,U,IB,1,1,288,125851,117,13:00.0,4,2:00,211
4590847606,U,CTY,1,2,314,123969,173,19:00.0,6,2:00,211
4590847615,U,CTY,1,1,288,137507,175,31:00.0,6,5:00,211
4590847698,U,IB,1,6,1550,133225,129,27:00.0,7,3:00,211
4590847707,U,CTY,1,6,1500,129746,168,31:00.0,3,5:00,211
4590848073,U,CTY,1,8,2220,131592,174,57:00.0,5,5:00,211
4590848100,U,CTY,1,5,2347,127512,172,05:00.0,5,4:00,211
4590848138,U,CTY,1,4,1325,123969,173,10:00.0,6,1:00,211
4590848147,U,CTY,1,5,940,123969,173,08:00.0,6,0:00,211
4591167834,U,OB,1,1,196,139865,78,31:00.0,3,14:00,402
4591167852,U,OB,1,1,430,136207,18,26:00.0,5,3:00,402
4591168393,U,OB,1,1,513,R621801606,40,25:00.0,5,11:00,402
4591171491,U,IB,1,1,157,125848,151,33:00.0,5,8:00,304
4591435776,U,IB,1,3,5412,129798,149,24:00.0,1,4:00,318
459151812X,U,CTY,1,1,380,281030,189,01:00.0,6,19:00,318
4592568803,U,OB,1,3,1625,119040,90,48:00.0,6,17:00,218
4592568821,U,OB,1,2,1300,119040,90,59:00.0,6,15:00,218
459256884X,U,OB,1,3,1715,119040,90,47:00.0,6,16:00,218
4593393464,U,CTY,1,6,16327,122417,229,07:00.0,3,2:00,604
4593408819,U,CTY,1,1,500,138292,195,53:00.0,4,16:00,604
4593417848,U,CTY,1,3,5560,261310,176,39:00.0,3,21:00,604
4593447914,U,IB,1,1,205,134479,152,31:00.0,1,10:00,878
4593515959,U,IB,1,1,504,131223,163,14:00.0,4,18:00,581
4594020556,U,CTY,1,1,308,125404,195,40:00.0,7,1:00,203
4594148091,U,IB,1,1,411,128530,129,30:00.0,4,8:00,201
4594241317,U,IB,1,2,925,290993,104,21:00.0,5,7:00,213
4594241317,U,CTY,1,2,925,290993,O   ,41:00.0,5,17:00,213
4594598927,U,IB,1,1,838,138348,129,42:00.0,4,1:00,653
4594598972,U,IB,1,1,2050,132333,125,58:00.0,3,13:00,653
4594598981,U,IB,1,1,850,132333,125,24:00.0,3,14:00,653
459558482X,U,IB,1,2,1320,125347,133,31:00.0,3,6:00,819
4595925619,U,CTY,1,4,686,290869,174,42:00.0,6,7:00,216
4595925646,U,IB,1,1,56,124130,116,51:00.0,6,5:00,216
4595981012,U,IB,1,6,3680,127887,129,38:00.0,6,8:00,216
4598099448,U,CTY,1,1,355,138210,174,57:00.0,4,15:00,304
4598099805,U,CTY,1,1,333,291281,197,37:00.0,3,15:00,304
4598100016,U,CTY,1,2,346,211433,196,10:00.0,6,19:00,304
4598493183,U,IB,1,4,1785,136712,105,06:00.0,2,16:00,326
4598493201,U,CTY,1,2,827,139787,169,08:00.0,1,16:00,326
4608517109,U,IB,1,1,143,132785,127,19:00.0,1,18:00,324
4627144455,U,OB,1,1,330,135149,75,04:00.0,5,7:00,462
4771948430,U,IB,1,1,82,134703,113,17:00.0,4,18:00,728
4793152160,U,CTY,1,13,15605,430385,187,09:00.0,2,20:00,258
4808600350,U,IB,1,1,135,132364,143,41:00.0,6,13:00,480
4820425958,U,CTY,1,3,6648,134501,174,58:00.0,5,12:00,808
4820486925,U,OB,1,3,1725,134638,67,31:00.0,2,8:00,615
4820486934,U,OB,1,7,2930,134638,67,22:00.0,2,9:00,615
4821814268,U,CTY,1,1,170,121768,188,52:00.0,2,12:00,830
4822245302,U,IB,1,1,350,132797,141,03:00.0,4,13:00,205
4822245311,U,CTY,1,1,349,139743,194,30:00.0,7,4:00,205
4822590749,U,OB,1,3,1636,559046,72,06:00.0,5,21:00,422
4822781736,U,CTY,1,1,650,560963,R4  ,51:00.0,7,0:00,422
4822781736,U,IB,1,1,650,560963,105,27:00.0,6,21:00,422
4822781745,U,IB,1,1,780,560963,105,29:00.0,6,21:00,422
4822781754,U,IB,1,1,682,560963,105,16:00.0,6,21:00,422
4822781763,U,IB,1,2,1801,560963,105,22:00.0,6,20:00,422
4822781772,U,IB,1,2,1253,560963,105,12:00.0,6,20:00,422
4822781790,U,OB,1,2,200,559033,51,04:00.0,4,2:00,422
4822781819,U,OB,1,1,3300,89542,87,30:00.0,6,21:00,422
4822781828,U,OB,1,1,935,89542,87,35:00.0,6,21:00,422
4823115512,U,IB,1,4,1211,134290,151,38:00.0,2,3:00,590
4823115521,U,IB,1,4,1219,138702,133,15:00.0,1,7:00,590
4823115530,U,CTY,1,3,748,139468,172,18:00.0,7,19:00,590
4823165077,U,IB,1,1,140,137448,145,53:00.0,5,17:00,555
4823240124,U,OB,1,5,1985,842167,40,41:00.0,4,18:00,422
4823305987,U,CTY,1,1,75,116843,169,30:00.0,5,10:00,324
4824203430,U,OB,1,2,348,134742,14,43:00.0,5,12:00,423
4824254205,U,OB,1,1,285,133721,51,16:00.0,7,4:00,423
4824717736,U,OB,1,1,44,124330,88,42:00.0,4,7:00,594
4824717745,U,CTY,1,1,30,140150,196,17:00.0,5,16:00,594
4824717754,U,CTY,1,1,30,140150,196,15:00.0,5,16:00,594
4824739442,U,OB,1,1,8,136157,88,32:00.0,7,13:00,594
4824739451,U,IB,1,1,30,134290,151,31:00.0,2,3:00,594
4824739460,U,OB,1,1,55,121548,96,41:00.0,2,7:00,594
482473947X,U,OB,1,1,33,121548,96,42:00.0,2,7:00,594
4824745667,U,IB,1,1,1455,134290,151,54:00.0,2,0:00,594
4824747647,U,IB,1,1,69,134879,125,28:00.0,7,11:00,594
4827544094,U,IB,1,1,1559,135956,163,29:00.0,5,15:00,318
4827544103,U,IB,1,5,2223,133966,116,22:00.0,4,2:00,318
4827761097,U,CTY,1,1,194,132080,172,57:00.0,6,22:00,431
4828655709,U,IB,1,1,367,132764,150,23:00.0,6,16:00,313
4828655709,U,CTY,1,1,367,132764,170,29:00.0,6,16:00,313
4828655736,U,IB,1,1,296,130769,151,48:00.0,7,3:00,313
4828672768,U,IB,1,1,280,127190,112,32:00.0,5,4:00,682
4828763563,U,OB,1,1,211,128337,40,36:00.0,5,10:00,415
4828803228,U,OB,1,1,150,132010,39,42:00.0,2,0:00,415
4829322996,U,OB,1,2,2272,126586,39,36:00.0,6,17:00,411
4829323124,U,OB,1,1,547,124238,55,28:00.0,3,8:00,411
4829323133,U,OB,1,2,2754,280868,89,29:00.0,5,20:00,411
4890133825,U,IB,1,1,300,138410,149,02:00.0,4,20:00,847
4890133852,U,IB,1,1,460,138410,149,44:00.0,4,19:00,847
489013388X,U,CTY,1,1,281,249377,168,55:00.0,5,3:00,847
4890133899,U,CTY,1,1,353,249377,168,05:00.0,5,4:00,847
4890133908,U,CTY,1,1,415,249377,168,52:00.0,5,1:00,847
4890133944,U,CTY,1,1,323,249377,168,36:00.0,5,3:00,847
4890134090,U,IB,1,1,390,134351,164,12:00.0,5,13:00,847
4890134155,U,IB,1,1,235,290776,104,05:00.0,5,22:00,847
4890134384,U,CTY,1,1,352,136271,172,15:00.0,1,16:00,847
4890134393,U,CTY,1,1,263,136271,172,48:00.0,1,15:00,847
4890134449,U,IB,1,1,495,134351,164,43:00.0,5,12:00,847
4890134476,U,IB,1,1,334,134351,164,33:00.0,5,12:00,847
4890134494,U,IB,1,1,825,134351,164,22:00.0,5,11:00,847
4890134503,U,IB,1,1,275,134351,164,40:00.0,5,8:00,847
4890428441,U,OB,1,1,200,134183,67,14:00.0,1,6:00,432
4890428450,U,OB,1,1,90,134183,67,15:00.0,1,7:00,432
489042846X,U,OB,1,3,2232,134183,67,31:00.0,1,8:00,432
4890454127,U,OB,1,6,2680,136967,69,15:00.0,4,8:00,432
4890454136,U,OB,1,1,464,132412,43,25:00.0,6,16:00,432
4890454145,U,OB,1,4,1310,249103,39,25:00.0,6,6:00,432
4890490198,U,OB,1,5,1220,558827,63,09:00.0,7,16:00,432
4890490216,U,OB,1,2,2658,129522,86,34:00.0,5,9:00,432
4890490216,U,OB,1,2,2658,129522,99,35:00.0,5,9:00,432
4890490243,U,OB,1,4,2630,137413,66,12:00.0,3,14:00,432
4890497182,U,OB,1,2,2100,129522,44,03:00.0,5,8:00,432
4890497182,U,OB,1,2,2100,129522,86,02:00.0,5,8:00,432
4891909912,U,CTY,1,8,12325,132093,187,53:00.0,3,19:00,896
4891909912,U,CTY,1,8,12325,132093,204,45:00.0,4,6:00,896
4891910105,U,IB,1,2,2124,290654,143,07:00.0,2,19:00,896
4892767097,U,CTY,1,3,1091,124080,189,23:00.0,2,18:00,394
4893479237,U,OB,1,1,285,280407,90,13:00.0,5,6:00,525
4893479246,U,OB,1,3,840,280407,90,19:00.0,5,6:00,525
4893718092,U,CTY,1,1,164,125499,187,10:00.0,4,16:00,205
4894032041,U,CTY,1,1,182,126164,210,16:00.0,6,14:00,879
4894411175,U,CTY,1,1,1023,140023,173,54:00.0,4,17:00,532
4894917440,U,CTY,1,1,284,135260,169,05:00.0,2,14:00,861
4895072715,U,IB,1,1,495,HAEI27016,116,25:00.0,4,15:00,835
4895719762,U,IB,1,14,10258,137865,152,07:00.0,4,12:00,783
4896069791,U,IB,1,1,377,132216,164,04:00.0,3,12:00,819
4896069791,U,IB,1,1,377,132216,164,52:00.0,3,11:00,819
4896069829,U,IB,1,1,319,291203,133,34:00.0,2,0:00,819
4896069838,U,IB,1,1,640,291203,133,37:00.0,1,23:00,819
4896069883,U,IB,1,1,155,131487,163,25:00.0,7,3:00,819
4896138258,U,OB,1,1,326,139746,66,36:00.0,5,13:00,556
4896139935,U,OB,1,4,1334,121786,26,05:00.0,7,8:00,556
4896235103,U,OB,1,1,322,127039,76,41:00.0,5,9:00,556
4896270184,U,OB,1,3,4525,127039,76,55:00.0,5,9:00,556
4896548035,U,OB,1,5,344,122907,50,20:00.0,1,20:00,411
489654809X,U,CTY,1,1,159,126743,195,43:00.0,5,9:00,411
4896548181,U,OB,1,1,230,131248,49,30:00.0,5,11:00,411
489654820X,U,OB,1,1,140,134634,39,41:00.0,6,13:00,411
489654842X,U,OB,1,4,120,127945,48,35:00.0,5,2:00,411
4896548612,U,OB,1,1,91,131938,38,38:00.0,4,10:00,411
4896548659,U,OB,1,1,260,138226,74,05:00.0,4,4:00,411
4896548951,U,OB,1,2,860,131696,55,05:00.0,4,14:00,411
4896548989,U,OB,1,1,80,135636,50,38:00.0,5,5:00,411
4896549034,U,OB,1,1,264,121937,55,25:00.0,6,7:00,411
4896549052,U,OB,1,1,200,121937,55,21:00.0,6,7:00,411
4896549061,U,OB,1,2,160,135025,39,21:00.0,6,21:00,411
4897237259,U,OB,1,1,352,136298,58,45:00.0,6,6:00,433
4897237286,U,OB,1,1,357,136776,50,17:00.0,7,7:00,433
4897237331,U,OB,1,1,297,136097,46,57:00.0,3,17:00,433
4897237432,U,OB,1,1,366,130908,60,02:00.0,3,13:00,433
489723757X,U,OB,1,5,5065,123163,74,16:00.0,6,10:00,433
4897620993,U,IB,1,1,67,137198,133,06:00.0,3,19:00,251
4897622176,U,CTY,1,1,73,125939,174,47:00.0,5,19:00,251
4897792997,U,IB,1,1,208,128092,133,13:00.0,7,7:00,807
4897793033,U,IB,1,1,284,136232,154,13:00.0,5,8:00,807
4897793033,U,CTY,1,1,284,136232,192,29:00.0,5,6:00,807
4897822587,U,CTY,1,2,839,125856,174,20:00.0,4,18:00,211
4897972205,U,IB,1,1,377,119049,117,45:00.0,4,9:00,216
4898187686,U,IB,1,7,6255,291010,123,55:00.0,6,6:00,244
4898642810,U,CTY,1,1,204,132756,189,13:00.0,7,18:00,318
4930006151,U,OB,1,1,1394,136883,58,16:00.0,5,3:00,447
4930006198,U,OB,1,1,138,430035,63,03:00.0,5,14:00,447
4930006207,U,OB,1,1,220,126500,58,56:00.0,1,6:00,447
4930006216,U,OB,1,1,116,558194,67,46:00.0,3,0:00,447
4930006225,U,CTY,1,1,368,138908,J   ,10:00.0,6,12:00,447
4930040518,U,OB,1,1,1338,430926,58,13:00.0,3,7:00,447
4930040527,U,OB,1,2,2656,830959,78,53:00.0,7,18:00,447
4930040536,U,OB,1,1,186,430035,63,59:00.0,5,13:00,447
4930040545,U,OB,1,1,477,138428,46,06:00.0,6,11:00,447
4930040554,U,OB,1,2,2845,126500,58,38:00.0,1,7:00,447
4930040563,U,IB,1,2,2730,135952,103,48:00.0,6,18:00,447
4930040572,U,OB,1,2,2385,126502,48,49:00.0,3,2:00,447
4930040581,U,OB,1,1,1425,121101,69,23:00.0,4,3:00,447
4930040590,U,OB,1,1,145,121101,69,02:00.0,4,2:00,447
493004060X,U,OB,1,1,190,559729,38,45:00.0,5,12:00,447
4930049253,U,OB,1,1,380,560225,14,51:00.0,6,15:00,447
4930252441,U,OB,1,1,705,276230,38,21:00.0,5,17:00,754
493025246X,U,OB,1,2,1290,135960,38,04:00.0,1,15:00,754
4930353917,U,IB,1,1,65,121722,119,10:00.0,4,22:00,381
4930353917,U,CTY,1,1,65,121722,172,11:00.0,4,18:00,381
4930353971,U,CTY,1,5,7724,121722,172,16:00.0,4,20:00,381
4931294994,U,OB,1,1,250,249172,64,17:00.0,5,12:00,757
4931294994,U,OB,1,1,250,249172,64,17:00.0,5,12:00,757
4931810317,U,IB,1,1,892,290752,111,51:00.0,1,7:00,347
4931810326,U,CTY,1,1,172,131820,172,46:00.0,1,14:00,347
493282767X,U,CTY,1,1,221,125579,188,32:00.0,7,18:00,324
493282866X,U,CTY,1,1,3100,135534,204,48:00.0,6,21:00,324
493282866X,U,CTY,1,1,3100,135534,188,16:00.0,6,5:00,324
4932828688,U,CTY,1,1,523,135534,188,00:00.0,6,5:00,324
4932828697,U,CTY,1,2,593,128483,187,57:00.0,3,16:00,324
4932828706,U,CTY,1,2,800,T402217967,187,47:00.0,5,1:00,324
4932828706,U,CTY,1,2,800,T402217967,204,23:00.0,5,7:00,324
4933222670,U,IB,1,2,2385,140420,125,51:00.0,5,5:00,511
4933410285,U,OB,1,1,870,125722,51,58:00.0,1,12:00,511
493419805X,U,IB,1,1,36,121561,149,09:00.0,5,0:00,569
4935050165,U,CTY,1,1,143,130815,172,58:00.0,2,8:00,251
493507321X,U,CTY,1,1,530,134846,188,54:00.0,4,22:00,251
4935104413,U,IB,1,4,5230,137198,133,54:00.0,3,18:00,251
4935104422,U,CTY,1,6,7155,127570,233,26:00.0,3,6:00,251
4935104422,U,CTY,1,6,7155,127570,233,32:00.0,3,0:00,251
4935146451,U,IB,1,3,5227,135730,145,50:00.0,3,22:00,251
4935146460,U,CTY,1,4,5575,131972,169,15:00.0,4,19:00,251
4935146507,U,IB,1,2,2660,134151,151,59:00.0,6,22:00,251
4935146516,U,IB,1,3,4553,134043,123,22:00.0,3,1:00,251
4935460869,U,CTY,1,3,450,116773,187,35:00.0,5,19:00,211
4936715253,U,IB,1,1,156,290868,143,36:00.0,3,20:00,661
4937454480,U,CTY,1,1,120,45300,168,29:00.0,4,21:00,268
4938045721,U,IB,1,1,2018,127746,127,59:00.0,5,3:00,218
4938075641,U,OB,1,1,125,T525255364,95,43:00.0,5,2:00,218
4938101711,U,IB,1,1,685,430399,112,30:00.0,4,15:00,218
4938116177,U,CTY,1,1,230,T415634691,192,42:00.0,7,10:00,218
4938133795,U,IB,1,1,417,430881,112,10:00.0,4,4:00,218
4938847630,U,CTY,1,2,140,127688,174,56:00.0,6,8:00,389
4938847897,U,IB,1,4,5415,131940,162,35:00.0,6,2:00,389
4938847897,U,IB,1,4,5415,131940,162,35:00.0,6,2:00,389
4938852618,U,CTY,1,5,3375,127688,174,29:00.0,6,9:00,389
493888570X,U,CTY,1,1,310,131157,235,06:00.0,4,18:00,389
493888570X,U,CTY,1,1,310,131157,235,06:00.0,4,18:00,389
4939291664,U,IB,1,3,1075,135104,113,03:00.0,3,3:00,108
4939741308,U,OB,1,1,321,138848,43,40:00.0,4,3:00,740
4939749374,U,OB,1,1,264,131078,74,17:00.0,5,11:00,740
4939749383,U,OB,1,1,148,137977,76,05:00.0,6,1:00,740
4939862418,U,IB,1,1,298,125049,131,06:00.0,3,16:00,599
4939867193,U,IB,1,1,295,119275,149,22:00.0,4,18:00,599
4939867193,U,IB,1,1,295,119275,149,22:00.0,4,18:00,599
4939867193,U,IB,1,1,295,119275,149,22:00.0,4,18:00,599
4939867202,U,IB,1,1,121,41325,117,51:00.0,3,0:00,599
493986723X,U,OB,1,1,285,124330,88,55:00.0,4,9:00,599
4939867249,U,CTY,1,1,37,130894,192,29:00.0,5,1:00,599
4939883675,U,IB,1,8,1324,134879,125,28:00.0,7,11:00,599
4939883931,U,CTY,1,1,80,139468,172,35:00.0,7,21:00,599
4939884665,U,IB,1,2,1054,128333,103,53:00.0,6,0:00,599
4939885664,U,IB,1,14,6650,119275,149,55:00.0,4,17:00,599
4939885783,U,CTY,1,16,7297,125257,210,14:00.0,4,18:00,599
4950650650,U,IB,1,1,1174,123680,114,21:00.0,3,21:00,218
4950650715,U,CTY,1,1,1180,130752,172,36:00.0,6,7:00,218
4950785373,U,CTY,1,1,652,530503,187,46:00.0,7,5:00,431
4950967497,U,IB,1,6,1460,134188,105,42:00.0,6,21:00,431
4951164341,U,CTY,1,1,294,133126,175,45:00.0,7,19:00,431
4951175058,U,OB,1,1,15,123734,46,17:00.0,5,8:00,431
4951175112,U,OB,1,11,4035,123734,46,14:00.0,5,11:00,431
4951738047,U,OB,1,1,446,128079,32,21:00.0,7,13:00,462
4951738056,U,OB,1,1,446,128079,32,00:00.0,7,13:00,462
4951738065,U,OB,1,1,400,128079,32,05:00.0,7,13:00,462
4951738074,U,OB,1,4,1027,128079,32,14:00.0,7,12:00,462
4952041528,U,OB,1,1,25,135994,22,08:00.0,7,22:00,714
4952041537,U,IB,1,2,2920,138351,149,13:00.0,4,10:00,714
4952219140,U,OB,1,3,3476,127846,88,33:00.0,3,4:00,688
4952219187,U,OB,1,5,5727,127846,88,43:00.0,3,4:00,688
495387762X,U,OB,1,1,65,128901,89,04:00.0,4,15:00,245
4954383904,U,IB,1,13,4500,139792,145,02:00.0,5,2:00,326
4954383913,U,CTY,1,1,106,128281,176,28:00.0,4,21:00,326
4954383931,U,IB,1,1,101,136097,149,19:00.0,7,6:00,326
4954931576,U,IB,1,4,7645,PASC634516,151,21:00.0,7,12:00,319
4955021262,U,IB,1,2,496,134633,149,14:00.0,1,21:00,650
4955131610,U,CTY,1,1,588,135080,174,13:00.0,7,5:00,205
4955435430,U,IB,1,1,195,126278,164,11:00.0,6,3:00,250
4955773608,U,CTY,1,2,1260,139559,192,06:00.0,1,13:00,285
4955773662,U,IB,1,1,228,127209,149,26:00.0,5,19:00,285
4955773709,U,IB,1,1,892,133535,129,34:00.0,6,1:00,285
4955775853,U,CTY,1,2,545,139559,192,04:00.0,1,13:00,285
4955777063,U,CTY,1,2,309,119911,172,01:00.0,6,0:00,285
4955777301,U,CTY,1,9,1953,119911,172,02:00.0,6,0:00,285
495577732X,U,IB,1,6,1270,280465,113,35:00.0,5,3:00,285
4955794984,U,OB,1,2,3480,00DROP,44,21:00.0,2,19:00,422
4955795067,U,OB,1,3,5820,00DROP,70,01:00.0,2,20:00,422
4955795076,U,CTY,1,9,17012,00DROP,236,13:00.0,4,3:00,422
4955795085,U,CTY,1,1,1211,00DROP,236,58:00.0,4,2:00,422
4955795085,U,CTY,1,1,1211,00DROP,232,09:00.0,2,21:00,422
4955795085,U,CTY,1,1,1211,00DROP,231,01:00.0,4,20:00,422
4955795085,U,CTY,1,1,1211,00DROP,231,37:00.0,5,2:00,422
4955795213,U,CTY,1,3,4715,00DROP,191,49:00.0,2,18:00,422
4955796643,U,CTY,1,10,3450,139559,192,59:00.0,1,12:00,285
4955796708,U,CTY,1,1,130,134524,169,22:00.0,1,3:00,285
4955832182,U,CTY,1,2,1052,135900,231,59:00.0,1,9:00,285
4955832182,U,CTY,1,2,1052,135900,231,59:00.0,1,9:00,285
4956060001,U,OB,1,1,455,136081,49,13:00.0,1,9:00,685
495606035X,U,OB,1,1,63,124054,31,46:00.0,6,18:00,685
4956060378,U,OB,1,1,46,123255,51,52:00.0,6,18:00,685
4956060387,U,OB,1,1,46,123255,51,42:00.0,6,18:00,685
4956060396,U,OB,1,1,46,123255,51,47:00.0,6,18:00,685
4956060414,U,OB,1,1,175,136081,49,41:00.0,1,9:00,685
4956060450,U,OB,1,1,52,136081,49,39:00.0,1,9:00,685
495610171X,U,OB,1,1,62,124054,31,47:00.0,6,18:00,685
4956727326,U,CTY,1,1,2084,138184,196,22:00.0,5,20:00,313
4956727353,U,CTY,1,1,2084,290414,173,35:00.0,3,1:00,313
4957669357,U,OB,1,1,171,126723,50,05:00.0,7,8:00,617
4957669393,U,OB,1,1,237,126723,50,14:00.0,7,8:00,617
4957669411,U,OB,1,1,180,123498,90,22:00.0,7,10:00,617
4957695005,U,OB,1,1,233,123498,90,51:00.0,7,10:00,617
4957695014,U,OB,1,1,275,126723,50,00:00.0,7,8:00,617
4957695023,U,OB,1,1,142,126723,50,40:00.0,7,6:00,617
4957695041,U,OB,1,1,142,123498,90,43:00.0,7,10:00,617
4957698781,U,IB,1,1,410,R6711535,103,45:00.0,5,6:00,617
4958006754,U,IB,1,9,4890,138387,149,45:00.0,5,11:00,191
4958439128,U,IB,1,1,1245,127379,111,29:00.0,2,15:00,891
4958447809,U,IB,1,1,1013,135962,145,24:00.0,6,11:00,891
4958472045,U,IB,1,1,387,134519,163,57:00.0,2,19:00,891
4958472063,U,IB,1,1,1690,127051,116,03:00.0,3,5:00,891
4959161956,U,CTY,1,9,317,431077,173,14:00.0,7,20:00,431
4959162158,U,CTY,1,38,775,431077,173,24:00.0,7,20:00,431
4960234228,U,CTY,1,1,424,211132,173,19:00.0,6,13:00,621
4960261948,U,CTY,1,1,529,134172,175,53:00.0,2,4:00,347
4960359480,U,IB,1,2,241,128053,112,15:00.0,2,18:00,851
4960500089,U,IB,1,1,60,134017,116,26:00.0,1,21:00,381
4961071602,U,OB,1,1,184,132325,48,54:00.0,5,7:00,740
4961205362,U,IB,1,1,371,129499,131,26:00.0,6,13:00,216
4961415581,U,IB,1,6,9785,124126,141,48:00.0,5,12:00,881
496173911X,U,OB,1,2,465,136022,96,32:00.0,4,2:00,187
4961739165,U,IB,1,1,350,131955,113,42:00.0,5,12:00,187
4962189422,U,CTY,1,1,94,140077,197,00:00.0,3,3:00,847
4964349557,U,OB,1,1,508,125130,69,59:00.0,3,7:00,421
4964349620,U,OB,1,1,217,125130,69,54:00.0,3,6:00,421
4964349667,U,OB,1,1,163,125130,69,01:00.0,3,8:00,421
4964680253,U,IB,1,3,6010,CVEN44168,116,07:00.0,7,8:00,135
4964718048,U,CTY,1,6,7530,133807,187,24:00.0,4,5:00,135
4964773120,U,IB,1,1,1635,CVEN46003,105,07:00.0,6,2:00,135
4965169643,U,CTY,1,3,2428,118361,194,06:00.0,3,16:00,808
4965628096,U,OB,1,1,482,125176,31,54:00.0,6,21:00,402
4966659043,U,CTY,1,2,890,132064,196,48:00.0,4,14:00,557
4966659052,U,OB,1,1,350,133251,17,40:00.0,5,12:00,557
4967183981,U,IB,1,5,3950,133854,117,18:00.0,6,4:00,216
4967183990,U,IB,1,120,4015,133854,117,16:00.0,6,5:00,216
4967878229,U,IB,1,2,2792,133481,145,10:00.0,6,15:00,112
4968640437,U,OB,1,2,1877,140430,76,13:00.0,4,20:00,480
4968681357,U,OB,1,1,245,277996,17,35:00.0,5,9:00,480
4968825511,U,IB,1,1,93,130658,152,02:00.0,3,12:00,878
4968825778,U,IB,1,1,180,131309,111,41:00.0,5,10:00,878
4968825888,U,CTY,1,1,190,125307,195,09:00.0,2,3:00,878
4968826290,U,IB,1,1,157,126627,164,51:00.0,4,20:00,878
4969032641,U,IB,1,1,120,129503,129,30:00.0,1,3:00,819
4969649045,U,CTY,1,1,147,249174,197,57:00.0,6,18:00,682
4969794429,U,IB,1,1,631,121231,149,55:00.0,4,15:00,272
4969794429,U,CTY,1,1,631,121231,174,00:00.0,4,16:00,272
4970460709,U,OB,1,1,695,390234,48,49:00.0,5,22:00,422
4970460718,U,OB,1,4,11375,390234,48,41:00.0,5,22:00,422
4970528101,U,OB,1,1,96,89542,38,52:00.0,2,22:00,422
4970528110,U,OB,1,1,348,89542,38,17:00.0,2,22:00,422
4970528285,U,OB,1,1,2494,559690,50,26:00.0,4,22:00,422
4970528303,U,CTY,1,3,7800,559690,196,32:00.0,1,18:00,422
4970528330,U,OB,1,4,20,89542,26,05:00.0,2,22:00,422
497052834X,U,OB,1,3,855,89542,18,23:00.0,3,21:00,422
4970528359,U,OB,1,2,575,89542,31,32:00.0,6,22:00,422
4970528368,U,OB,1,3,3220,89542,31,27:00.0,6,22:00,422
4970528395,U,OB,1,1,595,89542,72,27:00.0,3,22:00,422
4970528440,U,IB,1,5,2500,560963,105,46:00.0,6,19:00,422
497052845X,U,IB,1,1,290,560963,105,54:00.0,6,19:00,422
4970528469,U,IB,1,1,124,560963,105,16:00.0,6,20:00,422
4970528478,U,IB,1,2,362,560963,105,07:00.0,6,20:00,422
4970528487,U,IB,1,2,1475,560963,105,59:00.0,6,20:00,422
4970528496,U,IB,1,2,553,560963,105,20:00.0,6,21:00,422
4970528505,U,OB,1,1,123,89542,38,13:00.0,2,22:00,422
4970598768,U,OB,1,3,1850,390072,96,21:00.0,6,0:00,422
4970598777,U,OB,1,2,940,390072,96,46:00.0,5,23:00,422
4970598786,U,OB,1,4,2055,506875,50,55:00.0,7,1:00,422
4970598786,U,OB,1,4,2055,506875,81,51:00.0,7,3:00,422
4970602609,U,OB,1,3,625,903814,14,50:00.0,3,20:00,422
4970602627,U,OB,1,4,855,559414,51,17:00.0,5,22:00,422
4970613883,U,OB,1,1,190,530088,72,30:00.0,3,21:00,422
4970613892,U,OB,1,1,266,530088,72,32:00.0,3,21:00,422
4970613910,U,OB,1,1,139,310552,43,41:00.0,4,22:00,422
497061392X,U,OB,1,1,109,310552,43,35:00.0,4,22:00,422
4970971511,U,OB,1,7,9372,129742,31,18:00.0,6,14:00,740
4971002623,U,OB,1,4,3203,136663,60,12:00.0,1,11:00,740
4971002623,U,OB,1,4,3203,136663,32,37:00.0,1,9:00,740
4973069918,U,IB,1,1,195,134885,123,38:00.0,1,3:00,268
4973376396,U,IB,1,1,143,276875,164,20:00.0,1,3:00,621
4973979452,U,CTY,1,1,198,117243,175,28:00.0,1,20:00,830
4973981589,U,CTY,1,1,202,261165,195,19:00.0,2,22:00,830
4974193348,U,CTY,1,1,66,124297,197,23:00.0,2,12:00,851
4974193375,U,IB,1,1,340,118845,141,38:00.0,6,12:00,851
4974193384,U,IB,1,1,234,118845,141,50:00.0,6,12:00,851
4974571555,U,CTY,1,4,1920,121678,168,05:00.0,2,8:00,531
4974654688,U,IB,1,3,1590,281030,125,20:00.0,2,0:00,531
4974960203,U,OB,1,1,310,125155,98,30:00.0,5,9:00,108
4975128595,U,IB,1,6,5346,129921,112,22:00.0,1,18:00,108
4975680667,U,OB,1,5,205,278516,74,36:00.0,5,22:00,684
4975680703,U,OB,1,3,123,128622,63,46:00.0,4,15:00,684
4975870884,U,IB,1,3,395,131696,112,55:00.0,6,17:00,266
497635163X,U,OB,1,11,2475,138134,49,27:00.0,2,13:00,556
4976429538,U,OB,1,1,279,140263,74,47:00.0,5,7:00,556
4976429758,U,OB,1,1,27,123489,40,13:00.0,2,8:00,556
497701163X,U,CTY,1,2,876,124077,188,24:00.0,3,19:00,642
4977013124,U,CTY,1,1,210,135508,175,07:00.0,1,5:00,642
4978465600,U,OB,1,1,818,134832,89,59:00.0,5,12:00,435
4978465674,U,IB,1,6,6565,430528,105,41:00.0,6,18:00,435
4979050746,U,CTY,1,1,290,211745,195,38:00.0,3,3:00,783
4979050791,U,CTY,1,1,265,261224,172,55:00.0,3,22:00,783
497905081X,U,CTY,1,1,205,261224,172,50:00.0,3,22:00,783
4979050838,U,OB,1,1,650,202709,78,11:00.0,4,10:00,783
4979236004,U,CTY,1,2,1169,138449,196,37:00.0,3,10:00,180
4979899744,U,CTY,1,1,138,127450,189,53:00.0,5,18:00,288
4979907590,U,CTY,1,1,690,136507,194,57:00.0,5,21:00,288
4979913081,U,IB,1,1,452,134516,163,19:00.0,5,15:00,288
4979913081,U,IB,1,1,452,134516,114,17:00.0,5,15:00,288
4979913283,U,CTY,1,1,479,135747,197,05:00.0,7,11:00,288
4979913292,U,CTY,1,1,211,138134,188,41:00.0,2,18:00,288
4979927199,U,CTY,1,1,140,140163,175,24:00.0,5,21:00,288
4979931460,U,IB,1,2,3680,128076,163,43:00.0,2,22:00,288
4979944083,U,CTY,1,1,700,135534,188,09:00.0,6,7:00,288
4979944487,U,IB,1,1,1440,134835,143,54:00.0,4,14:00,288
4990320064,U,CTY,1,1,195,430868,172,57:00.0,4,16:00,661
4990320239,U,CTY,1,1,160,137284,189,42:00.0,2,12:00,661
4990321750,U,IB,1,1,365,131900,158,49:00.0,3,6:00,661
499036664X,U,CTY,1,1,240,133460,175,55:00.0,2,15:00,661
4990366879,U,CTY,1,5,858,123706,192,21:00.0,2,10:00,661
4990366879,U,CTY,1,5,858,123706,212,56:00.0,3,8:00,661
4990535884,U,IB,1,1,327,135289,105,24:00.0,2,1:00,216
4991326344,U,IB,1,9,191,137871,113,46:00.0,3,7:00,322
4991326409,U,OB,1,29,715,130715,90,51:00.0,5,8:00,322
4992020462,U,IB,1,5,1328,135520,158,35:00.0,2,4:00,347
4992020471,U,IB,1,5,1211,126436,141,20:00.0,2,9:00,347
499202060X,U,IB,1,1,400,126436,166,58:00.0,2,6:00,347
499202060X,U,IB,1,1,400,126436,141,53:00.0,2,6:00,347
4992020691,U,IB,1,2,1090,123804,149,15:00.0,5,19:00,347
4992089066,U,IB,1,1,145,135520,158,04:00.0,2,4:00,347
4992508422,U,IB,1,3,6200,130948,103,55:00.0,2,9:00,521
4993303172,U,CTY,1,6,1710,128595,194,28:00.0,7,16:00,158
4993303228,U,IB,1,3,1520,140260,149,09:00.0,6,13:00,158
4993416445,U,CTY,1,1,214,133888,231,58:00.0,4,16:00,158
4993416445,U,CTY,1,1,214,133888,189,57:00.0,4,16:00,158
4994884000,U,CTY,1,1,95,132785,205,31:00.0,2,21:00,324
4994884000,U,IB,1,1,95,132785,127,02:00.0,1,18:00,324
4995109996,U,CTY,1,3,1232,138108,194,48:00.0,5,17:00,371
4995196117,U,CTY,1,1,100,131801,208,13:00.0,6,11:00,347
4995196180,U,CTY,1,1,280,134172,175,33:00.0,2,1:00,347
4995302422,U,IB,1,1,837,125049,131,01:00.0,3,17:00,556
4995302761,U,OB,1,1,133,131011,72,46:00.0,1,19:00,556
4995302909,U,IB,1,1,165,125049,131,48:00.0,3,14:00,556
4995303138,U,IB,1,1,135,125049,131,01:00.0,3,17:00,556
4995303367,U,OB,1,1,180,128595,69,21:00.0,3,1:00,556
4995303412,U,OB,1,1,420,128595,69,20:00.0,3,3:00,556
499530355X,U,OB,1,2,700,128595,69,27:00.0,3,3:00,556
4995303650,U,OB,1,1,168,137941,88,43:00.0,5,2:00,556
4995303650,U,CTY,1,1,168,137941,235,48:00.0,5,19:00,556
4995303697,U,OB,1,1,145,137941,88,33:00.0,5,2:00,556
4995303742,U,IB,1,1,685,119548,116,06:00.0,6,5:00,556
499530377X,U,OB,1,1,510,132233,49,23:00.0,5,15:00,556
4995303861,U,OB,1,2,1000,137941,88,57:00.0,5,2:00,556
4995303971,U,OB,1,1,750,132233,49,09:00.0,5,15:00,556
4995304009,U,IB,1,1,450,119548,116,01:00.0,6,9:00,556
4995304018,U,OB,1,1,800,132233,49,14:00.0,5,15:00,556
4995304072,U,OB,1,1,500,291213,72,09:00.0,7,7:00,556
4995304128,U,OB,1,1,2500,291213,72,02:00.0,7,7:00,556
4995304458,U,OB,1,10,4760,139967,67,03:00.0,7,21:00,556
4995304467,U,IB,1,4,1680,119548,116,44:00.0,6,9:00,556
4995304696,U,OB,1,1,165,139967,67,21:00.0,7,21:00,556
499530476X,U,OB,1,1,148,139967,67,03:00.0,7,22:00,556
4995304851,U,CTY,1,1,550,139967,B8  ,08:00.0,1,0:00,556
4995304851,U,OB,1,1,550,139967,67,11:00.0,7,21:00,556
4995305401,U,IB,1,1,250,130708,111,02:00.0,2,3:00,556
4995305704,U,IB,1,1,240,291244,113,45:00.0,5,13:00,556
4995305933,U,OB,1,1,186,132660,40,27:00.0,5,14:00,556
4995305989,U,OB,1,1,250,132660,40,11:00.0,5,15:00,556
4995306070,U,OB,1,2,770,132660,40,27:00.0,5,15:00,556
4995306108,U,OB,1,1,480,133251,17,43:00.0,5,12:00,556
4995306180,U,IB,1,2,666,291244,113,40:00.0,5,13:00,556
4995306218,U,OB,1,4,4088,290620,17,38:00.0,3,13:00,556
4995306227,U,OB,1,2,690,290620,17,44:00.0,3,13:00,556
4995306328,U,OB,1,2,360,138432,46,16:00.0,6,20:00,556
4995306346,U,OB,1,1,400,138432,46,18:00.0,6,20:00,556
4995306438,U,OB,1,1,130,127088,63,34:00.0,6,13:00,556
4995306447,U,OB,1,1,80,127088,63,38:00.0,6,13:00,556
4995306501,U,OB,1,1,118,127088,63,34:00.0,6,12:00,556
4995306602,U,OB,1,1,531,127088,63,32:00.0,6,13:00,556
499530707X,U,OB,1,1,950,211184,44,17:00.0,2,0:00,556
499530707X,U,OB,1,1,950,211184,44,17:00.0,2,0:00,556
4995307170,U,OB,1,1,210,127948,31,12:00.0,1,3:00,556
4995307199,U,OB,1,1,875,211184,44,17:00.0,2,0:00,556
4995307199,U,OB,1,1,875,211184,44,17:00.0,2,0:00,556
4995307345,U,OB,1,1,508,132150,67,49:00.0,2,19:00,556
4995307372,U,CTY,1,1,218,138066,189,01:00.0,3,5:00,556
4995307500,U,OB,1,1,154,132150,67,59:00.0,2,19:00,556
4995307693,U,OB,1,1,508,127948,31,23:00.0,1,3:00,556
4995308317,U,OB,1,1,515,125891,51,15:00.0,6,3:00,556
4995308335,U,IB,1,2,220,290036,163,37:00.0,7,9:00,556
4995308445,U,OB,1,1,180,125891,51,23:00.0,6,6:00,556
4995308564,U,OB,1,3,1414,125891,51,30:00.0,6,4:00,556
4995308903,U,OB,1,2,1560,125279,52,30:00.0,6,16:00,556
4995309078,U,OB,1,1,330,125891,51,26:00.0,6,6:00,556
4995309087,U,CTY,1,3,2218,127991,M   ,45:00.0,1,1:00,556
4995309316,U,CTY,1,1,220,278056,197,34:00.0,1,4:00,556
4995309572,U,OB,1,1,600,134752,73,25:00.0,3,0:00,556
499530960X,U,OB,1,2,164,134428,14,14:00.0,1,4:00,556
4995309875,U,OB,1,1,780,128760,89,37:00.0,4,7:00,556
4995310131,U,OB,1,1,190,134752,73,31:00.0,3,4:00,556
4995310250,U,OB,1,1,383,134752,73,20:00.0,3,4:00,556
499531070X,U,CTY,1,1,164,138630,196,03:00.0,5,7:00,556
4995311020,U,OB,1,4,4020,126921,38,44:00.0,6,6:00,556
4995311350,U,OB,1,1,70,45505,55,14:00.0,6,20:00,556
4995311433,U,OB,1,1,220,45505,55,14:00.0,6,22:00,556
4995311460,U,OB,1,1,220,45505,55,15:00.0,6,22:00,556
4995311662,U,OB,1,2,1390,121829,60,37:00.0,7,22:00,556
4995575754,U,IB,1,2,1150,139908,164,21:00.0,4,0:00,547
4996945391,U,OB,1,1,145,133533,43,11:00.0,5,7:00,682
4997721203,U,OB,1,1,2897,211720,73,49:00.0,6,14:00,511
4998096541,U,OB,1,1,131,202455,43,13:00.0,5,3:00,754
4998097679,U,OB,1,1,192,129663,22,25:00.0,6,18:00,754
4998111813,U,OB,1,2,2465,139779,50,23:00.0,5,7:00,754
4998141917,U,OB,1,1,515,125746,46,11:00.0,6,4:00,754
4998151249,U,OB,1,3,1025,125746,46,49:00.0,6,4:00,754
499815442X,U,OB,1,1,1200,133902,49,27:00.0,1,4:00,754
4998161497,U,OB,1,4,4930,133828,51,03:00.0,4,2:00,754
4998178381,U,OB,1,1,615,133906,31,52:00.0,3,19:00,754
4998178390,U,OB,1,1,241,127017,53,11:00.0,5,2:00,754
4998235839,U,OB,1,1,98,128105,76,27:00.0,7,22:00,412
499859035X,U,OB,1,1,237,200486,50,58:00.0,4,6:00,411
4998775297,U,IB,1,1,200,131973,114,25:00.0,4,21:00,303
4998965038,U,IB,1,1,90,128333,103,11:00.0,5,21:00,557
4999105948,U,OB,1,24,5299,138353,40,26:00.0,3,22:00,557
4999843718,U,IB,1,1,855,202245,117,27:00.0,6,17:00,266
5004875595,U,OB,1,1,245,136390,43,37:00.0,6,3:00,401
5004881068,U,IB,1,1,245,278078,149,36:00.0,5,4:00,401
5004882837,U,OB,1,1,136,127322,66,56:00.0,6,13:00,401
5032253507,U,IB,1,1,649,139690,114,25:00.0,1,10:00,240
5103572737,U,OB,1,5,4531,290207,32,36:00.0,3,2:00,510
5111480912,U,IB,1,2,405,128869,151,22:00.0,7,19:00,511
5112780425,U,CTY,1,2,586,139518,169,48:00.0,4,7:00,511
5112780434,U,IB,1,1,546,290769,129,11:00.0,6,14:00,511
5155058323,U,CTY,1,1,377,124352,238,27:00.0,5,21:00,218
5155058323,U,IB,1,1,377,124352,104,29:00.0,3,22:00,218
5155058323,U,CTY,1,1,377,124352,230,54:00.0,6,2:00,218
5185061688,U,CTY,1,7,9429,131332,172,49:00.0,4,22:00,324
5203176131,U,OB,1,3,210,137797,72,19:00.0,4,17:00,521
5203945839,U,OB,1,3,4428,125328,32,28:00.0,7,20:00,521
5204304255,U,OB,1,1,100,139944,89,51:00.0,1,13:00,521
5209251285,U,OB,1,3,1548,133078,88,31:00.0,4,8:00,521
5218009697,U,IB,1,1,418,118550,129,49:00.0,7,22:00,149
5261321926,U,OB,1,1,964,134449,89,59:00.0,3,2:00,348
5261321944,U,OB,1,1,958,134449,89,56:00.0,3,2:00,348
5261321980,U,OB,1,1,1060,R621153072,75,09:00.0,7,4:00,348
5261322009,U,OB,1,6,4440,139630,86,55:00.0,3,7:00,348
5261322054,U,OB,1,2,1395,140025,73,41:00.0,6,21:00,348
5261322081,U,OB,1,7,6205,135846,75,18:00.0,6,9:00,348
5261322128,U,IB,1,1,1045,134792,113,03:00.0,5,13:00,348
5261322137,U,OB,1,1,1030,134792,85,00:00.0,5,13:00,348
5261322137,U,IB,1,1,1030,134792,113,59:00.0,5,12:00,348
5261322164,U,IB,1,4,4165,126862,113,38:00.0,3,5:00,348
5261322164,U,OB,1,4,4165,126862,3,39:00.0,3,5:00,348
5261322182,U,IB,1,4,2844,530588,105,32:00.0,6,4:00,348
5280134081,U,OB,1,1,78,127927,39,26:00.0,7,6:00,671
5280164001,U,OB,1,1,1255,125429,90,56:00.0,4,6:00,671
5280373780,U,OB,1,3,2457,138474,43,53:00.0,1,9:00,740
5280786969,U,OB,1,1,1305,135685,39,02:00.0,1,17:00,730
5280824827,U,OB,1,1,58,135485,89,08:00.0,1,10:00,433
5280855416,U,OB,1,1,632,134015,72,35:00.0,4,10:00,433
5280855461,U,OB,1,1,442,559674,49,15:00.0,5,8:00,433
528087132X,U,OB,1,1,53,135730,52,24:00.0,3,2:00,433
5280871339,U,OB,1,1,1350,135730,52,17:00.0,3,2:00,433
5280871348,U,OB,1,2,1800,135730,52,13:00.0,3,2:00,433
5280871366,U,OB,1,8,2676,129725,53,03:00.0,5,16:00,433
5280871366,U,CTY,1,8,2676,129725,203,22:00.0,6,11:00,433
5280871393,U,OB,1,3,1715,261017,63,15:00.0,6,7:00,433
5280871402,U,OB,1,1,600,136298,58,16:00.0,6,4:00,433
5280871411,U,OB,1,1,300,136298,58,23:00.0,6,4:00,433
5280871420,U,OB,1,1,278,136298,58,32:00.0,6,4:00,433
528087143X,U,OB,1,3,2775,136298,58,43:00.0,6,4:00,433
5280871458,U,OB,1,8,4000,202565,52,39:00.0,1,19:00,433
5280871467,U,OB,1,3,115,202565,45,23:00.0,1,18:00,433
5280871467,U,OB,1,3,115,202565,52,44:00.0,1,17:00,433
5280884566,U,OB,1,2,744,126202,55,32:00.0,4,5:00,433
5280887866,U,OB,1,1,208,133944,14,46:00.0,2,22:00,433
5280887875,U,OB,1,1,425,125049,18,18:00.0,7,3:00,433
5281097654,U,OB,1,4,1145,135485,89,49:00.0,1,10:00,433
5281097690,U,OB,1,5,2460,118588,96,34:00.0,7,9:00,433
528109770X,U,OB,1,7,5620,118588,96,57:00.0,7,8:00,433
5281097728,U,OB,1,4,1940,129899,72,01:00.0,1,7:00,433
5281127134,U,OB,1,11,7145,530683,66,40:00.0,2,0:00,433
5281127143,U,OB,1,12,5990,530683,66,31:00.0,2,1:00,433
5281127152,U,OB,1,6,646,530683,66,31:00.0,2,1:00,433
5281127199,U,OB,1,2,1810,129760,63,01:00.0,3,15:00,433
5281132497,U,OB,1,1,15,138036,47,29:00.0,1,10:00,433
5281132524,U,IB,1,1,50,127614,145,41:00.0,7,14:00,433
5281132560,U,OB,1,1,50,131790,5,10:00.0,3,9:00,433
528113257X,U,OB,1,1,15,135253,32,06:00.0,3,13:00,433
5281132598,U,OB,1,1,14,202196,49,57:00.0,4,7:00,433
5281132652,U,OB,1,1,15,136097,46,47:00.0,3,15:00,433
5281132661,U,OB,1,1,15,136097,46,48:00.0,3,15:00,433
5281132670,U,OB,1,1,50,136097,46,45:00.0,3,15:00,433
5281132699,U,OB,1,1,15,136097,46,31:00.0,3,15:00,433
5281132708,U,OB,1,3,45,136097,46,26:00.0,3,15:00,433
5281132753,U,IB,1,1,53,530159,105,30:00.0,7,8:00,433
5281132780,U,OB,1,1,12,127404,19,47:00.0,4,9:00,433
5281132780,U,OB,1,1,12,127404,19,47:00.0,4,9:00,433
5281132845,U,OB,1,1,50,119135,49,31:00.0,6,13:00,433
5281132854,U,OB,1,1,50,136268,49,36:00.0,3,4:00,433
5281132863,U,IB,1,3,37,128578,133,04:00.0,4,12:00,433
528113290X,U,OB,1,1,42,132278,69,46:00.0,7,10:00,433
5281361140,U,OB,1,1,260,125203,63,12:00.0,2,17:00,411
5281361205,U,OB,1,1,225,125203,63,55:00.0,2,16:00,411
528136126X,U,OB,1,1,197,125203,63,49:00.0,2,17:00,411
5281361342,U,OB,1,1,73,125203,63,20:00.0,2,19:00,411
5281361360,U,OB,1,1,158,134706,63,21:00.0,1,0:00,411
5281361407,U,OB,1,1,123,134706,63,50:00.0,1,0:00,411
5281361517,U,OB,1,1,117,129573,52,20:00.0,4,5:00,411
5281361535,U,OB,1,3,381,129573,52,54:00.0,4,7:00,411
5281361562,U,OB,1,1,104,129573,52,04:00.0,4,8:00,411
5281361654,U,OB,1,1,149,126145,49,17:00.0,3,14:00,411
5281361663,U,OB,1,4,385,129573,52,32:00.0,4,5:00,411
528136170X,U,OB,1,2,511,129573,52,30:00.0,4,6:00,411
5281361737,U,OB,1,1,119,129573,52,02:00.0,4,8:00,411
5281361764,U,OB,1,2,116,129573,52,54:00.0,4,5:00,411
528136181X,U,OB,1,1,234,126145,49,40:00.0,3,16:00,411
5281361847,U,OB,1,2,205,134974,50,20:00.0,5,6:00,411
5281361856,U,OB,1,1,48,134974,50,49:00.0,5,8:00,411
528136192X,U,OB,1,1,168,134974,50,51:00.0,5,8:00,411
5281361975,U,OB,1,2,511,123901,69,06:00.0,5,16:00,411
5281362020,U,OB,1,1,390,134634,39,35:00.0,6,13:00,411
5281362058,U,OB,1,1,208,131859,22,49:00.0,6,8:00,411
5281362067,U,OB,1,2,332,134634,39,53:00.0,6,13:00,411
5281362103,U,OB,1,1,126,123237,40,30:00.0,6,7:00,411
5281362112,U,OB,1,1,137,123237,40,08:00.0,6,7:00,411
5281362168,U,OB,1,1,210,124201,48,33:00.0,1,11:00,411
5281362269,U,OB,1,2,273,291140,46,24:00.0,1,4:00,411
5281362287,U,OB,1,2,290,202181,39,55:00.0,1,6:00,411
5281362296,U,OB,1,1,126,202181,39,51:00.0,1,6:00,411
528136236X,U,OB,1,1,381,291140,46,18:00.0,1,5:00,411
5281362379,U,OB,1,2,511,291140,46,15:00.0,1,3:00,411
5281362406,U,OB,1,1,118,291140,46,07:00.0,1,4:00,411
528136247X,U,OB,1,2,607,139697,49,42:00.0,3,21:00,411
528136258X,U,OB,1,1,178,290300,43,49:00.0,4,3:00,411
5281362608,U,OB,1,1,118,136911,67,16:00.0,4,17:00,411
5281362662,U,OB,1,1,118,136911,67,01:00.0,4,18:00,411
528136269X,U,OB,1,2,263,136911,67,20:00.0,4,19:00,411
5281362709,U,OB,1,1,139,290300,43,13:00.0,4,4:00,411
5281362718,U,OB,1,1,173,136911,67,59:00.0,4,18:00,411
5281362781,U,OB,1,1,266,290300,43,51:00.0,4,3:00,411
5281362837,U,OB,1,1,136,136911,67,33:00.0,4,17:00,411
5281362846,U,OB,1,1,166,136911,67,31:00.0,4,17:00,411
5281362873,U,OB,1,3,297,126783,48,53:00.0,7,12:00,411
5281362938,U,OB,1,1,107,134040,51,53:00.0,7,7:00,411
5281362965,U,OB,1,2,332,291008,88,06:00.0,7,20:00,411
5281363039,U,OB,1,1,167,126783,48,07:00.0,7,13:00,411
5281363066,U,OB,1,1,168,134040,51,57:00.0,7,7:00,411
5281363084,U,OB,1,1,84,291008,88,25:00.0,7,14:00,411
5281363120,U,OB,1,1,124,134040,51,34:00.0,7,6:00,411
5281363158,U,OB,1,1,180,129894,31,00:00.0,3,8:00,411
5281363167,U,OB,1,1,124,134040,51,05:00.0,7,10:00,411
5281363212,U,OB,1,1,238,128106,63,45:00.0,4,7:00,411
528136324X,U,OB,1,1,83,128106,63,38:00.0,4,7:00,411
5281363259,U,OB,1,1,139,128106,63,39:00.0,4,7:00,411
5281363268,U,OB,1,1,89,128106,63,48:00.0,4,6:00,411
5281363277,U,OB,1,1,137,128106,63,25:00.0,4,7:00,411
5281363295,U,OB,1,1,196,128106,63,48:00.0,4,7:00,411
5281363304,U,OB,1,2,157,128106,63,55:00.0,4,7:00,411
5281363322,U,OB,1,2,333,128106,63,51:00.0,4,7:00,411
528136335X,U,OB,1,2,263,128106,63,12:00.0,4,7:00,411
5281363396,U,OB,1,1,512,128106,63,42:00.0,4,7:00,411
5281363405,U,OB,1,1,294,128106,63,27:00.0,4,7:00,411
5281363414,U,OB,1,1,136,128106,63,54:00.0,4,6:00,411
5281363432,U,OB,1,1,368,128106,63,30:00.0,4,7:00,411
5281363441,U,OB,1,1,198,128106,63,08:00.0,4,7:00,411
5281363479,U,OB,1,1,136,128106,63,09:00.0,4,7:00,411
5281363515,U,OB,1,1,259,134612,49,39:00.0,3,16:00,411
5281363560,U,OB,1,1,150,134612,49,51:00.0,3,16:00,411
5281363616,U,OB,1,1,143,134612,49,11:00.0,3,15:00,411
5281363699,U,OB,1,2,288,136475,50,44:00.0,1,11:00,411
5281363717,U,OB,1,4,630,136475,50,24:00.0,1,14:00,411
5281363735,U,OB,1,2,390,136475,50,59:00.0,1,12:00,411
5281363744,U,OB,1,1,161,138649,84,59:00.0,1,21:00,411
528136379X,U,OB,1,1,132,281072,60,05:00.0,1,0:00,411
5281363836,U,OB,1,1,122,281072,60,14:00.0,1,1:00,411
5281363854,U,OB,1,1,330,137603,39,58:00.0,7,21:00,411
5281363872,U,OB,1,1,318,281072,60,09:00.0,1,0:00,411
5281363919,U,OB,1,3,524,138226,74,51:00.0,4,8:00,411
5281363937,U,OB,1,3,359,138226,74,39:00.0,4,7:00,411
5281363946,U,OB,1,2,263,138226,74,58:00.0,4,6:00,411
5281363973,U,OB,1,5,404,138226,74,56:00.0,4,5:00,411
5281363991,U,OB,1,2,217,130482,26,18:00.0,3,8:00,411
5281364000,U,OB,1,2,332,138226,74,47:00.0,4,8:00,411
5281364038,U,OB,1,2,332,138226,74,44:00.0,4,6:00,411
5281364047,U,OB,1,2,263,138226,74,28:00.0,4,6:00,411
5281364065,U,OB,1,1,233,138226,74,05:00.0,4,8:00,411
5281364083,U,OB,1,2,273,138226,74,23:00.0,4,8:00,411
5281364092,U,OB,1,6,593,138226,74,42:00.0,4,8:00,411
5281364166,U,OB,1,1,89,126227,53,57:00.0,3,13:00,411
5281364211,U,OB,1,1,89,130482,26,05:00.0,3,8:00,411
5281364249,U,OB,1,1,89,126227,53,00:00.0,3,14:00,411
5281364276,U,OB,1,2,279,134612,49,07:00.0,3,15:00,411
5281364294,U,OB,1,1,89,125483,43,09:00.0,5,8:00,411
5281364303,U,OB,1,1,51,130482,26,04:00.0,3,13:00,411
5281364312,U,OB,1,1,139,130482,26,10:00.0,3,13:00,411
5281364330,U,OB,1,1,168,130482,26,55:00.0,3,9:00,411
5281364377,U,OB,1,1,168,125483,43,12:00.0,5,8:00,411
5281364395,U,OB,1,1,163,130482,26,51:00.0,3,9:00,411
5281364431,U,OB,1,1,168,130482,26,08:00.0,3,13:00,411
5281364440,U,OB,1,1,155,129853,40,39:00.0,5,13:00,411
528136445X,U,OB,1,1,675,137640,60,59:00.0,5,19:00,411
5281364487,U,OB,1,1,97,130484,60,32:00.0,5,11:00,411
5281364496,U,OB,1,2,263,130484,60,23:00.0,5,9:00,411
5281364514,U,OB,1,1,112,137640,60,07:00.0,5,20:00,411
5281364532,U,OB,1,3,339,137640,60,54:00.0,5,19:00,411
5281364541,U,OB,1,1,188,137640,60,14:00.0,5,20:00,411
528136456X,U,OB,1,1,697,137640,60,11:00.0,5,21:00,411
5281364579,U,OB,1,2,158,137640,60,11:00.0,5,20:00,411
5281364588,U,OB,1,3,183,130484,60,34:00.0,5,11:00,411
5281364633,U,OB,1,1,275,137640,60,16:00.0,5,21:00,411
5281364651,U,OB,1,1,97,137640,60,14:00.0,5,21:00,411
528136467X,U,OB,1,1,163,129853,40,18:00.0,5,14:00,411
5281364707,U,OB,1,1,47,129853,40,12:00.0,5,22:00,411
5281364725,U,OB,1,1,152,132838,69,33:00.0,6,13:00,411
5281364734,U,OB,1,1,124,132838,69,25:00.0,6,8:00,411
5281364799,U,OB,1,2,155,132838,69,19:00.0,6,8:00,411
5281364808,U,OB,1,7,204,132838,69,55:00.0,6,13:00,411
5281364826,U,OB,1,1,43,132838,69,12:00.0,6,14:00,411
5281364853,U,OB,1,1,177,132838,69,28:00.0,6,13:00,411
5281364871,U,OB,1,1,170,132838,69,50:00.0,6,8:00,411
528136489X,U,OB,1,1,126,132838,69,34:00.0,6,8:00,411
5281364918,U,OB,1,1,573,125829,73,52:00.0,2,20:00,411
5281364936,U,OB,1,3,302,125829,73,17:00.0,2,16:00,411
5281364945,U,OB,1,3,308,137849,40,24:00.0,1,2:00,411
5281364990,U,OB,1,1,430,278731,49,36:00.0,3,7:00,411
5281365046,U,OB,1,2,231,137849,40,36:00.0,1,6:00,411
5281365091,U,OB,1,3,149,137849,40,20:00.0,1,7:00,411
5281365174,U,OB,1,2,330,278731,49,47:00.0,3,7:00,411
5281365210,U,OB,1,6,536,278731,61,07:00.0,3,16:00,411
5281365210,U,OB,1,6,536,278731,49,34:00.0,3,11:00,411
5281365239,U,OB,1,2,320,278731,49,14:00.0,3,7:00,411
5281365257,U,OB,1,1,200,129784,66,45:00.0,2,9:00,411
5281365275,U,OB,1,1,128,129784,66,01:00.0,2,11:00,411
5281365293,U,OB,1,1,137,129784,66,14:00.0,2,10:00,411
5281365311,U,OB,1,2,332,278731,49,24:00.0,3,8:00,411
5281365358,U,OB,1,1,133,129784,66,51:00.0,2,9:00,411
5281365412,U,OB,1,1,139,137849,40,03:00.0,1,1:00,411
5281365430,U,CTY,1,1,120,126648,173,13:00.0,2,2:00,411
528136544X,U,OB,1,1,49,129784,66,01:00.0,2,11:00,411
5281365477,U,OB,1,5,361,129696,58,36:00.0,3,18:00,411
5281365486,U,OB,1,2,228,133233,63,00:00.0,4,8:00,411
5281365531,U,OB,1,2,263,134526,48,15:00.0,4,13:00,411
528136555X,U,OB,1,2,332,134526,48,18:00.0,4,13:00,411
5281365605,U,OB,1,2,160,134526,48,25:00.0,4,14:00,411
5281365614,U,OB,1,4,247,133233,63,31:00.0,4,10:00,411
5281365623,U,OB,1,1,196,133233,63,47:00.0,4,9:00,411
5281365641,U,OB,1,1,143,133233,63,06:00.0,4,9:00,411
5281365650,U,OB,1,1,115,131869,53,57:00.0,4,13:00,411
5281365697,U,OB,1,1,430,134526,48,18:00.0,4,15:00,411
5281365733,U,OB,1,2,258,133233,63,53:00.0,4,6:00,411
5281365742,U,OB,1,2,160,133233,63,09:00.0,4,8:00,411
5281365760,U,OB,1,2,160,133233,63,25:00.0,4,10:00,411
5281365789,U,OB,1,1,245,133519,43,59:00.0,4,13:00,411
5281365798,U,OB,1,1,213,133233,63,29:00.0,4,8:00,411
5281365807,U,OB,1,1,153,131869,53,51:00.0,4,13:00,411
5281365816,U,OB,1,1,253,131696,55,27:00.0,4,13:00,411
5281365843,U,OB,1,1,86,134526,48,23:00.0,4,13:00,411
5281365870,U,OB,1,1,121,134526,48,19:00.0,4,14:00,411
528136588X,U,OB,1,1,180,134526,48,36:00.0,4,13:00,411
5281365899,U,OB,1,1,120,134526,48,16:00.0,4,14:00,411
5281365953,U,OB,1,1,165,133233,63,56:00.0,4,8:00,411
5281365980,U,OB,1,1,195,133233,63,55:00.0,4,8:00,411
528136599X,U,OB,1,1,670,133233,63,03:00.0,4,9:00,411
5281366018,U,OB,1,1,216,133233,63,23:00.0,4,9:00,411
5281366036,U,OB,1,1,74,131869,53,39:00.0,4,15:00,411
5281366045,U,OB,1,1,165,133233,63,00:00.0,4,9:00,411
5281366063,U,OB,1,1,125,133233,63,39:00.0,4,9:00,411
5281366072,U,OB,1,1,104,133233,63,23:00.0,4,10:00,411
5281366090,U,OB,1,2,91,133233,63,23:00.0,4,10:00,411
5281366164,U,OB,1,1,50,280868,89,46:00.0,5,21:00,411
5281366173,U,OB,1,1,50,280868,89,46:00.0,5,21:00,411
5281366229,U,OB,1,1,126,135636,50,30:00.0,5,7:00,411
5281366238,U,OB,1,1,139,139653,87,20:00.0,6,11:00,411
5281366283,U,OB,1,1,351,280868,89,57:00.0,5,20:00,411
5281366310,U,OB,1,1,131,280868,89,41:00.0,5,22:00,411
528136632X,U,OB,1,1,130,135636,61,37:00.0,5,8:00,411
528136632X,U,OB,1,1,130,135636,50,58:00.0,5,7:00,411
5281366348,U,OB,1,1,143,135636,50,32:00.0,5,6:00,411
5281366357,U,OB,1,1,127,135636,61,39:00.0,5,8:00,411
5281366357,U,OB,1,1,127,135636,50,55:00.0,5,7:00,411
5281366402,U,OB,1,1,255,135636,50,28:00.0,5,8:00,411
5281366458,U,OB,1,1,47,121937,55,58:00.0,6,9:00,411
5281366476,U,OB,1,1,180,202088,60,12:00.0,6,15:00,411
5281366485,U,OB,1,2,320,121937,55,52:00.0,6,9:00,411
5281366512,U,OB,1,1,175,202088,60,13:00.0,6,15:00,411
5281366678,U,OB,1,1,175,132522,26,24:00.0,7,11:00,411
5281366687,U,OB,1,2,1157,132522,26,55:00.0,7,12:00,411
5281366705,U,OB,1,1,118,132522,26,45:00.0,7,12:00,411
5281366732,U,OB,1,1,170,132522,26,01:00.0,7,11:00,411
528136676X,U,OB,1,1,87,132522,26,42:00.0,7,11:00,411
5281366779,U,OB,1,1,221,132522,26,54:00.0,7,10:00,411
5281909876,U,IB,1,1,174,202228,123,17:00.0,7,0:00,890
5281910004,U,IB,1,1,136,132855,113,46:00.0,7,12:00,890
5281912067,U,IB,1,2,876,127379,111,00:00.0,2,17:00,890
5281912130,U,OB,1,1,280,137436,97,06:00.0,6,16:00,890
5281912130,U,IB,1,1,280,137436,119,03:00.0,6,16:00,890
528191214X,U,IB,1,2,495,137436,119,04:00.0,6,16:00,890
5281912305,U,IB,1,10,4545,128821,117,17:00.0,1,18:00,890
5281912305,U,CTY,1,10,4545,128821,204,44:00.0,3,8:00,890
528191236X,U,IB,1,1,658,140202,151,09:00.0,2,15:00,890
5281926266,U,IB,1,1,233,280582,131,36:00.0,6,0:00,890
5281926302,U,IB,1,1,833,280582,131,25:00.0,6,0:00,890
528192633X,U,IB,1,1,140,131651,141,35:00.0,1,11:00,890
5281927081,U,IB,1,2,1140,133558,133,28:00.0,1,16:00,890
5281927119,U,IB,1,4,3130,134353,113,09:00.0,7,8:00,890
5281946001,U,IB,1,2,1240,129515,129,48:00.0,1,17:00,890
5281946259,U,IB,1,1,256,132855,113,41:00.0,7,12:00,890
5282003953,U,CTY,1,1,270,138436,168,10:00.0,4,2:00,213
5282003980,U,IB,1,2,910,126960,116,03:00.0,3,22:00,213
5282048274,U,OB,1,1,136,117716,88,06:00.0,7,7:00,213
5282048292,U,OB,1,1,636,117716,88,44:00.0,7,8:00,213
5282048339,U,CTY,1,6,2163,PASC634013,195,45:00.0,6,9:00,213
5282048339,U,CTY,1,6,2163,PASC634013,204,21:00.0,6,20:00,213
5282048458,U,CTY,1,1,1730,133646,186,14:00.0,4,1:00,213
5282048458,U,CTY,1,1,1730,133646,186,14:00.0,4,1:00,213
5282048476,U,OB,1,1,1281,139757,60,00:00.0,5,7:00,213
5282048494,U,IB,1,4,1252,118295,127,52:00.0,6,0:00,213
5282254726,U,CTY,1,1,938,125588,168,26:00.0,1,20:00,111
5282433375,U,IB,1,1,198,123302,141,19:00.0,3,15:00,819
5282471444,U,IB,1,3,805,568031,164,33:00.0,2,19:00,819
5282636536,U,OB,1,2,2590,138432,46,33:00.0,6,21:00,521
5285135837,U,IB,1,1,1170,127193,141,05:00.0,5,16:00,621
5286618637,U,IB,1,1,717,140037,112,16:00.0,3,10:00,186
5286618655,U,IB,1,1,356,132438,104,34:00.0,2,19:00,186
5286618655,U,CTY,1,1,356,132438,204,57:00.0,4,8:00,186
5286863542,U,IB,1,1,270,125024,164,02:00.0,6,6:00,881
5287270084,U,CTY,1,3,1610,252131,189,47:00.0,3,13:00,899
5287529226,U,IB,1,12,3340,T402218929,145,24:00.0,5,15:00,324
5287529271,U,CTY,1,1,52,128129,169,51:00.0,4,7:00,324
5287529419,U,CTY,1,1,106,132065,187,02:00.0,4,16:00,324
5287758668,U,IB,1,1,1462,559143,163,49:00.0,1,8:00,216
5288499949,U,OB,1,1,680,125182,38,43:00.0,1,21:00,525
5288500068,U,IB,1,3,1460,137512,143,49:00.0,6,11:00,525
5288500077,U,OB,1,3,984,127827,89,23:00.0,7,16:00,525
5288629280,U,IB,1,1,252,128923,112,10:00.0,1,20:00,145
5288629318,U,OB,1,1,785,131463,95,53:00.0,6,17:00,145
5288629327,U,OB,1,1,485,131463,95,56:00.0,6,17:00,145
5288696867,U,CTY,1,2,1751,132400,189,53:00.0,7,14:00,145
5289270654,U,IB,1,1,295,125006,103,08:00.0,7,7:00,145
5289270966,U,CTY,1,1,325,133626,216,00:00.0,2,0:00,145
5289270966,U,CTY,1,1,325,133626,192,49:00.0,6,18:00,145
5289271671,U,OB,1,1,584,202465,78,44:00.0,4,3:00,145
5289591396,U,IB,1,1,380,137678,104,56:00.0,5,20:00,266
5315104303,U,CTY,1,2,1075,261029,175,57:00.0,5,7:00,531
5315104312,U,IB,1,4,1865,281030,125,35:00.0,2,0:00,531
5315104330,U,IB,1,3,1585,281030,125,30:00.0,2,0:00,531
5322601262,U,CTY,1,1,480,140023,173,51:00.0,4,17:00,532
5322601318,U,OB,1,2,2020,127135,78,13:00.0,4,15:00,532
5375764029,U,OB,1,1,280,124330,88,44:00.0,4,8:00,557
5375771242,U,IB,1,1,373,128333,103,44:00.0,5,19:00,557
5450135457,U,CTY,1,3,3347,281330,170,07:00.0,3,22:00,830
5450135457,U,CTY,1,3,3347,281330,170,07:00.0,3,22:00,830
5451365641,U,OB,1,1,340,138182,53,30:00.0,5,21:00,313
5451589538,U,OB,1,1,320,390072,96,05:00.0,6,0:00,422
5451589547,U,OB,1,2,1270,390072,96,00:00.0,6,0:00,422
5451589556,U,OB,1,4,1650,390072,96,29:00.0,5,23:00,422
5451590418,U,OB,1,4,2420,C422057019,49,18:00.0,5,5:00,422
5451590427,U,OB,1,1,260,532178,55,21:00.0,4,18:00,422
5451590436,U,OB,1,1,370,530683,49,40:00.0,7,5:00,422
5451676135,U,OB,1,3,1115,820869,11,05:00.0,2,21:00,422
5451676144,U,OB,1,2,661,530504,48,11:00.0,2,21:00,422
5451756884,U,OB,1,1,1925,830967,39,18:00.0,4,22:00,422
5451756893,U,OB,1,1,1025,89542,58,52:00.0,5,22:00,422
5451756902,U,OB,1,3,3989,89542,31,13:00.0,6,22:00,422
5451756911,U,OB,1,3,7889,89542,32,46:00.0,2,22:00,422
5451756920,U,OB,1,3,8042,558194,69,41:00.0,2,22:00,422
5451799876,U,IB,1,2,3439,559026,123,48:00.0,5,22:00,422
5451850357,U,OB,1,4,1960,311349,31,28:00.0,5,18:00,422
5451850366,U,OB,1,2,835,842100,95,46:00.0,6,22:00,422
5451850384,U,CTY,1,3,1285,82703,214,04:00.0,5,19:00,422
5452594992,U,IB,1,1,243,261345,145,00:00.0,4,21:00,889
5452822481,U,OB,1,1,570,125392,76,53:00.0,7,3:00,616
545313897X,U,IB,1,1,405,126080,149,29:00.0,1,5:00,211
5453223909,U,IB,1,1,600,135636,116,13:00.0,2,10:00,891
5453223918,U,CTY,1,1,509,126350,175,49:00.0,2,1:00,891
5453223927,U,CTY,1,2,1150,126350,175,50:00.0,2,1:00,891
5453225604,U,OB,1,1,330,131027,90,49:00.0,1,22:00,891
5453341773,U,IB,1,1,942,126729,135,24:00.0,4,13:00,216
5453538893,U,IB,1,1,280,138428,145,22:00.0,2,18:00,565
5453643723,U,OB,1,2,530,126269,17,07:00.0,5,19:00,714
5453780188,U,OB,1,1,450,119743,95,30:00.0,6,12:00,757
5453823299,U,OB,1,1,270,128622,63,37:00.0,4,15:00,757
5454059651,U,OB,1,1,400,132358,84,50:00.0,3,19:00,617
5454073219,U,CTY,1,1,250,137871,214,25:00.0,1,9:00,617
5454073291,U,OB,1,1,1210,134115,90,21:00.0,4,12:00,617
5454201203,U,CTY,1,1,378,261384,192,04:00.0,1,7:00,205
5454271668,U,IB,1,1,235,138486,104,43:00.0,2,3:00,205
5454694719,U,CTY,1,1,25,41166,175,40:00.0,5,10:00,319
5454968096,U,CTY,1,1,2530,133757,225,23:00.0,5,13:00,312
5455026001,U,OB,1,6,1323,131077,89,57:00.0,3,11:00,644
5455026010,U,OB,1,2,365,138144,67,54:00.0,4,13:00,644
545502602X,U,OB,1,2,279,136804,74,39:00.0,7,20:00,644
5455026093,U,OB,1,5,1135,136660,50,51:00.0,3,17:00,644
5455333671,U,CTY,1,2,1045,133108,194,47:00.0,2,8:00,661
5455333709,U,IB,1,2,541,127688,123,04:00.0,5,14:00,661
5455333736,U,IB,1,2,723,132504,150,54:00.0,5,5:00,661
5455933144,U,IB,1,1,195,123652,111,55:00.0,2,22:00,556
5455934987,U,OB,1,1,195,139746,66,37:00.0,5,10:00,556
545593506X,U,OB,1,1,195,139746,66,43:00.0,5,10:00,556
5456066428,U,OB,1,4,4165,126398,95,54:00.0,2,19:00,556
5456174520,U,IB,1,1,324,137774,145,51:00.0,3,15:00,642
545617453X,U,IB,1,1,268,137774,145,42:00.0,3,17:00,642
5456178866,U,IB,1,14,3330,132656,127,32:00.0,3,23:00,642
5456179113,U,IB,1,12,250,138055,145,54:00.0,7,14:00,642
5456179214,U,IB,1,1,400,131187,125,22:00.0,4,10:00,642
5456179232,U,CTY,1,1,1851,132772,168,14:00.0,1,11:00,642
5457339999,U,OB,1,6,10518,129927,31,32:00.0,6,18:00,184
5457340017,U,IB,1,1,3631,135821,123,33:00.0,7,15:00,184
5458988210,U,CTY,1,4,1080,CVEN46008,173,34:00.0,7,12:00,116
5459148581,U,OB,1,1,65,123517,53,36:00.0,4,10:00,116
5459837300,U,OB,1,12,5182,134071,52,46:00.0,3,13:00,421
5459837347,U,OB,1,4,1932,139735,18,22:00.0,4,22:00,421
5459837439,U,OB,1,6,2196,119275,49,08:00.0,7,20:00,421
5459837457,U,OB,1,1,163,119275,49,11:00.0,7,16:00,421
5459837475,U,OB,1,4,1675,119275,49,25:00.0,7,16:00,421
5459837558,U,OB,1,5,3600,126700,50,27:00.0,4,14:00,421
5459837585,U,OB,1,1,234,126700,50,51:00.0,4,13:00,421
5459837585,U,OB,1,1,234,126700,28,38:00.0,4,15:00,421
5459837594,U,OB,1,1,860,130866,22,28:00.0,5,14:00,421
5459837603,U,OB,1,5,4456,131945,38,59:00.0,5,16:00,421
5459837621,U,OB,1,1,322,137774,46,20:00.0,5,6:00,421
5459837630,U,OB,1,3,1458,131945,38,38:00.0,5,16:00,421
5459837659,U,OB,1,1,754,125212,50,27:00.0,6,3:00,421
5459837704,U,OB,1,1,76,129847,53,19:00.0,7,16:00,421
5459837731,U,OB,1,1,138,129847,53,54:00.0,7,15:00,421
5459837740,U,OB,1,16,7680,129847,53,45:00.0,7,15:00,421
5459837787,U,OB,1,1,442,139785,53,48:00.0,6,0:00,421
5459837796,U,OB,1,5,2546,139785,53,59:00.0,6,0:00,421
5459837832,U,OB,1,2,1044,128129,69,40:00.0,7,7:00,421
5459837897,U,OB,1,1,1020,134345,22,48:00.0,4,9:00,421
5459837906,U,OB,1,3,3564,134345,22,25:00.0,4,10:00,421
5459837915,U,OB,1,2,3802,134345,22,41:00.0,4,9:00,421
545983797X,U,OB,1,4,1744,558965,52,50:00.0,7,6:00,421
5460047502,U,IB,1,1,435,202022,151,08:00.0,3,17:00,292
5460047612,U,IB,1,1,400,121153,105,36:00.0,4,8:00,292
5461215538,U,CTY,1,1,350,137791,169,04:00.0,2,7:00,548
5461675823,U,IB,1,2,397,129515,129,41:00.0,1,17:00,890
546167586X,U,IB,1,2,565,140202,151,14:00.0,2,14:00,890
546167586X,U,CTY,1,2,565,140202,235,31:00.0,4,21:00,890
546167586X,U,CTY,1,2,565,140202,231,26:00.0,3,21:00,890
5461675942,U,IB,1,2,750,133352,143,28:00.0,4,18:00,890
5461676052,U,IB,1,2,653,134353,113,39:00.0,7,6:00,890
5461676099,U,IB,1,2,635,134978,117,53:00.0,2,13:00,890
5461676117,U,IB,1,2,654,134978,117,08:00.0,2,14:00,890
5461676135,U,IB,1,1,490,139808,151,50:00.0,5,14:00,890
5461677922,U,IB,1,2,564,134784,123,11:00.0,5,7:00,890
5461678005,U,CTY,1,12,3540,127011,218,55:00.0,5,3:00,890
5461680122,U,IB,1,2,1197,137991,125,58:00.0,3,21:00,890
5461680169,U,IB,1,3,1121,140202,151,07:00.0,2,15:00,890
5461692498,U,IB,1,2,268,134978,117,59:00.0,2,14:00,890
5461692507,U,IB,1,1,602,134353,113,02:00.0,7,8:00,890
5461991936,U,IB,1,1,701,126878,133,20:00.0,4,8:00,873
5462089010,U,IB,1,1,785,134102,163,42:00.0,3,0:00,213
5462105566,U,IB,1,1,3450,137943,164,59:00.0,3,23:00,213
5462188991,U,CTY,1,1,315,138436,168,14:00.0,4,2:00,213
5462322513,U,CTY,1,1,997,134953,188,50:00.0,2,17:00,152
5463182502,U,CTY,1,1,420,136740,188,15:00.0,5,21:00,809
5463217170,U,IB,1,1,154,131923,129,10:00.0,7,5:00,809
5463446951,U,OB,1,1,433,122911,51,02:00.0,1,12:00,685
5463556740,U,OB,1,4,2580,134699,58,00:00.0,6,2:00,740
5464125624,U,OB,1,1,200,128641,22,06:00.0,5,18:00,402
5464252270,U,IB,1,1,375,126710,163,32:00.0,7,20:00,402
5464322277,U,CTY,1,58,1540,134425,175,09:00.0,5,20:00,682
5464411698,U,CTY,1,3,710,134425,175,40:00.0,5,19:00,682
5464888694,U,CTY,1,1,407,135119,188,24:00.0,1,12:00,309
5464888712,U,CTY,1,1,505,PASC634534,176,15:00.0,1,14:00,309
5465267231,U,IB,1,1,747,135055,127,36:00.0,7,4:00,569
5465267599,U,IB,1,1,1170,124263,117,36:00.0,5,2:00,569
5465267608,U,IB,1,2,1564,124263,117,33:00.0,5,2:00,569
5465419251,U,CTY,1,1,314,125296,196,15:00.0,4,22:00,318
5465419361,U,CTY,1,1,310,124058,174,47:00.0,6,21:00,318
5465420297,U,CTY,1,1,281,125296,196,02:00.0,4,22:00,318
5465420306,U,CTY,1,1,320,125296,196,04:00.0,4,22:00,318
5465420315,U,CTY,1,1,198,125296,196,10:00.0,4,22:00,318
5465420333,U,CTY,1,1,45,125296,196,52:00.0,4,20:00,318
5465420351,U,IB,1,1,326,261079,151,18:00.0,6,10:00,318
5465684470,U,OB,1,1,580,127605,78,13:00.0,6,22:00,615
5465859078,U,IB,1,1,1820,128839,152,38:00.0,4,12:00,352
5465859114,U,IB,1,10,2630,123508,112,17:00.0,2,16:00,352
5467289325,U,OB,1,1,972,904116,52,19:00.0,7,19:00,644
5467289334,U,OB,1,2,2565,127653,55,44:00.0,4,10:00,644
5467528456,U,IB,1,1,510,290805,127,09:00.0,1,1:00,218
5467696691,U,OB,1,1,529,134530,95,58:00.0,6,6:00,218
5467783418,U,IB,1,1,457,R218181347,131,10:00.0,5,20:00,218
5468574940,U,OB,1,1,233,249253,97,10:00.0,6,13:00,653
5468574940,U,IB,1,1,233,249253,103,09:00.0,6,13:00,653
5469085185,U,CTY,1,1,615,125831,169,33:00.0,4,15:00,344
5469085194,U,IB,1,1,1215,125732,125,35:00.0,6,21:00,344
5469109266,U,CTY,1,1,150,129628,194,34:00.0,4,15:00,344
5485631387,U,IB,1,20,208,127509,129,28:00.0,3,21:00,548
5517376308,U,IB,1,3,78,134941,113,05:00.0,2,7:00,556
5551537562,U,IB,1,3,2180,133030,152,06:00.0,6,2:00,555
556556590X,U,OB,1,1,590,131037,95,35:00.0,5,15:00,556
5565807441,U,OB,1,2,2110,139545,67,31:00.0,2,16:00,556
5566325258,U,OB,1,4,120,139746,66,22:00.0,5,10:00,556
5566908761,U,OB,1,1,647,136427,22,59:00.0,1,4:00,556
5566908761,U,IB,1,1,647,136427,137,04:00.0,1,15:00,556
5566908770,U,OB,1,1,597,129851,55,23:00.0,2,15:00,556
5566909733,U,IB,1,1,647,123652,111,38:00.0,2,22:00,556
557012365X,U,OB,1,1,45,136157,88,56:00.0,7,13:00,557
5576863973,U,CTY,1,1,125,135143,189,26:00.0,3,18:00,557
5576864110,U,OB,1,1,95,128286,96,34:00.0,3,7:00,557
5578279747,U,OB,1,1,1133,133618,31,59:00.0,5,1:00,557
5579458240,U,IB,1,1,260,136695,151,50:00.0,6,17:00,557
5611423117,U,OB,1,1,540,249014,67,19:00.0,6,3:00,187
5611533721,U,IB,1,1,210,131800,105,04:00.0,2,18:00,187
5611533730,U,IB,1,2,1275,290001,103,41:00.0,2,22:00,187
561153374X,U,IB,1,1,1595,131955,113,53:00.0,5,12:00,187
5611535299,U,OB,1,1,78,132272,78,21:00.0,5,6:00,187
5612678381,U,IB,1,2,428,HAEI23005,117,28:00.0,7,9:00,878
5612902983,U,OB,1,3,1260,138223,42,33:00.0,7,11:00,462
5612902983,U,OB,1,3,1260,138223,42,33:00.0,7,11:00,462
5613364965,U,CTY,1,1,240,202525,172,47:00.0,3,13:00,324
5613364974,U,CTY,1,1,360,132845,187,34:00.0,7,9:00,324
561390490X,U,CTY,1,3,1155,139676,195,38:00.0,6,15:00,621
5613925186,U,IB,1,1,1365,135031,158,55:00.0,1,15:00,621
561413678X,U,OB,1,3,2888,134678,43,41:00.0,2,9:00,433
5614136799,U,OB,1,2,876,136855,73,37:00.0,4,6:00,433
5614136817,U,OB,1,3,4940,128090,26,17:00.0,7,12:00,433
5614136826,U,OB,1,1,4075,45680,54,36:00.0,5,10:00,433
5614136826,U,OB,1,1,4075,45680,54,36:00.0,5,10:00,433
5614136835,U,OB,1,4,4908,133913,40,03:00.0,4,3:00,433
5614141363,U,OB,1,22,729,134015,72,47:00.0,4,13:00,433
5614141381,U,OB,1,2,620,131137,53,09:00.0,1,9:00,433
5614141583,U,OB,1,5,7185,129729,52,13:00.0,5,22:00,433
5614141592,U,OB,1,3,2917,129729,52,21:00.0,5,21:00,433
5614163363,U,OB,1,5,4120,137803,48,17:00.0,7,2:00,433
5614163601,U,OB,1,2,1115,123950,18,42:00.0,4,12:00,433
5614272465,U,OB,1,219,6380,126550,32,23:00.0,5,16:00,433
5614337365,U,IB,1,1,616,136102,113,55:00.0,1,10:00,348
5614337740,U,IB,1,3,1505,530588,105,07:00.0,6,9:00,348
5615325468,U,CTY,1,1,74,430385,187,45:00.0,2,18:00,268
5615325724,U,CTY,1,1,41,136191,196,32:00.0,6,21:00,268
5615667559,U,IB,1,2,400,134289,129,20:00.0,7,23:00,873
5615708295,U,IB,1,96,1190,127860,145,39:00.0,1,12:00,251
5615708295,U,IB,1,96,1190,127860,164,23:00.0,1,16:00,251
5615708304,U,IB,1,146,1815,127860,145,00:00.0,1,13:00,251
5616903115,U,IB,1,2,300,132655,164,48:00.0,5,1:00,808
5617143319,U,CTY,1,1,680,138282,169,09:00.0,2,22:00,126
5617143328,U,CTY,1,3,1705,CVEN44708,194,07:00.0,1,19:00,126
5617143355,U,CTY,1,1,775,CVEN44152,227,28:00.0,2,10:00,126
5617143382,U,CTY,1,1,585,131810,175,52:00.0,3,9:00,126
561736814X,U,OB,1,1,316,135645,89,20:00.0,7,4:00,525
5617368159,U,CTY,1,1,315,130828,172,48:00.0,1,11:00,525
5618769247,U,CTY,1,1,281,134197,197,45:00.0,5,18:00,112
5619116250,U,IB,1,4,5020,132790,116,17:00.0,3,22:00,218
5619116351,U,IB,1,2,2987,132790,116,45:00.0,4,0:00,218
5619116654,U,CTY,1,3,3643,130844,189,55:00.0,3,19:00,218
5619116681,U,OB,1,3,2977,131399,96,46:00.0,3,15:00,218
5619116728,U,IB,1,3,3330,125675,107,09:00.0,4,11:00,218
5619116737,U,IB,1,3,3663,125675,107,08:00.0,4,11:00,218
5619117002,U,IB,1,4,4539,132013,116,18:00.0,4,5:00,218
5619117049,U,IB,1,2,2438,132013,116,47:00.0,4,4:00,218
5619117323,U,IB,1,1,1493,130550,164,27:00.0,1,5:00,218
5619117415,U,IB,1,3,3986,290066,114,36:00.0,3,22:00,218
5619117460,U,OB,1,3,3342,132227,78,24:00.0,3,20:00,218
5619478884,U,CTY,1,1,260,558295,192,14:00.0,4,13:00,819
5619672484,U,IB,1,1,2920,126699,133,14:00.0,6,0:00,819
5619831553,U,IB,1,20,3550,430356,155,25:00.0,5,18:00,216
562191093X,U,CTY,1,3,1240,HAEI24595,173,07:00.0,7,15:00,858
5640088954,U,OB,1,4,2054,559503,57,03:00.0,1,9:00,421
5640088954,U,OB,1,4,2054,559503,57,03:00.0,1,9:00,421
5640215582,U,OB,1,1,1020,126138,39,18:00.0,4,4:00,421
5640215591,U,OB,1,1,144,126438,39,35:00.0,5,4:00,421
5640215600,U,OB,1,1,1405,126438,39,39:00.0,5,4:00,421
564021561X,U,OB,1,1,290,127085,58,06:00.0,3,8:00,421
5640215629,U,OB,1,1,290,121580,75,52:00.0,7,13:00,421
5640215638,U,OB,1,1,875,125715,22,19:00.0,6,20:00,421
564022155X,U,OB,1,1,1800,131947,50,13:00.0,3,4:00,421
5640221569,U,OB,1,1,181,127079,38,47:00.0,5,6:00,421
5640221596,U,OB,1,1,565,137774,46,41:00.0,5,6:00,421
5640911130,U,IB,1,1,474,125049,131,15:00.0,3,16:00,555
5640911213,U,IB,1,1,750,138903,113,49:00.0,7,1:00,555
5640911222,U,CTY,1,1,525,139731,189,54:00.0,7,11:00,555
5640911231,U,CTY,1,3,803,139731,189,39:00.0,7,11:00,555
5640911772,U,OB,1,1,515,136085,66,49:00.0,1,22:00,555
5640912066,U,OB,1,1,195,128016,78,03:00.0,7,16:00,555
5640935871,U,OB,1,1,180,138745,78,04:00.0,7,12:00,555
564114038X,U,OB,1,1,293,125422,90,17:00.0,1,21:00,186
5641284755,U,OB,1,2,2290,135958,84,58:00.0,4,21:00,525
5641546317,U,CTY,1,2,2072,134389,187,59:00.0,5,16:00,402
5641579436,U,CTY,1,1,485,123328,168,41:00.0,6,3:00,245
5641579445,U,CTY,1,1,325,123328,168,09:00.0,6,7:00,245
5641579445,U,IB,1,1,325,123328,160,58:00.0,6,9:00,245
5641579454,U,IB,1,1,347,132640,112,44:00.0,3,3:00,245
5641579481,U,IB,1,1,160,127543,105,46:00.0,4,2:00,245
5641579490,U,OB,1,1,400,T24553173,75,30:00.0,5,14:00,245
5641635105,U,IB,1,1,115,136046,105,14:00.0,3,10:00,245
5641635114,U,IB,1,1,335,136046,105,18:00.0,3,10:00,245
5641653410,U,IB,1,3,3000,R621919186,117,51:00.0,5,9:00,245
564166541X,U,IB,1,3,314,133160,113,17:00.0,4,22:00,245
5641688473,U,OB,1,2,375,136002,86,58:00.0,4,3:00,245
5641688922,U,OB,1,1,196,128502,96,17:00.0,4,14:00,245
5641688931,U,OB,1,1,455,127909,75,58:00.0,6,14:00,245
5641689308,U,OB,1,1,232,136990,60,17:00.0,5,2:00,245
5641697109,U,IB,1,1,768,290733,125,01:00.0,1,3:00,245
5641707961,U,OB,1,1,850,280969,55,46:00.0,3,12:00,245
5641707970,U,CTY,1,1,260,128156,180,31:00.0,5,5:00,245
5641707970,U,CTY,1,1,260,128156,180,31:00.0,5,5:00,245
5641759423,U,IB,1,2,971,136486,113,56:00.0,2,21:00,266
5641759441,U,IB,1,2,971,202245,117,44:00.0,6,17:00,266
5642191494,U,OB,1,1,695,133384,53,55:00.0,3,18:00,423
5642311477,U,OB,1,1,1000,127041,53,49:00.0,7,21:00,423
5642311486,U,OB,1,1,145,134742,14,29:00.0,5,10:00,423
5642311495,U,OB,1,2,425,134742,14,41:00.0,5,10:00,423
5645339667,U,CTY,1,1,420,261308,174,23:00.0,6,16:00,347
5645339694,U,CTY,1,1,527,140300,174,56:00.0,4,7:00,347
5646037002,U,CTY,1,1,400,131810,174,26:00.0,6,8:00,111
5646654982,U,IB,1,1,2560,131132,125,11:00.0,2,2:00,304
5646842532,U,OB,1,5,1605,821149,89,48:00.0,6,23:00,422
5646862561,U,OB,1,2,1450,842193,32,22:00.0,2,22:00,422
5646862570,U,OB,1,1,650,842193,32,11:00.0,2,22:00,422
5646943229,U,OB,1,5,1157,310506,59,56:00.0,3,23:00,422
5646943229,U,OB,1,5,1157,310506,76,10:00.0,3,19:00,422
5646953632,U,IB,1,4,1744,842100,111,20:00.0,2,20:00,422
5646953650,U,OB,1,1,509,561048,78,21:00.0,6,18:00,422
5646953679,U,OB,1,219,1333,559414,38,48:00.0,3,21:00,422
5646953697,U,OB,1,338,2558,559414,38,39:00.0,3,22:00,422
5646953706,U,OB,1,198,2530,559143,32,07:00.0,7,11:00,422
5646953715,U,OB,1,10,1990,310707,60,49:00.0,6,3:00,422
5646953724,U,OB,1,11,2342,310707,60,58:00.0,6,1:00,422
5646953733,U,OB,1,13,4520,310707,60,54:00.0,6,2:00,422
5646953751,U,OB,1,7,1583,310707,60,05:00.0,6,3:00,422
5646964760,U,OB,1,1,299,310753,53,02:00.0,6,21:00,422
564696477X,U,OB,1,2,749,558629,76,10:00.0,5,4:00,422
5646964789,U,OB,1,2,1591,842274,46,27:00.0,5,18:00,422
5646964798,U,OB,1,1,141,842274,46,18:00.0,5,18:00,422
5646964807,U,OB,1,1,273,842274,46,24:00.0,5,18:00,422
5646964816,U,OB,1,2,1678,841940,53,07:00.0,7,1:00,422
5646964834,U,OB,1,3,2449,841940,53,22:00.0,7,1:00,422
564698677X,U,OB,1,1,70,310753,53,20:00.0,6,21:00,422
5646986789,U,OB,1,1,335,310753,53,43:00.0,6,20:00,422
5646986798,U,OB,1,1,318,310753,53,08:00.0,6,21:00,422
5646986807,U,OB,1,2,1439,559443,75,49:00.0,2,21:00,422
5646986816,U,OB,1,5,860,559443,75,01:00.0,2,22:00,422
5646986825,U,OB,1,2,376,559443,75,17:00.0,2,22:00,422
5646986834,U,OB,1,6,5195,830887,53,11:00.0,3,20:00,422
5646986834,U,OB,1,6,5195,830887,54,13:00.0,4,0:00,422
5646986843,U,OB,1,1,291,830887,53,00:00.0,3,20:00,422
5646986852,U,OB,1,2,1557,830887,27,57:00.0,3,20:00,422
5646986852,U,OB,1,2,1557,830887,53,54:00.0,3,19:00,422
5646986861,U,OB,1,2,824,830887,53,47:00.0,3,19:00,422
5646986870,U,OB,1,2,1778,830967,48,57:00.0,4,20:00,422
564698688X,U,OB,1,1,527,830967,48,28:00.0,4,20:00,422
5646986899,U,OB,1,1,454,830967,48,01:00.0,4,21:00,422
5646986908,U,OB,1,1,509,830967,48,18:00.0,4,20:00,422
5646986917,U,OB,1,1,561,560136,48,01:00.0,5,19:00,422
5646986926,U,OB,1,2,1421,560136,48,14:00.0,5,19:00,422
5646986935,U,OB,1,1,176,560136,48,10:00.0,5,19:00,422
5646986944,U,OB,1,2,1346,89542,48,49:00.0,6,22:00,422
5646986953,U,OB,1,1,582,89542,48,51:00.0,6,22:00,422
5646986962,U,OB,1,1,433,89542,48,54:00.0,6,22:00,422
5646986971,U,OB,1,2,569,531258,67,39:00.0,2,21:00,422
5646986980,U,OB,1,1,124,531258,67,22:00.0,2,21:00,422
5646987009,U,OB,1,1,385,558629,76,07:00.0,5,2:00,422
5647029541,U,OB,1,1,110,830967,43,44:00.0,5,22:00,422
5647029550,U,OB,1,2,1386,830967,43,39:00.0,5,22:00,422
564702956X,U,IB,1,2,1452,310506,112,05:00.0,6,0:00,422
5647040101,U,OB,1,1,885,842789,86,50:00.0,4,22:00,422
5647040110,U,OB,1,3,2760,820869,72,11:00.0,4,22:00,422
564704012X,U,IB,1,1,385,842274,103,03:00.0,5,2:00,422
5647040139,U,OB,1,4,3930,830967,75,32:00.0,5,0:00,422
5648695446,U,IB,1,1,2295,127872,135,09:00.0,1,20:00,890
5648695500,U,CTY,1,1,2189,131157,169,01:00.0,4,17:00,890
5648804171,U,OB,1,2,3168,138176,96,59:00.0,6,8:00,890
564902463X,U,OB,1,1,455,558986,52,53:00.0,3,2:00,623
5649024887,U,IB,1,1,415,119379,117,53:00.0,5,17:00,623
5649024905,U,IB,1,10,9585,139923,112,22:00.0,5,6:00,623
5649031083,U,IB,1,4,4220,140230,149,40:00.0,3,0:00,623
5649031139,U,OB,1,2,1250,559259,84,38:00.0,7,18:00,623
5649601855,U,CTY,1,1,71,126914,176,31:00.0,1,12:00,402
5649770842,U,OB,1,3,1099,136042,32,44:00.0,7,12:00,740
5649770851,U,OB,1,2,891,136814,48,15:00.0,5,8:00,740
5661894458,U,CTY,1,2,4685,125201,194,51:00.0,1,7:00,566
5662876381,U,OB,1,1,188,138066,6,28:00.0,3,9:00,556
5696005378,U,CTY,1,1,260,125237,189,31:00.0,3,13:00,569
5696467928,U,IB,1,4,302,128185,113,02:00.0,6,14:00,569
5696467955,U,IB,1,49,2670,127174,131,44:00.0,1,11:00,569
5696467973,U,CTY,1,4,302,291089,175,42:00.0,6,14:00,569
569704067X,U,CTY,1,1,170,123254,172,40:00.0,7,6:00,569
5697040689,U,CTY,1,1,170,123254,172,31:00.0,7,7:00,569
5697040770,U,IB,1,30,1680,261257,158,41:00.0,7,15:00,569
569704078X,U,CTY,1,41,131,261007,176,26:00.0,4,16:00,569
5697040808,U,IB,1,1,34,261257,158,42:00.0,7,15:00,569
5761656151,U,CTY,1,1,250,138292,195,37:00.0,4,16:00,604
5781178632,U,CTY,1,1,404,132320,169,23:00.0,1,8:00,618
5790185828,U,IB,1,1,950,290005,152,50:00.0,4,12:00,875
5790290061,U,CTY,1,1,400,41167,213,48:00.0,1,20:00,602
5790290061,U,CTY,1,1,400,41167,169,31:00.0,7,13:00,602
5790629274,U,IB,1,1,491,530697,131,17:00.0,4,6:00,607
5790629521,U,IB,1,1,555,133558,133,09:00.0,1,15:00,607
5790644546,U,IB,1,1,520,137436,119,05:00.0,6,16:00,607
5790644546,U,OB,1,1,520,137436,97,06:00.0,6,16:00,607
5790644665,U,IB,1,5,4110,131591,129,50:00.0,7,6:00,607
5790644757,U,IB,1,1,615,140202,151,01:00.0,2,13:00,607
5790652823,U,IB,1,1,2500,530697,121,54:00.0,4,12:00,607
5790652823,U,IB,1,1,2500,530697,121,22:00.0,4,16:00,607
5790652823,U,IB,1,1,2500,530697,121,54:00.0,4,12:00,607
5790652897,U,IB,1,4,1814,136876,129,50:00.0,1,9:00,607
5790653070,U,IB,1,2,850,135907,113,45:00.0,5,20:00,607
5791862493,U,OB,1,1,220,125155,98,16:00.0,5,9:00,108
5792364652,U,CTY,1,2,1200,132773,233,51:00.0,2,21:00,132
5792364652,U,CTY,1,2,1200,132773,176,29:00.0,6,18:00,132
5792446373,U,IB,1,1,1878,CVEN44615,113,06:00.0,6,13:00,132
5792446382,U,IB,1,1,1848,CVEN44615,113,32:00.0,6,10:00,132
5792596743,U,OB,1,10,7565,134195,14,56:00.0,5,19:00,557
5792982742,U,OB,1,1,224,137272,39,41:00.0,3,22:00,754
5792982798,U,OB,1,4,1364,276230,38,52:00.0,5,21:00,754
5792982899,U,OB,1,3,1219,202455,43,27:00.0,5,3:00,754
5792982926,U,OB,1,2,852,202455,43,52:00.0,5,3:00,754
5792982953,U,OB,1,4,1674,137432,17,17:00.0,7,11:00,754
5793017008,U,OB,1,1,130,133624,41,17:00.0,4,6:00,754
5793017008,U,OB,1,1,130,133624,31,41:00.0,3,22:00,754
5793017026,U,OB,1,1,235,137432,17,29:00.0,7,8:00,754
5793017053,U,OB,1,1,69,131897,26,03:00.0,6,17:00,754
5793017549,U,OB,1,3,333,139779,50,49:00.0,5,2:00,754
5793017558,U,OB,1,1,285,131897,26,11:00.0,6,17:00,754
5793018730,U,OB,1,1,305,290982,39,21:00.0,5,6:00,754
5793031409,U,OB,1,2,598,133624,31,52:00.0,3,21:00,754
5793258054,U,OB,1,3,8090,121829,60,06:00.0,7,22:00,556
5793792672,U,CTY,1,3,1128,124114,195,25:00.0,7,11:00,211
5793903076,U,OB,1,3,2765,138557,50,40:00.0,5,1:00,518
5793903213,U,OB,1,2,350,119275,50,58:00.0,5,16:00,518
5793903635,U,CTY,1,3,1956,278056,197,11:00.0,1,6:00,518
579390369X,U,CTY,1,2,12,278056,197,29:00.0,1,6:00,518
579390369X,U,CTY,1,2,12,278056,225,29:00.0,1,10:00,518
5793903745,U,OB,1,8,7710,138854,49,26:00.0,5,3:00,518
5793915854,U,OB,1,4,3377,136173,49,10:00.0,1,2:00,518
5793915872,U,OB,1,5,5782,134176,89,46:00.0,1,5:00,518
5793915973,U,OB,1,1,172,131402,43,58:00.0,3,15:00,518
5793939459,U,OB,1,2,1086,136439,43,21:00.0,7,6:00,518
5794298297,U,IB,1,1,1376,137723,143,00:00.0,7,19:00,188
5794436695,U,IB,1,2,1085,138149,103,55:00.0,4,13:00,202
5794452672,U,OB,1,1,180,136611,46,06:00.0,3,8:00,202
5794459245,U,IB,1,4,2355,138046,125,25:00.0,4,20:00,202
5794463636,U,IB,1,2,1000,200693,114,11:00.0,4,5:00,202
5794470611,U,OB,1,1,462,290035,96,31:00.0,7,3:00,202
5794473426,U,OB,1,3,1185,122795,66,16:00.0,3,4:00,202
5794473435,U,CTY,1,2,3845,123598,172,38:00.0,6,17:00,202
5794473453,U,OB,1,14,8130,202759,86,40:00.0,5,15:00,202
5794473453,U,OB,1,14,8130,202759,84,40:00.0,5,13:00,202
5794473462,U,OB,1,1,137,127759,53,55:00.0,3,2:00,202
5794473480,U,OB,1,2,198,136369,97,42:00.0,6,20:00,202
5794473480,U,OB,1,2,198,136369,97,42:00.0,6,20:00,202
5794680455,U,CTY,1,1,217,140163,175,31:00.0,5,21:00,356
5794972642,U,CTY,1,1,100,128090,175,50:00.0,3,6:00,875
5796142153,U,CTY,1,7,9429,132416,197,28:00.0,4,1:00,324
5796142209,U,IB,1,4,5973,121231,149,21:00.0,4,15:00,324
5796631222,U,CTY,1,1,248,128493,195,09:00.0,6,1:00,155
5797029808,U,CTY,1,1,300,138152,174,17:00.0,2,1:00,813
5797222270,U,CTY,1,1,81,132574,170,23:00.0,4,0:00,847
5797222270,U,CTY,1,1,81,132574,173,11:00.0,3,21:00,847
5797227734,U,CTY,1,1,83,140077,197,16:00.0,3,2:00,847
5797227761,U,CTY,1,1,57,140077,197,09:00.0,3,3:00,847
5797227799,U,CTY,1,1,54,140077,197,09:00.0,3,2:00,847
5797227826,U,CTY,1,1,75,140077,197,15:00.0,3,2:00,847
5797227880,U,CTY,1,1,93,290910,195,24:00.0,5,11:00,847
5797227909,U,CTY,1,1,88,290910,195,21:00.0,5,11:00,847
5797527118,U,OB,1,1,343,125969,46,22:00.0,7,7:00,558
5797671043,U,OB,1,28,3580,129890,31,18:00.0,7,21:00,411
5798682630,U,CTY,1,1,299,124022,169,48:00.0,7,20:00,830
5798972343,U,IB,1,5,3097,138654,125,58:00.0,1,6:00,857
5799088458,U,OB,1,1,170,136883,58,29:00.0,5,9:00,447
579908876X,U,OB,1,1,170,353225,40,10:00.0,1,13:00,447
5799101328,U,OB,1,1,57,290292,48,19:00.0,6,18:00,447
5799125079,U,OB,1,1,457,137897,86,36:00.0,6,18:00,447
579943207X,U,IB,1,1,138,134428,163,14:00.0,6,18:00,303
5801989763,U,OB,1,1,2173,133095,38,01:00.0,6,14:00,580
5809123786,U,IB,1,2,747,126165,149,16:00.0,6,4:00,580
5931041509,U,IB,1,1,185,132184,145,52:00.0,6,3:00,593
6010029857,U,IB,1,1,247,128283,151,08:00.0,1,4:00,216
6010062114,U,CTY,1,1,740,134363,187,03:00.0,6,11:00,216
6010063746,U,IB,1,1,290,310316,117,37:00.0,1,9:00,216
6010063755,U,IB,1,1,201,290902,131,24:00.0,3,6:00,216
6010134851,U,IB,1,1,174,121290,117,54:00.0,3,11:00,216
6010134925,U,IB,1,1,816,121290,117,58:00.0,3,8:00,216
6010470892,U,IB,1,1,1200,132369,149,36:00.0,5,19:00,178
6010470901,U,IB,1,1,1200,132369,149,36:00.0,5,19:00,178
6010700233,U,IB,1,1,284,431218,114,48:00.0,7,18:00,435
6010700242,U,IB,1,1,295,431218,114,56:00.0,7,17:00,435
601071820X,U,OB,1,1,374,134832,89,14:00.0,5,12:00,435
6010722536,U,CTY,1,1,235,135193,173,28:00.0,1,5:00,860
6010722572,U,CTY,1,1,871,135193,173,48:00.0,1,5:00,860
6010722673,U,IB,1,1,299,135658,157,20:00.0,5,5:00,860
6010722673,U,IB,1,1,299,135658,127,45:00.0,5,3:00,860
6010722738,U,IB,1,1,235,133286,152,33:00.0,6,2:00,860
6010722747,U,IB,1,1,307,133286,152,01:00.0,6,4:00,860
6010722756,U,IB,1,1,303,133286,152,18:00.0,6,1:00,860
6010724680,U,IB,1,1,1195,135111,163,02:00.0,1,21:00,860
6010724983,U,IB,1,1,350,132665,135,18:00.0,1,7:00,860
6010725268,U,IB,1,2,2967,135111,163,27:00.0,1,21:00,860
601072535X,U,IB,1,3,1646,135252,133,43:00.0,5,18:00,860
6010725405,U,IB,1,2,975,133577,163,20:00.0,7,15:00,860
6010731262,U,IB,1,1,730,261205,127,49:00.0,4,6:00,860
6010731280,U,IB,1,2,1456,131559,143,41:00.0,5,6:00,860
6010731336,U,CTY,1,2,1125,132333,189,41:00.0,6,10:00,860
601073151X,U,IB,1,1,351,128888,145,50:00.0,7,10:00,860
6010731529,U,CTY,1,1,403,135193,173,45:00.0,1,6:00,860
6010731547,U,CTY,1,1,678,135193,173,46:00.0,1,6:00,860
6010731565,U,CTY,1,1,474,135193,173,09:00.0,1,6:00,860
6010731583,U,CTY,1,1,592,290164,187,13:00.0,4,20:00,860
6010731610,U,IB,1,3,1706,135658,127,30:00.0,5,3:00,860
6010731666,U,IB,1,1,867,135658,127,35:00.0,5,5:00,860
6010731675,U,IB,1,1,815,133286,152,51:00.0,6,2:00,860
6010731749,U,IB,1,2,1300,140178,123,20:00.0,1,20:00,860
6010742538,U,IB,1,1,1882,128888,145,05:00.0,7,11:00,860
6010742749,U,CTY,1,4,2644,135193,173,05:00.0,1,6:00,860
6010750375,U,IB,1,1,335,128044,103,54:00.0,7,6:00,860
6010750669,U,CTY,1,1,631,132333,189,08:00.0,6,12:00,860
6010751347,U,IB,1,1,313,133362,145,35:00.0,1,7:00,860
601075142X,U,IB,1,1,246,128044,103,45:00.0,7,6:00,860
6010751484,U,IB,1,1,170,133635,113,19:00.0,6,2:00,860
6010754032,U,IB,1,1,115,135658,127,10:00.0,5,3:00,860
6010759422,U,IB,1,1,840,137986,116,13:00.0,4,19:00,860
6010759871,U,IB,1,1,235,134017,116,48:00.0,1,21:00,860
6010760468,U,IB,1,1,380,128888,145,02:00.0,7,10:00,860
6010760504,U,IB,1,1,160,134017,116,40:00.0,1,21:00,860
6010766563,U,IB,1,1,374,132072,127,42:00.0,1,23:00,860
6010766691,U,IB,1,1,872,128044,103,14:00.0,7,7:00,860
6010766700,U,IB,1,2,1913,128044,103,10:00.0,7,7:00,860
601076726X,U,IB,1,1,338,261205,127,00:00.0,4,7:00,860
6010767306,U,CTY,1,1,203,132333,189,23:00.0,6,10:00,860
6010767342,U,CTY,1,1,181,132333,189,30:00.0,6,10:00,860
6010767351,U,CTY,1,1,349,132333,189,58:00.0,6,10:00,860
6010767360,U,CTY,1,1,416,132333,189,48:00.0,6,9:00,860
6010809445,U,CTY,1,1,228,249234,172,54:00.0,5,16:00,860
6010809454,U,CTY,1,1,320,125490,169,50:00.0,2,12:00,860
6010809463,U,IB,1,1,63,132665,135,06:00.0,1,7:00,860
6010809472,U,IB,1,1,105,133577,163,56:00.0,7,14:00,860
6010809481,U,IB,1,2,616,133577,163,04:00.0,7,15:00,860
6010809490,U,IB,1,1,735,261205,118,35:00.0,4,13:00,860
6011150299,U,OB,1,1,315,132985,51,33:00.0,1,8:00,431
6011175379,U,IB,1,1,214,127614,145,50:00.0,7,15:00,431
6011175451,U,IB,1,1,1006,126165,149,45:00.0,6,6:00,431
6011175451,U,IB,1,1,1006,126165,117,04:00.0,6,13:00,431
6011463312,U,CTY,1,8,2520,530503,187,14:00.0,7,9:00,431
6011463413,U,CTY,1,10,1520,HAEI25934,192,18:00.0,7,21:00,431
6011463514,U,CTY,1,1,1079,133126,175,08:00.0,7,18:00,431
6011534253,U,OB,1,1,144,138531,98,12:00.0,7,22:00,243
6011534253,U,OB,1,1,144,138531,98,12:00.0,7,22:00,243
6011570279,U,CTY,1,1,680,137322,175,45:00.0,4,4:00,857
6011825598,U,IB,1,1,285,124365,141,28:00.0,3,6:00,642
6011825625,U,CTY,1,1,525,133988,194,39:00.0,2,14:00,642
6011825827,U,IB,1,1,325,130805,117,22:00.0,3,4:00,642
6011825836,U,IB,1,1,355,130805,117,19:00.0,3,4:00,642
6011825946,U,CTY,1,1,244,140309,235,26:00.0,4,21:00,642
6011825946,U,CTY,1,1,244,140309,231,33:00.0,3,21:00,642
6011825982,U,IB,1,1,394,140309,158,07:00.0,3,0:00,642
6011825991,U,IB,1,1,291,140309,158,52:00.0,2,22:00,642
6011826000,U,IB,1,1,265,140309,158,43:00.0,2,22:00,642
6011844958,U,IB,1,1,445,290274,133,02:00.0,2,8:00,642
6011871760,U,IB,1,2,124,126723,103,28:00.0,2,17:00,642
601187177X,U,IB,1,1,375,126723,103,56:00.0,2,16:00,642
6011871789,U,IB,1,1,375,126723,103,24:00.0,2,17:00,642
6011871843,U,CTY,1,1,84,132215,174,40:00.0,4,16:00,642
6011871899,U,IB,1,1,69,138055,145,29:00.0,7,13:00,642
6011872292,U,IB,1,1,400,137774,145,37:00.0,3,13:00,642
6011872310,U,CTY,1,1,475,128598,173,44:00.0,5,18:00,642
6011872467,U,IB,1,1,433,124365,141,31:00.0,3,6:00,642
6011872521,U,IB,1,1,126,134444,164,57:00.0,2,15:00,642
6011872568,U,IB,1,1,265,290274,133,57:00.0,2,7:00,642
6011872750,U,CTY,1,1,76,124077,188,02:00.0,3,20:00,642
6012075994,U,CTY,1,1,626,128712,194,36:00.0,6,9:00,521
601239097X,U,IB,1,2,980,131478,143,05:00.0,6,5:00,251
601256323X,U,IB,1,2,1095,127860,145,13:00.0,1,12:00,251
601256323X,U,CTY,1,2,1095,127860,180,46:00.0,1,16:00,251
6012616900,U,CTY,1,1,165,134846,188,59:00.0,4,23:00,251
6012693662,U,OB,1,1,690,290207,32,51:00.0,3,1:00,429
6012697283,U,OB,1,3,1338,119275,50,42:00.0,5,17:00,429
6012703535,U,OB,1,1,860,136439,43,26:00.0,7,7:00,429
6012703544,U,OB,1,1,445,127011,38,25:00.0,6,18:00,429
6012703571,U,OB,1,1,139,137455,19,51:00.0,1,11:00,429
6012703571,U,OB,1,1,139,137455,73,46:00.0,7,12:00,429
6012705001,U,OB,1,1,728,135569,43,25:00.0,1,6:00,429
6014032463,U,OB,1,2,1040,127578,69,17:00.0,1,7:00,432
6014032472,U,OB,1,1,482,530691,53,42:00.0,5,18:00,432
6014058423,U,OB,1,1,2020,530691,53,05:00.0,5,19:00,432
6014075271,U,IB,1,1,1000,136530,117,29:00.0,7,0:00,432
601407529X,U,IB,1,21,14715,128408,100,10:00.0,6,14:00,432
601407529X,U,IB,1,21,14715,128408,100,10:00.0,6,14:00,432
6014075491,U,IB,1,1,2050,290117,117,11:00.0,7,1:00,432
6014130372,U,OB,1,2,645,559524,46,39:00.0,1,10:00,432
6014178442,U,IB,1,2,592,124126,141,05:00.0,5,14:00,859
6014181650,U,IB,1,1,245,135053,131,27:00.0,1,3:00,859
6014181679,U,CTY,1,1,45,121678,168,01:00.0,2,4:00,859
6014194906,U,IB,1,1,315,135735,131,44:00.0,7,19:00,859
6014214798,U,IB,1,2,590,117815,135,48:00.0,5,6:00,859
6014214899,U,IB,1,1,426,137023,127,30:00.0,6,6:00,859
6014214917,U,IB,1,1,196,353210,158,41:00.0,5,14:00,859
6014222130,U,IB,1,1,1450,135053,131,11:00.0,1,4:00,859
6014243012,U,IB,1,1,110,134479,152,09:00.0,1,10:00,859
6014256735,U,CTY,1,1,605,136374,194,57:00.0,2,18:00,859
6014284720,U,CTY,1,1,245,139787,169,10:00.0,1,15:00,367
6014377661,U,CTY,1,7,1748,134948,175,48:00.0,2,22:00,356
6014377762,U,IB,1,8,2172,131233,149,55:00.0,6,12:00,356
6014378038,U,CTY,1,6,1552,135747,197,51:00.0,7,13:00,356
6014648692,U,IB,1,1,500,125851,117,26:00.0,4,1:00,232
6014843338,U,OB,1,1,320,127948,31,51:00.0,1,4:00,504
601485728X,U,OB,1,1,2540,137153,17,12:00.0,5,13:00,504
6014857299,U,OB,1,1,1200,134428,14,54:00.0,1,4:00,504
6014859169,U,OB,1,4,224,121829,60,32:00.0,7,22:00,504
6014931778,U,OB,1,1,345,136623,88,48:00.0,3,15:00,878
6015066647,U,CTY,1,1,217,130514,196,07:00.0,4,14:00,324
6015100875,U,CTY,1,1,1525,128483,187,30:00.0,3,16:00,324
6015525374,U,CTY,1,2,560,133472,188,34:00.0,6,21:00,389
601552542X,U,CTY,1,2,440,133472,188,26:00.0,6,21:00,389
6015527547,U,IB,1,1,170,128237,164,51:00.0,2,19:00,389
6015527574,U,IB,1,2,480,128237,164,25:00.0,2,19:00,389
6015527666,U,IB,1,1,910,128839,152,33:00.0,4,13:00,389
6015740680,U,OB,1,5,1400,136775,66,54:00.0,6,10:00,682
6016332857,U,IB,1,3,2340,137169,125,03:00.0,3,10:00,216
6016332866,U,IB,1,1,155,123386,105,57:00.0,4,11:00,216
6016333030,U,IB,1,1,345,128446,123,15:00.0,3,13:00,216
6016333113,U,IB,1,2,320,132162,158,54:00.0,7,14:00,216
6016417593,U,CTY,1,1,500,128398,173,42:00.0,5,14:00,809
6017067978,U,IB,1,1,423,559510,112,54:00.0,4,20:00,218
6017067978,U,IB,1,1,423,559510,110,55:00.0,4,21:00,218
6017420409,U,IB,1,1,806,R21825782,101,37:00.0,7,22:00,218
6017619123,U,OB,1,1,58,128783,63,58:00.0,6,19:00,671
6018033567,U,IB,1,2,2975,123726,111,03:00.0,5,1:00,616
6018033585,U,OB,1,2,2915,558986,52,05:00.0,3,5:00,616
6018200244,U,CTY,1,7,2611,134389,187,51:00.0,5,16:00,490
6018200262,U,IB,1,2,580,261406,163,15:00.0,7,7:00,490
6018200271,U,OB,1,11,4525,127285,23,43:00.0,1,17:00,490
6018200280,U,CTY,1,1,354,128690,195,40:00.0,7,11:00,490
6018200318,U,CTY,1,2,575,128690,195,59:00.0,7,11:00,490
6018410959,U,CTY,1,1,160,139814,168,02:00.0,5,1:00,126
6018578929,U,OB,1,2,400,290200,39,21:00.0,6,13:00,730
6018750280,U,CTY,1,1,965,211043,175,54:00.0,3,21:00,347
6019305066,U,CTY,1,2,1561,138251,197,22:00.0,5,12:00,135
6019305084,U,CTY,1,3,1070,138251,197,59:00.0,5,11:00,135
6019352274,U,OB,1,1,630,137715,89,58:00.0,4,22:00,682
6019359278,U,CTY,1,12,8508,126338,189,45:00.0,3,22:00,682
6019437450,U,IB,1,1,291,123182,151,19:00.0,1,13:00,682
6087648172,U,OB,1,1,150,130709,95,22:00.0,2,13:00,108
6087648190,U,OB,1,1,170,130709,95,21:00.0,2,13:00,108
6088689982,U,IB,1,9,237,129921,112,23:00.0,1,17:00,108
6110179704,U,IB,1,1,1745,132790,116,17:00.0,3,20:00,218
6110314775,U,CTY,1,1,1086,290805,N23 ,09:00.0,1,5:00,218
6110314811,U,CTY,1,1,531,291058,175,58:00.0,2,6:00,218
6110314858,U,IB,1,6,7248,133871,104,40:00.0,3,21:00,218
6110498594,U,OB,1,4,2548,133134,84,04:00.0,5,0:00,211
6117047123,U,OB,1,3,682,830887,51,36:00.0,6,21:00,422
6117047132,U,OB,1,3,984,390047,95,37:00.0,2,21:00,422
6117047150,U,IB,1,2,442,830967,123,40:00.0,4,20:00,422
611704716X,U,OB,1,1,145,830967,53,56:00.0,5,21:00,422
6117047179,U,OB,1,1,145,830967,53,59:00.0,5,21:00,422
6117047197,U,IB,1,1,170,530751,104,11:00.0,6,22:00,422
6117047206,U,OB,1,1,62,559414,49,29:00.0,2,21:00,422
6117047215,U,OB,1,1,101,830887,43,53:00.0,4,20:00,422
6117047224,U,OB,1,1,114,830887,43,57:00.0,4,20:00,422
6141893715,U,IB,1,1,600,134978,117,38:00.0,2,14:00,614
6212532970,U,CTY,1,3,1576,132055,195,51:00.0,3,20:00,621
6218515284,U,CTY,1,7,2050,118856,194,08:00.0,3,20:00,621
6218515412,U,CTY,1,16,8911,R621153063,195,50:00.0,3,6:00,621
6290809692,U,CTY,1,2,24,134784,P   ,02:00.0,4,4:00,629
6290809701,U,IB,1,1,115,137913,135,04:00.0,7,8:00,629
6290812983,U,IB,1,1,211,135907,113,50:00.0,5,18:00,629
6290835212,U,IB,1,1,100,140091,133,40:00.0,1,20:00,629
6290860292,U,IB,1,2,220,130933,131,56:00.0,3,0:00,629
629086032X,U,IB,1,1,230,130933,131,49:00.0,3,0:00,629
6290860420,U,IB,1,1,1000,117815,135,25:00.0,5,8:00,629
6340334979,U,OB,1,10,6695,530088,53,57:00.0,2,20:00,422
6340334988,U,OB,1,8,6241,89542,69,13:00.0,6,1:00,422
6340334997,U,OB,1,1,353,89542,69,13:00.0,6,1:00,422
6390261764,U,CTY,1,8,6035,136521,204,38:00.0,4,11:00,671
6390261901,U,CTY,1,4,3375,137493,192,14:00.0,2,16:00,833
6390262002,U,CTY,1,50,5000,TTMS144654,194,20:00.0,2,14:00,808
6390555931,U,IB,1,1,343,135615,104,27:00.0,4,5:00,243
6390555969,U,OB,1,1,397,129190,86,53:00.0,5,6:00,243
6390555987,U,OB,1,3,978,122780,58,56:00.0,6,6:00,243
6390585081,U,IB,1,1,650,128425,131,03:00.0,7,2:00,243
6390602856,U,CTY,1,2,566,126990,188,42:00.0,7,3:00,243
639120495X,U,OB,1,1,260,278731,49,37:00.0,3,6:00,411
639136324X,U,OB,1,1,275,129863,43,10:00.0,7,11:00,411
6391461772,U,OB,1,1,350,134121,48,44:00.0,2,8:00,740
6391461781,U,OB,1,1,490,137265,39,46:00.0,6,6:00,740
6391559508,U,OB,1,1,432,134366,76,20:00.0,4,2:00,740
6391559508,U,OB,1,1,432,134366,62,31:00.0,4,3:00,740
6391610822,U,OB,1,1,350,135645,89,21:00.0,7,5:00,525
6392074097,U,IB,1,1,787,128759,125,29:00.0,1,4:00,511
6392074097,U,CTY,1,1,787,128759,186,17:00.0,1,7:00,511
6392074115,U,IB,1,1,770,128759,125,20:00.0,1,5:00,511
6392450068,U,IB,1,2,325,261196,152,05:00.0,5,7:00,868
6392450113,U,IB,1,2,555,261196,152,54:00.0,5,6:00,868
6392450214,U,IB,1,2,340,136012,163,07:00.0,3,18:00,868
6392450214,U,CTY,1,2,340,136012,227,29:00.0,4,16:00,868
6392450232,U,CTY,1,10,2860,136012,227,41:00.0,4,10:00,868
6392450241,U,CTY,1,4,1560,136012,227,59:00.0,4,10:00,868
6392450241,U,IB,1,4,1560,136012,163,07:00.0,3,18:00,868
6392468694,U,CTY,1,1,460,130753,187,47:00.0,3,8:00,868
6392468703,U,CTY,1,1,597,130634,205,34:00.0,2,21:00,868
6392468703,U,CTY,1,1,597,130634,189,08:00.0,1,13:00,868
6392479108,U,CTY,1,1,120,134615,233,56:00.0,2,22:00,868
6392479135,U,CTY,1,1,160,134615,233,54:00.0,2,22:00,868
6392479144,U,CTY,1,2,325,133160,231,47:00.0,2,21:00,868
6392479153,U,CTY,1,4,300,134615,233,23:00.0,2,23:00,868
6392479162,U,CTY,1,2,300,133160,231,49:00.0,2,21:00,868
6392479346,U,CTY,1,3,585,130634,205,33:00.0,2,21:00,868
6392479373,U,IB,1,1,450,138145,158,29:00.0,5,14:00,868
6392479382,U,CTY,1,2,720,138145,231,29:00.0,2,23:00,868
6392479382,U,IB,1,2,720,138145,158,10:00.0,5,13:00,868
6392479391,U,IB,1,1,400,138145,158,59:00.0,5,14:00,868
6392479391,U,CTY,1,1,400,138145,231,47:00.0,2,22:00,868
6392479391,U,CTY,1,1,400,138145,233,00:00.0,2,23:00,868
6392479474,U,IB,1,5,1005,135803,116,56:00.0,2,10:00,868
6392479620,U,IB,1,1,710,261258,152,03:00.0,5,12:00,868
6392479703,U,IB,1,1,180,135803,116,41:00.0,2,12:00,868
6392479878,U,IB,1,4,1635,135232,164,42:00.0,5,8:00,868
6392479878,U,CTY,1,4,1635,135232,223,04:00.0,6,21:00,868
6392479979,U,IB,1,2,580,261196,152,24:00.0,5,6:00,868
6392480776,U,CTY,1,20,9752,261354,188,59:00.0,4,15:00,868
639248095X,U,CTY,1,1,113,133904,194,15:00.0,7,8:00,868
6392490566,U,IB,1,1,144,137585,127,50:00.0,3,10:00,868
6392500787,U,CTY,1,1,162,261354,188,08:00.0,4,16:00,872
6392500841,U,IB,1,1,59,290005,162,33:00.0,4,11:00,872
6392500841,U,IB,1,1,59,290005,152,44:00.0,4,9:00,872
6392514371,U,IB,1,3,3350,138145,158,28:00.0,5,15:00,872
6392514692,U,CTY,1,2,779,133770,195,18:00.0,5,15:00,872
6392520275,U,CTY,1,3,937,135843,194,02:00.0,3,19:00,872
6392552844,U,IB,1,2,2516,281193,151,56:00.0,6,17:00,872
6392552844,U,CTY,1,2,2516,281193,235,58:00.0,6,17:00,872
6392566017,U,CTY,1,2,1300,132787,188,39:00.0,5,11:00,872
6392569519,U,CTY,1,3,2375,136515,196,53:00.0,4,8:00,872
6392684395,U,IB,1,1,387,127618,143,55:00.0,1,13:00,864
6392949834,U,OB,1,1,421,125342,32,06:00.0,6,21:00,415
6392949843,U,OB,1,1,218,126708,43,43:00.0,3,6:00,415
6393064472,U,IB,1,1,199,125912,105,49:00.0,6,13:00,617
6393376827,U,CTY,1,2,1743,137322,175,15:00.0,4,3:00,857
6393934188,U,CTY,1,1,411,131551,196,43:00.0,5,4:00,621
6394191321,U,IB,1,1,249,280977,133,13:00.0,3,3:00,244
6394199196,U,CTY,1,1,346,129781,173,36:00.0,4,17:00,244
6394271062,U,OB,1,1,1111,126962,96,52:00.0,3,17:00,244
639427109X,U,IB,1,2,1768,136412,123,46:00.0,4,3:00,244
6394271154,U,CTY,1,7,4490,132718,187,30:00.0,5,21:00,244
6394271439,U,IB,1,2,205,140416,163,44:00.0,4,13:00,244
6394271466,U,IB,1,5,1455,129781,156,17:00.0,4,19:00,244
6394271466,U,CTY,1,5,1455,129781,173,02:00.0,4,18:00,244
6394503117,U,IB,1,3,1724,129061,105,52:00.0,4,4:00,326
639450319X,U,CTY,1,1,616,137753,195,12:00.0,6,10:00,326
6394503281,U,CTY,1,1,1003,249234,172,57:00.0,5,16:00,326
639450352X,U,CTY,1,2,2400,123514,180,59:00.0,5,5:00,326
639450352X,U,IB,1,2,2400,123514,145,54:00.0,5,5:00,326
6394503539,U,CTY,1,6,6215,135108,187,51:00.0,6,1:00,326
6394503584,U,CTY,1,1,782,135089,187,35:00.0,6,6:00,326
6394503804,U,IB,1,5,1745,132816,112,20:00.0,2,3:00,326
6394503813,U,IB,1,6,1495,128229,133,49:00.0,2,12:00,326
6394861423,U,OB,1,1,600,135629,76,40:00.0,6,20:00,409
6394875907,U,OB,1,1,92,137528,49,39:00.0,7,10:00,409
6394875916,U,OB,1,1,89,137276,57,00:00.0,2,12:00,409
6394875916,U,OB,1,1,89,137276,38,47:00.0,7,17:00,409
6394875925,U,OB,1,1,126,558981,51,12:00.0,4,2:00,409
6394875934,U,OB,1,1,121,558981,51,07:00.0,4,2:00,409
6394955345,U,IB,1,2,1098,132636,145,57:00.0,1,7:00,662
6394966060,U,CTY,1,1,495,117315,169,21:00.0,4,10:00,662
6394966244,U,CTY,1,1,222,125259,172,25:00.0,6,18:00,662
6394966253,U,CTY,1,1,485,125432,188,42:00.0,6,15:00,662
6395083477,U,OB,1,4,2538,291220,63,01:00.0,2,20:00,851
6395121537,U,CTY,1,11,3448,130476,211,48:00.0,3,9:00,851
6395121555,U,IB,1,15,5229,125619,158,11:00.0,7,20:00,851
6395121564,U,CTY,1,11,3816,134811,227,18:00.0,2,11:00,851
6395121564,U,CTY,1,11,3816,134811,219,50:00.0,6,22:00,851
6395139678,U,OB,1,7,2285,134394,52,46:00.0,3,18:00,851
6396415678,U,OB,1,1,596,903983,32,49:00.0,4,22:00,422
6396531618,U,OB,1,4,800,310506,32,49:00.0,2,21:00,422
6396531627,U,OB,1,15,3000,430907,76,41:00.0,5,0:00,422
6396531636,U,OB,1,22,4200,559680,7,11:00.0,7,12:00,422
6396531645,U,OB,1,1,570,842193,66,14:00.0,4,22:00,422
6396531645,U,IB,1,1,570,842193,103,53:00.0,5,1:00,422
6396531654,U,OB,1,4,1070,842193,66,10:00.0,4,22:00,422
6396531663,U,OB,1,6,1080,842082,86,16:00.0,3,14:00,422
6396531672,U,OB,1,6,840,842193,32,59:00.0,2,20:00,422
6396531681,U,OB,1,5,720,559524,86,55:00.0,3,22:00,422
6396531690,U,OB,1,12,2270,842082,86,32:00.0,3,14:00,422
6396531719,U,OB,1,9,1491,559524,86,32:00.0,3,22:00,422
6396531728,U,OB,1,7,1000,559524,86,55:00.0,3,22:00,422
6396531737,U,OB,1,6,985,559524,86,52:00.0,3,22:00,422
6396531782,U,IB,1,23,2959,311349,123,59:00.0,3,21:00,422
6396531791,U,OB,1,12,2400,530091,53,27:00.0,4,21:00,422
6396531800,U,OB,1,2,400,310506,32,36:00.0,2,21:00,422
639653181X,U,OB,1,7,1400,903344,50,39:00.0,2,22:00,422
6396531939,U,OB,1,3,600,842274,98,08:00.0,2,20:00,422
6396531939,U,OB,1,3,600,842274,90,07:00.0,2,20:00,422
6396531957,U,OB,1,324,3245,842274,58,39:00.0,5,6:00,422
6396531966,U,OB,1,11,1865,842274,58,04:00.0,5,2:00,422
6396531975,U,OB,1,7,1040,842274,58,49:00.0,5,2:00,422
6396531984,U,OB,1,13,2420,530091,53,36:00.0,4,20:00,422
6396531993,U,IB,1,88,2045,311349,123,07:00.0,3,21:00,422
6396532002,U,IB,1,67,531,311349,123,52:00.0,3,20:00,422
6396563994,U,OB,1,9,9575,430060,53,20:00.0,3,0:00,422
6396564003,U,OB,1,2,710,430060,53,22:00.0,3,0:00,422
6396578624,U,OB,1,2,1440,530751,46,10:00.0,5,22:00,422
6396578633,U,OB,1,1,524,57019,55,15:00.0,2,21:00,422
6396578651,U,OB,1,1,899,311349,12,36:00.0,6,8:00,422
6396578651,U,OB,1,1,899,311349,90,14:00.0,6,3:00,422
6396578660,U,IB,1,4,4130,531258,103,37:00.0,5,22:00,422
639657867X,U,IB,1,1,237,531258,103,29:00.0,5,22:00,422
6396585738,U,OB,1,1,2695,559536,60,35:00.0,4,18:00,422
6396585738,U,OB,1,1,2695,559536,59,36:00.0,4,18:00,422
639658978X,U,OB,1,1,1131,842167,65,07:00.0,4,0:00,422
639658978X,U,OB,1,1,1131,842167,96,37:00.0,3,19:00,422
6396589799,U,OB,1,1,3680,842167,96,40:00.0,3,19:00,422
6396589808,U,OB,1,1,423,842029,65,05:00.0,4,0:00,422
6396589817,U,OB,1,1,210,560856,48,26:00.0,5,19:00,422
6396589826,U,OB,1,4,2475,560856,48,29:00.0,5,19:00,422
6396589844,U,IB,1,1,1500,353244,133,59:00.0,3,22:00,422
6396589853,U,OB,1,2,1100,821149,58,50:00.0,5,20:00,422
6396605859,U,OB,1,1,215,506945,50,36:00.0,2,18:00,422
6396605868,U,OB,1,1,355,506945,50,33:00.0,2,19:00,422
6396605877,U,OB,1,1,122,10260,55,17:00.0,5,19:00,422
6396630800,U,IB,1,1,700,559935,105,45:00.0,5,21:00,422
6396630800,U,IB,1,1,700,559935,121,44:00.0,5,22:00,422
6396634037,U,OB,1,1,565,821149,90,53:00.0,2,22:00,422
6396659025,U,OB,1,6,1176,821149,87,04:00.0,3,21:00,422
6396691273,U,OB,1,2036,6715,530419,39,31:00.0,2,19:00,422
6396691282,U,OB,1,1116,13525,530419,39,47:00.0,2,19:00,422
6396691291,U,OB,1,20,960,558470,89,44:00.0,5,21:00,422
6396841973,U,OB,1,10,5150,89542,88,59:00.0,4,20:00,422
6396841982,U,OB,1,1,725,830887,51,13:00.0,6,21:00,422
6396844310,U,OB,1,1,4174,842100,53,02:00.0,6,21:00,422
6396845035,U,OB,1,3,4147,82703,48,47:00.0,3,18:00,422
6396845035,U,OB,1,3,4147,82703,30,51:00.0,3,18:00,422
6396845044,U,OB,1,1,705,82703,48,53:00.0,3,18:00,422
6396845062,U,OB,1,1,135,842193,72,44:00.0,5,18:00,422
6396845071,U,OB,1,1,110,842193,72,44:00.0,5,18:00,422
6396845080,U,OB,1,1,403,559414,60,57:00.0,6,18:00,422
6396845109,U,OB,1,1,595,57019,55,10:00.0,2,21:00,422
6396845118,U,IB,1,1,945,841925,117,30:00.0,4,23:00,422
6396845118,U,OB,1,1,945,841925,28,08:00.0,5,2:00,422
6396845136,U,OB,1,2,1574,430773,43,25:00.0,6,22:00,422
639684520X,U,OB,1,1,1210,559414,12,12:00.0,6,19:00,422
639684520X,U,OB,1,1,1210,559414,12,12:00.0,6,19:00,422
639684520X,U,OB,1,1,1210,559414,12,13:00.0,6,19:00,422
6396861241,U,OB,1,1,470,559350,89,53:00.0,3,22:00,422
6396861279,U,OB,1,1,415,842274,78,59:00.0,5,22:00,422
6396861288,U,OB,1,1,325,842274,78,56:00.0,5,22:00,422
6396861297,U,OB,1,1,165,842274,78,33:00.0,5,22:00,422
6396861306,U,OB,1,1,575,842274,78,50:00.0,5,22:00,422
6396861315,U,OB,1,1,110,841940,49,12:00.0,6,20:00,422
6396861324,U,OB,1,1,340,841940,49,07:00.0,6,20:00,422
6396861333,U,OB,1,1,60,10422,53,04:00.0,2,20:00,422
6396861342,U,OB,1,1,365,10422,53,08:00.0,2,20:00,422
6396861351,U,OB,1,1,120,559414,63,22:00.0,4,3:00,422
6396861360,U,OB,1,1,450,559414,63,20:00.0,4,3:00,422
6396861389,U,OB,1,1,369,830887,55,12:00.0,5,20:00,422
6396861398,U,OB,1,1,90,830887,55,23:00.0,5,21:00,422
6396861407,U,IB,1,1,275,353210,103,23:00.0,6,20:00,422
6396861416,U,IB,1,1,282,353210,103,42:00.0,6,20:00,422
6396861425,U,IB,1,1,103,353210,103,27:00.0,6,20:00,422
6396862287,U,OB,1,1,169,558293,48,51:00.0,4,23:00,422
6396862305,U,OB,1,1,330,558470,89,00:00.0,5,21:00,422
6396862314,U,OB,1,1,125,558470,89,53:00.0,5,20:00,422
6396862323,U,OB,1,1,372,558470,89,41:00.0,5,21:00,422
6396862332,U,OB,1,1,110,558470,89,46:00.0,5,20:00,422
6396862341,U,OB,1,1,470,558470,89,50:00.0,5,20:00,422
6396862350,U,OB,1,1,293,559026,66,49:00.0,3,21:00,422
639686236X,U,OB,1,1,148,559026,66,53:00.0,3,21:00,422
6396862379,U,OB,1,1,250,843236,89,12:00.0,4,21:00,422
6396862388,U,OB,1,1,210,843236,89,23:00.0,4,21:00,422
6396862397,U,OB,1,1,742,559146,40,29:00.0,5,19:00,422
6396862406,U,OB,1,1,145,559146,40,27:00.0,5,19:00,422
6396862415,U,OB,1,1,134,390047,95,27:00.0,2,22:00,422
6396862424,U,OB,1,1,470,390047,95,32:00.0,2,22:00,422
6396862424,U,OB,1,1,470,390047,28,49:00.0,2,23:00,422
6396862433,U,OB,1,1,222,390047,58,47:00.0,3,6:00,422
6396862433,U,OB,1,1,222,390047,95,36:00.0,2,22:00,422
6396862442,U,CTY,1,1,60,390047,R108,02:00.0,4,13:00,422
6396862451,U,OB,1,1,275,390047,95,45:00.0,2,22:00,422
6396862460,U,OB,1,1,153,558258,40,25:00.0,3,20:00,422
639686247X,U,OB,1,1,230,558258,40,24:00.0,3,20:00,422
6396862489,U,OB,1,1,205,558258,40,42:00.0,3,20:00,422
6396862498,U,OB,1,1,147,904284,40,53:00.0,4,20:00,422
6396862507,U,OB,1,1,418,904284,40,09:00.0,4,21:00,422
6396933933,U,IB,1,11,11155,559295,135,44:00.0,3,21:00,854
639707235X,U,IB,1,4,2920,281193,151,03:00.0,6,17:00,877
639711767X,U,IB,1,1,374,279944,112,02:00.0,3,21:00,877
6397150092,U,CTY,1,1,500,124347,175,48:00.0,5,1:00,885
6397150276,U,IB,1,1,2200,138145,158,34:00.0,5,12:00,885
6397150386,U,IB,1,1,140,281193,151,53:00.0,6,16:00,885
6397166877,U,IB,1,1,166,135803,116,47:00.0,2,12:00,885
6397173275,U,IB,1,1,540,261196,152,17:00.0,5,7:00,885
639717333X,U,IB,1,1,147,261196,152,44:00.0,5,6:00,885
6397173376,U,IB,1,1,488,135862,141,05:00.0,7,17:00,885
6397195504,U,CTY,1,1,340,133770,195,33:00.0,5,15:00,885
639728982X,U,CTY,1,1,800,139875,172,02:00.0,6,15:00,479
6397291819,U,CTY,1,4,520,PASC533243,173,33:00.0,4,10:00,479
6397291837,U,CTY,1,1,130,PASC175379,192,10:00.0,6,7:00,479
6397291846,U,CTY,1,2,490,125016,197,22:00.0,3,6:00,479
6397291855,U,IB,1,3,390,134565,112,14:00.0,5,9:00,479
6397291864,U,CTY,1,1,130,139047,197,23:00.0,3,22:00,479
6397291882,U,CTY,1,1,130,252131,189,23:00.0,3,14:00,479
6397291891,U,CTY,1,1,130,252131,189,22:00.0,3,12:00,479
639729191X,U,CTY,1,2,260,129508,195,48:00.0,3,20:00,479
6397291938,U,CTY,1,2,260,T730211733,174,10:00.0,7,0:00,479
6397291947,U,CTY,1,1,130,PASC634534,187,16:00.0,1,20:00,479
6397291965,U,CTY,1,1,130,PASC175379,188,01:00.0,7,15:00,479
6397291974,U,CTY,1,1,130,139047,197,23:00.0,3,22:00,479
6397312324,U,CTY,1,1,172,124153,173,58:00.0,2,20:00,479
6397316459,U,CTY,1,2,1230,278601,169,19:00.0,4,2:00,479
6397316468,U,CTY,1,1,540,PASC533243,173,02:00.0,4,9:00,479
6397316825,U,CTY,1,4,90,290977,197,37:00.0,3,14:00,479
6397317018,U,IB,1,2,80,PASC33311,145,54:00.0,4,14:00,479
6397317128,U,CTY,1,1,305,252131,189,25:00.0,3,12:00,479
6397317247,U,CTY,1,1,625,T730211733,204,05:00.0,2,3:00,479
6397317339,U,IB,1,3,90,127772,158,52:00.0,4,0:00,479
6397317449,U,CTY,1,1,695,PASC175379,188,14:00.0,7,13:00,479
639745185X,U,IB,1,1,101,138428,145,51:00.0,2,18:00,479
6397465453,U,CTY,1,1,220,PASC634516,168,22:00.0,2,6:00,479
6397486665,U,IB,1,1,92,128046,152,50:00.0,6,16:00,479
6397761995,U,IB,1,1,182,123162,114,14:00.0,7,4:00,268
6397896819,U,CTY,1,13,484,136191,196,50:00.0,6,21:00,268
6397896992,U,IB,1,36,1319,137445,103,26:00.0,6,14:00,268
6398162166,U,CTY,1,5,3620,130772,218,06:00.0,4,9:00,112
6398229816,U,IB,1,1,377,202236,125,18:00.0,1,3:00,122
639840016X,U,OB,1,2,273,133176,32,02:00.0,4,16:00,411
6398479287,U,OB,1,1,210,128551,43,07:00.0,2,16:00,411
6398535331,U,OB,1,12,4760,129573,52,15:00.0,4,5:00,411
6398867477,U,IB,1,2,731,290300,145,34:00.0,6,21:00,244
639894697X,U,CTY,1,2,2288,559028,169,42:00.0,5,14:00,244
6398947465,U,IB,1,6,6900,139908,129,03:00.0,5,12:00,244
6398951755,U,IB,1,1,1553,127963,133,08:00.0,6,16:00,244
6398951755,U,CTY,1,1,1553,127963,R4  ,46:00.0,6,18:00,244
6398988697,U,IB,1,1,384,136131,112,55:00.0,3,5:00,244
6398999091,U,CTY,1,1,220,139520,172,46:00.0,7,5:00,244
6399425790,U,CTY,1,1,950,132935,174,02:00.0,3,1:00,808
6399548000,U,IB,1,1,555,128138,164,32:00.0,2,6:00,808
639977219X,U,IB,1,1,370,138265,104,37:00.0,1,10:00,186
6399772281,U,OB,1,11,10292,138939,88,04:00.0,2,1:00,186
6399853975,U,IB,1,4,733,134703,113,09:00.0,4,20:00,521
6400316829,U,CTY,1,1,191,122585,173,27:00.0,3,5:00,830
6400689619,U,IB,1,2,1600,132655,164,43:00.0,5,6:00,830
6403616800,U,CTY,1,22,90,138987,175,54:00.0,2,20:00,830
6426632771,U,IB,1,1,590,128333,135,03:00.0,2,13:00,642
6427813924,U,CTY,1,1,410,135508,175,17:00.0,1,6:00,875
6432115329,U,IB,1,1,140,138604,104,44:00.0,4,21:00,243
6445736208,U,OB,1,15,1800,290766,18,22:00.0,1,12:00,644
6445736217,U,OB,1,14,2065,136461,72,36:00.0,6,13:00,644
6445736226,U,OB,1,5,625,288003,46,55:00.0,6,10:00,644
6445736235,U,IB,1,3,330,130654,105,55:00.0,7,13:00,644
6510267080,U,IB,1,1,310,431080,117,09:00.0,1,22:00,123
6510567591,U,IB,1,1,20,134475,143,29:00.0,4,16:00,783
6511225988,U,IB,1,7,2368,133004,164,50:00.0,2,22:00,830
6511518945,U,CTY,1,1,171,130640,194,04:00.0,4,22:00,830
6512386744,U,CTY,1,1,605,131925,187,24:00.0,3,9:00,895
6512386753,U,CTY,1,2,1665,131925,187,23:00.0,3,9:00,895
6512440772,U,CTY,1,1,1780,125201,194,03:00.0,1,5:00,895
6512469978,U,OB,1,11,1000,202347,60,22:00.0,4,12:00,401
6512645318,U,OB,1,1,300,139746,66,27:00.0,5,10:00,556
6512704873,U,OB,1,1,580,131011,72,41:00.0,1,19:00,556
6512704992,U,OB,1,1,637,121829,60,07:00.0,7,21:00,556
6512764915,U,IB,1,2,391,127490,127,01:00.0,7,1:00,556
6512765245,U,OB,1,1,393,128892,52,43:00.0,6,18:00,556
6512837717,U,CTY,1,1,298,125036,174,18:00.0,5,22:00,318
6512837726,U,CTY,1,1,201,124058,174,30:00.0,6,21:00,318
6512837735,U,IB,1,1,192,130751,141,25:00.0,1,6:00,318
6512837744,U,CTY,1,1,165,134568,168,15:00.0,3,18:00,318
6512935323,U,CTY,1,1,341,PASC634013,195,31:00.0,6,13:00,318
651293547X,U,CTY,1,1,204,131289,194,15:00.0,6,13:00,318
6512993477,U,CTY,1,1,855,140262,187,27:00.0,6,15:00,163
6513028659,U,CTY,1,1,430,137197,168,15:00.0,3,21:00,160
6513028686,U,CTY,1,2,915,125169,175,35:00.0,2,17:00,160
6513028704,U,IB,1,1,314,124029,113,34:00.0,4,4:00,160
6513028722,U,IB,1,3,950,137744,129,55:00.0,2,21:00,160
651303678X,U,CTY,1,1,421,131824,189,49:00.0,2,7:00,160
6513036808,U,CTY,1,1,1605,131824,189,15:00.0,2,7:00,160
6513045240,U,CTY,1,9,1475,279981,169,29:00.0,2,23:00,160
6513060678,U,CTY,1,2,4545,126864,175,59:00.0,1,17:00,160
6513468704,U,OB,1,1,383,136349,78,33:00.0,1,14:00,187
6513481702,U,IB,1,7,5915,129905,104,40:00.0,2,16:00,187
6513481702,U,IB,1,7,5915,129905,100,55:00.0,3,0:00,187
6513604233,U,CTY,1,1,460,PASC634013,195,34:00.0,6,8:00,314
6513742458,U,CTY,1,1,151,131664,188,28:00.0,2,19:00,830
6513742934,U,CTY,1,2,118,131595,196,27:00.0,3,6:00,830
6513937524,U,OB,1,1,348,139944,89,50:00.0,1,14:00,521
6513937533,U,OB,1,1,359,139944,89,03:00.0,1,14:00,521
6513997869,U,OB,1,1,126,133578,76,26:00.0,4,4:00,521
6514011976,U,OB,1,5,8350,138745,78,38:00.0,7,13:00,521
6514090379,U,OB,1,1,785,134703,44,53:00.0,4,21:00,521
6514090379,U,IB,1,1,785,134703,113,56:00.0,4,20:00,521
651452662X,U,CTY,1,3,615,140150,196,14:00.0,5,18:00,557
6514526639,U,CTY,1,2,622,140150,196,46:00.0,5,18:00,557
6514526648,U,IB,1,2,330,126813,101,47:00.0,5,10:00,557
6514623044,U,OB,1,10,3965,124330,88,06:00.0,4,11:00,557
6514623062,U,OB,1,35,4990,124330,88,06:00.0,4,11:00,557
6514648124,U,OB,1,1,52,134752,73,17:00.0,3,3:00,557
6514924150,U,OB,1,1,250,202347,60,31:00.0,4,13:00,414
6515018970,U,CTY,1,3,860,261353,197,13:00.0,5,6:00,852
6515025626,U,CTY,1,5,3226,132889,187,41:00.0,5,1:00,852
6515025662,U,CTY,1,1,218,139580,173,53:00.0,6,10:00,852
6515025754,U,CTY,1,3,2366,249342,172,52:00.0,4,2:00,852
651502580X,U,CTY,1,1,550,131131,187,39:00.0,7,9:00,852
6515025855,U,IB,1,1,520,128759,125,18:00.0,1,4:00,852
6515026194,U,CTY,1,1,960,279944,187,56:00.0,7,3:00,852
6515071532,U,CTY,1,2,1080,131131,187,55:00.0,7,9:00,852
6515168489,U,CTY,1,2,333,HAEI28100,172,15:00.0,5,16:00,845
6515604152,U,IB,1,1,208,121487,164,17:00.0,7,15:00,303
6515899044,U,CTY,1,6,13311,132065,187,00:00.0,4,19:00,324
6515927415,U,CTY,1,1,110,136624,168,10:00.0,4,3:00,261
6516099702,U,IB,1,1,455,290752,111,55:00.0,1,6:00,335
6516099702,U,IB,1,1,455,290752,155,56:00.0,1,6:00,335
6516763433,U,IB,1,2,594,128243,117,00:00.0,7,4:00,183
6516804591,U,OB,1,1,195,125306,31,02:00.0,6,5:00,183
6516807552,U,OB,1,2,1360,558986,52,54:00.0,3,4:00,183
6516807552,U,CTY,1,2,1360,558986,238,42:00.0,3,21:00,183
6516819598,U,IB,1,1,60,132136,113,33:00.0,2,0:00,183
6516820193,U,OB,1,1,1118,559536,74,05:00.0,3,1:00,183
6517304734,U,IB,1,1,161,118758,149,44:00.0,2,15:00,881
6517342821,U,IB,1,4,507,135252,133,30:00.0,5,20:00,381
6517368424,U,IB,1,1,563,134017,116,22:00.0,1,21:00,381
6517368442,U,IB,1,1,564,132292,145,23:00.0,6,0:00,381
6517412489,U,IB,1,1,575,133635,113,29:00.0,6,2:00,381
6517423635,U,CTY,1,1,1216,130450,174,25:00.0,4,22:00,381
6517442802,U,OB,1,1,120,132124,32,34:00.0,1,20:00,754
6517442802,U,OB,1,1,120,132124,27,49:00.0,1,23:00,754
6517442811,U,OB,1,1,116,132124,32,33:00.0,1,20:00,754
6517454700,U,OB,1,2,2381,261236,48,21:00.0,4,20:00,754
6517454729,U,OB,1,3,3910,129944,49,27:00.0,6,23:00,754
651745922X,U,OB,1,2,698,132336,53,36:00.0,6,1:00,754
6517484438,U,OB,1,2,676,127017,53,05:00.0,5,3:00,754
6517484575,U,OB,1,2,406,132124,32,50:00.0,1,18:00,754
6517484575,U,OB,1,2,406,132124,27,52:00.0,1,18:00,754
651753523X,U,OB,1,10,4375,290935,38,47:00.0,6,21:00,754
6517592916,U,OB,1,1,1310,132595,14,03:00.0,7,19:00,683
6519716731,U,CTY,1,1,370,127846,231,13:00.0,3,21:00,152
6519716731,U,OB,1,1,370,127846,88,10:00.0,3,1:00,152
6524581363,U,CTY,1,1,364,124375,188,20:00.0,3,14:00,610
6580724819,U,IB,1,1,80,261029,121,44:00.0,5,7:00,536
6580724819,U,IB,1,1,80,261029,121,44:00.0,5,7:00,536
6631703992,U,IB,1,4,1500,279944,112,16:00.0,3,21:00,863
665003235X,U,CTY,1,2,755,134974,187,02:00.0,4,1:00,356
6650359619,U,IB,1,1,1025,139566,133,39:00.0,7,10:00,315
6650388448,U,CTY,1,1,155,136776,173,40:00.0,1,12:00,315
6650810691,U,OB,1,1,2647,126145,49,51:00.0,3,15:00,411
665081071X,U,OB,1,2,3935,211778,17,58:00.0,4,9:00,411
6651119122,U,IB,1,1,295,140003,135,12:00.0,7,11:00,412
6651245494,U,IB,1,1,210,132650,150,13:00.0,4,21:00,381
6651540808,U,IB,1,1,349,261138,145,22:00.0,5,2:00,525
6651555281,U,OB,1,1,572,290937,14,06:00.0,7,10:00,525
665155530X,U,CTY,1,10,7444,261363,176,20:00.0,5,18:00,525
6651771258,U,IB,1,2,1325,139808,151,05:00.0,5,15:00,890
6651877132,U,IB,1,1,331,131591,129,01:00.0,7,6:00,890
6652157129,U,IB,1,4,3405,118641,133,02:00.0,3,15:00,216
6652157935,U,IB,1,1,769,119676,105,14:00.0,4,16:00,216
6652295637,U,IB,1,1,641,136974,125,03:00.0,2,21:00,595
6652491152,U,CTY,1,1,335,131845,197,19:00.0,1,22:00,312
665249118X,U,IB,1,1,509,134516,114,42:00.0,5,9:00,312
6652491199,U,CTY,1,1,295,135708,169,54:00.0,6,5:00,312
6653885494,U,IB,1,8,6060,137023,127,08:00.0,6,7:00,515
665389742X,U,IB,1,1,511,131281,135,48:00.0,3,19:00,515
6653959185,U,IB,1,1,1000,134287,158,12:00.0,2,13:00,805
6654245230,U,OB,1,1,126,133275,73,16:00.0,6,5:00,348
665424524X,U,OB,1,10,7868,133275,73,49:00.0,6,5:00,348
6654245259,U,OB,1,2,1158,133275,73,34:00.0,6,5:00,348
6654245268,U,OB,1,1,1190,133275,73,50:00.0,6,4:00,348
6654245295,U,OB,1,2,652,133275,73,47:00.0,6,5:00,348
6654245304,U,OB,1,1,905,133275,73,53:00.0,6,4:00,348
6654245313,U,OB,1,1,211,133275,73,26:00.0,6,5:00,348
6654245331,U,OB,1,3,1664,130978,38,25:00.0,6,3:00,348
6654245340,U,OB,1,1,859,130978,38,18:00.0,6,3:00,348
665424535X,U,OB,1,1,272,130978,38,15:00.0,6,3:00,348
6654245387,U,OB,1,4,2890,135421,89,03:00.0,6,15:00,348
6654245396,U,OB,1,1,192,126033,72,35:00.0,7,13:00,348
6654245405,U,OB,1,1,295,126033,72,11:00.0,7,13:00,348
6654245414,U,OB,1,1,830,126033,72,11:00.0,7,12:00,348
6654245432,U,OB,1,1,515,126033,72,59:00.0,7,12:00,348
6654245441,U,OB,1,1,495,126033,72,26:00.0,7,13:00,348
6654245450,U,OB,1,1,220,126033,72,47:00.0,7,12:00,348
665424546X,U,IB,1,4,5135,126862,165,41:00.0,3,5:00,348
665424546X,U,IB,1,4,5135,126862,165,41:00.0,3,5:00,348
6654245506,U,IB,1,1,286,136818,103,33:00.0,3,6:00,348
6654245524,U,IB,1,6,2265,136818,103,01:00.0,3,7:00,348
6654245533,U,IB,1,2,774,249347,113,00:00.0,4,13:00,348
665424557X,U,IB,1,2,1503,530588,105,04:00.0,6,8:00,348
6654245589,U,OB,1,1,75,133774,66,18:00.0,7,6:00,348
6654245616,U,OB,1,3,3250,134020,53,50:00.0,7,3:00,348
6654245634,U,OB,1,5,3938,133774,66,48:00.0,7,6:00,348
6654246211,U,OB,1,2,2530,430926,78,33:00.0,6,10:00,348
6654246220,U,OB,1,1,749,130744,96,35:00.0,7,10:00,348
6654246220,U,CTY,1,1,749,130744,R4  ,46:00.0,1,4:00,348
6654246276,U,OB,1,1,555,129574,89,45:00.0,4,11:00,348
6654250658,U,OB,1,1,1465,280193,90,14:00.0,3,3:00,348
6654250667,U,OB,1,1,425,134449,89,37:00.0,3,3:00,348
6654250685,U,IB,1,1,270,560010,101,23:00.0,4,3:00,348
6654250703,U,OB,1,1,360,133275,73,10:00.0,6,5:00,348
665425096X,U,OB,1,3,1565,430926,78,33:00.0,6,12:00,348
6654250979,U,OB,1,1,375,430926,78,29:00.0,6,12:00,348
6654250988,U,OB,1,1,279,430926,78,43:00.0,6,11:00,348
6654251006,U,IB,1,2,1498,249347,108,56:00.0,4,21:00,348
6654251006,U,IB,1,2,1498,249347,113,53:00.0,4,12:00,348
6654251015,U,IB,1,1,523,249347,113,56:00.0,4,12:00,348
6654251024,U,IB,1,1,523,249347,113,55:00.0,4,12:00,348
6654251051,U,CTY,1,4,3065,128513,176,19:00.0,5,20:00,348
6654251060,U,CTY,1,1,297,128513,176,21:00.0,5,14:00,348
6654251089,U,OB,1,1,765,138087,67,16:00.0,5,7:00,348
6654251107,U,IB,1,1,535,530588,105,08:00.0,6,7:00,348
6654251217,U,OB,1,1,290,126033,72,33:00.0,7,13:00,348
6654251271,U,OB,1,1,725,126033,72,22:00.0,7,12:00,348
6654251280,U,OB,1,3,1335,128286,96,44:00.0,3,7:00,348
6654251309,U,OB,1,1,221,128286,96,13:00.0,3,6:00,348
6654251318,U,OB,1,5,2340,140025,73,26:00.0,6,22:00,348
6654251345,U,OB,1,2,2005,135846,28,08:00.0,6,22:00,348
6654251363,U,OB,1,1,345,137665,85,54:00.0,2,7:00,348
6654251363,U,OB,1,1,345,137665,86,58:00.0,1,9:00,348
6654251419,U,OB,1,2,1645,903894,66,35:00.0,4,10:00,348
6654251428,U,IB,1,1,500,530588,105,28:00.0,6,7:00,348
6654251437,U,IB,1,1,972,530588,105,07:00.0,6,8:00,348
6654251446,U,IB,1,2,2586,530588,105,42:00.0,6,7:00,348
6654254984,U,IB,1,1,829,560010,101,09:00.0,4,4:00,348
6654254993,U,IB,1,1,360,560010,101,34:00.0,4,3:00,348
6654255020,U,IB,1,1,595,560010,101,08:00.0,4,4:00,348
6654255049,U,IB,1,1,335,560010,101,12:00.0,4,4:00,348
6654255058,U,IB,1,1,518,560010,101,14:00.0,4,4:00,348
6654255076,U,IB,1,1,131,560010,101,26:00.0,4,3:00,348
6654255085,U,IB,1,2,1255,560010,101,20:00.0,4,5:00,348
6654255094,U,OB,1,3,1569,261053,86,23:00.0,4,14:00,348
6654255112,U,OB,1,1,255,128286,96,17:00.0,3,6:00,348
6654255121,U,OB,1,2,710,139630,86,04:00.0,3,8:00,348
6654255130,U,IB,1,1,1070,125040,111,20:00.0,4,3:00,348
6654255130,U,IB,1,1,1070,125040,108,41:00.0,4,3:00,348
665425514X,U,OB,1,1,776,138265,84,46:00.0,4,3:00,348
6654255159,U,IB,1,3,2115,132695,117,00:00.0,4,15:00,348
6654255186,U,IB,1,1,459,132695,117,01:00.0,4,15:00,348
6654255204,U,OB,1,1,505,140025,73,51:00.0,6,22:00,348
6654255287,U,IB,1,6,5994,137665,114,29:00.0,1,2:00,348
6654255305,U,IB,1,1,316,136913,101,17:00.0,3,13:00,348
6654255314,U,IB,1,2,1503,136913,101,53:00.0,3,13:00,348
6654255332,U,IB,1,1,211,136913,101,43:00.0,3,12:00,348
6654255350,U,IB,1,1,185,136913,101,49:00.0,3,13:00,348
6654255379,U,OB,1,1,1120,131503,78,46:00.0,3,6:00,348
6654255415,U,IB,1,1,929,136913,101,48:00.0,3,13:00,348
6654255424,U,IB,1,1,203,136913,101,51:00.0,3,13:00,348
6654255433,U,OB,1,4,3250,903894,66,20:00.0,4,10:00,348
6654255442,U,OB,1,1,1055,903894,66,06:00.0,4,10:00,348
6654255451,U,OB,1,1,424,903894,66,16:00.0,4,10:00,348
6654255460,U,OB,1,1,237,903894,66,22:00.0,4,10:00,348
665425547X,U,OB,1,1,200,903894,66,03:00.0,4,10:00,348
6654255498,U,OB,1,1,365,903894,66,30:00.0,4,10:00,348
6654255507,U,OB,1,1,1240,903894,66,49:00.0,4,10:00,348
6654255561,U,OB,1,2,1910,430926,78,52:00.0,6,11:00,348
6654255570,U,OB,1,2,1300,430926,78,56:00.0,6,11:00,348
665425558X,U,OB,1,2,2435,430926,78,41:00.0,6,10:00,348
6654255599,U,OB,1,1,1320,430926,78,49:00.0,6,11:00,348
6654255617,U,OB,1,2,2169,130744,96,15:00.0,7,11:00,348
6654255635,U,OB,1,2,1566,130617,76,45:00.0,7,14:00,348
6654255653,U,IB,1,1,925,126862,113,23:00.0,3,5:00,348
6654255671,U,IB,1,1,1385,126862,113,18:00.0,3,5:00,348
6654255680,U,OB,1,1,336,131209,84,52:00.0,3,4:00,348
6654262464,U,OB,1,1,360,130978,38,21:00.0,6,4:00,348
6654262473,U,OB,1,2,870,130978,38,37:00.0,6,10:00,348
6654262491,U,OB,1,3,690,130978,38,10:00.0,6,4:00,348
6654262500,U,OB,1,1,456,128286,96,28:00.0,3,6:00,348
6654262547,U,OB,1,1,675,127369,90,29:00.0,3,2:00,348
6654262556,U,OB,1,1,575,903894,66,37:00.0,4,11:00,348
6654262565,U,OB,1,2,680,430926,78,22:00.0,6,10:00,348
6654266314,U,IB,1,2,5320,530588,105,50:00.0,6,6:00,348
6654311423,U,OB,1,1,430,118364,32,46:00.0,1,22:00,348
6654312972,U,OB,1,2,1656,138265,84,41:00.0,4,3:00,348
6654313028,U,OB,1,1,1465,123830,86,29:00.0,1,0:00,348
6654313064,U,OB,1,3,2783,127369,83,21:00.0,3,3:00,348
6654313064,U,OB,1,3,2783,127369,90,20:00.0,3,3:00,348
6654313073,U,OB,1,1,471,127369,90,06:00.0,3,2:00,348
6654313091,U,OB,1,2,1792,903894,66,14:00.0,4,12:00,348
665431311X,U,OB,1,2,1597,130744,96,30:00.0,7,10:00,348
6654313138,U,IB,1,4,5273,136818,103,46:00.0,3,7:00,348
6654313156,U,OB,1,2,2036,138087,67,37:00.0,5,6:00,348
6654313165,U,IB,1,2,628,530588,105,41:00.0,6,8:00,348
6654313183,U,OB,1,1,845,134020,53,31:00.0,7,3:00,348
6654313192,U,OB,1,1,1334,134020,53,54:00.0,7,3:00,348
6654328720,U,OB,1,1,2100,122780,84,12:00.0,5,2:00,202
665432873X,U,OB,1,6,2090,136221,86,57:00.0,4,3:00,202
6654328749,U,OB,1,2,674,126351,55,43:00.0,4,3:00,202
6654328749,U,CTY,1,2,674,126351,233,45:00.0,4,3:00,202
665433247X,U,OB,1,6,2020,133858,90,38:00.0,5,3:00,348
6654332489,U,OB,1,15,825,140025,73,08:00.0,6,18:00,348
6654340820,U,OB,1,2,4225,128286,28,58:00.0,3,9:00,348
6654340820,U,OB,1,2,4225,128286,96,02:00.0,3,7:00,348
6654346019,U,OB,1,1,200,430429,96,52:00.0,5,3:00,348
6654346028,U,IB,1,2,1080,132695,117,13:00.0,4,15:00,348
6654346037,U,IB,1,2,2000,132695,117,15:00.0,4,15:00,348
6654346046,U,OB,1,1,100,138087,67,44:00.0,5,6:00,348
6654346055,U,OB,1,1,285,138087,67,13:00.0,5,7:00,348
6654348832,U,OB,1,1,120,430926,78,46:00.0,6,7:00,348
6654609918,U,CTY,1,1,270,138851,194,09:00.0,2,16:00,661
6654609927,U,IB,1,1,195,261190,143,11:00.0,1,22:00,661
6654990343,U,IB,1,1,120,139614,105,25:00.0,3,19:00,402
6654990471,U,CTY,1,2,1615,135370,197,05:00.0,1,19:00,402
6655058790,U,IB,1,1,2940,131123,150,35:00.0,4,16:00,569
6655399974,U,IB,1,1,404,127460,123,46:00.0,4,18:00,345
6655399992,U,IB,1,1,309,127460,123,26:00.0,4,18:00,345
6655407665,U,CTY,1,8,1660,138108,194,24:00.0,5,15:00,345
6655407692,U,CTY,1,14,3665,137082,174,24:00.0,5,6:00,345
6655414449,U,CTY,1,1,387,137082,174,37:00.0,5,4:00,345
6655422863,U,IB,1,1,240,138727,151,35:00.0,3,8:00,345
6655427099,U,IB,1,8,960,138727,151,56:00.0,3,9:00,345
6655427108,U,IB,1,1,987,138727,151,02:00.0,3,10:00,345
6655427162,U,IB,1,8,1995,127460,123,13:00.0,4,22:00,345
665542719X,U,CTY,1,10,2050,133220,194,35:00.0,6,21:00,345
6655666376,U,OB,1,1,6741,132299,18,53:00.0,7,14:00,714
665569185X,U,OB,1,1,1194,136420,53,34:00.0,2,7:00,714
6655708048,U,OB,1,1,493,128131,51,53:00.0,2,9:00,714
6655732697,U,OB,1,1,210,131203,58,30:00.0,4,0:00,714
6655738289,U,OB,1,1,726,132433,38,27:00.0,4,0:00,714
6655738307,U,CTY,1,1,507,131891,189,26:00.0,4,2:00,714
6655738316,U,CTY,1,1,985,131891,189,30:00.0,4,2:00,714
6655738334,U,CTY,1,1,1091,134389,187,57:00.0,5,14:00,714
6655929523,U,CTY,1,4,2700,132574,173,41:00.0,3,22:00,847
6656006496,U,CTY,1,4,3255,136647,196,32:00.0,4,21:00,847
6656006505,U,CTY,1,4,3225,136647,196,56:00.0,4,21:00,847
6656006523,U,CTY,1,4,2350,136647,196,47:00.0,4,21:00,847
6656006642,U,IB,1,4,2970,290776,104,48:00.0,6,0:00,847
6656197822,U,CTY,1,1,322,136515,196,41:00.0,4,6:00,875
6657081800,U,IB,1,1,525,133225,129,52:00.0,7,7:00,211
6657202681,U,CTY,1,1,590,125856,174,22:00.0,4,19:00,211
6657202690,U,CTY,1,1,155,125856,174,48:00.0,4,18:00,211
6657701569,U,IB,1,1,196,137777,149,22:00.0,3,22:00,685
6657751087,U,CTY,1,1,100,202455,187,26:00.0,7,10:00,685
6657751114,U,OB,1,5,871,134434,38,05:00.0,4,20:00,685
6657751123,U,OB,1,3,1393,134434,38,02:00.0,4,20:00,685
6657752214,U,OB,1,1,615,122835,55,56:00.0,5,1:00,685
6657790009,U,OB,1,1,121,202223,38,41:00.0,4,1:00,685
6657803162,U,OB,1,2,1896,122929,26,22:00.0,6,14:00,685
6657803171,U,OB,1,1,1060,134054,63,15:00.0,5,20:00,685
6657833724,U,OB,1,1,115,290337,39,29:00.0,7,15:00,685
6657834173,U,OB,1,1,138,290622,43,34:00.0,5,16:00,685
6657863900,U,OB,1,6,7540,134130,32,33:00.0,5,6:00,685
6657867696,U,OB,1,1,365,130524,43,45:00.0,4,18:00,685
6657884452,U,CTY,1,1,260,290993,187,49:00.0,7,19:00,685
6657885388,U,OB,1,1,1094,134434,38,03:00.0,4,19:00,685
6657885397,U,OB,1,1,869,134434,38,17:00.0,4,19:00,685
6657885397,U,CTY,1,1,869,134434,214,46:00.0,7,2:00,685
6657890080,U,OB,1,2,131,124054,31,56:00.0,6,15:00,685
6658281278,U,CTY,1,1,323,132230,168,20:00.0,1,0:00,830
6658390241,U,CTY,1,9,1305,125040,194,52:00.0,4,14:00,830
6658484062,U,OB,1,1,380,131495,14,16:00.0,7,19:00,644
6658484071,U,OB,1,22,378,131495,14,24:00.0,7,19:00,644
6658484080,U,OB,1,1,389,131495,14,28:00.0,7,19:00,644
665848409X,U,OB,1,1,416,131495,14,47:00.0,7,19:00,644
6658484109,U,OB,1,1,465,131495,14,00:00.0,7,19:00,644
6658484118,U,IB,1,1,215,130932,125,55:00.0,3,16:00,644
6658484127,U,OB,1,1,230,211511,76,51:00.0,4,12:00,644
6658484136,U,OB,1,1,310,211511,76,36:00.0,4,12:00,644
6658484145,U,OB,1,1,300,211511,76,38:00.0,4,12:00,644
6658484154,U,OB,1,1,1270,211511,76,19:00.0,4,13:00,644
6658484163,U,OB,1,1,265,211511,76,47:00.0,4,12:00,644
6658484172,U,OB,1,1,500,211511,76,45:00.0,4,12:00,644
6658484181,U,OB,1,1,490,211511,76,42:00.0,4,12:00,644
6658484190,U,OB,1,1,535,211511,76,52:00.0,4,12:00,644
665848420X,U,OB,1,1,620,211511,76,15:00.0,4,13:00,644
6658795912,U,OB,1,1,647,135813,90,35:00.0,4,1:00,186
6658816199,U,IB,1,1,328,138265,104,56:00.0,1,9:00,186
6658873215,U,IB,1,1,442,129751,111,01:00.0,7,21:00,186
6658873224,U,CTY,1,1,1165,137976,172,24:00.0,7,11:00,186
6658873260,U,IB,1,2,1470,132438,104,44:00.0,2,19:00,186
6659089062,U,IB,1,1,187,132515,143,55:00.0,6,22:00,355
6659179538,U,CTY,1,2,637,137653,194,13:00.0,6,4:00,112
6659180317,U,CTY,1,1,392,132816,197,56:00.0,6,2:00,112
6659180326,U,CTY,1,1,288,132816,197,08:00.0,6,3:00,112
6659181554,U,CTY,1,1,163,134705,192,17:00.0,7,4:00,112
6659181884,U,IB,1,1,647,127905,111,15:00.0,6,0:00,112
665918193X,U,CTY,1,2,670,135900,168,46:00.0,5,8:00,112
6661191035,U,OB,1,6,9990,134662,84,12:00.0,5,8:00,462
6661330533,U,IB,1,1,975,CVEN44290,108,32:00.0,2,21:00,150
6661330533,U,OB,1,1,975,CVEN44290,95,44:00.0,1,11:00,150
6661378933,U,IB,1,8,1345,134073,163,28:00.0,4,2:00,150
6661378933,U,CTY,1,8,1345,134073,236,37:00.0,4,9:00,150
6661378942,U,CTY,1,1,410,127847,192,21:00.0,3,3:00,150
6661378960,U,IB,1,1,685,CVEN44986,103,47:00.0,7,7:00,150
666165639X,U,IB,1,1,1215,135986,164,03:00.0,1,9:00,511
6661656683,U,CTY,1,2,400,137452,194,28:00.0,2,9:00,511
6661810050,U,IB,1,1,525,140420,125,08:00.0,5,5:00,511
6661810097,U,IB,1,1,210,129776,135,08:00.0,6,13:00,511
6661825450,U,OB,1,1,280,125722,51,20:00.0,1,10:00,511
6661832472,U,IB,1,1,4,136702,103,55:00.0,5,5:00,511
6661838522,U,IB,1,1,75,123834,127,47:00.0,4,13:00,511
6661838540,U,IB,1,2,8,123834,127,50:00.0,4,13:00,511
6661879350,U,OB,1,1,168,126859,78,07:00.0,1,14:00,511
6662745692,U,IB,1,1,20,127688,123,35:00.0,5,13:00,896
6662823316,U,IB,1,1,460,128138,164,52:00.0,2,6:00,896
6662823343,U,CTY,1,1,709,138430,169,57:00.0,5,1:00,896
6662924671,U,OB,1,1,1990,135412,89,55:00.0,1,17:00,401
6662954710,U,CTY,1,1,524,136637,192,01:00.0,4,11:00,896
6662954739,U,IB,1,1,950,132504,150,23:00.0,5,6:00,896
6663019812,U,CTY,1,7,1674,134501,174,02:00.0,5,19:00,896
6663071696,U,OB,1,1,210,121942,50,38:00.0,6,17:00,402
6663132434,U,OB,1,1,266,135076,43,14:00.0,4,16:00,402
6663175857,U,OB,1,2,600,130482,26,44:00.0,3,12:00,411
6663175884,U,OB,1,1,255,123141,6,15:00.0,1,6:00,411
6663175893,U,OB,1,1,594,129863,43,57:00.0,7,9:00,411
6663175902,U,OB,1,2,2415,135636,50,41:00.0,5,6:00,411
6663189524,U,OB,1,3,6765,211022,58,04:00.0,6,16:00,402
6663419159,U,OB,1,1,125,290210,38,43:00.0,7,15:00,423
666344862X,U,OB,1,1,447,138679,31,55:00.0,7,18:00,423
6663502162,U,OB,1,1,1520,290086,49,46:00.0,4,3:00,423
6663584599,U,CTY,1,2,1407,133730,189,19:00.0,1,13:00,881
6663584608,U,IB,1,2,2634,140312,149,06:00.0,2,8:00,881
6663670215,U,CTY,1,1,104,531251,187,28:00.0,1,23:00,881
6663989325,U,IB,1,1,334,123961,151,56:00.0,4,15:00,642
6663989417,U,IB,1,1,500,261149,125,10:00.0,3,14:00,642
6664009235,U,IB,1,7,4236,137782,105,10:00.0,1,8:00,642
6664049275,U,IB,1,2,1610,131475,104,38:00.0,7,6:00,642
6664202139,U,CTY,1,2,2286,125432,188,09:00.0,6,15:00,865
666420740X,U,IB,1,1,188,134162,151,17:00.0,6,7:00,865
6664207556,U,IB,1,1,1390,136038,165,26:00.0,1,9:00,865
6664207556,U,IB,1,1,1390,136038,141,25:00.0,1,9:00,865
6664238448,U,IB,1,2,980,136038,141,22:00.0,1,7:00,865
6664238448,U,CTY,1,2,980,136038,203,34:00.0,1,20:00,865
6664848351,U,OB,1,2,1033,127322,66,41:00.0,6,17:00,684
6664848461,U,CTY,1,3,2675,290993,187,59:00.0,7,19:00,684
6665119218,U,OB,1,1,426,279919,86,54:00.0,1,10:00,213
6665128631,U,IB,1,1,276,291219,105,52:00.0,4,2:00,213
6665348411,U,CTY,1,1,321,131209,197,12:00.0,6,14:00,303
6665776064,U,CTY,1,2,727,138987,235,46:00.0,4,21:00,830
6665921237,U,CTY,1,3,951,277828,197,15:00.0,2,7:00,830
6666075264,U,CTY,1,10,4470,131503,189,03:00.0,6,11:00,431
6666075273,U,CTY,1,3,1970,131503,189,17:00.0,6,10:00,431
6666075282,U,IB,1,6,10315,HAEI23552,151,14:00.0,6,18:00,431
6666100207,U,OB,1,2,439,261063,78,03:00.0,5,19:00,431
6666100445,U,IB,1,1,396,138066,114,48:00.0,1,2:00,431
6666100454,U,CTY,1,1,304,290977,194,00:00.0,6,1:00,431
6666100472,U,CTY,1,2,528,117243,175,21:00.0,1,21:00,431
6666215166,U,CTY,1,1,248,560380,169,43:00.0,6,17:00,431
6666432461,U,CTY,1,1,386,118647,175,26:00.0,1,6:00,671
666645239X,U,OB,1,6,10660,130827,69,07:00.0,4,20:00,671
6666529160,U,IB,1,1,646,136322,164,25:00.0,2,10:00,616
6667252823,U,CTY,1,2,1950,140322,176,24:00.0,7,5:00,834
6667285163,U,CTY,1,1,344,137397,176,41:00.0,6,20:00,834
6667294724,U,CTY,1,6,8270,119870,207,41:00.0,3,8:00,834
6667531545,U,CTY,1,1,800,PASC634534,172,19:00.0,1,8:00,627
6667698727,U,CTY,1,28,148,133267,192,02:00.0,3,10:00,813
6667802897,U,IB,1,1,1100,123581,111,21:00.0,5,13:00,218
6667855953,U,IB,1,2,1390,530504,105,37:00.0,7,0:00,218
6667855962,U,OB,1,2,888,135935,89,03:00.0,6,15:00,218
666785599X,U,IB,1,1,565,131681,117,11:00.0,6,7:00,218
6667860894,U,CTY,1,1,148,135521,188,14:00.0,3,19:00,218
6667861096,U,IB,1,6,3615,390044,111,19:00.0,3,4:00,218
6667902474,U,IB,1,1,290,132790,116,57:00.0,4,0:00,218
6667902548,U,OB,1,4,1450,903811,88,24:00.0,6,19:00,218
6667999586,U,IB,1,1,390,124352,104,50:00.0,3,22:00,218
6668015078,U,IB,1,1,370,135114,125,54:00.0,1,4:00,218
6668015087,U,CTY,1,1,250,130844,189,15:00.0,3,19:00,218
6668015105,U,CTY,1,1,295,T415634691,192,57:00.0,7,6:00,218
6668082250,U,IB,1,2,1405,136417,101,34:00.0,4,0:00,218
6668112125,U,IB,1,2,1000,390044,111,39:00.0,3,12:00,218
6668112125,U,OB,1,2,1000,390044,92,55:00.0,3,13:00,218
6668112170,U,IB,1,3,560,124352,104,03:00.0,3,22:00,218
666811218X,U,IB,1,10,700,124352,104,59:00.0,3,21:00,218
6668126187,U,IB,1,1,258,430881,112,44:00.0,4,4:00,218
6668126214,U,IB,1,4,1238,430881,112,59:00.0,4,8:00,218
6668126306,U,OB,1,1,390,252293,84,54:00.0,6,17:00,218
666817939X,U,OB,1,1,306,119372,84,58:00.0,4,18:00,218
6668179409,U,CTY,1,1,800,T415634691,192,21:00.0,7,12:00,218
666817950X,U,OB,1,1,450,252293,84,43:00.0,6,14:00,218
6668199611,U,IB,1,2,873,390229,116,55:00.0,2,3:00,218
6668199658,U,CTY,1,1,304,904116,189,42:00.0,7,8:00,218
6668199685,U,IB,1,1,450,129514,127,25:00.0,4,1:00,218
6668199694,U,OB,1,1,893,132227,92,10:00.0,3,20:00,218
6668199694,U,OB,1,1,893,132227,92,10:00.0,3,20:00,218
6668199768,U,IB,1,1,860,135159,116,11:00.0,1,3:00,218
6668202848,U,OB,1,1,400,430917,89,33:00.0,2,7:00,218
6668396668,U,OB,1,1,620,135935,89,15:00.0,6,15:00,218
666840566X,U,OB,1,2,3485,131399,96,53:00.0,3,17:00,218
6668517401,U,IB,1,1,272,R211600269,123,00:00.0,5,21:00,218
6668590964,U,IB,1,1,450,128880,113,41:00.0,3,21:00,218
6668608216,U,IB,1,1,190,135114,125,58:00.0,1,9:00,218
6668608243,U,CTY,1,1,223,125856,174,19:00.0,4,21:00,218
6668608270,U,IB,1,2,517,135159,116,27:00.0,1,3:00,218
6668625971,U,IB,1,1,888,126280,116,19:00.0,5,19:00,218
6668811110,U,IB,1,1,320,128821,117,12:00.0,1,18:00,894
6668811139,U,OB,1,2,935,559414,96,12:00.0,1,15:00,653
6668836291,U,IB,1,1,260,125848,151,30:00.0,5,8:00,309
6668894380,U,CTY,1,1,2252,PASC33311,187,50:00.0,4,7:00,309
666889439X,U,CTY,1,1,340,PASC175379,188,09:00.0,5,10:00,309
6669206946,U,IB,1,1,1634,290255,158,03:00.0,6,13:00,473
6669206955,U,OB,1,1,885,130455,84,05:00.0,6,12:00,473
6669220934,U,OB,1,3,6471,128714,86,01:00.0,2,21:00,473
6669220943,U,OB,1,2,2805,138587,31,28:00.0,4,3:00,473
6669501901,U,CTY,1,1,242,560380,169,02:00.0,6,18:00,841
6669653133,U,OB,1,2,224,124081,32,43:00.0,6,4:00,429
6669724660,U,CTY,1,3,1235,129553,168,14:00.0,2,17:00,813
666972467X,U,CTY,1,1,477,129553,168,27:00.0,2,16:00,813
6669724689,U,CTY,1,1,288,129553,168,38:00.0,2,16:00,813
6669748128,U,CTY,1,1,366,130908,197,57:00.0,7,13:00,813
6669748292,U,OB,1,1,312,138823,39,26:00.0,3,17:00,813
6669867000,U,CTY,1,1,54,261219,188,32:00.0,1,22:00,813
6669867029,U,CTY,1,1,27,261219,188,06:00.0,1,22:00,813
6669867047,U,OB,1,3,2328,125836,75,49:00.0,1,16:00,813
6669867056,U,OB,1,1,286,125836,75,12:00.0,1,16:00,813
6669867074,U,CTY,1,1,209,131208,173,51:00.0,3,12:00,813
6690380748,U,CTY,1,1,265,124248,168,09:00.0,3,20:00,830
6690518899,U,IB,1,2,424,125429,143,46:00.0,7,14:00,830
6690548397,U,CTY,1,2,862,136611,172,12:00.0,6,7:00,830
669054847X,U,CTY,1,4,753,130882,175,33:00.0,2,8:00,830
6690665538,U,IB,1,8,1901,121397,151,57:00.0,6,4:00,830
6690743766,U,IB,1,1,1340,137236,101,21:00.0,6,3:00,138
6690907547,U,CTY,1,1,490,129962,172,53:00.0,4,12:00,873
6691074774,U,OB,1,1,616,558986,52,56:00.0,3,6:00,172
6691143854,U,CTY,1,3,1110,136957,196,35:00.0,5,13:00,371
6691176396,U,IB,1,1,543,123227,101,01:00.0,5,0:00,371
6691181373,U,CTY,1,2,2345,133220,194,37:00.0,6,19:00,371
6691181382,U,CTY,1,1,215,125614,169,24:00.0,7,18:00,371
6691235722,U,IB,1,4,3759,134958,149,08:00.0,1,16:00,326
6691333173,U,IB,1,1,280,353244,149,46:00.0,1,7:00,326
6691333191,U,IB,1,1,305,353244,149,43:00.0,1,8:00,326
6691456813,U,CTY,1,5,2890,137603,174,11:00.0,5,1:00,326
6691509348,U,IB,1,1,275,117643,143,12:00.0,6,20:00,630
669193161X,U,CTY,1,1,122,139826,E30 ,02:00.0,6,20:00,324
6691931656,U,CTY,1,2,669,116843,169,18:00.0,5,10:00,324
6692408295,U,CTY,1,1,130,133460,175,55:00.0,2,15:00,641
669244740X,U,OB,1,2,2480,128714,86,09:00.0,2,21:00,473
6692458482,U,IB,1,2,4965,211235,129,25:00.0,2,8:00,473
6692473525,U,OB,1,1,140,131402,43,30:00.0,3,16:00,473
6692483580,U,CTY,1,1,633,136623,212,45:00.0,2,2:00,473
6692483580,U,OB,1,1,633,136623,69,43:00.0,7,3:00,473
6692483627,U,CTY,1,1,465,119275,216,30:00.0,6,6:00,473
6692483627,U,OB,1,1,465,119275,50,51:00.0,5,15:00,473
6692483645,U,OB,1,1,672,119275,50,50:00.0,5,14:00,473
6692483663,U,OB,1,1,590,130643,17,03:00.0,6,16:00,473
6692484644,U,IB,1,1,1366,136922,141,07:00.0,1,13:00,473
6692487192,U,OB,1,1,175,139545,67,13:00.0,2,16:00,473
6692492647,U,OB,1,1,139,125328,32,46:00.0,7,18:00,476
6692496753,U,OB,1,1,4220,138557,50,26:00.0,5,0:00,476
6692514811,U,OB,1,1,196,128310,46,53:00.0,6,3:00,476
6692516939,U,OB,1,1,550,130643,17,54:00.0,6,15:00,476
6692516966,U,OB,1,1,45,134546,26,50:00.0,5,16:00,476
6692516975,U,OB,1,1,650,125836,75,50:00.0,1,18:00,476
669251857X,U,OB,1,1,1300,140370,63,46:00.0,6,3:00,476
6692518661,U,OB,1,1,37,530430,63,23:00.0,6,8:00,476
6692518717,U,OB,1,1,625,130643,17,43:00.0,6,15:00,476
6692521833,U,OB,1,1,465,138854,49,32:00.0,5,4:00,476
6692523180,U,OB,1,1,179,139545,67,27:00.0,2,16:00,476
6692523290,U,OB,1,1,199,140430,76,53:00.0,4,19:00,476
6692523355,U,OB,1,1,147,130643,17,14:00.0,6,15:00,476
6692533237,U,IB,1,2,3576,211235,129,59:00.0,1,22:00,476
6692536537,U,CTY,1,2,2888,278056,197,25:00.0,1,6:00,476
6692536564,U,OB,1,2,970,138834,14,12:00.0,7,1:00,476
6692536811,U,OB,1,1,190,134546,26,30:00.0,5,17:00,476
669260294X,U,OB,1,1,240,560225,14,32:00.0,6,14:00,447
6692602959,U,OB,1,2,897,135797,22,54:00.0,7,3:00,447
6692602968,U,OB,1,1,320,124072,38,54:00.0,7,0:00,447
6692602986,U,OB,1,1,100,530636,75,52:00.0,6,15:00,447
6692602995,U,OB,1,1,130,530636,75,56:00.0,6,15:00,447
6692626728,U,OB,1,1,300,136883,58,19:00.0,5,3:00,447
6692665951,U,CTY,1,69,582,HAEI25964,169,02:00.0,5,16:00,841
6692674421,U,CTY,1,75,745,HAEI25934,192,47:00.0,1,2:00,858
6692677135,U,IB,1,1,95,139908,164,25:00.0,4,0:00,841
6692684523,U,OB,1,68,550,139634,86,41:00.0,2,9:00,858
6692688887,U,IB,1,247,2330,129663,158,31:00.0,3,14:00,858
6692765099,U,IB,1,1,575,CVEN45772,103,10:00.0,6,13:00,152
6692999911,U,OB,1,1,1600,125573,60,51:00.0,6,8:00,421
6692999920,U,OB,1,4,900,125573,60,37:00.0,6,8:00,421
6693015412,U,OB,1,1,240,137774,46,31:00.0,5,6:00,421
6693091770,U,OB,1,1,319,137716,58,01:00.0,3,13:00,421
6693201330,U,OB,1,1,1544,129885,52,07:00.0,6,8:00,421
6694301276,U,IB,1,1,49,135237,164,14:00.0,2,4:00,263
6694301276,U,CTY,1,1,49,135237,184,29:00.0,2,6:00,263
6694301285,U,CTY,1,1,550,138457,188,51:00.0,6,16:00,263
6694301285,U,CTY,1,1,550,138457,232,31:00.0,1,19:00,263
6694301294,U,CTY,1,1,23,138457,232,49:00.0,1,19:00,263
6694301294,U,CTY,1,1,23,138457,188,19:00.0,6,14:00,263
6694301303,U,CTY,1,1,77,135119,188,14:00.0,1,11:00,263
6694301321,U,CTY,1,1,240,125161,195,52:00.0,5,16:00,263
6694307189,U,CTY,1,1,210,TNUE56177,188,04:00.0,1,2:00,263
669433522X,U,CTY,1,1,360,PASC175379,188,19:00.0,7,16:00,263
6694346816,U,IB,1,1,755,PASC634516,151,18:00.0,7,14:00,263
6694642707,U,IB,1,1,782,135689,101,23:00.0,6,3:00,216
669464663X,U,IB,1,5,2205,202385,105,27:00.0,4,15:00,216
6694926424,U,CTY,1,1,1986,137849,222,48:00.0,4,1:00,875
6694926424,U,CTY,1,1,1986,137849,196,13:00.0,3,5:00,875
6695011757,U,IB,1,1,465,135862,141,32:00.0,7,19:00,875
6695054904,U,OB,1,1,765,134752,73,06:00.0,3,4:00,556
6695055160,U,IB,1,1,298,121924,123,54:00.0,6,5:00,556
6695055160,U,IB,1,1,298,121924,117,05:00.0,6,13:00,556
6695055234,U,OB,1,1,1204,132150,67,22:00.0,2,19:00,556
6695065610,U,OB,1,1,405,123489,40,22:00.0,2,8:00,556
6695065830,U,IB,1,1,342,131827,129,58:00.0,6,20:00,556
6695067774,U,OB,1,1,516,121786,26,50:00.0,7,7:00,556
6695067902,U,OB,1,1,670,129851,55,58:00.0,2,14:00,556
6695068030,U,IB,1,2,709,126264,125,24:00.0,4,10:00,556
6695068086,U,OB,1,1,355,128892,52,40:00.0,6,18:00,556
6695068104,U,OB,1,1,365,123489,87,14:00.0,2,22:00,556
6695068104,U,OB,1,1,365,123489,40,19:00.0,2,8:00,556
669506815X,U,OB,1,1,354,135453,86,18:00.0,6,18:00,556
6695068178,U,OB,1,1,425,135453,86,20:00.0,6,18:00,556
6695068214,U,IB,1,1,460,131836,101,18:00.0,7,2:00,556
6695078902,U,IB,1,1,517,136665,143,16:00.0,3,2:00,556
6695078976,U,OB,1,1,337,128016,78,05:00.0,7,16:00,556
6695078994,U,OB,1,1,639,127948,31,08:00.0,1,5:00,556
6695145389,U,OB,1,2,483,129851,55,43:00.0,2,14:00,556
6695146534,U,OB,1,1,292,121293,53,34:00.0,1,12:00,556
6695146561,U,IB,1,1,412,136427,137,05:00.0,1,15:00,556
6695146561,U,OB,1,1,412,136427,22,52:00.0,1,3:00,556
6695164913,U,IB,1,1,190,137562,111,52:00.0,5,5:00,556
6695164931,U,IB,1,1,210,131827,129,32:00.0,6,21:00,556
669516495X,U,OB,1,3,915,290807,89,15:00.0,7,18:00,556
6695187528,U,IB,1,1,165,45562,103,16:00.0,4,11:00,556
6695187537,U,IB,1,1,238,45562,103,26:00.0,4,11:00,556
6695187555,U,OB,1,1,457,121207,86,48:00.0,1,9:00,556
6695187600,U,OB,1,9,7235,123489,40,04:00.0,2,7:00,556
6695187647,U,OB,1,4,2630,127088,63,26:00.0,6,14:00,556
6695187656,U,OB,1,8,6863,127948,31,00:00.0,1,5:00,556
6695187665,U,OB,1,2,1463,128016,78,16:00.0,7,18:00,556
6695187674,U,OB,1,1,244,136427,22,09:00.0,1,5:00,556
6695187766,U,OB,1,1,357,135453,86,08:00.0,6,18:00,556
6695187766,U,IB,1,1,357,135453,119,48:00.0,6,18:00,556
6695212094,U,OB,1,1,395,135453,86,54:00.0,6,16:00,556
6695255627,U,IB,1,1,185,121924,123,16:00.0,6,5:00,556
6695381274,U,CTY,1,1,584,PASC634534,197,54:00.0,1,10:00,309
6695381283,U,CTY,1,1,584,PASC634534,197,09:00.0,1,11:00,309
669538198X,U,IB,1,1,275,261088,149,20:00.0,5,7:00,309
6695383245,U,CTY,1,1,584,PASC634534,197,51:00.0,1,10:00,309
669538341X,U,CTY,1,1,700,PASC634534,197,24:00.0,1,5:00,309
6695386581,U,OB,1,1,222,135119,49,59:00.0,3,4:00,309
6695386619,U,CTY,1,1,275,PASC533243,168,19:00.0,7,6:00,309
6695386738,U,CTY,1,1,275,PASC533243,168,28:00.0,7,7:00,309
6695386765,U,CTY,1,1,275,PASC533243,168,07:00.0,7,7:00,309
6695425559,U,IB,1,4,730,133813,141,57:00.0,5,22:00,309
6695581979,U,OB,1,1,260,138746,96,50:00.0,5,8:00,246
6695834602,U,OB,1,2,1459,119073,55,21:00.0,7,16:00,411
6695900391,U,OB,1,6,4635,122907,50,29:00.0,1,19:00,411
6695905772,U,OB,1,2,1383,200486,50,17:00.0,4,8:00,411
6695905781,U,OB,1,2,3669,126288,46,14:00.0,5,15:00,411
6695905837,U,OB,1,1,472,130593,22,01:00.0,4,15:00,411
6695905846,U,OB,1,1,236,134612,49,50:00.0,3,16:00,411
6695905900,U,OB,1,2,2679,129696,58,26:00.0,3,19:00,411
669590591X,U,OB,1,1,610,126171,52,52:00.0,4,9:00,411
6695905938,U,OB,1,1,690,121937,55,12:00.0,6,8:00,411
6695992003,U,OB,1,5,6695,130538,52,27:00.0,1,2:00,411
6696225506,U,OB,1,3,2664,139942,50,16:00.0,7,21:00,521
6696263290,U,CTY,1,1,215,136913,195,49:00.0,5,22:00,402
6696263319,U,CTY,1,1,965,136913,195,23:00.0,5,22:00,402
6696263355,U,OB,1,1,475,41204,66,04:00.0,3,9:00,402
6696263382,U,OB,1,2,812,138115,73,24:00.0,5,6:00,402
6696263548,U,OB,1,2,744,137007,39,55:00.0,7,7:00,402
6696308491,U,OB,1,1,456,R621801606,40,23:00.0,5,9:00,402
6696308500,U,OB,1,1,270,278516,74,57:00.0,5,22:00,402
6696432068,U,OB,1,8,1453,127570,48,11:00.0,7,1:00,432
6696432095,U,OB,1,2,1155,127570,48,00:00.0,7,1:00,432
6696830441,U,CTY,1,1,1200,131109,175,35:00.0,7,12:00,347
6696830441,U,CTY,1,1,1200,131109,207,19:00.0,7,18:00,347
6696830450,U,CTY,1,1,1200,137512,188,16:00.0,3,5:00,347
6696918616,U,CTY,1,4,2831,136419,169,30:00.0,7,3:00,347
6696918643,U,CTY,1,2,1195,211043,175,46:00.0,3,20:00,347
6696918661,U,IB,1,1,754,134236,145,53:00.0,7,12:00,347
6696918670,U,IB,1,1,859,119977,129,41:00.0,2,1:00,347
6697005415,U,CTY,1,6,473,131820,172,36:00.0,1,15:00,347
6697031357,U,CTY,1,3,3510,128174,197,44:00.0,3,5:00,347
6697042696,U,IB,1,1,400,134599,127,35:00.0,1,7:00,347
6697095166,U,CTY,1,1,1305,133804,187,47:00.0,6,9:00,347
6697095175,U,CTY,1,1,1315,133387,195,45:00.0,4,16:00,347
669709633X,U,CTY,1,1,1420,137858,169,35:00.0,5,6:00,347
6697437486,U,OB,1,1,125,127260,90,14:00.0,7,7:00,108
6697789980,U,OB,1,1,156,139464,31,34:00.0,6,13:00,730
6697817563,U,OB,1,2,680,132104,25,43:00.0,1,6:00,730
6697830900,U,OB,1,1,670,126080,49,48:00.0,5,21:00,730
669783091X,U,OB,1,1,100,291139,14,51:00.0,4,12:00,730
6697882849,U,OB,1,1,570,136017,68,56:00.0,4,4:00,435
6697882849,U,OB,1,1,570,136017,68,56:00.0,4,4:00,435
6698322225,U,CTY,1,2,4260,137322,175,41:00.0,4,3:00,857
6698489342,U,CTY,1,1,660,290910,195,00:00.0,5,10:00,847
6699026308,U,IB,1,1,2000,135962,145,10:00.0,6,7:00,888
6699035061,U,IB,1,4,3420,131829,167,42:00.0,4,3:00,888
6699035061,U,IB,1,4,3420,131829,167,15:00.0,3,14:00,888
6699035061,U,IB,1,4,3420,131829,143,09:00.0,3,14:00,888
6699037802,U,IB,1,2,2712,131281,135,10:00.0,3,19:00,888
6699037885,U,IB,1,1,655,131591,129,52:00.0,7,6:00,888
6699039389,U,IB,1,1,2160,134519,163,37:00.0,2,18:00,888
6699048683,U,IB,1,1,400,135962,145,07:00.0,6,7:00,888
6699077824,U,OB,1,1,50,138684,39,47:00.0,3,0:00,409
6699078567,U,OB,1,1,34,138684,39,49:00.0,3,0:00,409
6699078576,U,OB,1,4,1105,138684,39,25:00.0,3,0:00,409
6699078585,U,OB,1,1,272,133352,73,00:00.0,6,8:00,409
6699078594,U,OB,1,1,301,132108,52,33:00.0,5,6:00,409
6699106561,U,OB,1,3,5475,290980,38,47:00.0,4,18:00,409
6699114968,U,OB,1,2,2182,129881,86,43:00.0,6,3:00,409
6699114977,U,OB,1,2,731,136842,39,13:00.0,5,8:00,409
669911626X,U,OB,1,4,1120,558981,51,59:00.0,4,4:00,409
6699246050,U,CTY,1,2,650,134642,176,17:00.0,6,19:00,851
6699246088,U,CTY,1,4,1220,132120,175,29:00.0,5,3:00,851
6699468874,U,IB,1,2,842,133352,143,39:00.0,4,18:00,890
6699468883,U,IB,1,6,7708,133352,143,03:00.0,4,19:00,890
6699532198,U,IB,1,4,2518,130587,117,39:00.0,2,8:00,890
6699539916,U,IB,1,3,1889,136876,129,06:00.0,1,11:00,890
6699539943,U,IB,1,4,2118,127379,111,52:00.0,2,19:00,890
6699541941,U,IB,1,2,1020,133396,129,41:00.0,2,15:00,890
6699541950,U,IB,1,2,878,133396,129,09:00.0,2,16:00,890
6699751060,U,IB,1,1,153,133296,163,58:00.0,7,12:00,304
6717334966,U,IB,1,15,355,123699,101,59:00.0,2,16:00,671
6780008948,U,OB,1,4,2860,134048,67,51:00.0,4,4:00,683
6780009269,U,OB,1,1,2770,131247,73,29:00.0,1,7:00,683
6780114355,U,IB,1,4,1690,122820,141,52:00.0,1,20:00,211
6780138344,U,IB,1,3,3476,138713,164,27:00.0,5,21:00,211
6780140232,U,OB,1,1,410,134530,95,33:00.0,6,7:00,211
6780144632,U,CTY,1,3,3408,202076,189,46:00.0,1,10:00,211
6780164277,U,CTY,1,1,651,PASC634013,197,39:00.0,6,3:00,388
6780285533,U,OB,1,2,729,122959,43,29:00.0,4,5:00,402
6780285551,U,OB,1,2,650,122959,43,26:00.0,4,5:00,402
6780285616,U,OB,1,2,646,249085,32,43:00.0,4,4:00,402
6780293911,U,CTY,1,1,728,137041,169,04:00.0,7,4:00,402
6780331459,U,OB,1,1,800,136550,17,30:00.0,3,12:00,402
6780331468,U,OB,1,1,800,136207,18,48:00.0,5,5:00,402
6780331486,U,OB,1,1,800,136207,18,48:00.0,5,5:00,402
6780331504,U,OB,1,1,800,136207,18,45:00.0,5,5:00,402
6780407074,U,OB,1,2,300,117643,84,02:00.0,4,16:00,402
6780664016,U,OB,1,1,262,202465,78,12:00.0,4,5:00,145
678073074X,U,CTY,1,1,296,133626,192,40:00.0,6,18:00,145
6780730759,U,OB,1,2,432,127560,89,42:00.0,3,1:00,145
6780760834,U,IB,1,1,219,127779,101,01:00.0,7,20:00,145
6780918859,U,OB,1,8,3681,131463,95,26:00.0,6,18:00,145
6781153992,U,CTY,1,1,319,139468,172,27:00.0,7,18:00,557
6781171657,U,OB,1,6,2160,249156,88,38:00.0,3,12:00,557
6781279924,U,CTY,1,1,135,249342,172,30:00.0,3,23:00,511
6781725608,U,IB,1,1,630,140335,113,45:00.0,5,4:00,268
6781725617,U,CTY,1,4,2830,138990,194,38:00.0,5,19:00,268
6782266000,U,OB,1,1,89,558881,66,20:00.0,2,7:00,292
6782283564,U,OB,1,1,479,127224,90,50:00.0,7,6:00,292
6782299404,U,IB,1,1,118,291293,112,12:00.0,3,8:00,292
6782306179,U,OB,1,1,260,129751,63,51:00.0,7,16:00,292
6782306188,U,IB,1,1,135,131327,104,33:00.0,7,18:00,292
6782462745,U,CTY,1,1,300,252131,189,05:00.0,3,11:00,230
6782462754,U,CTY,1,1,425,252131,189,01:00.0,3,11:00,230
6782483113,U,CTY,1,1,1221,290114,169,11:00.0,1,7:00,230
6782483910,U,CTY,1,4,5000,125814,172,13:00.0,6,1:00,230
6782485589,U,CTY,1,6,6097,125630,197,35:00.0,7,6:00,230
6782491767,U,CTY,1,1,1000,252131,189,14:00.0,3,11:00,230
6782491776,U,CTY,1,1,1000,252131,189,03:00.0,3,11:00,230
6782491821,U,CTY,1,1,485,125814,172,38:00.0,6,1:00,230
6782491877,U,CTY,1,1,695,PASC634534,176,58:00.0,1,22:00,230
6782491886,U,CTY,1,1,695,PASC634534,176,07:00.0,1,22:00,230
6782491913,U,CTY,1,1,270,135508,175,12:00.0,1,6:00,230
6782491922,U,CTY,1,1,200,PASC33311,173,54:00.0,5,8:00,230
6782531715,U,CTY,1,1,495,124347,175,59:00.0,5,2:00,230
6783813141,U,CTY,1,1,215,132772,168,05:00.0,1,8:00,642
6783813150,U,IB,1,4,305,127791,111,42:00.0,1,6:00,642
6783813206,U,CTY,1,2,394,290977,197,40:00.0,3,14:00,642
678405923X,U,IB,1,1,550,131703,123,04:00.0,4,16:00,303
6784500320,U,IB,1,1,80,125049,131,03:00.0,3,18:00,551
6784500320,U,OB,1,1,80,125049,25,05:00.0,3,18:00,551
678450033X,U,OB,1,1,80,140074,89,28:00.0,5,3:00,551
6784509295,U,OB,1,1,300,131529,84,49:00.0,3,8:00,644
6784509313,U,OB,1,1,737,133640,95,05:00.0,3,10:00,644
6784509331,U,OB,1,1,255,123517,53,26:00.0,4,9:00,644
6784509369,U,OB,1,3,3632,126618,51,03:00.0,5,12:00,644
6784509378,U,OB,1,5,2760,127491,95,41:00.0,5,7:00,644
6784509432,U,OB,1,1,738,132875,66,19:00.0,1,7:00,644
6784509441,U,OB,1,7,6642,132875,66,37:00.0,1,7:00,644
678450946X,U,OB,1,1,903,125939,67,13:00.0,3,21:00,644
6784509497,U,OB,1,2,733,121684,74,41:00.0,4,9:00,644
6784509506,U,OB,1,2,2485,123544,46,18:00.0,5,10:00,644
6784527261,U,OB,1,1,320,131507,40,53:00.0,7,17:00,644
6784527270,U,OB,1,1,275,123905,76,20:00.0,4,16:00,644
6784527317,U,OB,1,1,500,123905,76,50:00.0,4,15:00,644
6784527353,U,IB,1,1,98,130654,105,49:00.0,7,12:00,644
6784534265,U,OB,1,1,520,123544,46,09:00.0,5,10:00,644
6784534274,U,OB,1,2,712,249073,39,37:00.0,1,6:00,644
6784534283,U,OB,1,2,1476,249073,39,03:00.0,1,3:00,644
6784534292,U,OB,1,1,160,249073,39,31:00.0,1,6:00,644
6784534301,U,OB,1,1,132,249073,39,11:00.0,1,2:00,644
6784534310,U,OB,1,1,382,559087,46,28:00.0,7,18:00,644
678453432X,U,OB,1,1,642,249073,39,16:00.0,1,2:00,644
6784534339,U,OB,1,1,243,135511,74,47:00.0,7,14:00,644
6784534348,U,OB,1,2,814,249073,39,50:00.0,1,2:00,644
6784534366,U,OB,1,1,256,559087,46,17:00.0,7,18:00,644
6784534375,U,OB,1,1,196,249073,39,25:00.0,1,3:00,644
6784534393,U,OB,1,4,1822,559087,46,53:00.0,7,18:00,644
6784534402,U,OB,1,3,1448,139743,67,17:00.0,3,7:00,644
6784534411,U,OB,1,1,1176,139743,67,20:00.0,3,7:00,644
6784541534,U,OB,1,2,1930,137129,66,44:00.0,5,9:00,644
6784541543,U,OB,1,2,1855,135903,51,32:00.0,5,18:00,644
6784541552,U,OB,1,2,944,131507,40,59:00.0,7,16:00,644
6784541561,U,OB,1,1,300,126232,67,18:00.0,3,5:00,644
6784541781,U,OB,1,1,940,136624,53,47:00.0,6,15:00,644
6784541790,U,OB,1,1,1155,136624,53,37:00.0,6,14:00,644
6784541828,U,OB,1,1,100,123905,76,12:00.0,4,13:00,644
6784541837,U,OB,1,1,2655,129875,39,01:00.0,4,19:00,644
6784541846,U,OB,1,1,303,119040,69,32:00.0,5,9:00,644
6784541855,U,OB,1,1,539,119040,69,28:00.0,5,9:00,644
6784726518,U,IB,1,1,157,134519,163,45:00.0,2,19:00,891
6784726518,U,IB,1,1,157,134519,167,38:00.0,2,20:00,891
6784731165,U,IB,1,1,235,279944,112,35:00.0,3,19:00,891
678473177X,U,IB,1,4,552,132855,113,39:00.0,7,12:00,891
6784732476,U,IB,1,1,76,133936,125,01:00.0,6,22:00,891
6784746529,U,CTY,1,1,2250,126350,175,54:00.0,2,0:00,891
6784746529,U,CTY,1,1,2250,126350,187,21:00.0,3,0:00,891
6784759361,U,IB,1,3,1441,133558,133,20:00.0,1,15:00,891
678475960X,U,OB,1,1,468,136639,78,20:00.0,1,8:00,891
6784760068,U,CTY,1,1,925,126350,175,37:00.0,2,0:00,891
6784760131,U,IB,1,1,409,130933,131,04:00.0,3,2:00,891
6784760169,U,IB,1,1,215,137467,119,49:00.0,1,0:00,891
6784760169,U,IB,1,1,215,137467,117,57:00.0,7,22:00,891
6784761168,U,IB,1,1,810,128821,117,08:00.0,1,18:00,891
678476983X,U,CTY,1,1,576,128320,237,51:00.0,3,3:00,891
678476983X,U,IB,1,1,576,128320,151,36:00.0,2,19:00,891
6784769876,U,IB,1,1,607,117815,135,05:00.0,5,8:00,891
6784771939,U,IB,1,1,205,128821,117,44:00.0,1,17:00,891
6784771957,U,IB,1,1,182,128821,117,49:00.0,1,17:00,891
6784772570,U,IB,1,1,2340,129515,129,13:00.0,1,17:00,891
6784772727,U,IB,1,1,325,131591,129,37:00.0,7,9:00,891
678477302X,U,IB,1,1,182,128821,117,53:00.0,1,17:00,891
6784773084,U,OB,1,1,300,131651,80,14:00.0,1,13:00,891
6784773084,U,OB,1,1,300,131651,80,14:00.0,1,13:00,891
6784773102,U,IB,1,1,210,131651,141,03:00.0,1,13:00,891
6784773158,U,IB,1,1,186,131651,141,07:00.0,1,13:00,891
6784785770,U,IB,1,1,490,131494,152,50:00.0,5,14:00,891
6784788136,U,IB,1,3,6250,127379,111,00:00.0,2,16:00,891
6784790262,U,IB,1,4,3395,131281,135,22:00.0,3,19:00,891
6784798063,U,IB,1,4,5660,261091,151,37:00.0,5,22:00,891
6784798375,U,IB,1,1,875,202228,123,34:00.0,7,0:00,891
6784798420,U,IB,1,1,1800,140202,151,54:00.0,2,14:00,891
6784798476,U,IB,1,6,11920,135907,113,46:00.0,5,20:00,891
6784798530,U,IB,1,1,265,131591,129,46:00.0,7,9:00,891
6784798797,U,IB,1,2,4800,139808,151,54:00.0,5,13:00,891
6784866355,U,CTY,1,1,194,130650,173,55:00.0,4,3:00,135
6784866373,U,CTY,1,1,176,CVEN44868,187,53:00.0,7,18:00,135
6784866456,U,IB,1,2,211,290591,104,41:00.0,5,13:00,135
6785010161,U,IB,1,1,262,125111,158,44:00.0,1,13:00,840
6785754266,U,OB,1,1,1115,HAEI26237,67,12:00.0,5,18:00,531
6785754275,U,IB,1,1,1048,281030,125,30:00.0,1,22:00,531
6785793105,U,CTY,1,1,400,261029,175,30:00.0,5,6:00,531
6785793114,U,CTY,1,1,300,116869,192,47:00.0,7,2:00,531
6785819770,U,IB,1,3,2290,125111,158,53:00.0,1,11:00,531
6785869968,U,IB,1,2,300,561112,135,11:00.0,7,16:00,531
6785869977,U,CTY,1,1,45,131137,173,14:00.0,5,8:00,531
6785869986,U,OB,1,1,130,133819,58,37:00.0,7,22:00,531
6785984258,U,IB,1,5,2522,123837,135,51:00.0,6,7:00,243
6786068810,U,OB,1,2,1505,R6213954,92,30:00.0,3,10:00,243
6786068810,U,IB,1,2,1505,R6213954,135,33:00.0,3,8:00,243
6786068866,U,IB,1,2,1150,138925,105,12:00.0,6,12:00,243
6786073513,U,IB,1,2,1301,128425,131,13:00.0,7,1:00,243
6786073513,U,CTY,1,2,1301,128425,N15 ,28:00.0,7,6:00,243
6786446981,U,OB,1,1,500,133578,76,48:00.0,4,3:00,521
6786478093,U,OB,1,1,2310,125687,50,11:00.0,2,17:00,740
6786478102,U,OB,1,1,1850,126714,39,13:00.0,3,14:00,412
6786478230,U,OB,1,1,1350,119275,49,22:00.0,7,20:00,421
6786478268,U,OB,1,1,600,136551,58,56:00.0,5,11:00,740
6786478277,U,OB,1,1,2255,136207,18,32:00.0,5,3:00,740
6786478340,U,OB,1,1,550,135146,67,26:00.0,7,19:00,730
6786478369,U,OB,1,2,4535,135495,60,17:00.0,1,8:00,740
6786478396,U,IB,1,1,1416,137986,116,39:00.0,4,19:00,381
6786478479,U,IB,1,1,708,132292,145,48:00.0,6,1:00,381
6786489726,U,OB,1,4,3362,133642,5,25:00.0,7,2:00,480
6786516218,U,OB,1,2,768,125836,75,34:00.0,1,18:00,480
6786516227,U,OB,1,3,993,138705,76,36:00.0,1,23:00,480
678652037X,U,OB,1,1,604,138587,31,21:00.0,4,3:00,480
6786548585,U,OB,1,1,585,140358,26,16:00.0,4,22:00,510
6786548621,U,OB,1,1,952,138220,32,01:00.0,1,7:00,510
6786548740,U,OB,1,2,3933,137455,73,02:00.0,7,13:00,510
6786576067,U,OB,1,1,710,140358,26,17:00.0,4,22:00,510
6786576076,U,OB,1,1,3575,291042,73,01:00.0,7,22:00,510
6786576121,U,OB,1,1,660,132358,49,56:00.0,4,19:00,510
6786593611,U,IB,1,3,6308,136922,141,17:00.0,1,14:00,510
6786593676,U,OB,1,2,4240,119275,50,14:00.0,5,16:00,510
6786596985,U,OB,1,1,1690,530430,63,16:00.0,6,8:00,510
6786832742,U,IB,1,2,775,123834,127,15:00.0,4,13:00,511
678683299X,U,IB,1,1,301,135986,164,09:00.0,1,9:00,511
6786833200,U,CTY,1,1,286,431077,173,44:00.0,7,18:00,511
6786847830,U,IB,1,1,302,290328,116,30:00.0,6,7:00,511
6786847877,U,IB,1,1,235,290328,116,33:00.0,6,7:00,511
6786847913,U,IB,1,4,2480,124080,133,29:00.0,7,16:00,511
6786847922,U,IB,1,1,511,124080,133,54:00.0,7,15:00,511
6786873103,U,CTY,1,4,2448,126859,169,52:00.0,6,22:00,511
6786873103,U,OB,1,4,2448,126859,78,34:00.0,1,13:00,511
6786873195,U,OB,1,1,400,211720,73,12:00.0,6,14:00,511
6786873204,U,OB,1,2,1264,211720,73,25:00.0,6,14:00,511
6787131823,U,IB,1,9,4090,130455,145,43:00.0,4,13:00,355
6787131933,U,IB,1,11,5478,126443,145,20:00.0,4,0:00,355
6787152898,U,IB,1,11,4482,138629,129,38:00.0,4,15:00,355
6787176391,U,CTY,1,1,684,125614,169,22:00.0,7,19:00,355
678724593X,U,CTY,1,2,1615,131332,172,22:00.0,4,20:00,324
6787495153,U,CTY,1,2,945,PASC175379,175,51:00.0,5,8:00,396
6787636054,U,IB,1,3,7275,290212,135,08:00.0,1,7:00,213
6787636090,U,IB,1,2,5600,118561,158,39:00.0,7,0:00,213
6787642196,U,IB,1,1,600,126960,116,44:00.0,3,22:00,213
6787694556,U,OB,1,1,1700,138348,96,15:00.0,5,20:00,213
6787725300,U,IB,1,6,4788,290212,135,16:00.0,1,6:00,213
6787804749,U,CTY,1,2,2330,202525,172,27:00.0,3,13:00,324
6787811789,U,CTY,1,1,500,132416,197,55:00.0,3,22:00,324
6787917856,U,IB,1,7,15875,134516,114,07:00.0,5,12:00,324
6788202920,U,OB,1,2,198,132272,78,44:00.0,5,7:00,187
6789065138,U,OB,1,1,1150,137272,39,12:00.0,3,20:00,754
6789065147,U,OB,1,1,215,290935,38,13:00.0,6,17:00,754
6789065165,U,OB,1,1,1140,131247,73,42:00.0,1,6:00,754
6789065183,U,OB,1,1,1155,132336,53,43:00.0,6,1:00,754
6789110678,U,OB,1,1,240,131897,26,15:00.0,6,20:00,754
6789299557,U,IB,1,1,394,135944,116,49:00.0,3,15:00,216
6789299566,U,CTY,1,1,307,133257,169,56:00.0,3,13:00,216
6789341833,U,IB,1,3,2447,291246,114,51:00.0,6,6:00,216
6789341842,U,IB,1,3,875,291246,114,54:00.0,6,6:00,216
6789361056,U,IB,1,1,510,129499,109,11:00.0,6,11:00,216
6789361056,U,IB,1,1,510,129499,131,59:00.0,6,10:00,216
678968243X,U,IB,1,1,245,134743,151,51:00.0,7,0:00,566
6789703852,U,CTY,1,2,5230,138767,196,37:00.0,2,10:00,566
6789710901,U,CTY,1,1,632,131820,172,55:00.0,1,14:00,566
6789782300,U,IB,1,10,12390,124029,113,22:00.0,4,4:00,160
6789791239,U,IB,1,1,118,125302,104,37:00.0,7,1:00,249
6789807692,U,IB,1,2,288,136650,112,12:00.0,6,10:00,249
6821148510,U,CTY,1,39,730,134425,175,14:00.0,5,20:00,682
6821148548,U,CTY,1,43,715,249174,197,09:00.0,6,18:00,682
6821350654,U,OB,1,59,697,138406,40,14:00.0,2,10:00,682
6822702417,U,IB,1,1,215,136765,151,30:00.0,7,18:00,682
6822769342,U,OB,1,3,3995,136775,66,50:00.0,6,10:00,682
6822769351,U,OB,1,3,3700,278391,39,05:00.0,1,7:00,682
6827207357,U,OB,1,1,520,139971,52,55:00.0,5,0:00,682
6842472232,U,OB,1,2,800,202022,58,20:00.0,1,19:00,401
6852041335,U,OB,1,1,378,132249,39,22:00.0,7,16:00,685
6852535152,U,OB,1,1,166,277970,39,11:00.0,4,0:00,685
6930220312,U,IB,1,2,3050,278893,112,38:00.0,4,0:00,266
6930750283,U,IB,1,1,120,136411,111,17:00.0,5,22:00,653
6930750402,U,IB,1,1,250,139578,149,00:00.0,1,12:00,653
6930792276,U,OB,1,3,1740,135469,88,58:00.0,2,16:00,653
6930917786,U,CTY,1,7,8129,138029,187,12:00.0,7,14:00,326
6930917813,U,IB,1,1,220,133520,145,10:00.0,1,9:00,326
6930919151,U,IB,1,1,240,211654,129,53:00.0,1,22:00,326
6931286598,U,IB,1,1,535,261064,151,21:00.0,7,14:00,819
6931332019,U,CTY,1,1,543,127770,194,26:00.0,3,15:00,819
6931332019,U,CTY,1,1,543,127770,233,09:00.0,4,21:00,819
6931332019,U,CTY,1,1,543,127770,237,53:00.0,5,19:00,819
6931541742,U,CTY,1,2,875,127534,174,33:00.0,3,15:00,878
6931543659,U,IB,1,2,328,530697,131,07:00.0,4,14:00,878
693190400X,U,CTY,1,1,775,128129,169,48:00.0,4,8:00,288
6931910536,U,IB,1,1,1350,132678,141,51:00.0,6,13:00,288
6931910590,U,IB,1,1,1838,842650,158,10:00.0,6,0:00,288
6931911342,U,IB,1,1,120,132523,158,43:00.0,6,10:00,288
6931911342,U,CTY,1,1,120,132523,183,23:00.0,6,12:00,288
6931916155,U,CTY,1,1,1050,136507,194,08:00.0,6,0:00,288
6931924973,U,CTY,1,2,3657,121584,196,14:00.0,7,22:00,288
6931925029,U,CTY,1,1,1327,T402217967,187,55:00.0,4,21:00,288
6932010030,U,IB,1,2,1448,126675,113,10:00.0,4,20:00,630
6932010122,U,CTY,1,6,3229,132854,169,01:00.0,7,21:00,630
6932010196,U,IB,1,2,1448,118529,149,41:00.0,2,6:00,630
6932014293,U,CTY,1,11,7385,127431,172,48:00.0,4,4:00,630
6932014293,U,CTY,1,11,7385,127431,183,51:00.0,4,4:00,630
6932014349,U,CTY,1,4,2896,137152,173,41:00.0,6,7:00,630
6932014358,U,CTY,1,2,1448,133072,169,38:00.0,7,10:00,630
6932015393,U,CTY,1,22,13921,135252,173,29:00.0,4,22:00,630
6932050126,U,OB,1,1,200,127498,43,58:00.0,7,18:00,423
6932071823,U,OB,1,1,292,132610,31,05:00.0,5,19:00,423
6932072382,U,OB,1,2,1432,135900,38,05:00.0,7,4:00,423
6932072400,U,OB,1,4,4990,127498,43,08:00.0,7,20:00,423
6932075251,U,OB,1,1,464,290210,38,20:00.0,7,14:00,423
6932075581,U,OB,1,1,215,123604,31,19:00.0,5,10:00,423
6932075857,U,IB,1,1,1200,134652,127,20:00.0,1,6:00,423
6932083236,U,OB,1,1,2735,133519,43,01:00.0,4,17:00,
6932083245,U,OB,1,1,700,135938,31,33:00.0,5,6:00,423
6932087499,U,OB,1,1,175,128423,22,20:00.0,5,9:00,423
6932089010,U,OB,1,8,9560,135900,38,52:00.0,7,2:00,423
6932091019,U,OB,1,1,1335,140160,52,37:00.0,4,3:00,423
6932091311,U,OB,1,1,600,140160,52,56:00.0,4,1:00,423
693209133X,U,OB,1,2,725,133704,43,09:00.0,4,19:00,423
693209133X,U,CTY,1,2,725,133704,193,24:00.0,5,1:00,423
6932091376,U,OB,1,1,570,133704,43,38:00.0,4,19:00,423
6932091430,U,CTY,1,2,2554,140236,231,28:00.0,6,21:00,423
6932091430,U,OB,1,2,2554,140236,46,48:00.0,6,20:00,423
6932091531,U,OB,1,1,160,290086,49,47:00.0,4,4:00,423
6932091724,U,OB,1,1,400,135306,18,50:00.0,7,8:00,423
6932097920,U,OB,1,11,23100,132115,52,42:00.0,1,21:00,423
6932099278,U,OB,1,2,3400,140236,46,22:00.0,6,18:00,423
693210233X,U,OB,1,2,256,138477,39,18:00.0,1,12:00,423
6932104576,U,OB,1,1,296,131282,48,41:00.0,4,1:00,423
693210464X,U,OB,1,3,635,131282,48,56:00.0,4,2:00,423
6932104832,U,OB,1,1,250,135485,69,07:00.0,6,12:00,423
6932106354,U,OB,1,2,1718,135306,18,50:00.0,7,8:00,423
6932109306,U,OB,1,1,588,128310,46,08:00.0,6,2:00,423
6932109342,U,OB,1,1,341,128310,46,48:00.0,6,3:00,423
6932109351,U,OB,1,1,462,128310,46,39:00.0,6,3:00,423
6932110965,U,OB,1,2,4892,138477,39,43:00.0,1,13:00,423
6932113715,U,OB,1,4,7970,140160,52,50:00.0,4,1:00,423
6932115026,U,OB,1,1,350,137545,43,57:00.0,5,18:00,423
6932270941,U,CTY,1,1,450,128321,237,26:00.0,2,19:00,642
6932270941,U,IB,1,1,450,128321,151,15:00.0,2,15:00,642
6933454550,U,CTY,1,2,1695,127977,173,35:00.0,5,3:00,261
6933454642,U,IB,1,1,900,134629,113,38:00.0,5,3:00,261
6933531294,U,OB,1,1,718,137647,14,15:00.0,6,12:00,415
6933541185,U,OB,1,4,4265,134999,60,18:00.0,3,11:00,415
6933541203,U,OB,1,1,650,136491,22,39:00.0,5,7:00,415
6933541212,U,OB,1,2,2142,129803,43,12:00.0,3,12:00,415
6933541221,U,OB,1,1,2516,117039,32,39:00.0,3,12:00,415
6933546290,U,OB,1,2,1187,129803,43,42:00.0,3,12:00,415
6933759645,U,CTY,1,1,151,136647,196,56:00.0,4,19:00,847
693390919X,U,IB,1,4,825,122579,112,11:00.0,1,3:00,313
6933936718,U,CTY,1,1,2,T730211715,169,11:00.0,2,2:00,313
6934136541,U,IB,1,1,100,135556,145,54:00.0,4,14:00,313
6934160164,U,CTY,1,1,380,290414,173,01:00.0,3,2:00,313
6934366001,U,CTY,1,3,1600,129628,195,12:00.0,7,15:00,688
6934833730,U,CTY,1,1,312,123733,194,15:00.0,7,13:00,525
693483374X,U,OB,1,1,283,261272,67,34:00.0,7,8:00,525
6935126074,U,CTY,1,1,203,290791,187,07:00.0,7,20:00,830
6935127477,U,IB,1,1,263,125429,143,56:00.0,7,14:00,830
6935336504,U,CTY,1,5,3025,133267,192,47:00.0,3,9:00,813
6935552113,U,OB,1,1,1041,139865,78,06:00.0,3,16:00,402
6935552169,U,OB,1,1,680,119186,55,22:00.0,7,4:00,402
6935561564,U,OB,1,1,1040,126586,39,18:00.0,6,15:00,411
6935561573,U,OB,1,3,4075,122820,52,53:00.0,7,22:00,411
6935561600,U,OB,1,3,3863,122820,52,17:00.0,1,1:00,411
6935562179,U,OB,1,2,2320,132818,40,25:00.0,4,12:00,411
6935562242,U,OB,1,3,4168,135381,86,44:00.0,5,21:00,411
6935571125,U,OB,1,1,163,128622,63,47:00.0,4,12:00,402
6935571134,U,OB,1,7,2370,211022,58,53:00.0,6,16:00,402
6935619534,U,OB,1,1,878,134221,76,11:00.0,7,5:00,402
693580207X,U,IB,1,1,363,CVEN46029,101,04:00.0,4,20:00,126
693652026X,U,OB,1,2,454,121786,26,24:00.0,7,8:00,556
6936567184,U,IB,1,1,445,123652,111,49:00.0,3,1:00,556
6936573876,U,OB,1,2,428,45505,55,16:00.0,6,21:00,556
6936610661,U,OB,1,1,260,135453,86,32:00.0,6,16:00,556
6936610661,U,OB,1,1,260,135453,16,56:00.0,6,20:00,556
693663851X,U,OB,1,4,4088,127660,74,15:00.0,1,16:00,556
6936679503,U,OB,1,1,56,138353,40,53:00.0,3,21:00,556
6937168765,U,IB,1,1,307,130862,158,27:00.0,3,12:00,814
6937192341,U,IB,1,1,317,134735,143,26:00.0,3,13:00,814
6937192451,U,CTY,1,1,317,135923,173,31:00.0,1,6:00,814
6937286070,U,CTY,1,1,90,137640,195,44:00.0,1,16:00,847
6937390058,U,IB,1,2,1135,128918,152,44:00.0,4,18:00,847
6937390112,U,CTY,1,4,3112,134020,175,07:00.0,5,0:00,847
6937390121,U,CTY,1,4,2568,124022,169,48:00.0,7,21:00,847
6937390177,U,CTY,1,1,385,134020,175,25:00.0,4,22:00,847
6937420380,U,IB,1,1,372,128888,145,53:00.0,7,8:00,861
693742039X,U,IB,1,3,1512,128888,145,02:00.0,7,8:00,861
6937421399,U,CTY,1,2,2298,132333,189,41:00.0,6,10:00,861
6937449375,U,IB,1,3,1760,134382,154,21:00.0,1,9:00,861
6937449375,U,IB,1,3,1760,134382,154,21:00.0,1,9:00,861
6937455425,U,IB,1,1,200,139907,117,25:00.0,4,18:00,861
6937455434,U,CTY,1,1,850,291051,192,24:00.0,6,11:00,861
6937464198,U,IB,1,3,6304,133286,152,11:00.0,6,3:00,861
6937464353,U,IB,1,4,8406,135252,133,21:00.0,5,19:00,861
6937464371,U,IB,1,1,2101,133577,163,50:00.0,7,14:00,861
6937464481,U,CTY,1,3,6304,138418,174,28:00.0,7,0:00,861
6937470760,U,IB,1,1,196,134017,116,55:00.0,1,21:00,861
6937530519,U,IB,1,1,1208,135658,127,41:00.0,5,3:00,860
6937539438,U,IB,1,8,272,131932,123,00:00.0,7,20:00,860
6937539447,U,IB,1,8,272,135193,121,41:00.0,1,7:00,860
6937539447,U,CTY,1,8,272,135193,173,13:00.0,1,6:00,860
6937539474,U,IB,1,8,272,135658,127,22:00.0,5,7:00,860
6937539804,U,IB,1,8,272,130912,129,26:00.0,6,10:00,860
6937540538,U,CTY,1,1,160,132333,189,35:00.0,6,10:00,860
6937541674,U,IB,1,3,5700,125954,143,58:00.0,7,6:00,860
6937550878,U,IB,1,2,2300,133577,163,25:00.0,7,15:00,860
693755679X,U,IB,1,2,425,133286,152,52:00.0,6,3:00,860
6937556890,U,IB,1,2,1438,133577,163,31:00.0,7,15:00,860
6937571731,U,IB,1,1,141,134017,116,12:00.0,1,21:00,860
6937571740,U,CTY,1,1,1411,125490,169,23:00.0,2,16:00,860
6937577947,U,CTY,1,1,482,135193,173,43:00.0,1,5:00,860
6937578542,U,IB,1,1,270,133005,116,00:00.0,1,13:00,860
6937578560,U,IB,1,1,160,135658,127,04:00.0,5,7:00,860
693757857X,U,IB,1,1,160,135658,127,04:00.0,5,7:00,860
6937578598,U,IB,1,1,237,133520,145,02:00.0,1,5:00,860
6937578607,U,CTY,1,1,160,137986,R1  ,13:00.0,5,0:00,860
6937578607,U,IB,1,1,160,137986,116,48:00.0,4,19:00,860
6937578625,U,IB,1,1,195,137986,116,47:00.0,4,19:00,860
6937578634,U,IB,1,1,752,133577,159,28:00.0,7,15:00,860
6937578634,U,IB,1,1,752,133577,163,47:00.0,7,14:00,860
6937578661,U,IB,1,1,185,137694,111,37:00.0,2,8:00,860
6937578670,U,CTY,1,1,196,125490,169,39:00.0,2,17:00,860
693757868X,U,CTY,1,1,160,125490,169,58:00.0,2,12:00,860
6937578708,U,IB,1,1,131,130912,129,45:00.0,6,10:00,860
6937601817,U,IB,1,1,630,135658,127,19:00.0,5,4:00,860
6937601826,U,IB,1,1,505,135658,127,28:00.0,5,5:00,860
6937624046,U,IB,1,1,200,134599,127,29:00.0,1,6:00,668
6937624091,U,CTY,1,2,600,124153,173,48:00.0,2,20:00,668
693762785X,U,IB,1,1,28,128046,152,01:00.0,6,17:00,668
6937628565,U,CTY,1,3,2133,131852,175,07:00.0,1,15:00,668
693762983X,U,IB,1,7,6720,125149,151,31:00.0,3,21:00,668
6937630215,U,CTY,1,7,6720,291219,196,22:00.0,4,18:00,668
6937630251,U,IB,1,3,2100,138428,145,12:00.0,2,20:00,668
6937631178,U,IB,1,3,750,134565,112,51:00.0,5,9:00,668
6937631196,U,IB,1,1,254,119977,129,26:00.0,2,1:00,668
6937633836,U,IB,1,6,4925,290752,111,27:00.0,1,3:00,668
6937633919,U,IB,1,6,4800,128543,149,35:00.0,1,14:00,668
6937633973,U,IB,1,8,5629,119977,129,07:00.0,2,2:00,668
6937635899,U,IB,1,1,120,130917,143,22:00.0,1,6:00,668
6937635908,U,CTY,1,1,1035,121413,172,12:00.0,1,1:00,668
6937635917,U,CTY,1,2,2375,278601,169,03:00.0,4,2:00,668
693763632X,U,IB,1,1,920,131926,143,21:00.0,1,13:00,668
6937636384,U,IB,1,1,863,136999,150,09:00.0,2,22:00,668
6937636411,U,CTY,1,1,593,130965,172,19:00.0,2,22:00,668
6937636512,U,CTY,1,1,378,261308,174,20:00.0,6,16:00,668
6937685756,U,IB,1,1,435,131894,103,14:00.0,5,4:00,245
6937685765,U,OB,1,2,856,132545,55,40:00.0,3,13:00,245
6937741609,U,CTY,1,5,1730,121384,189,23:00.0,7,16:00,245
6937741618,U,IB,1,1,350,128136,112,29:00.0,6,5:00,245
6937741627,U,IB,1,1,350,290733,125,19:00.0,1,2:00,245
6937741663,U,IB,1,3,740,128156,133,02:00.0,5,4:00,245
6937741681,U,IB,1,1,520,126018,112,48:00.0,7,4:00,245
6937741690,U,IB,1,2,400,126018,112,04:00.0,7,4:00,245
693774170X,U,IB,1,1,135,128291,105,10:00.0,7,7:00,245
6937741728,U,IB,1,2,900,128291,105,49:00.0,7,6:00,245
6937741737,U,OB,1,1,545,133770,84,17:00.0,3,13:00,245
6937901190,U,IB,1,3,866,131281,135,42:00.0,3,19:00,851
6938242704,U,CTY,1,1,905,136940,168,41:00.0,4,22:00,303
6938242704,U,IB,1,1,905,136940,111,00:00.0,4,22:00,303
6938270002,U,IB,1,2,580,139791,158,58:00.0,4,22:00,303
693845923X,U,IB,1,2,305,CVEN44339,112,44:00.0,5,15:00,135
6938519931,U,IB,1,1,332,CVEN44615,113,18:00.0,6,13:00,135
6938881447,U,IB,1,1,1715,134519,163,46:00.0,2,20:00,894
6938881620,U,IB,1,1,261,128821,117,21:00.0,1,16:00,894
693888163X,U,IB,1,1,212,128821,117,13:00.0,1,18:00,894
6938881896,U,IB,1,1,287,134519,163,45:00.0,2,18:00,894
6938898964,U,IB,1,3,317,132855,113,50:00.0,7,11:00,894
693889901X,U,IB,1,1,1452,280582,131,12:00.0,6,0:00,894
6938899029,U,IB,1,1,382,280582,131,17:00.0,6,0:00,894
6938899074,U,IB,1,3,2295,135924,145,20:00.0,2,15:00,894
6938899074,U,IB,1,3,2295,135924,123,36:00.0,3,1:00,894
693889989X,U,IB,1,2,820,132525,111,04:00.0,5,22:00,894
6938961206,U,CTY,1,1,400,137197,168,40:00.0,3,20:00,240
6938961224,U,IB,1,1,785,129883,127,54:00.0,5,21:00,240
6939005242,U,CTY,1,1,80,135434,194,39:00.0,4,7:00,240
6939005298,U,CTY,1,1,280,136191,196,20:00.0,6,19:00,240
693929138X,U,OB,1,1,650,136551,58,30:00.0,5,12:00,740
6939291399,U,OB,1,3,1540,136042,32,09:00.0,7,13:00,740
6939321676,U,OB,1,4,752,291094,26,35:00.0,7,10:00,740
6939325434,U,OB,1,2,1365,136663,32,17:00.0,1,9:00,740
6939325609,U,OB,1,5,4510,131649,38,20:00.0,6,9:00,740
6939376676,U,OB,1,2,1064,134699,58,31:00.0,6,2:00,740
6939376804,U,OB,1,3,1568,134121,48,34:00.0,2,7:00,740
6939376813,U,OB,1,3,2930,125591,18,33:00.0,1,7:00,740
6939376822,U,OB,1,1,721,125591,18,37:00.0,1,6:00,740
693937685X,U,OB,1,3,810,136112,48,55:00.0,4,7:00,740
6939376887,U,OB,1,5,4601,136112,48,14:00.0,4,8:00,740
6939399904,U,OB,1,1,207,133989,31,32:00.0,7,6:00,740
6939399904,U,CTY,1,1,207,133989,217,24:00.0,7,22:00,740
6939399913,U,OB,1,2,4,139984,58,51:00.0,1,9:00,740
6939433371,U,OB,1,2,1114,132818,38,41:00.0,5,1:00,740
6939701488,U,CTY,1,1,161,134789,169,43:00.0,3,12:00,889
6939701506,U,CTY,1,1,161,134789,169,35:00.0,3,12:00,889
6939778506,U,CTY,1,10,26150,137967,210,41:00.0,6,6:00,184
6940186634,U,CTY,1,1,180,121248,203,35:00.0,1,20:00,108
6940186699,U,IB,1,1,315,128288,116,28:00.0,1,16:00,108
6940206140,U,IB,1,2,1673,131022,106,39:00.0,6,4:00,108
6940206140,U,OB,1,2,1673,131022,88,14:00.0,6,4:00,108
6940206654,U,IB,1,1,1235,135914,104,30:00.0,1,6:00,108
6940206672,U,CTY,1,1,874,135140,169,21:00.0,7,14:00,108
6940297386,U,OB,1,1,365,558189,43,21:00.0,2,20:00,422
6940297395,U,OB,1,1,415,558189,43,21:00.0,2,20:00,422
6940297404,U,OB,1,1,233,558373,72,56:00.0,5,21:00,422
6940297413,U,OB,1,1,231,558373,72,57:00.0,5,21:00,422
6940297422,U,OB,1,1,228,558373,72,57:00.0,5,21:00,422
6940297431,U,OB,1,1,252,558373,72,58:00.0,5,21:00,422
6940297469,U,OB,1,1,302,558373,72,55:00.0,5,21:00,422
6940297478,U,OB,1,2,357,558373,72,56:00.0,5,21:00,422
6940297487,U,OB,1,1,237,558373,72,58:00.0,5,21:00,422
6940297496,U,OB,1,2,404,558373,72,54:00.0,5,21:00,422
6940297496,U,OB,1,2,404,558373,25,55:00.0,5,21:00,422
6940297505,U,OB,1,2,518,558373,72,53:00.0,5,21:00,422
6940297514,U,OB,1,1,237,558373,72,40:00.0,5,21:00,422
6940297523,U,OB,1,1,245,558373,72,22:00.0,6,0:00,422
6940412657,U,OB,1,3,1069,530419,60,25:00.0,5,1:00,422
6940412666,U,OB,1,3,908,530419,60,09:00.0,5,1:00,422
6940416754,U,OB,1,1,240,559046,72,34:00.0,5,20:00,422
6940416763,U,OB,1,2,2361,560345,60,22:00.0,6,21:00,422
6940446344,U,OB,1,6,1187,530429,76,10:00.0,4,21:00,422
6940446353,U,IB,1,5,1845,79962,101,52:00.0,5,4:00,422
6940446362,U,OB,1,8,3120,903983,39,00:00.0,7,1:00,422
6940446371,U,OB,1,4,1230,559033,75,39:00.0,2,16:00,422
6940446380,U,IB,1,3,903,904284,105,55:00.0,2,22:00,422
694044639X,U,OB,1,15,5015,505667,63,30:00.0,5,3:00,422
6940460067,U,OB,1,2,720,558293,48,42:00.0,4,23:00,422
6940460094,U,OB,1,1,105,558293,48,45:00.0,4,23:00,422
6940460103,U,OB,1,1,156,821190,43,47:00.0,6,21:00,422
6940460112,U,OB,1,1,130,821190,43,52:00.0,6,21:00,422
6940460121,U,OB,1,1,350,515009,32,28:00.0,6,23:00,422
694046014X,U,OB,1,2,1570,10408,31,16:00.0,2,21:00,422
6940460159,U,OB,1,1,175,10408,31,36:00.0,2,21:00,422
6940460168,U,OB,1,1,450,10408,31,04:00.0,2,21:00,422
6940460177,U,OB,1,1,45,10408,31,08:00.0,2,21:00,422
6940460186,U,OB,1,1,370,559026,27,46:00.0,3,21:00,422
6940460186,U,OB,1,1,370,559026,27,46:00.0,3,21:00,422
6940460195,U,OB,1,2,280,843236,89,31:00.0,4,22:00,422
6940460204,U,OB,1,1,140,843236,89,28:00.0,4,21:00,422
6940460213,U,OB,1,1,300,843236,89,17:00.0,4,21:00,422
6940460222,U,OB,1,1,560,90060,60,27:00.0,5,1:00,422
6940460240,U,OB,1,1,190,390047,95,12:00.0,2,22:00,422
694046025X,U,OB,1,1,295,904284,40,01:00.0,4,21:00,422
6940460278,U,OB,1,2,1505,842274,78,47:00.0,5,22:00,422
6940460287,U,OB,1,1,1045,10422,53,13:00.0,2,20:00,422
6940460296,U,OB,1,1,240,830887,55,33:00.0,5,19:00,422
6940460305,U,IB,1,1,195,353210,103,25:00.0,6,20:00,422
6940480949,U,OB,1,1,1544,10260,60,21:00.0,3,18:00,422
6940480958,U,OB,1,1,765,10260,60,46:00.0,3,18:00,422
6940480958,U,OB,1,1,765,10260,94,27:00.0,4,0:00,422
6940480967,U,OB,1,6,1395,820869,73,09:00.0,6,21:00,422
6940480976,U,OB,1,2,615,820869,73,18:00.0,6,21:00,422
6940485275,U,OB,1,6,1970,530697,60,43:00.0,5,20:00,422
694049358X,U,OB,1,1,565,82703,74,52:00.0,4,19:00,422
6940493599,U,OB,1,3,1395,311349,31,22:00.0,5,18:00,422
6940493626,U,OB,1,3,1730,82703,73,03:00.0,5,21:00,422
6940502637,U,IB,1,2,1165,558258,101,47:00.0,4,20:00,422
6940502637,U,IB,1,2,1165,558258,110,48:00.0,4,21:00,422
6940504049,U,OB,1,5,5996,842789,86,17:00.0,4,22:00,422
6940509567,U,OB,1,2,890,843233,50,21:00.0,2,22:00,422
6940509576,U,OB,1,1,208,57019,46,21:00.0,4,21:00,422
6940509585,U,OB,1,2,731,57019,46,17:00.0,4,21:00,422
6940509594,U,OB,1,1,238,57019,46,24:00.0,4,21:00,422
6940509603,U,OB,1,3,4327,57019,46,34:00.0,4,21:00,422
6940510144,U,OB,1,3,1445,730114,11,12:00.0,2,18:00,422
6940510153,U,OB,1,1,508,903850,49,00:00.0,3,22:00,422
6940510162,U,OB,1,2,2121,903850,49,08:00.0,3,22:00,422
6940510171,U,OB,1,1,401,903850,49,02:00.0,3,22:00,422
6940510180,U,OB,1,1,177,830890,55,08:00.0,4,20:00,422
694051019X,U,OB,1,3,1021,559046,72,25:00.0,5,20:00,422
6940510209,U,IB,1,2,1506,558189,103,32:00.0,3,1:00,422
6940510227,U,OB,1,2,1435,841925,73,07:00.0,4,21:00,422
6940510245,U,OB,1,4,2838,841925,73,00:00.0,4,21:00,422
6940510254,U,OB,1,4,2801,843236,49,48:00.0,2,18:00,422
6940510263,U,OB,1,1,333,843236,49,14:00.0,2,18:00,422
6940510272,U,OB,1,2,1246,843236,49,28:00.0,2,18:00,422
6940510281,U,OB,1,2,1003,843236,25,21:00.0,2,18:00,422
6940510281,U,OB,1,2,1003,843236,25,21:00.0,2,18:00,422
6940510290,U,OB,1,1,329,560345,60,12:00.0,6,21:00,422
694051030X,U,OB,1,1,1497,843233,50,16:00.0,2,22:00,422
694061766X,U,OB,1,1,115,830890,84,10:00.0,3,18:00,422
6940617697,U,OB,1,1,125,830890,69,06:00.0,6,16:00,422
6940617706,U,OB,1,1,130,730114,39,43:00.0,6,19:00,422
6940617733,U,OB,1,1,125,559726,54,40:00.0,3,17:00,422
6940617742,U,OB,1,1,225,904254,72,29:00.0,4,21:00,422
6940617760,U,IB,1,5,525,830887,102,22:00.0,2,18:00,422
6940617760,U,IB,1,5,525,830887,102,22:00.0,2,18:00,422
6940617789,U,OB,1,1,160,559033,95,51:00.0,5,22:00,422
6940617798,U,OB,1,1,160,310232,51,09:00.0,6,17:00,422
6940617807,U,OB,1,1,115,310232,51,26:00.0,6,17:00,422
6940655335,U,OB,1,1,130,821190,43,49:00.0,6,21:00,422
6940655344,U,OB,1,1,2950,10408,31,10:00.0,2,21:00,422
6940655353,U,OB,1,2,635,90060,60,24:00.0,5,1:00,422
6940655362,U,OB,1,2,430,841940,49,10:00.0,6,20:00,422
6940655371,U,OB,1,2,870,830887,55,27:00.0,5,20:00,422
694065715X,U,OB,1,2,1484,842650,60,43:00.0,3,18:00,422
6940657178,U,OB,1,3,1440,558373,88,00:00.0,6,21:00,422
6940657562,U,OB,1,1,596,558293,50,10:00.0,5,1:00,422
6940657571,U,OB,1,1,205,558577,32,00:00.0,6,1:00,422
6940657580,U,OB,1,1,196,430926,69,32:00.0,3,21:00,422
6940664869,U,OB,1,5,3647,290738,17,47:00.0,4,18:00,422
6940664878,U,OB,1,5,3389,730114,74,17:00.0,4,22:00,422
6940664887,U,OB,1,5,4750,90060,52,26:00.0,3,0:00,422
6940664896,U,OB,1,4,2924,353223,50,54:00.0,4,21:00,422
6940673595,U,IB,1,2,1670,558258,101,16:00.0,4,21:00,422
6940673604,U,OB,1,3,1597,560963,72,16:00.0,5,20:00,422
6940673622,U,OB,1,1,518,87995,39,47:00.0,2,21:00,422
6940675382,U,OB,1,2,845,559046,67,54:00.0,6,23:00,422
694067541X,U,OB,1,9,1145,559046,67,12:00.0,7,1:00,422
6940687996,U,OB,1,1,1701,252351,73,36:00.0,7,2:00,422
6940688005,U,OB,1,2,1750,310707,40,41:00.0,2,20:00,422
6940688023,U,OB,1,4,1674,842082,50,08:00.0,3,21:00,422
6940688032,U,OB,1,1,95,842082,50,52:00.0,3,20:00,422
6940712021,U,OB,1,2,1500,430695,18,51:00.0,5,22:00,422
6940712030,U,OB,1,2,2690,430695,18,57:00.0,5,22:00,422
6940721261,U,OB,1,1,115,560486,67,37:00.0,5,20:00,422
6940721261,U,OB,1,1,115,560486,30,43:00.0,5,20:00,422
6940721270,U,OB,1,1,500,560486,45,49:00.0,5,20:00,422
6940721270,U,OB,1,1,500,560486,67,32:00.0,5,20:00,422
6940721299,U,OB,1,2,1315,842872,63,04:00.0,5,18:00,422
6940721308,U,OB,1,1,185,10408,55,30:00.0,6,22:00,422
694074152X,U,OB,1,1,237,558481,72,08:00.0,4,20:00,422
6940741557,U,OB,1,1,270,830967,30,01:00.0,5,3:00,422
6940741557,U,OB,1,1,270,830967,28,08:00.0,5,2:00,422
6940746076,U,OB,1,4,9185,842082,51,12:00.0,2,21:00,422
694076902X,U,OB,1,4,2660,530419,60,40:00.0,5,1:00,422
6940775006,U,OB,1,1,290,10408,55,36:00.0,6,23:00,422
6940775015,U,OB,1,1,1100,842274,46,06:00.0,5,18:00,422
6940777078,U,OB,1,1,300,821190,46,42:00.0,2,21:00,422
6940777078,U,OB,1,1,300,821190,81,06:00.0,3,0:00,422
6940777078,U,OB,1,1,300,821190,81,22:00.0,3,0:00,422
6940777114,U,OB,1,1,119,821190,66,24:00.0,7,9:00,422
6940777123,U,OB,1,1,189,821190,74,18:00.0,5,22:00,422
6940777123,U,OB,1,1,189,821190,71,19:00.0,5,22:00,422
6940777132,U,OB,1,1,253,821190,74,18:00.0,5,22:00,422
6940777132,U,OB,1,1,253,821190,71,19:00.0,5,22:00,422
6940971933,U,OB,1,5,2619,126541,63,46:00.0,4,3:00,433
6940971942,U,OB,1,14,8327,123950,18,26:00.0,4,12:00,433
6940971951,U,OB,1,1,837,128075,51,51:00.0,5,3:00,433
6940971960,U,OB,1,7,4248,130708,49,53:00.0,5,12:00,433
6940993511,U,IB,1,1,700,128578,133,17:00.0,4,13:00,433
6941227418,U,OB,1,1,105,133618,31,00:00.0,5,1:00,557
6941227436,U,IB,1,1,39,133170,131,08:00.0,1,1:00,557
6941227481,U,IB,1,3,2630,136974,125,54:00.0,2,20:00,557
6941359894,U,IB,1,1,253,126175,103,27:00.0,4,7:00,557
6941360013,U,IB,1,1,262,126175,103,36:00.0,4,7:00,557
6941360040,U,IB,1,1,247,126175,103,30:00.0,4,7:00,557
6941374551,U,IB,1,2,120,126175,103,27:00.0,4,6:00,557
6941430844,U,CTY,1,2,550,136973,188,35:00.0,7,4:00,155
6941492361,U,CTY,1,1,373,137505,192,49:00.0,7,1:00,138
6941504315,U,IB,1,1,588,127905,111,35:00.0,6,0:00,138
6941581508,U,IB,1,1,180,134479,152,13:00.0,1,12:00,809
6941581517,U,CTY,1,3,750,135317,187,07:00.0,5,20:00,809
6941585587,U,IB,1,1,720,136567,117,49:00.0,4,14:00,809
6941641925,U,IB,1,1,383,134735,143,33:00.0,3,13:00,809
694169401X,U,CTY,1,280,3780,138147,178,06:00.0,3,13:00,830
694169401X,U,CTY,1,280,3780,138147,E17 ,49:00.0,2,21:00,830
6941694110,U,CTY,1,1,446,137640,195,52:00.0,1,16:00,830
6941694469,U,CTY,1,1,125,430868,172,39:00.0,4,12:00,830
6941739367,U,OB,1,14,381,134638,67,29:00.0,2,6:00,615
6941794807,U,OB,1,1,80,128868,96,08:00.0,5,18:00,615
6941812865,U,OB,1,1,300,124111,55,04:00.0,1,20:00,615
6942141884,U,IB,1,1,270,HAEI26012,158,21:00.0,6,17:00,431
6942142021,U,IB,1,3,1643,HAEI27016,116,26:00.0,4,20:00,431
6942142030,U,IB,1,6,2942,HAEI27016,116,59:00.0,4,14:00,431
6942142250,U,IB,1,5,2930,560306,145,28:00.0,6,17:00,431
6942142279,U,IB,1,5,1850,HAEI23005,117,13:00.0,7,7:00,431
6942142297,U,IB,1,3,921,560306,145,28:00.0,6,17:00,431
6942142425,U,CTY,1,5,1820,125345,169,05:00.0,3,18:00,431
6942142580,U,CTY,1,1,406,125345,169,09:00.0,3,19:00,431
6942142645,U,OB,1,1,330,134755,66,32:00.0,6,2:00,431
6942142672,U,IB,1,4,1569,HAEI23307,131,32:00.0,6,21:00,431
694286672X,U,IB,1,1,199,128770,158,17:00.0,7,12:00,889
6942866739,U,IB,1,1,161,128770,158,19:00.0,7,12:00,889
694294955X,U,CTY,1,4,596,136270,197,06:00.0,1,7:00,889
6942949569,U,CTY,1,1,149,140231,189,49:00.0,5,0:00,889
6942949578,U,IB,1,1,149,131974,158,27:00.0,5,4:00,889
6942949587,U,OB,1,2,350,125836,75,12:00.0,1,17:00,889
6942949596,U,CTY,1,5,885,128770,211,55:00.0,2,2:00,889
6942949596,U,IB,1,5,885,128770,158,19:00.0,7,13:00,889
6943029456,U,CTY,1,1,485,136232,192,23:00.0,5,13:00,889
6943055351,U,CTY,1,3,1580,127388,172,23:00.0,5,6:00,889
6943248998,U,OB,1,1,374,138522,89,36:00.0,7,19:00,431
694337888X,U,IB,1,1,140,127614,145,27:00.0,7,15:00,431
6943378899,U,CTY,1,2,1551,133185,174,32:00.0,7,16:00,431
6943378926,U,IB,1,129,1824,HAEI27016,116,08:00.0,4,19:00,431
6943660957,U,OB,1,6,2155,132138,76,21:00.0,1,5:00,705
6943661049,U,CTY,1,3,770,134389,187,47:00.0,5,14:00,705
694366158X,U,OB,1,1,350,128641,9,46:00.0,5,18:00,705
694366158X,U,OB,1,1,350,128641,22,25:00.0,5,18:00,705
6943661608,U,OB,1,2,770,137332,26,54:00.0,6,19:00,
6943693627,U,IB,1,1,555,138552,151,54:00.0,4,22:00,123
6943845858,U,OB,1,1,454,138432,46,34:00.0,6,22:00,521
6943926405,U,OB,1,2,1535,137941,88,54:00.0,5,6:00,521
6943926432,U,IB,1,3,4880,138779,131,54:00.0,5,9:00,521
694393075X,U,IB,1,3,3096,127882,123,46:00.0,1,22:00,521
6944076142,U,OB,1,1,218,121937,55,30:00.0,6,7:00,411
6944080661,U,OB,1,1,272,131173,86,22:00.0,5,20:00,411
6944080661,U,CTY,1,1,272,131173,223,39:00.0,6,16:00,411
6944081184,U,OB,1,1,281,133519,43,24:00.0,4,10:00,411
694412303X,U,OB,1,1,230,132818,40,47:00.0,4,12:00,411
6944123049,U,OB,1,2,220,202256,74,21:00.0,3,9:00,411
6944123058,U,OB,1,2,190,200486,50,49:00.0,4,7:00,411
6944123067,U,OB,1,2,150,202256,74,21:00.0,3,9:00,411
6944123076,U,OB,1,2,205,202256,74,21:00.0,3,9:00,411
6944123085,U,OB,1,2,310,200486,50,43:00.0,4,7:00,411
6944123094,U,OB,1,1,150,129951,49,48:00.0,1,14:00,411
6944199580,U,OB,1,4,369,133176,32,23:00.0,4,15:00,411
6944261474,U,OB,1,1,1050,202088,60,04:00.0,6,14:00,411
6944268505,U,OB,1,1,565,125881,63,38:00.0,4,19:00,411
6944420534,U,OB,1,7,2313,136390,43,08:00.0,6,4:00,401
6944420543,U,OB,1,1,131,41204,66,04:00.0,3,10:00,401
6944420570,U,OB,1,1,672,138115,73,20:00.0,5,2:00,401
694455302X,U,CTY,1,1,270,290768,187,43:00.0,3,3:00,881
6944553039,U,IB,1,1,582,131280,141,26:00.0,3,9:00,881
6944553057,U,IB,1,1,169,131051,152,08:00.0,6,17:00,881
6944553149,U,CTY,1,1,503,530752,173,03:00.0,5,16:00,881
6944567301,U,IB,1,1,132,127344,151,06:00.0,6,21:00,881
6944591905,U,CTY,1,11,12975,125975,232,44:00.0,7,11:00,881
6944684121,U,IB,1,3,1303,128806,149,04:00.0,6,2:00,304
6944684130,U,CTY,1,2,865,138021,188,51:00.0,3,15:00,304
694468414X,U,CTY,1,2,1005,137665,189,29:00.0,5,14:00,304
6944684159,U,IB,1,4,1453,134401,116,30:00.0,1,21:00,304
6944684195,U,CTY,1,5,1925,211008,196,15:00.0,7,13:00,304
6944824858,U,OB,1,1,198,291168,88,20:00.0,5,12:00,304
6944824858,U,CTY,1,1,198,291168,231,21:00.0,5,12:00,304
6944911895,U,CTY,1,6,5340,211433,196,45:00.0,6,16:00,304
6945002874,U,CTY,1,1,865,560074,175,02:00.0,1,17:00,388
6945002901,U,CTY,1,1,310,138882,187,10:00.0,7,5:00,388
6945136616,U,CTY,1,1,763,CVEN44708,194,13:00.0,1,19:00,177
694514262X,U,IB,1,2,2100,CVEN45559,151,59:00.0,6,2:00,177
6945144976,U,IB,1,1,540,CVEN46003,105,24:00.0,5,20:00,177
6945172613,U,OB,1,5,3875,290361,86,24:00.0,3,10:00,177
6945193156,U,OB,1,4,2850,135469,88,05:00.0,2,17:00,650
6945193210,U,IB,1,2,2515,261168,137,56:00.0,5,21:00,650
6945193210,U,IB,1,2,2515,261168,137,56:00.0,5,21:00,650
6945325138,U,IB,1,1,49,126240,163,50:00.0,5,7:00,819
6945325147,U,IB,1,1,55,126240,163,54:00.0,5,7:00,819
6945325201,U,CTY,1,6,1100,132190,173,57:00.0,3,17:00,819
694539969X,U,CTY,1,1,150,121323,194,06:00.0,6,20:00,800
6946223196,U,OB,1,1,165,290100,76,29:00.0,5,22:00,237
6946627464,U,IB,1,1,1705,261088,149,54:00.0,5,6:00,319
6946627666,U,CTY,1,1,187,PASC175379,188,12:00.0,5,9:00,319
6946627830,U,CTY,1,2,1171,41166,175,42:00.0,5,7:00,319
6946632450,U,CTY,1,1,24,PASC634516,173,44:00.0,2,13:00,319
6946633074,U,CTY,1,1,235,PASC634534,176,56:00.0,1,22:00,319
6946633871,U,CTY,1,2,1655,T730211733,174,31:00.0,7,5:00,319
6946634064,U,CTY,1,3,895,PASC175379,188,56:00.0,7,11:00,319
6946634073,U,CTY,1,1,777,PASC175379,188,03:00.0,7,13:00,319
6946636511,U,CTY,1,1,515,PASC634534,172,19:00.0,1,9:00,319
6946638042,U,IB,1,1,232,125848,151,40:00.0,5,6:00,319
6946643872,U,CTY,1,1,149,PASC634516,173,32:00.0,2,12:00,319
6946643881,U,IB,1,1,341,135237,164,01:00.0,2,4:00,319
6946647264,U,CTY,1,2,1400,PASC634013,235,16:00.0,3,20:00,319
6946658172,U,CTY,1,1,308,PASC634013,175,38:00.0,7,10:00,319
6946664570,U,IB,1,1,300,261088,149,41:00.0,5,6:00,319
6946664635,U,IB,1,1,750,125848,151,36:00.0,5,8:00,319
6946669502,U,CTY,1,6,372,131978,173,59:00.0,5,8:00,319
6946839360,U,CTY,1,1,112,PASC634013,197,52:00.0,6,8:00,319
694687446X,U,CTY,1,1,220,127739,197,45:00.0,4,11:00,319
694688128X,U,CTY,1,1,324,132773,176,12:00.0,6,18:00,135
6946939900,U,CTY,1,1,192,119922,192,42:00.0,5,15:00,352
6946939956,U,IB,1,1,200,131494,152,39:00.0,5,15:00,352
6947023381,U,CTY,1,2,3085,281030,189,52:00.0,6,19:00,318
6947023500,U,CTY,1,6,9465,124058,174,35:00.0,6,22:00,318
6947093718,U,CTY,1,211,3765,134568,168,12:00.0,3,21:00,318
6947386419,U,IB,1,1,583,134545,112,14:00.0,1,3:00,218
6947386491,U,IB,1,1,888,R218616870,103,04:00.0,3,22:00,218
6947386565,U,IB,1,1,715,290066,114,19:00.0,3,21:00,218
6947386565,U,OB,1,1,715,290066,82,21:00.0,3,21:00,218
6947449925,U,IB,1,1,495,281193,151,54:00.0,6,16:00,898
6947606657,U,OB,1,1,226,124272,73,25:00.0,3,20:00,402
6947606666,U,OB,1,1,193,125176,31,55:00.0,6,21:00,402
6947686535,U,IB,1,1,116,128839,152,25:00.0,4,13:00,375
6947686544,U,CTY,1,2,425,125723,175,39:00.0,5,1:00,375
6947699340,U,IB,1,1,168,133520,145,42:00.0,1,7:00,375
6947754809,U,OB,1,1,188,137041,26,23:00.0,5,16:00,414
6947775186,U,OB,1,10,1380,132138,76,35:00.0,7,17:00,414
6947879118,U,CTY,1,1,2900,140247,208,11:00.0,6,15:00,258
6947898469,U,IB,1,2,2500,137744,129,29:00.0,2,21:00,258
6947972939,U,IB,1,4,1337,130935,143,44:00.0,1,2:00,258
6947978585,U,OB,1,1,150,129611,88,53:00.0,2,9:00,258
6947987917,U,IB,1,2,6100,135062,143,51:00.0,6,10:00,258
6947987917,U,CTY,1,2,6100,135062,219,28:00.0,1,20:00,258
6947991812,U,CTY,1,1,435,135434,194,25:00.0,4,7:00,258
6947996955,U,CTY,1,1,560,137197,168,41:00.0,3,22:00,258
6947996991,U,CTY,1,1,210,127543,196,24:00.0,1,16:00,258
694799701X,U,CTY,1,1,563,140247,208,19:00.0,6,13:00,258
6947997083,U,IB,1,1,557,129829,125,50:00.0,6,2:00,258
6947998513,U,IB,1,1,283,137744,129,44:00.0,2,21:00,258
6948002372,U,IB,1,1,580,137393,164,43:00.0,5,20:00,258
694853777X,U,OB,1,1,197,133143,58,07:00.0,5,1:00,653
6948537807,U,IB,1,1,230,136411,111,54:00.0,5,18:00,653
6948727328,U,CTY,1,3,200,130954,188,36:00.0,6,7:00,205
6948741343,U,IB,1,1,118,127444,113,39:00.0,2,7:00,205
694874138X,U,IB,1,1,285,139876,149,40:00.0,6,20:00,205
6948741408,U,IB,1,1,841,125851,117,35:00.0,4,2:00,232
6948806097,U,IB,1,1,93,129883,127,55:00.0,6,0:00,205
6948806106,U,IB,1,1,99,129883,127,58:00.0,6,0:00,205
6948809772,U,IB,1,1,325,140335,113,04:00.0,5,2:00,205
6948811029,U,IB,1,2,390,136650,112,08:00.0,6,9:00,205
6948811202,U,IB,1,2,290,249147,125,12:00.0,6,21:00,205
6948859721,U,CTY,1,1,140,135465,187,03:00.0,2,3:00,205
6948859768,U,CTY,1,1,356,135465,187,44:00.0,2,2:00,205
6949029323,U,OB,1,1,155,559414,96,04:00.0,1,15:00,616
6949029433,U,OB,1,1,195,125429,90,12:00.0,4,5:00,616
6949029543,U,OB,1,1,255,125429,90,59:00.0,4,9:00,616
6949088833,U,IB,1,3,1119,560027,103,26:00.0,1,18:00,616
6949169995,U,OB,1,2,740,125392,76,51:00.0,7,4:00,616
6949366390,U,OB,1,1,122,136263,75,45:00.0,6,12:00,409
6949403891,U,IB,1,3,1050,122579,112,48:00.0,1,3:00,313
6949404167,U,IB,1,7,1180,132764,150,19:00.0,6,18:00,313
6949404726,U,CTY,1,3,678,129660,197,56:00.0,6,14:00,313
6949404818,U,CTY,1,2,494,129660,197,44:00.0,6,13:00,313
6949405101,U,CTY,1,1,363,PASC634013,197,35:00.0,6,7:00,313
6949405166,U,CTY,1,2,295,T730211715,169,06:00.0,1,21:00,313
694940523X,U,IB,1,1,320,130769,151,00:00.0,7,4:00,313
6949405377,U,CTY,1,4,3260,T730211715,169,07:00.0,1,21:00,313
6949405395,U,CTY,1,4,3020,138097,194,05:00.0,5,11:00,313
6949405579,U,CTY,1,2,387,138097,194,47:00.0,5,10:00,313
6949433647,U,CTY,1,8,4312,132052,175,11:00.0,7,3:00,313
6949434361,U,CTY,1,2,292,290414,173,44:00.0,2,22:00,313
6949434408,U,CTY,1,1,510,131218,238,45:00.0,6,18:00,313
6949434408,U,CTY,1,1,510,131218,169,00:00.0,6,6:00,313
6949581359,U,CTY,1,2,866,133317,197,31:00.0,3,19:00,830
6949581826,U,CTY,1,2,415,131595,196,52:00.0,3,4:00,830
6949581862,U,CTY,1,1,574,130640,194,28:00.0,5,5:00,830
6949582376,U,CTY,1,1,701,135997,195,16:00.0,5,21:00,830
6949582385,U,CTY,1,2,880,TTMS750524,189,00:00.0,2,12:00,830
6949774867,U,CTY,1,8,4800,122376,226,06:00.0,5,13:00,153
6949801770,U,CTY,1,1,211,128683,172,46:00.0,1,18:00,153
6970024577,U,CTY,1,4,4204,128285,195,44:00.0,5,13:00,315
6970024732,U,CTY,1,4,5535,261307,196,14:00.0,6,7:00,315
6970024898,U,IB,1,3,3196,T402218929,145,40:00.0,5,12:00,315
697002498X,U,CTY,1,6,7620,127716,197,53:00.0,4,23:00,315
6970025255,U,IB,1,7,8605,124196,150,43:00.0,6,19:00,315
6970104803,U,IB,1,4,5268,128333,135,47:00.0,2,12:00,642
6970104821,U,CTY,1,2,480,PASC634534,187,20:00.0,1,21:00,642
697010484X,U,IB,1,1,300,131475,104,28:00.0,7,5:00,642
6970337848,U,IB,1,1,200,127898,141,01:00.0,4,14:00,111
6970684229,U,IB,1,1,326,123239,101,05:00.0,6,17:00,218
6970684687,U,IB,1,1,237,119993,114,05:00.0,6,5:00,218
697068509X,U,IB,1,1,517,131681,117,53:00.0,6,6:00,218
697078629X,U,OB,1,3,1615,134059,99,30:00.0,5,11:00,261
6970786877,U,IB,1,5,1205,133251,158,19:00.0,5,18:00,261
6970787912,U,IB,1,1,292,129496,114,52:00.0,3,7:00,261
6970922067,U,CTY,1,1,560,PASC533243,173,40:00.0,4,8:00,309
6970970669,U,CTY,1,1,173,125814,172,55:00.0,5,22:00,309
6971012761,U,CTY,1,1,275,PASC533243,168,30:00.0,7,7:00,309
697101278X,U,CTY,1,1,315,PASC533243,168,08:00.0,7,7:00,309
6971316435,U,CTY,1,1,162,PASC33311,173,16:00.0,5,8:00,309
697134069X,U,CTY,1,1,510,PASC33311,173,48:00.0,5,9:00,309
6971340781,U,CTY,1,2,600,PASC33311,173,18:00.0,5,9:00,309
6971340864,U,CTY,1,1,500,126164,210,59:00.0,6,12:00,309
6971340873,U,CTY,1,1,450,PASC634013,175,10:00.0,1,0:00,309
6971341039,U,CTY,1,1,450,PASC175379,175,21:00.0,5,8:00,309
6971341057,U,CTY,1,1,350,PASC175379,175,44:00.0,5,8:00,309
6971345291,U,CTY,1,1,550,138232,187,50:00.0,5,16:00,309
6971345466,U,CTY,1,1,200,PASC175379,188,12:00.0,7,15:00,309
6971345493,U,CTY,1,1,235,PASC175379,188,14:00.0,7,15:00,309
6971372030,U,CTY,1,1,350,125630,197,01:00.0,7,4:00,309
6971431843,U,IB,1,1,305,140246,151,49:00.0,4,4:00,244
6971435812,U,CTY,1,1,239,139520,172,16:00.0,7,5:00,244
6971435868,U,IB,1,1,559,129840,127,52:00.0,5,13:00,244
6971435877,U,IB,1,1,250,129840,127,55:00.0,5,13:00,244
6971435886,U,IB,1,1,531,129840,127,53:00.0,5,13:00,244
6971440937,U,IB,1,1,284,290300,145,45:00.0,6,20:00,244
6971458445,U,CTY,1,2,568,130851,169,13:00.0,5,8:00,244
697145850X,U,IB,1,7,4995,132073,127,50:00.0,7,18:00,244
697145850X,U,CTY,1,7,4995,132073,204,05:00.0,6,3:00,244
6971464807,U,IB,1,4,5360,277828,164,55:00.0,3,3:00,244
6971482003,U,IB,1,1,809,290300,145,40:00.0,6,22:00,244
6971658755,U,IB,1,1,290,130772,143,38:00.0,6,13:00,671
6971716514,U,OB,1,2,1118,558986,52,44:00.0,3,2:00,671
6971768517,U,OB,1,1,290,131189,52,37:00.0,6,6:00,671
6972088828,U,CTY,1,2,1386,211511,168,23:00.0,2,19:00,205
6972088983,U,CTY,1,1,768,135080,174,57:00.0,7,4:00,205
6972090597,U,IB,1,1,380,132797,141,08:00.0,4,13:00,205
6972090642,U,CTY,1,7,7990,123824,215,17:00.0,5,20:00,205
6972090642,U,CTY,1,7,7990,123824,215,17:00.0,5,20:00,205
6972090734,U,CTY,1,6,5830,138990,194,26:00.0,5,21:00,205
6972090734,U,CTY,1,6,5830,138990,215,29:00.0,5,21:00,205
6972106199,U,IB,1,5,6185,137816,112,37:00.0,6,21:00,205
6972106529,U,IB,1,1,270,136650,112,57:00.0,6,9:00,205
6972129299,U,OB,1,1,230,139694,96,19:00.0,6,0:00,205
6972378916,U,OB,1,1,1124,135645,89,28:00.0,7,4:00,525
6972378934,U,IB,1,1,357,135492,141,08:00.0,7,10:00,525
6972404656,U,IB,1,1,279,136567,117,36:00.0,4,15:00,889
6972540818,U,CTY,1,1,383,138160,168,22:00.0,2,15:00,890
6972540845,U,IB,1,1,223,280582,131,42:00.0,6,1:00,890
697254090X,U,IB,1,1,183,280582,131,38:00.0,6,1:00,890
6972541056,U,IB,1,3,1046,136876,129,43:00.0,1,9:00,890
6972541083,U,IB,1,1,499,140415,163,33:00.0,4,18:00,890
6972541083,U,CTY,1,1,499,140415,186,29:00.0,4,21:00,890
6972541083,U,CTY,1,1,499,140415,184,28:00.0,4,21:00,890
6972541110,U,IB,1,1,657,140415,163,49:00.0,4,18:00,890
6972544071,U,IB,1,2,1026,136876,129,16:00.0,1,11:00,890
697259722X,U,OB,1,4,492,126812,55,21:00.0,1,6:00,402
6972597623,U,OB,1,3,369,130712,14,51:00.0,7,19:00,402
6972597908,U,OB,1,2,246,122959,43,38:00.0,4,6:00,402
6972597980,U,IB,1,1,545,121519,141,41:00.0,6,0:00,402
6972598229,U,OB,1,1,750,45562,31,20:00.0,5,4:00,402
6972598292,U,OB,1,4,3099,45562,31,44:00.0,5,4:00,402
6972598494,U,OB,1,1,743,134132,76,43:00.0,5,15:00,402
6972598530,U,OB,1,1,787,45562,31,20:00.0,5,4:00,402
6972642018,U,CTY,1,4,444,136399,194,25:00.0,6,7:00,186
6972642027,U,IB,1,16,1455,133304,114,58:00.0,5,9:00,186
6972855849,U,CTY,1,1,533,134055,195,06:00.0,3,19:00,833
6972928173,U,CTY,1,1,190,128079,196,01:00.0,1,20:00,833
6972935855,U,IB,1,2,2148,134940,112,15:00.0,4,22:00,833
6973109123,U,IB,1,1,190,134940,112,23:00.0,4,22:00,833
6973109453,U,OB,1,2,697,122423,14,25:00.0,6,8:00,754
6973110131,U,CTY,1,2,700,132935,174,46:00.0,2,22:00,833
6973133947,U,CTY,1,3,2650,131595,196,40:00.0,3,6:00,833
6973133974,U,CTY,1,1,805,132935,174,09:00.0,3,1:00,833
6973133983,U,CTY,1,1,155,132935,174,52:00.0,2,21:00,833
6973133992,U,CTY,1,1,847,137876,187,57:00.0,3,13:00,833
6973134001,U,CTY,1,1,164,125269,195,28:00.0,1,22:00,833
6973207977,U,OB,1,2,1680,261307,60,03:00.0,3,4:00,409
6973229326,U,OB,1,10,12165,128828,73,21:00.0,5,7:00,409
6973362444,U,OB,1,1,462,138348,96,28:00.0,5,18:00,213
6973400980,U,IB,1,1,197,290212,135,37:00.0,1,6:00,213
6973401411,U,IB,1,1,114,126259,113,57:00.0,6,4:00,213
6973401411,U,CTY,1,1,114,126259,186,58:00.0,6,4:00,213
6973490787,U,OB,1,1,186,138348,96,07:00.0,5,21:00,213
6973521183,U,OB,1,4,7284,125808,88,07:00.0,7,13:00,522
6973559519,U,OB,1,1,150,132233,49,11:00.0,5,18:00,522
6973559537,U,IB,1,1,260,130708,111,18:00.0,2,4:00,522
6973559546,U,IB,1,1,140,130708,111,58:00.0,2,3:00,522
6973559757,U,OB,1,1,272,137153,17,33:00.0,5,13:00,522
6973699567,U,CTY,1,2,750,136507,194,57:00.0,5,22:00,272
6973803461,U,CTY,1,2,1625,T402217967,187,47:00.0,4,23:00,272
6973803470,U,IB,1,1,1044,121231,149,43:00.0,4,14:00,272
6974047432,U,CTY,1,3,3275,138164,187,43:00.0,2,13:00,188
6974047432,U,CTY,1,3,3275,138164,180,24:00.0,2,14:00,188
6974113194,U,CTY,1,1,251,PASC634013,195,59:00.0,6,7:00,336
6974119803,U,CTY,1,2,3422,PASC33311,173,58:00.0,5,12:00,336
6974119978,U,CTY,1,1,130,PASC634534,187,28:00.0,1,20:00,336
6974131234,U,CTY,1,1,200,125630,197,35:00.0,7,4:00,336
6974254443,U,CTY,1,1,280,138251,197,10:00.0,5,13:00,143
6974416051,U,IB,1,2,150,127772,158,03:00.0,4,3:00,303
6974416244,U,CTY,1,1,2380,136132,169,10:00.0,6,14:00,303
6974416244,U,IB,1,1,2380,136132,157,22:00.0,6,15:00,303
6974689915,U,OB,1,1,430,126511,74,35:00.0,7,8:00,462
6974689989,U,IB,1,9,1549,127275,123,32:00.0,6,15:00,462
6974689998,U,IB,1,1,600,127275,123,06:00.0,6,15:00,462
6974693857,U,OB,1,1,369,126511,74,43:00.0,7,9:00,462
6974693884,U,OB,1,1,405,249064,90,47:00.0,3,15:00,462
6974716618,U,OB,1,1,750,137246,89,47:00.0,3,16:00,462
6974737572,U,OB,1,1,1735,139710,74,38:00.0,3,3:00,462
6974752202,U,OB,1,1,465,137246,89,44:00.0,3,14:00,462
6974758912,U,OB,1,1,145,291056,89,51:00.0,5,11:00,462
6974758930,U,OB,1,1,1186,291056,89,58:00.0,5,11:00,462
697475894X,U,IB,1,1,400,130521,112,22:00.0,6,9:00,462
6974758959,U,OB,1,1,75,138987,49,31:00.0,6,6:00,462
6974758968,U,OB,1,1,160,138987,49,56:00.0,6,6:00,462
6974901189,U,CTY,1,1,360,133757,225,07:00.0,5,14:00,356
6974901207,U,CTY,1,1,540,121584,196,39:00.0,7,21:00,356
6974923528,U,CTY,1,1,230,138134,188,56:00.0,2,19:00,356
6974935215,U,IB,1,1,130,138629,129,11:00.0,4,11:00,356
6974975329,U,CTY,1,1,20,211066,175,14:00.0,2,11:00,875
6975061257,U,OB,1,2,45,126714,39,49:00.0,3,15:00,402
6975189874,U,CTY,1,5,175,126813,168,48:00.0,2,1:00,819
6975189948,U,CTY,1,9,653,131641,174,14:00.0,3,18:00,819
697519014X,U,IB,1,11,561,530367,125,29:00.0,5,7:00,819
6975190186,U,IB,1,5,480,530367,125,31:00.0,5,7:00,819
6975190222,U,CTY,1,2,145,249091,191,38:00.0,3,12:00,819
6975190222,U,CTY,1,2,145,249091,169,33:00.0,3,10:00,819
697519047X,U,CTY,1,2,430,558295,192,26:00.0,4,15:00,819
6975190626,U,IB,1,7,1466,131487,163,51:00.0,7,6:00,819
6975190828,U,IB,1,1,250,123898,152,24:00.0,4,20:00,819
6975344020,U,CTY,1,25,410,126570,188,38:00.0,3,7:00,152
6975737867,U,CTY,1,2,1688,135519,172,19:00.0,5,7:00,783
6975938561,U,CTY,1,1,143,140291,173,51:00.0,7,13:00,318
6976084816,U,IB,1,3,735,135854,151,23:00.0,6,23:00,318
6976227349,U,IB,1,2,4800,261040,104,10:00.0,1,4:00,211
6976266260,U,OB,1,1,180,119040,90,04:00.0,6,18:00,218
697626627X,U,IB,1,1,130,R218191534,114,26:00.0,2,18:00,218
6976269890,U,IB,1,8,1684,125305,133,17:00.0,7,20:00,218
697626990X,U,IB,1,1,220,130842,103,15:00.0,7,19:00,218
6976277893,U,IB,1,1,54,430079,101,47:00.0,3,12:00,218
6976277911,U,IB,1,4,5620,129558,114,37:00.0,5,19:00,218
697627793X,U,IB,1,2,1664,129558,114,55:00.0,5,19:00,218
6976277949,U,OB,1,2,2328,140101,88,20:00.0,6,12:00,218
6976277967,U,OB,1,3,3430,903811,88,30:00.0,6,20:00,218
6976277994,U,IB,1,2,3451,122296,111,08:00.0,5,3:00,218
6976278003,U,IB,1,3,2163,530504,105,08:00.0,7,2:00,218
6976278012,U,IB,1,1,733,530504,105,24:00.0,7,1:00,218
6976278021,U,IB,1,2,3613,430899,105,25:00.0,1,8:00,218
6976278030,U,IB,1,6,14715,430899,105,56:00.0,1,7:00,218
6976278059,U,IB,1,1,405,430899,105,02:00.0,1,8:00,218
6976290617,U,OB,1,1,629,119040,90,09:00.0,6,18:00,218
6976296869,U,IB,1,1,164,430079,101,16:00.0,3,16:00,218
6976296878,U,IB,1,1,162,430399,112,55:00.0,4,13:00,218
6976296887,U,IB,1,1,120,R218191534,114,17:00.0,2,19:00,218
6976417117,U,OB,1,1,710,138423,40,49:00.0,6,14:00,653
6976417236,U,OB,1,1,609,122370,84,03:00.0,6,4:00,653
6976417254,U,OB,1,2,1431,122370,84,52:00.0,6,3:00,653
6976417685,U,CTY,1,1,64,R62112290,188,48:00.0,5,2:00,653
6976509737,U,CTY,1,1,1744,CVEN44868,187,21:00.0,7,19:00,135
6976534808,U,OB,1,6,5000,CVEN44635,95,20:00.0,4,19:00,135
697683750X,U,OB,1,3,453,135958,84,15:00.0,5,2:00,525
6976837519,U,OB,1,2,407,135958,84,57:00.0,5,1:00,525
6976866128,U,CTY,1,1,181,PASC33311,187,24:00.0,4,5:00,309
6978060838,U,OB,1,2,852,138587,31,39:00.0,4,3:00,518
6978111548,U,CTY,1,1,385,135836,187,47:00.0,2,17:00,808
6978111584,U,CTY,1,1,415,118361,194,14:00.0,3,16:00,808
6978341109,U,IB,1,1,65,TTMS910575,151,39:00.0,3,22:00,808
6978341118,U,IB,1,1,110,TTMS910575,151,20:00.0,3,22:00,808
6978395339,U,CTY,1,2,948,136221,173,29:00.0,1,18:00,421
6978522223,U,OB,1,3,1100,123932,26,44:00.0,4,6:00,421
6978522241,U,OB,1,4,1432,135499,51,19:00.0,3,4:00,421
6978522288,U,OB,1,1,1435,127085,58,53:00.0,3,7:00,421
6978552565,U,OB,1,3,766,134345,22,32:00.0,4,9:00,421
6978583960,U,OB,1,1,470,290733,72,14:00.0,5,6:00,421
697858397X,U,OB,1,1,580,129847,53,57:00.0,7,14:00,421
6978718784,U,IB,1,1,344,134314,141,32:00.0,6,15:00,757
6978726062,U,CTY,1,1,120,136632,174,20:00.0,4,12:00,757
697872609X,U,OB,1,1,120,134984,26,14:00.0,5,13:00,757
6978730132,U,OB,1,3,2338,R621801606,40,03:00.0,5,11:00,757
6978730792,U,OB,1,2,1435,127525,50,13:00.0,1,6:00,757
6978734000,U,OB,1,1,1954,126269,17,25:00.0,5,18:00,757
6978739381,U,IB,1,1,513,121519,141,42:00.0,5,22:00,757
6978739390,U,OB,1,2,1126,125176,31,57:00.0,6,23:00,757
6978764178,U,OB,1,1,745,119186,55,23:00.0,7,4:00,757
6978765460,U,OB,1,3,2015,129894,31,58:00.0,3,3:00,757
6978765552,U,CTY,1,3,1548,128622,DP  ,16:00.0,2,23:00,757
6978771245,U,CTY,1,2,4550,125319,224,03:00.0,2,1:00,757
6978771245,U,OB,1,2,4550,125319,31,51:00.0,1,9:00,757
6978772428,U,OB,1,7,2915,R621801606,40,46:00.0,5,11:00,757
6978773573,U,OB,1,1,330,129672,39,20:00.0,2,11:00,757
6978776974,U,CTY,1,1,40,129894,E7  ,12:00.0,3,2:00,757
6978776992,U,OB,1,1,40,125430,32,36:00.0,4,3:00,757
6978777048,U,CTY,1,1,40,138087,175,46:00.0,3,4:00,757
6978777331,U,OB,1,1,40,125319,31,23:00.0,1,10:00,757
6978781154,U,OB,1,1,175,278516,74,49:00.0,6,0:00,757
6978789880,U,OB,1,1,170,136484,17,15:00.0,4,13:00,757
6978794089,U,CTY,1,2,250,126914,176,00:00.0,1,11:00,757
6978794089,U,OB,1,2,250,126914,37,02:00.0,1,11:00,757
6978799506,U,OB,1,1,500,125176,31,19:00.0,6,22:00,757
6978801358,U,IB,1,5,3940,128575,104,53:00.0,5,16:00,757
6978810928,U,OB,1,1,291,119743,95,56:00.0,6,12:00,757
6978811083,U,OB,1,1,80,127525,50,31:00.0,1,6:00,757
6978812037,U,OB,1,2,470,126812,55,55:00.0,1,6:00,726
6978815218,U,OB,1,1,524,278516,74,10:00.0,6,1:00,757
6978859804,U,OB,1,2,2439,125319,31,25:00.0,1,10:00,757
6978862756,U,CTY,1,1,448,137313,188,12:00.0,6,18:00,757
6978913044,U,OB,1,8,4435,128641,22,21:00.0,5,20:00,757
6978917087,U,OB,1,1,250,136623,69,00:00.0,6,22:00,429
6978917096,U,OB,1,1,444,140127,46,56:00.0,7,6:00,429
6978999587,U,IB,1,42,593,123751,127,11:00.0,4,2:00,322
6978999605,U,IB,1,54,785,123751,127,18:00.0,4,1:00,322
6979000247,U,IB,1,60,1213,124137,107,02:00.0,3,13:00,322
6979000247,U,IB,1,60,1213,124137,105,50:00.0,3,8:00,322
6979000274,U,IB,1,40,825,129540,135,43:00.0,5,18:00,322
6979001329,U,IB,1,23,595,127451,116,16:00.0,4,9:00,322
6979001329,U,IB,1,23,595,127451,154,17:00.0,4,9:00,322
6979001365,U,IB,1,32,880,127451,116,42:00.0,4,9:00,322
6979001365,U,IB,1,32,880,127451,109,59:00.0,4,9:00,322
6979063048,U,IB,1,1,776,135821,123,58:00.0,7,14:00,695
6979158133,U,OB,1,5,2360,139881,88,40:00.0,6,18:00,617
6979158142,U,OB,1,1,172,139881,88,46:00.0,6,12:00,617
697915817X,U,IB,1,2,1042,211017,111,12:00.0,6,7:00,617
6979158189,U,OB,1,1,509,123498,90,03:00.0,7,10:00,617
6979158207,U,IB,1,3,2530,530184,101,22:00.0,7,11:00,617
6979161846,U,OB,1,4,2426,136322,40,16:00.0,1,3:00,617
6979161864,U,IB,1,2,2041,R6711535,103,15:00.0,5,7:00,617
6979166172,U,OB,1,2,1860,132715,49,26:00.0,6,13:00,617
6979185514,U,OB,1,1,576,129710,95,44:00.0,7,20:00,617
6979229431,U,IB,1,1,190,131304,101,44:00.0,1,4:00,617
6979229440,U,OB,1,1,303,131717,51,08:00.0,3,15:00,617
6979229469,U,IB,1,1,42,211017,111,16:00.0,6,9:00,617
6979280435,U,IB,1,4,2070,126729,105,14:00.0,3,21:00,617
6979651584,U,CTY,1,1,145,134255,189,02:00.0,6,16:00,830
6979651804,U,CTY,1,1,175,138146,169,51:00.0,2,11:00,830
6979651813,U,CTY,1,1,135,134055,195,26:00.0,3,19:00,830
6980171582,U,CTY,1,3,5339,127688,174,53:00.0,6,9:00,569
6980292867,U,IB,1,1,50,133558,133,49:00.0,1,13:00,890
6980336353,U,CTY,1,1,6,133247,192,54:00.0,3,16:00,830
6980511987,U,OB,1,1,1461,559586,69,04:00.0,4,2:00,447
6980539184,U,OB,1,1,455,126195,30,23:00.0,1,12:00,447
6980539193,U,OB,1,1,296,290356,32,10:00.0,4,0:00,447
6980539202,U,OB,1,2,631,119426,63,33:00.0,5,3:00,447
6980539211,U,IB,1,1,377,842167,101,44:00.0,7,6:00,447
6980539220,U,OB,1,1,385,559729,38,01:00.0,5,13:00,447
698053923X,U,OB,1,1,340,559729,38,08:00.0,5,13:00,447
6980589849,U,CTY,1,1,331,290768,187,27:00.0,3,5:00,881
6980589876,U,CTY,1,2,994,290768,187,34:00.0,3,5:00,881
6980589977,U,IB,1,1,605,119375,125,58:00.0,5,14:00,881
6981388128,U,IB,1,1,416,128530,129,14:00.0,4,8:00,232
6981443943,U,IB,1,1,395,126080,149,40:00.0,1,4:00,232
6981507000,U,IB,1,2,3360,126080,149,29:00.0,1,5:00,232
6981635801,U,CTY,1,1,1541,558695,169,29:00.0,7,7:00,580
6981716936,U,OB,1,1,762,130709,26,10:00.0,7,22:00,580
6981747983,U,CTY,1,1,293,PASC634516,173,39:00.0,2,12:00,318
6981748295,U,IB,1,1,304,126057,149,27:00.0,5,15:00,318
6981748396,U,OB,1,1,388,128854,86,54:00.0,3,13:00,318
6981748652,U,CTY,1,1,365,281030,189,37:00.0,6,19:00,318
6981748708,U,IB,1,1,513,129798,149,08:00.0,1,5:00,318
6981749000,U,CTY,1,1,116,125036,174,37:00.0,5,22:00,318
6981749148,U,CTY,1,2,421,PASC533243,187,24:00.0,2,9:00,318
6981749496,U,IB,1,1,190,130751,141,12:00.0,1,8:00,318
6981749514,U,IB,1,1,288,130751,141,47:00.0,1,8:00,318
6981749761,U,CTY,1,1,345,124058,174,55:00.0,6,21:00,318
6981749817,U,CTY,1,1,447,124058,174,42:00.0,6,22:00,318
6981750082,U,CTY,1,1,245,121863,175,53:00.0,1,12:00,318
6981750174,U,CTY,1,1,255,121863,175,00:00.0,1,13:00,318
698175033X,U,CTY,1,1,340,124081,169,45:00.0,7,7:00,318
6981750632,U,CTY,1,1,234,140291,173,17:00.0,7,15:00,318
6981750724,U,CTY,1,1,212,140291,173,08:00.0,7,15:00,318
6981751229,U,IB,1,1,334,134682,116,08:00.0,4,22:00,318
6981751604,U,CTY,1,1,365,132756,189,34:00.0,7,20:00,318
6981751842,U,IB,1,2,310,135854,151,27:00.0,6,23:00,318
6981782083,U,OB,1,1,395,126080,49,13:00.0,6,0:00,730
6981782101,U,OB,1,5,1815,126565,73,00:00.0,6,19:00,730
6981782148,U,OB,1,3,1383,138725,48,49:00.0,7,22:00,730
6981785951,U,OB,1,1,2745,140379,39,24:00.0,5,21:00,730
6981821436,U,OB,1,1,358,132179,22,10:00.0,1,11:00,730
6981839393,U,OB,1,1,296,128238,45,16:00.0,6,15:00,730
6981839393,U,OB,1,1,296,128238,26,45:00.0,6,7:00,730
698183943X,U,OB,1,1,140,134175,48,31:00.0,5,1:00,730
6981843353,U,OB,1,1,255,132864,38,40:00.0,4,1:00,730
6981853556,U,CTY,1,1,55,134524,169,39:00.0,1,2:00,730
6981853601,U,OB,1,1,170,140379,39,13:00.0,5,21:00,730
698185362X,U,OB,1,3,1995,131079,46,10:00.0,5,2:00,730
698189674X,U,OB,1,2,5630,130455,84,56:00.0,6,12:00,518
6981935075,U,IB,1,2,702,135983,116,26:00.0,7,1:00,548
6981935084,U,IB,1,2,702,135983,116,15:00.0,7,1:00,548
6982246476,U,IB,1,1,186,261214,125,19:00.0,6,6:00,653
698234411X,U,IB,1,1,229,130917,143,13:00.0,1,6:00,864
6982364542,U,CTY,1,400,2081,121413,172,22:00.0,1,0:00,864
6982955298,U,OB,1,1,150,130990,60,17:00.0,3,4:00,435
6982955307,U,OB,1,3,1575,261216,84,01:00.0,4,7:00,435
6982955307,U,OB,1,3,1575,261216,70,19:00.0,4,19:00,435
6982969634,U,IB,1,4,6345,903489,164,04:00.0,6,21:00,435
698296968X,U,OB,1,4,5100,129653,51,41:00.0,7,6:00,435
6983132737,U,OB,1,3,3380,280980,63,43:00.0,3,11:00,432
6983166992,U,CTY,1,1,230,252236,187,13:00.0,4,5:00,402
6983167001,U,IB,1,3,1950,128440,141,25:00.0,7,10:00,402
698343146X,U,IB,1,1,68,530367,125,19:00.0,5,7:00,819
6983431560,U,CTY,1,1,203,127739,197,16:00.0,4,12:00,819
6983431625,U,IB,1,1,178,139787,141,33:00.0,6,18:00,819
6983431652,U,IB,1,1,448,139787,141,18:00.0,6,19:00,819
6983431735,U,CTY,1,1,118,130644,169,14:00.0,6,13:00,819
6983431744,U,IB,1,1,136,291203,133,08:00.0,2,2:00,819
6983431771,U,CTY,1,1,176,130644,169,55:00.0,6,12:00,819
6983432413,U,CTY,1,1,526,132190,173,12:00.0,3,18:00,819
6983432541,U,IB,1,1,166,123898,152,29:00.0,4,21:00,819
6983778125,U,OB,1,2,34,137455,73,20:00.0,7,12:00,404
6983787237,U,OB,1,2,2646,123402,78,26:00.0,1,18:00,404
6983789345,U,OB,1,1,135,123402,78,51:00.0,1,16:00,404
6983789354,U,OB,1,1,132,123402,79,35:00.0,1,21:00,404
6983789354,U,OB,1,1,132,123402,78,31:00.0,1,18:00,404
6983790629,U,OB,1,1,224,136623,69,31:00.0,6,21:00,404
6983790629,U,CTY,1,1,224,136623,_UNK,32:00.0,7,8:00,404
6983790766,U,OB,1,7,4630,123402,78,05:00.0,1,19:00,404
6983790784,U,OB,1,9,2628,123402,78,22:00.0,1,18:00,404
6983790793,U,OB,1,2,2940,123402,78,48:00.0,1,18:00,404
6983794048,U,OB,1,1,375,530430,63,01:00.0,6,8:00,404
6983794102,U,OB,1,2,21,530430,63,20:00.0,6,9:00,404
6983794111,U,OB,1,1,443,136623,69,03:00.0,6,22:00,404
6983794149,U,OB,1,2,530,136623,69,41:00.0,6,21:00,404
6983794313,U,OB,1,1,372,136439,43,22:00.0,7,4:00,404
6983798989,U,CTY,1,1,750,278056,197,21:00.0,1,6:00,404
6983801308,U,OB,1,1,145,123402,78,35:00.0,1,18:00,404
6983802958,U,OB,1,3,3512,130455,84,30:00.0,6,13:00,404
6983803333,U,OB,1,2,1525,134195,14,06:00.0,5,20:00,404
6983807513,U,OB,1,2,1274,124081,32,59:00.0,6,4:00,404
6983807531,U,OB,1,5,3797,119275,50,04:00.0,5,16:00,404
6983813298,U,CTY,1,1,820,123790,169,14:00.0,2,3:00,820
6983823555,U,CTY,1,2,1307,137397,176,18:00.0,6,22:00,820
6983856638,U,CTY,1,1,447,140322,176,32:00.0,7,5:00,820
6984451810,U,IB,1,1,261,290769,129,34:00.0,6,13:00,511
6984451866,U,CTY,1,1,168,127112,189,10:00.0,7,15:00,511
6984451994,U,IB,1,1,326,132863,113,43:00.0,7,15:00,511
698445226X,U,CTY,1,1,120,131131,187,10:00.0,7,8:00,511
6984453058,U,IB,1,1,77,132863,113,07:00.0,7,16:00,511
698463651X,U,CTY,1,1,100,137867,197,27:00.0,4,18:00,431
6984650095,U,IB,1,2,448,126870,143,54:00.0,5,21:00,431
6984650241,U,OB,1,1,207,HAEI26237,67,19:00.0,5,19:00,431
6984933464,U,CTY,1,1,151,132671,189,14:00.0,6,2:00,851
6984933491,U,CTY,1,7,2112,125994,196,41:00.0,5,15:00,851
6984970561,U,CTY,1,1,332,134642,176,09:00.0,6,19:00,851
6984983110,U,OB,1,1,56,128751,32,41:00.0,3,11:00,851
6984983321,U,OB,1,2,1012,291220,63,50:00.0,2,18:00,851
6984983321,U,CTY,1,2,1012,291220,237,10:00.0,4,22:00,851
6984983321,U,CTY,1,2,1012,291220,236,10:00.0,2,20:00,851
6984983368,U,OB,1,1,54,291220,63,43:00.0,2,19:00,851
6984983368,U,CTY,1,1,54,291220,180,54:00.0,3,1:00,851
6984983404,U,CTY,1,1,371,124297,197,51:00.0,2,8:00,851
6984983440,U,OB,1,4,1820,291220,63,25:00.0,2,20:00,851
6984983440,U,CTY,1,4,1820,291220,237,10:00.0,4,22:00,851
6985001004,U,CTY,1,5,2585,134642,176,26:00.0,6,18:00,851
6985002012,U,OB,1,4,2072,126561,96,59:00.0,6,6:00,851
6985002095,U,CTY,1,4,5184,125828,195,43:00.0,7,7:00,851
6985002351,U,IB,1,4,4000,131183,143,11:00.0,5,16:00,851
698500237X,U,CTY,1,2,2086,134642,176,24:00.0,6,18:00,851
6985002398,U,IB,1,2,2672,131183,143,03:00.0,5,16:00,851
6985002425,U,IB,1,2,1910,140274,163,49:00.0,3,6:00,851
6985002434,U,CTY,1,5,2590,140274,191,38:00.0,3,7:00,851
6985002434,U,IB,1,5,2590,140274,163,34:00.0,3,7:00,851
6985002443,U,IB,1,3,1554,140274,163,29:00.0,3,7:00,851
6985002508,U,CTY,1,12,6216,291263,196,14:00.0,6,7:00,851
6985017019,U,IB,1,1,426,125619,158,57:00.0,7,18:00,851
6985017174,U,IB,1,1,278,128702,127,03:00.0,5,17:00,851
6985017248,U,CTY,1,2,754,125994,196,15:00.0,5,16:00,851
6985017293,U,IB,1,2,739,128702,127,35:00.0,5,16:00,851
6985017486,U,IB,1,3,1107,118845,141,00:00.0,6,12:00,851
6985017587,U,IB,1,2,399,131183,143,48:00.0,5,16:00,851
6985017632,U,IB,1,1,147,131183,143,08:00.0,5,16:00,851
6985017715,U,IB,1,1,690,125619,158,45:00.0,7,18:00,851
6985017724,U,CTY,1,1,140,118561,168,37:00.0,7,5:00,851
6985023352,U,CTY,1,1,552,132120,175,07:00.0,5,4:00,851
6985302799,U,IB,1,2,250,134844,125,12:00.0,3,19:00,246
6985302826,U,IB,1,2,365,128758,129,48:00.0,4,4:00,246
6985302862,U,IB,1,1,110,127974,117,04:00.0,6,19:00,246
6985306171,U,IB,1,1,70,127555,127,20:00.0,7,1:00,246
6985307390,U,IB,1,1,265,127974,117,44:00.0,6,18:00,246
6985413504,U,OB,1,1,675,CVEN44290,95,59:00.0,1,10:00,135
6985699587,U,CTY,1,1,480,136771,238,42:00.0,3,21:00,324
6985751938,U,OB,1,1,1075,122359,26,04:00.0,4,16:00,432
6985751947,U,IB,1,2,1650,127706,123,11:00.0,1,7:00,432
6985756612,U,OB,1,2,3000,290890,67,37:00.0,4,8:00,432
6985756630,U,OB,1,1,2800,138318,40,13:00.0,4,13:00,432
698575664X,U,OB,1,1,2000,133774,51,47:00.0,1,12:00,432
6985756659,U,OB,1,2,4300,136417,39,29:00.0,4,21:00,432
6985756668,U,OB,1,1,635,127165,58,23:00.0,5,14:00,432
6985756677,U,OB,1,2,2500,558827,63,00:00.0,7,14:00,432
6985756686,U,OB,1,1,120,558556,76,09:00.0,6,9:00,432
6985789906,U,OB,1,2,530,430228,63,25:00.0,4,9:00,432
6985789933,U,OB,1,1,246,128475,49,46:00.0,4,11:00,432
6985789951,U,OB,1,1,100,558827,63,54:00.0,7,12:00,432
6985789989,U,OB,1,1,885,127570,48,34:00.0,7,3:00,432
6985789998,U,OB,1,1,10,116807,95,16:00.0,7,21:00,432
6985792353,U,OB,1,1,988,127021,74,07:00.0,6,2:00,432
698579239X,U,OB,1,1,1320,430228,63,56:00.0,4,18:00,432
6985801281,U,OB,1,1,855,135260,32,05:00.0,6,0:00,432
6985801290,U,OB,1,1,295,133172,51,44:00.0,6,6:00,432
6985802547,U,IB,1,1,485,127706,123,38:00.0,1,11:00,432
6985802574,U,OB,1,1,2278,249103,39,40:00.0,6,6:00,432
6985802592,U,OB,1,1,125,131151,58,54:00.0,1,12:00,432
6985802601,U,IB,1,4,3900,123837,104,23:00.0,7,6:00,432
698580350X,U,OB,1,1,678,140040,55,24:00.0,5,3:00,432
6985803867,U,OB,1,5,4457,140040,55,50:00.0,5,4:00,432
6985814115,U,OB,1,1,344,137429,90,43:00.0,4,20:00,432
6985827059,U,OB,1,4,952,128475,49,07:00.0,4,13:00,432
6985827068,U,OB,1,8,155,132845,51,14:00.0,4,18:00,432
6985827086,U,OB,1,1,234,119291,55,46:00.0,4,4:00,432
6985827452,U,OB,1,1,1240,430228,63,12:00.0,4,11:00,432
6985829212,U,OB,1,1,200,128237,69,05:00.0,5,22:00,432
6985829230,U,OB,1,1,185,126909,50,34:00.0,5,13:00,432
6985829230,U,OB,1,1,185,126909,63,47:00.0,5,15:00,432
6985829259,U,IB,1,1,1105,125180,104,03:00.0,7,21:00,432
6985864412,U,IB,1,1,222,290209,111,36:00.0,4,10:00,432
6985864421,U,OB,1,1,491,431077,67,21:00.0,3,1:00,432
6985864459,U,OB,1,1,1245,131685,55,55:00.0,3,3:00,432
6985864468,U,OB,1,1,395,137854,74,01:00.0,3,8:00,432
6985864477,U,OB,1,1,373,132845,51,53:00.0,4,19:00,432
6985864486,U,OB,1,1,490,558556,76,05:00.0,6,9:00,432
6985867667,U,OB,1,3,1590,138318,40,09:00.0,4,14:00,432
6985867676,U,OB,1,2,820,430228,63,05:00.0,4,19:00,432
6985867685,U,OB,1,2,1219,430228,63,03:00.0,4,19:00,432
6985867694,U,OB,1,2,1288,138318,40,50:00.0,4,14:00,432
6985867703,U,OB,1,1,578,430228,63,50:00.0,4,18:00,432
6985867721,U,OB,1,1,347,116706,88,03:00.0,5,13:00,432
6985867730,U,IB,1,2,862,135455,117,07:00.0,5,4:00,432
698586774X,U,IB,1,2,1610,135455,117,16:00.0,5,4:00,432
6985875733,U,OB,1,1,2000,261046,58,33:00.0,3,13:00,432
6985878950,U,OB,1,1,136,261371,76,38:00.0,7,11:00,432
698587896X,U,OB,1,2,2455,133103,38,14:00.0,3,5:00,432
6985879098,U,OB,1,1,200,280932,67,20:00.0,5,6:00,432
6985879107,U,OB,1,2,2386,129664,63,59:00.0,6,20:00,432
6985879116,U,OB,1,1,150,116843,84,40:00.0,7,4:00,432
6985879125,U,OB,1,1,270,133228,63,42:00.0,3,3:00,432
6985879134,U,OB,1,1,280,133228,63,46:00.0,3,3:00,432
6985879143,U,OB,1,1,210,127021,74,27:00.0,6,1:00,432
6985879152,U,OB,1,1,302,127021,74,46:00.0,6,1:00,432
6985886192,U,OB,1,1,950,128754,32,44:00.0,3,5:00,432
6985886201,U,OB,1,1,1735,126278,52,46:00.0,3,6:00,432
6985886248,U,OB,1,3,3545,139676,74,13:00.0,4,7:00,432
6985886248,U,OB,1,3,3545,139676,74,07:00.0,4,7:00,432
6985887889,U,OB,1,7,700,135260,32,24:00.0,6,0:00,432
6985953860,U,IB,1,1,714,138592,133,10:00.0,5,15:00,104
6985953970,U,IB,1,2,775,140037,112,30:00.0,3,10:00,104
6985962404,U,IB,1,3,724,137691,141,41:00.0,1,16:00,104
6985973083,U,CTY,1,2,670,138164,187,34:00.0,2,13:00,104
6985973148,U,CTY,1,6,6435,134403,220,28:00.0,3,12:00,104
6985973157,U,CTY,1,2,1031,279981,169,48:00.0,2,21:00,104
6986106807,U,CTY,1,2,1110,137656,211,21:00.0,7,0:00,104
6986106807,U,CTY,1,2,1110,137656,212,42:00.0,6,12:00,104
6986106807,U,CTY,1,2,1110,137656,231,30:00.0,5,19:00,104
6986115039,U,CTY,1,5,2786,200977,196,37:00.0,1,7:00,104
6986115230,U,IB,1,1,562,128150,135,40:00.0,2,21:00,104
6986119695,U,IB,1,1,750,140037,112,23:00.0,3,10:00,104
6986141832,U,CTY,1,2,1132,124322,192,18:00.0,7,8:00,104
6986141998,U,IB,1,1,141,138549,141,45:00.0,5,10:00,104
6986148212,U,IB,1,3,836,134403,125,45:00.0,1,18:00,104
6986152401,U,IB,1,2,1630,291071,114,59:00.0,4,21:00,104
6986152439,U,IB,1,3,2151,131375,117,30:00.0,6,14:00,104
6986157196,U,IB,1,1,14,134403,125,05:00.0,1,17:00,104
6986165904,U,IB,1,2,639,138549,141,05:00.0,5,11:00,104
698616848X,U,CTY,1,1,149,131824,189,57:00.0,2,6:00,104
698618553X,U,CTY,1,1,250,128211,196,24:00.0,5,5:00,104
6986213992,U,OB,1,2,1350,138444,87,56:00.0,1,22:00,237
6986241382,U,IB,1,4,2571,140037,112,53:00.0,3,10:00,237
698625109X,U,IB,1,2,790,132359,127,10:00.0,3,4:00,237
6986311526,U,CTY,1,1,241,131641,174,49:00.0,3,18:00,819
6986311544,U,IB,1,1,410,134963,151,55:00.0,3,12:00,819
6986312130,U,IB,1,1,254,134963,151,09:00.0,3,13:00,819
6986312240,U,IB,1,1,34,125347,133,21:00.0,3,5:00,819
698631225X,U,IB,1,1,256,125347,133,44:00.0,3,2:00,819
6986312287,U,IB,1,1,80,530367,125,00:00.0,5,9:00,819
6986312296,U,IB,1,1,218,530367,125,50:00.0,5,6:00,819
6986312305,U,IB,1,1,188,128291,101,03:00.0,4,17:00,819
6986312314,U,IB,1,1,960,128291,101,11:00.0,4,16:00,819
6986312341,U,IB,1,1,118,128291,101,15:00.0,4,17:00,819
6986312350,U,IB,1,1,560,128291,101,22:00.0,4,17:00,819
6986312379,U,IB,1,1,650,128291,101,01:00.0,4,16:00,819
6986312388,U,IB,1,1,558,128291,101,16:00.0,4,16:00,819
6986312406,U,IB,1,1,81,128291,119,14:00.0,4,22:00,819
6986312406,U,IB,1,1,81,128291,101,18:00.0,4,16:00,819
6986312451,U,IB,1,1,178,132216,164,40:00.0,3,12:00,819
6986312507,U,IB,1,1,80,126699,133,34:00.0,6,1:00,819
698631269X,U,CTY,1,1,1098,558295,192,54:00.0,4,15:00,819
6986312754,U,CTY,1,1,66,558295,192,55:00.0,4,12:00,819
6986312828,U,CTY,1,1,146,558295,192,45:00.0,4,12:00,819
6986312882,U,IB,1,1,556,125844,141,34:00.0,7,12:00,819
6986312974,U,IB,1,1,496,131487,163,24:00.0,7,5:00,819
6986313212,U,OB,1,1,196,211720,73,29:00.0,6,14:00,819
6986313221,U,CTY,1,1,90,132190,173,35:00.0,3,15:00,819
6986313295,U,IB,1,2,60,123898,152,01:00.0,4,22:00,819
6986514045,U,OB,1,2,3466,125279,52,44:00.0,6,13:00,521
6986514137,U,OB,1,1,75,127948,31,24:00.0,1,4:00,521
6986514182,U,OB,1,1,1225,128016,78,58:00.0,7,21:00,521
6986514191,U,CTY,1,2,580,128016,236,31:00.0,3,2:00,521
6986514191,U,OB,1,2,580,128016,78,19:00.0,7,22:00,521
6986544010,U,OB,1,1,250,127088,63,32:00.0,6,12:00,521
6986549887,U,OB,1,3,12580,291213,72,53:00.0,7,6:00,521
6986549905,U,OB,1,1,2414,132660,40,12:00.0,5,16:00,521
6986852854,U,CTY,1,2,921,125775,194,46:00.0,2,0:00,324
6986973479,U,IB,1,1,325,128446,123,23:00.0,3,13:00,216
6986989070,U,IB,1,1,715,135863,152,44:00.0,4,16:00,216
6987072369,U,IB,1,1,225,137455,152,12:00.0,7,4:00,216
6987203781,U,OB,1,1,467,HAEI26361,86,44:00.0,7,20:00,547
6987369369,U,CTY,1,13,10400,125831,169,26:00.0,4,16:00,343
6987369387,U,IB,1,1,3205,132515,143,20:00.0,7,0:00,343
6987410114,U,CTY,1,1,565,123106,174,11:00.0,6,14:00,343
6987411883,U,IB,1,1,233,276875,164,27:00.0,1,3:00,343
6987413102,U,CTY,1,2,3973,132339,192,08:00.0,3,7:00,343
6987413441,U,IB,1,4,2933,135748,151,05:00.0,6,14:00,343
698742105X,U,IB,1,2,925,136592,141,16:00.0,4,20:00,343
6987432545,U,IB,1,1,156,202024,125,41:00.0,5,6:00,343
6987437917,U,CTY,1,1,569,127679,175,36:00.0,5,18:00,343
6987437926,U,CTY,1,3,4123,131551,196,59:00.0,5,3:00,343
6987445433,U,CTY,1,1,1175,129628,194,24:00.0,4,9:00,343
698744767X,U,CTY,1,1,104,125614,169,12:00.0,7,19:00,343
698746395X,U,IB,1,3,342,136592,141,11:00.0,4,20:00,343
6987633845,U,IB,1,1,175,290256,163,07:00.0,2,13:00,875
6987633854,U,IB,1,1,175,290256,163,50:00.0,2,12:00,875
6987633919,U,IB,1,1,1,290256,163,58:00.0,2,13:00,875
6987633928,U,IB,1,1,15,290256,163,06:00.0,2,13:00,875
6987661253,U,CTY,1,1,281,261007,176,39:00.0,4,15:00,875
6987748364,U,CTY,1,1,625,124114,191,42:00.0,7,17:00,203
6987748364,U,CTY,1,1,625,124114,195,46:00.0,7,10:00,203
6987748373,U,CTY,1,1,620,116773,187,53:00.0,5,20:00,203
6987748429,U,IB,1,1,1055,137236,101,01:00.0,6,4:00,203
6987748438,U,CTY,1,1,562,122579,192,56:00.0,6,22:00,203
6987801182,U,IB,1,1,390,136411,111,35:00.0,5,21:00,671
698780121X,U,OB,1,1,401,138423,40,00:00.0,6,15:00,671
6987843083,U,IB,1,3,579,128743,127,36:00.0,5,5:00,671
6987983077,U,CTY,1,1,820,131218,169,31:00.0,6,4:00,313
6988168088,U,CTY,1,3,847,138097,194,08:00.0,5,10:00,313
6988168160,U,CTY,1,2,440,138097,194,59:00.0,5,6:00,313
6988168252,U,CTY,1,1,295,280391,196,26:00.0,7,7:00,313
6988686637,U,IB,1,6,3088,133882,163,20:00.0,4,1:00,508
6988749703,U,OB,1,2,550,119040,69,39:00.0,5,10:00,644
6988749712,U,OB,1,4,3500,119040,69,47:00.0,5,10:00,644
6988765296,U,OB,1,1,145,127512,43,12:00.0,1,9:00,644
6988765305,U,OB,1,1,1185,130617,43,54:00.0,5,1:00,644
6988806748,U,OB,1,1,100,281163,52,48:00.0,5,6:00,644
6988818325,U,IB,1,1,295,133623,101,37:00.0,5,18:00,644
6988818334,U,IB,1,4,5765,133623,101,57:00.0,5,18:00,644
6988818343,U,IB,1,2,2270,133623,101,28:00.0,5,17:00,644
6988818408,U,OB,1,2,1870,125939,67,14:00.0,3,22:00,644
6988818417,U,OB,1,1,540,136546,69,42:00.0,5,9:00,644
6988818426,U,OB,1,1,408,127351,50,53:00.0,6,16:00,644
6988818444,U,OB,1,2,1600,139743,67,32:00.0,3,7:00,644
6988818453,U,OB,1,1,504,139743,67,38:00.0,3,7:00,644
6988818471,U,OB,1,1,150,281163,52,27:00.0,5,8:00,644
6988818480,U,OB,1,1,285,281163,52,40:00.0,5,8:00,644
6988818509,U,OB,1,1,162,281163,52,54:00.0,5,8:00,644
6988821405,U,OB,1,1,960,290014,69,34:00.0,6,13:00,644
6988821414,U,OB,1,2,1395,290014,69,56:00.0,6,13:00,644
6988821432,U,OB,1,3,790,290014,69,06:00.0,6,14:00,644
6988821441,U,OB,1,3,1955,129491,67,30:00.0,3,12:00,644
6988821450,U,OB,1,4,1880,129491,5,42:00.0,5,3:00,644
6988821450,U,OB,1,4,1880,129491,67,26:00.0,3,12:00,644
698882146X,U,OB,1,3,475,129491,67,45:00.0,3,12:00,644
6988821506,U,OB,1,3,410,135511,74,18:00.0,7,15:00,644
6988821542,U,OB,1,1,500,121684,74,18:00.0,4,9:00,644
6988840976,U,OB,1,2,1526,133640,95,00:00.0,3,10:00,644
698885952X,U,OB,1,1,121,123544,46,36:00.0,5,10:00,644
6988859539,U,OB,1,1,286,123544,46,53:00.0,5,12:00,644
7004162465,U,OB,1,1,455,131416,84,06:00.0,1,8:00,700
7004162474,U,OB,1,1,455,128641,22,47:00.0,5,19:00,700
7020024247,U,IB,1,1,1133,135192,164,40:00.0,7,4:00,642
7020024476,U,IB,1,7,3680,135950,123,31:00.0,3,7:00,642
7020034789,U,IB,1,1,658,128363,119,34:00.0,1,6:00,642
7020034789,U,CTY,1,1,658,128363,169,57:00.0,1,4:00,642
7020034798,U,CTY,1,1,574,128363,169,50:00.0,1,3:00,642
7020034861,U,IB,1,1,210,211615,123,18:00.0,1,14:00,642
7020034899,U,IB,1,2,946,211615,123,49:00.0,1,15:00,642
7020117289,U,CTY,1,1,266,130644,169,10:00.0,6,13:00,819
7020187202,U,CTY,1,1,445,130828,172,32:00.0,1,6:00,525
7020232908,U,OB,1,6,1086,129190,86,22:00.0,5,7:00,243
7020232926,U,OB,1,2,246,129190,86,38:00.0,5,6:00,243
7020232935,U,OB,1,5,1063,129190,86,53:00.0,5,4:00,243
7020232944,U,IB,1,1,365,133216,114,01:00.0,6,4:00,243
7020237811,U,IB,1,1,487,125619,143,56:00.0,1,15:00,243
7020237885,U,CTY,1,9,1905,126990,188,31:00.0,7,5:00,243
702025466X,U,IB,1,2,225,125671,117,09:00.0,4,21:00,243
7020254679,U,OB,1,2,230,249339,96,38:00.0,3,21:00,243
7020265412,U,IB,1,7,3385,136348,150,31:00.0,7,21:00,243
702029866X,U,CTY,1,2,988,HAEI25964,169,39:00.0,5,18:00,841
7020320632,U,IB,1,1,60,HAEI23552,151,23:00.0,6,17:00,841
7020426342,U,CTY,1,1,25,125760,174,56:00.0,3,6:00,841
7020426342,U,CTY,1,1,25,125760,231,17:00.0,3,21:00,841
7020426342,U,CTY,1,1,25,125760,233,51:00.0,4,21:00,841
7020516084,U,IB,1,2,400,HAEI27016,116,44:00.0,4,21:00,841
7020516102,U,IB,1,3,932,127509,129,51:00.0,3,19:00,841
7020516185,U,CTY,1,1,509,560380,169,40:00.0,6,17:00,841
7020612563,U,CTY,1,2,2496,136232,192,18:00.0,5,7:00,814
7020612563,U,CTY,1,2,2496,136232,207,41:00.0,6,17:00,814
7020612590,U,IB,1,3,3855,128092,133,31:00.0,7,8:00,814
702079784X,U,CTY,1,3,336,CVEN46008,173,22:00.0,7,12:00,126
7020797895,U,CTY,1,1,330,133807,187,39:00.0,4,11:00,126
7020797913,U,CTY,1,1,290,127847,192,59:00.0,3,3:00,126
7020911745,U,IB,1,8,1940,CVEN46003,105,47:00.0,6,0:00,126
7021148979,U,IB,1,1,222,136038,141,48:00.0,1,6:00,890
7021149327,U,IB,1,2,1923,128320,151,04:00.0,2,21:00,890
7021185719,U,IB,1,1,300,134353,113,45:00.0,7,6:00,890
7021269997,U,OB,1,1,250,138176,96,37:00.0,6,3:00,890
7021281134,U,IB,1,1,120,128898,133,33:00.0,5,16:00,890
7021440735,U,CTY,1,4,3080,137437,189,24:00.0,2,1:00,218
7021466190,U,IB,1,1,1648,140226,125,38:00.0,7,16:00,218
7021466219,U,OB,1,2,1790,122296,84,10:00.0,6,16:00,218
7021466237,U,IB,1,3,4420,559510,112,45:00.0,4,20:00,218
7021466814,U,IB,1,1,565,135114,125,15:00.0,1,4:00,218
7021466841,U,OB,1,1,1496,133456,84,16:00.0,1,8:00,218
7021481078,U,IB,1,1,412,128880,113,31:00.0,3,21:00,218
7021481123,U,IB,1,4,3334,R218616870,103,15:00.0,4,0:00,218
7021481123,U,CTY,1,4,3334,R218616870,235,49:00.0,4,18:00,218
7021501262,U,IB,1,1,77,132715,113,29:00.0,3,18:00,218
7021501354,U,IB,1,2,5065,R218191534,114,11:00.0,2,19:00,218
702150140X,U,IB,1,3,5619,123779,133,56:00.0,4,20:00,218
7021501428,U,CTY,1,3,3225,130752,172,29:00.0,6,8:00,218
7021501446,U,CTY,1,1,1456,130752,172,57:00.0,6,8:00,218
7021501446,U,OB,1,1,1456,130752,91,28:00.0,6,18:00,218
7021511364,U,IB,1,1,128,R211600269,123,24:00.0,5,22:00,218
7021512830,U,OB,1,3,1637,122243,89,54:00.0,6,0:00,218
7021512859,U,OB,1,3,1008,122243,89,43:00.0,6,0:00,218
7021512895,U,IB,1,1,1575,530504,105,46:00.0,7,2:00,218
7021512922,U,IB,1,3,5205,123680,114,15:00.0,3,21:00,218
702152472X,U,OB,1,1,575,135935,89,19:00.0,6,14:00,218
7021524739,U,OB,1,2,4065,135935,89,02:00.0,6,14:00,218
7021524748,U,IB,1,1,290,130550,164,26:00.0,1,4:00,218
7021526571,U,OB,1,1,625,T525255364,95,59:00.0,5,1:00,218
702152659X,U,OB,1,1,1485,140101,88,56:00.0,6,12:00,218
7021526609,U,OB,1,1,2195,903811,88,34:00.0,6,20:00,218
7021526618,U,IB,1,3,2830,530455,117,58:00.0,6,5:00,218
7021552192,U,IB,1,1,1130,530455,117,08:00.0,6,10:00,218
7021552201,U,OB,1,5,2110,128828,89,04:00.0,6,5:00,218
7021578648,U,CTY,1,6,4304,904116,189,50:00.0,7,7:00,218
7021627313,U,IB,1,3,364,559835,145,40:00.0,2,15:00,218
7021627432,U,IB,1,1,1149,130842,103,24:00.0,7,21:00,218
7021630750,U,IB,1,1,92,129558,114,10:00.0,5,19:00,218
7021640917,U,IB,1,2,2370,126280,116,52:00.0,5,18:00,218
702164099X,U,OB,1,1,45,252293,84,20:00.0,6,15:00,218
7021641009,U,IB,1,1,1481,390229,116,34:00.0,2,4:00,218
7021656088,U,IB,1,1,575,123239,101,01:00.0,6,17:00,218
7021656124,U,OB,1,3,1675,133456,84,41:00.0,1,10:00,218
7021656133,U,IB,1,1,572,134545,112,32:00.0,1,4:00,218
7021656160,U,IB,1,4,2158,133730,117,42:00.0,4,22:00,218
7021656189,U,OB,1,2,74,252293,84,15:00.0,6,19:00,218
7021656207,U,IB,1,1,287,430899,105,35:00.0,1,6:00,218
7021665447,U,OB,1,6,7041,558665,88,10:00.0,4,21:00,218
7021665492,U,OB,1,1,557,558665,88,11:00.0,4,18:00,218
7021665492,U,OB,1,1,557,558665,92,16:00.0,5,5:00,218
7021665712,U,OB,1,4,5500,T525255364,95,45:00.0,5,0:00,218
702166574X,U,IB,1,1,1280,430399,112,10:00.0,4,16:00,218
7021667032,U,IB,1,3,588,128880,113,04:00.0,3,20:00,218
7021667041,U,IB,1,1,265,123680,114,01:00.0,3,21:00,218
702166706X,U,IB,1,3,790,135150,101,36:00.0,3,22:00,218
7021667088,U,IB,1,1,200,430079,101,04:00.0,3,16:00,218
7021667160,U,IB,1,2,400,430399,112,37:00.0,4,13:00,218
7021667216,U,IB,1,2,230,129558,114,16:00.0,5,19:00,218
7021671973,U,IB,1,1,832,R218191522,103,33:00.0,5,22:00,218
7021671982,U,IB,1,3,4800,R218191522,103,25:00.0,5,20:00,218
7021671991,U,IB,1,9,9450,R218191522,103,12:00.0,5,21:00,218
7021672000,U,CTY,1,1,2020,127512,172,23:00.0,5,1:00,218
702170666X,U,IB,1,1,520,133871,104,05:00.0,4,0:00,218
7021720795,U,IB,1,1,648,530455,117,04:00.0,6,10:00,218
7021797162,U,IB,1,1,142,134545,112,20:00.0,1,3:00,218
7021963785,U,CTY,1,3,6842,134079,189,16:00.0,3,9:00,853
7021977791,U,CTY,1,1,150,279944,187,12:00.0,7,3:00,853
702198276X,U,CTY,1,1,245,137452,194,56:00.0,2,7:00,853
7021988535,U,CTY,1,2,7080,279944,187,57:00.0,7,2:00,853
7021988782,U,OB,1,1,395,126859,78,50:00.0,1,12:00,853
702199684X,U,OB,1,1,600,134548,84,24:00.0,2,3:00,853
7021997600,U,CTY,1,1,200,134079,189,54:00.0,3,8:00,853
7022004393,U,CTY,1,1,450,279944,187,06:00.0,7,3:00,854
7022189101,U,IB,1,1,812,137724,149,01:00.0,4,1:00,381
7022189157,U,IB,1,6,4980,135252,133,38:00.0,5,20:00,381
7022189184,U,CTY,1,2,1843,202072,187,15:00.0,6,16:00,381
7022189202,U,CTY,1,1,575,202072,187,57:00.0,6,14:00,381
7022189258,U,IB,1,1,821,127970,149,38:00.0,7,6:00,381
7022189395,U,CTY,1,2,1041,125490,169,56:00.0,2,16:00,381
7022189413,U,CTY,1,2,1043,125490,169,50:00.0,2,17:00,381
7022189422,U,CTY,1,2,2515,125490,169,07:00.0,2,14:00,381
7022189431,U,CTY,1,2,1091,125490,169,45:00.0,2,17:00,381
702218945X,U,CTY,1,1,643,138842,187,49:00.0,4,11:00,381
7022190623,U,IB,1,5,12500,132292,145,08:00.0,6,1:00,381
7022190641,U,IB,1,1,400,132650,150,00:00.0,4,22:00,381
7022190679,U,IB,1,3,2508,132650,150,33:00.0,4,21:00,381
7022190733,U,IB,1,1,305,132650,150,19:00.0,4,21:00,381
7022190751,U,IB,1,5,10500,137724,149,59:00.0,4,1:00,381
7022191696,U,IB,1,1,6130,133635,113,59:00.0,6,3:00,381
7022195234,U,CTY,1,1,612,121722,172,32:00.0,4,20:00,381
7022480922,U,CTY,1,1,210,138430,169,53:00.0,5,1:00,896
7022529964,U,IB,1,2,3750,128138,164,46:00.0,2,6:00,896
7022659975,U,CTY,1,1,470,135897,192,38:00.0,4,6:00,896
7022659993,U,IB,1,1,260,127688,123,04:00.0,5,10:00,896
7022659993,U,CTY,1,1,260,127688,231,33:00.0,6,5:00,896
7022676502,U,CTY,1,1,475,136637,192,13:00.0,4,11:00,896
7022676585,U,CTY,1,1,1320,261081,192,23:00.0,3,8:00,896
7022676612,U,CTY,1,1,660,261081,192,17:00.0,3,8:00,896
7022681728,U,CTY,1,1,210,430868,172,03:00.0,4,17:00,896
7022681957,U,CTY,1,1,500,277828,197,04:00.0,2,8:00,896
7022681966,U,CTY,1,1,208,132093,187,17:00.0,3,19:00,896
7022681966,U,CTY,1,1,208,132093,237,18:00.0,3,19:00,896
7022681975,U,CTY,1,1,360,132093,231,36:00.0,3,20:00,896
7022681975,U,CTY,1,1,360,132093,187,35:00.0,3,20:00,896
7022682507,U,CTY,1,1,265,123790,169,16:00.0,2,1:00,896
7022695707,U,CTY,1,1,260,136637,192,12:00.0,4,10:00,896
7022695743,U,CTY,1,1,480,261081,O   ,16:00.0,3,13:00,896
7022695743,U,CTY,1,1,480,261081,192,58:00.0,3,8:00,896
7022788886,U,IB,1,3,1780,128311,111,10:00.0,3,11:00,245
7022788895,U,IB,1,2,995,128311,111,03:00.0,3,11:00,245
702278895X,U,IB,1,3,4645,430204,117,23:00.0,4,5:00,245
7022788978,U,IB,1,100,882,131894,103,24:00.0,5,7:00,245
702278906X,U,IB,1,3,1860,127543,105,00:00.0,4,3:00,245
7022789133,U,IB,1,1,498,128291,105,10:00.0,7,5:00,245
7022789243,U,OB,1,2,860,124058,89,49:00.0,7,3:00,245
7022940722,U,OB,1,8,13810,261219,17,23:00.0,2,6:00,455
7022940805,U,OB,1,2,2410,135569,43,27:00.0,1,6:00,455
7022940850,U,OB,1,7,11660,132327,14,28:00.0,6,18:00,455
7023240638,U,CTY,1,1,476,135212,175,04:00.0,1,3:00,621
7023386837,U,IB,1,1,649,290302,163,31:00.0,1,2:00,621
7023390889,U,CTY,1,1,203,R326181472,174,04:00.0,1,14:00,621
7023398185,U,CTY,1,2,3627,290033,195,59:00.0,3,16:00,621
7023404318,U,IB,1,1,447,135748,151,01:00.0,6,15:00,621
7023404538,U,IB,1,1,388,135725,151,33:00.0,7,17:00,621
7023405243,U,IB,1,1,551,135031,158,00:00.0,1,15:00,621
7023539416,U,OB,1,1,35,126600,96,04:00.0,4,18:00,218
7023539434,U,OB,1,1,61,126600,96,08:00.0,4,20:00,218
7023539461,U,OB,1,1,35,126600,96,48:00.0,4,18:00,218
7023539636,U,OB,1,1,35,126600,96,10:00.0,4,20:00,218
7023539690,U,IB,1,1,61,123581,111,30:00.0,5,13:00,218
7023539874,U,IB,1,1,35,122296,111,29:00.0,5,3:00,218
7023539892,U,IB,1,1,35,122296,111,22:00.0,5,4:00,218
7023539910,U,IB,1,1,61,122296,111,22:00.0,5,3:00,218
7023540121,U,OB,1,1,83,135935,89,57:00.0,6,15:00,218
7023561764,U,IB,1,1,127,125889,107,37:00.0,7,10:00,244
7023561764,U,CTY,1,1,127,125889,175,40:00.0,7,8:00,244
7023561782,U,IB,1,1,120,128350,133,51:00.0,6,12:00,244
702356181X,U,CTY,1,1,600,125889,175,43:00.0,7,9:00,244
702358216X,U,OB,1,4,5076,830890,47,52:00.0,5,20:00,422
7023582179,U,OB,1,4,5694,830890,18,11:00.0,5,20:00,422
7023582188,U,OB,1,7,9275,830890,18,02:00.0,5,20:00,422
7023582197,U,OB,1,8,10640,830890,18,42:00.0,5,19:00,422
7023582206,U,OB,1,3,4710,842167,53,17:00.0,4,19:00,422
7023582215,U,OB,1,2,2293,842167,53,50:00.0,4,18:00,422
7023582224,U,OB,1,1,2318,842167,53,19:00.0,4,19:00,422
7023582233,U,OB,1,2,2811,842167,53,24:00.0,4,19:00,422
7023582242,U,OB,1,2,3520,830890,72,46:00.0,6,19:00,422
7023582251,U,OB,1,5,5354,830890,72,22:00.0,6,20:00,422
7023582260,U,OB,1,2,2454,830890,72,30:00.0,6,19:00,422
702358227X,U,OB,1,4,6154,830890,72,24:00.0,6,19:00,422
7023582289,U,OB,1,1,806,830890,72,05:00.0,6,19:00,422
7023582334,U,OB,1,1,534,830890,72,58:00.0,6,18:00,422
7023582343,U,OB,1,1,1623,79962,40,05:00.0,7,0:00,422
7023582352,U,OB,1,2,3745,79962,40,38:00.0,6,21:00,422
7023582361,U,OB,1,4,6995,79962,47,56:00.0,7,0:00,422
7023582361,U,OB,1,4,6995,79962,40,45:00.0,6,23:00,422
7023582370,U,OB,1,5,6250,79962,40,57:00.0,6,22:00,422
702358238X,U,OB,1,6,9300,79962,40,17:00.0,7,2:00,422
7023582399,U,OB,1,2,3493,79962,40,17:00.0,7,2:00,422
7023582408,U,OB,1,3,4685,79962,40,22:00.0,7,0:00,422
7023582417,U,OB,1,7,7625,79962,40,11:00.0,7,1:00,422
7023601438,U,IB,1,8,6647,123443,112,06:00.0,6,21:00,244
7023642064,U,CTY,1,2,3468,201100,175,17:00.0,6,10:00,244
7023642073,U,IB,1,3,5302,128350,133,04:00.0,6,13:00,244
7023675385,U,OB,1,1,106,202565,52,37:00.0,1,17:00,433
7023675421,U,OB,1,2,1225,126541,63,04:00.0,4,4:00,433
7023675430,U,OB,1,1,647,131137,53,17:00.0,1,9:00,433
702367544X,U,OB,1,9,915,119135,49,26:00.0,6,13:00,433
7023710163,U,OB,1,1,473,279237,43,34:00.0,1,17:00,433
7023711501,U,OB,1,1,317,131790,5,07:00.0,3,9:00,433
7023711501,U,OB,1,1,317,131790,12,20:00.0,3,14:00,433
7023726782,U,OB,1,3,805,128013,89,12:00.0,7,13:00,433
7023726791,U,OB,1,2,550,128013,89,14:00.0,7,13:00,433
7023726800,U,OB,1,1,110,134673,22,18:00.0,7,16:00,433
7023729211,U,OB,1,5,12807,136626,5,25:00.0,3,8:00,433
7023743300,U,OB,1,12,3423,133252,74,02:00.0,4,9:00,433
702374331X,U,OB,1,1,118,136268,49,34:00.0,3,4:00,433
702379303X,U,OB,1,1,222,125430,32,00:00.0,4,7:00,418
7023793076,U,OB,1,2,696,124616,49,45:00.0,5,20:00,418
7023823995,U,IB,1,1,493,133577,163,18:00.0,7,14:00,381
7023843281,U,CTY,1,1,1030,138598,169,03:00.0,6,14:00,381
7023843355,U,IB,1,3,4969,135658,127,28:00.0,5,4:00,381
7023893167,U,CTY,1,4,2758,133635,181,35:00.0,6,6:00,381
7023893167,U,IB,1,4,2758,133635,113,30:00.0,6,3:00,381
7024007109,U,CTY,1,1,97,291058,175,29:00.0,2,9:00,138
7024026871,U,OB,1,1,210,140160,52,17:00.0,4,1:00,423
7024040466,U,OB,1,1,671,127041,53,59:00.0,7,20:00,423
7024079388,U,OB,1,3,255,135306,18,12:00.0,7,11:00,423
7024094678,U,IB,1,1,230,134652,127,16:00.0,1,6:00,423
7024117668,U,OB,1,3,2070,125624,55,43:00.0,4,16:00,423
7024124589,U,OB,1,2,2220,135485,69,51:00.0,6,10:00,423
7024126266,U,OB,1,1,1000,135485,69,13:00.0,6,7:00,423
7024126275,U,OB,1,1,385,135485,69,19:00.0,6,11:00,423
702412677X,U,OB,1,2,765,125737,55,45:00.0,6,4:00,423
7024151905,U,OB,1,1,300,133721,51,39:00.0,7,3:00,423
7024151932,U,OB,1,1,900,133704,43,43:00.0,4,21:00,423
7024168973,U,OB,1,1,898,135900,38,14:00.0,7,3:00,423
7024282924,U,CTY,1,4,1772,130965,172,14:00.0,2,21:00,335
7024282942,U,IB,1,4,1252,135278,163,25:00.0,1,8:00,335
7024315219,U,CTY,1,1,680,211329,169,32:00.0,3,8:00,335
7024343653,U,IB,1,1,197,135730,145,16:00.0,4,0:00,251
7024345431,U,CTY,1,1,65,140163,231,48:00.0,5,21:00,251
7024345431,U,CTY,1,1,65,140163,175,47:00.0,5,21:00,251
7024357641,U,OB,1,1,60,130515,40,19:00.0,4,1:00,251
7024379899,U,IB,1,1,170,128506,158,31:00.0,6,21:00,251
7024395968,U,IB,1,1,216,132488,145,40:00.0,5,22:00,251
7024396013,U,OB,1,1,529,558489,88,29:00.0,3,4:00,251
7024442671,U,IB,1,1,395,131478,143,28:00.0,6,4:00,251
7024442709,U,IB,1,1,152,136818,158,52:00.0,7,0:00,251
7024589366,U,IB,1,1,398,131118,164,52:00.0,4,1:00,809
7024796880,U,IB,1,7,3880,123757,163,24:00.0,5,1:00,326
7024796918,U,CTY,1,1,740,119922,192,26:00.0,5,18:00,326
7024797239,U,CTY,1,1,430,138029,187,23:00.0,7,13:00,326
7024797266,U,CTY,1,1,465,138029,187,08:00.0,7,13:00,326
7024797320,U,IB,1,3,1160,127610,164,47:00.0,7,22:00,326
7024797459,U,IB,1,2,2140,249311,150,38:00.0,1,21:00,326
7024797641,U,IB,1,1,330,123514,145,57:00.0,5,7:00,326
7024797650,U,IB,1,2,1170,123514,145,30:00.0,5,7:00,326
7024797724,U,CTY,1,1,400,135089,187,28:00.0,6,7:00,326
7024797861,U,IB,1,7,4155,129764,141,38:00.0,5,15:00,326
7024797870,U,IB,1,1,80,129764,141,07:00.0,5,16:00,326
7024801235,U,CTY,1,6,6898,290358,168,42:00.0,4,21:00,326
702480921X,U,CTY,1,1,178,127688,174,37:00.0,6,10:00,326
7024809375,U,IB,1,1,202,122611,143,50:00.0,4,22:00,326
702480943X,U,IB,1,1,193,123514,145,23:00.0,5,5:00,326
7024809449,U,CTY,1,1,322,123740,194,40:00.0,5,10:00,326
7024809999,U,IB,1,1,695,123514,145,25:00.0,5,5:00,326
7024810026,U,CTY,1,1,1040,123740,194,36:00.0,5,10:00,326
7024810190,U,CTY,1,1,215,127356,196,31:00.0,3,12:00,326
702481042X,U,CTY,1,1,259,135089,187,24:00.0,6,6:00,326
7024813160,U,CTY,1,1,192,290164,187,32:00.0,4,18:00,326
7024813308,U,CTY,1,1,375,290164,187,32:00.0,4,18:00,326
7024813362,U,CTY,1,1,151,291051,192,24:00.0,6,10:00,326
7024814087,U,CTY,1,1,305,137753,195,06:00.0,6,9:00,326
7024827406,U,CTY,1,1,446,136872,173,02:00.0,3,12:00,326
7024827433,U,IB,1,1,446,128229,133,50:00.0,2,11:00,326
7024827938,U,IB,1,7,2091,134081,163,08:00.0,5,21:00,326
7024827947,U,CTY,1,6,1850,249234,172,36:00.0,5,16:00,326
7024844997,U,CTY,1,1,800,290164,187,01:00.0,4,18:00,326
702490480X,U,IB,1,2,5110,133349,149,39:00.0,7,13:00,326
7024904819,U,IB,1,1,1816,133349,149,44:00.0,7,13:00,326
702490634X,U,IB,1,2,4411,131940,133,05:00.0,6,1:00,326
702490634X,U,IB,1,2,4411,131940,162,06:00.0,6,1:00,326
7024906422,U,CTY,1,2,3779,119435,188,21:00.0,6,12:00,326
7024907156,U,IB,1,3,7908,134958,149,27:00.0,1,15:00,326
7024996128,U,CTY,1,2,910,127688,174,45:00.0,6,8:00,326
7025016880,U,IB,1,3,3064,137311,149,58:00.0,3,6:00,326
7025016918,U,IB,1,1,1077,133648,151,05:00.0,1,7:00,326
7025113837,U,CTY,1,1,365,136872,173,58:00.0,3,9:00,326
7025128806,U,IB,1,1,270,129061,105,11:00.0,4,6:00,326
7025142390,U,CTY,1,1,251,249234,172,52:00.0,5,16:00,326
7025142419,U,CTY,1,1,707,291051,192,18:00.0,6,10:00,326
7025142419,U,CTY,1,1,707,291051,235,07:00.0,3,0:00,326
7025144518,U,IB,1,2,1505,133349,149,55:00.0,7,13:00,326
7025146058,U,IB,1,3,3541,126855,143,05:00.0,7,14:00,326
7025146076,U,IB,1,2,2585,133648,115,11:00.0,1,6:00,326
7025146076,U,IB,1,2,2585,133648,151,39:00.0,1,5:00,326
7025148312,U,CTY,1,4,2146,133472,188,06:00.0,6,22:00,326
7025149275,U,IB,1,1,2433,126855,143,44:00.0,7,13:00,326
7025149284,U,CTY,1,1,1030,128437,188,49:00.0,7,22:00,326
7025221462,U,CTY,1,1,310,130521,168,47:00.0,5,12:00,840
7025221480,U,OB,1,1,118,136349,51,16:00.0,7,17:00,840
7025221527,U,IB,1,1,250,HAEI23307,131,04:00.0,6,22:00,840
702535228X,U,CTY,1,1,574,279981,169,42:00.0,2,22:00,140
7025352472,U,CTY,1,1,1230,128211,233,25:00.0,3,19:00,140
7025352472,U,CTY,1,1,1230,128211,196,38:00.0,5,4:00,140
7025352472,U,CTY,1,1,1230,128211,231,32:00.0,6,19:00,140
7025352710,U,OB,1,1,728,290100,76,16:00.0,5,22:00,140
7025504768,U,IB,1,1,320,131674,152,38:00.0,6,13:00,881
7025527208,U,CTY,1,2,2343,290768,187,36:00.0,3,4:00,881
7025527217,U,IB,1,1,489,136038,141,56:00.0,1,6:00,881
7025527244,U,IB,1,1,150,136038,141,19:00.0,1,10:00,881
7025527244,U,CTY,1,1,150,136038,233,28:00.0,1,17:00,881
7025527253,U,CTY,1,1,130,125133,188,35:00.0,1,15:00,881
7025527271,U,CTY,1,1,300,131853,195,32:00.0,4,5:00,881
702552729X,U,IB,1,1,490,118758,149,16:00.0,2,16:00,881
7025527345,U,IB,1,1,140,119375,125,45:00.0,5,13:00,881
7025527419,U,IB,1,1,787,131854,165,51:00.0,6,6:00,881
7025527419,U,CTY,1,1,787,131854,197,50:00.0,6,6:00,881
702552872X,U,CTY,1,2,1238,290768,187,20:00.0,3,3:00,881
7025528757,U,CTY,1,1,904,138245,168,16:00.0,1,0:00,881
7025565387,U,CTY,1,1,1184,290768,187,31:00.0,3,4:00,881
702575785X,U,IB,1,2,905,CVEN43549,133,55:00.0,4,13:00,135
7025758666,U,CTY,1,1,724,CVEN46008,173,03:00.0,7,8:00,135
7025758758,U,CTY,1,1,290,CVEN44708,194,27:00.0,1,19:00,135
702575906X,U,OB,1,2,1928,CVEN44129,95,21:00.0,7,3:00,135
7025759151,U,OB,1,3,1836,CVEN44129,95,59:00.0,6,22:00,135
7025759317,U,CTY,1,1,192,CVEN44152,169,36:00.0,2,0:00,135
7025759436,U,OB,1,2,770,CVEN45352,89,57:00.0,5,12:00,135
7025759490,U,CTY,1,3,670,133807,187,06:00.0,4,6:00,135
7025759591,U,IB,1,7,3455,CVEN46003,105,58:00.0,5,19:00,135
7025759986,U,CTY,1,2,345,131810,175,34:00.0,3,8:00,135
7025759995,U,CTY,1,2,345,131810,175,55:00.0,3,8:00,135
7025760417,U,IB,1,5,2755,CVEN44615,113,28:00.0,6,14:00,135
7025760435,U,IB,1,2,1210,CVEN44615,113,05:00.0,6,14:00,135
7025760572,U,IB,1,2,810,CVEN44986,103,29:00.0,7,3:00,135
7025760590,U,CTY,1,6,3060,CVEN43397,197,56:00.0,7,16:00,135
7025760619,U,CTY,1,1,470,CVEN43397,197,33:00.0,7,17:00,135
7025760664,U,CTY,1,2,890,CVEN43397,197,47:00.0,7,16:00,135
7025817772,U,OB,1,1,1795,129640,31,47:00.0,1,7:00,685
7025817781,U,OB,1,1,715,129640,31,25:00.0,1,8:00,685
7025817790,U,OB,1,1,265,129640,31,30:00.0,1,7:00,685
702581780X,U,OB,1,1,975,129640,31,38:00.0,1,7:00,685
7025817819,U,OB,1,1,111,129640,31,34:00.0,1,8:00,685
7025817828,U,OB,1,1,950,129640,31,29:00.0,1,8:00,685
7025817837,U,OB,1,1,1395,129640,31,15:00.0,1,8:00,685
7025817846,U,OB,1,1,1225,129640,31,10:00.0,1,9:00,685
7025817855,U,OB,1,2,1105,129640,31,14:00.0,1,9:00,685
7025817864,U,OB,1,1,360,129640,31,34:00.0,1,7:00,685
7025817873,U,OB,1,1,111,129640,31,42:00.0,1,7:00,685
7025817882,U,OB,1,2,1900,129640,31,52:00.0,1,7:00,685
7025817891,U,OB,1,1,185,129640,31,29:00.0,1,7:00,685
7025817900,U,OB,1,1,1465,136766,43,46:00.0,3,16:00,685
702581791X,U,OB,1,1,715,136766,43,59:00.0,3,16:00,685
7025817929,U,OB,1,2,2250,136766,43,43:00.0,3,16:00,685
7025817938,U,OB,1,1,245,136766,43,50:00.0,3,17:00,685
7025817947,U,OB,1,1,845,136766,43,43:00.0,3,17:00,685
7025817956,U,OB,1,1,540,136766,43,53:00.0,3,17:00,685
7025817965,U,OB,1,1,440,136766,43,13:00.0,3,18:00,685
7025817974,U,OB,1,3,4560,136766,43,09:00.0,3,18:00,685
7025817983,U,OB,1,1,375,136766,43,11:00.0,3,18:00,685
7025817992,U,OB,1,1,1245,136766,43,56:00.0,3,17:00,685
7025818001,U,OB,1,1,1950,136766,43,39:00.0,3,17:00,685
7025818010,U,OB,1,1,260,136766,43,38:00.0,3,16:00,685
702581802X,U,OB,1,1,1000,136766,43,02:00.0,3,18:00,685
7025818039,U,OB,1,1,1312,136766,43,47:00.0,3,17:00,685
7025818048,U,OB,1,1,860,125194,40,40:00.0,5,4:00,685
7025818057,U,OB,1,1,845,125194,40,24:00.0,5,6:00,685
7025818066,U,OB,1,1,380,125194,40,52:00.0,5,3:00,685
7025818075,U,OB,1,1,700,125194,40,42:00.0,5,4:00,685
7025818084,U,OB,1,1,1045,125194,40,06:00.0,5,4:00,685
7025818093,U,OB,1,1,1245,125194,40,20:00.0,5,6:00,685
7025818102,U,OB,1,1,1715,125194,40,47:00.0,5,4:00,685
7025818102,U,OB,1,1,1715,125194,35,49:00.0,5,4:00,685
7025818111,U,OB,1,1,1550,125194,40,38:00.0,5,4:00,685
7025818120,U,OB,1,2,3455,125194,40,49:00.0,5,4:00,685
7025818149,U,OB,1,1,1107,125194,33,16:00.0,5,3:00,685
7025818149,U,OB,1,1,1107,125194,35,43:00.0,5,2:00,685
7025818149,U,OB,1,1,1107,125194,40,36:00.0,5,2:00,685
7025818149,U,OB,1,1,1107,125194,35,25:00.0,5,3:00,685
7025818158,U,OB,1,1,1040,125194,40,41:00.0,5,3:00,685
7025818167,U,OB,1,1,895,125194,40,02:00.0,5,4:00,685
7025818176,U,OB,1,1,555,125194,40,58:00.0,5,3:00,685
7025818185,U,OB,1,1,1445,125194,40,00:00.0,5,3:00,685
7025818185,U,CTY,1,1,1445,125194,M12 ,19:00.0,5,6:00,685
7025818194,U,OB,1,3,1980,125194,40,56:00.0,5,4:00,685
7025818203,U,OB,1,1,345,125194,40,50:00.0,5,3:00,685
7025818212,U,OB,1,1,855,125194,40,55:00.0,5,3:00,685
7025818221,U,OB,1,2,1975,125194,40,36:00.0,5,4:00,685
7025818230,U,OB,1,1,905,130984,39,44:00.0,5,14:00,685
702581824X,U,OB,1,1,1205,130984,39,48:00.0,5,14:00,685
7025818259,U,OB,1,1,1800,130984,39,51:00.0,5,12:00,685
7025818268,U,OB,1,1,710,130984,39,14:00.0,5,13:00,685
7025818277,U,OB,1,1,168,130984,39,49:00.0,5,12:00,685
7025818286,U,OB,1,1,705,130984,39,17:00.0,5,13:00,685
7025818295,U,OB,1,1,370,130984,39,48:00.0,5,12:00,685
7025818304,U,OB,1,1,460,130984,39,00:00.0,5,13:00,685
7025818313,U,OB,1,1,1353,130984,39,11:00.0,5,13:00,685
7025818331,U,OB,1,1,415,130984,39,06:00.0,5,13:00,685
7025818340,U,OB,1,1,910,130984,39,15:00.0,5,13:00,685
702581835X,U,OB,1,1,630,130984,39,09:00.0,5,13:00,685
7025818369,U,OB,1,1,820,130984,39,46:00.0,5,12:00,685
7025818378,U,OB,1,1,700,130984,39,07:00.0,5,13:00,685
7025818396,U,OB,1,3,2490,135237,63,30:00.0,7,3:00,685
7025818405,U,OB,1,1,164,135237,63,22:00.0,7,1:00,685
7025818414,U,OB,1,1,830,135237,63,27:00.0,7,1:00,685
7025818423,U,OB,1,1,1315,135237,63,19:00.0,7,1:00,685
7025818432,U,OB,1,2,2570,135237,63,57:00.0,7,2:00,685
7025818441,U,OB,1,1,610,132249,39,55:00.0,7,19:00,685
7025818450,U,OB,1,1,77,132249,39,18:00.0,7,17:00,685
702581846X,U,OB,1,2,2385,132249,39,02:00.0,7,20:00,685
7025818479,U,OB,1,1,1715,132249,39,48:00.0,7,18:00,685
7025818488,U,OB,1,2,1385,132249,39,18:00.0,7,18:00,685
7025818497,U,OB,1,1,735,132249,39,53:00.0,7,18:00,685
7025818506,U,OB,1,3,2105,132249,39,25:00.0,7,18:00,685
7025818515,U,OB,1,1,545,132249,39,55:00.0,7,18:00,685
7025818524,U,OB,1,1,1300,132249,39,58:00.0,7,19:00,685
7025818533,U,OB,1,1,830,132249,39,23:00.0,7,17:00,685
7025818542,U,OB,1,2,1515,277970,39,19:00.0,4,0:00,685
7025818551,U,OB,1,1,685,277970,39,09:00.0,3,21:00,685
7025818560,U,OB,1,1,625,277970,39,00:00.0,3,21:00,685
702581857X,U,OB,1,1,369,277970,39,15:00.0,3,23:00,685
7025818598,U,OB,1,1,1635,277970,39,09:00.0,4,0:00,685
7025818616,U,OB,1,1,780,277970,39,23:00.0,3,21:00,685
7025818643,U,OB,1,5,3580,277970,39,42:00.0,3,22:00,685
7025818652,U,OB,1,1,1260,277970,39,33:00.0,3,22:00,685
7025818661,U,OB,1,1,670,277970,39,46:00.0,3,21:00,685
7025818670,U,OB,1,1,610,277970,39,32:00.0,3,22:00,685
702581868X,U,OB,1,1,770,277970,39,44:00.0,3,21:00,685
7025818699,U,OB,1,1,410,277970,39,11:00.0,3,21:00,685
7025818708,U,OB,1,1,650,277970,39,03:00.0,3,21:00,685
7025818717,U,OB,1,1,510,277970,39,17:00.0,3,21:00,685
7025818726,U,OB,1,1,360,277970,39,30:00.0,3,22:00,685
7025818735,U,OB,1,1,1115,277970,39,01:00.0,3,21:00,685
7025818762,U,OB,1,1,585,130524,43,55:00.0,4,19:00,685
7025818771,U,OB,1,1,246,130524,43,48:00.0,4,19:00,685
7025818780,U,OB,1,1,1080,130524,43,51:00.0,4,19:00,685
702581879X,U,OB,1,1,1665,130524,43,45:00.0,4,19:00,685
7025818809,U,OB,1,1,470,130524,43,39:00.0,4,19:00,685
7025818818,U,OB,1,1,585,130524,43,24:00.0,4,20:00,685
7025818827,U,OB,1,1,215,130524,43,15:00.0,4,20:00,685
7025818836,U,OB,1,1,185,130524,43,12:00.0,4,20:00,685
7025818845,U,OB,1,1,215,130524,43,35:00.0,4,19:00,685
7025818854,U,OB,1,1,260,130524,43,14:00.0,4,19:00,685
7025818863,U,OB,1,1,770,130524,43,54:00.0,4,18:00,685
7025818872,U,OB,1,1,625,130524,43,21:00.0,4,20:00,685
7025818881,U,OB,1,1,1065,130524,43,03:00.0,4,19:00,685
7025818890,U,OB,1,1,1722,130524,43,27:00.0,4,20:00,685
702581890X,U,OB,1,1,100,130524,43,31:00.0,4,19:00,685
7025818919,U,OB,1,1,1215,122986,43,37:00.0,5,13:00,685
7025818928,U,OB,1,1,2005,122986,43,47:00.0,5,12:00,685
7025818937,U,OB,1,1,415,122986,43,34:00.0,5,13:00,685
7025818946,U,OB,1,1,1100,122986,43,15:00.0,5,13:00,685
7025818955,U,OB,1,1,1455,122986,43,30:00.0,5,13:00,685
7025818964,U,OB,1,1,1106,122986,43,22:00.0,5,13:00,685
7025818973,U,OB,1,1,1070,122986,43,56:00.0,5,13:00,685
7025818982,U,OB,1,1,1230,122986,43,07:00.0,5,13:00,685
7025818991,U,OB,1,1,1005,122986,43,44:00.0,5,12:00,685
7025819000,U,OB,1,1,630,122986,43,19:00.0,5,13:00,685
702581901X,U,OB,1,1,1050,122986,43,41:00.0,5,13:00,685
7025819038,U,OB,1,1,630,122986,43,52:00.0,5,12:00,685
7025819047,U,OB,1,2,2530,122986,43,56:00.0,5,12:00,685
7025819056,U,OB,1,1,1230,122986,43,49:00.0,5,13:00,685
7025819065,U,OB,1,1,1315,122929,26,25:00.0,6,15:00,685
7025819074,U,OB,1,1,910,122929,26,19:00.0,6,15:00,685
7025819083,U,OB,1,1,910,122929,26,59:00.0,6,14:00,685
7025819092,U,OB,1,2,1265,122929,26,36:00.0,6,14:00,685
7025819101,U,OB,1,1,725,122929,26,47:00.0,6,13:00,685
7025819110,U,OB,1,1,1260,122929,26,50:00.0,6,13:00,685
702581912X,U,OB,1,2,3025,122929,26,54:00.0,6,14:00,685
7025819139,U,OB,1,1,407,122929,26,49:00.0,6,13:00,685
7025819148,U,OB,1,1,1200,122929,26,51:00.0,6,15:00,685
7025819157,U,OB,1,1,380,290337,39,04:00.0,7,15:00,685
7025819166,U,OB,1,1,296,290337,39,01:00.0,7,15:00,685
7025819175,U,OB,1,1,255,290337,39,47:00.0,7,13:00,685
7025819184,U,OB,1,2,1085,290337,39,06:00.0,7,15:00,685
7025819193,U,OB,1,1,715,290337,39,18:00.0,7,14:00,685
7025819202,U,OB,1,1,635,290337,39,56:00.0,7,12:00,685
7025819211,U,OB,1,1,265,290337,39,02:00.0,7,15:00,685
7025819220,U,OB,1,1,295,290337,39,52:00.0,7,13:00,685
702581923X,U,OB,1,1,1040,202223,38,01:00.0,4,2:00,685
7025819249,U,OB,1,1,970,202223,38,07:00.0,4,2:00,685
7025819258,U,OB,1,1,550,202223,38,29:00.0,4,0:00,685
7025819267,U,OB,1,1,771,202223,38,21:00.0,4,0:00,685
7025819276,U,OB,1,1,860,202223,38,56:00.0,4,1:00,685
7025819285,U,OB,1,1,259,202223,38,18:00.0,4,0:00,685
7025819294,U,OB,1,1,871,202223,38,02:00.0,4,2:00,685
7025819303,U,OB,1,1,805,202223,38,31:00.0,4,0:00,685
7025819312,U,OB,1,1,1250,202223,38,45:00.0,4,1:00,685
7025819321,U,OB,1,2,1705,202223,38,59:00.0,4,1:00,685
7025819330,U,OB,1,1,820,202223,38,02:00.0,4,0:00,685
702581934X,U,OB,1,1,880,202223,38,15:00.0,4,0:00,685
7025819359,U,OB,1,1,144,202223,38,05:00.0,4,0:00,685
7025819368,U,OB,1,1,695,202223,38,43:00.0,4,1:00,685
7025819377,U,OB,1,1,680,125810,69,41:00.0,5,2:00,685
7025819386,U,OB,1,1,1312,125810,69,03:00.0,5,2:00,685
7025819395,U,OB,1,1,685,125810,69,45:00.0,5,2:00,685
7025819404,U,OB,1,1,1335,125810,69,13:00.0,5,2:00,685
7025819413,U,OB,1,1,1315,125810,69,59:00.0,5,1:00,685
7025819422,U,OB,1,1,875,125810,69,26:00.0,5,2:00,685
7025819431,U,OB,1,1,93,125810,69,41:00.0,5,1:00,685
7025819440,U,OB,1,1,220,125810,69,06:00.0,5,2:00,685
702581945X,U,OB,1,1,1145,128081,31,57:00.0,6,8:00,685
7025819469,U,OB,1,1,1025,125810,69,38:00.0,5,2:00,685
7025819478,U,OB,1,1,550,125810,69,22:00.0,5,2:00,685
7025819487,U,OB,1,2,1660,125810,69,16:00.0,5,2:00,685
7025819496,U,OB,1,1,1107,125810,69,50:00.0,5,1:00,685
7025819505,U,OB,1,1,625,125810,69,32:00.0,5,2:00,685
7025819514,U,OB,1,1,645,125810,69,52:00.0,5,2:00,685
7025819541,U,OB,1,3,2045,134240,51,33:00.0,1,20:00,685
7025819550,U,OB,1,2,3040,134240,51,39:00.0,1,19:00,685
702581956X,U,OB,1,9,17865,128081,31,30:00.0,6,8:00,685
7025819579,U,OB,1,1,1875,123195,31,57:00.0,1,4:00,685
7025819588,U,OB,1,1,185,128081,31,33:00.0,6,8:00,685
7025819597,U,OB,1,1,246,123195,31,35:00.0,1,3:00,685
7025819606,U,OB,1,1,574,128081,31,36:00.0,6,8:00,685
7025819615,U,OB,1,1,865,128081,31,41:00.0,6,8:00,685
7025819624,U,OB,1,1,975,124054,31,08:00.0,6,17:00,685
7025819633,U,OB,1,1,1170,124054,31,41:00.0,6,16:00,685
7025819642,U,OB,1,1,750,123195,31,59:00.0,1,3:00,685
7025819651,U,OB,1,1,345,124054,31,37:00.0,6,16:00,685
7025819660,U,OB,1,1,510,124054,31,11:00.0,6,16:00,685
702581967X,U,OB,1,1,765,124054,31,01:00.0,6,17:00,685
7025819689,U,OB,1,1,295,124054,31,24:00.0,6,16:00,685
7025819698,U,OB,1,1,750,124054,31,53:00.0,6,15:00,685
7025819707,U,OB,1,1,1230,123255,51,00:00.0,6,19:00,685
7025819716,U,OB,1,2,1240,124054,31,59:00.0,6,16:00,685
7025819725,U,OB,1,1,1065,123195,31,18:00.0,1,4:00,685
7025819734,U,OB,1,5,5895,124054,31,06:00.0,6,16:00,685
7025819743,U,OB,1,1,1260,123195,31,19:00.0,1,4:00,685
7025819752,U,OB,1,1,615,123195,31,58:00.0,1,4:00,685
7025819761,U,OB,1,1,137,124054,31,58:00.0,6,15:00,685
702581978X,U,OB,1,1,1240,123255,51,10:00.0,6,19:00,685
7025819799,U,OB,1,1,1300,123195,31,37:00.0,1,5:00,685
7025819808,U,OB,1,1,1220,123195,31,57:00.0,1,5:00,685
7025819826,U,OB,1,1,1120,123195,31,26:00.0,1,4:00,685
7025819835,U,OB,1,5,7770,123195,31,43:00.0,1,3:00,685
7025819844,U,OB,1,2,1500,123195,31,33:00.0,1,5:00,685
7025819853,U,OB,1,1,340,136999,39,59:00.0,4,8:00,685
7025819862,U,OB,1,1,1066,136999,39,50:00.0,4,7:00,685
7025819880,U,OB,1,1,560,123195,31,46:00.0,1,5:00,685
702581989X,U,OB,1,1,1230,136999,39,14:00.0,4,8:00,685
7025819909,U,OB,1,2,1855,123195,31,46:00.0,1,3:00,685
7025819918,U,OB,1,1,296,136999,39,34:00.0,4,8:00,685
7025819927,U,OB,1,1,777,123195,31,43:00.0,1,4:00,685
7025819936,U,OB,1,1,320,123195,31,35:00.0,1,5:00,685
7025819945,U,OB,1,9,8250,136081,49,21:00.0,1,9:00,685
7025819954,U,OB,1,1,1500,134240,51,41:00.0,1,20:00,685
7025819963,U,OB,1,2,2070,123195,31,55:00.0,1,3:00,685
7025819972,U,OB,1,1,670,136999,39,11:00.0,4,11:00,685
7025819981,U,OB,1,1,629,136999,39,58:00.0,4,7:00,685
7025819990,U,OB,1,1,503,136999,39,08:00.0,4,9:00,685
7025820019,U,OB,1,1,1039,136999,39,48:00.0,4,8:00,685
7025820028,U,OB,1,1,518,136999,39,32:00.0,4,8:00,685
7025820037,U,OB,1,1,670,136999,39,40:00.0,4,8:00,685
7025820046,U,OB,1,1,574,136999,39,54:00.0,4,8:00,685
7025820055,U,OB,1,1,503,136999,39,07:00.0,4,11:00,685
7025820064,U,OB,1,1,1005,136999,39,09:00.0,4,11:00,685
7025820073,U,OB,1,1,1206,136999,39,44:00.0,4,8:00,685
7025820082,U,OB,1,1,880,136999,39,28:00.0,4,8:00,685
7025820100,U,OB,1,1,1110,123049,51,12:00.0,4,18:00,685
702582011X,U,OB,1,2,1776,136999,39,54:00.0,4,10:00,685
7025820138,U,OB,1,2,2485,123049,51,24:00.0,4,17:00,685
7025820147,U,OB,1,3,3525,123049,51,14:00.0,4,17:00,685
7025820156,U,OB,1,1,245,123049,51,11:00.0,4,18:00,685
7025820165,U,OB,1,1,1765,123049,51,44:00.0,4,18:00,685
7025820174,U,OB,1,1,855,123049,51,06:00.0,4,19:00,685
7025820183,U,OB,1,1,1325,123049,51,46:00.0,4,16:00,685
7025820192,U,OB,1,1,680,123049,51,52:00.0,4,18:00,685
7025820201,U,OB,1,1,1695,290622,43,41:00.0,5,16:00,685
7025820210,U,OB,1,1,259,123049,51,32:00.0,4,18:00,685
702582022X,U,OB,1,4,2655,123049,51,59:00.0,4,18:00,685
7025820239,U,OB,1,1,840,123049,51,09:00.0,4,19:00,685
7025820248,U,OB,1,1,164,124289,39,49:00.0,5,18:00,685
7025820257,U,OB,1,1,665,124289,39,12:00.0,5,19:00,685
7025820266,U,OB,1,1,1230,123049,51,00:00.0,4,17:00,685
7025820275,U,OB,1,2,2405,123049,45,27:00.0,4,18:00,685
7025820275,U,OB,1,2,2405,123049,51,21:00.0,4,17:00,685
7025820284,U,OB,1,1,1080,123049,51,56:00.0,4,18:00,685
7025820293,U,OB,1,1,1370,123049,51,50:00.0,4,18:00,685
7025820302,U,OB,1,1,2150,290622,43,42:00.0,5,18:00,685
7025820311,U,OB,1,1,656,123049,51,18:00.0,4,18:00,685
7025820320,U,OB,1,1,1430,123049,51,19:00.0,4,17:00,685
702582033X,U,OB,1,1,1025,123049,51,34:00.0,4,16:00,685
7025820349,U,OB,1,1,1555,290622,43,28:00.0,5,16:00,685
7025820376,U,OB,1,1,355,124289,39,16:00.0,5,19:00,685
7025820385,U,OB,1,1,296,124289,39,15:00.0,5,16:00,685
7025820394,U,OB,1,1,490,124289,39,51:00.0,5,18:00,685
7025820403,U,OB,1,1,335,124289,39,45:00.0,5,18:00,685
7025820412,U,OB,1,3,2005,124289,39,13:00.0,5,16:00,685
7025820421,U,OB,1,1,1045,124289,39,08:00.0,5,16:00,685
702582044X,U,OB,1,1,1735,124289,39,47:00.0,5,18:00,685
7025820531,U,OB,1,1,730,134171,52,01:00.0,7,3:00,685
7025820540,U,OB,1,1,570,134171,52,58:00.0,7,2:00,685
702582055X,U,OB,1,1,330,134171,52,18:00.0,7,4:00,685
7025820569,U,OB,1,1,246,126349,73,58:00.0,7,5:00,685
7025820587,U,OB,1,1,705,134171,52,31:00.0,7,3:00,685
7025820605,U,OB,1,2,1575,134171,52,31:00.0,7,4:00,685
7025820614,U,OB,1,1,1060,126349,73,52:00.0,7,4:00,685
7025820641,U,OB,1,2,1955,126349,73,25:00.0,7,6:00,685
7025820650,U,OB,1,1,720,126349,73,26:00.0,7,4:00,685
7025820688,U,OB,1,1,285,134171,52,10:00.0,7,4:00,685
7025945024,U,OB,1,12,7641,251501,90,21:00.0,1,10:00,508
7025978143,U,CTY,1,4,1870,128285,195,07:00.0,5,15:00,315
7026007266,U,CTY,1,8,1936,127296,175,17:00.0,4,13:00,315
7026014196,U,IB,1,4,4460,135624,141,50:00.0,4,9:00,315
7026025232,U,CTY,1,1,486,127920,195,09:00.0,3,1:00,315
7026025800,U,CTY,1,1,275,127920,195,55:00.0,3,0:00,315
7026069755,U,CTY,1,5,3720,202154,195,59:00.0,6,18:00,315
7026069764,U,CTY,1,5,3449,202525,172,11:00.0,3,14:00,315
7026069800,U,CTY,1,7,4437,135119,188,07:00.0,1,12:00,315
7026090682,U,IB,1,2,3320,139566,133,34:00.0,7,10:00,315
7026090691,U,IB,1,1,386,139566,133,54:00.0,7,10:00,315
7026090774,U,CTY,1,1,305,PASC533243,168,27:00.0,7,4:00,315
7026108502,U,OB,1,1,1160,132233,88,28:00.0,1,6:00,315
7026111739,U,CTY,1,1,907,128285,195,50:00.0,5,12:00,315
7026196549,U,CTY,1,1,310,129523,N   ,20:00.0,4,20:00,315
7026196549,U,CTY,1,1,310,129523,172,28:00.0,4,16:00,315
7026196576,U,CTY,1,1,206,136412,195,11:00.0,1,5:00,315
702619664X,U,CTY,1,1,1140,134948,175,47:00.0,3,1:00,315
7026196677,U,CTY,1,2,3340,134948,175,02:00.0,3,1:00,315
7026201553,U,CTY,1,1,143,127296,175,00:00.0,4,13:00,315
7026208676,U,CTY,1,2,100,127296,175,27:00.0,4,13:00,315
7026226624,U,IB,1,8,5015,129523,159,49:00.0,4,17:00,315
7026226624,U,CTY,1,8,5015,129523,172,48:00.0,4,17:00,315
7026316595,U,CTY,1,3,1438,126466,194,53:00.0,5,17:00,658
7026489890,U,CTY,1,3,3085,530434,173,26:00.0,2,18:00,819
7026495767,U,CTY,1,1,170,136233,169,54:00.0,3,20:00,819
7026523698,U,IB,1,1,716,125347,133,39:00.0,3,4:00,819
7026523698,U,IB,1,1,716,125347,167,42:00.0,3,16:00,819
7026574123,U,IB,1,1,408,530367,125,48:00.0,5,8:00,819
7026623798,U,IB,1,6,6987,123898,152,11:00.0,4,20:00,819
7026655321,U,CTY,1,1,105,127770,197,35:00.0,3,18:00,819
7026789952,U,CTY,1,1,583,CVEN44868,187,26:00.0,7,18:00,135
7026808634,U,IB,1,1,290,130917,143,27:00.0,1,7:00,479
702685400X,U,CTY,1,2,1135,252131,189,31:00.0,3,12:00,479
702686016X,U,CTY,1,1,448,138882,187,47:00.0,7,6:00,479
7026861021,U,IB,1,1,275,132158,141,24:00.0,3,22:00,479
702686797X,U,CTY,1,6,3005,126091,170,28:00.0,1,10:00,479
702686797X,U,CTY,1,6,3005,126091,170,28:00.0,1,10:00,479
7026881427,U,CTY,1,1,318,T730211715,169,33:00.0,1,22:00,479
7026881445,U,CTY,1,2,324,129893,174,07:00.0,5,19:00,479
7027095285,U,OB,1,4,1520,R621801606,40,11:00.0,5,13:00,726
7027099730,U,IB,1,1,450,126710,163,38:00.0,7,20:00,726
7027124022,U,CTY,1,10,3702,134392,197,01:00.0,3,15:00,726
7027124069,U,OB,1,4,1311,134048,67,25:00.0,4,3:00,726
7027124078,U,OB,1,8,2986,137647,55,06:00.0,6,8:00,726
702712416X,U,CTY,1,10,3955,137313,188,27:00.0,6,19:00,726
7027124215,U,OB,1,9,4072,129894,31,07:00.0,3,7:00,726
7027124215,U,CTY,1,9,4072,129894,B   ,42:00.0,3,21:00,726
7027124298,U,CTY,1,4,1148,126914,176,21:00.0,1,13:00,726
7027124307,U,CTY,1,7,3315,126914,176,16:00.0,1,13:00,726
7027124316,U,CTY,1,5,1605,138087,175,54:00.0,3,5:00,726
7027124316,U,CTY,1,5,1605,138087,193,17:00.0,4,4:00,726
7027124352,U,OB,1,5,1589,134132,76,52:00.0,5,14:00,726
7027124370,U,CTY,1,5,2105,137041,169,56:00.0,7,4:00,726
702712438X,U,CTY,1,5,2580,137041,169,55:00.0,7,4:00,726
7027150330,U,OB,1,3,1915,135088,13,21:00.0,1,9:00,726
702715518X,U,OB,1,1,365,126947,53,06:00.0,5,11:00,726
7027155666,U,OB,1,1,673,132412,26,04:00.0,4,16:00,726
7027329576,U,OB,1,2,1530,138421,63,47:00.0,7,11:00,490
7027329621,U,OB,1,9,8645,140184,38,43:00.0,5,20:00,490
7027329686,U,OB,1,1,535,125430,32,39:00.0,4,6:00,490
7027369405,U,CTY,1,1,536,126914,176,24:00.0,1,12:00,490
7027390130,U,CTY,1,1,276,134389,187,42:00.0,5,12:00,490
7027412332,U,OB,1,1,84,138182,53,09:00.0,5,21:00,490
7027418539,U,OB,1,6,385,125430,32,51:00.0,4,4:00,490
7027438357,U,IB,1,1,120,121519,141,11:00.0,6,0:00,490
7027438393,U,OB,1,4,2000,133016,39,10:00.0,3,4:00,490
7027440016,U,CTY,1,1,1500,126914,176,15:00.0,1,11:00,490
7027440016,U,OB,1,1,1500,126914,37,18:00.0,1,11:00,490
7027447945,U,OB,1,2,140,41204,66,02:00.0,3,12:00,490
702744811X,U,OB,1,1,89,134124,39,28:00.0,4,8:00,490
7027448266,U,OB,1,1,828,127068,9,33:00.0,7,21:00,490
7027448266,U,CTY,1,1,828,127068,173,56:00.0,7,10:00,490
7027448284,U,CTY,1,2,1643,127068,173,50:00.0,7,10:00,490
7027448376,U,OB,1,1,89,134984,26,33:00.0,5,13:00,490
7027448385,U,OB,1,1,89,134984,26,32:00.0,5,13:00,490
7027448477,U,OB,1,1,187,134984,26,20:00.0,5,13:00,490
7027448486,U,OB,1,2,714,261235,74,27:00.0,6,3:00,490
7027448569,U,OB,1,1,110,128131,51,54:00.0,2,10:00,490
7027448578,U,OB,1,1,46,128131,51,03:00.0,2,11:00,490
7027448596,U,OB,1,1,201,140179,49,40:00.0,4,11:00,490
7027449036,U,OB,1,2,178,127322,66,48:00.0,6,13:00,490
7027449063,U,OB,1,2,1702,125176,31,07:00.0,7,1:00,490
7027449292,U,OB,1,6,1030,119186,55,57:00.0,7,3:00,490
702744943X,U,OB,1,1,1075,139562,55,56:00.0,6,9:00,490
7027449485,U,OB,1,3,1889,121942,50,53:00.0,6,21:00,490
7027449521,U,OB,1,1,1150,124616,49,00:00.0,5,21:00,490
702744954X,U,OB,1,1,1181,124616,49,40:00.0,5,21:00,490
7027449577,U,OB,1,1,661,121942,50,00:00.0,6,22:00,490
7027449586,U,OB,1,1,1008,124616,49,33:00.0,5,21:00,490
7027456516,U,OB,1,1,715,117643,23,37:00.0,4,15:00,490
7027456516,U,OB,1,1,715,117643,23,37:00.0,4,15:00,490
7027456570,U,CTY,1,1,245,131891,189,53:00.0,4,0:00,490
7027459980,U,CTY,1,2,1166,126914,176,15:00.0,1,12:00,490
7027460009,U,OB,1,142,3145,135088,13,36:00.0,1,9:00,490
7027460072,U,OB,1,214,3144,136484,17,51:00.0,4,12:00,490
7027488663,U,IB,1,1,736,135278,163,28:00.0,1,8:00,347
7027575453,U,CTY,1,2,650,140040,237,31:00.0,3,0:00,347
7027575453,U,CTY,1,2,650,140040,236,04:00.0,3,1:00,347
7027632222,U,OB,1,1,325,559046,55,42:00.0,4,23:00,422
7027632231,U,OB,1,1,155,559046,55,49:00.0,4,22:00,422
7027654828,U,OB,1,1,715,560856,72,40:00.0,3,20:00,422
7027654837,U,IB,1,1,547,430890,117,49:00.0,6,20:00,422
7027654846,U,IB,1,1,179,430890,117,07:00.0,6,21:00,422
7027654855,U,IB,1,1,95,430890,117,23:00.0,6,21:00,422
7027654864,U,IB,1,1,350,430890,117,41:00.0,6,20:00,422
7027654900,U,OB,1,1,255,841940,49,00:00.0,6,20:00,422
702765491X,U,OB,1,2,1345,841940,49,02:00.0,6,20:00,422
7027654929,U,OB,1,1,717,841940,49,58:00.0,6,19:00,422
7027654938,U,OB,1,4,1575,311349,56,06:00.0,2,22:00,422
7027654938,U,OB,1,4,1575,311349,38,59:00.0,2,21:00,422
7027892390,U,CTY,1,5,3555,558695,169,22:00.0,7,9:00,347
7027982857,U,IB,1,1,200,134236,145,45:00.0,7,14:00,347
7028088603,U,IB,1,2,683,137416,153,36:00.0,5,12:00,347
7028088603,U,CTY,1,2,683,137416,187,12:00.0,5,9:00,347
7028088668,U,CTY,1,2,598,137858,169,12:00.0,5,8:00,347
7028088722,U,CTY,1,3,1559,129893,174,23:00.0,5,20:00,347
7028188869,U,CTY,1,1,696,261217,174,26:00.0,5,13:00,303
7028329640,U,IB,1,1,490,121487,164,59:00.0,7,18:00,303
7028380617,U,IB,1,1,152,139791,158,44:00.0,4,20:00,303
7028644644,U,IB,1,9,3500,134583,143,32:00.0,1,18:00,108
7028663317,U,OB,1,1,1005,133263,96,39:00.0,3,5:00,108
7028663326,U,IB,1,1,1945,134583,108,32:00.0,2,21:00,108
7028663326,U,IB,1,1,1945,134583,143,38:00.0,1,15:00,108
7028663344,U,IB,1,2,260,134583,143,23:00.0,1,15:00,108
7028726127,U,IB,1,1,504,129473,114,46:00.0,5,5:00,108
7028726172,U,OB,1,4,2862,127260,90,16:00.0,7,8:00,108
7028895747,U,OB,1,1,1055,133598,89,51:00.0,1,15:00,857
7028895747,U,CTY,1,1,1055,133598,173,16:00.0,1,8:00,857
7028897608,U,CTY,1,1,40,135016,196,26:00.0,2,22:00,857
7028900201,U,CTY,1,1,1420,133819,195,32:00.0,6,20:00,857
7028920423,U,CTY,1,1,859,121486,192,58:00.0,5,3:00,857
7028932743,U,CTY,1,1,365,133671,175,06:00.0,6,0:00,857
7029043358,U,CTY,1,1,800,126655,194,45:00.0,5,15:00,967
7029044054,U,IB,1,1,740,131177,117,56:00.0,2,10:00,967
7029045439,U,CTY,1,1,325,131208,235,21:00.0,5,22:00,967
7029045439,U,CTY,1,1,325,131208,231,56:00.0,4,18:00,967
7029045520,U,CTY,1,1,189,130908,197,45:00.0,7,13:00,967
7029048427,U,CTY,1,2,1260,131973,195,36:00.0,4,6:00,967
7029048519,U,CTY,1,1,176,132904,175,31:00.0,7,11:00,967
7029052340,U,IB,1,1,406,131974,158,41:00.0,5,5:00,967
7029053651,U,CTY,1,1,350,127583,189,39:00.0,3,18:00,967
7029053689,U,IB,1,3,1730,130448,151,46:00.0,2,12:00,967
7029053689,U,IB,1,3,1730,130448,156,51:00.0,2,12:00,967
7029084489,U,IB,1,1,140,130862,158,20:00.0,3,11:00,967
7029105241,U,IB,1,1,511,261214,125,22:00.0,6,6:00,647
7029587097,U,OB,1,1,1250,133533,43,57:00.0,5,3:00,682
7029596290,U,IB,1,1,6700,127190,112,17:00.0,5,5:00,682
7029644169,U,IB,1,1,705,134410,123,50:00.0,3,14:00,682
7029754654,U,IB,1,1,197,127190,112,07:00.0,5,4:00,682
702975602X,U,OB,1,1,107,136775,66,01:00.0,6,11:00,682
7029874563,U,OB,1,1,530,131189,52,55:00.0,6,6:00,650
706107790X,U,OB,1,1,535,125712,46,42:00.0,3,8:00,411
7061077928,U,OB,1,1,2069,134612,49,08:00.0,3,16:00,411
7061095216,U,OB,1,1,1455,R621615905,69,26:00.0,5,21:00,411
7061116785,U,OB,1,1,405,290300,43,26:00.0,4,5:00,411
7061157137,U,OB,1,1,768,139697,49,13:00.0,3,21:00,411
7061157164,U,OB,1,1,1012,131696,55,00:00.0,4,14:00,411
7061157182,U,OB,1,1,309,139697,32,31:00.0,4,14:00,411
7061157191,U,OB,1,1,252,129503,51,54:00.0,7,15:00,411
7061206251,U,OB,1,2,150,128551,43,40:00.0,2,18:00,411
7061219213,U,OB,1,1,364,129863,43,56:00.0,7,8:00,411
706121925X,U,OB,1,1,134,129863,43,50:00.0,7,9:00,411
7061224960,U,OB,1,3,1880,291008,88,48:00.0,7,18:00,411
7061670754,U,IB,1,3,772,127444,164,52:00.0,4,21:00,431
7061671387,U,CTY,1,2,440,HAEI24595,173,00:00.0,7,19:00,431
7061672038,U,CTY,1,1,180,211617,169,18:00.0,5,22:00,431
7061672303,U,IB,1,1,370,134847,145,55:00.0,3,4:00,431
7061859963,U,CTY,1,1,330,138087,175,21:00.0,3,3:00,402
7061876930,U,OB,1,1,75,261094,60,59:00.0,6,15:00,402
7062089093,U,IB,1,1,262,126723,103,24:00.0,2,12:00,642
706220100X,U,CTY,1,1,116,CVEN45352,236,50:00.0,2,9:00,132
706220100X,U,OB,1,1,116,CVEN45352,89,27:00.0,5,3:00,132
706220100X,U,CTY,1,1,116,CVEN45352,231,22:00.0,5,21:00,132
7062395279,U,OB,1,1,978,126714,39,56:00.0,3,14:00,684
7062395279,U,OB,1,1,978,126714,37,58:00.0,3,14:00,684
7062395342,U,OB,1,3,4630,138421,63,57:00.0,7,12:00,684
7062395351,U,OB,1,3,4585,136884,52,57:00.0,5,19:00,684
7062395452,U,IB,1,2,2165,131733,141,17:00.0,6,15:00,684
7062395461,U,OB,1,3,4660,137332,26,17:00.0,6,20:00,684
7062427040,U,OB,1,2,6512,134048,67,07:00.0,4,3:00,684
7062441075,U,OB,1,1,578,128105,76,38:00.0,1,0:00,684
706244223X,U,OB,1,1,357,137041,26,10:00.0,5,18:00,684
7062442258,U,OB,1,1,206,132377,52,35:00.0,6,2:00,684
706244245X,U,OB,1,5,3681,137041,26,52:00.0,5,17:00,684
7062445778,U,OB,1,1,260,211022,58,38:00.0,6,12:00,684
7062445805,U,IB,1,1,485,140003,135,51:00.0,7,12:00,684
7062465394,U,OB,1,2,195,41204,66,54:00.0,3,10:00,684
7062465412,U,CTY,1,2,560,123824,169,44:00.0,4,2:00,684
7062466137,U,OB,1,1,1255,202022,58,48:00.0,1,18:00,684
7062466402,U,OB,1,1,1085,R621801606,40,44:00.0,5,10:00,684
7062466411,U,OB,1,1,1255,R621801606,40,44:00.0,5,10:00,684
7062469363,U,OB,1,4,2515,136318,69,10:00.0,3,18:00,684
7062469428,U,OB,1,5,3245,261168,39,40:00.0,6,0:00,684
7062470207,U,OB,1,1,1076,132299,18,20:00.0,7,14:00,684
7062475166,U,OB,1,1,2900,134984,26,08:00.0,5,13:00,684
7062478594,U,IB,1,3,2050,261214,125,57:00.0,6,0:00,684
7062478621,U,CTY,1,3,2070,136717,188,05:00.0,5,16:00,684
7062563083,U,IB,1,1,1641,137023,127,03:00.0,6,8:00,534
7062563148,U,CTY,1,1,125,133072,169,45:00.0,7,11:00,534
7062564569,U,IB,1,1,26,135735,131,29:00.0,7,21:00,534
7062601904,U,CTY,1,6,3316,131137,173,24:00.0,5,10:00,614
7062601922,U,IB,1,1,429,131829,143,37:00.0,3,12:00,614
7062601922,U,CTY,1,1,429,131829,182,38:00.0,3,12:00,614
7062606304,U,OB,1,7,3899,131027,90,26:00.0,2,1:00,614
7062606331,U,IB,1,6,3479,138875,105,21:00.0,1,7:00,614
7062608174,U,IB,1,1,820,132855,113,43:00.0,7,11:00,614
7062608248,U,IB,1,3,5535,261091,151,43:00.0,6,0:00,614
7062629707,U,IB,1,2,1040,130933,131,58:00.0,3,1:00,614
7062629716,U,IB,1,1,545,128821,117,53:00.0,1,17:00,614
7062629725,U,IB,1,1,650,128821,117,31:00.0,1,17:00,614
7062630477,U,CTY,1,1,440,139808,O   ,00:00.0,5,17:00,614
7062630477,U,IB,1,1,440,139808,151,55:00.0,5,12:00,614
7062635088,U,IB,1,2,900,128821,117,25:00.0,1,17:00,614
7062635124,U,IB,1,1,228,131829,143,25:00.0,3,12:00,614
7062635151,U,IB,1,1,468,131829,143,30:00.0,3,12:00,614
7062638278,U,IB,1,1,523,134519,163,01:00.0,2,19:00,614
706263891X,U,IB,1,1,557,129515,129,27:00.0,1,17:00,614
7062638965,U,IB,1,1,1363,132855,113,29:00.0,7,10:00,614
7062638974,U,IB,1,3,6959,128821,117,24:00.0,1,17:00,614
7062698237,U,CTY,1,15,2925,128712,194,49:00.0,6,9:00,521
7062698347,U,CTY,1,5,1399,128712,194,42:00.0,6,15:00,521
7062763238,U,OB,1,1,246,140154,39,09:00.0,6,11:00,521
7062763247,U,OB,1,1,1005,45505,42,40:00.0,6,22:00,521
7062763247,U,OB,1,1,1005,45505,55,25:00.0,6,22:00,521
7062838716,U,IB,1,1,480,132582,123,13:00.0,1,5:00,521
7062838725,U,OB,1,1,465,133078,88,19:00.0,4,7:00,521
7062838734,U,IB,1,1,553,130967,133,03:00.0,5,7:00,521
7062838743,U,OB,1,1,1011,135215,67,49:00.0,6,17:00,521
7062838752,U,OB,1,1,685,128416,40,53:00.0,7,15:00,521
7062871752,U,CTY,1,1,397,127854,231,31:00.0,3,2:00,256
7062877041,U,IB,1,2,5000,125220,164,57:00.0,6,5:00,256
706293503X,U,CTY,1,1,221,135540,174,49:00.0,1,9:00,879
7062935067,U,CTY,1,4,2129,135540,174,10:00.0,1,9:00,879
7062935130,U,CTY,1,10,5291,139489,188,22:00.0,5,8:00,879
7062935213,U,CTY,1,4,2085,138306,169,48:00.0,4,6:00,879
706293525X,U,CTY,1,3,1650,138306,169,19:00.0,4,6:00,879
7062935314,U,CTY,1,4,2560,138306,169,52:00.0,4,5:00,879
7062963061,U,CTY,1,2,1760,41166,175,30:00.0,5,10:00,879
7063031133,U,CTY,1,3,1720,261251,192,10:00.0,6,22:00,261
706307594X,U,CTY,1,1,265,136624,168,20:00.0,4,6:00,261
7063084171,U,IB,1,1,250,133535,129,39:00.0,6,2:00,261
7063084227,U,IB,1,1,1621,133535,129,41:00.0,6,2:00,261
7063145259,U,CTY,1,1,525,138164,187,54:00.0,2,2:00,191
7063152784,U,IB,1,1,138,137723,143,16:00.0,7,19:00,191
7063153783,U,CTY,1,1,200,138164,187,47:00.0,2,2:00,191
7063154113,U,IB,1,1,147,134403,125,06:00.0,1,16:00,191
7063211589,U,CTY,1,1,150,138704,192,06:00.0,2,22:00,191
7063211643,U,IB,1,1,81,261280,127,47:00.0,5,16:00,191
7063211753,U,CTY,1,1,134,132400,189,59:00.0,7,11:00,191
7063211863,U,CTY,1,1,140,279981,169,54:00.0,2,21:00,191
7063215879,U,IB,1,1,294,137723,143,32:00.0,1,1:00,191
7063215888,U,CTY,1,2,765,136847,214,38:00.0,4,12:00,191
7063215888,U,IB,1,2,765,136847,131,52:00.0,3,22:00,191
7063218362,U,IB,1,1,107,137691,141,22:00.0,1,17:00,191
7063286948,U,CTY,1,2,833,138115,195,03:00.0,1,10:00,246
7063546290,U,CTY,1,1,128,138853,194,48:00.0,1,3:00,525
7063546290,U,CTY,1,1,128,138853,190,49:00.0,1,3:00,525
7063546346,U,CTY,1,1,247,132032,192,53:00.0,1,10:00,525
7063546364,U,CTY,1,1,299,132032,192,46:00.0,1,10:00,525
706354729X,U,OB,1,2,341,131836,89,56:00.0,4,20:00,525
7063549069,U,OB,1,1,75,138604,38,35:00.0,5,15:00,525
7063549590,U,OB,1,1,132,128129,84,08:00.0,1,19:00,525
7063583627,U,IB,1,1,385,132176,112,24:00.0,6,0:00,145
7063611338,U,OB,1,2,460,290937,14,05:00.0,7,13:00,525
7063747150,U,IB,1,3,725,136665,143,34:00.0,3,2:00,522
7063774899,U,OB,1,3,5190,132233,49,51:00.0,5,15:00,522
7063775402,U,IB,1,5,8650,136665,143,13:00.0,3,4:00,522
7063775411,U,OB,1,2,3440,137153,17,44:00.0,5,13:00,522
7063830119,U,OB,1,1,365,119711,52,54:00.0,6,16:00,402
7063847324,U,OB,1,2,1524,131995,66,49:00.0,7,18:00,402
7063905588,U,OB,1,1,360,134279,84,39:00.0,4,0:00,213
706390589X,U,OB,1,1,545,131130,46,29:00.0,4,17:00,402
7063918292,U,OB,1,1,209,128641,22,26:00.0,5,21:00,402
7063918301,U,OB,1,1,670,124272,73,16:00.0,3,18:00,402
7064010656,U,OB,1,1,364,132412,26,10:00.0,4,16:00,402
706401072X,U,OB,1,1,320,119711,52,58:00.0,6,14:00,402
7064010766,U,CTY,1,1,910,558556,194,59:00.0,7,22:00,402
7064010784,U,CTY,1,1,743,558556,233,30:00.0,2,21:00,402
7064048294,U,OB,1,1,5,278516,74,06:00.0,6,1:00,402
7064048330,U,OB,1,1,13,139461,86,01:00.0,3,19:00,402
7064048395,U,OB,1,2,2020,202206,39,07:00.0,3,8:00,402
7064048404,U,OB,1,1,1560,249085,32,33:00.0,4,4:00,402
7064072732,U,OB,1,1,487,136550,17,11:00.0,3,13:00,402
7064072732,U,OB,1,1,487,136550,23,13:00.0,3,14:00,402
706411280X,U,CTY,1,1,77,252236,187,05:00.0,4,6:00,402
706413128X,U,CTY,1,1,1714,125237,189,05:00.0,3,15:00,569
7064151108,U,IB,1,1,212,135194,145,39:00.0,7,3:00,569
7064152244,U,IB,1,1,32,127174,131,30:00.0,1,12:00,569
7064159760,U,IB,1,1,230,124263,117,11:00.0,5,3:00,569
7064159789,U,IB,1,1,848,134381,145,04:00.0,1,17:00,569
7064159798,U,IB,1,10,8080,134381,145,38:00.0,1,16:00,569
7064194549,U,OB,1,2,1920,136623,88,16:00.0,3,21:00,569
7064272510,U,IB,1,1,310,138491,133,32:00.0,4,3:00,807
7064277121,U,CTY,1,1,160,126655,194,11:00.0,5,17:00,807
7064277828,U,CTY,1,1,320,136270,203,34:00.0,1,20:00,807
7064277828,U,CTY,1,1,320,136270,197,04:00.0,1,7:00,807
7064277828,U,CTY,1,1,320,136270,231,52:00.0,1,7:00,807
7064278102,U,IB,1,1,300,128435,125,27:00.0,2,15:00,807
7064286105,U,CTY,1,1,230,131973,195,24:00.0,4,5:00,807
706428616X,U,IB,1,1,540,136567,117,57:00.0,4,14:00,807
7064287901,U,IB,1,1,635,125809,145,18:00.0,7,7:00,807
706429012X,U,IB,1,5,8640,126033,121,02:00.0,5,12:00,807
706429012X,U,IB,1,5,8640,126033,152,22:00.0,5,9:00,807
7064307710,U,CTY,1,3,960,132414,174,30:00.0,5,0:00,807
706473408X,U,CTY,1,1,95,118588,169,41:00.0,4,13:00,312
7065118549,U,OB,1,1,160,132352,18,11:00.0,7,15:00,556
7065139530,U,IB,1,4,8960,126264,125,34:00.0,4,10:00,556
7065171394,U,OB,1,3,660,132352,18,21:00.0,7,15:00,556
706529035X,U,OB,1,3,310,129851,55,37:00.0,2,15:00,556
7065290378,U,IB,1,8,2110,123652,111,33:00.0,3,1:00,556
7065293348,U,OB,1,1,270,123489,40,56:00.0,2,6:00,556
7065319014,U,IB,1,3,1970,121924,123,23:00.0,6,5:00,556
7065319023,U,OB,1,2,1035,132352,18,56:00.0,7,14:00,556
7065319050,U,IB,1,5,2555,127490,127,47:00.0,7,0:00,556
7065443929,U,CTY,1,9,2850,249257,175,27:00.0,5,14:00,356
7065448035,U,IB,1,1,487,129515,129,26:00.0,1,15:00,890
7065448228,U,IB,1,1,346,134353,113,33:00.0,7,7:00,890
7065538711,U,IB,1,11,5815,125703,105,02:00.0,1,12:00,653
7065539986,U,CTY,1,2,204,129848,194,06:00.0,5,21:00,653
7065749700,U,OB,1,1,865,124329,52,44:00.0,7,14:00,653
7066052797,U,CTY,1,1,300,125259,172,22:00.0,6,13:00,882
7066061487,U,IB,1,1,803,135735,131,52:00.0,7,18:00,882
7066130347,U,OB,1,2,190,136157,88,16:00.0,7,14:00,557
7066130558,U,OB,1,1,6,139664,69,18:00.0,2,10:00,557
7066134655,U,IB,1,4,2387,139723,125,20:00.0,6,19:00,557
7066134664,U,IB,1,1,481,139723,125,29:00.0,6,19:00,557
7066273190,U,CTY,1,1,240,138943,194,32:00.0,1,17:00,557
706640971X,U,OB,1,1,166,124111,55,40:00.0,1,21:00,615
7066441775,U,OB,1,6,6288,128804,60,27:00.0,4,12:00,615
706647329X,U,IB,1,1,680,132836,113,52:00.0,2,18:00,615
7066477002,U,OB,1,3,1369,138169,67,21:00.0,7,18:00,615
7066503090,U,OB,1,2,1590,131843,39,31:00.0,5,16:00,615
7066616491,U,IB,1,2,1262,133172,163,33:00.0,3,15:00,863
7066616538,U,IB,1,1,198,131289,131,38:00.0,5,16:00,863
7066618426,U,CTY,1,1,774,126260,187,56:00.0,1,13:00,863
7066625805,U,IB,1,2,388,128237,164,21:00.0,2,18:00,863
7066625888,U,CTY,1,1,435,136417,175,49:00.0,5,12:00,863
7066626209,U,IB,1,1,1472,133172,163,14:00.0,3,15:00,863
7066714391,U,CTY,1,3,2700,TNUE56177,188,01:00.0,1,5:00,382
7066838619,U,IB,1,2,4521,138549,141,45:00.0,5,11:00,123
7067653131,U,OB,1,1,630,129944,49,40:00.0,6,22:00,754
7067663866,U,OB,1,3,5275,138217,53,04:00.0,6,5:00,754
7067705767,U,OB,1,1,125,130731,49,30:00.0,2,16:00,754
7067705776,U,OB,1,2,860,134898,50,14:00.0,4,3:00,754
7067705794,U,OB,1,4,1460,133906,31,35:00.0,3,21:00,754
7067705812,U,OB,1,1,300,290982,39,35:00.0,5,6:00,754
7067705821,U,OB,1,1,690,129944,49,18:00.0,6,22:00,754
7067709763,U,OB,1,3,2870,276230,38,43:00.0,5,21:00,754
7067750564,U,OB,1,1,1032,132336,53,16:00.0,6,3:00,754
7067757384,U,CTY,1,1,1295,137313,188,53:00.0,6,18:00,754
7067777065,U,OB,1,2,675,202455,43,17:00.0,5,3:00,754
7067802511,U,IB,1,1,55,134290,151,48:00.0,2,0:00,595
706780253X,U,IB,1,1,50,134879,125,07:00.0,7,11:00,595
7067820230,U,OB,1,8,1375,131853,40,40:00.0,5,2:00,595
7067821523,U,IB,1,4,1580,127406,115,26:00.0,4,9:00,595
7067821588,U,CTY,1,1,65,134902,169,54:00.0,1,20:00,595
7067821606,U,IB,1,2,350,130505,113,26:00.0,6,3:00,595
7067822495,U,OB,1,1,268,125595,76,54:00.0,2,0:00,595
7067822587,U,IB,1,1,234,134290,151,49:00.0,2,0:00,595
7067822632,U,CTY,1,1,529,132841,195,54:00.0,2,12:00,595
7067836759,U,CTY,1,1,285,139468,172,41:00.0,7,20:00,595
7067839426,U,IB,1,1,262,136974,125,30:00.0,2,21:00,595
7067839435,U,IB,1,4,691,138702,133,40:00.0,1,6:00,595
7067839480,U,IB,1,5,2932,138702,133,07:00.0,1,5:00,595
7067853762,U,CTY,1,2,450,132064,196,57:00.0,4,12:00,557
7067853771,U,IB,1,1,185,41325,117,19:00.0,2,21:00,557
7067855376,U,CTY,1,1,421,140150,196,06:00.0,5,16:00,557
7067871710,U,IB,1,1,330,137659,114,25:00.0,5,21:00,557
7067879897,U,OB,1,2,1050,121548,96,24:00.0,2,6:00,557
7067889952,U,OB,1,3,2630,124081,32,31:00.0,6,4:00,557
7067898936,U,OB,1,7,3104,136157,88,53:00.0,7,14:00,590
7067902355,U,CTY,1,15,1322,130894,192,29:00.0,5,1:00,590
7067902887,U,CTY,1,13,1014,132064,196,11:00.0,4,13:00,590
7067902932,U,IB,1,3,1690,136695,151,30:00.0,6,16:00,590
706790681X,U,CTY,1,12,936,202584,192,28:00.0,7,19:00,590
7067933036,U,OB,1,10,2866,139664,69,06:00.0,2,12:00,590
7067933045,U,OB,1,2,1069,138947,55,12:00.0,3,6:00,590
7067936363,U,IB,1,14,5865,119275,150,02:00.0,4,16:00,590
7067936381,U,CTY,1,19,8814,126332,176,00:00.0,5,2:00,590
7067936390,U,IB,1,1,556,130505,113,06:00.0,6,2:00,590
7067964743,U,CTY,1,8,4645,130894,192,43:00.0,5,1:00,567
7068096588,U,IB,1,3,5600,430528,105,02:00.0,6,19:00,435
7068096597,U,IB,1,1,700,122535,165,04:00.0,7,10:00,435
7068096597,U,OB,1,1,700,122535,78,51:00.0,7,9:00,435
7068113638,U,OB,1,3,764,126615,26,40:00.0,1,10:00,435
7068113647,U,OB,1,4,1670,126615,26,32:00.0,1,10:00,435
7068113674,U,IB,1,2,634,560345,101,07:00.0,5,11:00,435
7068113683,U,IB,1,1,483,431218,114,31:00.0,7,19:00,435
7068128322,U,OB,1,3,4725,291096,53,21:00.0,5,11:00,435
706812835X,U,OB,1,7,10825,132226,76,51:00.0,7,10:00,435
7068141129,U,OB,1,2,2012,130990,60,25:00.0,3,1:00,435
7068141138,U,OB,1,5,4351,134359,53,24:00.0,5,4:00,435
7068141165,U,OB,1,3,6610,137656,13,32:00.0,6,6:00,435
7068141165,U,OB,1,3,6610,137656,53,28:00.0,6,3:00,435
7068141174,U,IB,1,1,970,132598,101,02:00.0,7,11:00,435
7068141183,U,OB,1,6,3054,123631,86,41:00.0,4,7:00,435
7068141183,U,OB,1,6,3054,123631,79,47:00.0,4,11:00,435
7068141192,U,OB,1,4,5182,134832,89,09:00.0,5,13:00,435
706816729X,U,CTY,1,1,686,131810,175,52:00.0,3,10:00,116
706825386X,U,CTY,1,1,68,139814,168,41:00.0,5,0:00,116
7068276584,U,OB,1,1,444,132675,69,46:00.0,4,10:00,116
7068332363,U,CTY,1,1,410,CVEN43397,197,25:00.0,7,14:00,116
7068361926,U,IB,1,5,3714,CVEN44168,116,03:00.0,7,5:00,116
7068385181,U,CTY,1,1,250,CVEN43397,197,18:00.0,7,16:00,116
7068385190,U,CTY,1,1,150,CVEN43397,197,44:00.0,7,15:00,116
7068389509,U,IB,1,1,430,CVEN44615,113,07:00.0,6,11:00,116
7068389700,U,CTY,1,4,4202,128293,175,55:00.0,5,17:00,116
7068392286,U,CTY,1,2,1005,CVEN43397,197,54:00.0,7,15:00,116
7068392295,U,CTY,1,3,1680,CVEN43397,197,08:00.0,7,16:00,116
7068439678,U,IB,1,1,150,CVEN46003,105,20:00.0,5,18:00,116
7068443849,U,IB,1,6,2292,CVEN45772,103,27:00.0,6,9:00,116
7068491203,U,IB,1,10,7685,CVEN46029,101,33:00.0,4,21:00,116
7068546322,U,IB,1,1,1195,CVEN46003,105,32:00.0,5,22:00,116
7068583118,U,CTY,1,1,339,CVEN44152,169,51:00.0,1,20:00,116
7068593229,U,CTY,1,1,576,128293,175,13:00.0,5,18:00,116
7068625082,U,OB,1,25,15760,CVEN44290,95,26:00.0,1,22:00,116
7068654306,U,OB,1,2,400,133774,66,58:00.0,7,7:00,348
7068654315,U,OB,1,3,2000,134020,53,25:00.0,7,4:00,348
7068654315,U,OB,1,3,2000,134020,86,14:00.0,7,11:00,348
7068654324,U,OB,1,1,195,133774,66,54:00.0,7,7:00,348
7068654333,U,OB,1,1,245,133774,66,18:00.0,7,7:00,348
7068654342,U,OB,1,1,155,133774,66,47:00.0,7,7:00,348
7068654351,U,OB,1,1,100,133774,66,30:00.0,7,7:00,348
7068654360,U,OB,1,1,340,133774,86,13:00.0,7,11:00,348
7068654360,U,OB,1,1,340,133774,66,59:00.0,7,6:00,348
706865437X,U,OB,1,1,50,133774,86,12:00.0,7,11:00,348
706865437X,U,OB,1,1,50,133774,66,42:00.0,7,7:00,348
7068654389,U,OB,1,1,340,133774,66,16:00.0,7,7:00,348
7068654389,U,OB,1,1,340,133774,86,12:00.0,7,11:00,348
7068654398,U,OB,1,3,2600,133774,66,08:00.0,7,7:00,348
7068654407,U,OB,1,2,400,134020,53,51:00.0,7,4:00,348
7068654407,U,OB,1,2,400,134020,86,14:00.0,7,11:00,348
7068654416,U,OB,1,1,160,134020,53,58:00.0,7,3:00,348
7068654425,U,OB,1,1,170,530588,79,17:00.0,6,13:00,348
7068654425,U,IB,1,1,170,530588,105,10:00.0,6,9:00,348
7068654434,U,OB,1,2,300,138087,67,37:00.0,5,11:00,348
7068654443,U,IB,1,1,100,530588,105,58:00.0,6,8:00,348
7068654452,U,OB,1,1,50,138087,67,42:00.0,5,10:00,348
7068659961,U,OB,1,3,1250,430429,96,58:00.0,5,9:00,348
7068659970,U,OB,1,1,50,430429,96,15:00.0,5,9:00,348
706865998X,U,OB,1,1,50,430429,96,12:00.0,5,9:00,348
7068659999,U,OB,1,1,140,430429,96,09:00.0,5,9:00,348
7068660017,U,OB,1,1,100,430429,96,19:00.0,5,11:00,348
7068660026,U,OB,1,3,1210,430429,96,01:00.0,5,9:00,348
7068660035,U,OB,1,1,570,430429,96,58:00.0,5,8:00,348
7068660044,U,OB,1,1,100,430429,96,15:00.0,5,11:00,348
7068660053,U,OB,1,1,95,430429,96,49:00.0,5,9:00,348
7068660062,U,OB,1,1,50,430429,96,24:00.0,5,9:00,348
7068660071,U,OB,1,1,50,430429,96,27:00.0,5,9:00,348
7068660080,U,OB,1,4,1500,R621153072,75,34:00.0,7,4:00,348
706866009X,U,OB,1,4,800,135421,89,33:00.0,6,15:00,348
7068660118,U,OB,1,4,1280,135421,89,37:00.0,6,15:00,348
7068660127,U,OB,1,3,1270,430429,30,12:00.0,5,11:00,348
7068660127,U,OB,1,3,1270,430429,96,25:00.0,5,10:00,348
7068660136,U,OB,1,3,1455,430429,81,24:00.0,5,10:00,348
7068660136,U,OB,1,3,1455,430429,81,24:00.0,5,10:00,348
7068660145,U,OB,1,1,275,126653,51,20:00.0,7,7:00,348
7068660154,U,OB,1,1,50,430429,96,20:00.0,5,9:00,348
7068660163,U,OB,1,1,50,430429,96,20:00.0,5,9:00,348
7068660172,U,OB,1,1,200,430429,96,03:00.0,5,10:00,348
7068660181,U,OB,1,4,600,430429,21,12:00.0,5,10:00,348
7068660181,U,OB,1,4,600,430429,96,11:00.0,5,10:00,348
7068660190,U,OB,1,2,600,430429,81,18:00.0,5,10:00,348
7068660190,U,OB,1,2,600,430429,96,15:00.0,5,10:00,348
706866020X,U,OB,1,1,50,430429,96,18:00.0,5,9:00,348
7068660219,U,OB,1,3,570,R621153072,75,03:00.0,7,4:00,348
7068660228,U,OB,1,3,1535,135421,89,19:00.0,6,15:00,348
7068660237,U,OB,1,1,100,R621153072,75,40:00.0,7,3:00,348
7068660246,U,OB,1,1,200,R621153072,75,59:00.0,7,5:00,348
7068660255,U,OB,1,2,1270,135421,89,16:00.0,6,14:00,348
7068660264,U,OB,1,1,100,R621153072,75,08:00.0,7,5:00,348
7068660273,U,OB,1,1,600,430429,96,17:00.0,5,11:00,348
7068660282,U,OB,1,1,50,140025,73,29:00.0,6,20:00,348
7068660291,U,OB,1,1,50,140025,73,46:00.0,6,20:00,348
7068660300,U,OB,1,7,3865,430161,95,08:00.0,1,11:00,348
706866031X,U,OB,1,1,400,140025,73,57:00.0,6,16:00,348
7068660329,U,OB,1,1,50,140025,73,02:00.0,6,15:00,348
7068660338,U,OB,1,1,110,430161,95,48:00.0,1,11:00,348
7068660347,U,OB,1,1,280,430161,95,30:00.0,1,11:00,348
7068660356,U,OB,1,1,100,430161,95,15:00.0,1,11:00,348
7068660365,U,OB,1,1,100,430161,95,20:00.0,1,12:00,348
7068660374,U,OB,1,2,530,430161,95,53:00.0,1,10:00,348
7068660383,U,OB,1,1,95,123830,40,03:00.0,2,7:00,348
7068660392,U,OB,1,1,495,430161,95,57:00.0,1,9:00,348
706866042X,U,OB,1,1,50,430161,95,45:00.0,1,12:00,348
7068660439,U,OB,1,2,855,131999,86,41:00.0,5,8:00,348
7068660457,U,OB,1,7,5580,430429,96,45:00.0,5,8:00,348
7068660466,U,OB,1,1,200,131999,86,10:00.0,5,8:00,348
7068660475,U,OB,1,2,1265,131999,86,21:00.0,5,7:00,348
7068660484,U,OB,1,2,360,131999,86,38:00.0,5,6:00,348
7068660502,U,OB,1,1,155,131999,86,45:00.0,5,7:00,348
7068660511,U,OB,1,1,190,131999,86,01:00.0,5,8:00,348
7068660520,U,OB,1,1,90,131999,86,06:00.0,5,8:00,348
706866053X,U,OB,1,1,205,131999,86,25:00.0,5,6:00,348
7068660549,U,OB,1,3,800,131999,86,35:00.0,5,7:00,348
7068660558,U,IB,1,1,180,125040,111,05:00.0,4,4:00,348
7068660576,U,OB,1,2,200,R6534898,95,09:00.0,3,15:00,348
7068660594,U,OB,1,2,1790,R6534898,95,08:00.0,3,16:00,348
7068660612,U,IB,1,1,375,125040,111,02:00.0,4,4:00,348
7068660621,U,IB,1,1,460,125040,111,08:00.0,4,4:00,348
706866064X,U,IB,1,3,855,125040,111,57:00.0,4,3:00,348
7068660677,U,OB,1,1,200,131999,86,34:00.0,5,8:00,348
7068660686,U,OB,1,1,50,R6534898,95,15:00.0,3,15:00,348
7068660695,U,OB,1,1,100,R6534898,95,53:00.0,3,15:00,348
7068660704,U,OB,1,1,50,R6534898,95,34:00.0,3,15:00,348
7068662657,U,OB,1,4,11529,134792,78,12:00.0,5,12:00,348
7068662657,U,OB,1,4,11529,134792,78,12:00.0,5,12:00,348
7068663537,U,OB,1,5,4850,430429,96,28:00.0,5,8:00,348
7068663546,U,OB,1,1,200,568002,76,34:00.0,1,21:00,348
7068663555,U,OB,1,2,860,R6534898,95,09:00.0,3,20:00,348
7068663564,U,OB,1,1,50,R6534898,95,56:00.0,3,18:00,348
7068663573,U,OB,1,1,50,R6534898,95,14:00.0,3,19:00,348
7068663591,U,OB,1,2,700,R6534898,95,07:00.0,3,19:00,348
7068663600,U,OB,1,6,2245,R6534898,95,04:00.0,3,20:00,348
706866361X,U,OB,1,6,3200,R6534898,95,44:00.0,3,16:00,348
7068663629,U,OB,1,1,290,R6534898,95,20:00.0,3,20:00,348
7068663638,U,OB,1,1,200,R6534898,95,00:00.0,3,19:00,348
7068663647,U,OB,1,2,405,R6534898,95,02:00.0,3,20:00,348
7068663656,U,OB,1,1,200,R6534898,95,08:00.0,3,18:00,348
7068663665,U,OB,1,1,200,R6534898,95,11:00.0,3,18:00,348
7068663674,U,OB,1,1,200,126033,72,30:00.0,7,12:00,348
7068663683,U,OB,1,2,420,R6534898,95,36:00.0,3,17:00,348
7068663692,U,OB,1,1,105,R6534898,95,26:00.0,3,19:00,348
7068663701,U,OB,1,1,135,568002,76,31:00.0,1,21:00,348
706866471X,U,IB,1,4,2405,133095,105,54:00.0,5,23:00,348
7068664729,U,OB,1,1,100,131999,86,13:00.0,5,7:00,348
7068664738,U,OB,1,1,50,131999,86,52:00.0,5,7:00,348
7068664756,U,OB,1,1,50,131999,86,55:00.0,5,6:00,348
7068664765,U,OB,1,1,50,131999,86,48:00.0,5,6:00,348
7068664774,U,OB,1,1,50,131999,86,45:00.0,5,5:00,348
7068664792,U,OB,1,1,50,131999,86,51:00.0,5,6:00,348
7068664801,U,OB,1,1,130,131999,86,07:00.0,5,6:00,348
7068664810,U,OB,1,2,100,131999,86,44:00.0,5,6:00,348
706866482X,U,IB,1,2,800,133095,105,36:00.0,5,22:00,348
7068664839,U,IB,1,1,300,133095,105,52:00.0,5,20:00,348
7068664848,U,OB,1,2,850,131999,86,09:00.0,5,7:00,348
7068664857,U,IB,1,8,2565,125866,114,20:00.0,1,2:00,348
7068664866,U,IB,1,6,1935,125866,113,28:00.0,6,21:00,348
7068664875,U,OB,1,3,2490,140025,73,32:00.0,6,16:00,348
7068664884,U,OB,1,1,50,430161,95,31:00.0,1,10:00,348
7068664893,U,OB,1,1,400,123830,86,03:00.0,1,0:00,348
7068664902,U,OB,1,1,335,140025,73,15:00.0,6,17:00,348
7068664911,U,OB,1,2,305,140025,73,39:00.0,6,15:00,348
7068664920,U,OB,1,1,90,430161,95,17:00.0,1,13:00,348
7068664949,U,OB,1,3,2000,430161,95,54:00.0,1,12:00,348
7068664958,U,OB,1,1,50,430161,95,25:00.0,1,11:00,348
7068664967,U,OB,1,1,350,140025,73,31:00.0,6,19:00,348
7068664976,U,OB,1,1,175,560136,67,52:00.0,4,16:00,348
7068664985,U,OB,1,1,205,560136,67,57:00.0,4,16:00,348
7068665003,U,OB,1,1,100,560136,67,32:00.0,4,16:00,348
7068665012,U,OB,1,1,140,560136,67,35:00.0,4,13:00,348
7068665021,U,OB,1,1,185,560136,67,38:00.0,4,13:00,348
7068665030,U,OB,1,1,100,560136,67,44:00.0,4,13:00,348
706866504X,U,OB,1,1,50,125955,55,56:00.0,5,10:00,348
7068665077,U,OB,1,2,880,121910,78,05:00.0,5,7:00,348
7068665086,U,OB,1,1,50,121910,78,56:00.0,5,6:00,348
7068665095,U,OB,1,1,200,121910,78,22:00.0,5,7:00,348
7068665104,U,OB,1,1,285,121910,78,37:00.0,5,7:00,348
7068665113,U,OB,1,1,100,121910,78,52:00.0,5,7:00,348
7068665131,U,OB,1,1,245,121910,78,55:00.0,5,7:00,348
706866515X,U,OB,1,1,100,430161,95,22:00.0,1,10:00,348
7068665169,U,OB,1,2,745,140025,79,57:00.0,6,22:00,348
7068665169,U,OB,1,2,745,140025,73,27:00.0,6,15:00,348
7068665178,U,OB,1,1,50,140025,73,56:00.0,6,18:00,348
7068665187,U,OB,1,1,50,140025,79,56:00.0,6,22:00,348
7068665187,U,OB,1,1,50,140025,73,12:00.0,6,18:00,348
7068665196,U,OB,1,1,50,140025,73,51:00.0,6,19:00,348
7068665205,U,OB,1,1,50,140025,73,51:00.0,6,18:00,348
7068672099,U,IB,1,1,253,560010,101,20:00.0,4,3:00,348
7068672108,U,IB,1,1,336,560010,101,38:00.0,4,3:00,348
7068672117,U,OB,1,4,7076,430926,78,51:00.0,6,7:00,348
7068679469,U,OB,1,1,50,129574,89,01:00.0,4,14:00,348
7068679478,U,OB,1,1,195,129574,89,41:00.0,4,13:00,348
7068679487,U,OB,1,1,50,129574,89,59:00.0,4,13:00,348
7068679487,U,OB,1,1,50,129574,85,03:00.0,5,0:00,348
7068679496,U,OB,1,1,90,129574,89,06:00.0,4,14:00,348
7068679505,U,OB,1,1,200,129574,89,43:00.0,4,13:00,348
7068679514,U,OB,1,1,140,129574,89,45:00.0,4,14:00,348
7068679523,U,OB,1,2,400,129574,89,49:00.0,4,13:00,348
7068679532,U,OB,1,1,100,129574,89,45:00.0,4,13:00,348
7068679541,U,OB,1,2,300,138087,67,39:00.0,5,10:00,348
7068679550,U,OB,1,3,200,138087,67,01:00.0,5,11:00,348
706867956X,U,OB,1,1,50,138087,67,12:00.0,5,8:00,348
7068679579,U,OB,1,1,150,138087,67,50:00.0,5,11:00,348
7068679588,U,CTY,1,1,175,138087,M   ,00:00.0,6,1:00,348
7068679588,U,OB,1,1,175,138087,67,47:00.0,5,11:00,348
7068679597,U,OB,1,1,185,138087,67,45:00.0,5,11:00,348
7068679606,U,OB,1,2,445,138087,67,32:00.0,5,8:00,348
7068679615,U,OB,1,1,110,138087,67,32:00.0,5,11:00,348
7068679624,U,OB,1,1,170,138087,67,07:00.0,5,11:00,348
7068679642,U,OB,1,1,100,138087,67,14:00.0,5,11:00,348
7068679651,U,OB,1,1,450,138087,67,05:00.0,5,8:00,348
7068679660,U,OB,1,1,100,138087,67,15:00.0,5,8:00,348
706867967X,U,OB,1,1,285,138087,67,53:00.0,5,8:00,348
7068679689,U,OB,1,1,180,138087,67,51:00.0,5,8:00,348
7068679698,U,OB,1,1,960,138087,67,17:00.0,5,11:00,348
7068679707,U,OB,1,1,160,138087,67,01:00.0,5,8:00,348
7068682383,U,OB,1,2,745,430429,96,33:00.0,5,7:00,348
7068682392,U,OB,1,1,50,430429,96,30:00.0,5,6:00,348
7068682410,U,OB,1,1,50,430429,96,42:00.0,5,5:00,348
706868242X,U,OB,1,1,50,430429,96,16:00.0,5,6:00,348
7068682439,U,IB,1,2,200,560010,101,03:00.0,4,5:00,348
7068682448,U,IB,1,1,410,560010,101,42:00.0,4,5:00,348
7068682457,U,IB,1,1,50,560010,101,00:00.0,4,7:00,348
7068682960,U,OB,1,2,300,134449,89,22:00.0,3,6:00,348
706868297X,U,IB,1,1,50,560010,101,10:00.0,4,7:00,348
7068682989,U,IB,1,1,50,560010,101,13:00.0,4,7:00,348
7068682998,U,IB,1,1,50,560010,101,14:00.0,4,7:00,348
7068683007,U,IB,1,1,50,560010,101,19:00.0,4,7:00,348
7068683016,U,OB,1,1,50,430429,96,00:00.0,5,5:00,348
7068683025,U,IB,1,1,130,560010,101,52:00.0,4,7:00,348
7068683034,U,IB,1,1,105,560010,101,09:00.0,4,5:00,348
7068683043,U,IB,1,1,200,560010,101,20:00.0,4,8:00,348
7068683052,U,IB,1,1,50,560010,101,53:00.0,4,7:00,348
7068683061,U,IB,1,3,300,560010,101,43:00.0,4,7:00,348
7068683070,U,IB,1,1,100,560010,101,49:00.0,4,7:00,348
706868308X,U,IB,1,1,50,560010,101,50:00.0,4,7:00,348
7068683099,U,OB,1,1,200,430429,96,27:00.0,5,7:00,348
7068683108,U,OB,1,1,50,430429,96,42:00.0,5,6:00,348
7068683117,U,OB,1,1,50,430429,96,28:00.0,5,4:00,348
7068683126,U,OB,1,1,115,430429,96,32:00.0,5,8:00,348
7068683135,U,OB,1,1,280,430429,96,20:00.0,5,6:00,348
7068683144,U,IB,1,1,50,560010,101,07:00.0,4,7:00,348
7068683153,U,OB,1,1,115,430429,96,47:00.0,5,6:00,348
7068683162,U,OB,1,1,50,430429,96,09:00.0,5,5:00,348
7068683171,U,OB,1,1,50,430429,96,23:00.0,5,5:00,348
7068683180,U,IB,1,3,905,560010,101,11:00.0,4,8:00,348
706868319X,U,OB,1,1,50,430429,96,35:00.0,5,6:00,348
7068683209,U,OB,1,3,500,430429,96,50:00.0,5,7:00,348
7068685216,U,OB,1,1,50,R621153072,75,10:00.0,7,5:00,348
7068685225,U,OB,1,1,195,430429,96,31:00.0,5,8:00,348
7068685234,U,OB,1,1,300,121594,17,41:00.0,6,17:00,348
7068685243,U,OB,1,3,465,130978,38,52:00.0,6,10:00,348
7068685252,U,OB,1,7,2030,R621153072,28,58:00.0,7,13:00,348
7068685252,U,OB,1,7,2030,R621153072,75,55:00.0,7,7:00,348
7068685261,U,OB,1,1,165,121594,17,11:00.0,6,17:00,348
706868528X,U,OB,1,1,165,121594,17,32:00.0,6,17:00,348
7068685299,U,OB,1,2,800,130978,38,03:00.0,6,11:00,348
7068685299,U,CTY,1,2,800,130978,R4  ,45:00.0,6,18:00,348
7068685317,U,OB,1,1,100,R621153072,75,14:00.0,7,3:00,348
7068685326,U,OB,1,1,50,R621153072,75,01:00.0,7,6:00,348
7068685335,U,OB,1,6,1450,121208,89,10:00.0,1,12:00,348
7068685344,U,OB,1,6,1335,121208,89,04:00.0,1,14:00,348
7068685353,U,OB,1,7,3150,R621153072,75,26:00.0,7,6:00,348
7068685362,U,OB,1,6,1300,121208,89,48:00.0,1,13:00,348
7068685371,U,OB,1,6,1920,568002,76,09:00.0,1,22:00,348
7068685380,U,OB,1,6,2395,121594,17,17:00.0,6,17:00,348
706868539X,U,OB,1,6,2200,121208,89,06:00.0,1,13:00,348
7068685409,U,OB,1,3,585,121594,17,49:00.0,6,17:00,348
7068685418,U,OB,1,7,2880,121594,17,46:00.0,6,16:00,348
7068685427,U,OB,1,6,1960,R621153072,75,12:00.0,7,7:00,348
7068685427,U,OB,1,6,1960,R621153072,28,09:00.0,7,13:00,348
7068685436,U,OB,1,8,2110,R621153072,75,24:00.0,7,7:00,348
7068685445,U,OB,1,2,200,140025,73,48:00.0,6,19:00,348
7068685454,U,OB,1,1,100,140025,73,56:00.0,6,20:00,348
7068686215,U,IB,1,1,150,133095,105,52:00.0,6,3:00,348
7068686224,U,IB,1,2,870,133095,105,30:00.0,6,4:00,348
7068686233,U,IB,1,2,505,133095,105,31:00.0,6,1:00,348
7068686242,U,IB,1,1,100,133095,105,55:00.0,6,2:00,348
7068686251,U,IB,1,1,155,133095,105,45:00.0,6,0:00,348
7068686260,U,IB,1,1,350,133095,105,50:00.0,6,0:00,348
706868627X,U,CTY,1,1,200,133095,R4  ,55:00.0,6,0:00,348
706868627X,U,IB,1,1,200,133095,105,33:00.0,5,21:00,348
7068686289,U,IB,1,1,350,133095,105,57:00.0,6,0:00,348
7068686298,U,IB,1,2,2205,133095,105,57:00.0,6,1:00,348
7068686298,U,OB,1,2,2205,133095,81,10:00.0,6,10:00,348
7068686307,U,IB,1,1,90,133095,105,57:00.0,6,2:00,348
7068686316,U,IB,1,1,260,133095,105,04:00.0,6,3:00,348
7068686325,U,IB,1,1,255,133095,105,07:00.0,6,3:00,348
7068686334,U,IB,1,1,255,133095,105,10:00.0,6,3:00,348
7068686343,U,IB,1,1,325,133095,105,20:00.0,6,3:00,348
7068686352,U,IB,1,1,200,133095,105,37:00.0,6,3:00,348
7068686361,U,IB,1,1,95,133095,105,25:00.0,6,0:00,348
7068686370,U,IB,1,1,100,133095,105,28:00.0,6,0:00,348
706868638X,U,IB,1,1,160,133095,105,31:00.0,6,0:00,348
7068690469,U,OB,1,2,900,129574,89,48:00.0,4,14:00,348
7068690478,U,OB,1,1,50,129574,89,09:00.0,4,14:00,348
7068690487,U,OB,1,2,615,131209,84,22:00.0,3,5:00,348
7068690496,U,OB,1,1,160,131209,84,18:00.0,3,5:00,348
7068690505,U,OB,1,4,645,131209,84,17:00.0,3,7:00,348
7068690514,U,OB,1,1,165,131209,84,29:00.0,3,5:00,348
7068690514,U,OB,1,1,165,131209,81,58:00.0,3,8:00,348
7068690523,U,OB,1,1,290,131209,84,04:00.0,3,7:00,348
7068690532,U,OB,1,1,100,131209,84,26:00.0,3,5:00,348
7068690532,U,OB,1,1,100,131209,81,58:00.0,3,8:00,348
7068690541,U,OB,1,1,200,131209,84,24:00.0,3,6:00,348
7068690550,U,OB,1,1,100,131209,84,30:00.0,3,6:00,348
7068690579,U,OB,1,1,100,130744,96,31:00.0,7,11:00,348
7068690597,U,OB,1,2,1185,430926,78,46:00.0,6,9:00,348
7068690606,U,OB,1,1,100,130617,76,12:00.0,7,21:00,348
7068690615,U,OB,1,1,485,430926,78,09:00.0,6,10:00,348
7068690633,U,OB,1,1,50,430926,78,27:00.0,6,7:00,348
7068690642,U,OB,1,6,1600,130617,76,12:00.0,7,22:00,348
7068690651,U,OB,1,1,105,430926,78,31:00.0,6,7:00,348
7068690660,U,OB,1,3,800,430926,81,56:00.0,6,12:00,348
7068690660,U,OB,1,3,800,430926,78,55:00.0,6,9:00,348
706869067X,U,OB,1,2,500,130617,76,20:00.0,7,21:00,348
7068690689,U,OB,1,1,50,430926,78,46:00.0,6,8:00,348
7068690698,U,OB,1,1,100,430926,78,48:00.0,6,8:00,348
7068690707,U,OB,1,3,1590,130617,76,48:00.0,7,21:00,348
7068690707,U,OB,1,3,1590,130617,30,10:00.0,2,9:00,348
7068690734,U,OB,1,1,110,134449,89,30:00.0,3,6:00,348
7068690743,U,OB,1,2,1045,134449,89,44:00.0,3,6:00,348
7068690761,U,OB,1,1,100,134449,89,16:00.0,3,6:00,348
7068690770,U,OB,1,1,180,559040,85,55:00.0,4,3:00,348
7068690770,U,OB,1,1,180,559040,85,55:00.0,4,3:00,348
706869078X,U,OB,1,1,100,559040,85,06:00.0,4,5:00,348
706869078X,U,OB,1,1,100,559040,85,06:00.0,4,5:00,348
7068690799,U,OB,1,1,250,134449,89,32:00.0,3,6:00,348
7068690844,U,IB,1,2,300,136102,113,44:00.0,1,10:00,348
7068690963,U,OB,1,1,285,R6534898,95,13:00.0,3,16:00,348
7068690972,U,OB,1,1,50,R6534898,95,26:00.0,3,16:00,348
7068690981,U,OB,1,1,50,R6534898,95,27:00.0,3,15:00,348
7068690990,U,IB,1,1,260,133095,105,01:00.0,5,22:00,348
706869100X,U,OB,1,1,50,R6534898,95,30:00.0,3,15:00,348
7068691019,U,OB,1,2,200,134449,89,25:00.0,3,4:00,348
7068691037,U,OB,1,1,395,134449,89,35:00.0,3,6:00,348
7068691046,U,OB,1,1,165,134449,89,43:00.0,3,3:00,348
7068691055,U,OB,1,1,255,134449,89,18:00.0,3,4:00,348
7068691082,U,OB,1,1,170,134449,89,25:00.0,3,6:00,348
7068691091,U,OB,1,1,365,134449,89,40:00.0,3,6:00,348
706869111X,U,OB,1,1,355,134449,89,13:00.0,3,6:00,348
7068691129,U,OB,1,1,525,134449,89,08:00.0,3,3:00,348
7068691183,U,OB,1,1,525,134449,89,12:00.0,3,3:00,348
7068691192,U,OB,1,1,100,134449,89,09:00.0,3,6:00,348
7068691210,U,OB,1,3,855,430429,96,53:00.0,5,6:00,348
706869122X,U,IB,1,1,315,560010,101,22:00.0,4,8:00,348
7068691248,U,IB,1,1,95,560010,101,39:00.0,4,5:00,348
7068691257,U,OB,1,1,50,430429,96,46:00.0,5,6:00,348
7068691266,U,IB,1,2,1225,560010,101,39:00.0,4,7:00,348
7068691275,U,IB,1,2,200,560010,101,00:00.0,4,8:00,348
7068691284,U,IB,1,3,500,560010,101,53:00.0,4,6:00,348
7068691293,U,OB,1,1,50,430429,96,43:00.0,5,6:00,348
7068691311,U,IB,1,1,50,560010,101,56:00.0,4,7:00,348
7068691320,U,IB,1,3,1405,560010,101,07:00.0,4,8:00,348
7068691358,U,OB,1,1,100,430429,96,39:00.0,5,5:00,348
7068691367,U,OB,1,1,285,430429,96,29:00.0,5,3:00,348
7068691376,U,IB,1,3,1920,560010,101,25:00.0,4,8:00,348
7068691385,U,IB,1,2,300,560010,101,58:00.0,4,6:00,348
7068691394,U,IB,1,1,50,560010,101,25:00.0,4,4:00,348
7068691403,U,OB,1,3,615,430429,96,42:00.0,5,7:00,348
7068691412,U,OB,1,8,875,568002,76,43:00.0,1,20:00,348
7068691421,U,OB,1,1,50,R621153072,75,20:00.0,7,3:00,348
7068691430,U,OB,1,6,1955,568002,76,55:00.0,1,21:00,348
706869144X,U,OB,1,1,100,121208,89,41:00.0,1,11:00,348
7068691459,U,OB,1,7,2015,R621153072,75,47:00.0,7,7:00,348
7068692714,U,OB,1,7,2270,202223,81,46:00.0,2,20:00,348
7068692723,U,OB,1,2,200,126653,51,24:00.0,7,8:00,348
7068692741,U,IB,1,1,50,202223,113,25:00.0,1,14:00,348
7068692750,U,OB,1,7,2030,126653,51,19:00.0,7,9:00,348
706869276X,U,IB,1,1,100,202223,113,21:00.0,1,14:00,348
7068692779,U,IB,1,1,100,202223,113,07:00.0,1,14:00,348
7068692788,U,OB,1,1,625,568002,76,07:00.0,1,20:00,348
7068692797,U,IB,1,1,50,202223,113,16:00.0,1,13:00,348
7068692806,U,IB,1,1,320,202223,113,23:00.0,1,13:00,348
7068692815,U,OB,1,3,540,126033,72,43:00.0,7,12:00,348
7068692824,U,IB,1,1,245,202223,113,40:00.0,1,13:00,348
7068692833,U,IB,1,1,270,202223,113,17:00.0,1,14:00,348
7068692851,U,IB,1,1,200,202223,113,21:00.0,1,12:00,348
7068692860,U,IB,1,3,965,133095,105,50:00.0,6,2:00,348
706869287X,U,IB,1,2,200,133095,105,45:00.0,6,2:00,348
7068692889,U,IB,1,2,100,133095,105,41:00.0,6,2:00,348
7068692898,U,IB,1,4,445,133095,105,48:00.0,6,3:00,348
7068692907,U,IB,1,2,290,133095,105,41:00.0,6,1:00,348
7068692916,U,IB,1,1,200,133095,105,35:00.0,6,1:00,348
7068692943,U,IB,1,1,90,133095,105,10:00.0,5,22:00,348
7068692952,U,IB,1,2,670,133095,105,15:00.0,6,3:00,348
7068692961,U,IB,1,6,1740,126956,101,32:00.0,4,8:00,348
7068692961,U,OB,1,6,1740,126956,87,00:00.0,4,10:00,348
7068692970,U,OB,1,1,100,140025,73,26:00.0,6,19:00,348
7068693219,U,OB,1,1,100,R6534898,95,31:00.0,3,19:00,348
7068693228,U,OB,1,1,300,R6534898,95,13:00.0,3,20:00,348
7068693228,U,IB,1,1,300,R6534898,135,57:00.0,4,1:00,348
7068697150,U,OB,1,1,2399,136102,94,40:00.0,1,19:00,348
7068697150,U,IB,1,1,2399,136102,113,34:00.0,1,18:00,348
7068697179,U,OB,1,1,184,138087,67,24:00.0,5,7:00,348
7068698214,U,OB,1,1,100,430161,95,03:00.0,1,13:00,348
7068698223,U,OB,1,2,795,430161,95,36:00.0,1,13:00,348
7068698232,U,OB,1,1,815,430161,95,50:00.0,1,9:00,348
7068698241,U,OB,1,1,400,430161,85,03:00.0,2,8:00,348
7068698241,U,OB,1,1,400,430161,95,56:00.0,1,12:00,348
7068698250,U,OB,1,3,900,133121,95,49:00.0,4,6:00,348
706869826X,U,IB,1,5,750,126956,101,33:00.0,4,9:00,348
7068698279,U,IB,1,1,200,126956,101,33:00.0,4,9:00,348
7068698297,U,IB,1,2,600,126956,101,45:00.0,4,8:00,348
7068698306,U,OB,1,1,50,560136,67,07:00.0,4,17:00,348
7068698315,U,OB,1,3,1730,133121,95,22:00.0,4,6:00,348
7068698324,U,OB,1,2,720,133121,95,32:00.0,4,6:00,348
7068698333,U,OB,1,1,100,126956,89,42:00.0,4,6:00,348
7068698333,U,IB,1,1,100,126956,101,41:00.0,4,6:00,348
7068698342,U,IB,1,5,1885,126956,101,30:00.0,4,7:00,348
7068698351,U,OB,1,1,100,126956,83,53:00.0,4,8:00,348
7068698351,U,OB,1,1,100,126956,83,53:00.0,4,8:00,348
7068698360,U,IB,1,2,740,126956,101,43:00.0,4,8:00,348
706869837X,U,OB,1,3,600,560136,67,07:00.0,4,15:00,348
7068698389,U,IB,1,1,150,126956,101,32:00.0,4,9:00,348
7068698398,U,OB,1,1,110,126956,56,32:00.0,4,8:00,348
7068698398,U,IB,1,1,110,126956,101,15:00.0,4,8:00,348
7068698416,U,OB,1,1,845,133121,95,54:00.0,4,6:00,348
7068698425,U,IB,1,3,960,126956,101,39:00.0,4,6:00,348
7068698434,U,OB,1,1,50,133121,95,26:00.0,4,6:00,348
7068698443,U,OB,1,1,515,430161,95,29:00.0,1,13:00,348
7068698452,U,OB,1,1,100,133121,95,28:00.0,4,6:00,348
7068698461,U,OB,1,1,95,560136,67,03:00.0,4,15:00,348
7068698470,U,OB,1,1,50,560136,67,13:00.0,4,14:00,348
706869848X,U,OB,1,2,200,560136,67,40:00.0,4,15:00,348
7068698499,U,OB,1,2,165,560136,67,16:00.0,4,16:00,348
7068698508,U,OB,1,2,1405,560136,67,23:00.0,4,17:00,348
7068698517,U,OB,1,1,100,560136,67,55:00.0,4,15:00,348
7068698526,U,OB,1,1,200,560136,67,07:00.0,4,16:00,348
7068698535,U,OB,1,2,200,131503,78,09:00.0,3,11:00,348
7068698544,U,OB,1,7,2030,131503,78,00:00.0,3,9:00,348
7068698553,U,OB,1,2,240,131503,78,58:00.0,3,9:00,348
7068698562,U,OB,1,4,800,131503,78,44:00.0,3,9:00,348
7068698571,U,OB,1,1,50,131503,78,40:00.0,3,10:00,348
7068698580,U,OB,1,1,50,131503,78,44:00.0,3,10:00,348
706869859X,U,OB,1,1,170,131503,78,18:00.0,3,11:00,348
7068698609,U,OB,1,1,90,560136,67,21:00.0,4,14:00,348
7068698618,U,OB,1,1,200,131503,78,23:00.0,3,8:00,348
7068698627,U,OB,1,1,455,560136,67,18:00.0,4,14:00,348
7068698636,U,OB,1,1,150,560136,67,29:00.0,4,14:00,348
7068698645,U,OB,1,1,365,560136,67,00:00.0,4,15:00,348
7068698654,U,OB,1,1,170,560136,67,47:00.0,4,16:00,348
7068698663,U,OB,1,2,535,560136,67,26:00.0,4,16:00,348
7068698672,U,OB,1,1,100,560136,67,54:00.0,4,13:00,348
7068698681,U,OB,1,1,165,560136,67,10:00.0,4,15:00,348
7068698690,U,OB,1,1,500,560136,67,02:00.0,4,17:00,348
706869870X,U,OB,1,1,50,560136,67,49:00.0,4,13:00,348
7068705979,U,OB,1,1,245,135846,75,16:00.0,6,6:00,348
7068705988,U,IB,1,4,6000,126281,104,37:00.0,6,6:00,348
7068706217,U,IB,1,1,1025,202223,113,19:00.0,1,13:00,348
7068706226,U,IB,1,1,685,202223,113,28:00.0,1,13:00,348
7068706390,U,OB,1,1,1911,135846,75,25:00.0,6,6:00,348
706870640X,U,IB,1,1,3260,125866,113,11:00.0,6,21:00,348
7068706419,U,IB,1,3,10695,125866,113,57:00.0,6,20:00,348
7068706437,U,IB,1,1,2815,125866,113,07:00.0,6,21:00,348
7068706446,U,IB,1,1,1590,125866,113,15:00.0,6,22:00,348
7068706473,U,IB,1,2,664,202223,113,26:00.0,1,12:00,348
7068706711,U,IB,1,8,2530,136818,103,21:00.0,3,8:00,348
706870695X,U,OB,1,1,555,125955,55,33:00.0,5,14:00,348
7068706969,U,OB,1,1,1105,310232,75,27:00.0,3,18:00,422
7068707023,U,CTY,1,1,234,310232,182,22:00.0,3,19:00,422
7068707023,U,OB,1,1,234,310232,75,30:00.0,3,18:00,422
7068707032,U,OB,1,1,726,310232,75,33:00.0,3,18:00,422
7068707041,U,OB,1,1,472,113063,50,22:00.0,3,0:00,422
706870706X,U,OB,1,3,1605,113063,50,35:00.0,2,22:00,422
7068707079,U,OB,1,3,1865,113063,50,20:00.0,2,22:00,422
7068707079,U,OB,1,3,1865,113063,85,06:00.0,3,0:00,422
7068707088,U,OB,1,1,191,903983,68,10:00.0,4,3:00,422
7068707088,U,OB,1,1,191,903983,68,10:00.0,4,3:00,422
7068707097,U,OB,1,1,772,903983,60,22:00.0,4,0:00,422
7068707106,U,OB,1,1,600,903983,60,00:00.0,4,3:00,422
7068707115,U,OB,1,1,322,903983,60,57:00.0,4,2:00,422
7068707124,U,OB,1,1,164,903983,60,58:00.0,4,2:00,422
7068707133,U,OB,1,1,153,903983,60,33:00.0,4,0:00,422
7068707142,U,OB,1,2,1289,903983,60,03:00.0,4,3:00,422
7068707151,U,OB,1,1,647,903983,60,15:00.0,4,0:00,422
7068707160,U,OB,1,1,505,903983,60,54:00.0,4,2:00,422
706870717X,U,OB,1,2,1042,903983,60,47:00.0,4,2:00,422
7068707189,U,OB,1,1,499,903983,60,23:00.0,4,2:00,422
7068707189,U,OB,1,1,499,903983,79,29:00.0,4,3:00,422
7068707198,U,OB,1,1,255,903983,60,18:00.0,4,2:00,422
7068707207,U,OB,1,1,250,903983,66,11:00.0,4,2:00,422
7068707207,U,OB,1,1,250,903983,60,08:00.0,4,2:00,422
7068707299,U,OB,1,1,1428,140025,73,00:00.0,6,21:00,348
7068707317,U,OB,1,2,800,138087,67,50:00.0,5,5:00,348
7068707986,U,IB,1,1,253,202223,113,17:00.0,1,12:00,348
7068707995,U,OB,1,1,386,R6534898,95,00:00.0,3,15:00,348
7068708013,U,OB,1,1,396,R6534898,15,53:00.0,3,14:00,348
7068708013,U,OB,1,1,396,R6534898,95,52:00.0,3,14:00,348
7068708022,U,OB,1,1,396,R6534898,95,30:00.0,3,14:00,348
7068708040,U,IB,1,7,9895,125040,111,21:00.0,4,4:00,348
7068708069,U,OB,1,1,150,121910,78,33:00.0,5,7:00,348
7068708087,U,IB,1,1,250,249347,113,49:00.0,4,12:00,348
7068708224,U,OB,1,1,1620,140025,73,06:00.0,6,16:00,348
7068708260,U,OB,1,1,3210,130617,76,49:00.0,7,14:00,348
706870827X,U,IB,1,1,3010,130617,110,44:00.0,1,6:00,348
706870827X,U,OB,1,1,3010,130617,76,30:00.0,7,21:00,348
7068708289,U,OB,1,1,253,130617,76,37:00.0,7,14:00,348
7068708298,U,OB,1,1,175,430926,78,42:00.0,6,6:00,348
7068708307,U,OB,1,5,10550,131209,84,35:00.0,3,7:00,348
7068708316,U,IB,1,5,2218,530588,105,42:00.0,6,6:00,348
7068708325,U,IB,1,1,490,530588,115,20:00.0,6,6:00,348
7068708325,U,IB,1,1,490,530588,105,19:00.0,6,6:00,348
7068708673,U,OB,1,1,3595,135421,89,25:00.0,6,13:00,348
7068710314,U,OB,1,1,750,130744,96,04:00.0,7,10:00,348
7068710323,U,OB,1,1,732,129574,89,44:00.0,4,12:00,348
7068710599,U,OB,1,1,170,430429,96,25:00.0,5,4:00,348
7068710608,U,OB,1,3,1725,130978,38,31:00.0,6,3:00,348
7068710617,U,OB,1,1,441,133275,73,13:00.0,6,4:00,348
7068710617,U,OB,1,1,441,133275,81,54:00.0,7,12:00,348
7068710626,U,IB,1,1,280,136913,101,31:00.0,3,13:00,348
7068710635,U,OB,1,5,9665,127369,90,37:00.0,3,2:00,348
7068710644,U,OB,1,1,2945,131503,78,41:00.0,3,7:00,348
7068710653,U,OB,1,1,2945,131503,78,56:00.0,3,7:00,348
7068710781,U,IB,1,6,200,560010,101,32:00.0,4,5:00,348
706871080X,U,IB,1,1,430,560010,101,37:00.0,4,6:00,348
7068710819,U,OB,1,1,180,310968,38,43:00.0,4,11:00,348
7068710828,U,OB,1,3,410,133858,90,44:00.0,5,2:00,348
7068710855,U,IB,1,1,3235,136913,101,34:00.0,3,12:00,348
7068710864,U,IB,1,1,2075,136913,101,16:00.0,3,13:00,348
7068710873,U,IB,1,2,5060,136913,101,09:00.0,3,13:00,348
7068710891,U,IB,1,4,2150,136913,101,26:00.0,3,13:00,348
7068711340,U,OB,1,1,240,280193,90,20:00.0,3,3:00,348
706871135X,U,IB,1,1,893,560010,101,58:00.0,4,4:00,348
7068711369,U,IB,1,2,2290,560010,101,35:00.0,4,4:00,348
7068711378,U,OB,1,2,1175,133275,73,47:00.0,6,4:00,348
7068711387,U,OB,1,1,1085,135421,89,10:00.0,6,15:00,348
7068711414,U,OB,1,1,1650,127369,90,10:00.0,3,2:00,348
7068711991,U,OB,1,1,2510,430161,95,48:00.0,1,9:00,348
7068712202,U,OB,1,6,4160,139630,86,02:00.0,3,8:00,348
7068713816,U,OB,1,2,1450,123830,86,53:00.0,1,0:00,348
7068713843,U,OB,1,1,285,133858,90,29:00.0,5,2:00,348
7068715219,U,OB,1,3,3777,130617,76,20:00.0,7,16:00,348
7068715228,U,IB,1,4,5010,126862,113,47:00.0,3,5:00,348
7068715237,U,OB,1,2,3070,129574,89,05:00.0,4,13:00,348
7068715246,U,OB,1,9,9436,134020,53,36:00.0,7,5:00,348
7068715338,U,OB,1,2,3670,128286,96,44:00.0,3,7:00,348
7068715365,U,OB,1,5,6280,135846,75,53:00.0,6,9:00,348
7068715383,U,OB,1,8,8870,131503,32,11:00.0,3,16:00,348
7068715401,U,OB,1,8,8610,430926,30,19:00.0,6,14:00,348
7068715401,U,OB,1,8,8610,430926,78,33:00.0,6,11:00,348
7068717794,U,OB,1,4,2244,290938,17,03:00.0,5,15:00,740
706871784X,U,OB,1,1,450,125591,18,49:00.0,1,6:00,740
7068718225,U,OB,1,2,480,903894,66,00:00.0,4,10:00,348
7068718234,U,OB,1,1,156,903894,66,54:00.0,4,11:00,348
7068718252,U,OB,1,1,120,903894,66,06:00.0,4,12:00,348
7068718270,U,OB,1,1,143,903894,66,34:00.0,4,12:00,348
706871828X,U,OB,1,1,120,903894,66,25:00.0,4,9:00,348
7068718335,U,CTY,1,1,143,121139,176,41:00.0,5,14:00,348
7068718353,U,OB,1,1,173,130617,76,34:00.0,7,15:00,348
7068718371,U,OB,1,1,143,130617,76,01:00.0,7,16:00,348
7068718380,U,OB,1,1,175,130617,76,03:00.0,7,16:00,348
7068718418,U,OB,1,1,143,130617,76,39:00.0,7,15:00,348
7068718427,U,OB,1,1,143,130617,76,36:00.0,7,15:00,348
7068718463,U,OB,1,1,156,130744,96,42:00.0,7,10:00,348
7068718472,U,OB,1,1,124,130617,76,51:00.0,7,15:00,348
7068718481,U,IB,1,1,143,136818,103,06:00.0,3,8:00,348
7068718537,U,OB,1,1,125,129574,89,11:00.0,4,13:00,348
7068718555,U,OB,1,1,148,129574,89,13:00.0,4,13:00,348
7068718564,U,OB,1,1,143,129574,89,55:00.0,4,12:00,348
7068718573,U,OB,1,1,143,129574,89,48:00.0,4,12:00,348
7068718573,U,IB,1,1,143,129574,159,49:00.0,4,12:00,348
7068718600,U,OB,1,1,155,129574,89,52:00.0,4,12:00,348
7068718638,U,OB,1,1,124,129574,89,46:00.0,4,12:00,348
7068721974,U,OB,1,1,310,134449,89,41:00.0,3,4:00,348
7068721992,U,OB,1,1,250,133275,73,28:00.0,6,4:00,348
7068722010,U,IB,1,1,310,560010,101,18:00.0,4,4:00,348
7068722057,U,OB,1,2,144,130978,38,03:00.0,6,3:00,348
7068722102,U,OB,1,1,320,133858,90,32:00.0,5,2:00,348
7068722176,U,OB,1,1,256,123830,86,26:00.0,1,0:00,348
7068722185,U,OB,1,1,485,903894,66,41:00.0,4,11:00,348
7068722203,U,OB,1,1,256,131503,78,31:00.0,3,6:00,348
7068723377,U,OB,1,2,1160,134449,89,49:00.0,3,4:00,348
7068723395,U,IB,1,1,305,560010,101,24:00.0,4,5:00,348
7068723395,U,IB,1,1,305,560010,154,29:00.0,4,12:00,348
7068723404,U,IB,1,1,1383,560010,101,47:00.0,4,6:00,348
7068723413,U,OB,1,1,756,430429,96,39:00.0,5,3:00,348
7068723422,U,OB,1,2,2456,430429,96,20:00.0,5,5:00,348
7068723431,U,OB,1,1,499,126653,51,38:00.0,7,7:00,348
7068723440,U,OB,1,5,3022,128286,96,50:00.0,3,6:00,348
7068726127,U,OB,1,1,143,133275,73,54:00.0,6,3:00,348
7068727052,U,IB,1,1,140,136102,113,12:00.0,1,14:00,348
7068727070,U,IB,1,1,173,136102,113,09:00.0,1,11:00,348
706872708X,U,IB,1,1,173,136102,113,13:00.0,1,11:00,348
7068727126,U,OB,1,1,120,261053,86,10:00.0,4,14:00,348
7068727153,U,IB,1,1,120,310968,166,43:00.0,4,13:00,348
7068727153,U,OB,1,1,120,310968,38,13:00.0,4,12:00,348
7068727162,U,IB,1,1,153,132695,117,49:00.0,4,14:00,348
7068727171,U,OB,1,1,120,310968,38,49:00.0,4,11:00,348
7068727218,U,OB,1,1,148,261053,86,14:00.0,4,14:00,348
7068727227,U,OB,1,1,148,261053,86,03:00.0,4,14:00,348
7068727254,U,OB,1,1,143,261053,86,11:00.0,4,14:00,348
706872730X,U,IB,1,1,120,202223,113,36:00.0,1,13:00,348
7068727328,U,IB,1,1,120,202223,113,01:00.0,1,14:00,348
7068727364,U,OB,1,1,140,126653,51,00:00.0,7,7:00,348
7068727382,U,OB,1,1,143,202223,85,47:00.0,1,14:00,348
7068727382,U,IB,1,1,143,202223,113,33:00.0,1,13:00,348
7068727391,U,OB,1,1,143,126653,51,13:00.0,7,6:00,348
7068727429,U,IB,1,1,148,132695,117,55:00.0,4,14:00,348
7068727438,U,IB,1,1,143,132695,117,50:00.0,4,14:00,348
7068728464,U,IB,1,1,148,137665,114,39:00.0,1,1:00,348
7068728473,U,IB,1,1,143,137665,114,43:00.0,1,1:00,348
7068728482,U,IB,1,1,140,137665,114,36:00.0,1,1:00,348
7068728529,U,OB,1,1,125,127369,68,48:00.0,3,3:00,348
7068728529,U,OB,1,1,125,127369,90,09:00.0,3,3:00,348
7068728547,U,IB,1,1,125,137665,114,32:00.0,1,1:00,348
7068728592,U,OB,1,1,143,127369,90,02:00.0,3,3:00,348
7068728601,U,OB,1,1,143,127369,90,04:00.0,3,3:00,348
7068728610,U,OB,1,1,143,127369,90,41:00.0,3,2:00,348
706872862X,U,OB,1,1,143,903894,66,15:00.0,4,12:00,348
7068728648,U,OB,1,1,143,903894,66,27:00.0,4,9:00,348
7068728675,U,OB,1,1,153,903894,66,39:00.0,4,12:00,348
7068728693,U,OB,1,1,163,903894,66,30:00.0,4,12:00,348
7068728693,U,IB,1,1,163,903894,157,24:00.0,5,0:00,348
7068728702,U,OB,1,1,143,903894,66,37:00.0,4,12:00,348
7068728978,U,IB,1,1,140,530588,105,24:00.0,6,8:00,348
7068728987,U,CTY,1,1,148,530588,R4  ,55:00.0,6,13:00,348
7068728987,U,IB,1,1,148,530588,105,45:00.0,6,7:00,348
7068729005,U,OB,1,1,148,134020,53,20:00.0,7,3:00,348
7068729005,U,OB,1,1,148,134020,86,12:00.0,7,11:00,348
7068729481,U,IB,1,1,420,132695,117,07:00.0,4,15:00,348
7068729490,U,OB,1,1,4365,125955,55,26:00.0,5,10:00,348
706872950X,U,IB,1,1,2155,134792,113,54:00.0,5,12:00,348
7068729519,U,IB,1,1,2320,134792,113,32:00.0,5,12:00,348
7068729519,U,IB,1,1,2320,134792,153,33:00.0,5,16:00,348
7068729528,U,OB,1,1,2785,134792,82,57:00.0,5,12:00,348
7068729528,U,OB,1,1,2785,134792,82,57:00.0,5,12:00,348
7068729591,U,CTY,1,1,386,128513,176,56:00.0,5,13:00,348
7068730224,U,IB,1,1,2615,125866,113,32:00.0,6,21:00,348
7068733973,U,OB,1,1,310,903894,66,44:00.0,4,11:00,348
706873401X,U,CTY,1,1,300,121139,176,08:00.0,5,15:00,348
7068734029,U,CTY,1,1,250,121139,176,00:00.0,5,15:00,348
7068734038,U,OB,1,1,250,903894,66,53:00.0,4,10:00,348
7068734056,U,CTY,1,1,256,121139,176,10:00.0,5,15:00,348
7068734065,U,OB,1,1,350,430926,78,12:00.0,6,10:00,348
7068734083,U,OB,1,1,350,430926,78,20:00.0,6,11:00,348
7068734175,U,OB,1,2,217,138087,67,21:00.0,5,7:00,348
7068743498,U,OB,1,1,197,903894,66,09:00.0,4,10:00,348
7068744506,U,IB,1,2,2272,136102,113,44:00.0,1,18:00,348
7068744515,U,IB,1,1,1694,136102,113,05:00.0,1,14:00,348
7068744524,U,OB,1,4,1781,133858,90,30:00.0,5,3:00,348
7068744533,U,OB,1,1,650,133858,90,34:00.0,5,3:00,348
7068744560,U,OB,1,1,126,430926,78,00:00.0,6,7:00,348
706874457X,U,OB,1,1,1864,130617,76,21:00.0,7,15:00,348
7068744589,U,OB,1,1,660,130744,96,14:00.0,7,10:00,348
7068744598,U,OB,1,7,8250,129574,89,21:00.0,4,14:00,348
7068744607,U,IB,1,1,466,530588,105,29:00.0,6,8:00,348
7068744616,U,OB,1,1,350,133774,66,22:00.0,7,6:00,348
7068745211,U,OB,1,1,401,130978,38,13:00.0,6,3:00,348
7068747310,U,OB,1,2,1279,138265,84,22:00.0,4,3:00,348
7068747339,U,OB,1,1,927,133774,66,32:00.0,7,6:00,348
7068747943,U,OB,1,1,244,430510,73,20:00.0,7,6:00,202
7068748603,U,IB,1,1,330,136102,113,41:00.0,1,10:00,348
7068748612,U,OB,1,2,2000,134449,89,33:00.0,3,4:00,348
7068748630,U,OB,1,6,3000,261053,86,38:00.0,4,14:00,348
7068748668,U,OB,1,1,855,133275,73,19:00.0,6,4:00,348
7068748677,U,OB,1,1,2100,135421,89,30:00.0,6,12:00,348
7068748686,U,OB,1,1,2710,135421,89,27:00.0,6,12:00,348
7068748695,U,IB,1,2,4855,903894,162,44:00.0,5,0:00,348
7068748695,U,OB,1,2,4855,903894,66,51:00.0,4,9:00,348
7068748704,U,OB,1,1,125,125955,55,46:00.0,5,14:00,348
7068749501,U,OB,1,1,42,280193,90,36:00.0,3,4:00,348
7068749510,U,OB,1,1,300,280193,90,31:00.0,3,4:00,348
7068749566,U,IB,1,4,552,125866,113,48:00.0,6,21:00,348
7068794749,U,OB,1,3,6275,130978,38,52:00.0,6,10:00,348
7068794767,U,OB,1,2,528,125955,55,54:00.0,5,9:00,348
7068794803,U,OB,1,1,2960,129574,89,38:00.0,4,12:00,348
7068794812,U,IB,1,3,3954,249347,113,06:00.0,4,13:00,348
7068802229,U,OB,1,1,253,130617,76,54:00.0,7,14:00,348
7068802238,U,IB,1,3,3104,136818,103,19:00.0,3,7:00,348
7068802247,U,OB,1,1,1427,131209,84,12:00.0,3,5:00,348
7068802247,U,OB,1,1,1427,131209,81,58:00.0,3,8:00,348
7068802256,U,OB,1,1,2200,129574,89,35:00.0,4,13:00,348
7068828299,U,IB,1,1,470,136642,164,33:00.0,3,4:00,845
7068848272,U,OB,1,1,255,136492,48,09:00.0,5,16:00,845
7068859043,U,IB,1,1,176,HAEI23307,131,33:00.0,6,18:00,845
7068870685,U,CTY,1,1,252,119931,175,18:00.0,2,21:00,845
7068870694,U,CTY,1,1,252,126944,190,20:00.0,2,7:00,845
7068870694,U,CTY,1,1,252,126944,189,48:00.0,2,6:00,845
7068941424,U,OB,1,1,85,132150,67,26:00.0,2,21:00,574
7068941451,U,OB,1,2,1420,132150,67,28:00.0,2,21:00,574
7069150956,U,OB,1,1,3,128272,60,03:00.0,4,0:00,740
7069222337,U,OB,1,1,1365,133813,50,42:00.0,4,3:00,740
7069233346,U,OB,1,1,295,137041,26,07:00.0,5,18:00,740
7069239625,U,OB,1,1,150,128272,62,22:00.0,4,6:00,740
7069239625,U,OB,1,1,150,128272,60,31:00.0,4,2:00,740
7069242128,U,OB,1,2,89,128527,48,34:00.0,1,0:00,740
7069263019,U,OB,1,1,432,130761,63,34:00.0,5,10:00,740
7069263046,U,OB,1,1,753,138491,50,39:00.0,5,6:00,740
7069263138,U,OB,1,1,180,136483,46,24:00.0,2,2:00,740
7069263165,U,OB,1,1,160,136483,46,32:00.0,2,2:00,740
7069263302,U,OB,1,2,661,137265,39,30:00.0,6,5:00,740
7069263320,U,OB,1,1,1205,132149,58,00:00.0,7,13:00,740
7069282680,U,OB,1,1,57,127487,43,50:00.0,4,1:00,740
7069313893,U,OB,1,1,376,138474,43,25:00.0,1,8:00,740
7069313920,U,OB,1,1,388,136483,46,25:00.0,2,3:00,740
7069333060,U,OB,1,1,422,128527,48,17:00.0,1,0:00,740
706933307X,U,OB,1,1,229,137806,60,59:00.0,7,10:00,740
7069333125,U,OB,1,3,3592,128272,60,10:00.0,4,1:00,740
7069333208,U,OB,1,1,200,134699,58,50:00.0,6,2:00,740
706934154X,U,CTY,1,4,4124,131617,169,59:00.0,1,21:00,431
7069341586,U,OB,1,1,1050,132944,26,10:00.0,1,5:00,431
7069638027,U,OB,1,1,171,280407,90,39:00.0,5,7:00,525
7069638090,U,CTY,1,1,229,211570,192,57:00.0,5,19:00,525
706963821X,U,IB,1,3,658,261138,145,38:00.0,5,1:00,525
7069638283,U,IB,1,2,265,261138,145,30:00.0,5,6:00,525
7069762601,U,OB,1,2,2200,132147,43,38:00.0,2,16:00,683
7069829490,U,CTY,1,1,950,137041,169,50:00.0,7,3:00,683
7069860117,U,OB,1,1,860,128105,76,04:00.0,7,22:00,683
7200001935,U,OB,1,1,176,139805,55,45:00.0,5,4:00,245
7200001944,U,OB,1,2,3515,117727,43,42:00.0,6,12:00,245
7200001944,U,CTY,1,2,3515,117727,R4  ,29:00.0,6,20:00,245
7200001953,U,OB,1,1,98,117727,43,20:00.0,6,11:00,245
7200015905,U,OB,1,6,5080,134361,50,46:00.0,4,6:00,245
7200016327,U,IB,1,1,159,430204,117,05:00.0,4,4:00,245
7200016336,U,IB,1,1,183,430204,117,39:00.0,4,3:00,245
7200016354,U,IB,1,1,205,129897,111,39:00.0,3,6:00,245
7200016372,U,IB,1,1,118,127543,105,30:00.0,4,2:00,245
7200016390,U,IB,1,1,297,135383,101,40:00.0,3,5:00,245
7200016419,U,OB,1,1,200,134361,50,49:00.0,4,6:00,245
7200016446,U,OB,1,1,854,139805,55,36:00.0,5,4:00,245
7200016473,U,OB,1,1,188,139805,55,00:00.0,5,5:00,245
7200022267,U,IB,1,1,1369,127088,116,30:00.0,6,11:00,245
7200022743,U,IB,1,3,1395,139580,121,37:00.0,3,7:00,245
7200022743,U,IB,1,3,1395,139580,121,37:00.0,3,7:00,245
7200031561,U,OB,1,1,793,136006,75,05:00.0,4,7:00,245
7200031570,U,IB,1,1,324,125077,103,53:00.0,5,13:00,245
7200040527,U,OB,1,5,7404,117727,43,57:00.0,6,11:00,245
7200055211,U,IB,1,2,570,129897,111,44:00.0,3,5:00,245
720005611X,U,OB,1,1,775,132545,55,37:00.0,3,19:00,245
720005611X,U,OB,1,1,775,132545,55,46:00.0,3,19:00,245
7200062572,U,IB,1,1,694,128291,105,42:00.0,7,7:00,245
7200062581,U,IB,1,1,261,133791,117,58:00.0,3,2:00,245
7200062590,U,OB,1,1,322,131615,84,21:00.0,4,3:00,245
7200075406,U,CTY,1,1,220,123328,168,21:00.0,6,4:00,245
7200078064,U,IB,1,1,776,133184,165,32:00.0,1,17:00,245
7200078082,U,OB,1,1,360,138363,78,12:00.0,5,6:00,245
7200078266,U,IB,1,1,150,136046,105,30:00.0,3,10:00,245
7200078275,U,IB,1,1,190,136046,105,37:00.0,3,10:00,245
7200078284,U,IB,1,1,199,136046,105,35:00.0,3,10:00,245
7200078293,U,IB,1,1,594,136046,105,25:00.0,3,10:00,245
7200078311,U,IB,1,1,920,128663,104,10:00.0,5,8:00,245
7200078320,U,IB,1,1,453,132180,105,15:00.0,3,18:00,245
720007833X,U,IB,1,1,107,132180,105,48:00.0,3,18:00,245
7200078349,U,IB,1,1,609,132180,105,36:00.0,3,18:00,245
7200078358,U,IB,1,1,499,132180,105,41:00.0,3,18:00,245
7200078367,U,IB,1,2,610,132180,105,54:00.0,3,18:00,245
7200078376,U,IB,1,1,598,132180,105,50:00.0,3,18:00,245
7200078385,U,OB,1,1,455,134361,50,13:00.0,4,7:00,245
7200080585,U,OB,1,4560,760,132124,96,53:00.0,6,19:00,245
7200080594,U,OB,1,2280,380,132124,96,50:00.0,6,19:00,245
7200092914,U,OB,1,1,150,138497,63,02:00.0,4,4:00,245
720009318X,U,IB,1,1,875,430204,117,51:00.0,4,3:00,245
7200093208,U,IB,1,1,1500,430204,117,06:00.0,4,7:00,245
7200093235,U,IB,1,1,150,131894,103,13:00.0,5,3:00,245
7200093280,U,IB,1,1,745,128663,104,32:00.0,5,6:00,245
720009329X,U,IB,1,1,330,128291,105,56:00.0,7,7:00,245
7200099065,U,CTY,1,2,550,127088,184,47:00.0,6,11:00,245
7200099065,U,IB,1,2,550,127088,116,29:00.0,6,10:00,245
7200099074,U,IB,1,1,85,127088,116,38:00.0,6,11:00,245
7200099092,U,IB,1,1,990,128156,133,44:00.0,5,4:00,245
7200160023,U,CTY,1,5,1410,135089,187,52:00.0,6,8:00,326
7200160216,U,IB,1,3,974,139700,164,50:00.0,1,12:00,326
7200160261,U,CTY,1,7,2500,410361,169,04:00.0,5,20:00,326
7200160326,U,CTY,1,6,2238,410361,169,53:00.0,5,4:00,326
7200160371,U,CTY,1,6,1995,127583,189,49:00.0,3,20:00,326
7200160380,U,IB,1,4,1170,128229,133,19:00.0,2,11:00,326
7200160555,U,CTY,1,1,2739,128229,R4  ,41:00.0,3,10:00,326
7200160591,U,CTY,1,8,2530,410361,169,30:00.0,5,4:00,326
7200160629,U,CTY,1,7,2960,410361,169,08:00.0,5,20:00,326
7200160638,U,IB,1,2,807,132764,125,58:00.0,6,16:00,326
7200160647,U,IB,1,2,5003,132764,125,44:00.0,6,17:00,326
720016072X,U,CTY,1,7,3310,410361,169,16:00.0,5,19:00,326
7200160784,U,IB,1,7,3253,135194,145,18:00.0,7,5:00,326
7200330404,U,OB,1,1,130,134428,14,08:00.0,1,7:00,521
7200330413,U,OB,1,1,100,134428,14,58:00.0,1,5:00,521
7200405388,U,IB,1,1,180,558206,125,22:00.0,5,18:00,859
7200405424,U,OB,1,1,805,136623,88,08:00.0,3,22:00,859
7200405433,U,OB,1,1,560,136623,88,01:00.0,3,22:00,859
7200492499,U,CTY,1,1,503,135321,194,08:00.0,7,13:00,155
7200536140,U,CTY,1,1,80,137462,188,45:00.0,6,16:00,822
7200739714,U,OB,1,2,4300,136650,92,21:00.0,6,7:00,160
7200739714,U,IB,1,2,4300,136650,112,19:00.0,6,7:00,160
7200930252,U,CTY,1,1,295,249234,172,56:00.0,5,13:00,326
7200974638,U,CTY,1,1,205,133349,180,17:00.0,7,19:00,326
7200974638,U,IB,1,1,205,133349,149,51:00.0,7,13:00,326
7200982731,U,CTY,1,1,143,126260,187,51:00.0,1,13:00,326
7201012743,U,IB,1,1,125,133043,149,42:00.0,6,19:00,326
720105788X,U,CTY,1,6,8740,410361,169,31:00.0,5,4:00,326
7201071263,U,CTY,1,3,1000,119435,188,38:00.0,6,11:00,326
720111464X,U,CTY,1,1,408,137603,174,23:00.0,5,2:00,326
7201114879,U,IB,1,1,351,136097,149,29:00.0,7,7:00,326
7201247721,U,CTY,1,1,1300,132816,195,12:00.0,1,18:00,326
7202355587,U,OB,1,1,1910,558489,88,50:00.0,3,7:00,857
720246379X,U,IB,1,1,218,138190,114,48:00.0,6,17:00,216
7202463809,U,IB,1,21,6572,132863,149,01:00.0,7,11:00,216
7202473332,U,IB,1,1,282,135704,101,21:00.0,7,11:00,216
7202473341,U,IB,1,1,555,135704,101,27:00.0,7,11:00,216
7202534602,U,IB,1,2,60,135340,149,19:00.0,3,10:00,216
7202534649,U,IB,1,1,1008,137612,123,12:00.0,7,12:00,216
7202569647,U,OB,1,4,2595,249218,86,29:00.0,1,7:00,216
7202569656,U,IB,1,2,1985,261385,116,57:00.0,4,12:00,216
7202569665,U,IB,1,2,1995,290354,129,15:00.0,4,10:00,216
7202569674,U,IB,1,2,1290,559143,163,53:00.0,1,7:00,216
7202569683,U,IB,1,8,6285,558899,135,39:00.0,7,1:00,216
7202652596,U,CTY,1,25,2150,133023,202,58:00.0,4,6:00,580
7202652641,U,OB,1,1,46,HAEI23421,75,17:00.0,4,20:00,580
7202652825,U,IB,1,13,665,430569,127,33:00.0,1,9:00,580
7202653018,U,IB,1,26,849,126165,149,26:00.0,6,8:00,580
720265310X,U,CTY,1,10,568,134882,192,33:00.0,6,18:00,580
7202653155,U,CTY,1,2,193,139734,187,42:00.0,1,18:00,580
7202653191,U,CTY,1,1,65,139734,187,43:00.0,1,18:00,580
720265332X,U,OB,1,17,710,137256,89,58:00.0,5,21:00,580
7202653568,U,OB,1,4,165,132575,11,14:00.0,1,11:00,580
7202653750,U,OB,1,2,182,132575,11,54:00.0,1,12:00,580
7202653806,U,OB,1,2,49,132575,11,35:00.0,1,13:00,580
7202653842,U,CTY,1,2,68,HAEI23255,175,32:00.0,7,16:00,580
7202654008,U,OB,1,2,68,132944,26,18:00.0,1,3:00,580
7202654356,U,IB,1,1,47,134022,117,48:00.0,5,16:00,580
7202654365,U,IB,1,2,94,134022,117,21:00.0,5,16:00,580
7202654374,U,IB,1,7,239,134022,117,29:00.0,6,1:00,580
7202654383,U,IB,1,2,113,134022,117,52:00.0,6,1:00,580
7202654392,U,IB,1,4,227,134022,117,58:00.0,6,1:00,580
7202654401,U,IB,1,2,68,134022,117,39:00.0,6,1:00,580
7202654410,U,IB,1,2,115,134022,117,46:00.0,6,1:00,580
720265442X,U,IB,1,42,1822,134022,117,10:00.0,5,16:00,580
7202654439,U,IB,1,4,167,134022,117,28:00.0,5,16:00,580
7202654448,U,OB,1,1,21,133095,38,18:00.0,6,14:00,580
7202654457,U,OB,1,1,21,133095,38,02:00.0,6,15:00,580
7202654466,U,OB,1,1,86,133095,38,01:00.0,6,16:00,580
7202654475,U,OB,1,2,125,133095,38,56:00.0,6,14:00,580
7202654484,U,OB,1,4,99,133095,38,03:00.0,6,16:00,580
7202654493,U,OB,1,1,102,133095,38,51:00.0,6,15:00,580
7202654502,U,OB,1,2,82,133095,38,35:00.0,6,16:00,580
7202654511,U,OB,1,2,58,133095,38,08:00.0,6,16:00,580
7202654520,U,OB,1,4,99,133095,38,05:00.0,6,15:00,580
7202903203,U,OB,1,1,200,128853,26,24:00.0,4,10:00,521
7202998050,U,IB,1,5,1613,123699,101,48:00.0,2,16:00,111
7203026917,U,IB,1,1,758,133121,143,42:00.0,7,15:00,111
7203026926,U,IB,1,1,350,133121,143,25:00.0,7,14:00,111
7203055719,U,IB,1,1,342,133121,143,44:00.0,7,16:00,111
7203055746,U,IB,1,1,154,290826,111,02:00.0,5,16:00,111
7203102440,U,OB,1,1,43,131925,78,25:00.0,4,21:00,111
7203293245,U,IB,1,1,177,903344,101,11:00.0,5,1:00,422
7203293254,U,OB,1,1,256,10166,1,58:00.0,6,5:00,422
7203293263,U,OB,1,3,520,843236,74,16:00.0,7,1:00,422
7203293272,U,OB,1,1,141,850053,66,00:00.0,7,3:00,422
7203363095,U,CTY,1,4,3586,136308,173,44:00.0,5,22:00,261
7203497863,U,IB,1,8,7854,202328,164,10:00.0,2,14:00,826
7203503309,U,CTY,1,1,320,128398,173,21:00.0,5,14:00,826
7203509743,U,IB,1,1,425,HAEI27016,116,35:00.0,4,16:00,826
7203539452,U,OB,1,8,16865,123499,26,52:00.0,6,3:00,409
7203540112,U,OB,1,3,260,135206,50,36:00.0,4,9:00,409
7203540671,U,OB,1,2,365,290600,55,26:00.0,5,12:00,409
7203560132,U,OB,1,1,608,290957,67,07:00.0,6,3:00,409
7203574699,U,OB,1,7,2797,134863,32,18:00.0,5,11:00,409
7203574708,U,OB,1,3,1228,135629,76,55:00.0,6,17:00,409
7203652276,U,CTY,1,1,205,134079,189,45:00.0,3,8:00,511
7203676961,U,IB,1,1,545,290328,116,36:00.0,6,3:00,511
7203687898,U,OB,1,2,1680,126859,78,07:00.0,1,16:00,511
7203706991,U,IB,1,1,92,136702,103,24:00.0,5,4:00,511
7203797934,U,IB,1,1,1523,135986,164,31:00.0,1,6:00,511
7203818742,U,IB,1,3,120,136702,103,31:00.0,5,6:00,511
7203943702,U,OB,1,1,3638,125182,38,52:00.0,1,21:00,525
7203950100,U,CTY,1,2,2194,290735,195,47:00.0,4,11:00,511
7204074658,U,CTY,1,1,135,290735,195,49:00.0,4,13:00,511
7204341444,U,OB,1,4,1668,133228,63,17:00.0,3,5:00,432
7204341462,U,OB,1,3,897,133228,63,23:00.0,3,5:00,432
7204341471,U,OB,1,3,2332,133228,63,40:00.0,3,5:00,432
7204341480,U,OB,1,2,380,133228,63,53:00.0,3,4:00,432
720434149X,U,OB,1,3,1543,133228,63,02:00.0,3,5:00,432
7204341509,U,OB,1,1,350,133228,63,49:00.0,3,3:00,432
7204341536,U,OB,1,1,228,133228,63,29:00.0,3,5:00,432
7204341554,U,OB,1,5,2531,137429,90,35:00.0,5,0:00,432
7204341563,U,OB,1,2,1200,279111,90,58:00.0,4,12:00,432
7204341572,U,OB,1,3,2340,279111,90,38:00.0,4,10:00,432
7204341637,U,OB,1,1,334,127570,48,59:00.0,7,2:00,432
7204341646,U,OB,1,4,2553,127570,48,50:00.0,7,3:00,432
7204341655,U,OB,1,1,450,137429,90,04:00.0,5,0:00,432
7204341673,U,OB,1,2,1424,127570,48,10:00.0,7,2:00,432
7204341738,U,OB,1,12,8383,558556,76,40:00.0,6,12:00,432
7204341756,U,OB,1,14,6213,558556,76,51:00.0,6,12:00,432
7204341774,U,OB,1,8,5799,558556,76,08:00.0,6,15:00,432
7204341783,U,OB,1,2,432,558556,76,37:00.0,6,13:00,432
7204341801,U,OB,1,11,5853,558556,76,31:00.0,6,11:00,432
7204341810,U,OB,1,4,2188,558556,76,39:00.0,6,10:00,432
7204603648,U,OB,1,2,682,138745,78,05:00.0,7,14:00,574
7204607736,U,OB,1,3,1690,127088,63,44:00.0,6,13:00,574
7204608295,U,IB,1,1,340,137078,104,31:00.0,1,9:00,574
7204608378,U,IB,1,1,645,121724,133,34:00.0,1,6:00,574
7204608387,U,OB,1,1,104,124137,32,24:00.0,4,21:00,574
7204608414,U,OB,1,1,530,128595,69,30:00.0,2,22:00,574
7204608762,U,OB,1,1,149,128595,69,48:00.0,3,0:00,574
7204609101,U,OB,1,1,220,132150,67,10:00.0,2,19:00,574
7204609139,U,OB,1,1,537,127419,76,49:00.0,4,22:00,574
7204609166,U,OB,1,1,75,133578,76,54:00.0,4,8:00,574
7204647648,U,OB,1,4,6895,291213,72,52:00.0,7,4:00,574
7204809018,U,OB,1,1,130,129542,43,54:00.0,3,19:00,411
7204809027,U,OB,1,1,225,129542,43,50:00.0,3,19:00,411
7204809081,U,OB,1,3,480,135381,86,41:00.0,5,20:00,411
7204809128,U,OB,1,9,2130,126783,48,31:00.0,7,13:00,411
7204809173,U,OB,1,1,165,125881,63,58:00.0,4,19:00,411
7204809191,U,OB,1,1,200,R621615905,69,36:00.0,5,16:00,411
7204809256,U,OB,1,1,55,133519,43,02:00.0,4,14:00,411
7204809265,U,OB,1,1,14,131696,55,59:00.0,4,12:00,411
7204900098,U,CTY,1,1,63,118361,194,36:00.0,3,16:00,661
7205020822,U,IB,1,2,630,136114,145,20:00.0,7,21:00,881
720503559X,U,IB,1,2,1252,249347,152,20:00.0,5,13:00,881
7205035636,U,CTY,1,1,386,128252,197,48:00.0,6,8:00,881
7205035645,U,CTY,1,2,974,128252,197,43:00.0,6,8:00,881
7205035654,U,CTY,1,4,2259,128252,197,31:00.0,6,8:00,881
7205035663,U,CTY,1,1,325,128252,197,17:00.0,6,7:00,881
7205035764,U,IB,1,1,541,130558,160,09:00.0,6,10:00,881
7205035764,U,IB,1,1,541,130558,163,09:00.0,6,7:00,881
7205035800,U,IB,1,1,410,130558,163,05:00.0,6,7:00,881
7205035800,U,IB,1,1,410,130558,160,11:00.0,6,10:00,881
7205244517,U,CTY,1,2,5620,123631,196,12:00.0,1,6:00,857
7205244553,U,IB,1,2,5600,125583,149,45:00.0,3,0:00,857
7205354645,U,OB,1,1,925,121161,58,40:00.0,1,20:00,617
720536658X,U,IB,1,1,300,211017,111,39:00.0,6,8:00,617
7205366855,U,OB,1,1,168,559726,43,01:00.0,4,9:00,617
7205366882,U,OB,1,2,750,138030,49,37:00.0,2,13:00,617
7205366891,U,IB,1,1,85,124118,101,30:00.0,1,22:00,617
7205385600,U,IB,1,2,240,125912,105,09:00.0,6,14:00,617
7205505868,U,OB,1,1,670,138496,86,20:00.0,7,6:00,617
7205543735,U,OB,1,2,990,132715,49,05:00.0,6,13:00,617
7205567403,U,OB,1,1,153,125677,66,31:00.0,4,12:00,617
7205567412,U,OB,1,1,1800,132358,84,46:00.0,3,19:00,617
7205567421,U,OB,1,1,1600,132358,84,06:00.0,3,19:00,617
7205590732,U,IB,1,1,666,249339,104,08:00.0,6,22:00,617
7205850671,U,CTY,1,6,3155,290910,195,11:00.0,5,11:00,847
7205850709,U,IB,1,1,113,134351,164,14:00.0,5,10:00,847
7205944566,U,CTY,1,1,113,132935,174,37:00.0,2,21:00,830
7205966319,U,CTY,1,1,146,136637,192,19:00.0,4,13:00,830
7205966346,U,CTY,1,1,146,137493,192,15:00.0,2,16:00,830
7205966548,U,CTY,1,1,146,132230,168,25:00.0,1,3:00,830
7205966557,U,IB,1,1,146,123809,141,47:00.0,6,18:00,830
7206354774,U,CTY,1,1,74,125192,173,03:00.0,4,21:00,830
7206453572,U,CTY,1,1,360,135728,174,52:00.0,1,14:00,508
7206453691,U,CTY,1,1,340,135728,174,57:00.0,1,14:00,508
7206453958,U,CTY,1,1,350,HAEI25934,192,22:00.0,7,19:00,508
7206453967,U,CTY,1,1,330,127922,197,29:00.0,7,8:00,508
7206454434,U,CTY,1,1,190,HAEI25934,192,27:00.0,7,19:00,508
7206456322,U,CTY,1,1,227,135728,174,13:00.0,1,15:00,508
7206458578,U,OB,1,4,2105,137256,89,52:00.0,5,19:00,508
7206459393,U,OB,1,4,1785,132944,26,24:00.0,1,5:00,508
7206459467,U,IB,1,4,1755,530859,125,57:00.0,7,16:00,508
7206472043,U,IB,1,2,1854,530859,125,45:00.0,7,15:00,508
7206474097,U,IB,1,2,829,135552,105,53:00.0,7,9:00,508
7206474115,U,IB,1,10,8507,125318,111,12:00.0,6,16:00,508
7206474216,U,IB,1,1,176,127614,145,45:00.0,7,14:00,508
7206480421,U,CTY,1,1,1180,127438,168,18:00.0,5,17:00,508
7206483575,U,CTY,1,1,180,530503,187,51:00.0,7,0:00,508
7206504576,U,OB,1,2,817,261258,30,58:00.0,7,13:00,508
7206504576,U,OB,1,2,817,261258,22,51:00.0,7,12:00,508
7206551867,U,OB,1,5,8323,133810,44,39:00.0,1,12:00,511
7206551867,U,OB,1,5,8323,133810,88,02:00.0,1,12:00,511
7206551885,U,CTY,1,8,13855,290980,168,05:00.0,4,18:00,511
7206551885,U,OB,1,8,13855,290980,44,21:00.0,5,9:00,511
7206552031,U,CTY,1,3,5532,139518,169,46:00.0,4,6:00,511
7206552087,U,CTY,1,3,5532,133203,179,40:00.0,2,14:00,511
7206552087,U,CTY,1,3,5532,133203,197,41:00.0,1,17:00,511
7206597856,U,CTY,1,3,5532,431077,173,47:00.0,7,22:00,511
7206597984,U,IB,1,7,12460,135986,164,43:00.0,1,9:00,511
7206822797,U,IB,1,8,8586,T402218947,161,47:00.0,4,12:00,324
7206822797,U,CTY,1,8,8586,T402218947,189,56:00.0,4,9:00,324
7206822860,U,CTY,1,7,8964,132075,175,38:00.0,2,2:00,324
7206904920,U,IB,1,1,228,134835,143,55:00.0,4,12:00,324
7206904985,U,IB,1,1,1420,132523,158,43:00.0,6,8:00,324
7206910833,U,IB,1,1,345,131233,149,18:00.0,6,13:00,324
7206910842,U,IB,1,1,365,131233,149,36:00.0,6,13:00,324
7206950424,U,CTY,1,1,346,261315,174,19:00.0,3,8:00,324
720701900X,U,CTY,1,1,612,135534,188,21:00.0,6,5:00,324
7207052147,U,IB,1,2,849,121231,149,03:00.0,4,14:00,324
7207067098,U,OB,1,1,810,138115,73,46:00.0,5,1:00,412
7207067098,U,CTY,1,1,810,138115,204,36:00.0,5,2:00,412
7207070829,U,IB,1,4,800,131733,141,12:00.0,6,16:00,412
7207070975,U,CTY,1,1,30,127068,173,38:00.0,7,8:00,412
7207070984,U,CTY,1,4,120,127068,173,38:00.0,7,8:00,412
720708522X,U,OB,1,1,945,131416,84,34:00.0,1,7:00,412
7207095074,U,OB,1,1,420,128131,51,24:00.0,2,12:00,412
7207105048,U,OB,1,3,2300,130450,76,23:00.0,1,15:00,412
7207105057,U,OB,1,2,1490,138115,73,58:00.0,5,0:00,412
7207106184,U,OB,1,5,3451,278516,74,05:00.0,6,2:00,412
7207107147,U,IB,1,2,2035,128575,104,04:00.0,5,16:00,412
7207107156,U,OB,1,5,3465,41204,66,39:00.0,3,11:00,412
7207107174,U,CTY,1,5,4673,138087,175,16:00.0,3,4:00,412
7207126094,U,OB,1,7,1508,138182,53,58:00.0,5,22:00,412
7207139258,U,OB,1,1,265,125430,32,25:00.0,4,4:00,412
7207170204,U,OB,1,1,250,139865,78,35:00.0,3,13:00,402
7207170498,U,OB,1,1,215,290348,46,38:00.0,5,1:00,402
7207170543,U,OB,1,1,133,290348,46,08:00.0,5,2:00,402
7207170974,U,IB,1,1,301,138351,149,25:00.0,4,11:00,402
7207171010,U,OB,1,1,705,202347,60,25:00.0,4,14:00,402
7207171149,U,OB,1,5,1399,135088,13,47:00.0,1,6:00,402
7207171313,U,OB,1,1,236,202206,39,58:00.0,3,8:00,402
720717157X,U,IB,1,1,730,140003,135,54:00.0,7,13:00,402
720720864X,U,OB,1,1,226,559536,74,38:00.0,2,21:00,685
7207209162,U,CTY,1,1,226,129628,195,39:00.0,7,4:00,685
7207209171,U,OB,1,1,226,137647,55,04:00.0,6,4:00,685
7207209209,U,OB,1,1,226,137647,55,06:00.0,6,4:00,685
7207209584,U,OB,1,1,226,136484,17,02:00.0,4,13:00,685
7207209768,U,IB,1,1,226,126710,163,24:00.0,7,21:00,685
7207209878,U,OB,1,3,220,41204,66,45:00.0,3,11:00,685
7207209905,U,OB,1,1,227,41204,66,53:00.0,3,11:00,685
7207209923,U,OB,1,1,227,41204,66,52:00.0,3,11:00,685
7207210015,U,OB,1,1,261,430285,23,02:00.0,2,16:00,685
7207210015,U,IB,1,1,261,430285,127,49:00.0,2,9:00,685
7207210437,U,OB,1,1,250,128783,63,01:00.0,6,20:00,685
7207275822,U,CTY,1,1,120,129962,172,00:00.0,4,13:00,873
7207276051,U,CTY,1,1,500,129962,172,18:00.0,4,12:00,873
720728443X,U,IB,1,2,635,121096,133,18:00.0,1,13:00,873
7207289251,U,IB,1,6,3950,127765,127,02:00.0,2,14:00,873
7207295164,U,CTY,1,1,400,135540,174,07:00.0,1,7:00,873
7207295173,U,IB,1,1,292,280877,151,43:00.0,1,14:00,873
7207295191,U,IB,1,1,480,128529,133,06:00.0,3,8:00,873
7207527457,U,IB,1,1,92,131132,125,41:00.0,2,1:00,304
7207527466,U,CTY,1,4,2705,137469,175,58:00.0,3,14:00,304
7207851223,U,OB,1,1,456,130709,26,40:00.0,7,22:00,580
7207851241,U,IB,1,1,480,134022,117,33:00.0,5,14:00,580
7207851297,U,OB,1,1,348,133095,38,49:00.0,6,13:00,580
7207851389,U,IB,1,1,444,134022,117,13:00.0,5,12:00,580
7207851398,U,OB,1,1,594,130709,26,37:00.0,7,22:00,580
7207938949,U,CTY,1,1,540,128325,237,47:00.0,4,21:00,111
7207938949,U,CTY,1,1,540,128325,205,47:00.0,2,22:00,111
7207938949,U,CTY,1,1,540,128325,196,49:00.0,2,2:00,111
7207939012,U,IB,1,3,1765,133121,143,23:00.0,7,16:00,111
7207939068,U,IB,1,1,1050,127898,141,05:00.0,4,13:00,111
7207939077,U,IB,1,1,860,127898,141,01:00.0,4,13:00,111
7208200024,U,OB,1,1,413,126561,96,11:00.0,6,7:00,851
7208287180,U,OB,1,11,152,138557,50,55:00.0,5,2:00,851
7208313389,U,CTY,1,2,1031,131026,174,28:00.0,7,7:00,851
7208313398,U,IB,1,1,351,140274,163,36:00.0,3,9:00,851
7208313580,U,IB,1,3,1439,128053,112,26:00.0,2,19:00,851
7208313755,U,IB,1,4,2257,133806,129,33:00.0,3,7:00,851
7208322995,U,IB,1,2,344,128702,127,24:00.0,5,17:00,851
720844955X,U,OB,1,1,502,125422,90,18:00.0,2,0:00,186
720844955X,U,IB,1,1,502,125422,108,48:00.0,2,13:00,186
7208449807,U,IB,1,1,579,133330,105,37:00.0,6,15:00,186
7208585693,U,OB,1,6,13925,131222,89,13:00.0,2,16:00,186
7208594778,U,CTY,1,1,365,132301,188,50:00.0,6,5:00,186
7208594778,U,CTY,1,1,365,132301,203,56:00.0,6,10:00,186
7208594778,U,CTY,1,1,365,132301,203,04:00.0,6,12:00,186
7208594796,U,IB,1,1,305,140037,112,12:00.0,3,10:00,186
7208594888,U,OB,1,1,290,138939,88,39:00.0,1,22:00,186
7208594915,U,OB,1,1,335,125422,90,10:00.0,1,21:00,186
7208594915,U,CTY,1,1,335,125422,203,53:00.0,2,0:00,186
7208595070,U,IB,1,1,2275,132438,104,17:00.0,2,19:00,186
7208595108,U,IB,1,1,825,132438,104,34:00.0,2,18:00,186
720865602X,U,IB,1,4,9420,137656,164,44:00.0,3,19:00,186
7208656039,U,IB,1,1,2415,HAEI23552,151,57:00.0,6,15:00,186
7208658899,U,CTY,1,1,305,125422,213,04:00.0,2,0:00,186
7208658899,U,CTY,1,1,305,125422,213,04:00.0,2,0:00,186
7208658917,U,IB,1,2,615,133330,105,30:00.0,6,15:00,186
7208658962,U,IB,1,2,580,133596,103,58:00.0,7,0:00,186
7208689194,U,CTY,1,1,486,290977,197,04:00.0,3,13:00,899
7208703934,U,CTY,1,1,720,PASC175379,192,58:00.0,6,10:00,899
7208703970,U,CTY,1,1,278,252131,189,29:00.0,3,12:00,899
7208734615,U,IB,1,2,3890,131187,125,32:00.0,4,12:00,899
7208794583,U,IB,1,1,480,290752,111,21:00.0,1,7:00,899
7208854149,U,IB,1,1,370,135624,141,57:00.0,4,10:00,899
7208926381,U,OB,1,1,354,279919,86,17:00.0,1,11:00,213
7208998514,U,IB,1,1,1325,137165,123,39:00.0,1,20:00,515
7208998523,U,IB,1,1,571,130587,117,45:00.0,2,8:00,515
7208998532,U,IB,1,1,297,117815,135,54:00.0,5,6:00,515
7209021513,U,IB,1,1,706,135543,163,33:00.0,7,0:00,515
7209021641,U,IB,1,1,939,353210,158,02:00.0,5,19:00,515
7209023071,U,IB,1,1,280,137165,123,42:00.0,1,20:00,515
7209023136,U,IB,1,1,225,139907,117,39:00.0,4,18:00,515
7209036372,U,CTY,1,4,2425,133386,237,25:00.0,3,21:00,515
7209036372,U,CTY,1,4,2425,133386,231,54:00.0,2,21:00,515
7209036390,U,IB,1,2,2600,128435,125,46:00.0,2,13:00,515
7209046373,U,IB,1,2,2022,139907,117,33:00.0,4,18:00,515
7209123108,U,CTY,1,1,335,121678,168,40:00.0,2,8:00,515
7209136243,U,IB,1,1,243,135543,163,54:00.0,6,22:00,515
7209136261,U,CTY,1,1,518,133491,176,08:00.0,6,15:00,515
7209136270,U,CTY,1,6,2510,133491,176,55:00.0,6,14:00,515
7209150213,U,OB,1,1,208,130708,49,00:00.0,5,12:00,433
7209156099,U,OB,1,3,1068,131160,46,15:00.0,3,17:00,433
7209157235,U,OB,1,3,1948,133913,40,58:00.0,4,1:00,433
7209157253,U,OB,1,1,144,125035,31,03:00.0,3,13:00,433
7209206194,U,OB,1,2,990,290257,31,20:00.0,5,12:00,433
7209206203,U,OB,1,3,548,128784,31,42:00.0,7,13:00,433
7209219944,U,OB,1,1,116,126047,22,41:00.0,7,15:00,433
7209223987,U,OB,1,1,305,131324,14,08:00.0,5,10:00,433
7209223996,U,OB,1,1,335,129725,53,23:00.0,5,14:00,433
7209224032,U,OB,1,1,280,135485,89,52:00.0,1,10:00,433
7209224050,U,OB,1,1,320,138036,47,16:00.0,1,9:00,433
7209224050,U,CTY,1,1,320,138036,181,18:00.0,1,9:00,433
7209224198,U,OB,1,1,520,133913,40,13:00.0,4,4:00,433
7209224243,U,OB,1,1,155,133913,40,45:00.0,4,3:00,433
7209224252,U,OB,1,1,275,133913,40,42:00.0,4,3:00,433
7209269188,U,OB,1,1,128,277996,17,18:00.0,5,8:00,455
7209302215,U,OB,1,1,3305,136439,43,49:00.0,7,6:00,455
7209444097,U,CTY,1,1,345,134953,188,32:00.0,2,16:00,158
7209456581,U,CTY,1,1,653,136417,175,14:00.0,5,13:00,158
7209500518,U,CTY,1,1,238,137129,172,48:00.0,2,6:00,158
7209500527,U,CTY,1,2,452,132666,197,18:00.0,5,21:00,158
7209632920,U,CTY,1,3,1025,119931,175,57:00.0,2,20:00,581
7209634790,U,CTY,1,1,274,119931,175,51:00.0,2,18:00,581
7209697371,U,IB,1,2,1950,130585,125,43:00.0,2,3:00,581
7209703100,U,IB,1,4,9660,430569,127,24:00.0,1,8:00,581
7209803806,U,CTY,1,1,265,131440,173,21:00.0,6,18:00,324
7209905794,U,IB,1,1,278,290019,163,09:00.0,6,10:00,324
7209905812,U,IB,1,1,280,132523,158,22:00.0,6,15:00,324
7230073307,U,CTY,1,1,316,116843,169,24:00.0,5,9:00,324
7230073334,U,CTY,1,1,70,116843,169,20:00.0,5,9:00,324
7230073590,U,CTY,1,1,533,118588,169,41:00.0,4,14:00,324
7230113457,U,CTY,1,3,1929,136412,195,21:00.0,1,4:00,324
7230116362,U,CTY,1,2,2300,132854,235,41:00.0,2,21:00,324
723012365X,U,CTY,1,1,285,133757,225,11:00.0,5,12:00,324
7230123678,U,CTY,1,7,8875,138928,P   ,04:00.0,6,22:00,324
7230123678,U,CTY,1,7,8875,138928,175,12:00.0,6,17:00,324
7230128123,U,CTY,1,1,395,136507,194,16:00.0,6,0:00,324
723013157X,U,CTY,1,1,620,137622,173,27:00.0,3,20:00,621
7230168053,U,IB,1,1,600,132523,158,07:00.0,6,9:00,324
7230168053,U,IB,1,1,600,132523,113,15:00.0,5,14:00,324
7230170886,U,IB,1,2,820,124078,116,56:00.0,4,10:00,324
7230184526,U,CTY,1,1,166,137855,189,34:00.0,1,20:00,324
7230184663,U,CTY,1,1,166,128483,187,14:00.0,3,16:00,324
7230187817,U,CTY,1,1,500,132845,187,18:00.0,7,10:00,324
7230207442,U,CTY,1,13,1245,139826,215,29:00.0,2,7:00,324
7230207442,U,CTY,1,13,1245,139826,168,37:00.0,7,1:00,324
7230212951,U,CTY,1,1,90,140163,191,50:00.0,6,0:00,324
7230212951,U,CTY,1,1,90,140163,175,14:00.0,5,21:00,324
7230212998,U,IB,1,14,9700,132523,158,33:00.0,6,15:00,324
7230214978,U,CTY,1,1,300,202525,172,29:00.0,3,13:00,324
7230222191,U,IB,1,1,973,134824,149,51:00.0,3,12:00,324
7230228618,U,CTY,1,1,314,291200,188,23:00.0,6,0:00,324
7230228654,U,CTY,1,10,615,126281,192,53:00.0,4,12:00,324
7230228663,U,CTY,1,1,552,126281,192,01:00.0,4,13:00,324
723023310X,U,CTY,1,1,374,T402217967,187,31:00.0,5,0:00,324
7230234392,U,CTY,1,1,164,136412,195,07:00.0,1,5:00,324
7230409842,U,IB,1,8,698,290902,131,25:00.0,3,7:00,216
7230409907,U,IB,1,1,1449,126104,141,15:00.0,5,9:00,216
7230409916,U,IB,1,3,2184,127816,113,16:00.0,3,11:00,216
7230409934,U,IB,1,1,427,135095,149,33:00.0,4,8:00,216
7230566143,U,CTY,1,1,242,138050,196,16:00.0,3,20:00,303
7230566372,U,CTY,1,2,13000,126222,168,18:00.0,7,16:00,303
7230622472,U,CTY,1,1,400,290117,188,27:00.0,3,12:00,303
7230684503,U,OB,1,2,2200,530751,46,11:00.0,3,21:00,422
723068905X,U,OB,1,1,413,821190,50,08:00.0,3,21:00,422
723068905X,U,CTY,1,1,413,821190,231,42:00.0,4,9:00,422
7230689069,U,CTY,1,1,56,821190,231,42:00.0,4,9:00,422
7230689069,U,OB,1,1,56,821190,50,11:00.0,3,20:00,422
7230689976,U,OB,1,1,363,252351,73,16:00.0,7,1:00,422
7230689985,U,OB,1,1,717,310707,40,44:00.0,2,19:00,422
7230689994,U,OB,1,1,955,310707,40,49:00.0,2,18:00,422
7230728678,U,OB,1,1,175,89542,58,29:00.0,3,22:00,422
7230728696,U,OB,1,2,350,559033,51,44:00.0,4,1:00,422
7230728705,U,OB,1,1,175,559033,51,52:00.0,4,1:00,422
7230733738,U,OB,1,1,90,821190,56,56:00.0,4,5:00,422
7230735882,U,OB,1,1,136,390236,76,04:00.0,5,2:00,422
7230735900,U,OB,1,2,311,842167,55,13:00.0,6,2:00,422
723073591X,U,OB,1,3,565,842167,55,22:00.0,6,2:00,422
7230735929,U,OB,1,1,367,842167,55,58:00.0,6,1:00,422
7230735938,U,OB,1,1,162,842167,55,52:00.0,6,1:00,422
7230735965,U,OB,1,1,325,310316,38,20:00.0,2,21:00,422
7230735983,U,OB,1,3,617,561048,73,07:00.0,3,18:00,422
7230735992,U,OB,1,5,1295,842082,32,59:00.0,4,21:00,422
7230737294,U,OB,1,1,100,843236,50,51:00.0,5,20:00,422
723073811X,U,OB,1,1,120,843236,50,01:00.0,5,21:00,422
7230777518,U,OB,1,3,1600,820869,75,14:00.0,3,21:00,422
7230782385,U,OB,1,1,260,830967,76,27:00.0,7,0:00,422
7230782394,U,OB,1,1,223,830967,76,31:00.0,7,0:00,422
7230782403,U,OB,1,1,395,830967,76,29:00.0,7,0:00,422
7230782412,U,OB,1,1,272,830967,76,35:00.0,7,0:00,422
7230782421,U,OB,1,1,965,842274,29,46:00.0,2,19:00,422
7230782421,U,OB,1,1,965,842274,29,46:00.0,2,19:00,422
723078244X,U,OB,1,1,270,820869,72,14:00.0,4,20:00,422
7230782459,U,OB,1,1,1214,820869,72,00:00.0,4,21:00,422
7230782468,U,OB,1,5,5711,820869,72,36:00.0,4,20:00,422
7230782477,U,OB,1,5,5740,820869,72,45:00.0,4,21:00,422
7230782486,U,OB,1,1,952,842100,72,39:00.0,6,23:00,422
7230782504,U,OB,1,1,771,90060,52,03:00.0,2,23:00,422
7230782504,U,IB,1,1,771,90060,107,05:00.0,3,0:00,422
7230783265,U,OB,1,1,196,903983,60,16:00.0,4,3:00,422
7230783274,U,OB,1,1,268,903983,60,13:00.0,4,3:00,422
7230783283,U,OB,1,2,963,120918,51,10:00.0,5,2:00,422
7230783292,U,OB,1,1,469,120918,51,04:00.0,5,2:00,422
7230783301,U,OB,1,1,221,120918,51,21:00.0,5,1:00,422
7230783310,U,OB,1,5,6190,120918,51,59:00.0,5,1:00,422
723078332X,U,OB,1,1,30,532178,72,23:00.0,6,2:00,422
7230783339,U,OB,1,1,655,532178,72,11:00.0,6,4:00,422
7230783348,U,OB,1,1,434,532178,72,01:00.0,6,5:00,422
7230783357,U,OB,1,1,15,532178,72,39:00.0,6,4:00,422
7230783366,U,OB,1,1,168,532178,72,16:00.0,6,3:00,422
7230783375,U,OB,1,1,431,532178,72,02:00.0,6,3:00,422
7230783384,U,OB,1,1,1697,532178,72,47:00.0,6,2:00,422
7230783393,U,OB,1,1,303,532178,72,29:00.0,6,1:00,422
7230783402,U,OB,1,1,433,532178,25,34:00.0,6,1:00,422
7230783402,U,OB,1,1,433,532178,25,34:00.0,6,1:00,422
7230783411,U,OB,1,1,284,111483,74,46:00.0,7,11:00,422
7230783420,U,OB,1,1,1452,111483,74,42:00.0,7,11:00,422
723078343X,U,OB,1,1,1017,111483,74,44:00.0,7,11:00,422
7230783449,U,OB,1,2,2337,111483,74,19:00.0,7,11:00,422
7230783458,U,OB,1,1,538,111483,74,51:00.0,7,11:00,422
7230783467,U,OB,1,1,1600,111483,74,41:00.0,7,11:00,422
7230783476,U,OB,1,2,757,111483,74,18:00.0,7,11:00,422
7230783485,U,OB,1,1,786,111483,29,14:00.0,1,15:00,422
7230783485,U,OB,1,1,786,111483,74,37:00.0,7,11:00,422
7230783494,U,OB,1,1,585,111483,74,14:00.0,7,11:00,422
7230783503,U,OB,1,1,394,111483,74,39:00.0,7,11:00,422
7230786592,U,OB,1,1,389,89542,18,27:00.0,3,21:00,422
723078662X,U,OB,1,1,1765,89542,31,21:00.0,6,22:00,422
7230786648,U,IB,1,1,43,560963,105,25:00.0,6,19:00,422
7230786657,U,IB,1,2,2814,560963,105,22:00.0,6,19:00,422
7230790736,U,OB,1,1,560,559350,51,19:00.0,2,18:00,422
7230790754,U,OB,1,2,660,559350,51,45:00.0,2,18:00,422
7230790900,U,OB,1,1,281,559350,89,10:00.0,4,0:00,422
723079091X,U,OB,1,2,1526,841925,86,20:00.0,7,3:00,422
7230790929,U,OB,1,3,1210,841925,86,06:00.0,7,3:00,422
7230790938,U,OB,1,2,985,841925,86,12:00.0,7,3:00,422
7230790947,U,OB,1,1,463,841925,86,43:00.0,7,2:00,422
7230790956,U,OB,1,2,472,506945,60,07:00.0,3,20:00,422
7230790965,U,OB,1,3,1446,506945,60,19:00.0,3,20:00,422
7230790974,U,OB,1,1,600,506945,60,41:00.0,3,19:00,422
7230791039,U,OB,1,2,845,850053,86,03:00.0,4,22:00,422
7230791057,U,OB,1,1,210,850053,86,30:00.0,4,22:00,422
7230791066,U,OB,1,3,995,850053,86,12:00.0,4,22:00,422
7230791075,U,OB,1,4,7690,850053,86,33:00.0,4,22:00,422
7230791735,U,OB,1,3,2700,530751,50,44:00.0,4,21:00,422
7230802818,U,OB,1,1,450,00DOCK,1,53:00.0,2,17:00,422
723081357X,U,OB,1,1,222,559375,76,42:00.0,6,9:00,422
723081357X,U,OB,1,1,222,559375,79,07:00.0,6,11:00,422
7230813589,U,OB,1,1,898,113979,32,36:00.0,3,2:00,422
7230820308,U,IB,1,3,1500,507215,137,10:00.0,3,0:00,422
7230820317,U,IB,1,2,983,507215,116,17:00.0,3,0:00,422
7230820326,U,IB,1,2,934,507215,116,13:00.0,3,0:00,422
7230820335,U,IB,1,3,1109,507215,116,27:00.0,3,0:00,422
7230820353,U,OB,1,5,2315,97664,72,43:00.0,5,1:00,422
7230820409,U,OB,1,1,300,530504,53,51:00.0,3,22:00,422
7230820418,U,OB,1,2,1732,530504,53,37:00.0,3,23:00,422
7230820436,U,OB,1,1,524,507989,51,11:00.0,6,4:00,422
7230821572,U,OB,1,1,10,310316,38,15:00.0,3,0:00,422
7230821581,U,OB,1,1,10,310316,38,14:00.0,3,0:00,422
7230821628,U,OB,1,1,291,559443,75,44:00.0,2,22:00,422
7230823552,U,OB,1,3,3289,249067,48,08:00.0,5,17:00,422
7230823561,U,OB,1,6,5885,249067,48,01:00.0,5,17:00,422
7230823570,U,OB,1,2,2200,249067,48,13:00.0,5,17:00,422
7230823617,U,OB,1,1,500,904254,72,22:00.0,4,21:00,422
7230823653,U,OB,1,1,525,904254,72,25:00.0,4,21:00,422
7230823736,U,OB,1,1,1067,842872,69,48:00.0,3,22:00,422
7230823745,U,OB,1,5,1975,830959,69,30:00.0,2,18:00,422
7230823754,U,OB,1,4,8780,842872,69,42:00.0,3,22:00,422
7230824277,U,OB,1,1,410,842082,67,49:00.0,5,18:00,422
7230824286,U,OB,1,1,830,138853,22,00:00.0,2,19:00,422
7230826091,U,OB,1,1,1180,821149,55,44:00.0,4,20:00,422
7230837019,U,IB,1,1,353,353244,104,57:00.0,6,21:00,422
7230837028,U,OB,1,2,785,842650,86,43:00.0,4,20:00,422
7230837037,U,OB,1,1,246,842650,86,40:00.0,4,20:00,422
7230837046,U,OB,1,1,1072,842650,86,27:00.0,4,20:00,422
7230837055,U,OB,1,1,592,842650,86,33:00.0,4,20:00,422
7230837064,U,OB,1,2,2794,842650,86,25:00.0,4,20:00,422
7230837073,U,IB,1,1,495,353244,104,53:00.0,6,21:00,422
7230837082,U,IB,1,2,1470,353244,104,43:00.0,6,21:00,422
7230837091,U,IB,1,1,755,353244,104,06:00.0,6,22:00,422
7230837100,U,IB,1,1,430,353244,104,09:00.0,6,22:00,422
7230837147,U,IB,1,1,137,353244,133,10:00.0,3,23:00,422
7230837201,U,OB,1,9,8025,532178,76,08:00.0,6,19:00,422
723084118X,U,IB,1,1,503,830887,105,29:00.0,5,1:00,422
7230841199,U,OB,1,1,968,830967,86,31:00.0,5,21:00,422
7230841208,U,OB,1,1,277,830967,86,24:00.0,5,21:00,422
7230841217,U,OB,1,1,346,841940,53,03:00.0,7,1:00,422
7230841235,U,OB,1,1,284,841940,53,59:00.0,7,0:00,422
7230841547,U,OB,1,1,374,841940,53,57:00.0,7,0:00,422
7230841720,U,OB,1,2,1217,841940,53,52:00.0,7,0:00,422
723084173X,U,OB,1,1,494,841940,53,54:00.0,7,0:00,422
723084173X,U,OB,1,1,494,841940,81,21:00.0,7,6:00,422
7230841987,U,OB,1,1,394,830967,86,35:00.0,5,21:00,422
7230841996,U,OB,1,1,352,830967,86,21:00.0,5,21:00,422
7230842005,U,OB,1,1,621,830967,86,40:00.0,5,21:00,422
7230847808,U,OB,1,1,327,560385,72,52:00.0,2,21:00,422
7230847826,U,OB,1,1,275,136061,48,06:00.0,4,6:00,841
7230847853,U,OB,1,1,200,841940,53,35:00.0,7,0:00,422
7230852886,U,OB,1,1,908,842789,66,50:00.0,3,19:00,422
7230852895,U,OB,1,2,1808,559143,39,23:00.0,5,21:00,422
7230853160,U,OB,1,5,6633,821149,96,33:00.0,4,21:00,422
723085317X,U,OB,1,1,550,821149,96,21:00.0,4,21:00,422
7230853198,U,OB,1,2,1000,821149,87,21:00.0,3,21:00,422
7230853207,U,OB,1,2,2013,821149,87,14:00.0,3,21:00,422
7230853234,U,OB,1,1,400,821149,53,31:00.0,4,21:00,422
7230853243,U,OB,1,4,2328,821149,53,16:00.0,4,21:00,422
7230853252,U,IB,1,5,5207,730114,105,51:00.0,5,20:00,422
7230857084,U,OB,1,3,1645,903814,14,16:00.0,3,20:00,422
7230857102,U,OB,1,5,3640,559935,63,08:00.0,4,22:00,422
7230870578,U,OB,1,1,630,830890,18,39:00.0,5,18:00,422
7230879167,U,OB,1,3,981,390236,76,14:00.0,5,1:00,422
7230879176,U,OB,1,1,92,842872,66,57:00.0,5,22:00,422
7230879185,U,OB,1,3,540,842872,66,22:00.0,5,22:00,422
7230879762,U,OB,1,1,190,558373,60,21:00.0,7,1:00,422
7230887664,U,OB,1,4,2480,390072,55,05:00.0,5,22:00,422
7230887682,U,OB,1,2,1275,830887,17,31:00.0,5,22:00,422
7230887691,U,IB,1,4,2125,850053,127,34:00.0,5,22:00,422
7230893842,U,OB,1,1,1304,311022,58,30:00.0,4,18:00,422
7230898518,U,OB,1,3,1563,841940,48,26:00.0,3,22:00,422
7230898572,U,IB,1,1,304,310506,112,21:00.0,6,0:00,422
7230898581,U,IB,1,1,291,310506,112,23:00.0,6,0:00,422
7230898590,U,OB,1,2,1153,830967,38,00:00.0,3,21:00,422
7230898619,U,OB,1,1,345,841940,48,45:00.0,3,22:00,422
7230898628,U,OB,1,1,341,841940,48,32:00.0,3,22:00,422
7230914468,U,CTY,1,12,2760,559026,169,08:00.0,6,22:00,422
7230914468,U,OB,1,12,2760,559026,67,34:00.0,6,21:00,422
7230914477,U,OB,1,5,1265,842872,63,10:00.0,5,19:00,422
7230914486,U,CTY,1,10,2425,558422,199,10:00.0,3,2:00,422
7230914486,U,OB,1,10,2425,558422,75,34:00.0,2,19:00,422
7230914495,U,OB,1,9,1450,842650,26,35:00.0,3,19:00,422
7230914504,U,OB,1,5,1135,531258,67,56:00.0,2,22:00,422
7230919142,U,OB,1,1,247,830967,39,36:00.0,4,22:00,422
7230919151,U,OB,1,1,364,830967,39,37:00.0,4,22:00,422
7230919160,U,OB,1,1,756,830967,39,37:00.0,4,22:00,422
723091917X,U,OB,1,2,961,850053,39,45:00.0,6,21:00,422
7230919189,U,OB,1,1,288,850053,39,39:00.0,6,21:00,422
7230919198,U,OB,1,1,762,850053,39,31:00.0,6,21:00,422
7230919207,U,OB,1,1,299,850053,39,36:00.0,6,21:00,422
7230919243,U,IB,1,1,864,559033,113,33:00.0,2,23:00,422
7230938181,U,OB,1,2,2415,10260,53,20:00.0,2,18:00,422
7230938190,U,OB,1,7,11950,10260,53,18:00.0,2,18:00,422
723093820X,U,OB,1,1,1660,10260,53,18:00.0,2,18:00,422
7230938219,U,OB,1,1,318,430581,69,19:00.0,5,20:00,422
7230938228,U,OB,1,1,775,430581,69,15:00.0,5,20:00,422
7230938237,U,OB,1,3,1820,430581,69,12:00.0,5,20:00,422
7230938246,U,OB,1,2,2640,430581,69,05:00.0,5,20:00,422
7230938255,U,OB,1,1,394,430581,69,21:00.0,5,19:00,422
7230940538,U,OB,1,2,323,558470,89,30:00.0,5,21:00,422
7230940556,U,OB,1,2,249,821190,43,38:00.0,6,21:00,422
7230940565,U,OB,1,2,703,821190,43,42:00.0,6,21:00,422
7230940574,U,OB,1,2,1213,821190,43,58:00.0,6,21:00,422
7230940583,U,OB,1,3,805,843236,89,07:00.0,4,21:00,422
7230940592,U,OB,1,5,800,843236,89,46:00.0,4,20:00,422
7230940601,U,OB,1,6,840,559146,40,09:00.0,5,20:00,422
7230940610,U,OB,1,2,280,559146,40,35:00.0,5,19:00,422
723094062X,U,OB,1,2,735,559146,40,14:00.0,5,20:00,422
7230940657,U,OB,1,2,580,10422,53,11:00.0,2,20:00,422
7230940666,U,OB,1,10,3000,559414,63,18:00.0,4,3:00,422
7230940675,U,IB,1,2,1068,353210,103,31:00.0,6,20:00,422
7230947028,U,OB,1,1,189,558481,72,53:00.0,4,19:00,422
7230947037,U,OB,1,2,553,558481,72,44:00.0,4,19:00,422
7230947046,U,OB,1,2,1734,558481,72,47:00.0,4,19:00,422
7230947055,U,OB,1,1,308,558481,72,52:00.0,4,19:00,422
7230947073,U,OB,1,1,674,559026,67,56:00.0,6,19:00,422
7230947082,U,OB,1,5,4006,559026,67,05:00.0,6,20:00,422
7230947091,U,OB,1,1,124,559026,67,10:00.0,6,20:00,422
7230947100,U,OB,1,1,278,559026,67,12:00.0,6,20:00,422
723094711X,U,OB,1,1,511,559026,67,08:00.0,6,20:00,422
7230947129,U,OB,1,3,507,558453,49,51:00.0,2,18:00,422
7230947138,U,OB,1,1,491,558453,49,59:00.0,2,18:00,422
7230947147,U,OB,1,3,989,558453,49,54:00.0,2,18:00,422
7230947156,U,OB,1,1,191,561048,73,46:00.0,3,18:00,422
7230947165,U,OB,1,1,289,561048,73,48:00.0,3,18:00,422
7230947174,U,OB,1,1,258,561048,73,50:00.0,3,18:00,422
7230947183,U,OB,1,11,13164,560231,60,19:00.0,4,20:00,422
7230947192,U,OB,1,2,1071,560231,60,30:00.0,4,19:00,422
7230947201,U,OB,1,1,127,560231,60,25:00.0,4,19:00,422
7230947210,U,OB,1,1,349,560231,60,23:00.0,4,19:00,422
723094722X,U,OB,1,2,1719,842872,63,17:00.0,5,18:00,422
7230947239,U,OB,1,1,299,842872,63,20:00.0,5,18:00,422
7230947248,U,OB,1,1,169,842872,63,11:00.0,5,18:00,422
7230947257,U,OB,1,1,849,310753,53,03:00.0,6,21:00,422
7230947798,U,IB,1,1,950,353210,103,35:00.0,6,21:00,422
7230949356,U,OB,1,1,231,842193,66,08:00.0,5,0:00,422
7230965883,U,OB,1,3,4660,530091,48,26:00.0,3,21:00,422
7230965892,U,OB,1,3,3505,830967,39,32:00.0,4,22:00,422
7230965901,U,OB,1,1,2253,830967,39,21:00.0,4,22:00,422
7230965910,U,OB,1,4,8143,89542,4,01:00.0,3,0:00,422
7230965910,U,OB,1,4,8143,89542,26,53:00.0,2,21:00,422
723096592X,U,OB,1,2,2156,89542,26,56:00.0,2,21:00,422
723096592X,U,OB,1,2,2156,89542,4,01:00.0,3,0:00,422
7230965939,U,OB,1,7,15135,89542,67,17:00.0,7,0:00,422
7230965948,U,OB,1,4,9715,89542,31,08:00.0,6,22:00,422
7231043489,U,IB,1,1,165,133251,125,38:00.0,4,15:00,423
7231121185,U,IB,1,2,864,137774,145,14:00.0,3,14:00,898
7231143699,U,IB,1,3,865,139677,145,23:00.0,5,14:00,898
7231190595,U,CTY,1,5,500,133770,195,20:00.0,5,13:00,898
7231193538,U,IB,1,1,151,138145,158,51:00.0,5,12:00,898
7231193601,U,IB,1,1,376,135818,163,39:00.0,3,17:00,898
7231210440,U,CTY,1,1,100,124077,188,57:00.0,3,16:00,898
7231267604,U,CTY,1,6,220,132405,189,20:00.0,6,5:00,431
7231267640,U,OB,1,1,141,119897,48,00:00.0,7,11:00,431
723147181X,U,IB,1,5,4194,290005,152,22:00.0,4,15:00,875
7231494947,U,CTY,1,2,928,261354,188,50:00.0,4,13:00,875
7231589089,U,IB,1,1,580,123779,133,03:00.0,4,20:00,218
723158918X,U,IB,1,2,2340,122848,111,39:00.0,6,15:00,218
7231589208,U,IB,1,1,411,122848,111,11:00.0,6,15:00,218
7231594753,U,IB,1,1,260,123581,111,32:00.0,5,13:00,218
7231594753,U,OB,1,1,260,123581,97,06:00.0,5,14:00,218
7231614068,U,IB,1,5,1140,132790,116,39:00.0,4,0:00,218
7231614196,U,OB,1,1,78,131399,96,53:00.0,3,17:00,218
7231614250,U,IB,1,1,212,121117,104,08:00.0,3,21:00,218
723161448X,U,OB,1,3,764,290066,91,58:00.0,3,21:00,218
723161448X,U,OB,1,3,764,290066,91,58:00.0,3,21:00,218
723165199X,U,OB,1,1,1069,140101,88,53:00.0,6,12:00,218
7231690078,U,IB,1,9,8957,131285,105,41:00.0,7,1:00,218
7231690334,U,IB,1,8,8531,R218192043,114,49:00.0,1,11:00,218
723169038X,U,IB,1,1,626,123779,133,27:00.0,4,20:00,218
7231727707,U,IB,1,6,1298,R211600269,123,56:00.0,5,22:00,218
7231727770,U,OB,1,6,2573,252293,84,45:00.0,6,16:00,218
7231727835,U,IB,1,1,172,135159,116,59:00.0,1,6:00,218
7231727862,U,IB,1,4,1293,R218191522,103,52:00.0,5,20:00,218
7231727972,U,OB,1,2,1005,119040,90,16:00.0,6,20:00,218
7231727990,U,IB,1,3,1068,R218191522,103,53:00.0,5,22:00,218
7231732280,U,OB,1,1,205,119040,90,12:00.0,6,19:00,218
7231732354,U,IB,1,3,837,390044,111,34:00.0,3,12:00,218
7231732529,U,IB,1,1,185,R218191522,103,11:00.0,5,19:00,218
7231732601,U,IB,1,1,598,390044,111,53:00.0,3,11:00,218
7231732610,U,IB,1,1,820,390044,111,24:00.0,3,12:00,218
723173262X,U,OB,1,1,731,135935,89,59:00.0,6,15:00,218
7231732684,U,IB,1,1,135,R218191522,103,56:00.0,5,18:00,218
7231732693,U,IB,1,1,105,R218191522,103,52:00.0,5,19:00,218
7231733537,U,OB,1,2,1043,129593,90,44:00.0,1,7:00,218
7231733573,U,OB,1,2,1645,T525255364,95,03:00.0,4,22:00,218
7231733591,U,IB,1,3,1702,126280,116,51:00.0,5,19:00,218
7231733674,U,IB,1,1,332,131285,105,59:00.0,6,22:00,218
723174219X,U,IB,1,4,2480,R211600269,123,36:00.0,5,22:00,218
723174219X,U,CTY,1,4,2480,R211600269,R3  ,18:00.0,6,9:00,218
7231752181,U,IB,1,6,2978,430079,101,12:00.0,3,18:00,218
723175308X,U,IB,1,1,225,122848,111,08:00.0,6,15:00,218
7231753813,U,IB,1,3,1179,R218192043,114,28:00.0,1,10:00,218
7231753813,U,IB,1,3,1179,R218192043,107,56:00.0,1,13:00,218
7231753831,U,IB,1,1,749,133730,117,56:00.0,4,21:00,218
7231753941,U,IB,1,2,1086,390229,116,18:00.0,2,4:00,218
7231785769,U,IB,1,1,67,559510,112,56:00.0,4,20:00,218
7231785796,U,IB,1,1,398,559510,112,23:00.0,4,21:00,218
7231785841,U,IB,1,1,2045,R218181347,131,41:00.0,5,18:00,218
723178586X,U,IB,1,1,80,119993,114,02:00.0,6,5:00,218
7231785879,U,IB,1,5,8335,530455,117,33:00.0,6,4:00,218
7231785960,U,IB,1,2,1425,390044,111,56:00.0,3,2:00,218
7231786052,U,IB,1,2,2371,125305,133,06:00.0,7,20:00,218
7231787309,U,IB,1,1,308,133730,117,01:00.0,4,22:00,218
7231787327,U,OB,1,4,3470,252293,84,12:00.0,6,20:00,218
7231787345,U,OB,1,1,1250,122243,94,06:00.0,6,6:00,218
7231787345,U,OB,1,1,1250,122243,92,39:00.0,6,1:00,218
7231787345,U,OB,1,1,1250,122243,89,20:00.0,6,0:00,218
7231787354,U,OB,1,3,2888,252293,84,30:00.0,6,20:00,218
7231787381,U,IB,1,1,394,135159,116,17:00.0,1,3:00,218
7231787419,U,IB,1,1,435,135159,116,29:00.0,1,3:00,218
7231787419,U,OB,1,1,435,135159,82,45:00.0,1,4:00,218
7231787419,U,OB,1,1,435,135159,82,27:00.0,1,6:00,218
7231787675,U,OB,1,1,785,129593,90,37:00.0,1,6:00,218
7231787684,U,OB,1,6,9810,129593,90,03:00.0,1,7:00,218
7231787749,U,IB,1,1,256,133730,117,47:00.0,4,21:00,218
7231792102,U,OB,1,1,1650,290805,8,08:00.0,1,0:00,218
7231792102,U,IB,1,1,1650,290805,127,06:00.0,1,0:00,218
7231792158,U,OB,1,1,69,135159,88,10:00.0,1,10:00,218
7231792158,U,IB,1,1,69,135159,116,47:00.0,1,3:00,218
7231811298,U,IB,1,1,175,430881,112,20:00.0,4,7:00,218
7231811307,U,OB,1,1,175,252293,84,19:00.0,6,18:00,218
7231811316,U,IB,1,1,200,R218616870,103,29:00.0,3,22:00,218
7231811325,U,IB,1,1,440,559835,145,41:00.0,2,15:00,218
7231811361,U,CTY,1,2,335,T415634691,192,01:00.0,7,11:00,218
7231827697,U,OB,1,2,149,131399,96,59:00.0,3,16:00,218
7231847441,U,IB,1,1,385,133274,129,00:00.0,3,19:00,218
7231871064,U,OB,1,2,4570,116773,94,31:00.0,6,3:00,218
7231871064,U,CTY,1,2,4570,116773,187,26:00.0,5,21:00,218
723187111X,U,IB,1,1,57,530455,117,26:00.0,6,5:00,218
7231871138,U,CTY,1,1,175,904116,189,33:00.0,7,7:00,218
7231871165,U,OB,1,1,449,R218191534,82,27:00.0,3,1:00,218
7231871165,U,IB,1,1,449,R218191534,114,37:00.0,2,18:00,218
7231934433,U,IB,1,1,389,129514,127,09:00.0,4,1:00,218
7231937908,U,OB,1,1,93,135081,96,12:00.0,7,21:00,218
7231941987,U,IB,1,1,70,128880,113,20:00.0,3,21:00,218
7231941996,U,IB,1,1,45,128880,113,57:00.0,3,20:00,218
7231943426,U,IB,1,1,70,121117,104,44:00.0,3,21:00,218
7231943435,U,IB,1,1,142,121117,104,41:00.0,3,21:00,218
7231943462,U,CTY,1,1,70,130844,189,08:00.0,3,20:00,218
7231943664,U,OB,1,1,32,290149,88,28:00.0,4,1:00,218
7231958110,U,IB,1,1,1950,128880,113,54:00.0,3,20:00,218
7231990708,U,IB,1,3,748,131681,117,43:00.0,6,4:00,218
7231990717,U,IB,1,1,300,131681,117,24:00.0,6,6:00,218
7232005841,U,IB,1,3,751,558629,117,03:00.0,1,9:00,218
7232015283,U,OB,1,1,3500,129593,90,52:00.0,1,6:00,218
7232036028,U,IB,1,1,204,132453,105,16:00.0,7,0:00,218
7232171997,U,CTY,1,3,3900,136270,197,11:00.0,1,7:00,811
7232172006,U,CTY,1,5,7775,140231,189,54:00.0,5,0:00,811
7232172767,U,OB,1,4,5615,133890,63,03:00.0,4,0:00,811
7232172794,U,CTY,1,9,14025,135317,187,38:00.0,5,20:00,811
7232180613,U,IB,1,1,535,128092,133,08:00.0,7,7:00,811
723224291X,U,CTY,1,1,447,121678,168,36:00.0,2,8:00,811
7232248061,U,CTY,1,2,785,134789,169,08:00.0,3,15:00,811
7232248438,U,IB,1,1,3622,131923,129,20:00.0,7,5:00,811
7232260226,U,IB,1,1,160,211026,129,31:00.0,1,7:00,811
7232262179,U,IB,1,2,4660,131177,117,46:00.0,2,12:00,811
7232262307,U,CTY,1,2,1235,129553,168,27:00.0,2,14:00,811
7232262334,U,IB,1,10,5575,125129,150,01:00.0,6,0:00,811
7232314548,U,IB,1,1,4950,430356,149,33:00.0,5,15:00,216
7232631229,U,OB,1,1,184,125153,86,47:00.0,4,13:00,266
7232799547,U,IB,1,44,841,125276,116,51:00.0,1,8:00,243
7232799601,U,IB,1,6,2771,133216,114,12:00.0,6,5:00,243
723294647X,U,CTY,1,8,3385,126511,189,19:00.0,4,18:00,401
723294647X,U,CTY,1,8,3385,126511,188,50:00.0,4,17:00,401
7232946534,U,OB,1,2,911,132412,26,01:00.0,4,15:00,401
7232946828,U,OB,1,5,1950,134132,76,00:00.0,5,14:00,401
723296616X,U,IB,1,1,120,140342,111,48:00.0,7,8:00,401
7233002497,U,CTY,1,1,598,CVEN46008,173,19:00.0,7,8:00,135
7233002515,U,IB,1,1,305,CVEN46029,101,35:00.0,4,20:00,135
7233061585,U,OB,1,20,6766,132857,84,50:00.0,1,22:00,135
7233092751,U,OB,1,1,850,45505,55,09:00.0,6,20:00,521
7234658821,U,CTY,1,3,2350,137976,172,40:00.0,7,13:00,123
723475839X,U,CTY,1,1,431,133888,231,11:00.0,4,17:00,152
723475839X,U,CTY,1,1,431,133888,231,11:00.0,4,17:00,152
7234802564,U,IB,1,3,1022,135099,164,48:00.0,5,4:00,152
7234802573,U,CTY,1,2,1242,132666,197,51:00.0,5,21:00,152
7234938010,U,OB,1,3,11827,125542,96,59:00.0,4,13:00,152
7234943364,U,IB,1,12,498,123681,141,19:00.0,4,7:00,152
7234972431,U,CTY,1,37,870,CVEN44868,187,03:00.0,7,18:00,152
7234972579,U,CTY,1,55,720,CVEN44708,194,17:00.0,1,19:00,152
7234988271,U,IB,1,1,1056,123681,141,40:00.0,4,6:00,152
7234988280,U,CTY,1,1,1056,134562,192,40:00.0,5,10:00,152
7235110234,U,CTY,1,4,1200,125404,195,04:00.0,7,1:00,138
7235110252,U,CTY,1,1,122,129714,172,13:00.0,4,4:00,138
7235127165,U,CTY,1,1,283,138779,221,32:00.0,6,20:00,138
723512722X,U,CTY,1,1,284,134197,197,05:00.0,5,19:00,138
7235280835,U,IB,1,1,1468,134475,143,42:00.0,4,16:00,783
7235345872,U,CTY,1,1,120,135164,187,44:00.0,5,8:00,783
7235404026,U,CTY,1,4,2240,123790,169,46:00.0,2,2:00,830
7235434990,U,IB,1,1,500,136095,143,59:00.0,6,1:00,783
7235501971,U,CTY,1,4,1055,126363,172,08:00.0,3,19:00,783
7235501980,U,CTY,1,3,705,119791,197,55:00.0,4,7:00,783
723550199X,U,CTY,1,3,550,119791,197,27:00.0,4,7:00,783
7235502045,U,IB,1,3,1850,133095,141,17:00.0,6,0:00,783
7235571830,U,CTY,1,1,345,128325,196,37:00.0,2,2:00,111
7235572097,U,CTY,1,2,3230,131810,174,27:00.0,6,10:00,111
7235572409,U,CTY,1,1,345,133888,233,44:00.0,4,15:00,111
7235572409,U,CTY,1,1,345,133888,189,43:00.0,4,15:00,111
723559021X,U,IB,1,1,1755,124340,112,57:00.0,4,8:00,244
7235631937,U,IB,1,3,1205,290300,145,25:00.0,6,21:00,244
7235639426,U,IB,1,2,3094,138153,149,29:00.0,3,16:00,244
7235677019,U,IB,1,1,530,132073,127,53:00.0,7,18:00,244
7235890318,U,IB,1,7,11770,136712,105,50:00.0,2,16:00,890
7235893874,U,IB,1,1,1190,135907,113,49:00.0,5,19:00,890
7235893883,U,IB,1,1,1245,134519,163,43:00.0,2,20:00,890
7235940707,U,IB,1,4,8396,137913,135,36:00.0,7,7:00,890
7235950057,U,IB,1,1,1409,140415,163,15:00.0,4,19:00,890
7235950066,U,IB,1,1,337,134353,113,27:00.0,7,7:00,890
7235950084,U,IB,1,2,2261,139808,151,58:00.0,5,14:00,890
7235958188,U,IB,1,1,325,135907,113,56:00.0,5,19:00,890
7235978639,U,IB,1,1,275,134519,163,26:00.0,2,18:00,890
7235978648,U,IB,1,1,405,131829,143,15:00.0,3,15:00,890
7235980471,U,OB,1,3,318,138176,96,34:00.0,6,6:00,890
7235982195,U,IB,1,1,490,128898,133,20:00.0,5,17:00,890
7235982240,U,IB,1,1,90,137436,119,04:00.0,6,16:00,890
7235982278,U,IB,1,1,119,128898,133,06:00.0,5,15:00,890
7235982287,U,IB,1,1,174,128898,133,13:00.0,5,15:00,890
7235982305,U,IB,1,1,180,139808,151,37:00.0,5,13:00,890
7235982323,U,IB,1,1,120,128898,133,47:00.0,5,14:00,890
7235994488,U,IB,1,1,203,135924,145,04:00.0,2,15:00,890
7236001160,U,CTY,1,1,435,138160,168,12:00.0,2,14:00,890
7236034573,U,IB,1,3,1135,131057,131,25:00.0,6,3:00,890
7236123242,U,CTY,1,1,350,132400,189,05:00.0,7,15:00,188
7236141989,U,IB,1,5,3433,138387,149,14:00.0,5,10:00,188
7236201580,U,CTY,1,6,5524,127610,J20 ,51:00.0,1,1:00,326
7236201580,U,CTY,1,6,5524,127610,191,09:00.0,1,1:00,326
7236201580,U,CTY,1,6,5524,127610,191,09:00.0,1,1:00,326
7236208465,U,IB,1,1,642,133442,145,33:00.0,1,1:00,875
7236208474,U,CTY,1,1,509,127626,188,19:00.0,2,7:00,875
7236208474,U,CTY,1,1,509,127626,235,18:00.0,3,21:00,875
7236214643,U,IB,1,1,100,135862,141,43:00.0,7,19:00,875
7236218668,U,CTY,1,1,725,128090,175,38:00.0,3,6:00,875
7236244399,U,CTY,1,40,2232,138189,192,39:00.0,3,13:00,875
7236265757,U,CTY,1,1,350,131925,187,14:00.0,3,10:00,875
723641675X,U,IB,1,10,1915,126033,152,12:00.0,5,9:00,889
723641675X,U,CTY,1,10,1915,126033,231,13:00.0,5,19:00,889
723647351X,U,CTY,1,2,1525,131208,173,06:00.0,3,14:00,889
7236476499,U,CTY,1,2,267,261219,188,13:00.0,1,22:00,889
7236480641,U,CTY,1,1,149,126420,175,58:00.0,1,9:00,889
7236493769,U,IB,1,1,756,125935,158,08:00.0,6,21:00,889
7236502055,U,CTY,1,1,161,126420,175,35:00.0,1,10:00,889
7236503238,U,IB,1,1,250,125434,129,11:00.0,7,0:00,889
723650431X,U,IB,1,1,379,136913,151,56:00.0,3,0:00,889
7236507582,U,CTY,1,1,575,131973,195,37:00.0,4,3:00,889
7236520425,U,CTY,1,1,355,138152,174,36:00.0,2,1:00,889
7236537264,U,CTY,1,1,112,136232,192,12:00.0,5,13:00,889
7236537915,U,IB,1,2,523,211026,129,37:00.0,1,9:00,889
7236541004,U,IB,1,1,220,130480,143,11:00.0,7,22:00,889
7236544084,U,IB,1,1,275,211026,154,11:00.0,1,8:00,889
7236544084,U,IB,1,1,275,211026,154,11:00.0,1,8:00,889
7236544093,U,IB,1,1,145,128770,158,11:00.0,7,13:00,889
7236544093,U,IB,1,1,145,128770,154,41:00.0,7,21:00,889
7236564553,U,CTY,1,3,1275,133267,192,57:00.0,3,10:00,889
7236644624,U,IB,1,4,710,134287,158,58:00.0,2,11:00,889
7236644642,U,OB,1,1,149,127135,78,10:00.0,4,16:00,889
7236644651,U,OB,1,1,149,127135,78,12:00.0,4,16:00,889
7236709039,U,OB,1,1,300,133721,51,41:00.0,7,3:00,423
7236709057,U,OB,1,1,295,133721,51,28:00.0,7,3:00,423
7236737006,U,OB,1,1,995,128463,20,07:00.0,1,3:00,423
7236737006,U,OB,1,1,995,128463,63,03:00.0,1,3:00,423
7236744082,U,OB,1,1,410,128641,22,47:00.0,5,18:00,423
723676831X,U,OB,1,1,300,128463,63,57:00.0,1,7:00,423
7236775652,U,OB,1,1,251,125737,55,40:00.0,6,4:00,423
7236779897,U,OB,1,1,530,126796,43,21:00.0,2,3:00,423
7236814877,U,OB,1,3,4845,133495,75,14:00.0,1,10:00,423
7236819304,U,OB,1,1,4275,133721,51,54:00.0,7,4:00,423
7236819340,U,OB,1,2,1040,133721,51,45:00.0,7,6:00,423
723681935X,U,OB,1,2,630,559206,40,54:00.0,5,21:00,423
7236826811,U,OB,1,1,1274,138477,39,12:00.0,1,13:00,423
723682683X,U,IB,1,1,980,136069,145,29:00.0,3,17:00,423
7236841589,U,OB,1,3,3385,133519,43,24:00.0,4,16:00,423
7236949737,U,OB,1,7,4392,135215,67,07:00.0,6,16:00,521
7236949782,U,OB,1,3,2444,133078,88,38:00.0,4,8:00,521
723694981X,U,OB,1,1,673,139967,67,53:00.0,7,22:00,521
7236949838,U,OB,1,2,1064,139967,67,47:00.0,7,22:00,521
723695124X,U,OB,1,2,1800,137941,88,46:00.0,5,3:00,521
7236951268,U,IB,1,1,220,130948,103,34:00.0,2,10:00,521
7236964650,U,OB,1,5,7860,138432,46,52:00.0,6,21:00,521
723696477X,U,CTY,1,2,1696,138630,196,18:00.0,5,8:00,521
7236984598,U,OB,1,1,1080,133078,88,47:00.0,4,6:00,521
7236987851,U,OB,1,9,8103,127088,63,19:00.0,6,13:00,521
7237072295,U,IB,1,1,115,291244,113,53:00.0,5,13:00,521
7237081443,U,OB,1,1,175,137941,88,06:00.0,5,4:00,521
7237156142,U,OB,1,1,1524,140358,26,16:00.0,4,21:00,455
7237242328,U,CTY,1,1,96,290332,192,18:00.0,7,13:00,809
7237253355,U,IB,1,4,3398,139017,133,44:00.0,6,9:00,809
7237253575,U,IB,1,1,808,137579,117,11:00.0,5,9:00,809
7237253694,U,IB,1,2,1300,137579,117,00:00.0,5,9:00,809
7237265318,U,CTY,1,2,288,135317,187,19:00.0,5,21:00,809
7237275941,U,IB,1,1,461,130862,158,22:00.0,3,11:00,809
7237277564,U,IB,1,1,1414,130862,158,42:00.0,3,10:00,809
7237283073,U,CTY,1,2,2723,132414,174,07:00.0,5,0:00,809
723729345X,U,IB,1,1,789,249183,123,43:00.0,2,14:00,809
7237293505,U,IB,1,2,921,249183,123,54:00.0,2,14:00,809
7237293532,U,CTY,1,1,534,130908,197,32:00.0,7,17:00,809
723729356X,U,IB,1,1,680,261345,145,13:00.0,4,21:00,809
7237293588,U,CTY,1,1,680,126420,205,52:00.0,2,9:00,809
7237293588,U,CTY,1,1,680,126420,175,53:00.0,1,9:00,809
7237293606,U,IB,1,1,410,261345,145,37:00.0,4,21:00,809
7237293743,U,IB,1,2,1200,131118,164,16:00.0,4,2:00,809
7237293853,U,IB,1,1,408,128092,133,36:00.0,7,8:00,809
7237293963,U,IB,1,1,693,130862,158,01:00.0,3,11:00,809
7237294037,U,IB,1,2,695,130862,158,04:00.0,3,11:00,809
7237294421,U,IB,1,1,50,126033,152,16:00.0,5,10:00,809
7237294486,U,CTY,1,2,475,140231,189,32:00.0,5,3:00,809
7237295009,U,IB,1,1,245,125935,158,31:00.0,6,21:00,809
7237301324,U,IB,1,3,1873,130990,164,29:00.0,1,13:00,809
7237301461,U,IB,1,1,516,136913,151,49:00.0,3,0:00,809
7237309152,U,IB,1,7,3297,130862,158,03:00.0,3,13:00,809
7237309170,U,CTY,1,7,4090,131973,195,37:00.0,4,6:00,809
7237309244,U,IB,1,1,471,138342,152,19:00.0,1,14:00,809
7237309327,U,IB,1,1,96,125809,145,28:00.0,7,6:00,809
7237309336,U,IB,1,1,96,125809,145,18:00.0,7,6:00,809
7237309639,U,IB,1,1,429,138491,133,50:00.0,4,3:00,809
7237309693,U,IB,1,5,1675,138342,152,47:00.0,1,15:00,809
7237310885,U,IB,1,1,1500,130862,158,42:00.0,3,12:00,809
7237311673,U,CTY,1,1,200,139757,172,41:00.0,3,13:00,809
7237311700,U,CTY,1,1,100,132414,174,33:00.0,4,22:00,809
7237488059,U,IB,1,1,470,134626,123,12:00.0,2,17:00,881
7237488077,U,IB,1,1,1065,131051,152,15:00.0,6,17:00,881
7237488095,U,IB,1,2,2165,131051,152,23:00.0,6,17:00,881
7237491588,U,IB,1,5,9023,249347,152,37:00.0,5,15:00,881
7237502954,U,IB,1,2,1078,133123,151,52:00.0,4,3:00,881
7237674810,U,CTY,1,5,1930,T402218947,189,22:00.0,4,10:00,272
7237682108,U,IB,1,3,1532,134516,114,29:00.0,5,14:00,272
7237682162,U,CTY,1,2,1270,132845,187,47:00.0,7,11:00,272
7237682180,U,CTY,1,1,640,125775,194,15:00.0,2,0:00,272
7237682218,U,CTY,1,2,960,125775,194,32:00.0,2,0:00,272
7237687177,U,IB,1,1,95,T402218929,145,26:00.0,5,10:00,272
7237875589,U,IB,1,1,128,45495,145,26:00.0,4,17:00,272
7237891373,U,CTY,1,2,6192,135708,169,44:00.0,6,4:00,272
7237891382,U,CTY,1,6,6192,118908,187,10:00.0,1,13:00,272
7237900200,U,CTY,1,1,571,136412,195,24:00.0,1,8:00,272
7237900238,U,CTY,1,2,3227,118908,187,50:00.0,1,12:00,272
7237917901,U,IB,1,1,140,290019,163,28:00.0,6,9:00,272
7237918617,U,CTY,1,1,570,134974,187,46:00.0,3,22:00,272
7237918626,U,CTY,1,1,545,135731,197,55:00.0,5,19:00,272
7237918635,U,CTY,1,1,200,135731,197,44:00.0,5,11:00,272
7237919167,U,IB,1,2,1465,290019,163,00:00.0,6,12:00,272
723791924X,U,CTY,1,1,735,135534,188,50:00.0,6,7:00,272
7237920936,U,CTY,1,4,1073,126164,210,17:00.0,6,12:00,272
7237920981,U,CTY,1,1,167,135731,197,33:00.0,5,18:00,272
7237923026,U,IB,1,1,225,T402218929,145,53:00.0,5,12:00,272
7238068592,U,CTY,1,2,1715,134948,181,00:00.0,2,22:00,272
7238068592,U,CTY,1,2,1715,134948,181,00:00.0,2,22:00,272
7238068895,U,IB,1,2,1252,121231,149,47:00.0,4,13:00,272
7238069124,U,CTY,1,2,1345,T402217967,187,58:00.0,4,21:00,272
7238110659,U,IB,1,1,145,45495,145,26:00.0,4,16:00,272
7238162808,U,OB,1,1,330,129611,88,16:00.0,2,9:00,268
7238162826,U,CTY,1,1,560,135097,233,25:00.0,4,19:00,268
7238162826,U,CTY,1,1,560,135097,192,19:00.0,4,19:00,268
7238214966,U,IB,1,1,469,123162,114,20:00.0,7,8:00,240
7238214975,U,CTY,1,4,1354,135080,174,02:00.0,7,6:00,240
7238285357,U,CTY,1,3,3415,127543,196,06:00.0,1,19:00,240
7238325644,U,IB,1,1,190,123162,114,35:00.0,7,7:00,268
7238359780,U,IB,1,1,120,139876,149,26:00.0,6,22:00,268
723836001X,U,IB,1,1,145,130935,143,55:00.0,1,2:00,268
7238360029,U,IB,1,1,135,130935,143,05:00.0,1,3:00,268
7238379068,U,CTY,1,2,4230,125240,174,23:00.0,7,1:00,356
7238379077,U,IB,1,1,1470,290019,163,46:00.0,6,9:00,356
7238388308,U,CTY,1,1,255,135708,169,36:00.0,6,4:00,356
7238478645,U,IB,1,2,2575,249155,111,19:00.0,7,7:00,246
7238501570,U,IB,1,1,115,130842,103,31:00.0,7,15:00,218
7238514285,U,IB,1,3,348,130550,164,16:00.0,1,4:00,218
7238537641,U,CTY,1,1,517,T415634691,192,36:00.0,7,3:00,218
7238548349,U,IB,1,2,790,124352,104,56:00.0,3,22:00,218
723858309X,U,IB,1,1,915,123680,114,08:00.0,3,22:00,218
7238583109,U,OB,1,2,1222,T525255364,95,45:00.0,5,1:00,218
7238584777,U,IB,1,3,2290,133871,104,58:00.0,3,22:00,218
723858496X,U,IB,1,1,862,124352,104,48:00.0,3,23:00,218
7238584979,U,IB,1,2,1785,130550,164,06:00.0,1,5:00,218
7238602954,U,OB,1,3,2760,140101,88,42:00.0,6,12:00,218
7238602963,U,OB,1,4,4560,140101,88,13:00.0,6,13:00,218
7238603578,U,OB,1,1,93,390044,82,26:00.0,3,1:00,218
7238603578,U,IB,1,1,93,390044,111,01:00.0,3,1:00,218
7238603587,U,IB,1,1,104,390044,111,17:00.0,3,1:00,218
723860366X,U,IB,1,2,2837,133871,104,28:00.0,3,22:00,218
723860377X,U,IB,1,1,311,129569,131,17:00.0,4,22:00,218
7238603834,U,IB,1,3,2162,127905,111,58:00.0,6,1:00,218
7238604164,U,IB,1,2,686,135159,116,35:00.0,1,3:00,218
723860432X,U,CTY,1,3,3906,904116,189,22:00.0,7,8:00,218
7238604512,U,IB,1,1,1525,530455,117,50:00.0,6,9:00,218
7238604577,U,IB,1,6,8410,133274,129,53:00.0,3,21:00,218
7238604586,U,IB,1,2,2781,133274,129,38:00.0,3,19:00,218
7238607969,U,OB,1,1,150,133456,84,54:00.0,1,7:00,218
7238608032,U,IB,1,1,93,134545,112,54:00.0,1,3:00,218
7238608041,U,OB,1,1,93,133456,84,48:00.0,1,9:00,218
7238610030,U,IB,1,1,298,430079,101,58:00.0,3,15:00,218
7238611644,U,IB,1,2,1611,132790,116,07:00.0,3,21:00,218
7238611864,U,IB,1,1,443,129569,131,35:00.0,4,22:00,218
7238611900,U,OB,1,1,340,128828,89,03:00.0,6,3:00,218
7238613249,U,IB,1,1,920,132453,105,06:00.0,7,1:00,218
7238614816,U,IB,1,1,208,140226,125,12:00.0,7,16:00,218
7238634378,U,OB,1,1,510,430917,89,05:00.0,2,8:00,218
7238634450,U,IB,1,5,1305,390044,111,51:00.0,3,12:00,218
7238634515,U,IB,1,6,1694,558629,117,59:00.0,1,3:00,218
7238638951,U,OB,1,1,1595,559835,94,50:00.0,3,3:00,218
7238639135,U,OB,1,4,10150,T525255364,95,52:00.0,5,2:00,218
7238639144,U,IB,1,1,4655,140226,125,07:00.0,7,17:00,218
7238639153,U,OB,1,1,890,903811,88,45:00.0,6,19:00,218
7238639180,U,OB,1,4,4400,559443,96,50:00.0,7,18:00,218
7238639795,U,IB,1,2,4900,558629,117,42:00.0,1,9:00,218
7238648952,U,IB,1,2,1131,R218181347,131,51:00.0,5,19:00,218
7238648970,U,IB,1,6,6200,132715,113,54:00.0,3,18:00,218
7238649026,U,IB,1,2,1326,122296,111,03:00.0,5,5:00,218
7238663380,U,OB,1,1,610,132999,72,18:00.0,5,2:00,218
7238663418,U,IB,1,3,5117,123779,133,33:00.0,4,20:00,218
7238665196,U,IB,1,2,115,132790,116,31:00.0,3,21:00,218
7238665232,U,IB,1,1,100,132790,116,33:00.0,3,21:00,218
7238665250,U,IB,1,1,120,430079,101,03:00.0,3,16:00,218
7238665333,U,IB,1,1,145,430399,112,07:00.0,4,15:00,218
7238665452,U,IB,1,5,1840,430079,101,18:00.0,3,18:00,218
7238665636,U,IB,1,11,1690,140226,125,43:00.0,7,18:00,218
7238665791,U,OB,1,8,1795,131399,96,01:00.0,3,15:00,218
7238665800,U,IB,1,1,1283,122296,111,30:00.0,5,4:00,218
7238665901,U,OB,1,1,120,132999,72,10:00.0,5,4:00,218
7238666058,U,IB,1,10,1350,132453,105,21:00.0,7,3:00,218
7238666204,U,IB,1,1,120,132790,116,29:00.0,3,20:00,218
7238666231,U,IB,1,2,155,430079,101,34:00.0,3,18:00,218
7238666599,U,IB,1,1,83,129569,131,05:00.0,4,22:00,218
7238666608,U,IB,1,1,83,118791,114,12:00.0,5,4:00,218
7238672400,U,IB,1,150,2964,129569,131,50:00.0,5,0:00,218
7238673711,U,CTY,1,12,1338,T415634691,192,33:00.0,7,3:00,218
7238674537,U,IB,1,1,729,290805,127,48:00.0,1,0:00,218
7238674739,U,IB,1,1,57,140226,125,27:00.0,7,17:00,218
7238674766,U,IB,1,1,344,140226,125,37:00.0,7,17:00,218
723868429X,U,IB,1,1,799,127048,101,42:00.0,3,21:00,218
7238684309,U,IB,1,1,277,129514,127,12:00.0,4,3:00,218
7238684336,U,IB,1,1,500,127048,101,39:00.0,3,21:00,218
7238684345,U,OB,1,1,566,132999,72,45:00.0,5,6:00,218
7238693136,U,IB,1,1,350,133730,117,06:00.0,4,21:00,218
7238693228,U,OB,1,4,11296,127603,96,41:00.0,6,4:00,218
7238693300,U,IB,1,1,770,135159,116,02:00.0,1,3:00,218
7238699626,U,IB,1,25,741,131285,105,22:00.0,7,1:00,218
7238699635,U,IB,1,26,619,131285,105,25:00.0,7,1:00,218
7238716061,U,IB,1,11,22550,430079,101,25:00.0,3,18:00,218
7238716070,U,IB,1,1,153,430079,101,56:00.0,3,16:00,218
723871608X,U,IB,1,1,152,135150,101,50:00.0,3,21:00,218
7238718097,U,OB,1,1,184,137238,84,17:00.0,4,21:00,218
723874479X,U,IB,1,1,379,430881,112,12:00.0,4,7:00,218
7238783428,U,IB,1,4,14975,128880,113,29:00.0,3,21:00,218
7238806207,U,IB,1,2,803,129514,127,53:00.0,4,2:00,218
7238806335,U,OB,1,2,621,119040,90,14:00.0,6,16:00,218
7238852636,U,IB,1,7,5300,430399,112,06:00.0,4,16:00,218
7238852838,U,IB,1,2,1964,131681,117,28:00.0,6,6:00,218
7238886891,U,OB,1,2,4076,122243,89,52:00.0,6,0:00,218
7238886929,U,IB,1,3,5315,531285,164,01:00.0,7,7:00,218
7238886956,U,IB,1,5,3225,531285,164,03:00.0,7,9:00,218
7238886983,U,IB,1,1,190,R218192043,114,48:00.0,1,9:00,218
7238887066,U,IB,1,1,600,129569,131,17:00.0,5,0:00,218
7238888092,U,IB,1,1,128,559835,145,55:00.0,2,10:00,218
7238888092,U,OB,1,1,128,559835,93,40:00.0,2,11:00,218
7238990960,U,OB,1,2,1023,135081,96,52:00.0,7,20:00,218
7239231128,U,IB,1,1,286,125429,143,30:00.0,7,13:00,625
7239292544,U,IB,1,3,2643,132897,127,27:00.0,7,22:00,625
7239314746,U,IB,1,3,1380,131719,104,41:00.0,4,6:00,243
7239314755,U,IB,1,1,66,125671,117,23:00.0,4,22:00,243
7239321429,U,IB,1,2,1658,135322,117,35:00.0,1,6:00,243
723933846X,U,CTY,1,7,6810,136412,195,42:00.0,1,7:00,243
7239441109,U,IB,1,3,4555,134835,143,04:00.0,4,13:00,250
7239460853,U,IB,1,9,8657,842650,158,12:00.0,6,0:00,250
7239555866,U,CTY,1,1,349,131040,194,23:00.0,6,7:00,621
7239555985,U,CTY,1,1,195,125614,169,04:00.0,7,17:00,621
7239626430,U,CTY,1,1,610,124072,187,53:00.0,3,18:00,621
7239626504,U,CTY,1,1,210,830887,175,05:00.0,3,15:00,621
7239630060,U,CTY,1,1,239,139676,195,22:00.0,6,15:00,621
7239639392,U,CTY,1,1,208,290033,195,49:00.0,3,17:00,621
7239639502,U,IB,1,1,208,135031,158,03:00.0,1,16:00,621
7239645058,U,IB,1,1,208,124178,141,19:00.0,5,18:00,621
7239645103,U,CTY,1,1,208,118856,194,19:00.0,3,18:00,621
7239645599,U,CTY,1,3,1040,136895,194,02:00.0,4,15:00,621
723966967X,U,CTY,1,1,170,261139,174,28:00.0,3,22:00,621
7239675252,U,CTY,1,1,170,127679,175,54:00.0,5,16:00,621
7239675270,U,CTY,1,1,1080,136957,196,56:00.0,5,12:00,621
7239755415,U,IB,1,1,2495,137723,151,56:00.0,5,22:00,621
7239789598,U,IB,1,3,3615,127369,149,31:00.0,7,4:00,621
7239789607,U,IB,1,1,1205,127369,149,10:00.0,7,5:00,621
7239892511,U,CTY,1,1,220,129651,169,22:00.0,4,9:00,621
7239892594,U,IB,1,3,1740,138855,151,37:00.0,1,10:00,621
723989341X,U,IB,1,2,1300,130455,145,38:00.0,4,12:00,621
7280428708,U,OB,1,1,280,128310,46,02:00.0,6,5:00,728
728044738X,U,OB,1,1,100,127041,53,17:00.0,1,0:00,728
7280447426,U,OB,1,3,3075,137824,46,36:00.0,5,2:00,728
7280447426,U,IB,1,3,3075,137824,167,16:00.0,5,3:00,728
730923044X,U,CTY,1,3,1621,PASC634534,172,18:00.0,1,9:00,309
7322707358,U,CTY,1,1,172,139787,169,13:00.0,1,16:00,863
7322707513,U,CTY,1,1,242,132816,195,49:00.0,1,16:00,863
7322708081,U,IB,1,2,306,530184,101,53:00.0,7,10:00,617
7322708119,U,CTY,1,1,670,138558,173,54:00.0,4,15:00,178
7322708200,U,IB,1,1,351,134043,123,14:00.0,2,22:00,251
7322708687,U,OB,1,1,1280,133095,38,29:00.0,6,16:00,580
7334423266,U,OB,1,1,860,129500,49,30:00.0,3,3:00,433
7350105243,U,IB,1,1,465,130935,143,16:00.0,1,3:00,289
7350105252,U,IB,1,2,3122,130935,143,01:00.0,1,3:00,289
7350115785,U,CTY,1,1,120,430385,187,19:00.0,2,19:00,289
7350115803,U,CTY,1,5,2175,125169,175,42:00.0,2,16:00,289
7350127665,U,IB,1,1,443,139690,114,32:00.0,1,10:00,289
7350127683,U,CTY,1,1,220,136191,196,08:00.0,6,20:00,289
7350154918,U,IB,1,1,340,137744,129,05:00.0,2,22:00,289
7350160032,U,OB,1,1,536,129611,88,08:00.0,2,8:00,289
7350165918,U,CTY,1,4,6486,136191,196,22:00.0,6,21:00,289
7350168190,U,OB,1,1,113,131945,96,24:00.0,4,0:00,289
7350168787,U,CTY,1,1,232,130954,188,55:00.0,6,10:00,289
7350168879,U,CTY,1,1,435,211511,168,00:00.0,2,16:00,289
7350169878,U,IB,1,1,180,279969,141,02:00.0,1,5:00,289
7350172554,U,IB,1,1,165,123162,114,29:00.0,7,4:00,289
7350173618,U,CTY,1,1,405,135434,180,19:00.0,4,5:00,289
7350173782,U,IB,1,1,725,126486,149,29:00.0,6,20:00,289
7350187101,U,IB,1,3,1760,127866,135,04:00.0,5,1:00,289
7350190778,U,CTY,1,1,1440,139743,194,29:00.0,7,5:00,289
7350190778,U,CTY,1,1,1440,139743,194,33:00.0,1,13:00,289
7350190814,U,IB,1,2,2900,138486,104,33:00.0,2,6:00,289
735019097X,U,IB,1,1,4500,125220,164,50:00.0,6,1:00,289
7350192280,U,IB,1,1,500,123162,114,15:00.0,7,8:00,289
7350199293,U,CTY,1,2,3682,137197,168,11:00.0,3,21:00,289
7350199367,U,IB,1,2,3682,138486,104,19:00.0,2,3:00,289
7350199834,U,CTY,1,1,70,137413,205,27:00.0,2,12:00,289
7350236610,U,IB,1,6,5879,127444,113,26:00.0,2,9:00,289
7350350323,U,OB,1,6,1020,129696,58,49:00.0,3,18:00,411
7350383653,U,OB,1,1,535,133012,39,38:00.0,7,18:00,411
7350383662,U,OB,1,1,258,133012,39,21:00.0,7,18:00,411
735038369X,U,OB,1,1,190,126283,49,28:00.0,7,10:00,411
7350383709,U,OB,1,1,194,131793,43,11:00.0,7,14:00,411
7350403307,U,OB,1,12,1142,130593,22,07:00.0,4,15:00,411
7350403316,U,OB,1,7,627,130593,22,25:00.0,4,13:00,411
7350403325,U,OB,1,43,2845,140160,43,17:00.0,6,13:00,411
7350403334,U,OB,1,39,2601,140160,43,16:00.0,6,13:00,411
7350403352,U,OB,1,15,782,140160,47,50:00.0,6,12:00,411
7350403352,U,OB,1,15,782,140160,43,49:00.0,6,12:00,411
7350403361,U,OB,1,8,438,140160,43,48:00.0,6,12:00,411
7350403518,U,OB,1,16,1437,135344,18,07:00.0,4,10:00,411
7350403554,U,OB,1,400,7900,134526,48,31:00.0,4,15:00,411
7350403563,U,OB,1,37,3356,134526,48,00:00.0,4,15:00,411
7350403572,U,OB,1,10,956,134526,48,00:00.0,4,13:00,411
7350403581,U,OB,1,10,527,134526,48,58:00.0,4,12:00,411
7350403628,U,OB,1,10,1158,134998,48,57:00.0,6,5:00,411
7350403646,U,OB,1,10,1124,134998,48,53:00.0,6,5:00,411
7350403655,U,OB,1,29,3018,134998,48,00:00.0,6,6:00,411
7350403664,U,OB,1,11,730,134998,48,49:00.0,6,5:00,411
7350403682,U,OB,1,18,1432,136988,73,24:00.0,5,13:00,411
7350403911,U,OB,1,12,761,134634,39,47:00.0,6,13:00,411
735041493X,U,OB,1,1,515,126288,46,52:00.0,5,13:00,411
7350414994,U,OB,1,1,340,134612,49,20:00.0,3,16:00,411
7350414994,U,OB,1,1,340,134612,45,21:00.0,3,16:00,411
7350425069,U,OB,1,185,12617,132838,69,11:00.0,6,7:00,411
7350425123,U,OB,1,20,1733,132838,69,26:00.0,6,6:00,411
7350425132,U,OB,1,12,1233,132838,69,48:00.0,6,6:00,411
7350425179,U,OB,1,15,1624,124238,55,17:00.0,3,9:00,411
7350445280,U,OB,1,9,7310,290096,26,08:00.0,5,14:00,411
735044529X,U,OB,1,5,1926,290096,26,41:00.0,5,13:00,411
7350445309,U,OB,1,4,3309,134040,51,57:00.0,7,8:00,411
7350445428,U,OB,1,1,606,126227,53,27:00.0,3,14:00,411
7350445455,U,OB,1,6,2527,133480,67,12:00.0,4,8:00,411
7350445491,U,OB,1,10,6226,139636,40,46:00.0,3,15:00,411
7350445500,U,OB,1,9,7115,126227,53,09:00.0,3,15:00,411
735044584X,U,OB,1,9,5415,132423,46,40:00.0,3,14:00,411
7350445931,U,OB,1,5,2486,202181,39,22:00.0,1,7:00,411
7350445978,U,OB,1,9,3800,290300,43,51:00.0,4,4:00,411
7350445987,U,OB,1,9,4255,140313,73,57:00.0,5,9:00,411
7350451193,U,OB,1,1,396,130484,60,29:00.0,5,10:00,411
7350451202,U,OB,1,10,5670,291278,75,54:00.0,1,12:00,411
7350458251,U,IB,1,6,12705,129503,141,52:00.0,7,19:00,411
7350458251,U,OB,1,6,12705,129503,51,16:00.0,7,19:00,411
735046927X,U,OB,1,6,1360,137640,60,08:00.0,5,19:00,411
7350469352,U,OB,1,1,195,130484,60,52:00.0,5,9:00,411
7350527277,U,OB,1,4,2140,132674,72,37:00.0,4,15:00,411
7350527396,U,OB,1,2,710,132838,69,55:00.0,6,9:00,411
7350527423,U,OB,1,2,563,126283,49,59:00.0,7,15:00,411
7350527506,U,OB,1,1,280,123141,6,52:00.0,1,6:00,411
7350572633,U,OB,1,1,285,125392,76,28:00.0,7,3:00,616
7350572698,U,CTY,1,1,245,118529,206,09:00.0,6,13:00,616
7350572770,U,OB,1,1,150,125392,76,24:00.0,7,3:00,616
7350582991,U,IB,1,1,1340,131347,116,37:00.0,4,6:00,616
7350583359,U,CTY,1,1,665,136717,188,25:00.0,5,12:00,616
7350583826,U,IB,1,1,350,140113,141,17:00.0,7,0:00,616
7350584100,U,IB,1,1,857,131347,116,21:00.0,4,5:00,616
7350584138,U,IB,1,1,615,530367,103,44:00.0,1,3:00,616
735063713X,U,CTY,1,1,800,133733,188,14:00.0,5,17:00,616
7350673366,U,IB,1,1,310,118550,129,54:00.0,7,19:00,616
7350740392,U,CTY,1,1,1863,129628,195,17:00.0,7,16:00,616
7350846396,U,CTY,1,1,400,137791,169,16:00.0,2,9:00,841
7351036860,U,IB,1,1,808,128288,116,16:00.0,1,17:00,108
7351036898,U,CTY,1,1,935,124322,192,19:00.0,7,7:00,108
7351036907,U,IB,1,1,280,211275,113,42:00.0,7,5:00,108
7351036916,U,IB,1,1,1105,135031,158,18:00.0,1,15:00,108
7351036943,U,IB,1,1,545,135104,113,02:00.0,3,4:00,108
7351062023,U,OB,1,1,665,125155,98,37:00.0,5,10:00,108
7351062097,U,IB,1,1,665,135432,125,37:00.0,4,12:00,108
7351062160,U,IB,1,1,688,122603,105,16:00.0,4,19:00,108
7351102018,U,IB,1,4,1527,128287,111,02:00.0,1,21:00,108
7351102036,U,IB,1,3,1439,128287,111,02:00.0,1,22:00,108
7351102045,U,IB,1,1,1017,128287,111,53:00.0,1,21:00,108
7351102137,U,IB,1,1,122,128016,112,49:00.0,3,22:00,108
7351102173,U,OB,1,1,66,131445,86,00:00.0,3,14:00,108
7351102191,U,OB,1,1,490,131445,86,57:00.0,3,13:00,108
7351131534,U,OB,1,1,1085,127260,90,00:00.0,7,8:00,108
7351131543,U,IB,1,1,1459,128288,116,02:00.0,1,16:00,108
7351131570,U,OB,1,1,1023,131445,86,19:00.0,3,13:00,108
7351131671,U,IB,1,2,4530,126114,104,41:00.0,5,2:00,108
7351131709,U,IB,1,1,1520,125650,127,17:00.0,5,13:00,108
7351251178,U,CTY,1,1,420,124077,188,33:00.0,3,18:00,642
735129240X,U,IB,1,1,239,138651,131,36:00.0,3,6:00,642
7351304921,U,IB,1,2,660,128333,135,53:00.0,2,10:00,642
7351312502,U,IB,1,1,23,290274,133,42:00.0,2,9:00,642
7351314868,U,IB,1,1,350,138055,145,11:00.0,7,13:00,642
7351333797,U,IB,1,2,831,139677,145,48:00.0,5,16:00,642
7351334879,U,IB,1,1,924,138055,145,52:00.0,7,13:00,642
7351354257,U,CTY,1,1,170,133174,176,31:00.0,1,17:00,642
7351677565,U,IB,1,4,1842,132026,117,20:00.0,2,4:00,246
7351677574,U,IB,1,1,281,131333,112,06:00.0,7,20:00,246
7351677592,U,IB,1,1,320,123865,117,24:00.0,6,9:00,246
7351880111,U,IB,1,2,435,140335,113,19:00.0,5,4:00,205
7351958184,U,IB,1,1,770,135793,123,01:00.0,1,10:00,205
7351966672,U,CTY,1,1,320,261384,192,08:00.0,1,4:00,205
7351966838,U,CTY,1,6,9451,430385,187,15:00.0,2,20:00,205
7351966892,U,CTY,1,2,1636,211511,168,15:00.0,2,15:00,205
7351967489,U,CTY,1,1,962,261384,192,25:00.0,1,4:00,205
7351968717,U,IB,1,2,600,130935,143,40:00.0,1,2:00,205
7351968762,U,CTY,1,2,596,261384,192,19:00.0,1,5:00,205
7351968845,U,IB,1,2,515,127444,113,56:00.0,2,7:00,205
7351968872,U,IB,1,2,446,127866,135,47:00.0,5,0:00,205
7351974327,U,IB,1,1,160,137744,129,11:00.0,2,21:00,205
7351974601,U,IB,1,2,1550,130935,143,32:00.0,1,2:00,205
7351982815,U,IB,1,1,185,135793,123,45:00.0,1,11:00,205
7351983814,U,IB,1,2,785,249147,125,19:00.0,6,22:00,205
735198463X,U,IB,1,3,3580,135793,123,50:00.0,1,10:00,205
7351984667,U,IB,1,1,750,135793,123,29:00.0,1,10:00,205
7351985657,U,CTY,1,4,2210,125499,187,48:00.0,4,15:00,205
7351985913,U,IB,1,1,435,135793,123,26:00.0,1,10:00,205
7351985922,U,IB,1,1,160,135793,123,36:00.0,1,11:00,205
7351986050,U,IB,1,1,302,139876,149,32:00.0,6,20:00,205
7351986106,U,CTY,1,1,374,135465,187,08:00.0,2,3:00,205
7351986216,U,IB,1,1,270,134885,123,31:00.0,1,4:00,205
7351986436,U,IB,1,1,107,249147,125,50:00.0,6,20:00,205
7351999966,U,IB,1,1,1325,129883,127,13:00.0,6,1:00,205
7352001827,U,IB,1,2,657,132797,141,49:00.0,4,12:00,205
7352002047,U,IB,1,1,454,129829,125,27:00.0,6,2:00,205
7352069477,U,CTY,1,1,185,125499,187,38:00.0,4,8:00,205
7352099626,U,IB,1,1,283,137744,129,40:00.0,2,23:00,205
7352104915,U,IB,1,1,180,126486,149,55:00.0,6,20:00,205
735216800X,U,CTY,1,1,723,135097,192,08:00.0,4,22:00,205
7352270126,U,CTY,1,1,1854,138318,197,57:00.0,2,20:00,625
7352270501,U,CTY,1,1,1798,125040,194,48:00.0,4,14:00,625
7352270566,U,CTY,1,1,960,132927,195,08:00.0,2,21:00,625
7352270813,U,CTY,1,1,1800,130640,194,49:00.0,5,0:00,625
7352270822,U,CTY,1,1,1838,130640,194,59:00.0,5,0:00,625
7352270878,U,CTY,1,2,1798,130640,194,59:00.0,5,0:00,625
735227096X,U,CTY,1,2,2605,135897,192,11:00.0,4,8:00,625
7352271280,U,CTY,1,2,1838,124248,168,54:00.0,3,18:00,625
7352434841,U,CTY,1,1,195,133296,237,46:00.0,4,21:00,304
7352434841,U,IB,1,1,195,133296,163,29:00.0,7,11:00,304
7352434841,U,CTY,1,1,195,133296,206,39:00.0,2,21:00,304
7352435474,U,OB,1,7,1678,291168,88,26:00.0,5,12:00,304
7352435474,U,OB,1,7,1678,291168,80,58:00.0,5,12:00,304
7352561507,U,IB,1,5,820,138544,105,40:00.0,3,15:00,518
7352561819,U,OB,1,2,476,135275,43,08:00.0,4,1:00,518
7352563880,U,OB,1,1,190,133257,26,20:00.0,5,6:00,518
7352563918,U,OB,1,1,505,290207,3,47:00.0,3,7:00,518
7352563918,U,OB,1,1,505,290207,32,53:00.0,3,1:00,518
7352563945,U,OB,1,1,379,136623,69,19:00.0,6,22:00,518
7352563945,U,OB,1,1,379,136623,21,42:00.0,7,19:00,518
7352678345,U,IB,1,1,2000,290255,158,51:00.0,6,13:00,471
7352678464,U,OB,1,1,45,133642,53,29:00.0,6,18:00,471
7352701472,U,OB,1,3,680,128220,95,46:00.0,2,22:00,471
7352701481,U,OB,1,4,1412,135569,43,03:00.0,1,6:00,471
735270150X,U,OB,1,1,211,135310,52,22:00.0,1,5:00,471
7352736526,U,IB,1,1,155,125302,104,25:00.0,7,1:00,266
7352736544,U,IB,1,1,1200,135062,143,13:00.0,6,10:00,266
735273659X,U,IB,1,1,151,125302,104,30:00.0,7,1:00,266
7352750359,U,CTY,1,1,302,135097,192,42:00.0,4,20:00,266
7352750698,U,CTY,1,1,380,140247,208,43:00.0,6,11:00,266
7352750743,U,CTY,1,1,472,140247,208,30:00.0,6,13:00,266
7352750862,U,IB,1,1,2533,131696,131,27:00.0,7,10:00,266
7352755280,U,CTY,1,2,250,130954,188,39:00.0,6,10:00,256
7352779673,U,CTY,1,1,372,45300,168,44:00.0,4,21:00,256
7352818256,U,OB,1,2,1485,249081,76,45:00.0,1,16:00,256
735287398X,U,OB,1,3,1960,128625,49,25:00.0,5,2:00,409
7352873999,U,OB,1,3,1920,128625,49,29:00.0,5,2:00,409
7352874008,U,OB,1,2,1225,128625,49,23:00.0,5,2:00,409
7352874017,U,OB,1,4,3330,128594,55,01:00.0,5,12:00,409
7352874026,U,OB,1,3,1510,128594,55,38:00.0,5,11:00,409
7352874219,U,OB,1,1,865,128625,49,32:00.0,5,2:00,409
7352874264,U,OB,1,7,4285,138025,58,04:00.0,7,22:00,409
7352874282,U,OB,1,7,4140,138025,58,10:00.0,7,22:00,409
7352874329,U,OB,1,1,663,133432,46,54:00.0,3,2:00,409
7352874347,U,OB,1,1,950,137528,49,59:00.0,7,14:00,409
7352874356,U,OB,1,1,1137,137528,49,17:00.0,7,14:00,409
735287464X,U,OB,1,8,5681,261307,60,31:00.0,3,5:00,409
7352874740,U,OB,1,7,2928,125602,67,24:00.0,3,22:00,409
7352874933,U,OB,1,1,1200,133748,26,13:00.0,5,21:00,409
7352875052,U,OB,1,4,3280,134846,53,57:00.0,7,12:00,409
7352875070,U,OB,1,1,1105,139487,52,59:00.0,7,10:00,409
735287508X,U,OB,1,8,3915,249290,72,11:00.0,3,10:00,409
7352875218,U,OB,1,3,2940,290957,67,10:00.0,6,4:00,409
7352875245,U,OB,1,2,2001,127381,38,49:00.0,7,11:00,409
7352958670,U,CTY,1,3,215,135728,174,30:00.0,1,15:00,508
7352959871,U,OB,1,1,185,HAEI26237,67,09:00.0,5,17:00,508
7352960192,U,CTY,1,1,175,530503,187,19:00.0,6,22:00,508
7353234541,U,OB,1,3,2825,135826,74,16:00.0,4,14:00,172
7353259502,U,IB,1,2,1158,261332,131,01:00.0,2,0:00,172
7353270594,U,CTY,1,1,60,133733,188,12:00.0,5,17:00,172
7353271694,U,CTY,1,1,1025,125243,194,32:00.0,7,5:00,172
7353309543,U,OB,1,1,370,134853,31,14:00.0,7,0:00,172
7353309561,U,OB,1,2,2488,134853,31,35:00.0,7,2:00,172
7353345688,U,IB,1,2,1081,123603,141,28:00.0,7,6:00,172
7353365964,U,OB,1,1,250,125445,46,19:00.0,5,22:00,685
7353386882,U,OB,1,1,216,129966,72,16:00.0,5,1:00,685
7353386900,U,OB,1,2,1965,128081,31,07:00.0,6,8:00,685
7353395004,U,CTY,1,12,7155,202455,187,03:00.0,7,11:00,685
7353409331,U,OB,1,2,1764,129640,31,50:00.0,1,9:00,685
7353409405,U,OB,1,1,250,134434,38,07:00.0,4,19:00,685
7353410541,U,OB,1,1,63,129966,72,52:00.0,4,23:00,685
7353410707,U,OB,1,1,655,125810,69,05:00.0,5,4:00,685
7353410716,U,OB,1,1,473,129966,72,55:00.0,5,1:00,685
7353410734,U,OB,1,1,510,125810,69,07:00.0,5,3:00,685
7353410770,U,OB,1,1,51,136081,49,40:00.0,1,9:00,685
7353410817,U,OB,1,1,146,123255,51,56:00.0,6,18:00,685
7353410871,U,OB,1,1,121,136081,49,33:00.0,1,9:00,685
7353426491,U,OB,1,1,353,202223,38,40:00.0,4,0:00,685
7353430570,U,OB,1,1,56,122929,26,01:00.0,6,15:00,685
7353430635,U,OB,1,1,58,122929,26,50:00.0,6,15:00,685
7353430718,U,OB,1,1,52,122929,26,55:00.0,6,15:00,685
7353431661,U,OB,1,1,52,122929,26,56:00.0,6,15:00,685
7353436712,U,OB,1,1,260,125194,40,47:00.0,5,4:00,685
7353440856,U,OB,1,1,284,122911,51,59:00.0,1,11:00,685
7353440865,U,OB,1,4,2090,135237,63,58:00.0,7,0:00,685
7353440957,U,OB,1,9,7520,124289,39,26:00.0,5,18:00,685
7353444760,U,OB,1,4,2460,134130,32,25:00.0,5,4:00,685
7353444843,U,OB,1,1,142,129966,72,01:00.0,5,1:00,685
7353449124,U,OB,1,1,732,290348,46,16:00.0,5,2:00,685
7353449142,U,OB,1,1,600,134130,32,32:00.0,5,4:00,685
7353449160,U,OB,1,1,405,134130,32,02:00.0,5,5:00,685
7353449207,U,OB,1,1,460,134130,32,42:00.0,5,4:00,685
7353449225,U,OB,1,7,9370,129523,40,26:00.0,7,17:00,685
7353449481,U,OB,1,3,3635,136313,63,57:00.0,3,17:00,685
7353449490,U,OB,1,1,750,136313,63,03:00.0,3,18:00,685
7353449977,U,OB,1,4,1820,140332,60,17:00.0,2,2:00,685
7353450004,U,OB,1,5,2240,140332,60,34:00.0,2,2:00,685
7353464818,U,OB,1,1,735,136313,63,08:00.0,3,18:00,685
7353464836,U,OB,1,1,935,136313,63,30:00.0,3,18:00,685
7353464845,U,OB,1,1,318,134048,67,54:00.0,4,1:00,685
7353464854,U,IB,1,1,1310,118550,129,32:00.0,7,22:00,685
7353465000,U,OB,1,1,610,135237,63,30:00.0,7,0:00,685
7353469346,U,OB,1,1,1344,125445,46,29:00.0,5,21:00,685
7353470309,U,OB,1,2,1625,134434,38,54:00.0,4,15:00,685
7353470529,U,OB,1,1,1175,134434,38,58:00.0,4,19:00,685
7353471591,U,OB,1,5,6260,134054,63,00:00.0,5,20:00,685
7353475295,U,OB,1,1,368,123255,51,50:00.0,6,17:00,685
7353475515,U,OB,1,1,456,290337,39,51:00.0,7,14:00,685
735347557X,U,OB,1,1,536,134434,38,04:00.0,4,16:00,685
7353475780,U,OB,1,2,964,122835,55,21:00.0,5,2:00,685
7353475780,U,OB,1,2,964,122835,47,22:00.0,5,2:00,685
7353475818,U,OB,1,1,415,132249,39,18:00.0,7,16:00,685
7353476395,U,OB,1,1,468,290337,39,46:00.0,7,12:00,685
7353476404,U,OB,1,1,272,129966,72,08:00.0,5,2:00,685
7353476579,U,OB,1,1,471,122911,51,43:00.0,1,12:00,685
7353476588,U,OB,1,2,1225,122911,51,41:00.0,1,12:00,685
7353476660,U,OB,1,1,294,123255,51,42:00.0,6,17:00,685
735347667X,U,OB,1,1,299,123255,51,48:00.0,6,17:00,685
735347810X,U,OB,1,1,438,122835,55,13:00.0,5,2:00,685
7353478119,U,OB,1,1,260,129654,69,47:00.0,5,7:00,685
7353478137,U,OB,1,3,2285,126155,26,03:00.0,1,9:00,685
7353478173,U,OB,1,1,540,139971,52,11:00.0,5,1:00,685
7353478339,U,OB,1,1,292,125445,46,23:00.0,5,23:00,685
7353478595,U,OB,1,1,373,125445,46,48:00.0,5,22:00,685
7353478622,U,OB,1,3,2074,129523,40,46:00.0,7,15:00,685
735347865X,U,OB,1,2,984,139971,52,09:00.0,5,2:00,685
7353478687,U,OB,1,1,449,134434,38,22:00.0,4,19:00,685
7353478815,U,OB,1,1,274,139971,52,18:00.0,5,2:00,685
7353480144,U,CTY,1,1,2670,134479,197,55:00.0,5,19:00,685
7353480171,U,OB,1,9,3495,130984,39,13:00.0,5,15:00,685
7353480209,U,CTY,1,3,6165,202455,187,56:00.0,7,9:00,685
7353480218,U,CTY,1,1,2073,202455,187,20:00.0,7,10:00,685
7353480227,U,OB,1,1,1100,122911,51,51:00.0,1,11:00,685
7353482023,U,OB,1,2,189,135237,63,50:00.0,6,23:00,685
7353489411,U,IB,1,127,1060,118550,129,07:00.0,7,21:00,685
735348943X,U,CTY,1,4,5300,202455,187,59:00.0,7,10:00,685
7353489467,U,OB,1,4,1205,130524,43,53:00.0,4,20:00,685
7353489476,U,OB,1,3,785,134130,32,59:00.0,5,3:00,685
7353489485,U,OB,1,4,10643,129523,40,56:00.0,7,14:00,685
7353490888,U,OB,1,1,353,129640,31,31:00.0,1,9:00,685
7353495279,U,OB,1,1,425,125810,61,46:00.0,5,3:00,685
7353495279,U,OB,1,1,425,125810,69,49:00.0,5,2:00,685
7353495562,U,OB,1,4,1890,136766,43,27:00.0,3,18:00,685
7353495636,U,OB,1,1,803,132249,39,03:00.0,7,17:00,685
7353495690,U,OB,1,1,921,130524,43,40:00.0,4,18:00,685
7353496168,U,OB,1,170,6447,122986,43,22:00.0,5,14:00,685
7353496186,U,OB,1,2,2800,125194,40,13:00.0,5,6:00,685
7353496213,U,OB,1,2,2530,136766,43,58:00.0,3,17:00,685
735349856X,U,OB,1,1,1100,134054,63,26:00.0,5,20:00,685
7353498597,U,OB,1,5,15502,134171,52,33:00.0,7,2:00,685
7353508295,U,OB,1,7,2952,202223,38,50:00.0,4,3:00,685
7353509817,U,OB,1,2,455,290337,39,31:00.0,7,13:00,685
735353530X,U,OB,1,1,250,132249,39,37:00.0,7,16:00,685
7353535319,U,OB,1,2,223,132249,39,51:00.0,7,16:00,685
7353545713,U,OB,1,1,109,124054,31,43:00.0,6,18:00,685
7353549628,U,OB,1,4,7039,122835,55,11:00.0,5,0:00,685
7353549637,U,OB,1,6,10559,128909,48,21:00.0,5,16:00,685
7353549655,U,OB,1,2,110,122929,26,52:00.0,6,14:00,685
735355026X,U,OB,1,1,485,136313,63,28:00.0,3,18:00,685
7353550306,U,OB,1,5,2075,129654,69,11:00.0,5,8:00,685
7353550324,U,OB,1,5,2270,129654,69,31:00.0,5,8:00,685
7353550737,U,OB,1,1,380,136313,63,23:00.0,3,18:00,685
7353550755,U,OB,1,1,170,136313,63,14:00.0,3,18:00,685
7353593628,U,CTY,1,1,48,132337,187,18:00.0,4,1:00,558
7353604637,U,OB,1,2,520,140074,89,55:00.0,5,3:00,558
7353604664,U,CTY,1,10,5570,132337,187,15:00.0,4,0:00,558
7353604673,U,IB,1,4,1985,134122,151,55:00.0,6,7:00,558
7353609953,U,OB,1,1,507,127054,89,40:00.0,1,16:00,558
7353610512,U,IB,1,4,6086,132073,112,35:00.0,6,21:00,558
7353690143,U,CTY,1,2,1415,125243,194,02:00.0,7,7:00,647
7353690208,U,CTY,1,1,442,127229,175,26:00.0,7,12:00,647
7353793204,U,CTY,1,6,5250,133807,187,39:00.0,4,6:00,135
7353793204,U,CTY,1,6,5250,133807,233,37:00.0,4,22:00,135
7353793213,U,CTY,1,5,6180,132314,173,52:00.0,7,16:00,135
7353875145,U,OB,1,1,1105,134483,66,56:00.0,6,7:00,423
7353875181,U,OB,1,1,260,125737,55,48:00.0,5,21:00,423
735393405X,U,IB,1,1,980,139600,112,07:00.0,5,15:00,730
7353968910,U,OB,1,1,620,130580,63,14:00.0,6,18:00,730
7353968993,U,OB,1,1,284,128105,76,13:00.0,1,1:00,730
7353986474,U,OB,1,1,144,127521,50,35:00.0,4,17:00,730
7354125936,U,OB,1,8,935,560225,14,50:00.0,7,9:00,447
7354125954,U,IB,1,7,144,123553,152,53:00.0,5,4:00,447
7354125963,U,IB,1,2,190,430675,103,32:00.0,5,10:00,447
7354125981,U,IB,1,6,82,132236,143,09:00.0,4,12:00,447
7354125990,U,IB,1,5,2820,R44787995,111,10:00.0,7,16:00,447
7354141051,U,OB,1,1,348,125225,73,49:00.0,3,0:00,447
7354141060,U,OB,1,1,567,R411587174,89,29:00.0,4,7:00,447
735414107X,U,OB,1,1,199,R411587174,89,26:00.0,4,7:00,447
7354141089,U,OB,1,3,2860,R411587174,89,50:00.0,4,6:00,447
7354141098,U,OB,1,34,278,430695,74,17:00.0,5,13:00,447
7354141107,U,OB,1,73,634,430695,74,35:00.0,5,15:00,447
7354141116,U,OB,1,263,2964,430695,74,31:00.0,5,13:00,447
7354141125,U,OB,1,77,942,430695,74,36:00.0,5,15:00,447
7354141134,U,OB,1,24,195,430695,74,46:00.0,5,15:00,447
7354141143,U,OB,1,1,1550,310316,78,00:00.0,6,16:00,447
7354141152,U,OB,1,3,2068,310316,78,50:00.0,6,16:00,447
7354141161,U,OB,1,1,521,126500,58,09:00.0,1,7:00,447
7354141170,U,OB,1,1,211,558194,67,16:00.0,3,3:00,447
735414118X,U,OB,1,4,2695,558194,67,08:00.0,3,3:00,447
7354141199,U,OB,1,1,981,558194,67,18:00.0,3,3:00,447
7354141208,U,OB,1,1,435,122911,72,21:00.0,5,9:00,447
7354141226,U,OB,1,2,540,126686,75,52:00.0,6,15:00,447
7354141235,U,CTY,1,1,723,138908,J   ,48:00.0,6,13:00,447
7354141253,U,OB,1,1,382,126686,75,28:00.0,6,14:00,447
7354157387,U,OB,1,1,241,128133,67,40:00.0,3,2:00,447
7354157405,U,OB,1,1,612,560225,14,01:00.0,7,4:00,447
7354157423,U,OB,1,3,5505,R447120863,74,56:00.0,6,12:00,447
7354157432,U,OB,1,1,2125,R44790060,50,27:00.0,6,9:00,447
7354164820,U,OB,1,1,847,430926,58,05:00.0,3,7:00,447
735416483X,U,OB,1,3,1855,430926,58,47:00.0,3,6:00,447
7354164849,U,OB,1,1,272,430926,58,32:00.0,3,6:00,447
7354164858,U,OB,1,3,1905,430926,58,59:00.0,3,6:00,447
7354164876,U,OB,1,12,11920,559586,69,06:00.0,4,4:00,447
7354164903,U,OB,1,10,10620,559586,69,47:00.0,4,6:00,447
7354164912,U,OB,1,1,113,136883,58,21:00.0,5,8:00,447
7354171119,U,OB,1,2,1610,558194,67,34:00.0,3,4:00,447
7354171128,U,OB,1,1,92,R42287955,75,11:00.0,4,16:00,447
7354171137,U,OB,1,1,565,R42287955,75,13:00.0,4,16:00,447
7354171146,U,OB,1,1,600,R42287955,75,09:00.0,4,16:00,447
7354171155,U,OB,1,1,610,R42287955,75,15:00.0,4,16:00,447
7354171164,U,OB,1,19,467,122911,72,26:00.0,5,10:00,447
7354171173,U,IB,1,1,252,135952,103,17:00.0,6,18:00,447
7354171182,U,CTY,1,1,367,138908,J   ,13:00.0,6,12:00,447
7354171182,U,IB,1,1,367,138908,119,06:00.0,6,19:00,447
7354171191,U,CTY,1,1,243,138908,J   ,00:00.0,6,14:00,447
7354171200,U,CTY,1,1,448,138908,J   ,51:00.0,6,13:00,447
735417121X,U,OB,1,2,741,126686,75,40:00.0,6,13:00,447
7354171238,U,OB,1,2,1116,530717,63,44:00.0,1,8:00,447
7354171247,U,OB,1,1,494,530717,63,31:00.0,1,8:00,447
7354171256,U,OB,1,5,874,126502,48,05:00.0,3,3:00,447
7354176554,U,IB,1,1,250,121153,105,27:00.0,4,8:00,292
7354182191,U,OB,1,3,3582,123090,58,41:00.0,6,9:00,292
7354182238,U,OB,1,2,380,123090,58,58:00.0,6,9:00,292
7354183769,U,IB,1,1,500,136602,152,33:00.0,6,15:00,292
7354184721,U,OB,1,1,320,41218,95,03:00.0,5,13:00,292
7354184730,U,OB,1,1,295,41218,95,07:00.0,5,13:00,292
7354187673,U,IB,1,3,3970,126850,113,41:00.0,4,8:00,292
7354187700,U,IB,1,2,560,126850,113,12:00.0,4,8:00,292
735418771X,U,IB,1,1,1822,126850,113,20:00.0,4,8:00,292
7354187774,U,IB,1,2,3154,202022,151,51:00.0,3,17:00,292
7354188021,U,IB,1,4,780,131919,143,43:00.0,4,9:00,292
7354188030,U,IB,1,1,161,131919,143,41:00.0,4,10:00,292
735418804X,U,IB,1,1,182,131919,143,32:00.0,4,9:00,292
7354188131,U,IB,1,1,1495,123533,125,03:00.0,7,8:00,292
7354188169,U,OB,1,1,4952,132582,95,20:00.0,3,10:00,292
7354188187,U,IB,1,1,390,136758,113,07:00.0,6,3:00,292
7354188223,U,IB,1,1,408,136758,113,47:00.0,6,2:00,292
7354188241,U,IB,1,1,710,T402217695,125,48:00.0,6,12:00,292
7354188288,U,CTY,1,1,412,249329,192,21:00.0,4,13:00,292
7354188297,U,OB,1,2,299,41218,95,52:00.0,5,12:00,292
7354188333,U,OB,1,1,182,41218,95,17:00.0,5,13:00,292
7354188342,U,OB,1,1,360,127224,90,21:00.0,7,6:00,292
7354188389,U,OB,1,4,5410,127224,90,11:00.0,7,7:00,292
7354188499,U,IB,1,4,1196,131327,104,25:00.0,7,20:00,292
7354189763,U,CTY,1,1,500,249329,192,57:00.0,4,12:00,292
7354189790,U,OB,1,1,1645,136611,96,43:00.0,7,12:00,292
7354191716,U,IB,1,1,680,123638,129,18:00.0,2,21:00,292
735419178X,U,IB,1,1,94,126859,103,28:00.0,5,11:00,292
7354191799,U,IB,1,1,183,126859,103,52:00.0,5,12:00,292
7354191835,U,IB,1,1,307,131919,143,59:00.0,4,9:00,292
7354194558,U,IB,1,2,400,136758,113,07:00.0,6,3:00,292
7354194567,U,IB,1,2,3295,T402217695,125,29:00.0,6,12:00,292
7354194630,U,CTY,1,22,1090,249329,192,30:00.0,4,12:00,292
7354194659,U,OB,1,1,200,41218,95,43:00.0,5,12:00,292
7354194668,U,CTY,1,1,2746,41218,186,55:00.0,5,12:00,292
7354194668,U,CTY,1,1,2746,41218,186,55:00.0,5,12:00,292
7354195593,U,IB,1,1,544,121153,105,16:00.0,4,8:00,292
7354195730,U,IB,1,1,7,121153,105,23:00.0,4,8:00,292
7354196042,U,IB,1,1,150,123533,125,18:00.0,7,8:00,292
735419607X,U,OB,1,1,660,132582,95,57:00.0,3,9:00,292
7354196199,U,OB,1,1,225,132582,95,15:00.0,3,10:00,292
7354196208,U,OB,1,1,1296,132582,95,55:00.0,3,10:00,292
7354201762,U,IB,1,1,1350,136602,152,39:00.0,6,15:00,292
7354201771,U,IB,1,1,2090,136602,152,42:00.0,6,15:00,292
7354203293,U,OB,1,1,540,41218,95,20:00.0,5,13:00,292
7354207280,U,IB,1,1,80,126850,113,31:00.0,4,11:00,292
735420729X,U,IB,1,1,155,131919,143,04:00.0,4,10:00,292
7354213110,U,IB,1,1,6,126859,103,47:00.0,5,12:00,292
7354213166,U,IB,1,1,7,126859,103,47:00.0,5,12:00,292
7354220453,U,CTY,1,4,800,291058,175,10:00.0,2,13:00,292
735422093X,U,OB,1,25,5282,123711,90,49:00.0,1,14:00,292
7354221077,U,CTY,1,4,1030,132372,195,55:00.0,3,20:00,292
7354221205,U,IB,1,1,366,124078,116,51:00.0,4,9:00,292
7354221416,U,IB,1,4,960,134505,112,30:00.0,3,1:00,292
7354222635,U,IB,1,4,512,126859,103,18:00.0,5,11:00,292
7354222644,U,IB,1,10,120,126850,113,02:00.0,4,10:00,292
7354222671,U,IB,1,6,102,131919,143,01:00.0,4,9:00,292
7354222846,U,IB,1,1,450,126859,103,22:00.0,5,11:00,292
7354222900,U,IB,1,1,215,131919,143,24:00.0,4,9:00,292
7354222956,U,IB,1,1,1230,123533,125,28:00.0,7,8:00,292
7354223230,U,IB,1,1,247,123638,129,52:00.0,2,20:00,292
7354223515,U,IB,1,3,1130,126850,113,05:00.0,4,11:00,292
7354223560,U,IB,1,1,270,131919,143,46:00.0,4,9:00,292
7354224642,U,IB,1,1,395,126859,103,10:00.0,5,11:00,292
7354224651,U,IB,1,3,1155,126859,103,43:00.0,5,12:00,292
7354224660,U,IB,1,2,354,123533,125,21:00.0,7,8:00,292
735422467X,U,IB,1,1,140,123533,125,26:00.0,7,8:00,292
7354226512,U,IB,1,1,155,T402218929,145,18:00.0,5,13:00,292
735422654X,U,CTY,1,2,496,134846,188,41:00.0,5,0:00,292
7354226586,U,CTY,1,9,1725,134846,188,38:00.0,5,0:00,292
7354226613,U,CTY,1,5,1413,134846,188,21:00.0,5,0:00,292
7354226824,U,CTY,1,1,195,125404,195,42:00.0,7,0:00,292
7354226889,U,IB,1,5,788,T402217695,125,19:00.0,6,14:00,292
7354226907,U,IB,1,1,135,T402217695,125,34:00.0,6,13:00,292
7354226916,U,IB,1,2,240,T402217695,125,17:00.0,6,15:00,292
7354226934,U,IB,1,5,1075,T402217695,125,08:00.0,6,16:00,292
7354226952,U,IB,1,4,790,T402217695,125,07:00.0,6,14:00,292
7354226961,U,IB,1,9,2021,T402217695,125,02:00.0,6,16:00,292
735422698X,U,IB,1,3,561,T402217695,125,44:00.0,6,15:00,292
7354227008,U,IB,1,7,1525,T402217695,125,32:00.0,6,15:00,292
7354227017,U,IB,1,2,560,T402217695,125,30:00.0,6,15:00,292
7354227044,U,IB,1,10,2249,291293,112,40:00.0,3,9:00,292
7354227062,U,CTY,1,1,110,125210,189,58:00.0,2,21:00,292
7354227080,U,IB,1,2,454,291293,112,17:00.0,3,9:00,292
7354227118,U,IB,1,6,1300,291293,112,31:00.0,3,9:00,292
7354227163,U,OB,1,4,800,126885,96,34:00.0,3,21:00,292
7354227511,U,CTY,1,2,236,249329,192,42:00.0,4,12:00,292
7354232800,U,OB,1,1,6,123090,58,50:00.0,6,9:00,292
7354234726,U,OB,1,4,1348,132582,95,09:00.0,3,11:00,292
7354235321,U,IB,1,1,1000,123533,154,52:00.0,7,8:00,292
7354235321,U,IB,1,1,1000,123533,125,48:00.0,7,8:00,292
7354245515,U,IB,1,1,762,123638,129,58:00.0,2,20:00,292
7354245524,U,IB,1,1,333,123638,129,14:00.0,2,21:00,292
7354245533,U,IB,1,1,24,123638,129,44:00.0,2,20:00,292
7354245542,U,OB,1,1,472,123090,58,11:00.0,6,10:00,292
7354245551,U,OB,1,2,1463,123090,58,07:00.0,6,10:00,292
735424557X,U,IB,1,1,766,123533,125,31:00.0,7,8:00,292
7354245589,U,IB,1,1,397,123533,125,39:00.0,7,8:00,292
7354245598,U,IB,1,1,35,123533,125,33:00.0,7,8:00,292
7354245598,U,IB,1,1,35,123533,125,33:00.0,7,8:00,292
7354245625,U,IB,1,1,298,131327,104,05:00.0,7,19:00,292
7354245634,U,IB,1,1,48,131327,104,02:00.0,7,19:00,292
7354245643,U,IB,1,1,354,131327,104,00:00.0,7,19:00,292
7354245652,U,OB,1,1,360,136611,96,29:00.0,7,12:00,292
7354245661,U,OB,1,1,449,136611,96,26:00.0,7,12:00,292
735424568X,U,OB,1,1,424,136611,96,25:00.0,7,12:00,292
7354245699,U,OB,1,1,33,136611,96,35:00.0,7,12:00,292
7354245708,U,OB,1,1,194,136611,96,36:00.0,7,12:00,292
7354247899,U,IB,1,1,487,123638,129,34:00.0,2,21:00,292
7354247908,U,IB,1,1,1944,131919,143,18:00.0,4,10:00,292
7354247971,U,OB,1,1,1060,136611,96,48:00.0,7,12:00,292
7354250171,U,IB,1,2,26,136602,152,05:00.0,6,16:00,292
7354250180,U,IB,1,1,7,136602,152,32:00.0,6,15:00,292
7354250382,U,OB,1,1,181,136611,96,47:00.0,7,12:00,292
7354250400,U,OB,1,1,150,136611,96,53:00.0,7,12:00,292
7354250456,U,OB,1,2,1020,127224,90,49:00.0,7,7:00,292
7354250465,U,OB,1,2,700,136611,96,46:00.0,7,12:00,292
7354271109,U,OB,1,1,640,132582,95,11:00.0,3,10:00,292
7354271118,U,OB,1,1,291,132582,95,28:00.0,3,10:00,292
7354271154,U,IB,1,1,130,T402217695,125,36:00.0,6,12:00,292
7354271181,U,IB,1,4,11060,131327,104,54:00.0,7,19:00,292
7354335706,U,CTY,1,2,3680,HAEI25934,199,19:00.0,1,1:00,431
7354335706,U,CTY,1,2,3680,HAEI25934,192,15:00.0,1,0:00,431
7354395701,U,OB,1,5,1586,139634,86,19:00.0,2,12:00,431
7354435128,U,IB,1,1,451,136322,164,15:00.0,4,9:00,431
7354441746,U,OB,1,1,797,131933,90,57:00.0,6,6:00,431
7354487423,U,CTY,1,2,558,135728,174,50:00.0,1,15:00,431
7354530680,U,CTY,1,6,9241,249065,196,26:00.0,6,14:00,431
735453069X,U,IB,1,6,9514,HAEI23005,117,24:00.0,7,7:00,431
735453069X,U,CTY,1,6,9514,HAEI23005,232,26:00.0,1,17:00,431
7354530709,U,IB,1,5,10520,HAEI23307,131,31:00.0,6,22:00,431
7354556788,U,OB,1,1,178,128717,51,05:00.0,6,14:00,431
7354563177,U,OB,1,1,275,119897,48,15:00.0,7,11:00,431
7354563195,U,OB,1,1,80,127884,89,49:00.0,3,15:00,431
7354631505,U,CTY,1,3,964,124019,174,26:00.0,2,8:00,431
7354639068,U,OB,1,3,1040,251501,90,27:00.0,1,7:00,431
7354672095,U,CTY,1,1,420,118529,206,06:00.0,6,14:00,656
7354677687,U,OB,1,1,105,123154,76,19:00.0,7,6:00,656
7354677916,U,CTY,1,1,225,128414,187,03:00.0,6,13:00,656
7354697029,U,OB,1,1,150,125429,90,54:00.0,4,8:00,623
7354697193,U,OB,1,1,305,125809,60,46:00.0,5,10:00,623
7354703326,U,OB,1,1,405,128783,63,21:00.0,6,19:00,623
7354703454,U,CTY,1,1,565,127133,194,15:00.0,7,16:00,623
7354703463,U,OB,1,1,640,559259,84,49:00.0,7,17:00,623
7354703463,U,CTY,1,1,640,559259,190,15:00.0,7,18:00,623
7354703876,U,IB,1,1,415,530367,103,53:00.0,7,22:00,623
7354703885,U,CTY,1,20,235,128414,187,57:00.0,6,10:00,623
7354703912,U,IB,1,1,300,134940,112,00:00.0,4,23:00,623
7354703986,U,IB,1,1,610,261332,131,51:00.0,2,1:00,623
7354720852,U,OB,1,2,890,558947,31,01:00.0,2,23:00,656
7354721458,U,OB,1,3,1340,138316,53,16:00.0,2,18:00,656
7354771196,U,CTY,1,1,135,126338,189,22:00.0,3,20:00,682
7354771425,U,OB,1,1,145,136775,66,34:00.0,6,8:00,682
7354866658,U,CTY,1,4,3330,530699,197,52:00.0,5,0:00,808
7354967436,U,CTY,1,1,165,135698,188,24:00.0,2,22:00,808
735496794X,U,CTY,1,1,135,137397,176,45:00.0,6,21:00,808
735497751X,U,CTY,1,1,160,138851,194,23:00.0,2,15:00,808
7354977583,U,CTY,1,1,140,137493,192,49:00.0,2,15:00,808
735497762X,U,IB,1,1,101,128138,164,29:00.0,2,6:00,808
735497773X,U,CTY,1,1,120,140322,176,49:00.0,7,6:00,808
7354977758,U,CTY,1,1,118,140322,176,10:00.0,7,8:00,808
7354978079,U,CTY,1,1,39,125192,173,50:00.0,4,20:00,808
7354994083,U,CTY,1,1,157,137397,176,28:00.0,6,21:00,808
7354994220,U,CTY,1,1,238,137397,176,41:00.0,6,22:00,808
7354994761,U,CTY,1,1,420,130882,175,28:00.0,2,8:00,808
7354995742,U,CTY,1,1,451,135836,187,34:00.0,2,16:00,808
7355013553,U,CTY,1,1,100,135698,188,33:00.0,2,22:00,808
7355013580,U,CTY,1,1,80,135698,188,11:00.0,2,22:00,808
7355050816,U,CTY,1,1,188,138851,194,59:00.0,2,16:00,808
7355090856,U,CTY,1,1,593,T730211733,174,58:00.0,6,23:00,377
7355095200,U,CTY,1,2,4170,135165,189,16:00.0,5,20:00,377
7355095229,U,CTY,1,3,6270,135165,189,51:00.0,5,20:00,377
7355095238,U,IB,1,1,2680,138232,151,59:00.0,7,12:00,377
7355095238,U,CTY,1,1,2680,138232,187,03:00.0,5,17:00,377
7355103102,U,IB,1,1,800,127772,158,38:00.0,4,0:00,377
7355104220,U,CTY,1,3,1020,138882,187,34:00.0,7,3:00,377
7355104258,U,CTY,1,10,2700,135127,213,10:00.0,3,10:00,377
7355125010,U,OB,1,5,9720,139872,60,47:00.0,7,7:00,432
735512502X,U,OB,1,1,975,129746,96,22:00.0,5,2:00,432
7355125039,U,IB,1,1,1250,135455,117,19:00.0,5,4:00,432
7355125048,U,IB,1,1,595,135455,117,37:00.0,5,2:00,432
7355125057,U,IB,1,1,166,128408,100,10:00.0,6,14:00,432
7355125057,U,IB,1,1,166,128408,100,10:00.0,6,14:00,432
7355125066,U,IB,1,1,1231,290117,117,25:00.0,7,1:00,432
7355125259,U,OB,1,2,2744,127022,86,11:00.0,7,2:00,432
7355125286,U,IB,1,1,275,290209,111,40:00.0,4,10:00,432
7355125295,U,IB,1,1,50,290209,111,09:00.0,4,10:00,432
7355125322,U,IB,1,3,1375,290209,111,08:00.0,4,13:00,432
7355125331,U,OB,1,2,655,129772,53,00:00.0,3,1:00,432
735512579X,U,OB,1,2,126,135260,32,54:00.0,5,23:00,432
7355125809,U,OB,1,1,32,133870,75,19:00.0,3,18:00,432
7355125818,U,OB,1,1,97,133870,75,19:00.0,3,18:00,432
7355125827,U,OB,1,2,128,133870,75,23:00.0,3,18:00,432
7355125836,U,OB,1,2,80,131208,55,51:00.0,6,22:00,432
7355125845,U,OB,1,2,1070,132845,51,47:00.0,4,18:00,432
7355126047,U,OB,1,2,98,131208,55,59:00.0,6,22:00,432
7355126065,U,OB,1,3,144,131208,55,58:00.0,6,22:00,432
7355126092,U,OB,1,1,190,136417,39,18:00.0,4,20:00,432
7355126101,U,OB,1,1,190,136417,39,17:00.0,4,20:00,432
735512612X,U,OB,1,1,47,127570,48,49:00.0,7,0:00,432
7355126184,U,OB,1,2,114,431001,69,15:00.0,7,19:00,432
7355128577,U,OB,1,3,759,129772,53,21:00.0,3,3:00,432
7355128586,U,OB,1,1,201,129772,53,06:00.0,3,3:00,432
7355128595,U,OB,1,3,691,137672,32,04:00.0,3,2:00,432
7355128604,U,OB,1,2,400,127578,69,31:00.0,1,8:00,432
7355130364,U,OB,1,2,3695,136815,73,43:00.0,3,8:00,432
7355130373,U,OB,1,1,915,136815,73,20:00.0,3,7:00,432
7355130391,U,OB,1,3,4150,131329,75,45:00.0,4,10:00,432
7355130429,U,OB,1,2,2690,131329,75,51:00.0,4,11:00,432
7355130429,U,IB,1,2,2690,131329,110,51:00.0,4,12:00,432
7355130447,U,OB,1,4,6870,128237,69,34:00.0,5,22:00,432
7355130456,U,OB,1,3,4075,135260,32,24:00.0,6,0:00,432
7355130474,U,OB,1,6,9425,430228,63,40:00.0,4,13:00,432
7355130492,U,OB,1,1,734,126278,52,53:00.0,3,6:00,432
7355130501,U,OB,1,1,1020,137854,74,37:00.0,3,6:00,432
7355138421,U,OB,1,1,178,135260,32,22:00.0,6,0:00,432
7355138430,U,OB,1,1,178,135260,32,21:00.0,6,0:00,432
7355138459,U,OB,1,1,128,134183,67,18:00.0,1,6:00,432
7355138495,U,OB,1,1,490,128475,49,50:00.0,4,13:00,432
7355138531,U,IB,1,1,222,290209,111,23:00.0,4,13:00,432
7355138587,U,OB,1,1,310,133103,38,29:00.0,3,5:00,432
7355138614,U,OB,1,1,232,430228,63,01:00.0,4,14:00,432
7355138724,U,OB,1,1,270,126091,48,21:00.0,5,14:00,432
7355138733,U,OB,1,1,368,135252,48,08:00.0,6,8:00,432
7355138751,U,OB,1,1,220,131208,55,17:00.0,6,19:00,432
7355138760,U,OB,1,1,331,132412,43,44:00.0,6,17:00,432
7355138798,U,IB,1,1,374,123837,104,45:00.0,7,7:00,432
7355138807,U,OB,1,1,202,131685,55,19:00.0,3,4:00,432
7355138834,U,IB,1,1,182,132337,101,05:00.0,6,11:00,432
7355138861,U,OB,1,1,406,261137,76,56:00.0,3,1:00,432
7355138870,U,IB,1,1,270,128408,100,10:00.0,6,14:00,432
7355138870,U,IB,1,1,270,128408,100,10:00.0,6,14:00,432
7355138899,U,OB,1,2,480,558556,76,31:00.0,6,10:00,432
7355144260,U,OB,1,2,3300,137854,74,30:00.0,3,9:00,432
7355144774,U,IB,1,4,1547,136530,117,50:00.0,7,0:00,432
7355144801,U,IB,1,3,1300,136530,117,04:00.0,7,0:00,432
7355144810,U,IB,1,1,327,136530,117,20:00.0,7,0:00,432
735514482X,U,OB,1,2,1128,558556,76,23:00.0,6,11:00,432
7355144839,U,OB,1,2,1501,558556,76,55:00.0,6,12:00,432
7355144848,U,OB,1,3,1495,558556,76,20:00.0,6,15:00,432
7355145012,U,OB,1,2,1650,279111,90,28:00.0,4,12:00,432
7355145021,U,OB,1,1,418,279111,90,09:00.0,4,12:00,432
7355147277,U,OB,1,11,10032,137672,32,52:00.0,3,6:00,432
7355147286,U,OB,1,1,675,137672,32,53:00.0,3,5:00,432
7355147295,U,OB,1,1,1074,140040,55,27:00.0,5,3:00,432
7355147304,U,OB,1,4,5101,132130,39,33:00.0,6,6:00,432
7355147322,U,OB,1,1,1074,135556,49,05:00.0,7,7:00,432
7355147331,U,OB,1,6,6451,136967,69,32:00.0,4,7:00,432
7355147340,U,OB,1,2,1243,136967,69,28:00.0,4,6:00,432
735514735X,U,OB,1,5,5876,135155,53,46:00.0,5,7:00,432
7355147369,U,OB,1,12,11701,135252,48,34:00.0,6,7:00,432
7355147387,U,OB,1,1,1071,290180,49,32:00.0,3,0:00,432
7355147396,U,OB,1,5,6416,119291,55,07:00.0,4,4:00,432
7355147414,U,OB,1,3,3827,280932,67,35:00.0,5,8:00,432
7355147423,U,OB,1,1,590,280932,67,43:00.0,5,8:00,432
7355147432,U,OB,1,3,1319,280932,67,45:00.0,5,9:00,432
7355147441,U,OB,1,3,2502,128187,52,22:00.0,6,6:00,432
7355147450,U,OB,1,2,1477,558827,63,17:00.0,7,14:00,432
7355147479,U,OB,1,1,663,138882,90,09:00.0,5,7:00,432
7355149789,U,OB,1,1,560,132130,39,26:00.0,6,8:00,432
7355149798,U,OB,1,1,440,129664,63,22:00.0,6,20:00,432
7355149807,U,OB,1,1,700,129664,63,21:00.0,6,20:00,432
7355157790,U,OB,1,5,2948,290180,49,06:00.0,3,1:00,432
7355159047,U,IB,1,3,1750,126914,127,32:00.0,3,0:00,432
7355164262,U,OB,1,1,725,125687,74,29:00.0,7,10:00,432
7355164262,U,IB,1,1,725,125687,108,32:00.0,7,10:00,432
7355165573,U,OB,1,7,1468,131151,58,25:00.0,1,12:00,432
7355165582,U,OB,1,13,8975,126165,69,39:00.0,4,10:00,432
7355165600,U,IB,1,1,264,132337,101,22:00.0,6,10:00,432
735516561X,U,OB,1,4,975,137429,90,25:00.0,4,22:00,432
7355165638,U,OB,1,1,224,558556,76,26:00.0,6,8:00,432
7355165656,U,OB,1,1,1080,431001,69,19:00.0,7,18:00,432
735516704X,U,IB,1,2,440,127112,109,09:00.0,3,14:00,432
735516704X,U,OB,1,2,440,127112,97,16:00.0,3,14:00,432
7355167059,U,OB,1,1,308,431077,67,58:00.0,3,2:00,432
7355167077,U,OB,1,1,172,431077,67,25:00.0,3,3:00,432
7355167086,U,IB,1,7,5063,127112,109,09:00.0,3,14:00,432
7355167086,U,OB,1,7,5063,127112,97,16:00.0,3,14:00,432
7355167095,U,IB,1,4,5100,127112,109,09:00.0,3,14:00,432
7355167095,U,OB,1,4,5100,127112,97,16:00.0,3,14:00,432
7355167113,U,OB,1,1,637,431077,14,36:00.0,3,12:00,432
7355167140,U,OB,1,3,1770,431077,5,42:00.0,5,3:00,432
7355167140,U,OB,1,3,1770,431077,67,53:00.0,3,2:00,432
7355167205,U,OB,1,1,210,249065,48,17:00.0,3,4:00,432
7355167214,U,OB,1,5,415,431077,67,40:00.0,3,2:00,432
7355167223,U,IB,1,3,340,127112,109,09:00.0,3,14:00,432
7355167223,U,OB,1,3,340,127112,97,16:00.0,3,14:00,432
7355167232,U,OB,1,1,255,249065,48,27:00.0,3,4:00,432
7355167250,U,OB,1,2,225,249065,48,08:00.0,3,4:00,432
7355169304,U,OB,1,1,217,140310,48,43:00.0,7,6:00,432
7355171266,U,OB,1,2,1900,132845,51,25:00.0,4,18:00,432
7355171275,U,OB,1,9,6800,136417,39,48:00.0,4,21:00,432
7355171825,U,OB,1,2,623,138882,90,09:00.0,5,7:00,432
7355171834,U,IB,1,3,4132,138882,106,40:00.0,5,13:00,432
7355171834,U,IB,1,3,4132,138882,107,51:00.0,5,13:00,432
7355171843,U,OB,1,9,10355,138882,90,00:00.0,5,7:00,432
7355171852,U,IB,1,4,5067,138882,107,51:00.0,5,13:00,432
7355171852,U,IB,1,4,5067,138882,106,40:00.0,5,13:00,432
7355173291,U,OB,1,1,156,530691,53,57:00.0,5,15:00,432
7355173594,U,OB,1,1,86,136815,73,27:00.0,3,6:00,432
7355173612,U,IB,1,1,340,290209,111,18:00.0,4,11:00,432
7355173621,U,OB,1,1,390,261371,76,02:00.0,7,10:00,432
7355173630,U,OB,1,1,278,530691,53,33:00.0,5,16:00,432
735517364X,U,OB,1,1,345,530691,53,35:00.0,5,16:00,432
7355194631,U,OB,1,1,435,131329,75,02:00.0,4,10:00,432
7355194640,U,OB,1,2,975,121400,51,54:00.0,6,11:00,432
735519465X,U,OB,1,1,785,121400,51,44:00.0,6,12:00,432
7355194669,U,OB,1,1,590,134183,67,15:00.0,1,8:00,432
7355194678,U,OB,1,1,3365,121400,51,46:00.0,6,12:00,432
7355194687,U,OB,1,1,810,119291,55,22:00.0,4,4:00,432
7355194705,U,IB,1,1,370,138475,103,25:00.0,6,0:00,432
7355194714,U,OB,1,1,1940,132845,51,44:00.0,4,18:00,432
7355194732,U,OB,1,1,515,137429,90,46:00.0,4,21:00,432
7355196667,U,OB,1,2,395,131208,55,48:00.0,6,18:00,432
7355196676,U,OB,1,1,240,127578,69,55:00.0,1,6:00,432
735519751X,U,OB,1,1,80,127165,58,04:00.0,5,21:00,432
7355197547,U,OB,1,1,400,140310,48,32:00.0,7,6:00,432
7355197574,U,OB,1,1,1000,431001,69,34:00.0,7,19:00,432
7355208529,U,OB,1,1,2460,139518,31,06:00.0,7,15:00,432
7355208538,U,OB,1,1,95,138318,40,44:00.0,4,12:00,432
7355208547,U,OB,1,2,860,138318,40,38:00.0,4,14:00,432
7355208556,U,OB,1,1,575,123975,72,37:00.0,5,11:00,432
7355208565,U,OB,1,1,2135,137854,74,35:00.0,3,8:00,432
7355208574,U,OB,1,1,288,127165,58,09:00.0,5,22:00,432
7355208583,U,OB,1,1,2730,127165,58,54:00.0,5,12:00,432
7355208592,U,OB,1,2,3895,127578,69,34:00.0,1,8:00,432
7355208592,U,OB,1,2,3895,127578,17,05:00.0,1,16:00,432
7355208610,U,OB,1,1,580,431001,69,55:00.0,7,18:00,432
7355211984,U,OB,1,1,68,118561,40,43:00.0,3,2:00,432
7355211993,U,OB,1,1,98,118561,40,45:00.0,3,2:00,432
7355212002,U,OB,1,1,152,116807,95,52:00.0,7,22:00,432
7355212067,U,OB,1,1,1595,132642,50,12:00.0,4,11:00,432
7355212112,U,OB,1,3,8040,431001,69,22:00.0,7,19:00,432
7355212745,U,OB,1,3,2846,126909,50,42:00.0,5,13:00,432
7355216806,U,OB,1,3,4471,261338,52,09:00.0,5,14:00,432
7355216824,U,OB,1,1,720,133172,51,16:00.0,6,7:00,432
7355216842,U,OB,1,1,30,121400,51,21:00.0,6,11:00,432
7355216851,U,OB,1,1,380,431077,67,39:00.0,3,0:00,432
7355216851,U,OB,1,1,380,431077,5,42:00.0,5,3:00,432
7355216889,U,OB,1,8,2260,430228,63,30:00.0,4,13:00,432
7355216898,U,OB,1,1,600,135155,53,51:00.0,5,6:00,432
7355216907,U,OB,1,1,190,135155,53,30:00.0,5,8:00,432
7355216925,U,OB,1,1,220,131208,55,54:00.0,6,18:00,432
7355216934,U,OB,1,1,416,132412,62,57:00.0,6,15:00,432
7355216934,U,OB,1,1,416,132412,62,57:00.0,6,15:00,432
7355216952,U,OB,1,1,2500,131685,55,48:00.0,3,3:00,432
7355216961,U,OB,1,2,1388,132642,50,56:00.0,4,13:00,432
735521698X,U,OB,1,1,833,119291,55,18:00.0,4,3:00,432
7355217035,U,OB,1,1,1455,211335,48,36:00.0,1,5:00,432
7355217044,U,OB,1,1,3160,211335,48,01:00.0,1,4:00,432
7355217080,U,OB,1,1,220,133228,63,00:00.0,3,4:00,432
735521709X,U,OB,1,1,655,279111,90,03:00.0,4,11:00,432
7355217109,U,IB,1,1,1473,135455,117,48:00.0,5,2:00,432
7355224488,U,OB,1,4,7480,136815,73,52:00.0,3,7:00,432
7355224497,U,OB,1,3,5610,137413,66,07:00.0,3,14:00,432
7355224497,U,OB,1,3,5610,137413,66,00:00.0,3,14:00,432
7355224506,U,OB,1,1,1856,137413,66,00:00.0,3,13:00,432
7355225523,U,OB,1,1,419,280932,67,01:00.0,5,10:00,432
7355225532,U,OB,1,1,910,127165,58,10:00.0,5,13:00,432
7355225541,U,OB,1,1,415,118255,76,20:00.0,5,20:00,432
7355225579,U,OB,1,4,1416,135957,50,40:00.0,3,7:00,432
7355230776,U,OB,1,1,1329,133774,51,54:00.0,1,13:00,432
7355230776,U,OB,1,1,1329,133774,82,21:00.0,1,14:00,432
7355231528,U,OB,1,8,4925,137672,32,37:00.0,3,9:00,432
7355231546,U,OB,1,1,996,261371,76,52:00.0,7,9:00,432
7355234020,U,OB,1,1,1480,430228,63,31:00.0,4,12:00,432
7355234049,U,OB,1,2,2665,132642,50,50:00.0,4,11:00,432
7355234085,U,OB,1,2,1865,132845,51,37:00.0,4,18:00,432
7355234094,U,OB,1,3,3594,430228,63,47:00.0,4,12:00,432
7355234112,U,OB,1,1,1625,129664,63,22:00.0,6,18:00,432
7355234121,U,OB,1,1,2085,129664,63,00:00.0,6,19:00,432
735523414X,U,OB,1,2,2360,279111,90,49:00.0,4,12:00,432
7355234159,U,OB,1,4,6450,279111,90,48:00.0,4,10:00,432
7355234186,U,OB,1,1,1755,431001,69,43:00.0,7,21:00,432
7355234269,U,OB,1,5,7010,131151,58,46:00.0,1,12:00,432
7355235194,U,OB,1,1,257,131208,55,00:00.0,6,19:00,432
7355235203,U,OB,1,1,455,290180,49,29:00.0,3,0:00,432
7355235212,U,OB,1,1,160,290180,49,38:00.0,3,0:00,432
7355243307,U,OB,1,4,1215,134183,67,22:00.0,1,7:00,432
7355243325,U,OB,1,2,1595,430228,63,45:00.0,4,13:00,432
7355246286,U,OB,1,1,1348,135155,53,21:00.0,5,8:00,432
7355255012,U,OB,1,2,1421,137854,74,43:00.0,3,7:00,432
7355255059,U,OB,1,9,870,123975,72,30:00.0,5,11:00,432
7355255077,U,OB,1,2,21,135155,53,00:00.0,5,7:00,432
7355255086,U,OB,1,3,1555,126091,48,40:00.0,5,14:00,432
7355255095,U,OB,1,9,3270,126531,51,49:00.0,5,21:00,432
7355255122,U,OB,1,1,145,132412,61,19:00.0,6,17:00,432
7355255122,U,OB,1,1,145,132412,61,19:00.0,6,17:00,432
735525515X,U,OB,1,2,2940,123975,72,27:00.0,5,13:00,432
7355255196,U,OB,1,4,3468,131685,55,35:00.0,3,5:00,432
7355255205,U,OB,1,1,1244,128475,49,15:00.0,4,13:00,432
7355255342,U,OB,1,4,563,137854,74,09:00.0,3,8:00,432
7355255508,U,OB,1,5,876,118255,76,02:00.0,5,16:00,432
7355259266,U,OB,1,1,1138,430228,63,28:00.0,4,9:00,432
7355259275,U,OB,1,1,624,135155,53,45:00.0,5,6:00,432
7355259284,U,OB,1,1,1128,132412,43,49:00.0,6,16:00,432
7355259293,U,OB,1,2,1775,132412,43,11:00.0,6,16:00,432
7355259311,U,OB,1,1,457,249103,39,42:00.0,6,6:00,432
7355259320,U,OB,1,2,1266,132412,43,02:00.0,6,17:00,432
735525933X,U,OB,1,1,185,249103,39,39:00.0,6,6:00,432
7355259349,U,OB,1,1,180,249103,39,37:00.0,6,6:00,432
7355259412,U,OB,1,1,1342,128475,49,45:00.0,4,12:00,432
7355259421,U,OB,1,1,572,132642,50,12:00.0,4,13:00,432
735525944X,U,OB,1,2,2184,132642,50,29:00.0,4,12:00,432
7355259459,U,OB,1,1,668,132642,50,34:00.0,4,12:00,432
7355259468,U,OB,1,1,529,116706,88,01:00.0,5,15:00,432
7355259477,U,OB,1,3,2562,116706,88,20:00.0,5,14:00,432
7355259926,U,IB,1,1,230,290117,117,43:00.0,7,0:00,432
7355259935,U,IB,1,1,290,290117,117,39:00.0,7,0:00,432
7355260530,U,OB,1,2,210,559524,46,43:00.0,1,7:00,432
735526054X,U,OB,1,3,315,559524,46,39:00.0,1,7:00,432
7355260577,U,OB,1,3,144,559524,46,45:00.0,1,11:00,432
7355263253,U,OB,1,1,420,118561,40,25:00.0,3,3:00,432
7355267049,U,OB,1,1,1484,129746,96,10:00.0,5,0:00,432
7355267058,U,OB,1,1,594,129746,96,13:00.0,5,0:00,432
7355267067,U,OB,1,1,89,137429,90,35:00.0,4,21:00,432
7355267076,U,OB,1,4,6836,137429,90,56:00.0,4,22:00,432
7355267278,U,OB,1,2,3345,261046,58,41:00.0,3,13:00,432
7355267296,U,OB,1,1,124,133870,75,29:00.0,3,16:00,432
7355267314,U,OB,1,1,678,126278,52,23:00.0,3,7:00,432
7355267332,U,OB,1,1,291,137854,74,38:00.0,3,7:00,432
7355267379,U,OB,1,6,7730,132845,51,01:00.0,4,19:00,432
7355267864,U,OB,1,1,220,133870,75,09:00.0,3,17:00,432
7355268560,U,OB,1,2,2412,135556,49,01:00.0,7,7:00,432
735526857X,U,IB,1,2,1146,290209,111,24:00.0,4,10:00,432
7355268589,U,OB,1,13,7865,261060,53,29:00.0,3,9:00,432
7355268607,U,IB,1,6,2216,127706,123,36:00.0,1,11:00,432
7355268616,U,OB,1,5,3430,136417,39,10:00.0,4,21:00,432
7355268643,U,OB,1,5,2412,558827,63,58:00.0,7,12:00,432
7355268753,U,OB,1,10,5870,280980,59,03:00.0,3,16:00,432
7355269377,U,OB,1,7,2145,135545,5,58:00.0,3,17:00,432
7355273869,U,OB,1,1,930,261371,76,38:00.0,7,10:00,432
7355274491,U,OB,1,1,212,128237,69,14:00.0,5,22:00,432
7355275820,U,OB,1,1,415,135355,69,12:00.0,1,4:00,432
7355276132,U,OB,1,2,264,128237,69,52:00.0,5,21:00,432
7355276141,U,OB,1,1,750,129664,63,30:00.0,6,19:00,432
7355276188,U,IB,1,2,1595,140026,104,44:00.0,3,11:00,432
7355276260,U,OB,1,1,450,126133,72,41:00.0,1,10:00,432
7355277782,U,OB,1,1,1083,133228,63,07:00.0,3,5:00,432
7355279607,U,OB,1,2,410,842510,40,37:00.0,7,12:00,432
7355280110,U,OB,1,2,1055,118561,40,56:00.0,3,2:00,432
7355283062,U,OB,1,2,1967,129772,53,11:00.0,3,2:00,432
7355283071,U,OB,1,2,852,261060,53,48:00.0,3,8:00,432
7355283109,U,OB,1,1,534,530691,53,42:00.0,5,16:00,432
7355285262,U,OB,1,1,225,131685,55,27:00.0,3,3:00,432
735528738X,U,OB,1,2,1225,431001,69,50:00.0,7,18:00,432
7355293119,U,OB,1,1,250,119291,55,08:00.0,4,2:00,432
735529409X,U,IB,1,2,1309,290209,106,25:00.0,4,16:00,432
735529409X,U,IB,1,2,1309,290209,111,28:00.0,4,13:00,432
7355294127,U,IB,1,1,742,290209,111,26:00.0,4,13:00,432
7355294136,U,OB,1,7,4120,135556,49,28:00.0,7,8:00,432
7355294163,U,OB,1,2,1768,135556,49,37:00.0,7,9:00,432
7355294172,U,OB,1,2,2463,135556,49,48:00.0,7,9:00,432
7355294181,U,OB,1,3,3875,133870,75,50:00.0,3,19:00,432
7355294190,U,OB,1,4,3727,133870,75,12:00.0,3,20:00,432
735529420X,U,OB,1,2,1482,133870,75,13:00.0,3,20:00,432
7355294228,U,OB,1,3,1790,133774,51,25:00.0,1,13:00,432
735530256X,U,OB,1,2,4200,139676,74,31:00.0,4,6:00,432
7355302579,U,OB,1,3,3534,129746,96,12:00.0,5,2:00,432
7355302588,U,OB,1,1,438,129746,96,02:00.0,5,2:00,432
7355302606,U,OB,1,4,7200,128483,58,18:00.0,5,6:00,432
7355302615,U,OB,1,2,3740,128408,89,43:00.0,6,11:00,432
7355302615,U,OB,1,2,3740,128408,35,50:00.0,6,11:00,432
7355302624,U,OB,1,2,3618,127021,74,01:00.0,6,2:00,432
7355302642,U,OB,1,1,1500,128483,58,43:00.0,5,8:00,432
735530267X,U,OB,1,1,900,140310,48,38:00.0,7,6:00,432
7355317492,U,OB,1,3,729,131151,58,05:00.0,1,12:00,432
7355317501,U,OB,1,1,621,558827,63,28:00.0,7,12:00,432
735534403X,U,OB,1,1,1280,118561,27,03:00.0,3,10:00,432
735534403X,U,OB,1,1,1280,118561,40,18:00.0,3,2:00,432
7355344049,U,OB,1,1,1280,249065,48,44:00.0,3,4:00,432
7355344067,U,OB,1,1,1280,127872,46,37:00.0,6,15:00,432
7355344076,U,OB,1,1,1280,128187,52,29:00.0,6,7:00,432
7355344085,U,OB,1,1,1280,211335,48,21:00.0,1,3:00,432
7355344094,U,IB,1,1,1280,290117,117,40:00.0,7,1:00,432
7355344397,U,OB,1,3,2615,132412,43,33:00.0,6,17:00,432
7355344415,U,OB,1,5,3950,559524,46,43:00.0,1,8:00,432
7355345212,U,OB,1,1,660,134183,67,00:00.0,1,8:00,432
7355345230,U,OB,1,1,516,132130,39,15:00.0,6,7:00,432
7355347908,U,IB,1,1,370,290117,117,32:00.0,7,1:00,432
735535151X,U,OB,1,7,13310,280980,63,48:00.0,3,11:00,432
7355351529,U,OB,1,1,2984,137413,66,41:00.0,3,13:00,432
7355351538,U,OB,1,2,4260,126169,40,46:00.0,3,12:00,432
7355351556,U,OB,1,5,6480,126169,40,09:00.0,3,11:00,432
735535162X,U,IB,1,3,4322,290209,111,17:00.0,4,13:00,432
7355351639,U,OB,1,1,328,122359,26,36:00.0,4,19:00,432
7355351675,U,IB,1,1,1590,290209,111,58:00.0,4,12:00,432
7355351720,U,OB,1,1,338,129522,97,06:00.0,5,8:00,432
7355351720,U,OB,1,1,338,129522,86,05:00.0,5,8:00,432
7355351767,U,OB,1,1,474,129522,86,08:00.0,5,8:00,432
7355351767,U,OB,1,1,474,129522,30,22:00.0,5,9:00,432
7355351785,U,OB,1,1,1440,128237,69,21:00.0,5,22:00,432
7355351794,U,OB,1,4,6242,261338,52,56:00.0,5,13:00,432
7355351803,U,OB,1,2,2966,128237,69,09:00.0,5,22:00,432
7355351821,U,OB,1,3,4784,126909,50,52:00.0,5,13:00,432
735535184X,U,OB,1,1,1370,132130,61,37:00.0,6,8:00,432
735535184X,U,OB,1,1,1370,132130,39,35:00.0,6,8:00,432
7355351940,U,OB,1,5,9350,118561,40,00:00.0,3,3:00,432
7355351987,U,OB,1,1,1840,138318,40,17:00.0,4,13:00,432
7355351996,U,OB,1,1,996,430228,63,36:00.0,4,10:00,432
7355352005,U,OB,1,1,1080,249065,48,12:00.0,3,6:00,432
7355354672,U,OB,1,2,3860,261046,58,45:00.0,3,13:00,432
7355354681,U,OB,1,2,2480,137413,66,14:00.0,3,13:00,432
7355354719,U,OB,1,3,4930,136815,73,33:00.0,3,8:00,432
7355354728,U,OB,1,5,6139,140040,55,35:00.0,5,4:00,432
7355354737,U,OB,1,1,740,291044,11,42:00.0,4,7:00,432
7355354746,U,OB,1,3,4620,140040,55,21:00.0,5,4:00,432
7355354773,U,OB,1,1,915,135252,48,35:00.0,6,6:00,432
7355354791,U,OB,1,6,9635,136967,69,48:00.0,4,7:00,432
7355354800,U,OB,1,2,3260,135252,48,19:00.0,6,6:00,432
7355354838,U,OB,1,5,6028,128187,52,23:00.0,6,7:00,432
7355354847,U,OB,1,2,3080,280932,67,02:00.0,5,8:00,432
7355354874,U,IB,1,7,11484,132337,101,44:00.0,6,12:00,432
7355354883,U,OB,1,5,8200,129664,63,36:00.0,6,19:00,432
7355354939,U,OB,1,4,6215,140310,48,52:00.0,7,7:00,432
7355354948,U,IB,1,1,1640,290117,117,52:00.0,7,0:00,432
7355354957,U,IB,1,2,3372,290117,117,26:00.0,7,0:00,432
7355360109,U,OB,1,2,1710,126909,50,15:00.0,5,14:00,432
7355360118,U,OB,1,2,1720,129522,86,36:00.0,5,4:00,432
7355360127,U,OB,1,2,1500,126909,50,24:00.0,5,14:00,432
7355360136,U,OB,1,1,157,261338,52,24:00.0,5,13:00,432
7355360145,U,OB,1,1,785,129522,86,13:00.0,5,8:00,432
7355360154,U,OB,1,2,2605,140040,55,17:00.0,5,3:00,432
7355360163,U,OB,1,7,3840,135260,32,50:00.0,5,23:00,432
735536020X,U,OB,1,2,595,121400,51,58:00.0,6,11:00,432
7355360246,U,IB,1,1,330,127706,123,12:00.0,1,10:00,432
7355360255,U,OB,1,1,355,261371,76,41:00.0,7,10:00,432
7355363133,U,IB,1,1,360,138475,103,31:00.0,6,0:00,432
7355429041,U,CTY,1,1,836,125291,197,29:00.0,2,11:00,851
7355498433,U,IB,1,2,1490,125619,158,21:00.0,7,19:00,851
7355585324,U,CTY,1,5,845,125291,197,21:00.0,2,12:00,851
7355607288,U,OB,1,3,3870,128751,32,45:00.0,3,13:00,851
7355607324,U,OB,1,3,1316,291220,63,36:00.0,2,19:00,851
7355607333,U,OB,1,3,1316,291220,63,16:00.0,2,19:00,851
7355607663,U,IB,1,2,2616,131183,143,55:00.0,5,16:00,851
7355607681,U,CTY,1,4,3996,132120,175,04:00.0,5,3:00,851
7355732266,U,OB,1,1,530,134344,32,33:00.0,4,19:00,421
7355732275,U,OB,1,1,530,134344,32,11:00.0,4,19:00,421
7355732284,U,OB,1,1,530,134344,32,31:00.0,4,19:00,421
7355732293,U,OB,1,1,530,132956,46,59:00.0,4,16:00,421
7355732302,U,OB,1,1,530,132956,46,44:00.0,4,16:00,421
7355732311,U,OB,1,1,530,134344,32,36:00.0,4,19:00,421
7355732320,U,OB,1,1,530,134344,32,41:00.0,4,19:00,421
735573233X,U,OB,1,1,530,134344,32,43:00.0,4,19:00,421
7355732349,U,OB,1,1,530,134344,32,45:00.0,4,19:00,421
7355732358,U,OB,1,1,530,132956,46,20:00.0,4,17:00,421
7355732367,U,OB,1,1,530,132956,46,55:00.0,4,16:00,421
7355732376,U,OB,1,1,530,132956,46,42:00.0,4,17:00,421
7355732385,U,OB,1,1,530,132956,46,29:00.0,4,17:00,421
7355732394,U,OB,1,1,530,132956,46,37:00.0,4,17:00,421
7355732403,U,OB,1,1,530,132956,46,46:00.0,4,17:00,421
7355732412,U,CTY,1,1,530,132956,199,50:00.0,4,17:00,421
7355732412,U,CTY,1,1,530,132956,199,50:00.0,4,17:00,421
7355732459,U,OB,1,1,530,310291,14,38:00.0,5,16:00,421
7355732468,U,OB,1,1,530,310291,14,43:00.0,5,16:00,421
7355732477,U,OB,1,1,530,310291,14,17:00.0,5,16:00,421
7355732486,U,OB,1,1,530,310291,14,15:00.0,5,16:00,421
7355732495,U,OB,1,1,530,310291,14,10:00.0,5,16:00,421
7355732504,U,OB,1,1,530,310291,14,07:00.0,5,16:00,421
7355739443,U,OB,1,1,310,138679,49,29:00.0,6,8:00,421
7355739755,U,OB,1,2,1365,121658,72,11:00.0,6,11:00,421
7355743632,U,OB,1,1,215,139785,53,13:00.0,6,4:00,421
735574476X,U,OB,1,1,27,119471,40,29:00.0,6,13:00,421
7355744779,U,OB,1,1,46,126138,39,58:00.0,4,3:00,421
7355744788,U,OB,1,20,660,119471,40,20:00.0,6,14:00,421
7355744797,U,OB,1,5,156,119471,40,45:00.0,6,15:00,421
7355745044,U,OB,1,2,830,128543,52,58:00.0,5,7:00,421
7355745136,U,OB,1,9,356,119471,40,57:00.0,6,10:00,421
7355745145,U,OB,1,13,293,119471,40,24:00.0,6,11:00,421
7355745154,U,OB,1,26,869,119471,40,03:00.0,6,17:00,421
7355745163,U,OB,1,38,1241,131020,14,23:00.0,7,11:00,421
7355745172,U,OB,1,6,202,131020,14,34:00.0,7,11:00,421
7355745181,U,OB,1,2,46,131020,14,02:00.0,7,11:00,421
7355745190,U,OB,1,17,155,131020,14,26:00.0,7,11:00,421
735574520X,U,OB,1,20,195,131020,14,22:00.0,7,7:00,421
7355745219,U,OB,1,1,48,131020,14,05:00.0,7,8:00,421
7355745264,U,OB,1,5,136,137292,18,55:00.0,4,8:00,421
7355745282,U,OB,1,20,647,137292,18,50:00.0,4,7:00,421
7355745291,U,OB,1,2,76,137292,18,07:00.0,4,8:00,421
7355745300,U,OB,1,16,337,137292,18,30:00.0,4,9:00,421
7355745329,U,OB,1,1,32,137292,18,27:00.0,4,8:00,421
7355745347,U,OB,1,1,32,125758,14,56:00.0,5,14:00,421
7355745356,U,OB,1,14,554,125758,14,04:00.0,5,15:00,421
7355745448,U,OB,1,18,205,211224,51,37:00.0,3,6:00,421
7355745457,U,OB,1,7,235,211224,51,01:00.0,3,7:00,421
7355745466,U,OB,1,5,160,211224,51,48:00.0,3,6:00,421
7355745475,U,OB,1,6,175,211224,51,54:00.0,3,6:00,421
7355745484,U,OB,1,28,1097,123822,60,33:00.0,3,4:00,421
7355745493,U,OB,1,7,234,128543,52,30:00.0,5,7:00,421
735576577X,U,OB,1,1,513,136776,26,04:00.0,5,4:00,421
7355766530,U,OB,1,1,172,279882,43,34:00.0,3,4:00,421
7355774084,U,OB,1,4,635,138679,49,49:00.0,6,10:00,421
7355774120,U,OB,1,1,218,119275,49,35:00.0,7,15:00,421
735577413X,U,OB,1,4,1554,128543,52,42:00.0,5,7:00,421
7355774149,U,OB,1,7,7250,125212,50,54:00.0,6,4:00,421
735577424X,U,OB,1,1,420,R621153063,22,30:00.0,5,15:00,421
7355776688,U,OB,1,1,1385,135178,39,57:00.0,3,7:00,421
7355782435,U,OB,1,1,490,130866,22,30:00.0,5,14:00,421
735580317X,U,OB,1,1,112,125130,69,15:00.0,3,8:00,421
7355836243,U,OB,1,4,210,211224,51,29:00.0,3,6:00,421
7355844915,U,OB,1,1,482,137716,58,11:00.0,3,3:00,421
7355855181,U,OB,1,2,521,135499,51,54:00.0,3,3:00,421
7355855190,U,OB,1,48,1868,310291,14,40:00.0,5,15:00,421
7355891023,U,OB,1,1,615,121658,72,59:00.0,6,8:00,421
7355891032,U,OB,1,1,179,119471,40,22:00.0,6,10:00,421
7355891050,U,OB,1,1,452,121658,72,47:00.0,6,8:00,421
7355891088,U,OB,1,1,1092,121658,72,04:00.0,6,9:00,421
7355891160,U,OB,1,1,872,134345,22,57:00.0,4,10:00,421
7355891189,U,OB,1,1,570,R621153063,22,04:00.0,5,14:00,421
7355891207,U,OB,1,2,2148,129885,52,25:00.0,6,7:00,421
7355892289,U,OB,1,1,570,129847,53,18:00.0,7,14:00,421
7355892298,U,OB,1,1,122,140023,22,46:00.0,7,6:00,421
7355892307,U,OB,1,1,220,129847,53,06:00.0,7,15:00,421
7355892316,U,OB,1,1,1766,129847,53,54:00.0,7,14:00,421
7355892343,U,OB,1,1,1200,279882,43,19:00.0,3,4:00,421
7355892352,U,OB,1,1,474,279944,49,19:00.0,4,5:00,421
7355892361,U,OB,1,1,330,279944,49,26:00.0,4,5:00,421
7355892370,U,OB,1,1,1637,279944,49,31:00.0,4,5:00,421
735589238X,U,OB,1,1,1810,279944,49,55:00.0,4,5:00,421
7355892417,U,OB,1,1,384,135929,38,08:00.0,5,21:00,421
7355892426,U,OB,1,1,1805,133189,38,41:00.0,5,11:00,421
7355892435,U,OB,1,2,2644,133189,38,45:00.0,5,11:00,421
7355892444,U,OB,1,2,2078,135929,38,59:00.0,5,20:00,421
7355892453,U,OB,1,1,1395,135929,38,59:00.0,5,20:00,421
7355892462,U,OB,1,1,182,126438,39,50:00.0,5,3:00,421
7355892471,U,OB,1,1,173,123486,17,22:00.0,6,3:00,421
7355892509,U,OB,1,1,608,125130,69,20:00.0,3,8:00,421
7355892518,U,OB,1,1,990,126610,53,02:00.0,1,21:00,421
7355892527,U,OB,1,1,665,126610,53,32:00.0,1,18:00,421
7355892536,U,OB,1,1,907,126610,53,05:00.0,1,21:00,421
7355892563,U,OB,1,1,272,126610,53,56:00.0,1,19:00,421
7355892572,U,OB,1,1,389,126610,53,11:00.0,1,21:00,421
7355892590,U,OB,1,1,473,137716,58,02:00.0,3,13:00,421
7355892619,U,OB,1,1,221,137716,58,21:00.0,3,13:00,421
7355892628,U,OB,1,1,1113,137716,5,42:00.0,5,3:00,421
7355892628,U,OB,1,1,1113,137716,58,00:00.0,3,13:00,421
7355892637,U,OB,1,2,3634,137716,58,12:00.0,3,13:00,421
7355893012,U,OB,1,1,612,125130,69,24:00.0,3,8:00,421
735589304X,U,OB,1,1,331,125130,69,25:00.0,3,8:00,421
7355893059,U,OB,1,3,5812,125130,69,38:00.0,3,7:00,421
7355893077,U,OB,1,1,855,134345,22,37:00.0,4,10:00,421
7355893113,U,OB,1,1,225,134163,39,39:00.0,7,13:00,421
7355913088,U,OB,1,1,1212,125746,43,58:00.0,3,1:00,421
7355913124,U,OB,1,1,96,133942,38,33:00.0,4,5:00,421
7355913133,U,OB,1,1,114,133942,38,06:00.0,4,5:00,421
7355913160,U,OB,1,1,205,136776,26,09:00.0,5,4:00,421
7355913189,U,OB,1,1,2373,127079,38,59:00.0,5,9:00,421
7355913198,U,OB,1,1,335,136776,26,49:00.0,5,3:00,421
7355913207,U,OB,1,1,378,137083,26,50:00.0,6,8:00,421
7355913225,U,OB,1,1,667,126610,53,41:00.0,1,18:00,421
7355913234,U,OB,1,1,549,126610,53,29:00.0,1,20:00,421
7355913252,U,OB,1,1,434,126610,53,26:00.0,1,18:00,421
7355917423,U,OB,1,1,306,128129,69,30:00.0,7,7:00,421
7355917488,U,OB,1,2,930,R621153063,64,44:00.0,5,12:00,421
7355917488,U,OB,1,2,930,R621153063,64,44:00.0,5,12:00,421
7355921778,U,OB,1,6,8000,130893,46,31:00.0,6,13:00,421
7355922263,U,OB,1,1,308,126495,53,14:00.0,3,8:00,421
7355922896,U,OB,1,1,560,119275,49,26:00.0,7,15:00,421
7355922905,U,OB,1,2,1385,132716,51,34:00.0,3,21:00,421
7355922914,U,OB,1,1,555,211224,51,56:00.0,3,3:00,421
7355923931,U,OB,1,6,300,121658,72,52:00.0,6,11:00,421
735595024X,U,OB,1,1,1500,131437,32,21:00.0,6,11:00,421
7355957418,U,OB,1,1,636,127079,38,54:00.0,5,7:00,421
7355957427,U,OB,1,1,270,127079,38,58:00.0,5,6:00,421
7355957436,U,OB,1,1,200,129847,53,06:00.0,7,16:00,421
7355957445,U,OB,1,1,632,126495,53,11:00.0,3,8:00,421
7355957454,U,OB,1,1,385,125573,60,56:00.0,6,9:00,421
7355958417,U,OB,1,2,590,126624,40,55:00.0,5,4:00,421
7355964842,U,OB,1,1,482,123486,17,59:00.0,6,5:00,421
7355964851,U,OB,1,173,1070,123486,17,35:00.0,6,5:00,421
7355969078,U,OB,1,2,3242,138679,49,29:00.0,6,10:00,421
7355971489,U,OB,1,1,350,279882,43,48:00.0,3,4:00,421
7355971498,U,OB,1,1,295,133189,38,22:00.0,5,10:00,421
7356050770,U,OB,1,1,470,133819,58,22:00.0,7,21:00,700
7356051091,U,OB,1,1,360,123105,18,47:00.0,5,8:00,700
7357134490,U,IB,1,1,511,138903,113,34:00.0,7,2:00,555
735716002X,U,OB,1,1,503,128760,89,11:00.0,4,6:00,555
735716002X,U,OB,1,1,503,128760,83,44:00.0,4,6:00,555
7357248331,U,IB,1,4,2140,135556,145,02:00.0,4,16:00,313
7357302644,U,IB,1,1,240,135556,145,56:00.0,4,13:00,313
7357310097,U,IB,1,3,4457,132764,150,41:00.0,6,16:00,313
7357310160,U,CTY,1,1,541,290414,173,54:00.0,3,1:00,313
7357310189,U,CTY,1,1,1994,131218,169,36:00.0,6,4:00,313
7357315276,U,CTY,1,1,336,132236,188,58:00.0,1,20:00,313
7357453490,U,CTY,1,1,91,126763,173,29:00.0,1,11:00,313
7357467076,U,IB,1,4,2981,122579,112,08:00.0,1,4:00,313
7357490881,U,OB,1,1,445,122579,80,12:00.0,1,7:00,313
7357490881,U,IB,1,1,445,122579,112,53:00.0,1,4:00,313
7357559779,U,CTY,1,1,175,131218,192,42:00.0,6,22:00,313
7357637502,U,CTY,1,1,203,280391,196,39:00.0,7,8:00,313
7357666286,U,IB,1,3,345,138837,129,19:00.0,7,9:00,313
7357666607,U,IB,1,1,150,122579,112,23:00.0,1,4:00,313
7357667377,U,IB,1,1,130,132535,129,12:00.0,4,13:00,313
7357702714,U,CTY,1,1,176,290414,173,19:00.0,3,1:00,313
7357702723,U,CTY,1,1,536,290414,173,54:00.0,3,0:00,313
7357764819,U,IB,1,1,145,131955,113,01:00.0,5,14:00,187
7357766588,U,IB,1,1,875,129905,104,46:00.0,2,16:00,187
7357766606,U,IB,1,2,2015,132854,143,30:00.0,6,21:00,187
7357766615,U,IB,1,4,2476,131800,105,44:00.0,2,18:00,187
7357766633,U,IB,1,11,7360,CVEN44168,116,40:00.0,7,5:00,187
7357766689,U,IB,1,3,2424,131955,113,03:00.0,5,14:00,187
7357797599,U,IB,1,1,579,131800,105,14:00.0,2,18:00,187
7357801348,U,OB,1,1,215,132272,78,28:00.0,5,7:00,187
7357827921,U,OB,1,3,1840,127385,97,11:00.0,6,8:00,187
7357827921,U,OB,1,3,1840,127385,97,11:00.0,6,8:00,187
7357827930,U,OB,1,1,840,127385,97,11:00.0,6,8:00,187
7357827930,U,OB,1,1,840,127385,97,11:00.0,6,8:00,187
7357843752,U,IB,1,1,876,131800,105,11:00.0,2,21:00,187
7357843752,U,CTY,1,1,876,131800,222,22:00.0,4,2:00,187
735792540X,U,IB,1,5,2830,133720,135,51:00.0,3,1:00,653
7357925482,U,OB,1,1,480,132147,43,28:00.0,2,22:00,653
7357925491,U,OB,1,1,211,139982,53,56:00.0,3,14:00,653
7357926757,U,CTY,1,1,998,139837,175,11:00.0,3,22:00,653
7358015289,U,OB,1,15,870,131189,52,02:00.0,6,8:00,653
7358024978,U,IB,1,1,448,128243,117,58:00.0,7,3:00,653
7358050433,U,IB,1,1,396,134940,112,40:00.0,4,23:00,653
7358147462,U,CTY,1,10,8270,125831,187,56:00.0,6,11:00,653
735816740X,U,IB,1,1,115,249253,103,19:00.0,6,12:00,653
7358176154,U,IB,1,2,3265,390047,131,16:00.0,4,21:00,422
7358176163,U,OB,1,2,3300,10422,76,10:00.0,2,21:00,422
7358176172,U,IB,1,1,1384,559026,123,41:00.0,5,22:00,422
7358176181,U,OB,1,2,3275,842167,13,39:00.0,2,20:00,422
735820326X,U,IB,1,1,290,121290,117,19:00.0,3,8:00,216
7358223995,U,OB,1,1,155,128287,90,55:00.0,7,13:00,216
7358238441,U,IB,1,1,489,202385,105,19:00.0,4,15:00,216
7358327184,U,IB,1,1,661,135944,116,20:00.0,3,15:00,216
7358330704,U,IB,1,1,346,121112,149,47:00.0,5,12:00,216
7358364759,U,CTY,1,1,368,129652,174,36:00.0,1,6:00,216
7358372715,U,IB,1,1,536,290354,129,17:00.0,4,9:00,216
7358417292,U,OB,1,5,1061,128527,48,46:00.0,1,2:00,740
735841732X,U,IB,1,1,149,261406,163,42:00.0,7,6:00,740
7358417357,U,OB,1,1,299,126109,73,54:00.0,1,18:00,740
7358417366,U,OB,1,1,306,136042,32,08:00.0,7,10:00,740
7358417503,U,OB,1,3,4890,133989,31,49:00.0,7,8:00,740
7358473511,U,OB,1,6,5040,125687,50,46:00.0,2,16:00,740
7358473576,U,OB,1,6,1705,136042,32,35:00.0,7,11:00,740
7358473585,U,OB,1,4,3555,136042,32,24:00.0,7,11:00,740
7358482742,U,OB,1,1,36,127439,32,32:00.0,2,2:00,740
7358483631,U,OB,1,3,890,125687,50,42:00.0,2,17:00,740
7358483669,U,OB,1,1,240,127487,43,55:00.0,4,0:00,740
7358485290,U,OB,1,1,302,290938,17,50:00.0,5,12:00,740
7358529346,U,IB,1,1,1140,128440,141,28:00.0,7,12:00,740
7358584822,U,IB,1,1,300,127775,151,36:00.0,1,20:00,633
7358590405,U,IB,1,2,1250,139653,156,09:00.0,3,4:00,633
7358590405,U,IB,1,2,1250,139653,158,06:00.0,2,22:00,633
7358599728,U,IB,1,1,2084,129515,113,25:00.0,4,6:00,633
7358599728,U,IB,1,1,2084,129515,119,13:00.0,4,9:00,633
7358624844,U,CTY,1,1,700,131853,195,58:00.0,4,2:00,633
7358624880,U,IB,1,1,2495,137513,133,12:00.0,2,19:00,633
7358625183,U,CTY,1,2,445,127534,174,36:00.0,3,17:00,633
7358747229,U,IB,1,1,188,128283,151,43:00.0,1,3:00,216
7358747229,U,OB,1,1,188,128283,91,44:00.0,1,3:00,216
7358786232,U,OB,1,1,3896,124272,73,24:00.0,3,19:00,402
7358786250,U,CTY,1,1,466,131918,195,29:00.0,5,21:00,402
7358794208,U,OB,1,1,443,131995,66,32:00.0,7,19:00,402
7358839647,U,IB,1,3,1518,133886,127,47:00.0,5,13:00,402
7358839701,U,OB,1,1,632,124272,73,50:00.0,3,19:00,402
7358860134,U,OB,1,5,3390,130738,48,43:00.0,2,16:00,402
7358887881,U,OB,1,1,246,130450,76,27:00.0,1,15:00,402
7358945631,U,OB,1,8,3545,140034,75,48:00.0,3,7:00,462
7358998927,U,OB,1,1,125,138200,88,21:00.0,4,9:00,462
7358998936,U,OB,1,3,226,138200,88,28:00.0,4,9:00,462
7358998945,U,OB,1,1,187,126239,79,58:00.0,6,22:00,462
7358998945,U,OB,1,1,187,126239,95,18:00.0,6,13:00,462
7358998954,U,IB,1,3,226,135378,111,38:00.0,7,11:00,462
7359002721,U,OB,1,1,178,139710,74,42:00.0,3,3:00,462
7359002813,U,OB,1,3,1294,138987,49,07:00.0,6,7:00,462
7359002813,U,OB,1,3,1294,138987,81,59:00.0,6,9:00,462
7359002822,U,OB,1,1,625,138987,49,58:00.0,6,7:00,462
7359003803,U,OB,1,3,690,126239,95,00:00.0,6,13:00,462
7359004977,U,IB,1,8,6456,130521,112,54:00.0,6,9:00,462
7359005206,U,IB,1,2,1520,130521,112,02:00.0,6,9:00,462
7359005206,U,IB,1,2,1520,130521,154,43:00.0,6,10:00,462
7359024263,U,OB,1,1,35,138987,49,15:00.0,6,9:00,462
7359024272,U,OB,1,1,35,138987,49,36:00.0,6,9:00,462
7359031487,U,OB,1,2,2122,127413,74,06:00.0,5,10:00,462
7359032320,U,OB,1,1,130,140034,75,18:00.0,3,3:00,462
735903233X,U,OB,1,1,20,140034,75,44:00.0,3,3:00,462
7359032376,U,OB,1,1,87,127413,74,19:00.0,5,8:00,462
7359032385,U,OB,1,1,35,127413,74,11:00.0,5,10:00,462
7359032412,U,CTY,1,4,4050,127303,194,14:00.0,7,20:00,462
7359032421,U,OB,1,1,75,137246,89,43:00.0,3,16:00,462
7359032459,U,OB,1,10,190,126511,74,25:00.0,7,9:00,462
735904443X,U,OB,1,1,127,134662,84,26:00.0,5,6:00,462
7359044449,U,OB,1,1,255,134662,84,04:00.0,5,7:00,462
7359044458,U,OB,1,1,195,134662,84,54:00.0,5,6:00,462
7359045044,U,OB,1,1,127,126511,74,48:00.0,7,9:00,462
7359045071,U,OB,1,1,110,134246,86,17:00.0,5,10:00,462
7359045080,U,OB,1,2,325,138987,49,09:00.0,6,9:00,462
735904971X,U,OB,1,2,963,291029,79,32:00.0,3,10:00,462
735904971X,U,OB,1,2,963,291029,78,06:00.0,3,7:00,462
7359049738,U,OB,1,4,3994,291029,78,10:00.0,3,7:00,462
7359049810,U,CTY,1,1,1100,261151,186,50:00.0,1,10:00,462
7359049810,U,CTY,1,1,1100,261151,190,22:00.0,1,12:00,462
7359049911,U,IB,1,7,5700,135378,111,40:00.0,7,7:00,462
7359050407,U,OB,1,4,835,261033,72,25:00.0,7,12:00,462
7359050425,U,OB,1,3,1838,261033,72,33:00.0,7,12:00,462
7359050452,U,IB,1,1,228,140405,101,07:00.0,4,7:00,462
7359133237,U,CTY,1,1,205,134020,175,58:00.0,4,22:00,847
7359198916,U,CTY,1,4,3465,121323,194,29:00.0,6,19:00,847
7359208688,U,CTY,1,1,396,132574,173,53:00.0,3,22:00,847
7359215984,U,CTY,1,1,189,136647,196,05:00.0,4,20:00,847
7359216103,U,CTY,1,1,510,134020,175,13:00.0,5,0:00,847
7359216269,U,CTY,1,1,45,290791,187,17:00.0,7,20:00,847
7359318632,U,CTY,1,3,4350,135900,187,52:00.0,1,7:00,261
7359318688,U,IB,1,1,396,280465,113,02:00.0,5,3:00,261
7359354245,U,IB,1,1,2530,131798,145,11:00.0,5,20:00,261
7359360102,U,IB,1,1,456,131798,145,25:00.0,5,21:00,261
7359448708,U,IB,1,1,438,129678,151,49:00.0,7,12:00,312
7359448735,U,IB,1,2,287,128076,163,08:00.0,3,4:00,312
7359448991,U,IB,1,1,398,134516,114,10:00.0,5,10:00,312
7359542089,U,CTY,1,1,43,125237,189,13:00.0,3,13:00,569
7359561851,U,CTY,1,1,184,125237,189,06:00.0,3,15:00,569
7359561943,U,IB,1,2,337,124263,117,08:00.0,5,2:00,569
7359564098,U,IB,1,1,185,128185,113,34:00.0,6,12:00,569
7359571248,U,IB,1,1,1190,128185,113,43:00.0,6,12:00,569
7359571266,U,IB,1,1,343,127174,131,20:00.0,1,12:00,569
7359571320,U,IB,1,1,11,128710,151,29:00.0,1,21:00,569
7359586758,U,CTY,1,2,368,123254,172,17:00.0,7,8:00,569
7359586767,U,CTY,1,1,249,123254,172,06:00.0,7,8:00,569
7359588251,U,IB,1,3,1510,134381,145,15:00.0,1,18:00,569
7359588289,U,IB,1,3,1720,128185,113,55:00.0,6,12:00,569
7359588334,U,IB,1,3,1960,128185,113,55:00.0,6,13:00,569
7359588361,U,IB,1,3,1890,121561,149,36:00.0,5,0:00,569
7359588590,U,CTY,1,3,1520,123254,172,23:00.0,7,7:00,569
7359588700,U,CTY,1,3,1750,125237,189,13:00.0,3,15:00,569
735958871X,U,CTY,1,3,1540,125237,189,17:00.0,3,15:00,569
7359588810,U,IB,1,3,1860,134381,145,06:00.0,1,18:00,569
7359598665,U,IB,1,6,7225,121561,149,24:00.0,5,1:00,569
7359608940,U,IB,1,3,5457,121561,149,43:00.0,4,23:00,569
7359609528,U,IB,1,1,71,128710,151,04:00.0,1,21:00,569
7359615284,U,IB,1,4,1280,202451,164,38:00.0,5,16:00,569
7359615293,U,CTY,1,1,400,261007,176,21:00.0,4,16:00,569
735962050X,U,IB,1,1,1349,127174,131,25:00.0,1,12:00,569
7359622003,U,IB,1,2,1595,135055,127,47:00.0,7,4:00,569
7359622012,U,CTY,1,1,581,125237,189,17:00.0,3,14:00,569
7359622021,U,IB,1,1,555,131123,150,13:00.0,4,15:00,569
7360009159,U,CTY,1,1,395,138164,187,30:00.0,2,13:00,182
7360010295,U,IB,1,1,1110,132359,127,18:00.0,3,3:00,182
7360043726,U,CTY,1,2,875,138449,196,04:00.0,3,10:00,182
7360043845,U,CTY,1,1,640,140393,172,56:00.0,5,5:00,182
7360043845,U,CTY,1,1,640,140393,L   ,08:00.0,5,11:00,182
7360073509,U,OB,1,1,730,134403,89,51:00.0,2,8:00,182
7360073509,U,IB,1,1,730,134403,125,09:00.0,1,16:00,182
7360141323,U,CTY,1,1,367,128578,195,20:00.0,6,13:00,112
7360147602,U,CTY,1,1,1095,129537,196,24:00.0,7,19:00,112
7360151324,U,CTY,1,1,270,126862,174,57:00.0,6,4:00,112
7360311823,U,IB,1,4,1942,137171,141,11:00.0,2,13:00,184
7360477997,U,OB,1,2,1900,558986,52,36:00.0,3,4:00,671
7360489702,U,IB,1,2,1130,261332,131,22:00.0,2,2:00,671
7360489720,U,IB,1,6,2840,140113,141,04:00.0,7,0:00,671
7360489767,U,OB,1,2,1100,559536,74,45:00.0,2,21:00,671
7360489776,U,IB,1,1,350,132136,113,28:00.0,2,0:00,671
7360489785,U,IB,1,4,2100,139578,149,33:00.0,1,15:00,671
7360494331,U,IB,1,1,580,130772,143,47:00.0,6,13:00,671
7360494378,U,OB,1,1,2960,136514,78,19:00.0,3,15:00,671
7360528799,U,IB,1,2,2934,139578,149,25:00.0,1,14:00,671
7360596247,U,IB,1,1,225,128530,129,23:00.0,4,8:00,232
7360598447,U,CTY,1,1,178,291058,175,31:00.0,2,6:00,232
7360601554,U,IB,1,1,183,134545,112,11:00.0,1,3:00,232
7360626524,U,IB,1,2,1000,127764,123,21:00.0,5,6:00,232
7360628605,U,CTY,1,1,379,127512,172,26:00.0,5,1:00,232
736064494X,U,IB,1,1,123,128530,129,52:00.0,4,6:00,232
7360656132,U,IB,1,4,6870,133813,141,29:00.0,5,22:00,232
7360656141,U,IB,1,5,7755,127905,111,44:00.0,6,1:00,232
7360665381,U,CTY,1,3,1014,137437,189,10:00.0,2,4:00,232
736066540X,U,CTY,1,6,1825,127512,172,45:00.0,5,1:00,232
7360665419,U,CTY,1,8,7470,116773,187,08:00.0,5,22:00,232
7360669085,U,IB,1,1,520,137236,101,04:00.0,6,5:00,232
7360675804,U,CTY,1,1,530,125404,195,00:00.0,7,1:00,232
7360969760,U,IB,1,3,1319,130912,129,52:00.0,6,11:00,861
736096977X,U,IB,1,1,549,130912,129,01:00.0,6,11:00,861
736103049X,U,CTY,1,1,60,135260,169,06:00.0,2,15:00,861
7361030884,U,CTY,1,1,221,135260,169,29:00.0,2,14:00,861
7361038456,U,IB,1,2,622,127524,129,39:00.0,1,10:00,861
7361042030,U,IB,1,1,300,128044,103,48:00.0,7,6:00,861
736104204X,U,IB,1,5,2955,134017,116,34:00.0,2,0:00,861
7361042553,U,IB,1,3,1545,128044,103,02:00.0,7,7:00,861
7361117528,U,OB,1,1,918,135958,84,58:00.0,4,22:00,525
7361126658,U,CTY,1,1,95,132080,172,36:00.0,6,22:00,525
736113983X,U,IB,1,1,672,125008,135,30:00.0,4,8:00,525
7361193419,U,OB,1,1,1324,202296,43,55:00.0,7,1:00,525
7361236263,U,CTY,1,1,895,135212,175,41:00.0,1,6:00,371
7361244019,U,CTY,1,1,6308,PASC533243,173,08:00.0,6,9:00,371
7361246127,U,CTY,1,4,1030,R326181472,174,27:00.0,1,14:00,371
7361246154,U,CTY,1,2,546,135212,175,29:00.0,1,7:00,371
7361251636,U,IB,1,1,600,121754,153,27:00.0,7,11:00,371
7361251636,U,CTY,1,1,600,121754,173,21:00.0,7,11:00,371
7361254514,U,CTY,1,1,296,140013,169,11:00.0,6,8:00,371
7361254606,U,CTY,1,1,1090,R326181472,174,22:00.0,1,15:00,371
7361255926,U,CTY,1,1,170,125614,169,32:00.0,7,17:00,371
7361259107,U,CTY,1,1,307,129651,169,02:00.0,4,12:00,371
7361259107,U,IB,1,1,307,129651,156,03:00.0,4,12:00,371
7361259152,U,IB,1,1,100,135748,151,36:00.0,6,13:00,371
7361259170,U,CTY,1,11,5680,R621153063,195,14:00.0,3,7:00,371
7361259208,U,IB,1,1,1368,127460,123,50:00.0,4,15:00,371
7361259226,U,IB,1,10,4967,137723,151,24:00.0,6,2:00,371
7361259235,U,CTY,1,5,4045,123106,174,46:00.0,6,14:00,371
7361259244,U,IB,1,8,6905,127837,152,31:00.0,7,17:00,371
7361264762,U,CTY,1,2,216,125831,169,18:00.0,4,15:00,371
7361264771,U,IB,1,2,665,140013,115,20:00.0,6,6:00,371
7361264771,U,CTY,1,2,665,140013,169,18:00.0,6,6:00,371
736126479X,U,CTY,1,1,160,129628,194,08:00.0,4,10:00,371
7361264818,U,CTY,1,2,263,211132,173,22:00.0,6,14:00,371
7361264836,U,IB,1,1,113,138629,129,21:00.0,4,13:00,371
7361285112,U,IB,1,1,717,137723,151,44:00.0,6,1:00,371
7361285305,U,IB,1,1,730,121377,135,57:00.0,1,21:00,371
7361337216,U,CTY,1,1,135,131973,195,26:00.0,4,4:00,814
7361341854,U,CTY,1,2,2496,261219,188,57:00.0,1,21:00,814
7361341964,U,CTY,1,9,6430,132904,175,47:00.0,7,8:00,814
7361388622,U,CTY,1,1,102,136232,192,32:00.0,5,7:00,814
7361388678,U,CTY,1,1,282,136232,192,04:00.0,5,13:00,814
7361388687,U,CTY,1,1,270,136232,192,00:00.0,5,13:00,814
7361537663,U,CTY,1,1,595,133387,195,36:00.0,4,16:00,347
7361546317,U,IB,1,1,170,127618,143,32:00.0,1,13:00,347
736163285X,U,CTY,1,1,576,131109,175,58:00.0,7,13:00,347
7361673046,U,IB,1,1,280,134787,135,38:00.0,4,16:00,347
7361673082,U,IB,1,1,385,134787,135,58:00.0,4,18:00,347
7361673100,U,IB,1,1,373,134787,135,42:00.0,4,17:00,347
7361673293,U,IB,1,1,192,134565,112,12:00.0,5,10:00,347
7361673302,U,IB,1,1,276,134565,112,04:00.0,5,10:00,347
7361673358,U,IB,1,1,159,134565,112,48:00.0,5,10:00,347
7361673376,U,IB,1,1,200,134565,112,08:00.0,5,10:00,347
7361673394,U,IB,1,1,397,134565,112,03:00.0,5,11:00,347
7361673495,U,CTY,1,1,192,140300,174,55:00.0,4,8:00,347
7361673522,U,CTY,1,1,215,140300,174,59:00.0,4,7:00,347
736167355X,U,CTY,1,1,185,140300,174,10:00.0,4,9:00,347
7361687218,U,IB,1,1,260,130455,145,30:00.0,4,13:00,347
7361697668,U,CTY,1,1,190,128127,168,23:00.0,5,8:00,347
7361697695,U,IB,1,1,180,124215,125,51:00.0,4,14:00,347
7361697704,U,IB,1,1,78,124215,125,54:00.0,4,14:00,347
7361760220,U,IB,1,4,4155,137777,149,23:00.0,3,22:00,347
7361862511,U,IB,1,1,400,129565,149,34:00.0,4,22:00,347
736186253X,U,CTY,1,2,90,129565,235,44:00.0,3,20:00,347
736186253X,U,CTY,1,2,90,129565,235,44:00.0,3,20:00,347
736186253X,U,CTY,1,2,90,129565,231,39:00.0,7,1:00,347
736186253X,U,CTY,1,2,90,129565,233,40:00.0,7,1:00,347
7361862668,U,CTY,1,1,395,138636,189,47:00.0,6,22:00,347
7362297570,U,CTY,1,25,192,125345,169,09:00.0,3,18:00,431
7362359987,U,CTY,1,1,910,123631,196,08:00.0,1,6:00,857
7362361206,U,CTY,1,1,295,134197,197,47:00.0,5,18:00,857
736236226X,U,CTY,1,1,19,127884,172,25:00.0,4,21:00,857
7362362562,U,CTY,1,1,135,133013,176,59:00.0,5,22:00,857
7362403931,U,CTY,1,2,48,137322,175,48:00.0,4,3:00,857
7362404198,U,CTY,1,1,504,124196,177,41:00.0,5,8:00,857
7362404198,U,CTY,1,1,504,124196,192,40:00.0,5,8:00,857
7362404216,U,CTY,1,1,18,124196,192,30:00.0,5,9:00,857
7362405399,U,IB,1,1,4,127210,151,16:00.0,3,22:00,857
7362405462,U,IB,1,1,58,127210,151,43:00.0,3,20:00,857
7362406526,U,CTY,1,1,120,133598,173,54:00.0,1,7:00,857
736240681X,U,CTY,1,1,508,122929,192,36:00.0,3,22:00,857
7362406838,U,CTY,1,1,7,134846,188,03:00.0,5,1:00,857
7362407076,U,OB,1,1,2345,137815,90,26:00.0,4,22:00,857
7362407195,U,CTY,1,1,4,127884,172,26:00.0,4,21:00,857
7362407287,U,OB,1,1,670,137815,90,15:00.0,4,22:00,857
7362407543,U,CTY,1,1,110,116780,187,46:00.0,5,18:00,857
7362407956,U,CTY,1,1,200,137936,187,29:00.0,6,19:00,857
7362407974,U,CTY,1,1,17,137936,187,07:00.0,6,21:00,857
7362408221,U,CTY,1,1,2,125210,189,10:00.0,2,22:00,857
7362408991,U,IB,1,1,155,123837,135,01:00.0,5,21:00,857
7362482399,U,IB,1,3,1095,PASC634516,151,44:00.0,7,12:00,396
7362482426,U,IB,1,1,725,PASC33311,145,54:00.0,4,7:00,396
7362486624,U,CTY,1,2,352,560074,175,31:00.0,1,15:00,396
7362494773,U,CTY,1,2,1575,135127,196,46:00.0,1,21:00,396
7362496405,U,IB,1,1,740,127772,158,49:00.0,4,2:00,396
7362496441,U,IB,1,1,400,PASC175379,151,59:00.0,2,18:00,396
7362496441,U,IB,1,1,400,PASC175379,118,03:00.0,2,19:00,396
7362505360,U,CTY,1,1,1625,PASC33311,173,46:00.0,5,7:00,396
7362505360,U,CTY,1,1,1625,PASC33311,231,17:00.0,5,19:00,396
7362505360,U,CTY,1,1,1625,PASC33311,233,59:00.0,2,21:00,396
7362505865,U,CTY,1,4,1940,139047,197,17:00.0,3,22:00,396
7362506543,U,CTY,1,1,357,PASC634534,176,39:00.0,1,16:00,396
7362506561,U,CTY,1,2,2479,PASC634534,176,57:00.0,1,16:00,396
7362506626,U,CTY,1,1,260,125814,172,17:00.0,6,1:00,396
7362509019,U,CTY,1,1,325,TNUE56177,188,41:00.0,1,1:00,396
7362511080,U,IB,1,1,400,PASC634516,151,53:00.0,7,10:00,396
7362511109,U,CTY,1,1,44,202318,195,07:00.0,6,15:00,396
736251230X,U,CTY,1,1,400,PASC634534,172,58:00.0,1,5:00,396
736251230X,U,CTY,1,1,400,PASC634534,237,47:00.0,2,22:00,396
7362512337,U,CTY,1,1,274,125814,172,23:00.0,6,2:00,396
7362536151,U,CTY,1,1,422,252131,189,19:00.0,3,12:00,396
7362674623,U,CTY,1,20,11325,PASC634013,197,54:00.0,6,5:00,394
7362674641,U,IB,1,1,91,PASC175379,151,32:00.0,2,18:00,394
7362680563,U,IB,1,2,2528,PASC175379,151,39:00.0,2,19:00,394
7362680875,U,CTY,1,1,189,PASC634013,195,14:00.0,6,6:00,394
7362690555,U,CTY,1,1,785,PASC33311,173,57:00.0,5,11:00,394
7362702536,U,CTY,1,1,856,TNUE56177,188,55:00.0,1,4:00,394
7362702646,U,CTY,1,1,100,125814,172,43:00.0,6,1:00,394
7362726332,U,IB,1,2,1626,PASC33311,145,56:00.0,4,9:00,394
7362726891,U,CTY,1,4,1100,PASC634534,197,03:00.0,1,11:00,394
7362728303,U,CTY,1,1,262,135165,189,28:00.0,5,21:00,394
7362728431,U,CTY,1,1,125,130864,175,46:00.0,4,16:00,394
7362729935,U,CTY,1,6,3030,126138,169,01:00.0,7,17:00,394
7362729953,U,CTY,1,1,2080,138999,187,48:00.0,5,11:00,394
7362732290,U,CTY,1,3,686,PASC175379,188,08:00.0,5,2:00,394
7362732456,U,CTY,1,5,379,PASC533243,173,18:00.0,6,7:00,394
7362739092,U,CTY,1,2,31,125630,197,02:00.0,7,5:00,394
7362739689,U,CTY,1,2,31,T730211733,174,30:00.0,7,5:00,394
7362739880,U,CTY,1,2,31,138457,188,47:00.0,6,11:00,394
7362740210,U,CTY,1,3,66,PASC634534,172,56:00.0,1,10:00,394
7362740311,U,CTY,1,2,31,PASC634534,172,06:00.0,1,11:00,394
7362744125,U,IB,1,2,38,125848,151,56:00.0,5,5:00,394
7362744217,U,CTY,1,2,31,PASC634013,195,08:00.0,6,10:00,394
7362744309,U,CTY,1,2,35,PASC634534,181,58:00.0,1,19:00,394
7362744309,U,CTY,1,2,35,PASC634534,181,58:00.0,1,19:00,394
7362744345,U,IB,1,2,31,PASC634013,143,06:00.0,5,14:00,394
7362755940,U,CTY,1,1,280,135165,189,31:00.0,5,21:00,394
7362756189,U,CTY,1,1,1075,PASC33311,187,45:00.0,4,7:00,394
7362756216,U,CTY,1,1,260,135508,175,09:00.0,1,5:00,394
7362756216,U,CTY,1,1,260,135508,233,08:00.0,1,12:00,394
7362760652,U,CTY,1,1,1075,127739,197,40:00.0,4,11:00,394
7362760726,U,CTY,1,1,478,125814,172,05:00.0,5,23:00,394
736277212X,U,CTY,1,2,4200,290114,169,02:00.0,1,7:00,394
7362772440,U,CTY,1,1,775,125901,168,05:00.0,4,10:00,394
7362842869,U,CTY,1,3,644,PASC175379,175,37:00.0,5,10:00,394
7362895274,U,IB,1,6,4370,PASC175379,151,18:00.0,2,18:00,394
7362914167,U,CTY,1,4,3533,PASC634534,172,16:00.0,1,10:00,394
7362914221,U,CTY,1,2,3390,125901,168,13:00.0,4,10:00,394
7362922774,U,CTY,1,1,795,PASC634013,197,57:00.0,6,6:00,394
7362938944,U,CTY,1,2,2035,139517,168,53:00.0,1,18:00,521
7362938953,U,OB,1,1,512,131853,40,34:00.0,5,1:00,521
7362938971,U,OB,1,1,360,118732,46,40:00.0,7,14:00,521
7362938980,U,OB,1,2,1695,139944,89,54:00.0,1,15:00,521
7362969616,U,OB,1,1,348,139944,89,13:00.0,1,14:00,521
7362971715,U,OB,1,1,816,118732,46,46:00.0,7,14:00,521
7362971724,U,OB,1,1,770,137797,72,58:00.0,4,13:00,521
7362971733,U,OB,1,1,933,137797,72,07:00.0,4,14:00,521
736297199X,U,OB,1,3,2117,133578,76,18:00.0,4,4:00,521
7362972009,U,IB,1,1,619,138779,131,26:00.0,5,8:00,521
7362972018,U,OB,1,2,1290,140154,39,27:00.0,6,12:00,521
7362972027,U,OB,1,1,251,138745,78,24:00.0,7,11:00,521
7362972036,U,OB,1,1,852,127948,31,19:00.0,1,3:00,521
7362972054,U,CTY,1,1,522,138630,196,08:00.0,5,8:00,521
7362972063,U,CTY,1,1,1772,138630,196,46:00.0,5,8:00,521
7362972072,U,OB,1,1,233,126921,38,59:00.0,6,5:00,521
7362972081,U,OB,1,1,695,139942,50,20:00.0,7,19:00,521
7363102770,U,IB,1,1,225,121724,133,28:00.0,1,6:00,521
7363125275,U,IB,1,1,950,430631,143,23:00.0,7,7:00,322
7363125284,U,IB,1,2,725,261363,105,41:00.0,5,8:00,322
7363127933,U,IB,1,1,396,251290,114,23:00.0,4,13:00,322
7363127951,U,CTY,1,13,3853,125047,192,52:00.0,6,17:00,322
7363135532,U,IB,1,1,672,R422504612,129,26:00.0,4,11:00,322
7363136394,U,IB,1,1,607,251290,114,59:00.0,4,13:00,322
7363138668,U,IB,1,2,864,127387,131,51:00.0,7,5:00,322
7363138686,U,IB,1,6,6113,430631,143,50:00.0,7,7:00,322
7363138686,U,IB,1,6,6113,430631,121,59:00.0,7,10:00,322
7363139364,U,IB,1,1,902,251290,114,20:00.0,4,13:00,322
7363151089,U,IB,1,2,745,133915,117,08:00.0,3,4:00,322
7363151098,U,OB,1,1,1305,136938,75,53:00.0,3,3:00,322
7363151107,U,CTY,1,1,285,128144,169,54:00.0,4,10:00,322
736315833X,U,IB,1,1,179,137871,113,09:00.0,3,8:00,322
7363158376,U,CTY,1,1,608,125047,192,11:00.0,6,18:00,322
7363158394,U,IB,1,2,260,R422504612,129,31:00.0,4,12:00,322
7363158412,U,IB,1,1,93,R422504612,129,10:00.0,4,12:00,322
7363158421,U,IB,1,9,279,129540,135,45:00.0,5,17:00,322
7363158430,U,IB,1,2,138,129540,135,34:00.0,5,17:00,322
736315844X,U,IB,1,1,170,129540,135,12:00.0,5,17:00,322
7363158468,U,IB,1,1,625,133915,117,05:00.0,3,4:00,322
7363158477,U,IB,1,1,883,133915,117,24:00.0,3,4:00,322
7363160035,U,IB,1,2,1000,133915,117,50:00.0,3,2:00,322
7363163261,U,IB,1,1,503,137871,113,58:00.0,3,8:00,322
7363163299,U,CTY,1,2,590,123777,168,27:00.0,6,16:00,322
7363163362,U,IB,1,6,3726,135986,116,53:00.0,6,15:00,322
7363163436,U,IB,1,1,549,290208,114,18:00.0,4,11:00,322
7363163436,U,IB,1,1,549,290208,108,19:00.0,4,11:00,322
7363163463,U,IB,1,3,655,430632,104,55:00.0,5,16:00,322
7363163537,U,CTY,1,4,2333,123777,168,03:00.0,6,17:00,322
736316361X,U,IB,1,7,2514,430632,104,04:00.0,5,11:00,322
7363163629,U,IB,1,3,1509,136938,141,27:00.0,6,11:00,322
7363166451,U,OB,1,3,6710,130715,90,18:00.0,5,8:00,322
7363166460,U,IB,1,5,11150,133185,101,33:00.0,5,8:00,322
7363171960,U,IB,1,1,690,41167,117,38:00.0,3,3:00,322
7363172034,U,IB,1,2,655,430632,104,54:00.0,5,9:00,322
7363173098,U,IB,1,2,3460,129540,135,24:00.0,5,19:00,322
7363173125,U,IB,1,1,2645,R422504612,129,45:00.0,4,12:00,322
7363195226,U,CTY,1,1,418,128031,197,54:00.0,5,16:00,303
7363219976,U,IB,1,1,302,131973,114,16:00.0,4,18:00,303
7363320011,U,CTY,1,1,70,136132,169,09:00.0,6,16:00,303
7363336347,U,CTY,1,1,287,127922,187,05:00.0,3,13:00,303
7363356623,U,CTY,1,1,375,136132,169,05:00.0,6,14:00,303
7363392034,U,CTY,1,3,2808,135867,220,01:00.0,1,13:00,303
7363450655,U,OB,1,1,582,138444,87,47:00.0,1,20:00,140
7363462910,U,CTY,1,1,305,138164,187,09:00.0,2,3:00,140
736346292X,U,IB,1,2,453,132176,112,02:00.0,6,0:00,140
7363462966,U,CTY,1,1,218,137976,172,10:00.0,7,11:00,140
736346325X,U,CTY,1,1,250,137691,235,26:00.0,2,10:00,140
736346325X,U,IB,1,1,250,137691,141,25:00.0,1,17:00,140
7363463287,U,CTY,1,1,295,132400,189,39:00.0,7,14:00,140
7363466091,U,CTY,1,1,600,132400,189,42:00.0,7,14:00,140
7363485599,U,CTY,1,1,250,132301,188,18:00.0,6,8:00,140
7363485709,U,IB,1,4,1972,140037,112,53:00.0,3,10:00,140
7363485718,U,CTY,1,1,226,140393,172,08:00.0,5,10:00,140
7363486771,U,CTY,1,1,323,140262,187,33:00.0,6,15:00,140
736348679X,U,CTY,1,1,303,126885,174,19:00.0,1,1:00,140
7363491950,U,CTY,1,1,442,290757,197,58:00.0,7,3:00,140
7363492089,U,CTY,1,1,390,126864,175,03:00.0,1,19:00,140
736349218X,U,CTY,1,3,2575,279981,169,25:00.0,3,0:00,140
7363496662,U,CTY,1,8,5925,290021,231,49:00.0,1,13:00,140
7363496662,U,CTY,1,8,5925,290021,231,49:00.0,1,13:00,140
7363517829,U,CTY,1,3,1018,138558,173,05:00.0,4,16:00,140
7363555384,U,OB,1,1,120,130515,40,56:00.0,4,0:00,429
7363558794,U,IB,1,1,260,211235,129,22:00.0,1,22:00,429
7363558940,U,OB,1,2,2097,134218,31,16:00.0,3,18:00,429
736356302X,U,OB,1,1,720,134942,95,54:00.0,1,7:00,429
7363564478,U,OB,1,1,125,137455,73,40:00.0,7,13:00,465
7363566613,U,OB,1,5,4450,140358,26,44:00.0,4,22:00,429
7363566640,U,OB,1,1,110,140127,46,49:00.0,7,6:00,429
7363567778,U,OB,1,1,560,134942,95,49:00.0,1,7:00,429
7363567787,U,IB,1,1,740,134942,165,50:00.0,1,7:00,429
7363567787,U,OB,1,1,740,134942,95,47:00.0,1,7:00,429
7363705745,U,CTY,1,7,12845,134597,169,11:00.0,7,19:00,312
7363705819,U,CTY,1,9,10605,133757,225,45:00.0,5,13:00,312
7363750708,U,CTY,1,21,9525,138044,176,23:00.0,4,19:00,312
7363765291,U,IB,1,1,445,132785,127,22:00.0,1,18:00,312
7363792948,U,IB,1,1,635,290993,129,26:00.0,5,12:00,244
7363792957,U,IB,1,1,635,137240,116,21:00.0,5,8:00,244
7363815195,U,CTY,1,2,1715,117315,169,52:00.0,4,9:00,881
7363852815,U,CTY,1,1,660,133233,174,58:00.0,1,2:00,881
7363854914,U,CTY,1,3,1845,131853,195,50:00.0,4,3:00,881
7363854923,U,CTY,1,1,651,290268,192,46:00.0,3,21:00,881
736391348X,U,IB,1,2,660,131280,141,51:00.0,3,11:00,881
7363914130,U,IB,1,3,3195,127872,135,50:00.0,1,19:00,881
7363914159,U,IB,1,1,900,127872,135,56:00.0,1,19:00,881
7364085611,U,CTY,1,1,525,126570,233,25:00.0,3,7:00,150
7364085611,U,CTY,1,1,525,126570,188,23:00.0,3,6:00,150
7364085887,U,CTY,1,1,281,138867,196,40:00.0,6,13:00,150
7364089250,U,IB,1,1,336,CVEN45559,151,54:00.0,6,2:00,150
7364089993,U,CTY,1,1,1000,CVEN43397,197,08:00.0,7,14:00,150
7364090534,U,CTY,1,2,1220,129714,172,13:00.0,4,5:00,150
7364091340,U,IB,1,1,995,CVEN43549,133,30:00.0,4,22:00,150
7364091340,U,CTY,1,1,995,CVEN43549,235,36:00.0,5,21:00,150
7364092166,U,OB,1,2,870,139806,95,35:00.0,4,2:00,150
7364092184,U,OB,1,1,435,139806,95,22:00.0,4,2:00,150
7364092330,U,CTY,1,1,120,CVEN44786,168,22:00.0,1,21:00,150
7364096218,U,OB,1,55,1650,139806,95,40:00.0,4,2:00,150
7364099224,U,OB,1,2,405,139806,95,42:00.0,3,23:00,150
7364110242,U,IB,1,1,392,CVEN44339,112,54:00.0,5,16:00,150
7364110352,U,CTY,1,1,380,118856,194,32:00.0,3,19:00,150
7364110435,U,IB,1,1,400,137761,114,14:00.0,6,11:00,150
7364111425,U,IB,1,2,585,CVEN44339,112,31:00.0,5,15:00,150
7364249713,U,IB,1,1,350,CVEN44339,112,49:00.0,5,15:00,150
7364279440,U,CTY,1,1,1196,CVEN44708,194,29:00.0,1,19:00,150
7364279440,U,CTY,1,1,1196,CVEN44708,237,10:00.0,4,22:00,150
7364279440,U,CTY,1,1,1196,CVEN44708,205,52:00.0,2,22:00,150
7364315338,U,OB,1,3,3385,CVEN44129,95,46:00.0,7,0:00,135
7364315347,U,OB,1,2,2130,CVEN44129,95,50:00.0,7,0:00,135
7364315347,U,IB,1,2,2130,CVEN44129,131,46:00.0,7,8:00,135
7364426786,U,CTY,1,2,352,133744,194,19:00.0,4,21:00,223
7364522082,U,IB,1,4,785,261040,104,26:00.0,1,4:00,211
7364522257,U,CTY,1,1,68,133451,195,05:00.0,4,22:00,211
7364522367,U,CTY,1,1,156,118614,175,28:00.0,7,5:00,211
7364522385,U,CTY,1,1,102,118614,175,10:00.0,7,6:00,211
7364522430,U,CTY,1,2,258,133257,197,24:00.0,6,6:00,211
7364522486,U,CTY,1,1,68,131787,188,51:00.0,1,3:00,211
7364522733,U,CTY,1,2,123,131999,194,58:00.0,1,6:00,211
7364522953,U,CTY,1,1,68,291296,173,45:00.0,6,0:00,211
7364523155,U,IB,1,7,506,138970,151,49:00.0,7,22:00,211
7364523164,U,IB,1,1,166,138970,151,29:00.0,7,22:00,211
736452321X,U,IB,1,2,132,138970,151,58:00.0,7,22:00,211
7364523247,U,IB,1,3,132,138970,151,56:00.0,7,22:00,211
7364523669,U,IB,1,1,58,126785,131,57:00.0,4,12:00,211
7364523687,U,IB,1,1,162,126785,131,26:00.0,4,12:00,211
7364523714,U,IB,1,1,45,126785,131,30:00.0,4,12:00,211
7364523952,U,OB,1,4,664,134530,95,38:00.0,6,9:00,211
7364524071,U,OB,1,1,150,134530,95,53:00.0,6,8:00,211
7364524080,U,OB,1,2,282,134530,95,03:00.0,6,9:00,211
7364559327,U,CTY,1,1,1975,PASC634516,173,26:00.0,2,15:00,388
7364582528,U,CTY,1,1,355,119660,204,57:00.0,6,14:00,388
7364594902,U,CTY,1,7,9935,134270,196,40:00.0,6,9:00,388
7364598413,U,CTY,1,5,4410,PASC634516,173,52:00.0,2,13:00,388
7364653579,U,CTY,1,1,535,130864,175,13:00.0,4,15:00,388
7364653615,U,CTY,1,1,435,126138,169,31:00.0,7,16:00,388
7364653624,U,CTY,1,1,475,135127,196,40:00.0,1,21:00,388
736465367X,U,CTY,1,1,330,138999,187,17:00.0,5,8:00,388
7364653707,U,IB,1,1,515,132793,151,56:00.0,7,7:00,388
7364683966,U,CTY,1,1,100,138282,169,01:00.0,2,21:00,158
7364776018,U,CTY,1,1,460,125108,173,08:00.0,1,4:00,158
7364776054,U,CTY,1,1,2080,125108,173,14:00.0,1,4:00,158
7364801134,U,CTY,1,3,5000,127912,196,41:00.0,4,5:00,158
7364803141,U,CTY,1,1,758,126791,196,46:00.0,5,1:00,158
7364979399,U,IB,1,2,705,CVEN45559,151,21:00.0,6,7:00,132
736498719X,U,OB,1,2,691,558947,31,41:00.0,2,16:00,132
7364994698,U,CTY,1,2,361,CVEN44786,235,01:00.0,4,22:00,132
7364994698,U,CTY,1,2,361,CVEN44786,238,43:00.0,2,21:00,132
7364994698,U,CTY,1,2,361,CVEN44786,168,54:00.0,1,15:00,132
7365071249,U,CTY,1,13,11600,133852,213,56:00.0,3,3:00,132
7365076372,U,CTY,1,1,235,126570,188,40:00.0,3,7:00,132
7365112553,U,OB,1,2,1685,CVEN45352,89,44:00.0,5,13:00,132
7365139366,U,IB,1,2,668,CVEN46029,101,23:00.0,4,21:00,132
7365167517,U,CTY,1,4,500,116773,187,12:00.0,5,20:00,211
7365200746,U,CTY,1,1,200,CVEN44786,168,21:00.0,1,21:00,132
7365274969,U,IB,1,1,259,CVEN43549,133,27:00.0,4,13:00,132
7365279973,U,CTY,1,1,428,126570,188,43:00.0,3,6:00,132
7365280258,U,CTY,1,2,1940,131810,175,41:00.0,3,11:00,132
7365281165,U,IB,1,7,1452,CVEN46029,101,15:00.0,4,21:00,132
7365283448,U,IB,1,2,740,134073,163,28:00.0,4,2:00,132
7365285143,U,CTY,1,11,12500,127847,207,26:00.0,3,9:00,132
7365288672,U,CTY,1,1,40,128293,175,06:00.0,5,17:00,132
7365297894,U,CTY,1,1,317,130650,173,28:00.0,4,4:00,132
7365298590,U,IB,1,2,1664,CVEN45772,103,06:00.0,6,10:00,132
7365299077,U,CTY,1,1,169,126570,188,33:00.0,3,6:00,132
7365300222,U,IB,1,1,85,CVEN45559,151,22:00.0,6,4:00,132
7365300781,U,CTY,1,1,125,127847,192,47:00.0,3,3:00,132
736530091X,U,IB,1,1,65,CVEN44615,113,28:00.0,6,11:00,132
736530091X,U,IB,1,1,65,CVEN44615,100,18:00.0,6,13:00,132
7365300947,U,CTY,1,1,65,CVEN43397,197,57:00.0,7,15:00,132
7365303293,U,IB,1,1,165,CVEN46029,101,25:00.0,4,22:00,132
7365310690,U,IB,1,1,123,128150,135,59:00.0,2,19:00,132
7365311929,U,CTY,1,1,230,138251,197,09:00.0,5,13:00,132
7365312991,U,IB,1,1,114,138212,151,29:00.0,3,6:00,132
736541256X,U,OB,1,1,260,128129,84,44:00.0,1,20:00,525
7365443727,U,CTY,1,1,696,130828,172,55:00.0,1,11:00,525
7365681253,U,IB,1,1,82,136440,105,47:00.0,1,12:00,213
7365681446,U,IB,1,1,122,140003,135,40:00.0,7,10:00,685
7365776733,U,CTY,1,1,490,118529,206,48:00.0,6,13:00,679
7365875807,U,IB,1,4,390,132790,116,11:00.0,3,20:00,218
7365875834,U,IB,1,2,214,128880,113,04:00.0,3,21:00,218
7365875870,U,OB,1,127,1806,903811,88,15:00.0,6,22:00,218
7365875926,U,IB,1,2,182,430881,112,25:00.0,4,4:00,218
7365876200,U,IB,1,1,265,133855,113,53:00.0,3,22:00,218
736587621X,U,IB,1,3,357,124352,104,09:00.0,3,21:00,218
7365876265,U,IB,1,1,91,129514,127,17:00.0,4,3:00,218
7365876348,U,IB,1,1,105,559510,112,51:00.0,4,17:00,218
7365876384,U,IB,1,1,105,118791,114,52:00.0,5,3:00,218
7365876705,U,OB,1,1,105,132999,72,28:00.0,5,2:00,218
7365876714,U,OB,1,1,132,132999,72,31:00.0,5,2:00,218
7365876723,U,OB,1,1,125,132999,72,08:00.0,5,2:00,218
7365876750,U,IB,1,3,273,123779,133,09:00.0,4,20:00,218
736587676X,U,OB,1,1,195,128828,89,04:00.0,6,2:00,218
7365876779,U,OB,1,1,220,128828,89,31:00.0,6,1:00,218
7365876851,U,IB,1,1,99,130842,103,07:00.0,7,21:00,218
736587687X,U,IB,1,1,132,125305,133,22:00.0,7,21:00,218
7365876934,U,OB,1,1,132,135081,96,55:00.0,7,21:00,218
7365896835,U,IB,1,19,7266,123393,145,03:00.0,1,2:00,580
7365896945,U,IB,1,12,3179,HAEI26012,158,59:00.0,6,19:00,580
7365896972,U,CTY,1,2,655,127438,168,44:00.0,5,17:00,580
7365897138,U,IB,1,5,1810,430569,127,49:00.0,1,10:00,580
736589722X,U,CTY,1,2,537,140023,173,54:00.0,4,15:00,580
7365897614,U,OB,1,3,951,125743,46,24:00.0,5,6:00,580
7365897724,U,CTY,1,1,831,530503,187,48:00.0,6,22:00,580
7365897742,U,OB,1,1,951,130709,26,35:00.0,7,21:00,580
7366045472,U,IB,1,1,312,126057,149,10:00.0,5,14:00,318
7366069571,U,OB,1,1,420,128854,86,44:00.0,3,12:00,318
7366069571,U,CTY,1,1,420,128854,231,47:00.0,4,0:00,318
7366077116,U,CTY,1,1,227,290766,173,16:00.0,4,13:00,318
736607718X,U,CTY,1,3,900,125296,196,57:00.0,4,19:00,318
7366077199,U,CTY,1,1,114,125296,196,17:00.0,4,21:00,318
7366077226,U,CTY,1,1,117,124058,174,24:00.0,6,21:00,318
7366077235,U,CTY,1,1,139,124058,174,49:00.0,6,20:00,318
7366096485,U,CTY,1,1,347,125036,174,53:00.0,5,21:00,318
7366149193,U,CTY,1,3,5440,290766,173,12:00.0,4,13:00,318
7366149220,U,CTY,1,4,7745,125296,196,22:00.0,4,21:00,318
7366149249,U,CTY,1,4,7880,135720,169,29:00.0,4,15:00,318
7366149267,U,CTY,1,3,5440,132756,189,07:00.0,7,21:00,318
7366190544,U,CTY,1,1,103,140265,188,13:00.0,6,6:00,318
7366190553,U,CTY,1,1,129,140265,188,14:00.0,6,6:00,318
7366190562,U,CTY,1,3,391,140265,188,30:00.0,6,7:00,318
7366193312,U,IB,1,1,321,135956,163,21:00.0,5,14:00,318
7366221638,U,CTY,1,2,740,281030,189,31:00.0,6,19:00,318
7366228375,U,CTY,1,4,910,140265,188,40:00.0,6,1:00,318
7366234324,U,IB,1,1,611,PASC33311,145,50:00.0,4,9:00,318
7366234416,U,IB,1,1,611,PASC33311,145,59:00.0,4,8:00,318
736623448X,U,IB,1,1,611,PASC33311,145,47:00.0,4,8:00,318
7366328448,U,CTY,1,8,6525,136521,212,49:00.0,2,9:00,650
7366360952,U,IB,1,1,216,136322,164,16:00.0,2,13:00,650
7366374116,U,IB,1,1,915,123726,111,27:00.0,5,0:00,650
7366374125,U,CTY,1,1,665,125243,194,01:00.0,7,9:00,650
7366417281,U,IB,1,1,510,131333,112,02:00.0,7,14:00,246
736641730X,U,CTY,1,1,330,126251,173,56:00.0,5,3:00,246
7366452371,U,IB,1,1,166,137393,164,14:00.0,5,21:00,198
7366452380,U,CTY,1,2,1560,430385,187,43:00.0,2,18:00,198
736645239X,U,IB,1,2,1125,124029,113,25:00.0,4,4:00,198
7366452409,U,IB,1,3,3155,135062,143,38:00.0,6,10:00,198
7366520021,U,CTY,1,2,1115,137493,192,10:00.0,2,15:00,896
7366559511,U,IB,1,1,86,132504,150,46:00.0,5,5:00,896
7366559576,U,CTY,1,1,30,138430,169,22:00.0,5,1:00,896
7366664067,U,CTY,1,1,260,261081,233,28:00.0,5,21:00,896
7366664204,U,CTY,1,1,128,126741,231,06:00.0,2,22:00,896
7366671969,U,IB,1,1,125,530109,141,35:00.0,3,0:00,896
7366746154,U,CTY,1,1,264,118361,194,52:00.0,3,13:00,830
7366746163,U,CTY,1,1,264,134255,189,10:00.0,6,19:00,830
7366823832,U,CTY,1,1,805,132093,187,07:00.0,3,19:00,896
7366831276,U,CTY,1,1,270,118361,194,14:00.0,3,16:00,896
736688183X,U,IB,1,4,5161,138291,135,24:00.0,2,5:00,896
7366941799,U,CTY,1,3,2688,124100,188,17:00.0,4,13:00,896
7366941808,U,CTY,1,1,282,125040,194,14:00.0,4,14:00,896
7366941871,U,CTY,1,1,500,126097,196,28:00.0,4,7:00,896
7366943741,U,CTY,1,1,45,125040,194,54:00.0,4,14:00,896
7366943806,U,CTY,1,1,45,124100,188,44:00.0,4,13:00,896
7366956878,U,CTY,1,1,355,136637,192,24:00.0,4,10:00,896
736696037X,U,CTY,1,4,3156,135836,187,39:00.0,2,16:00,896
7366984652,U,IB,1,1,719,121815,151,21:00.0,5,6:00,896
7367041037,U,IB,1,1,618,290256,163,02:00.0,2,14:00,877
7367041064,U,IB,1,1,271,290256,163,29:00.0,2,13:00,877
7367041917,U,IB,1,1,180,125180,152,23:00.0,5,11:00,877
7367046299,U,IB,1,1,219,261196,152,32:00.0,5,7:00,877
7367050084,U,IB,1,1,2065,131078,145,13:00.0,6,18:00,877
7367051880,U,IB,1,1,1160,281193,151,18:00.0,6,17:00,877
7367053559,U,IB,1,1,195,127618,143,39:00.0,1,14:00,877
736705596X,U,IB,1,1,350,135818,163,42:00.0,3,17:00,877
7367055979,U,IB,1,1,515,135818,163,49:00.0,3,17:00,877
7367056309,U,CTY,1,7,7800,139489,188,22:00.0,5,7:00,877
7367056363,U,IB,1,4,3719,125180,152,36:00.0,5,11:00,877
736705640X,U,IB,1,3,4210,135232,164,33:00.0,5,12:00,877
7367056565,U,CTY,1,1,225,249107,176,15:00.0,4,15:00,877
7367056639,U,CTY,1,1,169,133770,195,33:00.0,5,12:00,877
7367056693,U,IB,1,1,218,261196,152,19:00.0,5,6:00,877
7367060020,U,CTY,1,1,495,133904,194,28:00.0,7,7:00,877
7367062660,U,IB,1,1,390,137585,127,37:00.0,3,10:00,877
7367066043,U,CTY,1,1,870,133770,195,27:00.0,5,12:00,877
736708258X,U,IB,1,1,375,137585,127,43:00.0,3,10:00,877
7367086586,U,IB,1,2,2740,135232,164,50:00.0,5,12:00,877
7367087071,U,IB,1,1,261,290005,152,52:00.0,4,9:00,877
7367087347,U,CTY,1,4,9115,130753,187,52:00.0,3,6:00,877
7367087484,U,IB,1,3,6225,137585,127,42:00.0,3,11:00,877
7367105001,U,CTY,1,3,1952,138999,187,13:00.0,5,10:00,877
7367105158,U,IB,1,1,250,135862,141,58:00.0,7,17:00,877
7367116643,U,IB,1,1,160,136012,163,40:00.0,3,11:00,877
7367132593,U,CTY,1,1,110,130634,189,15:00.0,1,13:00,877
7367136966,U,IB,1,1,970,290005,152,13:00.0,4,15:00,877
7367241695,U,CTY,1,2,1270,129714,172,04:00.0,4,2:00,135
7367365463,U,CTY,1,3,2006,127626,188,32:00.0,2,8:00,875
7367489240,U,IB,1,1,1000,133442,145,36:00.0,1,1:00,875
7368529914,U,CTY,1,1,222,122852,194,44:00.0,6,21:00,695
7368529932,U,CTY,1,1,56,122852,194,52:00.0,6,20:00,695
736853502X,U,OB,1,1,178,123933,25,11:00.0,5,3:00,695
736853502X,U,IB,1,1,178,123933,101,04:00.0,5,3:00,695
7368536193,U,IB,1,6,8426,135835,149,00:00.0,5,18:00,695
7368537760,U,IB,1,4,2740,128629,112,12:00.0,6,3:00,695
736854778X,U,OB,1,1,844,128106,97,23:00.0,4,12:00,695
736854778X,U,OB,1,1,844,128106,60,21:00.0,3,0:00,695
7368569871,U,IB,1,6,8384,136322,164,25:00.0,2,12:00,695
7368569880,U,IB,1,1,1476,136322,164,12:00.0,2,12:00,695
7368592091,U,CTY,1,1,65,129848,194,38:00.0,5,21:00,695
7368605933,U,OB,1,1,82,124274,96,26:00.0,6,17:00,695
7368741810,U,CTY,1,1,141,PASC533243,173,45:00.0,6,6:00,309
7368744881,U,CTY,1,3,1475,132756,189,14:00.0,7,21:00,318
7368752215,U,CTY,1,2,56,125814,172,09:00.0,6,0:00,309
7368752289,U,CTY,1,2,29,PASC175379,188,46:00.0,7,15:00,309
7368754736,U,CTY,1,1,550,124347,175,34:00.0,5,1:00,309
7368803850,U,CTY,1,5,1550,PASC533243,173,38:00.0,6,8:00,309
7368819526,U,CTY,1,1,152,PASC175379,175,12:00.0,5,6:00,309
7368869439,U,CTY,1,1,490,PASC175379,192,52:00.0,6,3:00,309
7368901824,U,CTY,1,1,285,127739,197,37:00.0,4,11:00,309
7368901851,U,CTY,1,1,250,PASC634534,187,24:00.0,1,21:00,309
7368940030,U,CTY,1,1,42,PASC175379,175,28:00.0,5,8:00,309
7368940187,U,CTY,1,2,2585,138232,187,39:00.0,5,16:00,309
7368940214,U,CTY,1,2,3160,T730211733,174,42:00.0,7,4:00,309
7368955367,U,OB,1,1,149,45459,63,16:00.0,7,8:00,309
7368955376,U,CTY,1,1,332,T730211733,174,15:00.0,7,0:00,309
736901605X,U,CTY,1,1,697,125814,172,01:00.0,5,23:00,309
7369189795,U,CTY,1,1,240,PASC175379,175,07:00.0,5,8:00,309
7369232053,U,CTY,1,3,1461,131175,196,06:00.0,1,0:00,309
7369272881,U,CTY,1,8,8466,133451,195,51:00.0,4,19:00,211
7369273386,U,CTY,1,1,1120,125404,195,11:00.0,7,1:00,211
7369273440,U,CTY,1,1,434,202076,189,32:00.0,1,12:00,211
7369273541,U,IB,1,6,6086,137236,101,32:00.0,6,5:00,211
7369332438,U,OB,1,1,216,137579,39,27:00.0,4,22:00,754
7369339092,U,OB,1,1,487,122423,14,49:00.0,6,2:00,754
7369342879,U,OB,1,1,551,139779,50,48:00.0,5,7:00,754
7369342888,U,OB,1,8,6030,139560,46,55:00.0,6,4:00,754
7369342897,U,OB,1,2,1040,133341,46,17:00.0,4,4:00,754
7369357462,U,OB,1,1,1445,132336,53,50:00.0,6,1:00,754
7369357471,U,OB,1,1,670,132336,53,39:00.0,6,2:00,754
7369378445,U,OB,1,1,258,125746,46,09:00.0,6,4:00,754
7369378591,U,OB,1,2,779,121201,22,46:00.0,1,3:00,754
7369388720,U,OB,1,2,1000,133906,31,09:00.0,3,20:00,754
7369391214,U,CTY,1,17,7115,136079,196,10:00.0,7,18:00,754
7369391250,U,OB,1,1,154,276230,38,17:00.0,5,19:00,754
7369391297,U,OB,1,7,3385,138421,63,07:00.0,7,13:00,754
7369391360,U,OB,1,1,501,130731,49,00:00.0,2,16:00,754
7369406587,U,CTY,1,2,2250,249257,175,14:00.0,5,15:00,754
736940974X,U,OB,1,2,450,137432,17,04:00.0,7,9:00,754
7369409759,U,OB,1,2,595,137432,17,52:00.0,7,8:00,754
736942107X,U,OB,1,3,1785,136393,55,14:00.0,2,14:00,754
7369439908,U,OB,1,3,3865,139560,46,06:00.0,6,4:00,754
7369439926,U,OB,1,4,4654,139560,46,43:00.0,6,5:00,754
7369454235,U,OB,1,1,369,134132,76,06:00.0,5,15:00,754
7369467801,U,CTY,1,2,250,132601,M4  ,04:00.0,7,9:00,754
7369467801,U,OB,1,2,250,132601,49,08:00.0,7,6:00,754
7369467810,U,OB,1,1,228,132601,49,01:00.0,7,5:00,754
736946793X,U,OB,1,1,207,127017,53,43:00.0,5,4:00,754
7369468086,U,OB,1,1,500,137824,46,14:00.0,5,2:00,754
7369468131,U,OB,1,2,260,137432,17,57:00.0,7,10:00,754
7369468140,U,OB,1,1,212,122740,26,01:00.0,7,1:00,754
7369468178,U,CTY,1,1,431,137313,188,16:00.0,6,20:00,754
7369468425,U,CTY,1,4,1810,132568,188,41:00.0,2,1:00,754
7369468434,U,OB,1,1,470,133902,49,44:00.0,1,4:00,754
7369468508,U,OB,1,2,201,129663,22,07:00.0,6,18:00,754
7369468508,U,OB,1,2,201,129663,33,08:00.0,6,18:00,754
7369468526,U,OB,1,1,87,276230,38,19:00.0,5,18:00,754
7369468672,U,OB,1,2,625,137272,39,27:00.0,3,21:00,754
7369475620,U,OB,1,2,275,131897,26,17:00.0,6,20:00,754
7369475768,U,OB,1,2,200,125746,46,35:00.0,6,3:00,754
7369483540,U,OB,1,1,448,133315,60,57:00.0,1,9:00,754
7369486795,U,OB,1,2,432,121942,50,27:00.0,6,17:00,754
7369486804,U,OB,1,1,1080,132021,17,00:00.0,6,21:00,754
7369486804,U,OB,1,1,1080,132021,44,01:00.0,6,21:00,754
7369486840,U,OB,1,1,120,124169,31,01:00.0,7,5:00,754
7369486869,U,CTY,1,1,165,134948,N5  ,53:00.0,4,1:00,754
7369486887,U,OB,1,1,455,129944,49,11:00.0,6,21:00,754
736949048X,U,OB,1,1,313,134898,50,55:00.0,4,2:00,754
7369491314,U,OB,1,5,1634,135019,32,08:00.0,5,2:00,754
7369508869,U,CTY,1,5,3232,PASC634534,181,37:00.0,1,21:00,602
7369508869,U,CTY,1,5,3232,PASC634534,187,36:00.0,1,21:00,602
7369508887,U,CTY,1,1,705,PASC634534,187,38:00.0,1,21:00,602
7369508950,U,IB,1,2,284,PASC175379,151,05:00.0,2,19:00,602
7369509318,U,CTY,1,2,2440,131852,175,22:00.0,1,15:00,602
7369509327,U,IB,1,1,1095,115866,164,10:00.0,1,19:00,602
7369509767,U,IB,1,2,2025,131735,141,34:00.0,6,16:00,602
7369509812,U,IB,1,1,1105,131735,141,48:00.0,6,16:00,602
7369511289,U,IB,1,1,1200,134565,112,38:00.0,5,8:00,602
7369511325,U,IB,1,1,1185,134270,145,42:00.0,5,11:00,602
7369511554,U,IB,1,1,1090,134270,145,54:00.0,5,11:00,602
7369511619,U,CTY,1,8,5920,128873,175,32:00.0,1,5:00,602
7369541768,U,IB,1,1,1581,PASC33311,145,18:00.0,4,15:00,602
7369542244,U,CTY,1,1,1581,139775,183,54:00.0,3,12:00,602
7369542244,U,CTY,1,1,1581,139775,174,45:00.0,3,12:00,602
7369542390,U,OB,1,3,3130,134692,96,08:00.0,2,20:00,602
7369542830,U,CTY,1,10,3785,137416,187,18:00.0,5,10:00,602
7369543041,U,CTY,1,1,1325,137416,187,30:00.0,5,8:00,602
7369543050,U,CTY,1,1,738,137416,187,18:00.0,5,10:00,602
7369543151,U,CTY,1,5,4805,PASC634013,175,57:00.0,7,10:00,602
7369543216,U,IB,1,3,3270,129624,150,34:00.0,6,19:00,602
7369543234,U,CTY,1,1,496,41167,169,47:00.0,7,13:00,602
736954328X,U,IB,1,5,1755,119962,135,38:00.0,2,11:00,602
7369543481,U,CTY,1,1,1100,139775,186,28:00.0,3,13:00,602
7369543481,U,CTY,1,1,1100,139775,174,52:00.0,3,11:00,602
7369543481,U,CTY,1,1,1100,139775,184,07:00.0,3,13:00,602
7380037025,U,IB,1,1,106,135321,114,41:00.0,6,20:00,145
7380037061,U,IB,1,1,785,135321,114,36:00.0,6,18:00,145
7380201190,U,IB,1,1,545,128439,104,13:00.0,2,6:00,145
7380226463,U,IB,1,2,195,137723,143,00:00.0,7,21:00,145
7380226481,U,CTY,1,1,258,137976,172,51:00.0,7,12:00,145
7380232174,U,IB,1,1,144,135321,114,16:00.0,6,18:00,145
7380232183,U,IB,1,1,144,135321,114,23:00.0,6,18:00,145
7380242092,U,IB,1,2,1010,135781,117,39:00.0,6,21:00,145
7380247354,U,IB,1,1,2895,131701,114,05:00.0,3,1:00,145
7380247455,U,IB,1,1,210,127779,101,12:00.0,7,21:00,145
7380284002,U,IB,1,1,1600,128359,129,01:00.0,5,15:00,145
7380293361,U,IB,1,1,280,126928,103,42:00.0,4,23:00,145
738029338X,U,IB,1,1,212,135781,117,55:00.0,6,20:00,145
7380293408,U,IB,1,1,392,128081,114,59:00.0,3,22:00,145
7380293471,U,IB,1,1,121,125006,103,29:00.0,7,6:00,145
7380300630,U,IB,1,5,1720,135321,114,18:00.0,6,20:00,145
7380352303,U,CTY,1,1,126,132359,235,16:00.0,4,21:00,145
7380352312,U,IB,1,1,425,132038,103,18:00.0,5,5:00,145
7380428396,U,IB,1,1,160,135321,114,28:00.0,6,20:00,145
738042846X,U,IB,1,1,180,125006,103,31:00.0,7,6:00,145
7380434419,U,CTY,1,1,214,124322,192,36:00.0,7,7:00,145
7380436518,U,IB,1,1,909,128081,114,50:00.0,3,22:00,145
7380436691,U,IB,1,1,775,128359,129,12:00.0,5,15:00,145
7380446903,U,IB,1,1,721,124395,104,42:00.0,4,15:00,145
7380452073,U,IB,1,2,780,290148,113,59:00.0,1,7:00,145
7380452156,U,IB,1,5,1520,128081,114,49:00.0,4,0:00,145
7380452174,U,IB,1,2,1112,124395,104,42:00.0,4,16:00,145
7380452495,U,IB,1,1,580,290148,113,26:00.0,1,8:00,145
7380452504,U,IB,1,2,725,290148,113,11:00.0,1,8:00,145
738045266X,U,IB,1,1,236,290148,113,47:00.0,1,8:00,145
7380452679,U,IB,1,2,2090,290148,113,43:00.0,1,9:00,145
7380452706,U,IB,1,5,1946,290148,113,46:00.0,1,8:00,145
7380452870,U,IB,1,4,1665,132038,103,51:00.0,5,3:00,145
7380452908,U,IB,1,2,708,132359,127,41:00.0,3,3:00,145
7380452917,U,IB,1,2,414,132359,127,48:00.0,3,3:00,145
7380452962,U,CTY,1,2,680,133626,192,54:00.0,6,18:00,145
7380452980,U,CTY,1,2,1108,133626,192,58:00.0,6,18:00,145
7380459196,U,IB,1,2,910,280883,123,29:00.0,7,7:00,145
7380459250,U,IB,1,2,687,132038,110,18:00.0,5,11:00,145
7380459250,U,IB,1,2,687,132038,103,21:00.0,5,5:00,145
738045937X,U,IB,1,5,2365,128359,129,32:00.0,5,16:00,145
7380459443,U,OB,1,2,705,202465,78,06:00.0,4,4:00,145
7380469197,U,IB,1,2,627,280883,123,26:00.0,7,7:00,145
738047081X,U,IB,1,1,1025,134249,104,01:00.0,3,19:00,145
7380470856,U,CTY,1,4,1905,134249,231,30:00.0,4,6:00,145
7380470856,U,IB,1,4,1905,134249,104,11:00.0,3,18:00,145
7380475494,U,IB,1,1,1010,134249,104,31:00.0,3,18:00,145
7380476457,U,OB,1,1,750,131463,95,44:00.0,6,17:00,145
7380477831,U,IB,1,1,1656,127779,101,00:00.0,7,21:00,145
7380481003,U,OB,1,5,5300,202465,78,15:00.0,4,5:00,145
7380481012,U,IB,1,1,507,128923,112,46:00.0,1,21:00,145
7380522125,U,IB,1,1,398,127841,129,49:00.0,1,4:00,213
738055837X,U,CTY,1,1,900,134433,237,26:00.0,4,20:00,805
7380559011,U,IB,1,1,170,211026,129,03:00.0,1,7:00,805
7380559159,U,IB,1,1,120,138491,133,35:00.0,4,3:00,805
7380559177,U,CTY,1,1,230,133267,192,39:00.0,3,7:00,805
7380559415,U,IB,1,1,170,131923,129,39:00.0,7,3:00,805
7380559415,U,CTY,1,1,170,131923,231,42:00.0,7,21:00,805
7380566280,U,IB,1,1,200,130990,164,51:00.0,1,12:00,805
7380568729,U,CTY,1,1,310,140231,189,46:00.0,5,0:00,805
7380568765,U,IB,1,1,228,117815,135,08:00.0,5,7:00,805
7380568801,U,IB,1,1,471,131974,158,35:00.0,5,4:00,805
7380569122,U,CTY,1,1,240,130908,197,02:00.0,7,13:00,805
738056915X,U,CTY,1,1,290,137640,195,54:00.0,1,15:00,805
7380569214,U,IB,1,1,150,125935,158,03:00.0,6,21:00,805
7380569342,U,CTY,1,1,140,HAEI23255,175,10:00.0,7,19:00,805
7380569425,U,IB,1,1,190,134287,158,34:00.0,2,10:00,805
738058158X,U,IB,1,2,3860,137528,127,09:00.0,3,11:00,805
738058158X,U,IB,1,2,3860,137528,119,54:00.0,3,13:00,805
7380585530,U,IB,1,6,13745,139017,133,41:00.0,6,8:00,805
7380585999,U,IB,1,2,2105,137528,127,34:00.0,3,12:00,805
7380596339,U,CTY,1,1,320,139951,195,50:00.0,7,14:00,805
7380646360,U,IB,1,3,630,211023,111,06:00.0,1,16:00,243
7380663329,U,IB,1,4,2805,139849,113,13:00.0,7,4:00,246
7380671101,U,CTY,1,2,1675,123865,182,41:00.0,6,9:00,246
7380671101,U,CTY,1,2,1675,123865,182,41:00.0,6,9:00,246
7380678399,U,IB,1,1,515,430951,129,29:00.0,4,22:00,246
7380731428,U,OB,1,3,1645,134742,14,00:00.0,5,14:00,319
7380772678,U,CTY,1,2,340,290114,169,03:00.0,1,7:00,319
7380772732,U,CTY,1,1,340,TNUE56177,188,38:00.0,1,1:00,319
7380773448,U,IB,1,1,471,132535,129,48:00.0,4,12:00,319
7380774804,U,IB,1,1,145,PASC634516,151,28:00.0,7,12:00,319
7380774822,U,IB,1,1,517,PASC634013,143,04:00.0,5,15:00,319
7380775363,U,CTY,1,5,11765,135127,196,06:00.0,1,22:00,319
7380776436,U,CTY,1,2,2504,PASC634013,175,34:00.0,7,13:00,319
7380776912,U,CTY,1,1,1000,PASC634013,175,11:00.0,7,10:00,319
7380777141,U,CTY,1,1,460,PASC634013,195,19:00.0,6,6:00,319
7380781734,U,IB,1,1,424,135237,164,58:00.0,2,3:00,319
738078222X,U,CTY,1,1,452,PASC634534,187,00:00.0,1,20:00,319
7380798344,U,CTY,1,1,173,TNUE56177,188,27:00.0,1,7:00,319
738079839X,U,IB,1,1,418,134743,151,48:00.0,7,0:00,319
7380798600,U,CTY,1,3,1595,138999,187,39:00.0,5,13:00,319
7380802405,U,CTY,1,1,1343,PASC634013,197,27:00.0,6,8:00,319
738080356X,U,CTY,1,5,5550,PASC33311,187,38:00.0,4,7:00,319
7380808051,U,CTY,1,2,1178,202318,195,21:00.0,6,13:00,319
7380815944,U,CTY,1,1,74,PASC533243,173,49:00.0,4,6:00,319
7380819639,U,CTY,1,7,3315,130864,175,09:00.0,4,16:00,319
7380934396,U,CTY,1,1,1719,430868,172,34:00.0,4,12:00,833
7380980697,U,CTY,1,1,22,135997,195,54:00.0,5,19:00,833
7381024760,U,CTY,1,4,1090,135997,195,48:00.0,5,20:00,833
7381054525,U,CTY,1,1,160,135997,195,51:00.0,5,19:00,833
7381085884,U,CTY,1,1,419,128023,211,09:00.0,3,12:00,833
7381143432,U,IB,1,1,1100,128138,164,09:00.0,2,6:00,833
7381145210,U,CTY,1,1,150,134501,174,13:00.0,5,13:00,833
7381152645,U,CTY,1,1,761,123790,169,17:00.0,2,2:00,833
7381185535,U,CTY,1,2,690,132416,197,59:00.0,4,1:00,324
7381185966,U,CTY,1,1,479,202525,172,49:00.0,3,13:00,324
7381186332,U,IB,1,2,974,132785,127,32:00.0,1,15:00,324
7381186929,U,CTY,1,2,567,125775,194,50:00.0,2,0:00,324
738149304X,U,IB,1,1,368,130480,143,58:00.0,7,19:00,805
738153110X,U,CTY,1,1,695,127450,189,51:00.0,5,13:00,324
7381531128,U,CTY,1,1,590,127450,189,44:00.0,5,13:00,324
7381640412,U,IB,1,1,835,137630,101,11:00.0,1,18:00,433
7381640459,U,OB,1,4,4463,136358,60,09:00.0,4,2:00,433
7381640477,U,OB,1,2,1958,137803,48,26:00.0,7,0:00,433
7381640486,U,OB,1,2,2220,121751,43,23:00.0,3,19:00,433
7381640495,U,OB,1,3,1500,119135,49,49:00.0,6,14:00,433
7381655428,U,OB,1,2,1947,125271,32,08:00.0,6,14:00,433
7381726744,U,OB,1,2,795,135127,1,41:00.0,4,13:00,658
738172712X,U,CTY,1,1,684,560074,175,30:00.0,1,17:00,658
7381728751,U,CTY,1,1,308,560074,175,31:00.0,1,17:00,658
7381728870,U,CTY,1,3,1570,131591,N1  ,34:00.0,7,12:00,658
7381728870,U,IB,1,3,1570,131591,129,40:00.0,7,9:00,658
7381728971,U,IB,1,2,15,127772,158,24:00.0,4,3:00,658
7381744894,U,IB,1,2,1042,PASC634516,151,10:00.0,7,11:00,658
7381797162,U,IB,1,1,15,128530,129,20:00.0,4,8:00,203
7381797703,U,CTY,1,2,1424,128714,187,20:00.0,3,23:00,203
7381807439,U,CTY,1,1,15,131999,194,16:00.0,1,8:00,203
7381812618,U,OB,1,3,6936,123446,92,34:00.0,1,4:00,203
7381812618,U,OB,1,3,6936,123446,89,33:00.0,1,4:00,203
7381812627,U,OB,1,14,14067,123446,89,38:00.0,1,4:00,203
7381812636,U,CTY,1,2,30,137437,189,47:00.0,2,3:00,203
7381813213,U,CTY,1,1,15,131592,174,22:00.0,5,4:00,203
7381818282,U,IB,1,4,1600,125851,117,05:00.0,4,4:00,203
7381827504,U,IB,1,3,1523,136719,116,34:00.0,5,8:00,203
7381827679,U,CTY,1,1,166,125856,174,31:00.0,4,19:00,203
7381827688,U,CTY,1,3,27,125225,197,35:00.0,7,4:00,203
7381827706,U,CTY,1,1,1273,137437,189,36:00.0,2,0:00,203
7381827715,U,IB,1,2,17,138970,151,23:00.0,7,21:00,203
7381827724,U,CTY,1,1,153,202076,189,39:00.0,1,15:00,203
7381827751,U,IB,1,2,798,117065,129,35:00.0,3,6:00,203
738185164X,U,CTY,1,2,2455,133257,197,45:00.0,6,3:00,203
7381894732,U,OB,1,8,6959,133095,38,40:00.0,6,17:00,580
7381894741,U,OB,1,12,312,133095,38,20:00.0,6,16:00,580
7381909903,U,IB,1,8,8845,560306,145,46:00.0,6,20:00,580
7381921875,U,IB,1,2,1016,136322,164,16:00.0,4,7:00,580
7381924699,U,OB,1,1,625,133095,38,34:00.0,6,17:00,580
7381927128,U,CTY,1,4,640,HAEI25458,188,33:00.0,4,18:00,580
7381927173,U,IB,1,3,1029,202422,149,15:00.0,7,18:00,580
7381935872,U,OB,1,4,3136,130709,26,50:00.0,7,21:00,580
7381935881,U,OB,1,2,1080,130709,26,58:00.0,7,21:00,580
7381941758,U,CTY,1,1,280,HAEI28100,172,10:00.0,5,16:00,580
7381948742,U,CTY,1,10,3575,134882,192,23:00.0,6,19:00,580
7381964876,U,CTY,1,1,500,530503,187,23:00.0,6,22:00,580
7381972172,U,IB,1,1,20,430569,127,54:00.0,1,7:00,580
7381973483,U,CTY,1,1,517,HAEI24595,173,31:00.0,7,16:00,580
7381977012,U,IB,1,3,787,HAEI26012,158,14:00.0,6,17:00,580
7381977021,U,IB,1,2,899,HAEI26012,158,40:00.0,6,21:00,580
738197704X,U,CTY,1,3,832,134882,192,34:00.0,6,20:00,580
7381977059,U,CTY,1,7,2011,134882,192,23:00.0,6,20:00,580
7381993696,U,CTY,1,2,620,HAEI34834,212,30:00.0,6,12:00,580
7381993696,U,CTY,1,2,620,HAEI34834,211,22:00.0,7,0:00,580
7382108920,U,CTY,1,1,199,133451,195,26:00.0,4,19:00,211
7382119370,U,IB,1,3,1523,261040,104,27:00.0,1,3:00,211
7382162481,U,IB,1,1,150,261040,104,09:00.0,1,3:00,211
7382162573,U,CTY,1,2,571,291296,173,49:00.0,6,0:00,211
7382162600,U,CTY,1,1,107,119799,188,52:00.0,4,2:00,211
7382194051,U,CTY,1,1,160,131787,188,58:00.0,1,3:00,211
738219407X,U,CTY,1,3,362,132372,195,34:00.0,3,22:00,211
7382194089,U,CTY,1,4,1664,125856,174,34:00.0,4,18:00,211
7382194116,U,IB,1,4,997,133225,129,59:00.0,7,7:00,211
7382194116,U,CTY,1,4,997,133225,R2  ,52:00.0,1,5:00,211
7382194134,U,CTY,1,9,2195,137437,189,58:00.0,2,4:00,211
7382196848,U,CTY,1,1,920,133257,197,17:00.0,6,7:00,211
7382201082,U,OB,1,1,1040,134530,95,28:00.0,6,6:00,211
7382205170,U,IB,1,2,435,127905,111,51:00.0,6,1:00,211
7382205868,U,CTY,1,8,1702,134160,173,54:00.0,1,5:00,211
738222036X,U,CTY,1,3,1035,135246,231,20:00.0,4,21:00,211
738222036X,U,CTY,1,3,1035,135246,189,14:00.0,4,21:00,211
7382226932,U,CTY,1,1,1815,133451,195,04:00.0,4,21:00,211
7382230800,U,CTY,1,1,760,249118,192,45:00.0,1,6:00,211
7382238033,U,IB,1,1,800,133225,129,20:00.0,7,3:00,211
7382242745,U,CTY,1,3,3246,119799,188,48:00.0,4,2:00,211
7382246348,U,CTY,1,2,976,125225,197,02:00.0,7,4:00,211
7382246420,U,CTY,1,2,865,249118,192,08:00.0,1,7:00,211
7382246485,U,CTY,1,3,1330,126202,187,14:00.0,5,1:00,211
7382406297,U,CTY,1,1,215,128363,172,16:00.0,7,18:00,381
7382408313,U,OB,1,4,1918,138182,53,46:00.0,5,21:00,714
7382408331,U,OB,1,3,820,138182,53,21:00.0,5,22:00,714
7382408369,U,OB,1,2,1442,138421,63,59:00.0,7,10:00,714
7382408369,U,OB,1,2,1442,138421,9,01:00.0,7,18:00,714
7382411292,U,OB,1,1,287,118364,32,13:00.0,1,23:00,714
738241132X,U,OB,1,1,93,128260,58,48:00.0,4,12:00,714
7382411357,U,OB,1,1,303,134132,76,46:00.0,5,13:00,714
7382413759,U,OB,1,1,291,134124,39,40:00.0,4,8:00,714
7382425318,U,OB,1,1,1600,261235,74,42:00.0,6,2:00,714
7382425390,U,IB,1,1,818,140342,111,23:00.0,7,6:00,714
7382454962,U,OB,1,1,480,131203,58,25:00.0,4,0:00,714
7382456769,U,OB,1,2,1180,130450,76,15:00.0,1,10:00,714
7382456850,U,OB,1,5,5780,126269,17,16:00.0,5,19:00,714
7382456879,U,OB,1,1,545,129672,39,56:00.0,2,11:00,714
7382457153,U,OB,1,1,557,128260,58,22:00.0,4,15:00,714
738245719X,U,OB,1,1,376,134984,26,47:00.0,5,11:00,714
7382457245,U,OB,1,1,148,137332,26,52:00.0,6,18:00,714
7382457263,U,IB,1,4,1300,261406,163,24:00.0,7,8:00,714
7382457272,U,OB,1,1,215,128622,58,44:00.0,2,3:00,714
7382459665,U,OB,1,3,8400,139562,55,15:00.0,6,10:00,714
7382461068,U,OB,1,1,1590,137352,67,16:00.0,7,0:00,714
7382472690,U,OB,1,1,20,135994,22,41:00.0,7,21:00,714
7382472737,U,OB,1,2,40,125430,32,31:00.0,4,5:00,714
7382476385,U,CTY,1,3,2928,137041,169,38:00.0,7,3:00,714
7382476495,U,OB,1,3,3663,128260,58,04:00.0,4,15:00,714
7382478410,U,CTY,1,1,407,138087,175,14:00.0,3,5:00,714
738247842X,U,CTY,1,2,591,138087,175,04:00.0,3,5:00,714
7382478457,U,CTY,1,1,383,132920,175,33:00.0,5,22:00,714
7382478558,U,OB,1,1,767,125430,32,56:00.0,4,4:00,714
7382478796,U,CTY,1,1,2907,132920,175,05:00.0,6,0:00,714
7382478796,U,CTY,1,1,2907,132920,223,08:00.0,6,1:00,714
7382478805,U,OB,1,1,250,127322,66,55:00.0,6,14:00,714
7382478814,U,CTY,1,1,550,137041,169,22:00.0,7,4:00,714
7382482370,U,CTY,1,1,750,138087,175,51:00.0,3,4:00,714
7382482471,U,CTY,1,1,1522,137313,188,19:00.0,6,20:00,714
7382482628,U,OB,1,1,389,136420,53,32:00.0,2,7:00,714
7382487522,U,OB,1,2,2500,261235,74,01:00.0,6,2:00,714
738248755X,U,CTY,1,2,1486,127068,173,17:00.0,7,9:00,714
7382487926,U,OB,1,1,319,128105,76,09:00.0,7,22:00,714
7382488420,U,OB,1,1,171,R621801606,40,11:00.0,5,10:00,714
7382492647,U,OB,1,1,585,132138,76,35:00.0,1,3:00,714
7382494452,U,OB,1,3,5400,132433,38,58:00.0,4,0:00,714
7382494452,U,OB,1,3,5400,132433,1,16:00.0,4,11:00,714
7382494470,U,OB,1,3,1188,R621801606,40,38:00.0,5,12:00,714
7382498578,U,OB,1,1,548,45562,31,54:00.0,5,3:00,714
7382498650,U,IB,1,3,1379,140342,111,49:00.0,7,9:00,714
738250009X,U,OB,1,2,535,261235,74,31:00.0,6,3:00,714
738250009X,U,CTY,1,2,535,261235,235,38:00.0,6,18:00,714
7382500374,U,IB,1,1,296,140342,111,28:00.0,7,6:00,714
7382500796,U,IB,1,1,1455,140342,111,58:00.0,7,7:00,714
7382502345,U,OB,1,4,5200,134048,67,52:00.0,4,4:00,714
7382607074,U,CTY,1,1,275,131838,196,21:00.0,4,9:00,126
7382650818,U,CTY,1,1,584,132314,173,25:00.0,7,18:00,126
738265112X,U,CTY,1,1,539,CVEN44868,187,02:00.0,7,22:00,126
7382671617,U,IB,1,1,988,137761,114,57:00.0,6,11:00,126
7382690921,U,IB,1,2,791,137761,114,40:00.0,6,11:00,126
7382693983,U,IB,1,4,6325,CVEN44339,112,12:00.0,5,18:00,126
7382795569,U,CTY,1,1,160,CVEN44152,169,51:00.0,2,2:00,126
7382828679,U,CTY,1,1,283,137129,172,29:00.0,2,3:00,112
7382834361,U,IB,1,1,480,135329,163,06:00.0,2,2:00,126
7383097133,U,CTY,1,2,1115,132064,196,05:00.0,4,15:00,557
738311411X,U,CTY,1,1,335,130894,192,08:00.0,4,22:00,557
7383114138,U,IB,1,1,220,132349,133,55:00.0,6,20:00,557
7383114156,U,OB,1,1,132,121548,96,52:00.0,2,6:00,557
7383114192,U,CTY,1,1,143,139468,172,39:00.0,7,20:00,557
7383124588,U,IB,1,3,486,127406,127,23:00.0,2,6:00,557
7383148238,U,CTY,1,2,3658,134902,169,20:00.0,1,21:00,557
7383155195,U,CTY,1,1,455,139468,172,40:00.0,7,21:00,557
7383207701,U,CTY,1,1,1708,135143,189,43:00.0,3,18:00,557
7383207710,U,CTY,1,4,1564,140150,196,06:00.0,5,18:00,557
738320772X,U,IB,1,6,5673,127406,127,51:00.0,2,7:00,557
7383208655,U,CTY,1,7,3872,138943,194,27:00.0,1,19:00,557
7383217217,U,OB,1,2,1956,136157,88,49:00.0,7,13:00,557
7383222405,U,CTY,1,1,1388,202584,E   ,38:00.0,7,17:00,557
7383315685,U,OB,1,1,330,133618,31,06:00.0,5,1:00,557
7383349776,U,OB,1,3,901,124574,60,01:00.0,6,2:00,409
7383349812,U,OB,1,3,710,136842,39,35:00.0,5,6:00,409
7383349821,U,OB,1,1,291,129798,67,37:00.0,4,2:00,409
738334984X,U,OB,1,4,651,558981,51,17:00.0,4,3:00,409
7383349895,U,OB,1,4,874,132108,52,27:00.0,5,7:00,409
738335061X,U,IB,1,1,660,125074,101,24:00.0,7,1:00,409
7383350629,U,IB,1,12,6854,125074,101,58:00.0,7,0:00,409
7383351040,U,OB,1,1,400,290775,51,47:00.0,3,6:00,409
738335105X,U,OB,1,1,1160,430637,51,43:00.0,4,5:00,409
7383351078,U,OB,1,1,450,128828,73,49:00.0,5,3:00,409
7383351096,U,OB,1,2,1322,123499,26,05:00.0,6,3:00,409
7383351114,U,OB,1,1,250,131113,40,26:00.0,6,10:00,409
7383351123,U,OB,1,1,1420,261307,60,25:00.0,3,3:00,409
7383351141,U,OB,1,1,1250,125602,67,50:00.0,3,21:00,409
7383351150,U,OB,1,3,1873,125602,67,53:00.0,3,22:00,409
738335116X,U,OB,1,1,470,558981,51,10:00.0,4,4:00,409
7383351179,U,OB,1,8,15300,133247,51,46:00.0,5,8:00,409
7383351188,U,OB,1,1,300,133352,85,38:00.0,6,6:00,409
7383351188,U,OB,1,1,300,133352,85,38:00.0,6,6:00,409
7383351197,U,OB,1,2,1442,133352,73,58:00.0,6,6:00,409
7383351206,U,OB,1,2,3685,134846,53,08:00.0,7,12:00,409
7383351215,U,OB,1,2,3004,126046,52,13:00.0,5,10:00,409
7383351233,U,OB,1,1,10,290957,67,50:00.0,6,2:00,409
7383355148,U,OB,1,1,285,138684,39,00:00.0,3,0:00,409
7383355157,U,OB,1,1,471,124574,60,05:00.0,6,2:00,409
7383355166,U,OB,1,1,1362,124574,60,26:00.0,6,1:00,409
7383355175,U,OB,1,1,345,134425,50,16:00.0,7,14:00,409
7383355184,U,OB,1,1,1363,137276,38,55:00.0,7,18:00,409
7383355193,U,OB,1,1,2721,261307,60,14:00.0,3,4:00,409
7383355211,U,OB,1,1,146,558981,51,38:00.0,4,2:00,409
738335523X,U,OB,1,1,534,135206,50,39:00.0,4,8:00,409
7383355258,U,OB,1,1,292,126046,52,02:00.0,5,10:00,409
7383358017,U,OB,1,1,1771,135238,52,20:00.0,6,9:00,409
7383358329,U,OB,1,3,3824,136512,31,21:00.0,4,3:00,409
7383358347,U,OB,1,10,8753,137276,38,34:00.0,7,18:00,409
7383358356,U,OB,1,3,4457,134700,72,57:00.0,3,7:00,409
7383358374,U,OB,1,5,5550,134295,63,36:00.0,5,7:00,409
7383358383,U,OB,1,1,1060,137541,38,15:00.0,3,4:00,409
7383358392,U,OB,1,2,980,137541,38,46:00.0,3,4:00,409
7383358401,U,OB,1,1,1941,137541,38,08:00.0,3,4:00,409
7383358448,U,OB,1,1,680,134483,51,31:00.0,4,5:00,409
7383358457,U,OB,1,1,295,134483,51,13:00.0,4,7:00,409
7383358466,U,OB,1,1,515,134483,51,04:00.0,4,7:00,409
7383363773,U,OB,1,2,695,290600,55,17:00.0,5,14:00,409
7383379119,U,OB,1,1,240,127381,38,09:00.0,7,11:00,409
7383586523,U,OB,1,1,371,118998,18,50:00.0,5,16:00,462
7383586523,U,OB,1,1,371,118998,81,54:00.0,5,16:00,462
7383586541,U,IB,1,1,119,121397,151,21:00.0,6,5:00,462
7383586550,U,OB,1,1,89,128079,32,13:00.0,7,14:00,462
738358656X,U,OB,1,1,70,128079,32,47:00.0,7,14:00,462
7383586615,U,OB,1,1,117,128079,32,34:00.0,7,14:00,462
7383586624,U,OB,1,1,239,128079,32,42:00.0,7,11:00,462
7383685927,U,IB,1,3,1009,127837,152,17:00.0,7,19:00,355
7383704360,U,IB,1,3,1226,138470,145,43:00.0,6,12:00,355
7383706387,U,CTY,1,4,9700,137082,174,01:00.0,5,4:00,355
7383716121,U,IB,1,1,565,135748,151,41:00.0,6,14:00,355
7383718918,U,CTY,1,3,2790,261071,176,43:00.0,7,6:00,355
7383740496,U,CTY,1,1,371,137134,173,25:00.0,2,22:00,873
7383749992,U,CTY,1,1,226,137902,174,00:00.0,2,15:00,873
7383796834,U,CTY,1,1,102,137902,174,10:00.0,2,15:00,873
7383797146,U,OB,1,3,4535,121096,75,32:00.0,2,10:00,873
7383797146,U,IB,1,3,4535,121096,133,46:00.0,1,12:00,873
7383797191,U,CTY,1,1,170,138306,169,37:00.0,4,4:00,873
7383797238,U,IB,1,1,165,130905,164,16:00.0,1,10:00,873
7383797256,U,IB,1,1,585,128529,133,56:00.0,3,4:00,873
7383875841,U,CTY,1,1,446,137152,173,32:00.0,6,6:00,881
7384052869,U,CTY,1,2,1518,138204,197,23:00.0,7,1:00,122
7384119318,U,CTY,1,1,80,133417,187,54:00.0,1,21:00,122
7384119419,U,IB,1,3,1616,137761,114,47:00.0,6,13:00,122
7384190735,U,CTY,1,1,185,135412,238,43:00.0,3,21:00,412
7384191074,U,OB,1,1,161,132595,14,30:00.0,7,19:00,412
7384304805,U,OB,1,2,314,290056,76,06:00.0,4,1:00,402
7384363884,U,OB,1,1,298,249172,60,14:00.0,5,12:00,402
7384404209,U,OB,1,1,736,291008,88,35:00.0,7,13:00,411
7384404218,U,OB,1,1,1089,134612,49,52:00.0,3,15:00,411
7384414740,U,OB,1,2,449,127036,22,34:00.0,4,3:00,411
7384414796,U,OB,1,4,409,135381,86,14:00.0,5,22:00,411
7384414879,U,OB,1,1,244,131793,43,52:00.0,7,13:00,411
7384414942,U,OB,1,1,327,134727,63,00:00.0,3,13:00,411
7384414951,U,OB,1,6,577,129853,40,47:00.0,5,20:00,411
7384414960,U,OB,1,5,351,131793,43,26:00.0,7,13:00,411
7384414960,U,OB,1,5,351,131793,35,41:00.0,7,17:00,411
7384414989,U,OB,1,1,343,133012,39,32:00.0,7,18:00,411
7384427657,U,IB,1,3,820,139614,105,19:00.0,3,19:00,402
7384427666,U,OB,1,2,335,135994,22,39:00.0,1,1:00,402
7384427711,U,OB,1,2,630,124272,73,07:00.0,3,19:00,402
738442773X,U,IB,1,1,1150,431022,103,38:00.0,3,18:00,402
7384432212,U,OB,1,1,440,117643,84,11:00.0,4,15:00,402
7384435310,U,OB,1,4,6105,134221,76,50:00.0,7,6:00,684
7384435357,U,OB,1,1,546,127322,66,51:00.0,6,14:00,684
738443620X,U,OB,1,1,978,126812,55,43:00.0,1,1:00,684
7384479009,U,CTY,1,1,677,137313,188,15:00.0,6,20:00,684
7384479063,U,OB,1,1,990,140184,38,57:00.0,5,18:00,684
738453707X,U,OB,1,1,610,128854,86,32:00.0,3,13:00,318
7384537244,U,CTY,1,1,721,281030,189,40:00.0,6,18:00,318
7384537253,U,CTY,1,2,554,281030,189,48:00.0,6,18:00,318
7384537262,U,CTY,1,1,412,281030,189,57:00.0,6,18:00,318
7384537336,U,IB,1,1,207,129798,149,58:00.0,1,2:00,318
7384537419,U,IB,1,1,518,134553,141,20:00.0,3,18:00,318
7384537446,U,CTY,1,1,277,125296,196,39:00.0,4,21:00,318
7384537482,U,CTY,1,1,328,125296,196,56:00.0,4,20:00,318
7384537639,U,CTY,1,1,341,124058,174,59:00.0,6,21:00,318
7384537758,U,IB,1,1,248,130751,141,06:00.0,1,7:00,318
7384537767,U,IB,1,1,183,130751,141,47:00.0,1,6:00,318
7384537931,U,IB,1,3,158,135956,163,44:00.0,5,15:00,318
7384538097,U,CTY,1,2,329,119363,168,24:00.0,7,8:00,318
7384538142,U,CTY,1,1,526,140291,173,43:00.0,7,15:00,318
7384538308,U,CTY,1,1,320,135720,169,17:00.0,4,15:00,318
7384607846,U,CTY,1,3,934,134410,205,48:00.0,5,2:00,682
7384607846,U,IB,1,3,934,134410,123,00:00.0,3,16:00,682
7384607873,U,CTY,1,3,820,211126,196,12:00.0,5,19:00,682
7384607873,U,CTY,1,3,820,211126,233,58:00.0,2,22:00,682
7384607873,U,CTY,1,3,820,211126,231,49:00.0,2,22:00,682
7384612026,U,OB,1,1,131,135813,74,02:00.0,7,4:00,682
7384612062,U,OB,1,1,195,136775,66,58:00.0,6,6:00,682
7384612071,U,IB,1,2,700,291209,133,10:00.0,6,22:00,682
7384675734,U,OB,1,1,197,278391,39,46:00.0,1,4:00,682
7384698358,U,OB,1,2,1030,202627,75,23:00.0,5,3:00,682
7384760030,U,CTY,1,3,1913,139950,173,58:00.0,7,10:00,682
7384779134,U,CTY,1,1,681,136325,169,06:00.0,1,13:00,682
7384779152,U,CTY,1,2,72,136325,169,43:00.0,1,12:00,682
7384779199,U,OB,1,1,310,137715,89,40:00.0,5,3:00,682
738485409X,U,CTY,1,1,125,139950,173,43:00.0,7,9:00,682
7384881883,U,IB,1,1,458,131385,101,30:00.0,5,6:00,531
7384929679,U,IB,1,2,632,126080,149,52:00.0,1,3:00,211
7384958773,U,IB,1,1,547,137774,145,53:00.0,3,14:00,642
7384958782,U,CTY,1,1,254,133174,176,26:00.0,1,17:00,642
7384997805,U,IB,1,1,456,138651,131,49:00.0,3,6:00,642
7384997850,U,IB,1,1,225,130805,117,39:00.0,3,2:00,642
7384997897,U,IB,1,3,3500,130805,117,02:00.0,3,3:00,642
7385008154,U,CTY,1,1,565,133143,169,05:00.0,7,10:00,642
7385008181,U,IB,1,4,1160,128333,135,13:00.0,2,14:00,642
7385012471,U,CTY,1,2,1268,133174,176,36:00.0,1,18:00,642
738501315X,U,IB,1,2,665,135950,123,02:00.0,3,9:00,642
7385013223,U,IB,1,1,445,134444,164,55:00.0,2,17:00,642
7385013297,U,IB,1,1,838,128321,151,17:00.0,2,15:00,642
7385013342,U,IB,1,1,645,137774,145,22:00.0,3,17:00,642
7385013351,U,IB,1,2,1205,137774,145,43:00.0,3,16:00,642
7385013398,U,IB,1,1,630,202456,105,52:00.0,2,13:00,642
7385013461,U,IB,1,1,445,131475,104,52:00.0,7,6:00,642
738501348X,U,IB,1,2,1015,139777,125,27:00.0,5,15:00,642
7385037818,U,IB,1,1,445,261258,152,31:00.0,5,9:00,642
7385142318,U,OB,1,1,439,290021,87,16:00.0,1,7:00,123
7385147203,U,IB,1,1,369,135523,117,35:00.0,5,8:00,123
7385342857,U,CTY,1,1,220,125169,175,34:00.0,2,18:00,266
7385342976,U,IB,1,1,220,140034,151,07:00.0,5,20:00,266
7385404136,U,IB,1,1,895,132216,164,45:00.0,3,12:00,819
7385625813,U,CTY,1,1,1198,HAEI24595,173,56:00.0,7,18:00,547
7385635832,U,CTY,1,2,430,HAEI25934,192,08:00.0,1,1:00,547
7385635989,U,IB,1,2,321,139567,116,30:00.0,1,5:00,547
738563905X,U,OB,1,3,452,HAEI23255,80,37:00.0,1,6:00,547
738563905X,U,CTY,1,3,452,HAEI23255,175,35:00.0,7,18:00,547
738565566X,U,IB,1,3,2950,131617,158,10:00.0,4,11:00,547
7385668163,U,CTY,1,2,1405,131933,211,22:00.0,2,7:00,547
7385668163,U,CTY,1,2,1405,131933,213,44:00.0,1,20:00,547
7385668163,U,OB,1,2,1405,131933,90,38:00.0,6,6:00,547
7385668740,U,CTY,1,5,2785,HAEI28100,172,50:00.0,5,17:00,547
738568052X,U,IB,1,1,242,HAEI24669,151,46:00.0,4,20:00,547
7385681033,U,CTY,1,1,367,125307,222,26:00.0,2,9:00,547
7385681033,U,CTY,1,1,367,125307,195,22:00.0,2,1:00,547
7385692033,U,CTY,1,3,452,431077,173,43:00.0,7,15:00,547
7385692089,U,CTY,1,2,868,131503,189,00:00.0,6,12:00,547
7385692089,U,CTY,1,2,868,131503,231,50:00.0,6,17:00,547
7385692098,U,CTY,1,1,353,HAEI25964,233,21:00.0,5,18:00,547
7385692098,U,CTY,1,1,353,HAEI25964,169,20:00.0,5,18:00,547
7385692107,U,IB,1,8,5430,121377,135,44:00.0,1,21:00,547
7385692116,U,CTY,1,2,929,125307,195,03:00.0,2,3:00,547
738569218X,U,IB,1,6,1635,202422,149,38:00.0,7,18:00,547
738569361X,U,IB,1,8,12389,291247,145,50:00.0,5,3:00,547
7385712951,U,CTY,1,7,11452,136804,168,36:00.0,3,12:00,547
738571330X,U,CTY,1,8,4260,135728,174,13:00.0,1,16:00,547
7385716902,U,OB,1,1,738,HAEI26361,86,06:00.0,7,20:00,547
738574828X,U,IB,1,10,1915,353244,149,13:00.0,1,7:00,326
7385748317,U,IB,1,4,705,133648,151,39:00.0,1,7:00,326
7385748353,U,CTY,1,8,1570,127583,189,55:00.0,3,20:00,326
7385751929,U,CTY,1,8,2370,290358,168,17:00.0,4,22:00,326
7385752809,U,IB,1,4,1205,135194,145,15:00.0,7,7:00,326
7385752863,U,IB,1,2,285,131940,133,00:00.0,6,0:00,326
7385771810,U,CTY,1,10,2005,128281,176,29:00.0,5,0:00,326
7385772030,U,CTY,1,5,1255,125723,175,16:00.0,5,0:00,326
7385778659,U,IB,1,2,377,130528,127,47:00.0,6,16:00,326
7385870949,U,OB,1,1,250,133902,49,09:00.0,1,6:00,326
7385877942,U,IB,1,1,508,130528,127,39:00.0,6,16:00,326
738587830X,U,IB,1,6,6371,129764,141,16:00.0,5,15:00,326
738588611X,U,IB,1,1,552,135194,145,35:00.0,7,4:00,326
7385886320,U,IB,1,1,204,126855,143,59:00.0,7,13:00,326
7385886349,U,IB,1,1,259,126855,143,13:00.0,7,14:00,326
738593792X,U,CTY,1,2,1194,136872,173,10:00.0,3,10:00,326
7385939295,U,IB,1,1,450,131940,133,08:00.0,6,0:00,326
7385965154,U,CTY,1,1,520,132816,195,30:00.0,1,18:00,326
7386094505,U,OB,1,2,2729,38422,13,37:00.0,2,13:00,518
7386094505,U,OB,1,2,2729,38422,67,42:00.0,1,7:00,518
7386098180,U,IB,1,1,1737,136922,141,27:00.0,1,14:00,518
7386101289,U,OB,1,1,110,135259,13,07:00.0,2,13:00,518
7386108008,U,OB,1,1,300,133890,63,59:00.0,3,20:00,518
7386109932,U,OB,1,7,14130,134546,26,42:00.0,5,17:00,518
738613867X,U,OB,1,1,114,45573,78,42:00.0,4,0:00,431
7386138743,U,CTY,1,1,250,131503,189,16:00.0,6,11:00,431
738613878X,U,CTY,1,2,166,125307,195,49:00.0,2,4:00,431
7386163071,U,IB,1,1,57,117815,135,44:00.0,5,5:00,531
7386163109,U,CTY,1,1,416,131137,173,46:00.0,5,8:00,531
7386192881,U,IB,1,1,73,133123,151,21:00.0,4,12:00,881
7386318510,U,CTY,1,1,517,131787,188,44:00.0,1,4:00,201
7386318905,U,IB,1,1,269,CVEN44615,113,32:00.0,6,13:00,201
7386339401,U,IB,1,1,580,134163,143,45:00.0,4,19:00,201
7386373997,U,CTY,1,3,1116,128714,187,08:00.0,4,0:00,201
7386469724,U,OB,1,1,317,119394,32,47:00.0,2,14:00,556
7386471915,U,CTY,1,1,261,133746,196,53:00.0,5,11:00,556
7386471933,U,OB,1,8,2924,128892,52,46:00.0,6,18:00,556
7386471960,U,OB,1,2,772,123489,40,34:00.0,2,8:00,556
7386471989,U,IB,1,1,543,121924,123,20:00.0,6,6:00,556
7386472007,U,OB,1,2,510,121786,26,35:00.0,7,6:00,556
7386472016,U,OB,1,1,262,138134,49,33:00.0,2,12:00,556
7386472025,U,OB,1,16,5836,132352,18,20:00.0,7,14:00,556
7386472034,U,OB,1,1,114,138134,49,31:00.0,2,12:00,556
7386472052,U,OB,1,1,344,121786,26,46:00.0,7,6:00,556
7386472099,U,IB,1,3,1319,137562,111,55:00.0,5,8:00,556
7386484922,U,IB,1,1,413,137284,101,11:00.0,3,0:00,556
7386545799,U,OB,1,5,6115,127660,74,03:00.0,1,18:00,556
7386545826,U,OB,1,2,1860,136427,22,52:00.0,1,6:00,556
7386545862,U,OB,1,2,1050,140263,74,23:00.0,5,8:00,556
7386566322,U,IB,1,1,117,139940,131,12:00.0,6,22:00,556
7386591458,U,OB,1,1,638,139942,50,32:00.0,7,18:00,556
7386596958,U,IB,1,1,55,45562,103,12:00.0,4,11:00,556
7386596976,U,OB,1,1,165,127039,76,49:00.0,5,10:00,556
7386597104,U,CTY,1,2,340,133746,196,11:00.0,5,12:00,556
7386597113,U,IB,1,1,40,138791,104,24:00.0,1,19:00,556
7386597122,U,IB,1,1,139,138791,104,30:00.0,1,19:00,556
7386597131,U,OB,1,1,230,136427,22,49:00.0,1,3:00,556
7386597131,U,CTY,1,1,230,136427,227,09:00.0,2,11:00,556
7386597800,U,IB,1,1,166,45562,103,35:00.0,4,13:00,556
7386597838,U,IB,1,2,863,45562,103,32:00.0,4,13:00,556
7386597856,U,IB,1,3,1288,126264,125,05:00.0,4,10:00,556
7386598305,U,OB,1,1,350,133251,17,51:00.0,5,13:00,556
7386598433,U,OB,1,1,157,127039,76,41:00.0,5,10:00,556
738659858X,U,OB,1,1,278,140263,74,24:00.0,5,7:00,556
7386598653,U,OB,1,2,699,140263,74,28:00.0,5,9:00,556
7386598718,U,OB,1,1,259,140263,83,04:00.0,5,18:00,556
7386598718,U,OB,1,1,259,140263,74,36:00.0,5,4:00,556
7386598736,U,IB,1,7,3055,139940,131,03:00.0,6,22:00,556
7386611303,U,OB,1,1,1060,137824,46,16:00.0,2,14:00,556
738661134X,U,IB,1,1,390,119548,116,22:00.0,6,8:00,556
7386613191,U,IB,1,1,171,121924,123,46:00.0,6,6:00,556
7386707279,U,OB,1,2,1370,121684,74,36:00.0,4,11:00,644
738671661X,U,OB,1,8,7510,138004,90,57:00.0,3,11:00,644
738671661X,U,OB,1,8,7510,138004,98,52:00.0,3,17:00,644
7386716629,U,OB,1,6,4975,138004,90,33:00.0,3,12:00,644
7386716638,U,OB,1,2,2035,138004,90,23:00.0,3,11:00,644
7386716656,U,OB,1,2,1980,138004,90,52:00.0,3,11:00,644
7386716665,U,OB,1,2,1890,138004,90,22:00.0,3,12:00,644
7386716674,U,OB,1,4,3880,138144,67,57:00.0,4,13:00,644
7386716683,U,OB,1,8,6560,138144,67,18:00.0,4,14:00,644
7386716692,U,OB,1,1,520,138144,67,04:00.0,4,13:00,644
7386716701,U,OB,1,2,2030,138144,67,49:00.0,4,13:00,644
7386716710,U,OB,1,1,390,138144,67,59:00.0,4,12:00,644
738671672X,U,OB,1,2,1080,126618,51,37:00.0,5,10:00,644
7386716739,U,OB,1,3,1280,126618,51,38:00.0,5,10:00,644
7386725905,U,OB,1,1,435,124019,48,29:00.0,4,8:00,644
7386725914,U,OB,1,1,730,124019,48,14:00.0,4,8:00,644
7386725923,U,OB,1,1,985,290766,18,59:00.0,1,11:00,644
7386725932,U,OB,1,1,684,558869,60,42:00.0,6,3:00,644
7386725941,U,OB,1,1,167,558869,60,42:00.0,6,3:00,644
7386725950,U,OB,1,1,170,558869,60,42:00.0,6,3:00,644
738672596X,U,OB,1,1,630,558869,60,10:00.0,6,4:00,644
7386725979,U,OB,1,1,142,558869,60,42:00.0,6,3:00,644
7386725988,U,OB,1,1,378,558869,60,09:00.0,6,4:00,644
7386726363,U,OB,1,1,400,131077,89,41:00.0,3,12:00,644
7386726372,U,OB,1,1,277,558869,60,09:00.0,6,4:00,644
7386726390,U,OB,1,1,1827,558869,60,10:00.0,6,4:00,644
738672640X,U,OB,1,1,537,558869,60,10:00.0,6,4:00,644
7386726419,U,OB,1,1,698,558869,60,11:00.0,6,4:00,644
7386726428,U,OB,1,1,401,558869,60,26:00.0,6,4:00,644
7386726437,U,OB,1,1,350,558869,60,10:00.0,6,4:00,644
7386726455,U,OB,1,1,330,130793,53,01:00.0,6,19:00,644
7386726464,U,OB,1,1,360,131495,14,05:00.0,7,19:00,644
7386726473,U,OB,1,1,330,131495,14,32:00.0,7,19:00,644
7386726482,U,OB,1,1,290,131495,14,48:00.0,7,19:00,644
7386728857,U,OB,1,2,2447,133640,95,58:00.0,3,7:00,644
7386730709,U,OB,1,1,328,131529,84,02:00.0,3,10:00,644
7386730727,U,OB,1,1,338,131529,84,57:00.0,3,9:00,644
7386730754,U,OB,1,1,330,124019,48,10:00.0,4,8:00,644
7386730772,U,OB,1,1,150,133161,43,26:00.0,6,17:00,644
7386730781,U,OB,1,1,466,133161,43,28:00.0,6,17:00,644
738673080X,U,IB,1,1,426,128663,105,14:00.0,7,19:00,644
7386730819,U,IB,1,1,341,128663,105,48:00.0,7,18:00,644
7386730828,U,OB,1,1,470,129491,67,09:00.0,3,11:00,644
7386730855,U,OB,1,1,185,129491,67,16:00.0,3,9:00,644
7386730882,U,OB,1,1,380,139548,53,23:00.0,4,13:00,644
7386730891,U,OB,1,1,226,139548,53,55:00.0,4,13:00,644
7386730956,U,OB,1,1,95,130793,53,12:00.0,6,16:00,644
7386730965,U,OB,1,1,205,127653,55,57:00.0,4,10:00,644
7386730974,U,OB,1,1,1665,127653,55,29:00.0,4,11:00,644
7386730983,U,OB,1,1,296,135903,51,05:00.0,5,20:00,644
7386732761,U,OB,1,1,589,121632,55,47:00.0,6,18:00,644
7386732770,U,OB,1,1,157,121632,55,30:00.0,6,20:00,644
738673278X,U,OB,1,1,669,136349,51,59:00.0,7,18:00,644
7386732808,U,OB,1,1,182,136349,51,52:00.0,7,18:00,644
7386732826,U,OB,1,2,1964,121722,48,16:00.0,3,9:00,644
7386732835,U,OB,1,1,699,121722,48,23:00.0,3,8:00,644
7386732853,U,OB,1,2,364,129875,39,22:00.0,4,18:00,644
7386732880,U,OB,1,4,4435,137424,66,04:00.0,6,8:00,644
738673289X,U,OB,1,1,112,137424,66,43:00.0,6,6:00,644
7386732918,U,OB,1,1,100,137424,66,41:00.0,6,6:00,644
7386732927,U,OB,1,1,784,137424,66,29:00.0,6,7:00,644
7386732945,U,OB,1,1,293,136804,74,27:00.0,7,19:00,644
738674147X,U,OB,1,5,7195,130793,53,10:00.0,6,18:00,644
7386741561,U,OB,1,1,525,131529,84,49:00.0,3,9:00,644
7386741608,U,IB,1,1,730,133623,101,27:00.0,5,18:00,644
7386741653,U,OB,1,1,1480,130947,43,13:00.0,3,10:00,644
7386741662,U,OB,1,4,6560,130947,43,54:00.0,3,9:00,644
738674169X,U,OB,1,1,250,123544,46,25:00.0,5,13:00,644
7386741709,U,OB,1,1,800,123544,46,05:00.0,5,11:00,644
7386741718,U,OB,1,1,1000,123544,46,31:00.0,5,13:00,644
7386741727,U,OB,1,2,975,123544,46,34:00.0,5,13:00,644
7386741736,U,OB,1,2,1425,130793,53,35:00.0,6,18:00,644
7386741754,U,OB,1,3,2920,559087,46,33:00.0,7,19:00,644
7386741781,U,OB,1,3,3800,117368,52,03:00.0,3,20:00,644
738674180X,U,OB,1,4,4700,202186,53,52:00.0,4,17:00,644
7386741828,U,OB,1,7,4345,281163,52,28:00.0,5,11:00,644
7386741837,U,OB,1,1,375,281163,52,54:00.0,5,9:00,644
7386741846,U,OB,1,4,2555,121632,55,05:00.0,6,19:00,644
7386741855,U,OB,1,1,350,127512,43,03:00.0,1,4:00,644
7386741882,U,OB,1,1,685,127512,43,05:00.0,1,4:00,644
7386741891,U,OB,1,2,1355,127512,43,18:00.0,1,4:00,644
7386741965,U,OB,1,1,400,138730,31,21:00.0,5,11:00,644
7386741974,U,OB,1,1,350,137424,66,14:00.0,6,8:00,644
7386747007,U,OB,1,1,44,132675,69,41:00.0,4,8:00,644
7386747025,U,OB,1,1,215,137424,66,37:00.0,6,6:00,644
7386747034,U,OB,1,1,620,904116,52,16:00.0,7,19:00,644
7386754047,U,OB,1,1,304,131529,84,47:00.0,3,9:00,644
7386754092,U,OB,1,1,533,124019,48,07:00.0,4,8:00,644
7386754101,U,OB,1,1,325,124019,48,04:00.0,4,8:00,644
7386754157,U,OB,1,1,1010,126618,51,41:00.0,5,11:00,644
7386754184,U,OB,1,1,557,290574,73,25:00.0,6,14:00,644
7386754202,U,OB,1,1,555,290574,73,22:00.0,6,8:00,644
7386758822,U,OB,1,2,3850,123517,53,47:00.0,4,10:00,644
7386759601,U,CTY,1,1,2300,131495,E9  ,35:00.0,7,14:00,644
7386766046,U,OB,1,1,78,138594,74,36:00.0,4,13:00,644
7386766055,U,OB,1,1,86,134298,60,26:00.0,4,8:00,644
7386766064,U,OB,1,1,81,121722,48,20:00.0,3,10:00,644
7386766870,U,OB,1,5,1820,123067,46,30:00.0,6,17:00,644
738676688X,U,OB,1,3,1330,281163,52,26:00.0,5,9:00,644
7386766899,U,OB,1,4,1710,126076,49,11:00.0,7,15:00,644
7386769400,U,OB,1,1,233,127491,95,23:00.0,5,8:00,644
7386769429,U,OB,1,1,390,138189,43,07:00.0,7,14:00,644
7386769438,U,OB,1,1,353,131495,14,37:00.0,7,18:00,644
7386777412,U,OB,1,1,318,138189,43,15:00.0,7,14:00,644
7386777421,U,OB,1,1,410,139743,67,10:00.0,3,8:00,644
7386777430,U,OB,1,1,95,127512,43,28:00.0,1,2:00,644
7386780456,U,OB,1,3,1765,121684,74,38:00.0,4,12:00,644
7386780575,U,OB,1,2,754,127351,50,05:00.0,6,17:00,644
7386780584,U,OB,1,1,180,127351,50,13:00.0,6,17:00,644
7386780602,U,OB,1,1,177,127351,50,05:00.0,6,17:00,644
7386780611,U,OB,1,2,430,127351,50,46:00.0,6,16:00,644
7386780620,U,OB,1,1,134,130793,53,18:00.0,6,17:00,644
738678063X,U,OB,1,1,202,130793,53,07:00.0,6,17:00,644
7386780649,U,OB,1,2,672,130793,53,02:00.0,6,17:00,644
7386780658,U,OB,1,1,268,130793,53,26:00.0,6,16:00,644
7386780676,U,OB,1,2,634,117368,52,57:00.0,3,19:00,644
7386780831,U,OB,1,5,2960,123544,46,49:00.0,5,13:00,644
7386789595,U,OB,1,1,337,132875,66,25:00.0,1,8:00,644
7386789604,U,OB,1,1,459,132875,66,16:00.0,1,8:00,644
7386789613,U,OB,1,3,1558,132875,66,02:00.0,1,8:00,644
7386789687,U,OB,1,1,189,137424,66,45:00.0,6,6:00,644
7386789696,U,IB,1,6,4420,130654,105,47:00.0,7,13:00,644
7386790796,U,OB,1,2,1200,127512,43,36:00.0,1,3:00,644
7386791501,U,OB,1,3,1770,138004,90,02:00.0,3,13:00,644
7386791510,U,OB,1,1,443,138004,90,09:00.0,3,13:00,644
7386791557,U,OB,1,1,250,136349,51,00:00.0,7,20:00,644
7386791566,U,OB,1,5,2360,249377,34,33:00.0,7,19:00,644
7386791566,U,OB,1,5,2360,249377,48,01:00.0,7,12:00,644
738679218X,U,OB,1,1,144,126618,51,56:00.0,5,8:00,644
7386792208,U,OB,1,1,590,126618,51,22:00.0,5,9:00,644
7386792217,U,OB,1,1,165,139548,53,10:00.0,4,13:00,644
7386813034,U,OB,1,1,413,291267,63,21:00.0,6,11:00,644
7386814226,U,OB,1,1,218,133210,67,20:00.0,5,22:00,644
7386814235,U,OB,1,1,138,121632,55,21:00.0,6,18:00,644
7386818350,U,OB,1,1,300,126618,51,48:00.0,5,8:00,644
738681836X,U,OB,1,1,252,126618,51,02:00.0,5,10:00,644
7386830203,U,OB,1,1,734,290766,18,46:00.0,1,10:00,644
7386830212,U,OB,1,1,833,290766,18,41:00.0,1,10:00,644
7386830221,U,OB,1,1,833,290766,18,12:00.0,1,11:00,644
7386830230,U,OB,1,1,833,290766,18,14:00.0,1,11:00,644
7387003554,U,CTY,1,1,157,139518,169,52:00.0,4,6:00,511
7387003554,U,CTY,1,1,157,139518,211,06:00.0,5,9:00,511
7387003655,U,IB,1,1,450,290769,129,20:00.0,6,12:00,511
7387003655,U,CTY,1,1,450,290769,231,07:00.0,2,20:00,511
7387003700,U,OB,1,1,292,136815,73,37:00.0,3,6:00,432
7387003810,U,IB,1,1,202,138653,141,40:00.0,7,3:00,511
7387003810,U,CTY,1,1,202,138653,237,08:00.0,2,20:00,511
7387003902,U,CTY,1,2,308,134079,189,47:00.0,3,8:00,511
7387004196,U,CTY,1,2,896,132889,187,24:00.0,5,1:00,511
7387004398,U,CTY,1,4,767,279944,231,38:00.0,2,22:00,511
7387004627,U,OB,1,3,496,122370,84,15:00.0,6,5:00,650
7387004627,U,CTY,1,3,496,122370,193,47:00.0,6,6:00,650
7387004636,U,OB,1,1,225,136417,39,34:00.0,4,20:00,432
7387004645,U,OB,1,1,233,136417,39,24:00.0,4,20:00,432
7387004782,U,OB,1,1,275,118255,76,13:00.0,5,20:00,432
7387004791,U,OB,1,1,292,118255,76,09:00.0,5,20:00,432
7387004984,U,OB,1,1,169,559524,46,39:00.0,1,11:00,432
7387058260,U,CTY,1,1,147,135846,192,11:00.0,3,18:00,841
7387080994,U,CTY,1,5,7935,530503,187,03:00.0,7,4:00,841
7387092690,U,OB,1,1,210,127135,78,46:00.0,4,17:00,841
7387106101,U,IB,1,1,1264,HAEI27016,116,28:00.0,4,18:00,841
7387172698,U,CTY,1,2,2321,124019,174,08:00.0,2,7:00,841
7387217165,U,CTY,1,1,4,124021,172,48:00.0,3,5:00,841
7387218137,U,CTY,1,3,1345,135512,210,13:00.0,3,8:00,841
7387218137,U,IB,1,3,1345,135512,151,52:00.0,2,3:00,841
7387218182,U,IB,1,7,3035,126870,143,42:00.0,5,22:00,841
7387218191,U,CTY,1,3,1097,125621,197,03:00.0,3,20:00,841
7387218238,U,CTY,1,2,780,124330,175,48:00.0,6,16:00,841
7387248432,U,CTY,1,1,1880,133715,187,18:00.0,1,8:00,857
7387248488,U,OB,1,1,2005,131879,75,35:00.0,3,4:00,857
7387248488,U,CTY,1,1,2005,131879,176,45:00.0,6,22:00,857
7387248551,U,CTY,1,2,3906,125210,189,22:00.0,2,22:00,857
7387303057,U,CTY,1,2,1325,530247,233,19:00.0,2,22:00,857
7387303057,U,IB,1,2,1325,530247,116,41:00.0,4,21:00,857
7387303111,U,CTY,1,2,1225,137936,237,14:00.0,2,12:00,857
7387303111,U,CTY,1,2,1225,137936,187,57:00.0,6,19:00,857
7387337954,U,CTY,1,1,270,134197,238,42:00.0,6,19:00,857
7387337954,U,CTY,1,1,270,134197,197,28:00.0,5,18:00,857
738744305X,U,IB,1,1,560,132346,135,54:00.0,7,0:00,621
7387443325,U,CTY,1,2,562,132969,172,31:00.0,1,6:00,621
7387443839,U,IB,1,8,3765,134374,125,29:00.0,5,21:00,621
7387443857,U,IB,1,3,582,124178,141,45:00.0,5,17:00,621
7387443866,U,IB,1,1,414,124178,141,54:00.0,5,16:00,621
7387444140,U,IB,1,1,362,127369,149,29:00.0,7,4:00,621
7388453051,U,OB,1,1,300,130708,87,49:00.0,2,21:00,522
7388453051,U,IB,1,1,300,130708,111,52:00.0,2,2:00,522
7388535057,U,OB,1,1,112,123272,55,33:00.0,3,6:00,411
7388535093,U,OB,1,1,100,132875,66,33:00.0,1,8:00,411
7388535102,U,OB,1,1,100,123272,55,15:00.0,3,6:00,411
7388550558,U,OB,1,1,69,123237,40,32:00.0,6,7:00,411
7388550567,U,OB,1,1,54,129503,51,12:00.0,7,15:00,411
7388550576,U,OB,1,1,160,131793,43,07:00.0,7,14:00,411
7388552940,U,IB,1,1,250,390234,104,00:00.0,4,12:00,411
7388573831,U,OB,1,1,543,132818,40,37:00.0,4,13:00,411
7388573869,U,OB,1,1,75,129573,52,54:00.0,4,3:00,411
7388601919,U,OB,1,1,790,291140,46,40:00.0,1,7:00,411
7388610553,U,OB,1,1,112,130538,52,37:00.0,7,19:00,411
7388610553,U,OB,1,1,112,130538,33,22:00.0,1,2:00,411
7388610562,U,OB,1,1,112,130538,52,43:00.0,7,19:00,411
7388610580,U,OB,1,1,232,291278,75,28:00.0,1,11:00,411
7388704365,U,CTY,1,1,208,530752,173,55:00.0,5,17:00,881
7388831341,U,IB,1,2,3280,140219,117,17:00.0,1,4:00,435
7388831350,U,OB,1,1,445,131551,95,30:00.0,7,8:00,435
7388833074,U,IB,1,5,1765,139878,117,27:00.0,5,22:00,435
7388833083,U,OB,1,4,1928,136198,32,19:00.0,3,14:00,435
7388837052,U,OB,1,1,405,129596,51,38:00.0,5,3:00,435
7388837061,U,OB,1,1,358,134359,53,50:00.0,5,4:00,435
7388837429,U,IB,1,4,1808,430528,105,21:00.0,6,18:00,435
7388837438,U,OB,1,1,48,129653,51,29:00.0,7,4:00,435
7388838601,U,OB,1,4,4880,137656,53,28:00.0,6,2:00,435
7388838610,U,OB,1,1,1150,131229,69,33:00.0,3,0:00,435
738883862X,U,OB,1,2,2265,138970,52,21:00.0,3,2:00,435
7388838639,U,OB,1,6,5250,431154,69,56:00.0,5,9:00,435
7388838648,U,OB,1,1,1680,353204,72,58:00.0,7,6:00,435
7388838657,U,OB,1,2,2275,133626,55,11:00.0,3,2:00,435
7388838666,U,OB,1,1,1655,139872,51,09:00.0,5,4:00,435
7388841975,U,IB,1,5,2128,121819,123,46:00.0,4,3:00,435
7388841984,U,IB,1,1,185,123843,150,32:00.0,5,12:00,435
7388842011,U,OB,1,6,13465,136148,86,24:00.0,6,20:00,435
7388842020,U,OB,1,6,2900,122535,78,14:00.0,7,10:00,435
7388850582,U,IB,1,4,9410,125857,113,04:00.0,6,8:00,435
7388850591,U,OB,1,4,8815,138592,58,00:00.0,7,10:00,435
7388850629,U,OB,1,5,9916,139872,51,48:00.0,5,4:00,435
7388850638,U,OB,1,6,7810,430167,75,40:00.0,6,7:00,435
7388860244,U,OB,1,6,3045,261216,84,13:00.0,4,7:00,435
7388958245,U,CTY,1,3,315,128683,172,55:00.0,1,19:00,153
7388975717,U,CTY,1,6,8349,137653,194,48:00.0,6,3:00,153
7388975809,U,CTY,1,1,1299,132111,188,58:00.0,6,0:00,153
7389101694,U,IB,1,7,2123,CVEN45772,103,56:00.0,6,13:00,135
7389124372,U,CTY,1,2,1904,139814,168,32:00.0,5,1:00,135
7389124372,U,CTY,1,2,1904,139814,211,40:00.0,5,4:00,135
7389152211,U,OB,1,1,645,138444,87,30:00.0,1,21:00,154
7389156483,U,IB,1,2,907,291071,114,50:00.0,4,21:00,154
7389156795,U,CTY,1,4,260,126885,174,51:00.0,1,0:00,154
7389156795,U,CTY,1,4,260,126885,226,33:00.0,1,3:00,154
7389162836,U,IB,1,1,120,140037,112,37:00.0,3,10:00,154
7389214994,U,OB,1,1,900,138444,87,41:00.0,1,21:00,154
7389297961,U,CTY,1,1,1295,127450,189,08:00.0,5,16:00,272
7389298026,U,CTY,1,1,1295,118588,169,53:00.0,4,13:00,272
7389320502,U,IB,1,1,350,128880,113,08:00.0,3,21:00,218
7389320585,U,OB,1,2,644,140101,88,28:00.0,6,13:00,218
7389320659,U,OB,1,1,255,140101,88,30:00.0,6,13:00,218
7389320722,U,OB,1,1,382,131399,96,06:00.0,3,18:00,218
7389320897,U,IB,1,1,435,390229,116,30:00.0,2,9:00,218
7389321052,U,OB,1,1,436,559443,96,43:00.0,7,20:00,218
7389321373,U,IB,1,2,460,558629,117,46:00.0,1,9:00,218
7389321429,U,OB,1,1,405,290149,88,50:00.0,4,0:00,218
7389350139,U,IB,1,17,510,249253,103,27:00.0,6,12:00,653
7389359837,U,IB,1,1,587,139578,149,35:00.0,1,12:00,653
7389444032,U,OB,1,1,25,124274,96,49:00.0,6,14:00,653
7389490517,U,IB,1,1,515,139923,112,25:00.0,5,2:00,653
7389491159,U,IB,1,1,950,138552,151,48:00.0,4,23:00,653
738949290X,U,OB,1,158,37178,559536,74,51:00.0,3,0:00,653
7389522426,U,OB,1,3,380,128452,39,00:00.0,3,19:00,653
7389522967,U,IB,1,7,324,134633,149,28:00.0,1,22:00,653
7389552438,U,CTY,1,1,375,136717,188,07:00.0,5,13:00,653
7389594081,U,CTY,1,12,14650,128079,234,38:00.0,3,2:00,830
7389594119,U,IB,1,1,339,133442,145,40:00.0,7,22:00,830
7389594137,U,CTY,1,1,640,136637,192,45:00.0,4,12:00,830
7389594146,U,CTY,1,4,6000,TTMS910552,192,09:00.0,3,1:00,830
7389720554,U,CTY,1,2,1170,290901,168,27:00.0,1,7:00,830
7389720572,U,CTY,1,1,816,135698,188,31:00.0,2,21:00,830
7389758861,U,CTY,1,1,289,127712,187,03:00.0,6,19:00,830
7389810680,U,CTY,1,1,345,136990,189,40:00.0,2,17:00,830
7389810680,U,CTY,1,1,345,136990,231,38:00.0,2,21:00,830
7389812633,U,CTY,1,1,350,121768,188,42:00.0,2,8:00,830
7389812660,U,IB,1,1,350,137429,151,37:00.0,2,1:00,830
7389948382,U,CTY,1,2,237,135500,169,54:00.0,7,19:00,455
7389968009,U,OB,1,1,1346,136439,43,17:00.0,7,5:00,455
7410013229,U,OB,1,1,680,290157,53,34:00.0,7,11:00,740
7410031599,U,OB,1,2,4,136042,32,23:00.0,7,13:00,740
7410031599,U,CTY,1,2,4,136042,227,12:00.0,2,11:00,740
7410031608,U,OB,1,1,375,136814,48,39:00.0,5,6:00,740
7410031617,U,OB,1,2,4,134221,76,48:00.0,7,3:00,740
7410031635,U,OB,1,5,2780,130644,49,28:00.0,6,2:00,740
7410031644,U,OB,1,1,208,137265,39,44:00.0,6,5:00,740
7410041104,U,OB,1,4,1827,127439,32,54:00.0,2,14:00,740
7410041113,U,OB,1,2,535,128394,63,34:00.0,4,5:00,740
7410042680,U,OB,1,2,1819,134132,76,03:00.0,5,13:00,740
7410047383,U,OB,1,2,694,127439,32,00:00.0,2,15:00,740
7410048052,U,OB,1,1,436,128364,26,22:00.0,7,13:00,740
7410048099,U,OB,1,1,160,138848,43,58:00.0,4,5:00,740
7410048117,U,OB,1,1,280,138848,43,28:00.0,4,5:00,740
7410048171,U,OB,1,2,264,134366,76,45:00.0,4,1:00,740
7410048218,U,OB,1,1,1207,133813,50,39:00.0,4,1:00,740
7410048245,U,OB,1,4,1039,291269,31,40:00.0,7,9:00,740
7410053873,U,OB,1,1,57,134368,48,13:00.0,4,15:00,740
7410054277,U,OB,1,1,64,132021,17,45:00.0,6,17:00,740
7410054533,U,OB,1,1,51,136112,48,28:00.0,4,8:00,740
7410071785,U,OB,1,1,250,128272,60,30:00.0,4,4:00,740
7410089917,U,OB,1,1,2026,130761,63,54:00.0,5,10:00,740
7410091814,U,OB,1,1,1050,137265,39,54:00.0,6,6:00,740
741010264X,U,OB,1,2,1405,128527,48,21:00.0,1,0:00,740
7410102659,U,OB,1,1,675,139984,58,32:00.0,1,9:00,740
741013652X,U,OB,1,1,153,137265,39,42:00.0,6,7:00,740
7410136539,U,OB,1,1,205,137265,39,45:00.0,6,7:00,740
7410136548,U,OB,1,1,290,137265,39,55:00.0,6,7:00,740
7410136557,U,OB,1,1,160,137265,39,52:00.0,6,7:00,740
7410136566,U,OB,1,1,320,129742,31,27:00.0,6,13:00,740
7410170107,U,CTY,1,1,569,135109,196,13:00.0,4,4:00,155
7410171106,U,CTY,1,1,3,45605,175,30:00.0,5,14:00,155
7410345245,U,OB,1,2,208,132138,76,15:00.0,1,3:00,685
7410345281,U,IB,1,1,234,132333,125,53:00.0,3,15:00,685
7410345346,U,OB,1,4,1200,128751,32,06:00.0,3,16:00,685
7410345391,U,IB,1,4,1900,132182,104,26:00.0,3,2:00,685
7410345593,U,IB,1,3,611,133720,135,15:00.0,3,3:00,685
7410345602,U,OB,1,2,208,136514,78,24:00.0,3,15:00,685
7410345611,U,IB,1,7,1910,430285,127,37:00.0,2,12:00,685
7410345649,U,OB,1,2,208,136514,78,24:00.0,3,15:00,685
7410345676,U,IB,1,6,1475,125262,150,43:00.0,5,17:00,685
7410345721,U,OB,1,4,1130,136318,69,34:00.0,3,19:00,685
7410345813,U,OB,1,3,975,128783,63,43:00.0,6,21:00,685
7410395598,U,CTY,1,5,9705,131617,169,33:00.0,1,22:00,548
7410418651,U,CTY,1,2,246,136049,195,41:00.0,3,0:00,548
7410420604,U,IB,1,1,77,131783,131,11:00.0,6,2:00,548
7410420640,U,IB,1,1,140,131783,131,13:00.0,6,2:00,548
7410431229,U,IB,1,1,1060,126165,149,57:00.0,6,3:00,548
7410435894,U,IB,1,4,2485,131651,141,43:00.0,1,13:00,890
7410436765,U,IB,1,2,5745,131223,163,01:00.0,4,18:00,548
7410445116,U,CTY,1,2,2214,HAEI25934,192,41:00.0,7,20:00,548
7410453292,U,CTY,1,4,1197,124021,172,53:00.0,3,5:00,548
741045332X,U,OB,1,3,1274,132944,26,40:00.0,1,5:00,548
7410455759,U,CTY,1,1,142,132261,197,44:00.0,6,21:00,548
7410463468,U,IB,1,4,3788,131223,163,16:00.0,4,19:00,548
7410463650,U,CTY,1,6,8304,560380,169,46:00.0,6,22:00,548
7410471846,U,CTY,1,4,1920,140023,173,54:00.0,4,18:00,548
7410480655,U,CTY,1,1,300,122835,187,01:00.0,3,16:00,303
7410480682,U,CTY,1,1,635,121101,196,00:00.0,3,20:00,303
7410480700,U,IB,1,1,1530,116773,104,56:00.0,3,18:00,303
7410564338,U,IB,1,1,149,202236,125,36:00.0,1,5:00,153
7410564787,U,CTY,1,8,336,137653,194,42:00.0,6,3:00,153
7410564787,U,CTY,1,8,336,137653,233,54:00.0,2,21:00,153
7410564805,U,CTY,1,5,250,136760,197,50:00.0,6,11:00,153
7410565126,U,OB,1,3,150,121290,97,53:00.0,3,11:00,153
7410565126,U,IB,1,3,150,121290,117,47:00.0,3,9:00,153
7410565144,U,OB,1,1,559,125737,55,31:00.0,5,22:00,153
7410565236,U,CTY,1,1,250,126069,189,47:00.0,3,22:00,153
7410565236,U,CTY,1,1,250,126069,225,48:00.0,3,22:00,153
7410565429,U,CTY,1,1,100,132816,237,29:00.0,6,17:00,153
7410565429,U,CTY,1,1,100,132816,197,33:00.0,6,1:00,153
7410565712,U,IB,1,1,50,127781,149,23:00.0,1,19:00,153
7410565712,U,CTY,1,1,50,127781,205,19:00.0,2,16:00,153
7410565712,U,CTY,1,1,50,127781,233,15:00.0,3,22:00,153
7410566271,U,CTY,1,2,100,128691,196,33:00.0,2,19:00,153
7410566318,U,CTY,1,1,39,128691,196,30:00.0,2,19:00,153
7410566336,U,CTY,1,2,100,128691,196,38:00.0,2,19:00,153
7410566500,U,CTY,1,2,100,133888,198,54:00.0,4,17:00,153
7410566500,U,CTY,1,2,100,133888,189,47:00.0,4,17:00,153
7410566529,U,CTY,1,10,645,133888,231,51:00.0,4,16:00,153
7410566529,U,CTY,1,10,645,133888,231,51:00.0,4,16:00,153
7410681093,U,IB,1,1,28,261091,151,45:00.0,5,21:00,890
7410893779,U,CTY,1,2,385,261139,174,05:00.0,4,0:00,621
7410893916,U,IB,1,2,595,127460,123,01:00.0,4,14:00,621
7410893934,U,IB,1,1,440,127460,123,59:00.0,4,13:00,621
7410894127,U,IB,1,3,420,135725,151,47:00.0,7,19:00,621
7410898774,U,IB,1,2,145,127193,141,13:00.0,5,16:00,621
741089893X,U,CTY,1,3,235,134759,176,36:00.0,6,21:00,621
7410898985,U,IB,1,2,791,136842,143,49:00.0,3,7:00,621
7410913083,U,IB,1,4,227,311022,163,19:00.0,6,20:00,621
7410914266,U,IB,1,2,126,138470,145,57:00.0,6,12:00,621
741091433X,U,IB,1,5,400,261071,149,29:00.0,7,9:00,621
7410914421,U,IB,1,1,155,135725,151,13:00.0,7,18:00,621
7410914504,U,CTY,1,2,165,137082,174,18:00.0,5,4:00,621
7410914596,U,IB,1,1,402,135725,151,15:00.0,7,17:00,621
7410918610,U,CTY,1,2,230,132055,195,20:00.0,3,21:00,621
741091862X,U,CTY,1,2,275,132055,195,23:00.0,3,22:00,621
7410918785,U,CTY,1,3,140,129651,169,53:00.0,4,11:00,621
7410918913,U,IB,1,2,380,132346,135,31:00.0,7,2:00,621
7410919014,U,IB,1,4,390,132346,135,37:00.0,7,2:00,621
7410919088,U,IB,1,7,1090,138855,151,57:00.0,1,10:00,621
7410919133,U,IB,1,3,335,138855,151,53:00.0,1,8:00,621
7410919234,U,IB,1,1,151,130455,145,25:00.0,4,12:00,621
7410919326,U,CTY,1,2,60,127679,175,30:00.0,5,17:00,621
7410919436,U,IB,1,3,420,290302,163,21:00.0,1,2:00,621
7410919591,U,CTY,1,4,435,290033,195,35:00.0,3,18:00,621
7410919591,U,IB,1,4,435,290033,161,29:00.0,4,3:00,621
7410919591,U,IB,1,4,435,290033,161,41:00.0,4,10:00,621
7410919912,U,CTY,1,3,130,128658,169,51:00.0,6,14:00,621
7410920590,U,CTY,1,4,1245,132055,195,19:00.0,3,22:00,621
7410942444,U,CTY,1,3,1000,R326181472,174,22:00.0,1,18:00,621
7410980430,U,CTY,1,1,274,830887,175,32:00.0,3,13:00,621
7410984143,U,CTY,1,1,5920,124072,187,14:00.0,3,19:00,621
7410988231,U,CTY,1,1,156,134604,168,28:00.0,4,15:00,621
741098825X,U,IB,1,1,412,125977,129,03:00.0,5,15:00,621
7411027878,U,CTY,1,2,776,261071,176,33:00.0,7,3:00,621
7411038611,U,IB,1,1,269,132515,143,52:00.0,7,1:00,621
7411190036,U,CTY,1,1,415,135037,189,08:00.0,6,14:00,783
7411198340,U,IB,1,1,858,122357,163,09:00.0,6,18:00,783
7411198414,U,IB,1,3,2337,211402,114,50:00.0,2,1:00,783
7411273333,U,IB,1,2,535,137108,125,11:00.0,3,0:00,783
7411283700,U,IB,1,1,702,137108,125,33:00.0,2,21:00,783
7411283911,U,IB,1,1,1250,124038,141,28:00.0,4,15:00,783
7411284030,U,IB,1,1,331,124038,141,04:00.0,4,16:00,783
7411284645,U,IB,1,1,784,131495,143,52:00.0,5,2:00,783
7411284910,U,CTY,1,1,274,202186,168,45:00.0,1,16:00,783
7411284957,U,IB,1,1,460,126712,141,23:00.0,1,19:00,783
7411285186,U,CTY,1,1,472,131077,168,41:00.0,3,13:00,783
7411285635,U,IB,1,1,454,129780,133,16:00.0,5,5:00,783
7411285882,U,CTY,1,1,230,135519,172,51:00.0,5,6:00,783
7411286093,U,CTY,1,1,216,211204,196,48:00.0,7,2:00,783
7411290668,U,IB,1,7,2225,122357,163,02:00.0,6,19:00,783
7411382361,U,IB,1,2,170,124038,141,48:00.0,4,16:00,783
7411413280,U,IB,1,1,267,137108,125,43:00.0,3,0:00,783
741141329X,U,CTY,1,1,615,137108,234,55:00.0,3,10:00,783
7411413473,U,IB,1,1,572,261242,145,11:00.0,1,1:00,783
7411435170,U,OB,1,2,526,290336,90,57:00.0,7,15:00,783
7411438526,U,CTY,1,1,230,123657,172,05:00.0,6,13:00,783
7411506551,U,CTY,1,1,783,136233,169,33:00.0,3,20:00,819
7411535784,U,IB,1,3,2200,252427,149,11:00.0,5,8:00,819
7411535784,U,IB,1,3,2200,252427,131,00:00.0,5,8:00,819
7411541816,U,CTY,1,3,2791,558295,192,26:00.0,4,13:00,819
7411541861,U,IB,1,1,420,126240,163,33:00.0,5,6:00,819
741154188X,U,CTY,1,2,1611,558295,192,19:00.0,4,13:00,819
7411541953,U,CTY,1,4,2928,130644,169,48:00.0,6,13:00,819
7411542054,U,IB,1,3,2282,128291,101,19:00.0,4,15:00,819
7411542063,U,CTY,1,1,328,130644,169,13:00.0,6,15:00,819
7411542072,U,IB,1,2,1088,139787,141,49:00.0,6,18:00,819
741154210X,U,IB,1,1,701,139787,141,12:00.0,6,19:00,819
7411542146,U,CTY,1,1,860,130644,169,00:00.0,6,15:00,819
7411542182,U,IB,1,2,826,139787,141,07:00.0,6,20:00,819
7411542191,U,IB,1,5,3780,530367,125,34:00.0,5,9:00,819
7411542200,U,CTY,1,2,1012,530434,173,58:00.0,2,13:00,819
7411544492,U,IB,1,1,476,291203,133,20:00.0,2,1:00,819
7411546124,U,IB,1,4,4600,123302,141,09:00.0,3,16:00,819
7411546142,U,IB,1,3,2650,123302,141,50:00.0,3,15:00,819
7411546216,U,CTY,1,8,6800,558295,192,27:00.0,4,16:00,819
7411546225,U,CTY,1,2,1300,558295,192,00:00.0,4,16:00,819
7411550176,U,IB,1,1,495,131487,163,19:00.0,7,3:00,819
7411579876,U,IB,1,1,730,126091,141,12:00.0,1,11:00,819
7411579912,U,IB,1,2,4286,252427,131,38:00.0,5,3:00,819
7411602893,U,IB,1,1,70,123302,141,05:00.0,3,15:00,819
7411611529,U,IB,1,1,158,291203,133,09:00.0,1,21:00,819
7411611583,U,CTY,1,1,247,136233,214,38:00.0,4,12:00,819
7411611583,U,CTY,1,1,247,136233,169,32:00.0,3,21:00,819
7411619925,U,IB,1,1,238,125347,133,50:00.0,3,2:00,819
7411619961,U,IB,1,1,216,291203,133,28:00.0,1,23:00,819
7411619970,U,IB,1,1,623,126240,163,35:00.0,5,6:00,819
7411619999,U,IB,1,1,773,125844,141,44:00.0,7,12:00,819
7411646949,U,IB,1,1,246,129739,135,18:00.0,6,2:00,819
7411646967,U,IB,1,1,113,530367,125,07:00.0,5,6:00,819
7411647086,U,CTY,1,1,119,132190,173,52:00.0,3,15:00,819
7411647086,U,IB,1,1,119,132190,119,53:00.0,3,15:00,819
7411647113,U,IB,1,1,274,252427,131,08:00.0,5,3:00,819
7411647131,U,IB,1,1,113,123898,152,26:00.0,4,21:00,819
7411669470,U,IB,1,1,225,123302,141,07:00.0,3,15:00,819
7411671762,U,IB,1,1,560,134694,143,12:00.0,5,14:00,819
7411671771,U,IB,1,1,293,134694,143,44:00.0,5,15:00,819
7411671937,U,CTY,1,1,510,127770,194,32:00.0,3,15:00,819
7411671946,U,CTY,1,2,960,132190,173,25:00.0,3,18:00,819
7411671964,U,IB,1,1,232,252427,131,24:00.0,5,1:00,819
7411671973,U,IB,1,2,695,252427,131,04:00.0,5,1:00,819
7411671982,U,IB,1,1,297,252427,131,28:00.0,5,1:00,819
7411674678,U,IB,1,1,140,291203,133,32:00.0,1,21:00,819
7411675127,U,IB,1,1,82,125347,133,47:00.0,3,2:00,819
7411675219,U,IB,1,1,306,139787,141,42:00.0,6,18:00,819
7411675246,U,IB,1,2,615,139787,141,43:00.0,6,19:00,819
7411767471,U,OB,1,9,5268,131757,14,54:00.0,4,10:00,415
7411767480,U,OB,1,4,2268,131757,14,46:00.0,4,9:00,415
7411767536,U,OB,1,1,319,136182,60,29:00.0,6,6:00,415
7411767554,U,OB,1,1,414,116842,53,22:00.0,6,7:00,415
7411767637,U,OB,1,1,755,124038,46,22:00.0,3,7:00,415
7411767664,U,OB,1,2,1095,124038,46,13:00.0,3,7:00,415
7411767682,U,OB,1,1,890,128771,32,11:00.0,4,6:00,415
7411767700,U,IB,1,1,650,127056,152,40:00.0,7,10:00,415
7411767801,U,OB,1,1,794,136336,40,45:00.0,4,9:00,415
741176782X,U,OB,1,1,592,140304,14,17:00.0,5,11:00,415
7411767857,U,OB,1,2,1240,131477,17,56:00.0,7,7:00,415
7411767866,U,OB,1,1,978,131477,17,04:00.0,7,8:00,415
7411881074,U,CTY,1,5,1270,137255,189,10:00.0,4,21:00,508
7411882293,U,CTY,1,4,2170,131617,169,01:00.0,1,20:00,508
7411882293,U,CTY,1,4,2170,131617,R420,36:00.0,1,22:00,508
7411887436,U,IB,1,2,1098,125318,111,25:00.0,6,15:00,508
7411983787,U,IB,1,1,313,128543,158,48:00.0,6,10:00,508
7411989552,U,CTY,1,1,90,HAEI23255,175,30:00.0,7,16:00,508
7411995034,U,IB,1,8,13855,132863,113,16:00.0,7,14:00,511
7411995043,U,IB,1,3,5532,123954,129,16:00.0,5,4:00,511
741200553X,U,CTY,1,1,100,131908,205,25:00.0,6,13:00,508
7412005621,U,OB,1,1,119,128717,51,32:00.0,6,11:00,508
7412005686,U,OB,1,1,115,135471,40,24:00.0,7,21:00,508
7412017905,U,CTY,1,1,510,131617,169,38:00.0,1,21:00,508
7412144277,U,CTY,1,4,1664,139518,169,02:00.0,4,7:00,511
7412144313,U,IB,1,2,1030,138653,141,58:00.0,7,3:00,511
7412144322,U,IB,1,1,600,135986,164,37:00.0,1,7:00,511
7412144340,U,CTY,1,1,395,139728,168,51:00.0,1,9:00,511
7412164342,U,IB,1,2,762,290328,116,26:00.0,6,7:00,511
7412196343,U,CTY,1,1,680,125722,190,02:00.0,2,6:00,511
7412196343,U,OB,1,1,680,125722,51,47:00.0,1,13:00,511
7412196664,U,CTY,1,1,796,HAEI25934,192,57:00.0,1,2:00,511
7412222579,U,CTY,1,1,796,279944,187,47:00.0,7,2:00,511
7412222624,U,OB,1,1,184,134548,84,33:00.0,2,2:00,511
7412222761,U,CTY,1,1,245,133203,197,52:00.0,1,17:00,511
7412222770,U,OB,1,1,245,134548,84,28:00.0,2,2:00,511
7412222799,U,IB,1,1,796,140420,125,13:00.0,5,6:00,511
7412222862,U,IB,1,1,401,136702,103,17:00.0,5,3:00,511
7412224119,U,IB,1,1,252,290769,129,10:00.0,6,12:00,511
7412224238,U,IB,1,1,184,136702,103,31:00.0,5,3:00,511
7412224366,U,IB,1,1,205,137452,115,34:00.0,2,9:00,511
7412224366,U,CTY,1,1,205,137452,194,55:00.0,2,8:00,511
7412224375,U,IB,1,1,401,123954,129,22:00.0,5,4:00,511
7412224797,U,CTY,1,1,205,131131,187,43:00.0,7,11:00,511
7412224824,U,CTY,1,1,401,131131,187,36:00.0,7,11:00,511
7412224916,U,IB,1,1,401,132863,113,03:00.0,7,14:00,511
7412357787,U,IB,1,1,164,123834,127,02:00.0,4,13:00,511
7412357879,U,CTY,1,1,1321,279944,187,38:00.0,7,3:00,511
7412358061,U,IB,1,1,335,290328,116,25:00.0,6,3:00,511
7412423778,U,CTY,1,3,192,139728,168,44:00.0,1,6:00,511
7412423805,U,IB,1,11,1016,129596,164,25:00.0,3,6:00,511
7412480996,U,CTY,1,1,34,139912,174,22:00.0,5,15:00,511
7412480996,U,CTY,1,1,34,139912,186,54:00.0,5,15:00,511
7412513895,U,OB,1,1,25,211720,73,29:00.0,6,16:00,511
7412657463,U,CTY,1,7,18135,127181,213,46:00.0,1,21:00,111
7412751156,U,CTY,1,3,640,131810,175,18:00.0,3,11:00,111
7412751183,U,CTY,1,3,879,133631,192,29:00.0,3,12:00,111
7412756270,U,IB,1,2,1078,CVEN43549,133,28:00.0,4,19:00,111
741286023X,U,CTY,1,1,265,130650,173,28:00.0,4,6:00,111
741286694X,U,OB,1,1,96,136032,90,21:00.0,3,10:00,111
7412870212,U,IB,1,1,454,133121,143,52:00.0,7,15:00,111
7412934021,U,IB,1,1,525,137150,116,09:00.0,2,19:00,108
741293404X,U,IB,1,2,480,135914,104,04:00.0,1,8:00,108
741293404X,U,IB,1,2,480,135914,110,06:00.0,1,8:00,108
7412961366,U,OB,1,1,785,133263,96,28:00.0,3,5:00,108
7412989975,U,CTY,1,1,1515,137976,172,31:00.0,7,12:00,108
7412989993,U,CTY,1,10,8875,124322,192,28:00.0,7,8:00,108
7413002304,U,IB,1,5,2090,127860,112,19:00.0,7,9:00,108
7413002340,U,OB,1,1,585,135973,95,16:00.0,7,4:00,108
7413002387,U,OB,1,1,1075,134771,95,38:00.0,3,6:00,108
7413002396,U,OB,1,1,550,134771,95,50:00.0,3,5:00,108
7413002479,U,CTY,1,1,270,135140,169,50:00.0,7,12:00,108
7413004293,U,OB,1,2,1658,133263,96,50:00.0,3,4:00,108
7413004376,U,IB,1,1,1143,128288,116,22:00.0,1,16:00,108
7413004504,U,IB,1,1,206,135432,125,08:00.0,4,11:00,108
741306692X,U,IB,1,3,510,128287,111,18:00.0,1,21:00,108
7413066939,U,IB,1,1,206,135432,125,32:00.0,4,11:00,108
7413066948,U,OB,1,2,2550,136007,95,02:00.0,6,20:00,108
7413071907,U,IB,1,2,1540,291071,114,17:00.0,4,21:00,108
7413071952,U,IB,1,1,1025,211275,113,41:00.0,7,6:00,108
7413072621,U,CTY,1,1,197,135140,169,22:00.0,7,11:00,108
7413073887,U,IB,1,1,610,128435,116,22:00.0,4,0:00,108
7413076471,U,CTY,1,1,990,124322,192,03:00.0,7,8:00,108
7413126779,U,OB,1,3,895,558947,31,06:00.0,2,21:00,671
741312698X,U,IB,1,1,150,131207,151,50:00.0,3,22:00,671
7413147358,U,CTY,1,2,912,125201,194,43:00.0,1,7:00,882
7413150813,U,CTY,1,1,180,PASC634534,172,31:00.0,1,4:00,882
7413154553,U,CTY,1,1,233,278466,173,24:00.0,3,13:00,882
7413167149,U,IB,1,6,4077,139653,158,38:00.0,2,21:00,882
7413170898,U,CTY,1,1,290,202318,195,32:00.0,6,13:00,882
7413182237,U,IB,1,1,525,118529,149,16:00.0,2,3:00,882
7413189295,U,CTY,1,345,10500,126994,237,35:00.0,3,0:00,882
7413189295,U,IB,1,345,10500,126994,141,54:00.0,2,17:00,882
7413189313,U,IB,1,1,130,261341,135,03:00.0,1,11:00,882
7413223651,U,IB,1,1,363,131313,152,27:00.0,7,21:00,251
7413245734,U,OB,1,3,1692,123993,90,31:00.0,6,11:00,251
7413245963,U,IB,1,5,1420,131478,143,26:00.0,6,5:00,251
7413406866,U,CTY,1,5,3428,138021,188,27:00.0,3,11:00,304
7413479778,U,IB,1,1,217,127801,125,11:00.0,6,12:00,304
7413479787,U,CTY,1,1,923,T402218947,189,14:00.0,4,11:00,304
7413516527,U,IB,1,2,480,127801,125,49:00.0,6,13:00,304
7413516545,U,CTY,1,1,700,128076,184,05:00.0,2,23:00,304
7413516664,U,IB,1,1,330,123643,149,44:00.0,5,14:00,304
7413516682,U,IB,1,1,270,131132,125,27:00.0,2,2:00,304
7413604911,U,CTY,1,1,800,137665,189,49:00.0,5,15:00,304
7413634117,U,CTY,1,2,592,137665,189,39:00.0,5,14:00,304
7413634162,U,IB,1,4,659,134401,116,59:00.0,1,20:00,304
7413780298,U,CTY,1,1,270,290262,O9  ,34:00.0,5,1:00,216
7413780298,U,IB,1,1,270,290262,151,20:00.0,4,18:00,216
7413975840,U,IB,1,1,188,119548,116,54:00.0,6,3:00,521
741397651X,U,IB,1,1,35,130948,103,40:00.0,2,9:00,521
7414016578,U,OB,1,2,738,132660,40,09:00.0,5,16:00,521
7414020152,U,OB,1,6,6430,125279,52,54:00.0,6,14:00,521
7414020199,U,CTY,1,1,410,HAEI24669,193,23:00.0,5,1:00,521
7414020199,U,IB,1,1,410,HAEI24669,151,17:00.0,5,0:00,521
7414020217,U,OB,1,1,405,136511,17,19:00.0,4,23:00,521
7414029475,U,OB,1,1,195,135215,67,57:00.0,6,17:00,521
7414033022,U,OB,1,1,475,134752,73,56:00.0,3,1:00,521
7414043198,U,OB,1,2,1055,135215,67,29:00.0,6,17:00,521
7414043234,U,OB,1,1,411,138432,46,31:00.0,6,22:00,521
7414081220,U,OB,1,1,250,131011,83,56:00.0,2,19:00,521
7414081220,U,OB,1,1,250,131011,72,49:00.0,1,20:00,521
741408123X,U,OB,1,1,2998,135215,67,58:00.0,6,17:00,521
7414082183,U,CTY,1,1,233,131729,E7  ,50:00.0,5,8:00,521
7414082210,U,OB,1,1,283,211184,95,54:00.0,1,23:00,521
7414170073,U,CTY,1,5,767,139837,175,53:00.0,3,22:00,671
7414207327,U,CTY,1,3,2250,118529,206,43:00.0,6,12:00,671
7414229987,U,OB,1,12,700,R621780290,39,17:00.0,4,18:00,671
7414258403,U,IB,1,1,120,122644,104,21:00.0,1,6:00,671
7414258412,U,IB,1,1,120,122644,104,11:00.0,1,7:00,671
7414265856,U,OB,1,9,7465,137901,88,04:00.0,1,9:00,671
741437933X,U,IB,1,6,4260,135821,123,55:00.0,7,17:00,184
7414379403,U,IB,1,1,500,119379,117,37:00.0,5,18:00,184
7414419939,U,CTY,1,2,422,HAEI23255,175,45:00.0,7,18:00,532
7414876026,U,CTY,1,1,350,126458,172,16:00.0,3,7:00,847
741487620X,U,CTY,1,1,769,211270,188,42:00.0,3,17:00,847
7414890876,U,IB,1,2,970,TTMS910575,151,29:00.0,3,21:00,847
7414890894,U,IB,1,1,374,TTMS910575,151,42:00.0,3,21:00,847
7414893974,U,CTY,1,1,423,133525,R214,45:00.0,1,19:00,847
7414893974,U,IB,1,1,423,133525,103,28:00.0,7,10:00,847
7414900217,U,CTY,1,1,198,140077,197,13:00.0,3,3:00,847
7414900464,U,CTY,1,1,820,126458,178,25:00.0,3,6:00,847
7414900464,U,CTY,1,1,820,126458,178,25:00.0,3,6:00,847
7414900987,U,IB,1,9,4320,137516,163,01:00.0,6,0:00,847
7414906624,U,CTY,1,3,1250,290910,195,31:00.0,5,10:00,847
7414906642,U,CTY,1,2,860,290910,195,43:00.0,5,10:00,847
7414906734,U,IB,1,4,3562,249192,135,06:00.0,2,6:00,847
7414909475,U,CTY,1,1,314,136271,172,40:00.0,1,15:00,847
7415015818,U,CTY,1,2,80,137462,188,40:00.0,6,15:00,878
7415021794,U,IB,1,2,330,140114,101,07:00.0,6,10:00,878
7415021886,U,OB,1,1,283,139634,86,17:00.0,2,9:00,878
7415022912,U,IB,1,1,543,261341,135,26:00.0,1,12:00,878
741502305X,U,OB,1,1,997,136623,88,30:00.0,3,20:00,878
7415023866,U,IB,1,1,228,137319,145,35:00.0,6,12:00,878
7415024059,U,IB,1,1,52,530697,131,15:00.0,4,12:00,878
7415024196,U,CTY,1,1,232,138292,195,48:00.0,4,17:00,878
741502481X,U,CTY,1,1,246,128398,173,47:00.0,5,13:00,878
7415025130,U,IB,1,1,129,139908,164,02:00.0,4,3:00,878
7415028807,U,IB,1,1,365,136322,164,43:00.0,4,6:00,878
7415034096,U,CTY,1,4,1168,291132,174,48:00.0,2,23:00,878
7415034738,U,IB,1,2,1550,139567,116,32:00.0,1,7:00,878
7415061100,U,CTY,1,1,145,136623,237,06:00.0,3,22:00,878
7415061100,U,OB,1,1,145,136623,88,43:00.0,3,20:00,878
7415061100,U,CTY,1,1,145,136623,235,09:00.0,4,1:00,878
7415061100,U,CTY,1,1,145,136623,235,09:00.0,4,1:00,878
7415061100,U,CTY,1,1,145,136623,233,20:00.0,4,21:00,878
741506111X,U,CTY,1,1,200,136623,231,29:00.0,3,21:00,878
741506111X,U,OB,1,1,200,136623,88,44:00.0,3,15:00,878
741506210X,U,CTY,1,2,448,139630,192,18:00.0,7,7:00,878
7415062191,U,OB,1,4,2400,127135,78,20:00.0,4,18:00,878
7415096383,U,OB,1,1,151,136623,88,00:00.0,3,20:00,878
7415097694,U,CTY,1,2,750,124021,210,13:00.0,3,8:00,878
7415097694,U,CTY,1,2,750,124021,172,54:00.0,3,3:00,878
741510654X,U,OB,1,1,1737,136623,88,49:00.0,3,20:00,878
7415106613,U,IB,1,1,1345,530697,131,13:00.0,4,16:00,878
7415145681,U,IB,1,2,2875,132147,129,43:00.0,4,15:00,878
7415145948,U,CTY,1,1,746,124021,172,46:00.0,3,4:00,878
7415181478,U,CTY,1,1,1920,136632,174,42:00.0,4,12:00,683
7415184448,U,CTY,1,1,110,135370,197,52:00.0,1,17:00,683
7415190020,U,IB,1,1,97,560027,103,42:00.0,1,18:00,683
7415190397,U,OB,1,1,780,530438,58,42:00.0,1,10:00,683
7415190626,U,OB,1,1,122,136318,69,44:00.0,3,18:00,683
7415195520,U,OB,1,1,144,211526,63,23:00.0,4,0:00,683
7415195520,U,OB,1,1,144,211526,54,12:00.0,4,1:00,683
7415198189,U,IB,1,1,148,123699,101,51:00.0,2,14:00,683
7415200342,U,OB,1,1,197,125306,31,53:00.0,6,6:00,683
7415205348,U,CTY,1,1,163,134389,187,00:00.0,5,17:00,683
7415205348,U,OB,1,1,163,134389,64,28:00.0,5,18:00,683
7415207438,U,OB,1,2,254,130450,76,24:00.0,1,12:00,683
741523249X,U,OB,1,4,5175,126947,53,13:00.0,5,12:00,683
7415232691,U,OB,1,2,1040,140179,49,05:00.0,4,10:00,683
7415232729,U,OB,1,2,2290,45562,31,48:00.0,5,5:00,683
7415237623,U,OB,1,1,1190,137647,55,49:00.0,6,4:00,683
7415254453,U,OB,1,1,108,128260,58,27:00.0,4,14:00,683
7415304494,U,OB,1,1,1200,137041,26,15:00.0,5,17:00,683
7415305576,U,OB,1,1,160,126947,53,28:00.0,5,11:00,683
7415395262,U,OB,1,5,519,126502,48,17:00.0,3,3:00,447
7415395271,U,OB,1,5,302,126502,48,15:00.0,3,3:00,447
7415395280,U,OB,1,5,651,126502,48,17:00.0,3,3:00,447
741539529X,U,OB,1,5,262,126502,48,10:00.0,3,3:00,447
7415395309,U,OB,1,5,395,126502,48,08:00.0,3,3:00,447
7415395318,U,OB,1,5,4080,135434,67,13:00.0,3,3:00,447
7415395318,U,OB,1,5,4080,135434,81,59:00.0,3,8:00,447
7415395327,U,OB,1,32,281,138316,78,47:00.0,5,8:00,447
7415395336,U,OB,1,1,321,R44790060,50,40:00.0,6,12:00,447
7415395345,U,OB,1,1,162,126502,48,22:00.0,3,2:00,447
7415395363,U,OB,1,24,211,121101,69,10:00.0,4,2:00,447
7415395381,U,OB,1,1,950,R447120863,75,50:00.0,5,14:00,447
7415395390,U,OB,1,4,2355,R447120863,75,44:00.0,5,14:00,447
741539540X,U,OB,1,1,432,R44790060,50,14:00.0,6,14:00,447
7415395419,U,OB,1,1,920,R44790060,50,14:00.0,6,13:00,447
7415404026,U,OB,1,1,800,125994,46,59:00.0,1,6:00,447
7415404044,U,IB,1,4,2955,842167,101,17:00.0,7,6:00,447
7415404053,U,OB,1,1,1530,125994,46,45:00.0,1,6:00,447
7415404062,U,IB,1,3,2796,132236,143,23:00.0,4,15:00,447
7415404062,U,OB,1,3,2796,132236,97,28:00.0,4,15:00,447
741540409X,U,OB,1,1,1400,132772,51,27:00.0,5,3:00,447
7415404109,U,IB,1,1,406,135952,103,11:00.0,6,18:00,447
7415404118,U,OB,1,1,319,126502,48,01:00.0,3,1:00,447
7415404127,U,OB,1,3,8175,121101,69,15:00.0,4,1:00,447
7415404145,U,OB,1,1,1894,138316,78,02:00.0,5,8:00,447
7415404154,U,OB,1,1,185,R44790060,50,17:00.0,6,9:00,447
7415404163,U,OB,1,1,1881,R44790060,50,19:00.0,6,10:00,447
7415404172,U,OB,1,4,700,R44790060,50,45:00.0,6,9:00,447
7415404181,U,OB,1,3,695,R44790060,50,35:00.0,6,11:00,447
7415404190,U,OB,1,1,1170,530636,75,11:00.0,6,16:00,447
741540420X,U,OB,1,3,735,R44790060,50,54:00.0,6,10:00,447
7415404769,U,IB,1,9,125,135952,103,41:00.0,6,21:00,447
7415404778,U,OB,1,9,125,137452,74,56:00.0,5,22:00,447
7415404787,U,OB,1,8,110,130864,53,03:00.0,7,12:00,447
7415404796,U,OB,1,2,41,130864,53,49:00.0,7,11:00,447
7415405290,U,OB,1,1,384,R44790060,50,36:00.0,6,10:00,447
7415409553,U,OB,1,1,486,430035,63,08:00.0,5,16:00,447
7415409562,U,OB,1,1,4741,430035,63,19:00.0,5,17:00,447
7415409580,U,CTY,1,11,7110,430035,211,08:00.0,6,8:00,447
741540959X,U,IB,1,1,590,430675,103,26:00.0,5,10:00,447
7415409618,U,OB,1,1,420,R44779962,72,05:00.0,4,0:00,447
7415409636,U,OB,1,1,577,R44779962,72,08:00.0,4,0:00,447
7415409645,U,OB,1,6,1215,118683,90,42:00.0,4,18:00,447
7415409654,U,OB,1,1,255,118683,90,53:00.0,4,18:00,447
7415409672,U,OB,1,6,1460,118683,90,03:00.0,4,19:00,447
7415409681,U,OB,1,2,186,R411587174,89,01:00.0,4,5:00,447
7415409690,U,OB,1,1,160,R411587174,89,01:00.0,4,4:00,447
741540970X,U,OB,1,1,150,R411587174,89,14:00.0,4,4:00,447
7415409719,U,OB,1,1,290,129533,52,36:00.0,7,4:00,447
7415409728,U,OB,1,1,135,129533,52,42:00.0,7,5:00,447
7415409737,U,OB,1,1,935,129533,52,01:00.0,7,6:00,447
7415409746,U,OB,1,1,365,129533,52,53:00.0,7,5:00,447
7415409755,U,OB,1,2,3575,430526,89,46:00.0,4,5:00,447
7415413266,U,OB,1,1,2292,130864,53,40:00.0,7,11:00,447
7415413284,U,OB,1,2,850,130864,53,09:00.0,7,11:00,447
7415420773,U,OB,1,2,555,430060,86,37:00.0,6,9:00,447
7415425485,U,OB,1,2,844,121528,46,16:00.0,6,13:00,447
7415425494,U,OB,1,1,492,135797,22,15:00.0,7,4:00,447
7415425530,U,OB,1,7,4500,R44779962,72,04:00.0,4,1:00,447
741542554X,U,OB,1,9,5973,430526,89,37:00.0,4,5:00,447
7415425559,U,OB,1,2,978,R44779962,72,45:00.0,4,0:00,447
7415435376,U,OB,1,14,16762,R42210422,22,38:00.0,3,12:00,447
7415435385,U,OB,1,4,3870,R42210422,22,28:00.0,3,11:00,447
7415435394,U,OB,1,10,16795,R42210422,22,14:00.0,3,14:00,447
7415435403,U,IB,1,3,5035,122670,123,47:00.0,4,15:00,447
7415435412,U,IB,1,3,4619,122670,123,36:00.0,4,15:00,447
7415435421,U,OB,1,3,4079,119426,63,43:00.0,5,3:00,447
7415435430,U,OB,1,4,3925,119426,63,39:00.0,5,3:00,447
741543544X,U,OB,1,4,6015,129533,52,20:00.0,7,5:00,447
7415435459,U,OB,1,3,5090,129533,52,41:00.0,7,6:00,447
7415435468,U,OB,1,11,12943,R411587174,89,37:00.0,4,8:00,447
7415435495,U,OB,1,4,3774,132772,51,06:00.0,5,5:00,447
7415435504,U,OB,1,16,15935,130624,53,55:00.0,1,12:00,447
7415435513,U,OB,1,10,13690,135434,67,23:00.0,3,3:00,447
7415435522,U,OB,1,2,2764,126502,48,33:00.0,3,2:00,447
7415435540,U,OB,1,5,5390,R44790060,50,39:00.0,6,11:00,447
7415557907,U,CTY,1,1,101,133387,195,37:00.0,4,17:00,347
7415558127,U,IB,1,2,38,202751,143,26:00.0,7,14:00,347
7415558823,U,IB,1,2,200,131306,151,10:00.0,4,21:00,347
7415652837,U,IB,1,2,1200,139923,112,02:00.0,5,6:00,149
7415659354,U,IB,1,1,889,134111,141,50:00.0,4,19:00,809
741566743X,U,IB,1,1,350,131118,164,12:00.0,4,0:00,809
7415667467,U,IB,1,1,51,134145,151,24:00.0,2,7:00,809
7415674680,U,CTY,1,1,129,129553,168,16:00.0,2,14:00,809
7415674754,U,CTY,1,1,122,134433,235,21:00.0,3,21:00,809
7415674754,U,CTY,1,1,122,134433,169,34:00.0,2,21:00,809
7415678898,U,IB,1,2,1480,127444,164,47:00.0,4,20:00,809
7415684434,U,CTY,1,2,440,135317,187,09:00.0,5,20:00,809
7415693023,U,CTY,1,1,236,136270,197,47:00.0,1,6:00,809
7415693023,U,CTY,1,1,236,136270,203,34:00.0,1,20:00,809
7415693142,U,IB,1,1,310,126033,152,53:00.0,5,11:00,809
7415693775,U,IB,1,5,3950,126033,152,36:00.0,5,11:00,809
7415693820,U,IB,1,1,296,130587,117,34:00.0,2,7:00,809
7415694399,U,IB,1,1,300,130990,164,11:00.0,1,13:00,809
741569823X,U,CTY,1,1,165,119931,175,26:00.0,2,19:00,809
7415712915,U,IB,1,8,15405,136567,117,34:00.0,4,13:00,809
7415714271,U,IB,1,1,85,126033,152,56:00.0,5,11:00,809
7415715748,U,IB,1,1,444,131974,158,38:00.0,5,4:00,809
7415715867,U,IB,1,1,180,137528,127,46:00.0,3,10:00,809
7415715876,U,IB,1,1,400,137528,127,59:00.0,3,11:00,809
7415728021,U,CTY,1,1,210,135317,187,13:00.0,5,20:00,809
7415741010,U,CTY,1,1,71,135923,173,42:00.0,1,10:00,809
7415741048,U,IB,1,1,80,132669,164,48:00.0,3,15:00,809
7415741048,U,CTY,1,1,80,132669,231,07:00.0,4,22:00,809
7415741048,U,CTY,1,1,80,132669,238,30:00.0,4,22:00,809
7415741120,U,IB,1,1,65,130990,164,08:00.0,1,13:00,809
7415743046,U,IB,1,1,70,131923,129,00:00.0,7,4:00,809
7415785818,U,IB,1,1,553,280977,133,43:00.0,3,2:00,244
7415785827,U,IB,1,1,553,280977,133,46:00.0,3,2:00,244
7415785854,U,IB,1,1,428,123259,129,43:00.0,3,9:00,244
7415785872,U,IB,1,1,401,123259,129,07:00.0,3,8:00,244
7415785881,U,IB,1,1,58,123259,129,02:00.0,3,8:00,244
7415785919,U,IB,1,1,118,131079,143,07:00.0,4,7:00,244
7415785955,U,IB,1,1,44,131079,143,44:00.0,4,6:00,244
7415785964,U,IB,1,1,44,131079,143,41:00.0,4,6:00,244
7415785973,U,IB,1,1,683,211331,164,37:00.0,4,13:00,244
7415786157,U,IB,1,1,549,132073,127,58:00.0,7,19:00,244
7415786249,U,IB,1,1,110,261060,163,12:00.0,7,6:00,244
7415786321,U,IB,1,1,549,277828,164,28:00.0,3,5:00,244
7415786368,U,IB,1,1,62,277828,164,37:00.0,3,5:00,244
7415786377,U,IB,1,1,58,277828,164,32:00.0,3,4:00,244
7415786395,U,IB,1,1,683,277828,164,32:00.0,3,5:00,244
7415786487,U,IB,1,3,1647,277828,164,29:00.0,3,4:00,244
7415786579,U,IB,1,1,180,136412,123,27:00.0,4,3:00,244
7415786725,U,CTY,1,3,1347,139819,194,54:00.0,5,17:00,244
7415786752,U,CTY,1,1,549,139819,194,46:00.0,5,17:00,244
741578678X,U,IB,1,2,748,136938,141,58:00.0,3,15:00,244
7415786963,U,IB,1,1,154,126748,163,47:00.0,2,19:00,244
7415787046,U,IB,1,2,1092,131265,111,17:00.0,5,20:00,244
7415787055,U,IB,1,1,683,131265,111,06:00.0,5,20:00,244
7415787064,U,IB,1,1,196,131874,141,18:00.0,5,14:00,244
741578711X,U,IB,1,1,62,131874,141,27:00.0,5,13:00,244
7415787210,U,CTY,1,1,58,135747,197,38:00.0,7,8:00,244
7415787421,U,IB,1,1,62,124340,112,42:00.0,4,7:00,244
7415816169,U,IB,1,1,210,430951,129,33:00.0,4,21:00,246
7415816196,U,IB,1,1,288,126282,113,09:00.0,5,22:00,246
7415865806,U,IB,1,1,29,131304,101,13:00.0,1,3:00,617
7415865925,U,OB,1,1,62,131304,25,43:00.0,1,6:00,617
7415865925,U,IB,1,1,62,131304,101,07:00.0,1,1:00,617
741586884X,U,IB,1,2,533,131304,101,15:00.0,1,1:00,617
7415868996,U,OB,1,1,175,249173,51,52:00.0,4,12:00,617
7415869014,U,OB,1,5,253,249173,51,37:00.0,4,13:00,617
7415869326,U,IB,1,1,350,118703,114,14:00.0,3,16:00,617
7415869335,U,IB,1,1,300,118703,114,04:00.0,3,16:00,617
7415869362,U,IB,1,1,64,118703,114,59:00.0,3,15:00,617
741586950X,U,CTY,1,6,1395,132813,189,37:00.0,4,12:00,617
741586950X,U,CTY,1,6,1395,132813,182,54:00.0,4,12:00,617
7415869537,U,OB,1,2,73,249317,84,09:00.0,6,4:00,617
7415869555,U,OB,1,1,62,249317,84,08:00.0,6,6:00,617
7415869564,U,OB,1,2,788,125485,75,47:00.0,6,2:00,617
7415869573,U,OB,1,2,977,125485,75,05:00.0,6,3:00,617
7415869591,U,OB,1,1,150,249317,84,06:00.0,6,6:00,617
7415869600,U,OB,1,1,471,249317,84,56:00.0,6,5:00,617
741586961X,U,OB,1,3,1121,249317,84,06:00.0,6,5:00,617
7415869701,U,IB,1,1,199,202399,103,50:00.0,7,12:00,617
7415869710,U,IB,1,1,313,202399,103,37:00.0,7,12:00,617
741586972X,U,IB,1,1,61,202399,103,24:00.0,7,11:00,617
7415869775,U,IB,1,1,169,130805,113,34:00.0,1,1:00,617
7415869784,U,OB,1,1,68,249173,51,16:00.0,4,13:00,617
7415869793,U,OB,1,6,167,249173,51,11:00.0,4,10:00,617
741586983X,U,OB,1,1,83,249173,51,01:00.0,4,11:00,617
7415869867,U,OB,1,1,239,249173,51,17:00.0,4,11:00,617
7415869876,U,OB,1,1,284,249173,51,00:00.0,4,11:00,617
7415869894,U,OB,1,1,278,137377,72,44:00.0,4,13:00,617
7415870031,U,OB,1,1,68,131717,51,48:00.0,3,15:00,617
741587016X,U,IB,1,1,39,202399,103,08:00.0,7,12:00,617
7415880362,U,IB,1,4,360,131304,101,50:00.0,1,3:00,617
7415880371,U,IB,1,1,90,131304,101,01:00.0,1,0:00,617
7415880380,U,IB,1,1,90,131304,101,55:00.0,1,3:00,617
7415880436,U,IB,1,1,90,131304,101,21:00.0,1,3:00,617
7415880481,U,OB,1,2,180,131717,51,17:00.0,3,16:00,617
7415882169,U,OB,1,1,253,261005,90,49:00.0,6,2:00,617
7415882214,U,IB,1,3,43,135473,116,32:00.0,6,1:00,617
7415882250,U,CTY,1,1,256,128595,175,20:00.0,5,13:00,617
7415898568,U,OB,1,1,90,134879,73,17:00.0,4,14:00,617
7415898604,U,OB,1,1,90,134879,73,59:00.0,4,13:00,617
7415898613,U,OB,1,1,90,134879,73,04:00.0,4,14:00,617
741589865X,U,IB,1,1,90,135473,116,03:00.0,5,21:00,617
7415898732,U,OB,1,2,225,123435,88,32:00.0,7,12:00,617
7415898779,U,OB,1,1,90,123435,88,16:00.0,7,12:00,617
7415898788,U,OB,1,1,90,123435,88,10:00.0,7,12:00,617
741590316X,U,IB,1,1,90,135473,116,10:00.0,5,22:00,617
7415903179,U,IB,1,1,90,135473,116,08:00.0,5,21:00,617
7415903215,U,OB,1,1,90,261005,90,36:00.0,6,2:00,617
7415903224,U,CTY,1,1,90,128595,175,15:00.0,5,13:00,617
7415903242,U,IB,1,1,90,135473,116,48:00.0,5,19:00,617
7415903251,U,IB,1,1,90,135473,116,54:00.0,5,19:00,617
7415903462,U,IB,1,2,95,530184,101,42:00.0,7,20:00,617
7415903581,U,OB,1,1,90,211327,73,43:00.0,1,19:00,617
741590360X,U,OB,1,1,90,211327,73,39:00.0,1,19:00,617
7415903628,U,OB,1,1,90,211327,73,24:00.0,1,20:00,617
7415903637,U,OB,1,4,360,211327,73,28:00.0,1,20:00,617
7415903673,U,OB,1,2,220,128618,90,55:00.0,3,13:00,617
7415903691,U,OB,1,1,90,132358,84,44:00.0,3,18:00,617
7415903700,U,OB,1,3,270,132358,84,41:00.0,3,18:00,617
7415903700,U,CTY,1,3,270,132358,190,46:00.0,3,18:00,617
741590371X,U,OB,1,1,90,132358,84,03:00.0,3,19:00,617
7415903756,U,OB,1,1,90,132358,84,42:00.0,3,18:00,617
741590382X,U,OB,1,1,90,559726,43,19:00.0,4,10:00,617
7415903839,U,OB,1,1,90,559726,43,13:00.0,4,10:00,617
7415903848,U,OB,1,2,240,559726,43,10:00.0,4,10:00,617
7415903866,U,OB,1,1,90,559726,43,48:00.0,4,9:00,617
7415903875,U,OB,1,1,90,559726,43,45:00.0,4,10:00,617
7415903884,U,OB,1,1,90,559726,43,03:00.0,4,10:00,617
7415903893,U,OB,1,1,90,559726,43,33:00.0,4,9:00,617
7415903958,U,OB,1,1,90,119361,90,05:00.0,5,19:00,617
7415903967,U,OB,1,1,90,119361,90,53:00.0,5,18:00,617
7415903985,U,OB,1,1,90,136322,40,38:00.0,1,2:00,617
7415904021,U,IB,1,1,90,125912,105,17:00.0,6,14:00,617
7415904086,U,OB,1,1,90,123204,96,04:00.0,6,11:00,617
741590415X,U,IB,1,1,90,125912,105,45:00.0,6,15:00,617
7415904187,U,OB,1,1,90,123204,96,36:00.0,6,11:00,617
7415904196,U,IB,1,1,90,125912,105,25:00.0,6,14:00,617
7415904324,U,IB,1,1,90,122285,101,45:00.0,1,19:00,617
7415904351,U,IB,1,1,90,122285,101,38:00.0,1,19:00,617
7415904452,U,OB,1,1,90,138855,88,05:00.0,3,13:00,617
7415904461,U,OB,1,1,90,138855,88,28:00.0,3,13:00,617
741590448X,U,OB,1,1,90,138855,88,09:00.0,3,13:00,617
7415904517,U,OB,1,1,90,138855,88,43:00.0,3,13:00,617
7415904535,U,OB,1,1,90,133643,89,13:00.0,3,19:00,617
7415904553,U,OB,1,1,90,133643,89,17:00.0,3,20:00,617
7415904580,U,OB,1,1,90,134115,90,33:00.0,4,12:00,617
7415904609,U,OB,1,1,90,134115,90,53:00.0,4,12:00,617
7415904618,U,OB,1,2,180,134115,90,26:00.0,4,14:00,617
7415904627,U,OB,1,1,90,134115,90,47:00.0,4,12:00,617
7415904645,U,OB,1,1,90,134115,90,42:00.0,4,12:00,617
7415904746,U,IB,1,1,90,211017,111,44:00.0,6,7:00,617
7415904791,U,CTY,1,1,90,211017,208,02:00.0,6,8:00,617
7415904791,U,CTY,1,1,90,211017,208,02:00.0,6,8:00,617
741590481X,U,IB,1,1,90,211017,111,51:00.0,6,7:00,617
7415904901,U,OB,1,1,90,123498,90,53:00.0,7,8:00,617
7415904910,U,OB,1,2,180,123123,75,48:00.0,7,10:00,617
7415904948,U,OB,1,1,90,123123,75,31:00.0,7,10:00,617
7415904957,U,OB,1,1,90,123123,75,51:00.0,7,10:00,617
7415904966,U,OB,1,1,90,123498,90,13:00.0,7,9:00,617
7415904975,U,OB,1,1,90,123498,90,08:00.0,7,9:00,617
7415904975,U,OB,1,1,90,123498,97,09:00.0,7,9:00,617
7415905058,U,OB,1,1,90,138030,49,57:00.0,2,14:00,617
7415905094,U,OB,1,1,90,121819,90,50:00.0,1,10:00,617
7415905103,U,OB,1,1,90,121819,90,46:00.0,1,10:00,617
741590514X,U,OB,1,1,90,138030,49,32:00.0,2,15:00,617
7415905168,U,OB,1,1,90,138030,49,06:00.0,2,15:00,617
7415905177,U,OB,1,2,180,138030,49,29:00.0,2,15:00,617
7415905186,U,OB,1,1,90,138030,49,22:00.0,2,15:00,617
7415905195,U,OB,1,1,90,138030,49,47:00.0,2,14:00,617
7415905204,U,OB,1,1,90,138030,49,19:00.0,2,15:00,617
741590525X,U,OB,1,1,90,127977,95,28:00.0,3,13:00,617
7415906039,U,OB,1,2,180,131717,51,26:00.0,3,16:00,617
7415906075,U,OB,1,1,90,131717,51,11:00.0,3,15:00,617
7415906176,U,OB,1,3,270,137377,72,37:00.0,4,12:00,617
7415906203,U,OB,1,1,90,125677,66,37:00.0,4,10:00,617
7415906212,U,IB,1,1,90,137377,106,25:00.0,4,16:00,617
7415906212,U,OB,1,1,90,137377,72,28:00.0,4,12:00,617
7415906304,U,IB,1,1,90,202399,103,41:00.0,7,12:00,617
7415906405,U,IB,1,2,180,130805,113,04:00.0,7,20:00,617
7415966034,U,OB,1,2,132,125485,75,19:00.0,6,4:00,617
7415966052,U,IB,1,1,867,130805,113,54:00.0,7,19:00,617
7415966108,U,OB,1,1,727,559726,43,19:00.0,4,9:00,617
7415966117,U,OB,1,1,10,559726,43,54:00.0,4,12:00,617
7415966135,U,OB,1,1,15,290592,90,42:00.0,6,11:00,617
7415966180,U,OB,1,5,982,133643,89,51:00.0,3,20:00,617
7415966209,U,IB,1,1,180,211017,111,34:00.0,6,9:00,617
7415966263,U,IB,1,1,213,124118,101,39:00.0,1,22:00,617
7415966272,U,IB,1,1,219,124118,101,16:00.0,1,22:00,617
7415966328,U,IB,1,2,890,135473,116,21:00.0,5,22:00,617
7415966400,U,IB,1,1,1565,249339,104,04:00.0,6,20:00,617
7415967143,U,OB,1,6,21,290592,90,57:00.0,6,17:00,617
741596718X,U,IB,1,1,205,125912,105,43:00.0,6,12:00,617
7415967978,U,OB,1,4,1130,134115,90,08:00.0,4,12:00,617
741596872X,U,IB,1,3,1695,249339,104,01:00.0,7,0:00,617
7415969260,U,OB,1,4,3215,126263,86,22:00.0,7,17:00,617
7415973321,U,OB,1,1,868,138030,49,44:00.0,2,13:00,617
741597334X,U,IB,1,1,2495,249339,104,03:00.0,6,22:00,617
7415988712,U,IB,1,15,5518,530184,101,08:00.0,7,11:00,617
741599160X,U,OB,1,1,288,125429,90,43:00.0,4,6:00,617
7415991893,U,IB,1,1,210,131304,101,38:00.0,1,0:00,617
7415991902,U,IB,1,3,42,131304,101,26:00.0,1,1:00,617
7415991967,U,IB,1,1,60,131304,101,18:00.0,1,3:00,617
7415991994,U,IB,1,1,53,131304,101,12:00.0,1,1:00,617
7415997723,U,OB,1,6,906,134879,73,40:00.0,4,15:00,617
7415997732,U,OB,1,6,882,134879,73,12:00.0,4,15:00,617
7416011574,U,OB,1,2,1100,133643,89,20:00.0,3,19:00,617
7416011913,U,OB,1,1,269,132715,16,48:00.0,6,15:00,617
7416011913,U,OB,1,1,269,132715,49,40:00.0,6,12:00,617
7416026855,U,CTY,1,1,414,121161,193,37:00.0,1,21:00,617
7416026855,U,CTY,1,1,414,121161,193,37:00.0,1,21:00,617
7416026891,U,IB,1,1,559,129710,137,04:00.0,1,15:00,617
7416026891,U,OB,1,1,559,129710,95,07:00.0,7,21:00,617
7416035480,U,OB,1,3,433,137377,72,01:00.0,4,14:00,617
7416035518,U,OB,1,2,1465,128618,90,47:00.0,3,12:00,617
7416062284,U,IB,1,1,1565,135322,117,30:00.0,1,8:00,243
7416062349,U,IB,1,4,730,136348,150,49:00.0,7,21:00,243
7416087281,U,OB,1,2,2125,291194,90,17:00.0,6,14:00,243
7416087346,U,IB,1,7,1464,211023,111,12:00.0,1,16:00,243
7416087400,U,IB,1,5,897,138604,104,13:00.0,4,21:00,243
7416087510,U,IB,1,1,1060,138925,105,38:00.0,6,12:00,243
7416099601,U,OB,1,4,7200,249339,96,47:00.0,3,21:00,243
7416099610,U,IB,1,3,5400,131719,104,58:00.0,4,12:00,243
7416117210,U,IB,1,4,1650,133043,149,35:00.0,6,22:00,352
7416139192,U,IB,1,8,3264,136097,149,07:00.0,7,8:00,352
7416139248,U,CTY,1,24,1992,127610,214,38:00.0,3,11:00,352
7416144959,U,IB,1,1,174,128320,151,22:00.0,2,19:00,352
7416144968,U,IB,1,3,1848,127872,135,04:00.0,1,19:00,352
7416145765,U,CTY,1,1,155,132816,195,12:00.0,1,17:00,352
7416148158,U,CTY,1,2,1465,127688,191,18:00.0,6,11:00,352
7416148158,U,CTY,1,2,1465,127688,174,17:00.0,6,11:00,352
7416163989,U,CTY,1,7,2533,127356,191,43:00.0,3,12:00,352
7416163989,U,CTY,1,7,2533,127356,191,43:00.0,3,12:00,352
7416164658,U,IB,1,3,621,135194,145,42:00.0,7,6:00,352
7416165051,U,CTY,1,3,665,135108,187,25:00.0,6,1:00,352
7416165089,U,IB,1,3,609,127821,158,50:00.0,6,1:00,352
7416165116,U,CTY,1,1,1119,135108,187,56:00.0,6,0:00,352
7416165116,U,IB,1,1,1119,135108,161,11:00.0,6,6:00,352
7416165152,U,IB,1,3,739,127821,158,41:00.0,6,1:00,352
741616529X,U,CTY,1,3,855,133160,188,38:00.0,4,4:00,352
7416165309,U,CTY,1,2,449,131157,169,28:00.0,4,18:00,352
7416165318,U,CTY,1,2,565,133160,188,48:00.0,4,4:00,352
7416165428,U,CTY,1,3,722,136280,197,27:00.0,4,7:00,352
7416165437,U,CTY,1,3,933,131157,169,12:00.0,4,17:00,352
7416165464,U,IB,1,3,731,127821,158,54:00.0,6,0:00,352
7416165491,U,IB,1,6,1199,127821,158,07:00.0,6,1:00,352
7416166151,U,IB,1,6,2545,126855,143,03:00.0,7,15:00,352
7416166225,U,IB,1,1,382,122611,143,05:00.0,4,23:00,352
7416167224,U,IB,1,9,2820,136097,149,57:00.0,7,8:00,352
7416167224,U,CTY,1,9,2820,136097,222,59:00.0,7,17:00,352
7416172540,U,IB,1,1,93,135237,164,57:00.0,2,1:00,352
7416271724,U,IB,1,1,149,131494,152,04:00.0,5,16:00,367
7416276784,U,CTY,1,1,142,136280,197,44:00.0,4,9:00,367
7416276995,U,CTY,1,1,446,128437,188,31:00.0,7,20:00,367
7416279305,U,IB,1,1,510,353244,149,46:00.0,1,9:00,367
7416279424,U,CTY,1,1,230,136417,175,36:00.0,5,13:00,367
7416279718,U,IB,1,2,2103,134958,149,48:00.0,1,15:00,367
7416279727,U,IB,1,2,520,353244,149,02:00.0,1,8:00,367
7416304349,U,IB,1,1,194,132751,149,37:00.0,7,22:00,367
7416304358,U,CTY,1,1,940,131940,186,17:00.0,6,2:00,367
7416304358,U,CTY,1,1,940,131940,186,17:00.0,6,2:00,367
7416315861,U,CTY,1,3,1554,134604,168,22:00.0,4,14:00,343
7416316155,U,CTY,1,1,505,261071,176,49:00.0,7,6:00,343
7416389323,U,OB,1,1,55,132433,38,18:00.0,3,22:00,138
7416389424,U,CTY,1,10,350,200701,192,24:00.0,4,18:00,138
7416389451,U,CTY,1,6,330,261005,197,55:00.0,5,11:00,138
7416389947,U,CTY,1,10,400,135608,188,45:00.0,5,19:00,138
7416390001,U,IB,1,1,55,CVEN45559,151,06:00.0,6,6:00,138
7416390120,U,IB,1,13,715,CVEN45559,151,27:00.0,6,5:00,138
7416390322,U,CTY,1,12,480,137505,192,57:00.0,7,0:00,138
7416391166,U,CTY,1,35,1925,CVEN44786,168,51:00.0,1,21:00,138
7416391817,U,CTY,1,3,126,CVEN46008,173,50:00.0,7,7:00,138
7416432957,U,IB,1,1,90,121487,164,21:00.0,7,15:00,303
7416595335,U,IB,1,1,200,139791,158,19:00.0,4,21:00,303
741662663X,U,CTY,1,1,240,130451,194,04:00.0,6,17:00,303
7416626649,U,CTY,1,1,240,130451,194,00:00.0,6,17:00,303
7416632854,U,CTY,1,2,221,131209,197,13:00.0,6,16:00,303
7416671794,U,IB,1,1,179,125564,141,44:00.0,7,0:00,123
7416671987,U,IB,1,1,694,138549,141,19:00.0,5,11:00,123
7416694912,U,CTY,1,1,623,128211,196,25:00.0,5,5:00,123
7416714429,U,CTY,1,1,725,132650,196,37:00.0,6,15:00,123
7416714685,U,IB,1,1,380,128799,116,52:00.0,6,3:00,123
7416721184,U,CTY,1,1,80,131824,189,51:00.0,2,8:00,123
7416733248,U,IB,1,2,1634,132582,123,54:00.0,1,6:00,521
7416763388,U,IB,1,1,243,131375,117,28:00.0,6,14:00,123
7416774085,U,CTY,1,1,540,133626,192,06:00.0,6,18:00,123
7416784681,U,CTY,1,2,2183,131824,189,01:00.0,2,9:00,123
7416784719,U,CTY,1,1,819,132650,196,24:00.0,6,16:00,123
7416817690,U,CTY,1,1,689,126885,205,45:00.0,2,23:00,123
7416817773,U,CTY,1,1,333,140393,172,28:00.0,5,6:00,123
7416817773,U,CTY,1,1,333,140393,235,07:00.0,5,22:00,123
7416824034,U,IB,1,3,3759,559726,101,58:00.0,6,21:00,422
7416824034,U,OB,1,3,3759,559726,30,59:00.0,6,21:00,422
7416824043,U,OB,1,1,158,903983,32,30:00.0,6,1:00,422
7416824052,U,OB,1,1,1533,559726,30,44:00.0,6,21:00,422
7416824052,U,OB,1,1,1533,559726,30,44:00.0,6,21:00,422
7416824061,U,OB,1,1,772,559726,30,44:00.0,6,21:00,422
7416824061,U,OB,1,1,772,559726,30,44:00.0,6,21:00,422
741682408X,U,OB,1,1,1142,842029,43,46:00.0,3,23:00,422
7416824108,U,OB,1,1,582,111483,69,58:00.0,4,20:00,422
7416824117,U,OB,1,1,452,559414,51,36:00.0,5,21:00,422
7416824126,U,OB,1,1,752,559414,51,33:00.0,5,21:00,422
7416824135,U,OB,1,1,496,559046,76,36:00.0,2,22:00,422
7416824144,U,OB,1,1,225,559046,76,33:00.0,2,22:00,422
7416824153,U,OB,1,5,4722,559046,76,22:00.0,2,22:00,422
7416824162,U,OB,1,1,562,559046,76,24:00.0,2,22:00,422
7416824180,U,OB,1,1,1140,89542,58,07:00.0,3,23:00,422
741682419X,U,OB,1,1,152,89542,58,20:00.0,3,23:00,422
7416824227,U,OB,1,1,222,559935,63,33:00.0,4,22:00,422
7416824236,U,OB,1,1,1098,559935,63,35:00.0,4,22:00,422
7416824245,U,OB,1,3,1847,559935,63,31:00.0,4,22:00,422
7416824254,U,IB,1,1,201,559935,105,48:00.0,5,21:00,422
7416824263,U,IB,1,1,589,559935,105,43:00.0,5,21:00,422
7416826032,U,CTY,1,3,3570,559414,N   ,03:00.0,6,17:00,422
7416826050,U,OB,1,3,2435,842029,43,23:00.0,4,0:00,422
741682606X,U,OB,1,10,11568,842029,43,24:00.0,4,0:00,422
7416826097,U,OB,1,3,2540,111483,69,09:00.0,4,22:00,422
7416826106,U,OB,1,6,12480,111483,69,29:00.0,4,21:00,422
7416826115,U,OB,1,3,5368,111483,69,36:00.0,4,21:00,422
7416826124,U,OB,1,2,2580,111483,69,31:00.0,4,21:00,422
7416826133,U,OB,1,3,3570,111483,69,23:00.0,4,22:00,422
7416826142,U,OB,1,3,5744,559414,51,55:00.0,5,22:00,422
7416826151,U,OB,1,1,1190,111483,69,27:00.0,4,22:00,422
7416826160,U,OB,1,1,576,559414,51,52:00.0,5,22:00,422
741682617X,U,OB,1,3,4090,559414,51,49:00.0,5,22:00,422
7416826189,U,OB,1,1,840,559414,51,20:00.0,5,22:00,422
7416826198,U,OB,1,1,285,559414,51,47:00.0,5,22:00,422
7416826207,U,OB,1,1,32,559414,51,43:00.0,5,22:00,422
7416826216,U,OB,1,2,2288,559414,51,39:00.0,5,22:00,422
7416826234,U,OB,1,1,495,390047,63,54:00.0,7,9:00,422
7416826243,U,OB,1,3,1500,390047,63,40:00.0,7,9:00,422
7416826261,U,OB,1,1,2130,353225,76,48:00.0,2,21:00,422
7416844788,U,OB,1,1,761,410224,43,26:00.0,6,19:00,422
7416844797,U,OB,1,4,875,505669,43,08:00.0,7,6:00,422
7416844806,U,OB,1,3,1145,505669,43,46:00.0,7,4:00,422
7416844824,U,OB,1,2,1121,505669,43,20:00.0,7,5:00,422
7416844842,U,OB,1,1,146,410224,43,34:00.0,6,18:00,422
7416844851,U,OB,1,3,858,505669,43,02:00.0,7,6:00,422
741684487X,U,OB,1,1,120,410224,43,31:00.0,6,18:00,422
7416844907,U,OB,1,2,1299,505669,43,04:00.0,7,3:00,422
7416844916,U,OB,1,3,1994,505669,43,33:00.0,7,4:00,422
7416844925,U,OB,1,3,1419,505669,43,42:00.0,7,5:00,422
7416844934,U,OB,1,3,1312,505669,43,51:00.0,7,2:00,422
7416844943,U,OB,1,2,805,505669,43,32:00.0,7,2:00,422
7416844952,U,OB,1,2,775,505669,86,12:00.0,7,11:00,422
7416844952,U,OB,1,2,775,505669,43,21:00.0,7,2:00,422
7416845017,U,OB,1,1,709,505669,43,48:00.0,7,5:00,422
7416845044,U,OB,1,4,4884,410224,43,47:00.0,6,19:00,422
7416845053,U,OB,1,1,600,410224,43,57:00.0,6,18:00,422
7416845062,U,OB,1,1,1000,410224,43,46:00.0,6,18:00,422
7416845080,U,OB,1,1,1376,410224,43,50:00.0,6,18:00,422
741684509X,U,OB,1,2,850,410224,43,39:00.0,6,18:00,422
7416845109,U,OB,1,1,185,505669,43,45:00.0,7,5:00,422
7416845118,U,OB,1,1,145,410224,43,28:00.0,6,18:00,422
7416850288,U,OB,1,1,104,113909,46,18:00.0,4,2:00,422
7416850297,U,OB,1,1,82,558481,46,13:00.0,3,18:00,422
7416850306,U,OB,1,1,53,113909,46,42:00.0,3,23:00,422
7416850324,U,OB,1,1,122,113909,46,21:00.0,4,2:00,422
7416850333,U,OB,1,1,81,111483,39,10:00.0,6,1:00,422
7416850342,U,OB,1,1,170,842274,60,57:00.0,6,22:00,422
7416850351,U,OB,1,1,121,842274,60,27:00.0,6,23:00,422
7416850360,U,OB,1,1,122,111483,39,37:00.0,6,0:00,422
741685037X,U,OB,1,1,122,842274,60,36:00.0,6,22:00,422
7416850389,U,IB,1,1,122,97063,113,59:00.0,3,12:00,422
7416850398,U,IB,1,1,122,97063,113,20:00.0,3,13:00,422
7416850407,U,CTY,1,1,236,97063,P   ,02:00.0,4,4:00,422
7416850407,U,IB,1,1,236,97063,113,17:00.0,3,13:00,422
7416850416,U,IB,1,1,86,97063,113,02:00.0,3,13:00,422
7416850425,U,IB,1,1,100,97063,113,47:00.0,3,11:00,422
7416850434,U,IB,1,1,215,97063,113,36:00.0,3,11:00,422
7416850443,U,IB,1,1,150,97063,113,42:00.0,3,11:00,422
7416850452,U,IB,1,1,285,97063,113,38:00.0,3,11:00,422
7416850461,U,OB,1,1,118,506945,60,24:00.0,3,20:00,422
7416850461,U,IB,1,1,118,506945,106,49:00.0,4,5:00,422
7416850470,U,OB,1,1,86,506945,60,26:00.0,3,20:00,422
741685048X,U,IB,1,1,345,97063,113,52:00.0,3,11:00,422
7416850499,U,OB,1,1,122,57002,67,06:00.0,4,2:00,422
7416850508,U,OB,1,1,126,57002,67,07:00.0,4,1:00,422
7416850544,U,OB,1,1,62,561048,26,11:00.0,4,21:00,422
7416856347,U,OB,1,1,46,842193,66,23:00.0,5,0:00,422
7416856356,U,IB,1,5,10400,559026,123,38:00.0,5,22:00,422
7416856365,U,OB,1,3,5235,830887,73,55:00.0,5,0:00,422
7416856374,U,OB,1,1,1200,830887,73,12:00.0,5,2:00,422
7416856383,U,OB,1,8,2866,97063,73,39:00.0,4,2:00,422
7416856392,U,OB,1,2,323,97063,73,44:00.0,4,2:00,422
7416856401,U,OB,1,5,1814,97063,73,05:00.0,4,3:00,422
7416856410,U,OB,1,1,1108,97063,73,08:00.0,4,3:00,422
741685642X,U,OB,1,5,1770,97063,73,22:00.0,4,3:00,422
7416856439,U,OB,1,2,558,97063,73,35:00.0,4,3:00,422
7416856448,U,OB,1,2,573,97063,73,40:00.0,4,3:00,422
7416863964,U,OB,1,2,1290,821149,58,46:00.0,5,20:00,422
7416863973,U,OB,1,1,2990,821149,58,58:00.0,5,20:00,422
7416863982,U,CTY,1,1,340,842029,223,02:00.0,5,9:00,422
7416863982,U,OB,1,1,340,842029,73,30:00.0,4,22:00,422
7416863991,U,OB,1,1,340,842029,73,30:00.0,4,22:00,422
7416863991,U,IB,1,1,340,842029,120,02:00.0,5,9:00,422
7416864000,U,OB,1,1,450,559046,67,18:00.0,7,1:00,422
741686401X,U,OB,1,1,340,559046,67,27:00.0,7,1:00,422
7416864029,U,OB,1,7,6300,559046,67,07:00.0,7,2:00,422
7416869666,U,OB,1,2,1300,842872,72,52:00.0,6,18:00,422
7416869996,U,IB,1,3,1610,842193,101,55:00.0,2,21:00,422
7416870023,U,OB,1,2,1229,730114,86,43:00.0,7,3:00,422
741687853X,U,OB,1,1,703,89542,88,27:00.0,4,20:00,422
7416895002,U,OB,1,3,1544,97664,55,51:00.0,4,2:00,422
7416895011,U,OB,1,1,294,53343,55,21:00.0,3,22:00,422
7416895020,U,OB,1,1,621,53343,55,59:00.0,3,21:00,422
7416908478,U,IB,1,7,16120,530751,111,07:00.0,4,0:00,422
7416908478,U,OB,1,7,16120,530751,46,03:00.0,3,21:00,422
7416908487,U,OB,1,2,370,559026,78,46:00.0,6,20:00,422
7416908496,U,OB,1,2,1120,559026,78,41:00.0,6,20:00,422
7416908505,U,OB,1,1,375,559026,78,44:00.0,6,20:00,422
7416908523,U,OB,1,3,4350,530504,48,22:00.0,2,21:00,422
7416909935,U,CTY,1,3,1400,82703,220,19:00.0,5,20:00,422
7416909944,U,OB,1,1,480,842100,95,34:00.0,6,22:00,422
7416909953,U,OB,1,3,1910,842100,95,33:00.0,6,22:00,422
7416909962,U,OB,1,1,680,842100,95,37:00.0,6,22:00,422
7416909971,U,OB,1,2,720,599375,66,51:00.0,3,19:00,422
7416909980,U,CTY,1,3,1910,82703,214,36:00.0,5,18:00,422
741690999X,U,CTY,1,1,220,82703,214,19:00.0,5,18:00,422
7416910009,U,CTY,1,1,120,82703,214,48:00.0,5,18:00,422
7416910018,U,OB,1,1,270,57017,96,28:00.0,6,19:00,422
7416910027,U,OB,1,2,1110,57017,96,32:00.0,6,19:00,422
7416910036,U,OB,1,2,1160,57017,96,26:00.0,6,19:00,422
7416910045,U,OB,1,3,1580,558258,66,11:00.0,5,21:00,422
7416910054,U,OB,1,2,1620,560345,60,42:00.0,6,19:00,422
7416910063,U,OB,1,3,1430,560345,60,40:00.0,6,19:00,422
7416910072,U,OB,1,1,330,560345,81,47:00.0,7,7:00,422
7416910072,U,OB,1,1,330,560345,60,42:00.0,6,19:00,422
7416910081,U,OB,1,3,1730,312365,81,13:00.0,5,19:00,422
7416910081,U,OB,1,3,1730,312365,76,11:00.0,5,19:00,422
7416910090,U,OB,1,1,260,842029,90,15:00.0,6,18:00,422
741691010X,U,OB,1,2,1240,842029,90,13:00.0,6,18:00,422
7416910119,U,OB,1,3,1330,842029,90,20:00.0,6,18:00,422
7416921898,U,OB,1,2,654,821190,74,29:00.0,5,22:00,422
7416953605,U,OB,1,1,240,530683,31,07:00.0,2,17:00,422
7416953614,U,OB,1,1,185,530683,31,10:00.0,2,17:00,422
7416957767,U,OB,1,2,722,558470,89,50:00.0,5,21:00,422
7416957776,U,CTY,1,4,720,559026,N14 ,28:00.0,4,22:00,422
7416963936,U,OB,1,4,1750,559046,72,02:00.0,5,21:00,422
7416963963,U,OB,1,6,2950,558194,66,19:00.0,5,21:00,422
741703220X,U,CTY,1,1,240,139814,168,52:00.0,5,0:00,177
7417065356,U,CTY,1,1,1605,138282,169,48:00.0,2,20:00,177
7417087897,U,CTY,1,2,250,CVEN44708,194,14:00.0,1,20:00,177
7417087906,U,CTY,1,1,575,CVEN44708,194,53:00.0,1,19:00,177
7417090041,U,IB,1,5,450,CVEN44986,103,12:00.0,7,8:00,177
7417090050,U,IB,1,5,450,CVEN44986,103,12:00.0,7,8:00,177
7417102132,U,CTY,1,1,675,138251,197,40:00.0,5,11:00,177
7417116937,U,CTY,1,2,560,131810,175,29:00.0,3,11:00,177
7417116964,U,OB,1,2,1476,CVEN44635,95,22:00.0,4,21:00,177
7417148965,U,CTY,1,3,6205,261005,197,19:00.0,5,12:00,135
7417181754,U,IB,1,1,334,CVEN44339,112,40:00.0,5,16:00,135
7417191452,U,CTY,1,2,1243,131838,196,51:00.0,4,9:00,135
7417288225,U,IB,1,1,1465,135907,113,58:00.0,5,18:00,890
7417288234,U,IB,1,1,565,134353,113,43:00.0,7,7:00,890
7417332793,U,IB,1,1,650,137436,119,04:00.0,6,16:00,890
7417332793,U,OB,1,1,650,137436,97,05:00.0,6,16:00,890
7417375208,U,CTY,1,1,2200,133371,189,07:00.0,3,13:00,881
7417381359,U,IB,1,1,950,136038,141,20:00.0,1,8:00,881
7417382248,U,CTY,1,1,330,133233,174,06:00.0,1,3:00,881
7417387683,U,CTY,1,10,16100,133730,189,13:00.0,1,13:00,881
7417387692,U,CTY,1,6,9020,530691,195,13:00.0,3,18:00,881
7417387701,U,IB,1,7,11330,133283,164,50:00.0,6,7:00,881
741738772X,U,IB,1,8,13460,119695,158,43:00.0,3,9:00,881
7417387739,U,CTY,1,6,9780,530752,173,34:00.0,5,16:00,881
7417411425,U,CTY,1,1,909,278466,173,12:00.0,3,12:00,881
7417411499,U,IB,1,1,80,137494,141,25:00.0,3,7:00,881
7417436294,U,IB,1,2,849,117815,135,00:00.0,5,8:00,890
7417436386,U,IB,1,2,635,261091,151,32:00.0,6,0:00,890
7417436395,U,IB,1,3,1306,261091,151,12:00.0,6,0:00,890
7417436413,U,IB,1,2,694,261091,151,23:00.0,6,0:00,890
7417436514,U,CTY,1,2,632,127051,182,26:00.0,3,7:00,890
7417436514,U,IB,1,2,632,127051,116,35:00.0,3,4:00,890
7417436541,U,IB,1,1,459,530697,121,51:00.0,4,12:00,890
7417436541,U,IB,1,1,459,530697,121,51:00.0,4,12:00,890
7417436597,U,IB,1,2,827,137913,135,49:00.0,7,7:00,890
7417436606,U,IB,1,2,665,137913,135,00:00.0,7,8:00,890
7417436633,U,IB,1,1,266,137913,135,19:00.0,7,8:00,890
7417436707,U,IB,1,5,1947,135962,145,16:00.0,6,13:00,890
7417436761,U,IB,1,3,1488,127051,116,16:00.0,3,4:00,890
7417436770,U,IB,1,2,639,134978,117,40:00.0,2,14:00,890
7417437459,U,OB,1,7,4173,136639,78,28:00.0,1,8:00,890
7417442858,U,IB,1,2,363,131651,141,38:00.0,1,11:00,890
7417442885,U,IB,1,2,928,134519,163,07:00.0,2,19:00,890
7417455333,U,IB,1,1,533,133396,129,31:00.0,2,15:00,890
7417461796,U,IB,1,1,346,137467,117,40:00.0,7,23:00,890
7417464674,U,IB,1,8,7600,135924,145,22:00.0,2,17:00,890
7417577350,U,CTY,1,1,479,129628,194,05:00.0,4,9:00,343
7417577489,U,CTY,1,1,380,129628,194,17:00.0,4,10:00,343
7417577763,U,CTY,1,1,206,131551,196,30:00.0,5,3:00,343
7417577828,U,CTY,1,1,302,131551,196,22:00.0,5,3:00,343
741757824X,U,CTY,1,1,209,140013,169,34:00.0,6,7:00,343
741757835X,U,CTY,1,1,402,140013,169,41:00.0,6,7:00,343
7417578616,U,CTY,1,1,319,127679,175,02:00.0,5,18:00,343
7417578744,U,IB,1,1,319,127369,149,58:00.0,7,3:00,343
741757890X,U,IB,1,1,358,127369,149,22:00.0,7,1:00,343
7417578937,U,IB,1,1,216,127369,149,25:00.0,7,2:00,343
741757923X,U,IB,1,1,216,290302,163,45:00.0,1,1:00,343
741757945X,U,CTY,1,1,187,125831,169,08:00.0,4,15:00,343
7417579487,U,IB,1,1,147,126443,145,38:00.0,4,0:00,343
7417579496,U,CTY,1,2,644,125831,169,34:00.0,4,14:00,343
741758000X,U,IB,1,1,196,125732,125,09:00.0,6,20:00,343
7417580861,U,IB,1,2,1113,138216,163,22:00.0,1,16:00,343
7417581036,U,CTY,1,1,545,R621153063,195,52:00.0,3,7:00,343
7417581411,U,IB,1,1,375,136592,141,25:00.0,4,21:00,343
7417582686,U,IB,1,1,147,127837,152,57:00.0,7,18:00,343
7417671941,U,CTY,1,7,6403,127154,196,18:00.0,3,22:00,261
7417671950,U,CTY,1,2,1337,121384,188,26:00.0,4,3:00,261
741767196X,U,CTY,1,1,922,121384,188,29:00.0,4,3:00,261
7417671979,U,CTY,1,6,6149,136624,168,26:00.0,4,3:00,261
7417671988,U,IB,1,3,3935,135451,151,56:00.0,5,19:00,261
7417671997,U,CTY,1,8,3770,130594,195,47:00.0,3,22:00,261
7417693539,U,CTY,1,14,3080,127154,196,36:00.0,3,22:00,261
7417693813,U,CTY,1,12,2640,138184,169,18:00.0,4,4:00,261
7417716208,U,IB,1,2,2265,135451,151,18:00.0,5,20:00,261
7417716271,U,IB,1,2,540,131798,145,12:00.0,5,19:00,261
7417804996,U,IB,1,6,405,HAEI26012,158,33:00.0,6,22:00,581
7417811156,U,IB,1,1,1567,430569,127,12:00.0,1,7:00,581
7418023822,U,OB,1,1,115,125429,90,51:00.0,4,7:00,688
7418023840,U,OB,1,1,107,559414,96,10:00.0,1,13:00,688
7418023923,U,CTY,1,1,107,127229,175,09:00.0,7,13:00,688
7418027470,U,IB,1,5,1330,134981,103,04:00.0,2,23:00,688
7418027470,U,OB,1,5,1330,134981,97,05:00.0,2,23:00,688
7418032732,U,CTY,1,1,1915,559536,210,12:00.0,3,8:00,688
7418032732,U,OB,1,1,1915,559536,74,00:00.0,3,1:00,688
741803276X,U,CTY,1,1,265,118647,175,30:00.0,1,8:00,688
7418033502,U,CTY,1,2,1060,133733,188,05:00.0,5,16:00,688
7418035464,U,CTY,1,1,243,136717,188,04:00.0,5,12:00,688
7418040340,U,CTY,1,2,4400,129628,195,07:00.0,7,16:00,688
7418040396,U,IB,1,2,1015,132136,113,20:00.0,2,3:00,688
7418066722,U,OB,1,2,2070,123032,74,56:00.0,1,8:00,266
7418066731,U,OB,1,1,668,123032,74,36:00.0,1,8:00,266
7418068199,U,IB,1,2,1560,131553,108,33:00.0,2,21:00,266
7418068199,U,IB,1,2,1560,131553,117,15:00.0,2,17:00,266
7418068271,U,IB,1,2,1195,130591,101,24:00.0,5,20:00,266
7418075944,U,OB,1,2,2050,123032,74,46:00.0,1,7:00,266
7418076027,U,IB,1,5,3220,137678,104,34:00.0,6,0:00,266
7418087714,U,CTY,1,2,2110,127543,196,21:00.0,1,16:00,266
7418087732,U,IB,1,1,2065,130591,101,56:00.0,5,19:00,266
7418087779,U,IB,1,2,2165,132653,131,35:00.0,6,4:00,266
7418267436,U,CTY,1,1,244,134642,176,56:00.0,6,17:00,851
7418304598,U,CTY,1,4,7460,132139,233,28:00.0,2,21:00,851
741835682X,U,OB,1,1,334,125291,68,34:00.0,2,20:00,851
741835682X,U,CTY,1,1,334,125291,197,56:00.0,2,10:00,851
7418356839,U,OB,1,1,340,291220,63,30:00.0,2,18:00,851
7418358864,U,IB,1,1,322,131183,143,52:00.0,5,16:00,851
7418359158,U,OB,1,1,98,128751,32,19:00.0,3,14:00,851
7418359212,U,OB,1,1,98,128751,32,23:00.0,3,14:00,851
7418359313,U,CTY,1,1,182,125994,196,16:00.0,5,14:00,851
7418369828,U,CTY,1,1,611,127762,195,42:00.0,3,10:00,851
7418369837,U,IB,1,3,2429,128053,112,33:00.0,2,20:00,851
7418369846,U,IB,1,4,2937,128053,112,33:00.0,2,20:00,851
7418369873,U,IB,1,1,349,133806,129,26:00.0,3,7:00,851
7418370479,U,CTY,1,1,766,127762,195,13:00.0,3,10:00,851
7418370497,U,IB,1,5,3040,128053,112,33:00.0,2,20:00,851
7418375171,U,OB,1,3,1954,137360,86,30:00.0,2,0:00,851
7418375236,U,IB,1,1,755,133806,129,52:00.0,3,7:00,851
7418376170,U,CTY,1,1,483,125994,196,07:00.0,5,16:00,851
7418376208,U,IB,1,2,916,140274,163,04:00.0,3,9:00,851
7418376226,U,CTY,1,7,5565,127762,195,02:00.0,3,10:00,851
7418475574,U,IB,1,1,110,128076,163,21:00.0,2,22:00,272
7418475648,U,CTY,1,1,445,45495,237,54:00.0,4,18:00,272
7418475648,U,IB,1,1,445,45495,145,07:00.0,4,17:00,272
7418475648,U,CTY,1,1,445,45495,235,19:00.0,5,22:00,272
7418475830,U,IB,1,1,196,132523,158,33:00.0,6,10:00,272
7418580734,U,OB,1,2,275,128238,26,15:00.0,6,6:00,730
7418581742,U,OB,1,1,165,130580,63,13:00.0,6,17:00,730
7418581760,U,OB,1,1,120,135152,38,48:00.0,5,3:00,730
7418582687,U,OB,1,1,698,137607,32,38:00.0,7,20:00,730
7418591936,U,OB,1,3,698,290405,18,04:00.0,6,15:00,730
7418595355,U,OB,1,2,400,291139,14,11:00.0,4,13:00,730
741859563X,U,OB,1,1,339,127521,50,32:00.0,4,18:00,730
741859563X,U,OB,1,1,339,127521,34,40:00.0,4,18:00,730
7418595658,U,OB,1,1,205,139464,31,42:00.0,6,13:00,730
7418599764,U,OB,1,1,159,130830,40,27:00.0,6,18:00,730
7418606290,U,OB,1,1,183,139464,31,18:00.0,6,13:00,730
741860630X,U,OB,1,1,320,134175,48,59:00.0,5,1:00,730
741860630X,U,OB,1,1,320,134175,20,11:00.0,5,12:00,730
7418608647,U,OB,1,1,743,131934,31,56:00.0,2,2:00,730
7418608647,U,OB,1,1,743,131934,34,01:00.0,2,10:00,730
7418608656,U,OB,1,1,364,138890,49,26:00.0,6,16:00,730
7418615604,U,OB,1,1,790,134984,26,26:00.0,5,10:00,730
7418615631,U,OB,1,1,413,138725,48,06:00.0,7,22:00,730
7418633873,U,OB,1,1,880,140179,49,46:00.0,4,10:00,730
7418656286,U,OB,1,1,1253,128131,51,16:00.0,2,13:00,730
7418657743,U,OB,1,1,237,135146,67,03:00.0,7,18:00,730
7418671026,U,IB,1,1,420,132785,127,55:00.0,1,15:00,356
7418681586,U,IB,1,4,3480,124078,116,30:00.0,4,10:00,356
7418681889,U,CTY,1,8,2890,202196,192,24:00.0,2,15:00,356
7418697040,U,CTY,1,3,6024,131745,188,21:00.0,6,21:00,356
741869892X,U,CTY,1,2,685,133757,225,11:00.0,5,13:00,356
7418698957,U,CTY,1,1,200,T402217967,187,31:00.0,4,21:00,356
7418704960,U,CTY,1,1,302,121231,231,11:00.0,4,21:00,356
7418704960,U,IB,1,1,302,121231,149,26:00.0,4,15:00,356
741870497X,U,IB,1,2,720,132785,127,44:00.0,1,15:00,356
741891254X,U,OB,1,2,870,129751,63,01:00.0,7,17:00,688
7418930727,U,IB,1,4,1820,128743,127,33:00.0,5,7:00,688
7418930727,U,CTY,1,4,1820,128743,207,40:00.0,6,17:00,688
7418930974,U,IB,1,1,680,122636,163,57:00.0,2,11:00,688
7418931441,U,IB,1,1,44,118550,129,36:00.0,7,19:00,688
7418931973,U,IB,1,1,44,136584,163,40:00.0,4,10:00,688
7418933899,U,IB,1,1,1000,136611,149,28:00.0,7,12:00,688
7418937969,U,IB,1,1,311,132136,113,50:00.0,2,2:00,688
7418941424,U,CTY,1,1,254,125243,P   ,52:00.0,7,16:00,688
7418941424,U,CTY,1,1,254,125243,194,27:00.0,7,8:00,688
7418947997,U,IB,1,1,320,261214,125,38:00.0,6,8:00,688
7418948024,U,CTY,1,1,1875,129628,195,49:00.0,7,4:00,688
7418958391,U,OB,1,1,425,125429,65,54:00.0,4,9:00,688
7418958391,U,OB,1,1,425,125429,65,54:00.0,4,9:00,688
7418958438,U,IB,1,2,825,124338,105,17:00.0,4,12:00,688
7418972875,U,CTY,1,2,774,129848,194,44:00.0,5,21:00,688
7418985819,U,CTY,1,2,947,127229,175,31:00.0,7,12:00,688
7418985855,U,OB,1,2,765,138316,53,36:00.0,2,17:00,688
7419015739,U,CTY,1,1,905,261315,174,55:00.0,3,9:00,315
7419015748,U,CTY,1,1,850,131541,194,40:00.0,4,1:00,315
7419029323,U,CTY,1,2,3034,PASC533243,168,11:00.0,7,7:00,315
7419096167,U,IB,1,6,3564,290415,149,33:00.0,3,18:00,315
7419096185,U,OB,1,1,320,132233,88,39:00.0,1,6:00,315
7419096230,U,IB,1,1,259,PASC33311,145,45:00.0,4,3:00,315
7419116901,U,OB,1,1,270,132233,88,42:00.0,1,6:00,315
7419116948,U,IB,1,1,540,290415,149,20:00.0,3,18:00,315
7419127250,U,CTY,1,1,1360,PASC533243,173,57:00.0,4,7:00,315
7419129194,U,IB,1,1,2210,139566,133,15:00.0,7,10:00,315
7419172112,U,CTY,1,1,117,127296,175,09:00.0,4,13:00,315
7419217479,U,IB,1,1,190,290769,129,56:00.0,6,8:00,511
7419217479,U,CTY,1,1,190,290769,191,01:00.0,6,9:00,511
7419235811,U,IB,1,1,260,CVEN44168,116,37:00.0,7,3:00,152
7419267666,U,IB,1,1,469,137393,164,46:00.0,5,20:00,160
7419297238,U,IB,1,1,440,127866,135,24:00.0,5,1:00,160
741935375X,U,CTY,1,2,195,130954,188,08:00.0,6,7:00,160
7419354539,U,IB,1,1,120,130935,143,47:00.0,1,6:00,160
7419362293,U,CTY,1,1,650,138558,173,30:00.0,4,1:00,160
7419365052,U,CTY,1,1,890,124322,192,58:00.0,7,6:00,160
7419365052,U,CTY,1,1,890,124322,218,05:00.0,7,18:00,160
7419365611,U,IB,1,1,1985,135523,117,03:00.0,5,9:00,160
7419365712,U,CTY,1,1,25,138704,192,25:00.0,2,18:00,160
7419371322,U,IB,1,3,510,140037,112,33:00.0,3,10:00,160
7419376979,U,CTY,1,1,864,125169,175,42:00.0,2,17:00,160
7419397219,U,IB,1,1,330,130935,143,44:00.0,1,6:00,160
7419400079,U,IB,1,1,1283,126120,164,14:00.0,4,18:00,160
7419426661,U,IB,1,1,160,139690,114,29:00.0,1,11:00,268
7419454830,U,CTY,1,6,7835,290014,174,47:00.0,6,15:00,268
7419455802,U,IB,1,1,601,129829,125,14:00.0,6,3:00,268
7419481818,U,IB,1,1,320,137393,164,54:00.0,5,23:00,268
7419481854,U,CTY,1,2,345,45300,168,57:00.0,4,20:00,268
7419481919,U,CTY,1,2,635,130954,188,59:00.0,6,5:00,268
7419481991,U,IB,1,1,195,130935,143,36:00.0,1,6:00,268
7419487098,U,IB,1,2,3578,137072,101,04:00.0,5,22:00,268
7419487116,U,IB,1,1,586,279969,141,18:00.0,1,5:00,268
7419488142,U,IB,1,1,333,136874,143,46:00.0,3,20:00,268
7419488151,U,IB,1,7,8485,131696,131,06:00.0,7,9:00,268
7419488160,U,IB,1,6,7135,279969,141,57:00.0,1,7:00,268
7419488362,U,CTY,1,1,575,125499,187,14:00.0,4,16:00,268
7431023148,U,OB,1,3,715,124470,96,29:00.0,1,10:00,243
7431023157,U,OB,1,3,721,124470,96,47:00.0,1,10:00,243
7431023166,U,OB,1,2,558,124470,96,20:00.0,1,10:00,243
7431023377,U,IB,1,1,50,131719,104,22:00.0,4,3:00,243
7431023386,U,CTY,1,5,1484,249121,189,51:00.0,3,22:00,243
7431023395,U,IB,1,1,154,137893,125,58:00.0,3,21:00,243
7431023404,U,IB,1,1,150,137893,125,17:00.0,3,22:00,243
743102345X,U,IB,1,1,186,137893,125,50:00.0,3,21:00,243
7431023478,U,CTY,1,1,203,249121,189,53:00.0,3,21:00,243
7431023478,U,CTY,1,1,203,249121,177,58:00.0,4,5:00,243
7431023487,U,IB,1,1,44,137893,125,28:00.0,3,21:00,243
7431023496,U,IB,1,1,63,131719,104,40:00.0,4,3:00,243
7431023523,U,IB,1,1,45,131719,104,18:00.0,4,3:00,243
7431023579,U,IB,1,1,173,125671,117,05:00.0,4,21:00,243
7431023597,U,IB,1,1,44,125671,117,42:00.0,4,21:00,243
7431023633,U,IB,1,1,24,125671,117,40:00.0,4,21:00,243
7431023642,U,OB,1,1,156,291194,90,20:00.0,6,13:00,243
7431023660,U,IB,1,2,663,125671,117,34:00.0,4,21:00,243
743102367X,U,IB,1,1,120,125671,117,16:00.0,4,21:00,243
7431023689,U,OB,1,1,24,291194,90,51:00.0,6,12:00,243
7431023743,U,OB,1,1,84,291194,90,44:00.0,6,12:00,243
7431023752,U,OB,1,4,347,291194,90,53:00.0,6,13:00,243
7431023761,U,OB,1,6,1620,291194,90,11:00.0,6,14:00,243
7431023770,U,OB,1,1,54,291194,90,16:00.0,6,13:00,243
743102378X,U,OB,1,1,131,291194,90,00:00.0,6,13:00,243
7431023799,U,OB,1,1,134,291194,90,56:00.0,6,12:00,243
7431023808,U,OB,1,1,410,124581,96,35:00.0,6,8:00,243
7431023817,U,OB,1,1,290,124581,96,22:00.0,6,8:00,243
7431023835,U,OB,1,2,394,291194,90,03:00.0,6,13:00,243
7431023844,U,IB,1,1,44,128425,131,27:00.0,7,0:00,243
7431023871,U,IB,1,1,200,128425,131,45:00.0,6,22:00,243
7431023871,U,CTY,1,1,200,128425,231,02:00.0,3,1:00,243
7431023871,U,CTY,1,1,200,128425,233,09:00.0,2,21:00,243
7431023880,U,CTY,1,6,1650,128425,210,23:00.0,2,9:00,243
7431023880,U,IB,1,6,1650,128425,131,58:00.0,7,0:00,243
7431023909,U,IB,1,3,930,128425,131,25:00.0,7,0:00,243
7431023981,U,IB,1,1,76,128425,131,32:00.0,7,0:00,243
7431023990,U,IB,1,1,142,128425,131,47:00.0,6,23:00,243
7431024037,U,IB,1,1,15,128425,131,40:00.0,7,0:00,243
7431024064,U,CTY,1,1,112,128425,210,23:00.0,2,9:00,243
7431024091,U,CTY,1,1,107,211023,K   ,04:00.0,1,7:00,243
7431024138,U,CTY,1,1,121,211023,K   ,59:00.0,1,6:00,243
7431024156,U,IB,1,1,289,211023,111,01:00.0,1,16:00,243
7431024174,U,CTY,1,1,133,211023,K   ,30:00.0,1,6:00,243
7431024183,U,IB,1,1,285,211023,111,00:00.0,1,16:00,243
7431024201,U,IB,1,1,305,140311,125,20:00.0,4,0:00,243
7431024210,U,IB,1,1,125,140311,125,26:00.0,3,22:00,243
743102422X,U,IB,1,1,95,140311,125,17:00.0,4,0:00,243
7431024311,U,IB,1,1,80,140311,125,42:00.0,3,22:00,243
7431024320,U,IB,1,1,215,140311,125,57:00.0,3,22:00,243
7431024385,U,IB,1,1,120,140311,125,46:00.0,3,22:00,243
7431024403,U,IB,1,1,70,140311,125,30:00.0,3,22:00,243
7431024421,U,CTY,1,2,510,133598,181,28:00.0,1,10:00,243
7431024421,U,CTY,1,2,510,133598,173,25:00.0,1,10:00,243
7431024459,U,CTY,1,1,116,133598,173,56:00.0,1,8:00,243
7431024522,U,IB,1,1,260,138604,104,23:00.0,4,19:00,243
743102455X,U,IB,1,1,225,138604,104,37:00.0,4,19:00,243
7431024614,U,IB,1,1,142,133216,114,16:00.0,6,3:00,243
7431024650,U,IB,1,2,370,125833,145,51:00.0,6,21:00,243
743102466X,U,CTY,1,1,200,125587,173,25:00.0,1,6:00,243
743102466X,U,OB,1,1,200,125587,88,23:00.0,6,1:00,243
743102466X,U,CTY,1,1,200,125587,181,26:00.0,1,6:00,243
7431024688,U,IB,1,1,15,133216,114,40:00.0,6,3:00,243
7431024697,U,IB,1,3,710,125833,145,58:00.0,6,21:00,243
7431024706,U,IB,1,2,609,133216,114,56:00.0,6,3:00,243
7431024733,U,IB,1,1,30,133216,114,36:00.0,6,3:00,243
7431024917,U,IB,1,1,310,138531,129,50:00.0,7,22:00,243
7431024917,U,OB,1,1,310,138531,97,51:00.0,7,22:00,243
7431024962,U,IB,1,1,40,125833,145,05:00.0,6,22:00,243
743102499X,U,IB,1,1,146,135322,117,48:00.0,1,6:00,243
7431025018,U,OB,1,1,162,138531,98,07:00.0,7,22:00,243
7431025018,U,OB,1,1,162,138531,98,07:00.0,7,22:00,243
7431025036,U,IB,1,1,84,135322,117,23:00.0,1,6:00,243
7431025054,U,IB,1,1,132,135322,117,21:00.0,1,8:00,243
7431025063,U,IB,1,1,142,125833,145,41:00.0,6,21:00,243
7431025072,U,IB,1,1,106,125833,145,38:00.0,6,21:00,243
7431025081,U,IB,1,1,141,125833,145,26:00.0,6,21:00,243
7431025090,U,CTY,1,1,148,138531,198,52:00.0,7,21:00,243
7431025090,U,CTY,1,1,148,138531,198,52:00.0,7,21:00,243
743102510X,U,CTY,1,1,83,137463,195,42:00.0,4,6:00,243
743102510X,U,CTY,1,1,83,137463,220,32:00.0,4,7:00,243
7431025119,U,CTY,1,5,1455,137463,195,25:00.0,4,9:00,243
7431025119,U,CTY,1,5,1455,137463,R5  ,32:00.0,5,6:00,243
7431025128,U,CTY,1,1,115,137463,195,10:00.0,4,7:00,243
7431025137,U,CTY,1,1,131,137463,195,40:00.0,4,6:00,243
7431025164,U,CTY,1,6,1685,137463,195,02:00.0,4,9:00,243
7431025182,U,IB,1,4,1331,138531,129,29:00.0,7,21:00,243
743102521X,U,CTY,1,1,84,137463,195,21:00.0,4,9:00,243
7431025229,U,IB,1,1,120,138531,129,48:00.0,7,21:00,243
7431025238,U,IB,1,1,24,135615,111,32:00.0,4,9:00,243
7431025238,U,IB,1,1,24,135615,104,11:00.0,4,5:00,243
7431025247,U,IB,1,1,124,135615,104,48:00.0,4,2:00,243
7431025256,U,IB,1,1,184,135615,104,21:00.0,4,2:00,243
7431025265,U,IB,1,1,145,135615,104,46:00.0,4,2:00,243
7431025283,U,IB,1,1,204,135615,104,37:00.0,4,3:00,243
7431025301,U,IB,1,1,126,135615,104,20:00.0,4,4:00,243
7431025310,U,IB,1,1,84,135615,104,48:00.0,4,3:00,243
7431025348,U,IB,1,1,507,135615,104,15:00.0,4,6:00,243
7431025357,U,IB,1,1,24,135615,104,14:00.0,4,5:00,243
7431025366,U,IB,1,1,105,135615,104,14:00.0,4,2:00,243
7431025375,U,IB,1,1,220,135615,104,40:00.0,4,3:00,243
7431025384,U,IB,1,1,44,135615,104,45:00.0,4,3:00,243
7431025393,U,IB,1,2,738,135615,104,04:00.0,4,5:00,243
7431025402,U,IB,1,1,24,135615,104,09:00.0,4,5:00,243
7431025420,U,OB,1,1,202,129190,86,52:00.0,5,2:00,243
743102543X,U,IB,1,1,44,131477,143,25:00.0,4,21:00,243
7431025485,U,IB,1,1,145,131477,143,15:00.0,4,22:00,243
7431025494,U,IB,1,1,69,131477,143,18:00.0,4,22:00,243
7431025503,U,IB,1,1,5,131477,143,47:00.0,4,21:00,243
7431025521,U,IB,1,1,40,131477,143,09:00.0,4,21:00,243
743102554X,U,IB,1,1,94,131477,143,25:00.0,4,22:00,243
7431025559,U,OB,1,1,84,129190,86,06:00.0,5,2:00,243
7431025577,U,IB,1,1,102,131477,143,29:00.0,4,22:00,243
7431025586,U,IB,1,1,24,131477,143,48:00.0,4,21:00,243
7431025595,U,IB,1,1,131,131477,143,58:00.0,4,21:00,243
7431025604,U,IB,1,1,36,131477,143,51:00.0,4,21:00,243
7431025613,U,IB,1,1,45,131477,143,19:00.0,4,21:00,243
7431025622,U,OB,1,1,83,129190,86,33:00.0,5,2:00,243
7431025631,U,IB,1,1,122,131477,143,48:00.0,4,22:00,243
7431025640,U,IB,1,1,214,131477,143,42:00.0,4,22:00,243
7431025705,U,IB,1,1,40,136348,150,46:00.0,7,20:00,243
7431025723,U,IB,1,1,136,R6213954,135,18:00.0,3,5:00,243
7431025741,U,IB,1,1,594,R6213954,135,47:00.0,3,4:00,243
743102576X,U,IB,1,1,24,136348,150,45:00.0,7,20:00,243
7431025779,U,IB,1,1,242,R6213954,135,25:00.0,3,4:00,243
7431025788,U,IB,1,1,108,R6213954,135,04:00.0,3,5:00,243
7431025806,U,IB,1,1,195,R6213954,135,39:00.0,3,4:00,243
7431025842,U,IB,1,1,148,R6213954,135,30:00.0,3,4:00,243
7431025851,U,IB,1,1,205,R6213954,135,58:00.0,3,3:00,243
743102587X,U,IB,1,1,202,R6213954,135,20:00.0,3,4:00,243
7431025889,U,IB,1,1,167,R6213954,135,54:00.0,3,3:00,243
7431025898,U,IB,1,1,35,R6213954,135,54:00.0,3,4:00,243
7431025907,U,IB,1,1,52,R6213954,135,55:00.0,3,4:00,243
7431025934,U,IB,1,1,73,137095,117,01:00.0,4,4:00,243
7431025952,U,IB,1,1,210,137095,117,06:00.0,4,4:00,243
7431025961,U,IB,1,2,527,137095,117,50:00.0,4,3:00,243
7431025970,U,IB,1,1,240,137095,117,46:00.0,4,2:00,243
7431025999,U,IB,1,1,105,137095,117,30:00.0,4,3:00,243
7431026008,U,IB,1,1,154,137095,117,50:00.0,4,2:00,243
7431026017,U,IB,1,1,105,137095,117,25:00.0,4,1:00,243
7431026035,U,IB,1,1,201,137095,117,13:00.0,4,2:00,243
7431026044,U,IB,1,1,201,137095,117,01:00.0,4,2:00,243
7431026053,U,CTY,1,1,40,133744,232,37:00.0,4,22:00,243
7431026053,U,CTY,1,1,40,133744,194,36:00.0,4,22:00,243
7431026080,U,IB,1,1,181,137095,117,59:00.0,4,2:00,243
7431026109,U,IB,1,1,197,137095,117,38:00.0,4,3:00,243
7431026163,U,IB,1,1,257,137095,117,04:00.0,4,3:00,243
7431026237,U,CTY,1,1,35,133744,194,56:00.0,4,20:00,243
7431026246,U,CTY,1,1,226,121486,192,02:00.0,5,7:00,243
7431026273,U,CTY,1,1,102,121486,192,46:00.0,5,6:00,243
7431026282,U,CTY,1,1,141,121486,192,05:00.0,5,7:00,243
7431026291,U,CTY,1,1,206,121486,192,50:00.0,5,6:00,243
7431026300,U,CTY,1,1,197,121486,192,53:00.0,5,6:00,243
743102631X,U,CTY,1,1,108,133744,194,24:00.0,4,20:00,243
7431026329,U,CTY,1,1,116,121486,192,41:00.0,5,6:00,243
7431026338,U,CTY,1,1,250,121486,192,26:00.0,5,6:00,243
7431026347,U,CTY,1,1,35,133744,194,53:00.0,4,20:00,243
7431026365,U,CTY,1,1,213,133744,194,32:00.0,4,20:00,243
7431026383,U,CTY,1,1,569,121486,192,19:00.0,5,6:00,243
7431026401,U,CTY,1,1,353,121486,192,36:00.0,5,4:00,243
743102642X,U,CTY,1,1,96,121486,192,54:00.0,5,3:00,243
7431026448,U,CTY,1,1,197,121486,192,08:00.0,5,2:00,243
7431026457,U,CTY,1,1,195,121486,192,51:00.0,5,2:00,243
7431026475,U,CTY,1,1,61,121486,192,55:00.0,5,2:00,243
7431026502,U,CTY,1,1,206,126990,188,14:00.0,7,1:00,243
7431026511,U,CTY,1,1,30,126990,188,08:00.0,7,0:00,243
7431026520,U,CTY,1,1,60,126990,188,35:00.0,7,0:00,243
743102653X,U,CTY,1,1,118,126990,188,54:00.0,7,1:00,243
7431026558,U,CTY,1,1,40,126990,188,19:00.0,7,0:00,243
7431026585,U,CTY,1,1,50,126990,188,32:00.0,7,0:00,243
7431026594,U,CTY,1,1,50,126990,188,23:00.0,7,0:00,243
7431026630,U,CTY,1,1,206,126990,188,48:00.0,7,2:00,243
743102664X,U,CTY,1,1,119,126990,188,50:00.0,7,2:00,243
7431026686,U,CTY,1,1,726,126990,R4  ,30:00.0,7,5:00,243
7431026686,U,CTY,1,1,726,126990,188,43:00.0,7,0:00,243
7431026704,U,CTY,1,1,203,126990,188,17:00.0,7,4:00,243
7431026731,U,CTY,1,1,80,126990,188,00:00.0,7,3:00,243
7431026740,U,CTY,1,1,170,126990,188,13:00.0,7,4:00,243
743102675X,U,CTY,1,1,145,126990,188,11:00.0,7,5:00,243
7431026814,U,CTY,1,1,88,126990,188,50:00.0,7,4:00,243
7431026832,U,CTY,1,1,45,126990,188,45:00.0,7,4:00,243
7431088845,U,CTY,1,2,5203,134562,207,47:00.0,6,6:00,155
7431088845,U,CTY,1,2,5203,134562,192,35:00.0,5,10:00,155
7431147576,U,CTY,1,1,600,133417,187,57:00.0,1,22:00,155
7431148016,U,CTY,1,1,838,126791,196,55:00.0,5,1:00,155
7431228215,U,CTY,1,1,254,249345,197,40:00.0,7,20:00,155
7431244028,U,CTY,1,1,20,135321,194,20:00.0,7,14:00,155
7431244028,U,CTY,1,1,20,135321,205,34:00.0,1,7:00,155
7431249270,U,CTY,1,2,425,430926,205,33:00.0,2,12:00,155
7431278559,U,IB,1,1,120,140260,149,43:00.0,6,12:00,155
7431278678,U,CTY,1,1,62,128691,196,26:00.0,2,18:00,155
7431309734,U,CTY,1,1,9,123790,169,39:00.0,2,4:00,830
7431319405,U,CTY,1,1,321,290332,192,13:00.0,7,16:00,813
7431327352,U,IB,1,1,303,134287,158,57:00.0,2,10:00,813
7431337472,U,CTY,1,1,1943,140231,189,52:00.0,5,2:00,813
7431337472,U,IB,1,1,1943,140231,119,47:00.0,5,4:00,813
7431337472,U,IB,1,1,1943,140231,121,08:00.0,5,6:00,813
7431337674,U,CTY,1,1,56,136270,197,04:00.0,1,9:00,813
7431337692,U,CTY,1,6,5040,136270,197,14:00.0,1,8:00,813
743133772X,U,CTY,1,1,33,136270,197,44:00.0,1,7:00,813
7431339782,U,CTY,1,1,275,126655,194,00:00.0,5,17:00,813
7431345237,U,CTY,1,1,118,138152,174,08:00.0,2,1:00,813
7431345823,U,IB,1,1,43,134287,158,52:00.0,2,9:00,813
7431371581,U,CTY,1,6,3670,138152,174,00:00.0,2,1:00,813
7431371637,U,IB,1,5,2925,130480,143,18:00.0,7,21:00,813
7431379373,U,CTY,1,1,160,133267,192,01:00.0,3,7:00,813
7431379382,U,CTY,1,1,160,133267,192,57:00.0,3,8:00,813
7431379438,U,CTY,1,1,160,132904,175,19:00.0,7,8:00,813
7431385955,U,IB,1,1,26,134287,158,47:00.0,2,10:00,813
7431385964,U,OB,1,1,175,136318,69,19:00.0,3,17:00,813
7431389300,U,IB,1,1,120,134287,158,30:00.0,2,10:00,813
7431398751,U,CTY,1,2,342,126655,194,54:00.0,5,16:00,813
7431404197,U,CTY,1,1,208,139757,172,39:00.0,3,15:00,813
7431404251,U,OB,1,1,200,138823,39,20:00.0,3,17:00,813
7431407780,U,CTY,1,1,528,130908,M   ,02:00.0,1,21:00,813
7431407780,U,CTY,1,1,528,130908,197,41:00.0,7,13:00,813
7431407890,U,CTY,1,1,530,134789,169,55:00.0,3,12:00,813
7431411511,U,CTY,1,1,600,133267,192,11:00.0,3,9:00,813
7431417525,U,IB,1,1,440,131974,158,47:00.0,5,4:00,813
7431417608,U,CTY,1,2,205,134789,169,49:00.0,3,19:00,813
7431448756,U,CTY,1,1,40,121678,168,05:00.0,2,11:00,813
7431455832,U,IB,1,1,365,130480,143,28:00.0,7,20:00,813
7431472433,U,CTY,1,1,71,133267,192,54:00.0,3,9:00,813
7431520622,U,CTY,1,1,1529,131324,195,37:00.0,2,15:00,178
7431520907,U,CTY,1,1,11,123950,173,42:00.0,6,6:00,178
7431521127,U,IB,1,1,156,135099,164,29:00.0,5,5:00,178
7431521136,U,IB,1,1,125,135099,164,33:00.0,5,5:00,178
7431521264,U,OB,1,1,12,139647,63,57:00.0,3,18:00,178
7431521558,U,CTY,1,1,365,249122,172,23:00.0,4,19:00,178
743152186X,U,CTY,1,1,342,128691,217,10:00.0,3,7:00,178
743152186X,U,CTY,1,1,342,128691,196,43:00.0,2,18:00,178
7431615855,U,OB,1,1,627,127381,38,35:00.0,7,12:00,409
7431658443,U,OB,1,2,1493,123872,67,05:00.0,7,13:00,415
7431668087,U,CTY,1,1,665,131838,196,57:00.0,4,8:00,143
7431668572,U,CTY,1,4,1617,128595,194,08:00.0,7,18:00,143
7431668572,U,CTY,1,4,1617,128595,231,08:00.0,1,4:00,143
7431668774,U,IB,1,1,538,135329,163,19:00.0,2,2:00,143
7431669086,U,IB,1,1,394,135099,164,38:00.0,5,3:00,143
7431707833,U,CTY,1,2,608,128691,196,43:00.0,2,17:00,143
743170798X,U,CTY,1,2,1269,131810,175,11:00.0,3,10:00,143
7431708237,U,CTY,1,1,672,128493,195,48:00.0,6,0:00,143
7431740898,U,CTY,1,1,416,138158,213,41:00.0,2,12:00,143
7431740898,U,CTY,1,1,416,138158,213,41:00.0,2,12:00,143
7431777299,U,OB,1,2,369,125319,31,30:00.0,1,9:00,418
7431777317,U,IB,1,1,213,140342,111,03:00.0,7,11:00,418
7431777362,U,IB,1,2,360,140003,135,09:00.0,7,10:00,418
7431777995,U,CTY,1,2,412,135412,178,15:00.0,1,19:00,418
7431777995,U,OB,1,2,412,135412,89,14:00.0,1,19:00,418
7431778352,U,OB,1,4,1057,137647,55,41:00.0,6,8:00,418
7431778370,U,OB,1,1,195,132299,18,31:00.0,7,15:00,418
7431778399,U,OB,1,1,260,132299,18,43:00.0,7,14:00,418
7431778408,U,OB,1,1,270,132299,18,35:00.0,7,15:00,418
7431778480,U,OB,1,2,694,131203,58,07:00.0,4,1:00,418
7431778738,U,IB,1,7,1528,134263,152,15:00.0,4,2:00,418
7431780168,U,OB,1,2,784,135412,89,23:00.0,1,20:00,418
7431780231,U,CTY,1,11,3220,139670,189,30:00.0,1,0:00,418
7431781167,U,CTY,1,5,14050,290993,187,36:00.0,7,19:00,418
7431781643,U,CTY,1,2,385,132920,175,13:00.0,6,1:00,418
7431784521,U,OB,1,3,767,137647,55,52:00.0,6,4:00,418
7431784586,U,CTY,1,3,2688,127068,173,07:00.0,7,9:00,418
7431784732,U,OB,1,1,1528,132299,18,26:00.0,7,14:00,418
7431786777,U,OB,1,7,5895,134638,18,56:00.0,7,23:00,418
7431787749,U,OB,1,1,224,132433,38,11:00.0,4,0:00,418
7431804514,U,OB,1,2,3460,131203,58,29:00.0,4,1:00,418
7431804541,U,CTY,1,1,347,134389,187,39:00.0,5,11:00,418
7431804579,U,OB,1,5,11770,131247,73,34:00.0,1,10:00,418
7431805138,U,IB,1,1,530,124058,145,05:00.0,4,7:00,418
7431805156,U,OB,1,1,180,126511,38,48:00.0,3,21:00,418
7431805320,U,OB,1,1,185,136884,52,17:00.0,5,16:00,418
743180544X,U,OB,1,1,52,278516,74,13:00.0,6,1:00,418
7431805531,U,CTY,1,1,90,126379,197,40:00.0,1,10:00,418
7431805650,U,OB,1,2,468,135994,22,36:00.0,7,23:00,418
7431805706,U,OB,1,1,208,136884,52,52:00.0,5,17:00,418
7431805715,U,OB,1,7,2340,136884,52,26:00.0,5,18:00,418
7431805733,U,OB,1,3,1040,136884,52,56:00.0,5,16:00,418
743180577X,U,OB,1,1,65,131203,58,07:00.0,4,2:00,418
7431805917,U,CTY,1,1,252,126379,197,36:00.0,1,10:00,418
7431805953,U,CTY,1,1,260,126379,197,43:00.0,1,10:00,418
7431806045,U,IB,1,1,104,134549,104,54:00.0,7,10:00,418
7431806191,U,OB,1,1,364,137332,26,33:00.0,6,20:00,418
7431806238,U,IB,1,1,405,261406,163,34:00.0,7,6:00,418
7431806274,U,OB,1,1,165,134221,76,06:00.0,7,4:00,418
7431806604,U,OB,1,1,250,128131,51,45:00.0,2,9:00,418
743180665X,U,OB,1,1,130,133016,39,11:00.0,3,3:00,418
7431806750,U,OB,1,1,364,134221,76,24:00.0,7,4:00,418
7431806779,U,OB,1,1,520,134132,76,31:00.0,5,12:00,418
7431807017,U,OB,1,3,1326,134984,26,57:00.0,5,12:00,418
7431807291,U,IB,1,1,132,261406,163,44:00.0,7,7:00,418
7431807659,U,OB,1,5,4977,131203,58,53:00.0,4,0:00,418
7431807686,U,OB,1,2,850,290056,76,48:00.0,3,23:00,418
743180775X,U,OB,1,1,127,290056,5,42:00.0,5,3:00,418
7431808135,U,OB,1,1,294,202022,58,00:00.0,1,19:00,418
7431808162,U,OB,1,1,490,202022,58,43:00.0,1,18:00,418
7431811857,U,CTY,1,2,669,132568,188,22:00.0,2,2:00,418
7431813727,U,OB,1,5,1784,137007,39,40:00.0,7,9:00,418
7431813855,U,OB,1,4,1392,127322,66,06:00.0,6,16:00,418
7431822920,U,OB,1,1,155,137647,55,51:00.0,6,3:00,418
743182293X,U,OB,1,1,200,137647,55,55:00.0,6,3:00,418
7431823003,U,CTY,1,1,260,134389,187,55:00.0,5,11:00,418
7431975133,U,CTY,1,1,164,128493,195,41:00.0,6,1:00,178
7431987004,U,CTY,1,1,172,132666,197,46:00.0,5,22:00,178
7431987013,U,CTY,1,1,233,132666,197,11:00.0,5,23:00,178
743199486X,U,CTY,1,1,165,138204,197,13:00.0,7,1:00,178
7432071823,U,IB,1,1,826,127404,127,02:00.0,1,11:00,525
7432083162,U,IB,1,1,2740,127404,127,17:00.0,1,13:00,525
743215271X,U,OB,1,1,260,125182,38,28:00.0,1,21:00,525
7432152738,U,IB,1,1,260,137512,143,03:00.0,6,11:00,525
7432183758,U,CTY,1,1,1305,134974,187,29:00.0,4,1:00,324
7432183776,U,CTY,1,1,280,126106,189,53:00.0,7,4:00,324
7432214071,U,IB,1,1,150,134824,149,57:00.0,3,13:00,324
7432244972,U,CTY,1,1,720,116843,169,28:00.0,5,10:00,324
7432251361,U,IB,1,51,17084,R621615927,105,34:00.0,5,15:00,324
7432256715,U,CTY,1,2,690,430973,172,09:00.0,6,19:00,324
7432274169,U,CTY,1,1,97,118588,169,05:00.0,4,14:00,324
7432274223,U,CTY,1,1,238,430973,172,24:00.0,6,18:00,324
7432274389,U,IB,1,1,108,45495,145,04:00.0,4,17:00,324
7432274389,U,IB,1,1,108,45495,166,10:00.0,4,17:00,324
743228097X,U,CTY,1,4,780,430973,172,45:00.0,6,18:00,324
7432288514,U,CTY,1,1,1300,140163,175,27:00.0,5,23:00,324
7432296782,U,IB,1,1,1345,124078,116,21:00.0,4,11:00,324
7432296838,U,CTY,1,1,1160,127450,189,25:00.0,5,14:00,324
7432296856,U,CTY,1,1,1185,127450,189,17:00.0,5,14:00,324
7432296874,U,IB,1,2,2345,124078,116,26:00.0,4,11:00,324
7432300861,U,CTY,1,4,6227,127381,188,14:00.0,4,12:00,324
7432350289,U,IB,1,1,425,211654,129,14:00.0,1,21:00,
7432378366,U,IB,1,2,1700,45495,145,16:00.0,4,17:00,324
7432395452,U,IB,1,8,11041,126748,163,23:00.0,2,19:00,324
7432395499,U,CTY,1,6,9248,132075,175,01:00.0,2,2:00,324
7432401163,U,CTY,1,3,700,127381,188,40:00.0,4,18:00,324
7432403051,U,CTY,1,1,525,128483,187,51:00.0,3,15:00,324
743240307X,U,IB,1,1,360,904236,151,27:00.0,6,12:00,324
7432403217,U,CTY,1,2,1099,T402217967,187,48:00.0,5,1:00,324
743240329X,U,CTY,1,1,320,121144,194,18:00.0,6,14:00,324
743240582X,U,CTY,1,2,2307,430973,172,16:00.0,6,19:00,324
7432406654,U,CTY,1,1,910,136412,195,12:00.0,1,8:00,324
7432406746,U,IB,1,2,1781,134824,149,05:00.0,3,13:00,324
7432483398,U,CTY,1,1,616,118588,169,56:00.0,4,13:00,324
743257511X,U,CTY,1,1,277,138928,175,30:00.0,6,16:00,324
7432581563,U,CTY,1,1,150,138696,189,16:00.0,3,6:00,324
7432581628,U,IB,1,10,2899,134824,116,46:00.0,4,2:00,324
7432582288,U,CTY,1,1,706,138696,189,35:00.0,3,6:00,324
7432612161,U,CTY,1,1,273,132416,197,43:00.0,4,1:00,324
7432612199,U,CTY,1,1,593,138928,175,17:00.0,6,16:00,324
7432612217,U,IB,1,1,163,R621615927,163,37:00.0,5,12:00,324
7432612217,U,IB,1,1,163,R621615927,105,44:00.0,5,9:00,324
7432612253,U,IB,1,3,2718,124078,116,36:00.0,4,11:00,324
7432612262,U,CTY,1,1,190,135534,188,15:00.0,6,7:00,324
7432668858,U,OB,1,1,762,830890,84,38:00.0,3,18:00,422
7432668876,U,OB,1,1,620,842082,67,44:00.0,5,18:00,422
7432668885,U,OB,1,1,793,842082,67,41:00.0,5,18:00,422
7432668894,U,OB,1,1,490,842082,67,56:00.0,5,18:00,422
7432668903,U,OB,1,1,764,842082,67,51:00.0,5,18:00,422
7432668912,U,OB,1,1,656,730114,39,59:00.0,6,19:00,422
7432668921,U,OB,1,1,568,730114,39,53:00.0,6,19:00,422
7432668930,U,OB,1,1,1112,730114,39,48:00.0,6,19:00,422
743266894X,U,OB,1,1,612,730114,39,14:00.0,6,20:00,422
7432668959,U,OB,1,1,828,730114,39,56:00.0,6,19:00,422
7432668968,U,OB,1,1,956,730114,39,22:00.0,6,20:00,422
7432668977,U,OB,1,1,1112,830890,32,22:00.0,2,18:00,422
7432668986,U,IB,1,1,741,830890,103,24:00.0,4,19:00,422
7432668995,U,IB,1,1,977,830890,103,27:00.0,4,19:00,422
7432669004,U,OB,1,1,535,843236,76,20:00.0,5,19:00,422
7432669013,U,OB,1,1,736,843236,76,38:00.0,5,19:00,422
7432669022,U,OB,1,1,725,843236,76,23:00.0,5,19:00,422
7432669031,U,OB,1,1,1149,843236,76,05:00.0,5,20:00,422
7432669040,U,OB,1,1,629,843236,76,58:00.0,5,19:00,422
743266905X,U,OB,1,1,739,843236,76,09:00.0,5,20:00,422
7432669069,U,OB,1,1,597,843236,76,07:00.0,5,20:00,422
7432669078,U,OB,1,1,880,843236,76,42:00.0,5,19:00,422
7432669105,U,OB,1,1,472,830890,17,23:00.0,4,19:00,422
7432669123,U,OB,1,1,739,310506,55,25:00.0,5,22:00,422
7432669132,U,OB,1,1,723,310506,55,29:00.0,5,22:00,422
7432669141,U,OB,1,1,638,310506,55,33:00.0,5,22:00,422
7432669150,U,OB,1,2,1279,00DROP,41,47:00.0,6,13:00,422
743266916X,U,OB,1,1,592,310506,55,57:00.0,5,22:00,422
7432669179,U,OB,1,2,1343,310506,55,47:00.0,5,22:00,422
7432669188,U,OB,1,1,757,310506,55,31:00.0,5,21:00,422
7432669197,U,OB,1,1,978,310506,55,10:00.0,5,22:00,422
7432669206,U,OB,1,1,1142,310506,55,13:00.0,5,22:00,422
7432669215,U,OB,1,1,657,310506,55,40:00.0,5,21:00,422
7432669224,U,OB,1,1,610,842091,53,19:00.0,6,21:00,422
7432669233,U,OB,1,1,943,842091,53,27:00.0,6,21:00,422
7432669242,U,OB,1,1,855,138853,22,04:00.0,2,19:00,422
7432669251,U,OB,1,1,792,830890,74,44:00.0,6,19:00,422
7432669260,U,OB,1,1,696,830890,74,01:00.0,6,20:00,422
743266927X,U,OB,1,1,540,830890,74,48:00.0,6,19:00,422
7432669289,U,OB,1,1,836,830890,74,04:00.0,6,20:00,422
7432669298,U,OB,1,1,552,830890,74,51:00.0,6,19:00,422
7432669307,U,OB,1,1,1292,830890,74,56:00.0,6,19:00,422
7432669307,U,OB,1,1,1292,830890,86,13:00.0,7,11:00,422
7432669316,U,OB,1,2,1145,830890,86,13:00.0,7,11:00,422
7432669316,U,OB,1,2,1145,830890,74,39:00.0,6,19:00,422
7432669325,U,OB,1,1,1214,830890,74,42:00.0,6,19:00,422
7432669334,U,OB,1,1,568,830890,74,34:00.0,6,19:00,422
7432692297,U,CTY,1,1,794,531251,187,39:00.0,2,0:00,881
7432723692,U,CTY,1,1,118,127431,172,36:00.0,4,4:00,881
7432723739,U,IB,1,1,114,132636,145,32:00.0,1,10:00,881
7432741310,U,IB,1,2,923,131485,158,48:00.0,7,10:00,881
7432741815,U,CTY,1,1,497,290208,197,28:00.0,7,22:00,881
7432741934,U,CTY,1,3,2037,132830,194,07:00.0,4,8:00,881
7432742008,U,CTY,1,1,274,530752,173,25:00.0,5,16:00,881
7432742071,U,IB,1,10,5095,134162,151,16:00.0,6,8:00,881
7432742163,U,IB,1,1,850,127344,151,29:00.0,6,21:00,881
7432742181,U,IB,1,3,1482,139699,164,43:00.0,1,19:00,881
7432742273,U,CTY,1,4,2215,288048,204,08:00.0,3,3:00,881
7432742273,U,CTY,1,4,2215,288048,211,03:00.0,3,1:00,881
7432814837,U,IB,1,1,619,249067,162,10:00.0,3,4:00,881
7432814837,U,CTY,1,1,619,249067,195,00:00.0,3,4:00,881
7432814900,U,IB,1,1,445,119375,125,59:00.0,5,13:00,881
7432849092,U,IB,1,1,362,CVEN44290,108,17:00.0,2,21:00,187
7432849092,U,OB,1,1,362,CVEN44290,95,05:00.0,1,12:00,187
7432879095,U,OB,1,1,595,132272,78,58:00.0,5,6:00,187
7432879095,U,CTY,1,1,595,132272,231,18:00.0,5,19:00,187
7432893853,U,IB,1,1,785,CVEN46029,101,25:00.0,4,19:00,187
7432899344,U,IB,1,27,500,131800,105,23:00.0,2,19:00,187
7432907356,U,CTY,1,1,604,CVEN44152,205,46:00.0,2,12:00,187
7432907356,U,CTY,1,1,604,CVEN44152,169,19:00.0,1,22:00,187
7432907383,U,IB,1,3,1270,131389,103,53:00.0,4,3:00,187
7432907383,U,CTY,1,3,1270,131389,233,30:00.0,5,7:00,187
7432907401,U,CTY,1,2,1090,138867,196,50:00.0,6,13:00,187
7432913121,U,CTY,1,1,306,133390,202,48:00.0,4,15:00,187
743298761X,U,IB,1,1,529,128436,111,44:00.0,4,3:00,187
7432987757,U,IB,1,1,317,131800,105,00:00.0,2,19:00,187
7432994090,U,CTY,1,1,25,131838,196,27:00.0,4,10:00,187
7432994586,U,OB,1,1,20,249014,67,10:00.0,6,4:00,187
7433001882,U,OB,1,1,70,290100,76,36:00.0,5,22:00,187
7433007557,U,CTY,1,9,13515,128211,196,16:00.0,5,5:00,123
7433024286,U,IB,1,1,370,202443,104,25:00.0,3,9:00,187
7433030565,U,IB,1,2,619,290001,103,55:00.0,2,22:00,187
7433040465,U,CTY,1,1,520,130882,175,01:00.0,2,7:00,641
7433055499,U,CTY,1,1,500,530699,197,49:00.0,4,18:00,641
7433101167,U,CTY,1,1,205,123790,169,31:00.0,2,1:00,808
7433114688,U,CTY,1,6,1129,135912,192,57:00.0,4,20:00,641
7433124945,U,OB,1,1,627,119743,95,06:00.0,6,13:00,641
7433124945,U,OB,1,1,627,134433,1,03:00.0,4,21:00,641
7433163380,U,CTY,1,1,443,130882,175,10:00.0,2,8:00,641
7433184895,U,IB,1,1,359,132504,150,18:00.0,5,6:00,641
7433201029,U,CTY,1,1,1375,134197,197,31:00.0,5,18:00,857
7433210635,U,CTY,1,5,3955,137322,175,37:00.0,4,4:00,857
7433210635,U,CTY,1,5,3955,137322,177,58:00.0,4,5:00,857
743321069X,U,CTY,1,3,1308,249121,189,36:00.0,3,22:00,857
7433210929,U,OB,1,1,715,558194,67,18:00.0,3,2:00,857
7433216456,U,CTY,1,11,11255,127977,173,12:00.0,5,4:00,857
7433226062,U,CTY,1,9,4538,130617,188,14:00.0,3,3:00,857
7433227171,U,CTY,1,1,249,127884,172,05:00.0,4,21:00,857
7433227236,U,CTY,1,1,4256,134846,188,39:00.0,4,22:00,857
7433244304,U,CTY,1,1,286,133819,195,21:00.0,6,20:00,857
7433270549,U,CTY,1,1,96,124196,192,21:00.0,5,10:00,857
7433270594,U,CTY,1,1,96,124196,192,23:00.0,5,10:00,857
7433270603,U,IB,1,1,204,530247,116,46:00.0,4,20:00,857
7433270951,U,CTY,1,1,352,135187,172,49:00.0,5,1:00,857
7433291889,U,CTY,1,5,1555,133389,187,18:00.0,5,4:00,857
7433292731,U,CTY,1,5,2610,135187,172,13:00.0,5,2:00,857
7433292787,U,OB,1,8,2368,128078,82,10:00.0,3,15:00,857
7433292787,U,OB,1,8,2368,128078,97,19:00.0,3,15:00,857
743329726X,U,CTY,1,1,350,127884,172,02:00.0,4,21:00,857
7433308443,U,CTY,1,1,2408,140147,175,03:00.0,7,0:00,857
7433320599,U,CTY,1,1,216,133819,195,17:00.0,6,21:00,857
7433380228,U,CTY,1,1,3040,122929,192,31:00.0,3,21:00,857
7433387277,U,CTY,1,1,300,127884,172,49:00.0,4,20:00,857
7433403474,U,CTY,1,1,357,133387,195,58:00.0,4,15:00,347
7433412485,U,IB,1,1,1575,129565,149,12:00.0,5,0:00,347
7433436620,U,CTY,1,1,275,129893,174,13:00.0,5,19:00,347
7433436649,U,CTY,1,1,311,129893,174,19:00.0,5,19:00,347
7433436667,U,CTY,1,1,212,129893,174,28:00.0,5,19:00,347
7433436813,U,CTY,1,1,210,128127,168,16:00.0,5,10:00,347
7433436941,U,CTY,1,1,240,131109,175,55:00.0,7,13:00,347
7433437134,U,CTY,1,1,215,128127,168,52:00.0,5,10:00,347
7433437161,U,CTY,1,1,164,128127,168,49:00.0,5,10:00,347
7433437262,U,CTY,1,1,323,128127,168,22:00.0,5,10:00,347
7433445411,U,IB,1,1,271,131735,141,34:00.0,6,17:00,347
7433445604,U,IB,1,1,144,119962,135,41:00.0,2,11:00,347
743346160X,U,CTY,1,1,500,128174,197,37:00.0,3,5:00,347
7433461637,U,CTY,1,1,309,128127,168,30:00.0,5,7:00,347
7433461729,U,IB,1,1,382,261168,117,46:00.0,7,16:00,347
7433462297,U,CTY,1,1,330,133804,187,24:00.0,6,8:00,347
7433478449,U,IB,1,1,1446,129565,149,16:00.0,4,23:00,347
7433478467,U,CTY,1,1,2010,128127,168,58:00.0,5,7:00,347
7433524281,U,IB,1,2,536,261168,117,04:00.0,7,17:00,347
7433549893,U,CTY,1,1,125,131820,172,40:00.0,1,14:00,347
7433549902,U,CTY,1,1,125,211329,169,22:00.0,3,6:00,347
7433553092,U,CTY,1,2,705,128174,197,40:00.0,2,13:00,347
7433556612,U,IB,1,2,828,202751,143,15:00.0,7,14:00,347
7433556731,U,CTY,1,1,561,139875,172,15:00.0,6,12:00,347
7433560069,U,IB,1,1,1224,134270,145,46:00.0,5,9:00,347
7433560078,U,CTY,1,1,1115,135463,188,25:00.0,1,13:00,347
7433560206,U,IB,1,1,306,129565,153,32:00.0,5,16:00,347
7433560206,U,IB,1,1,306,129565,149,44:00.0,4,22:00,347
7433564972,U,CTY,1,1,202,131109,175,26:00.0,7,12:00,347
7433588485,U,CTY,1,2,322,138767,196,53:00.0,2,9:00,347
7433656759,U,IB,1,2,32,290752,111,44:00.0,1,6:00,347
7433657024,U,IB,1,1,53,290752,111,24:00.0,1,7:00,347
7433657089,U,IB,1,2,950,130917,143,56:00.0,1,6:00,347
7433657107,U,CTY,1,1,2095,291219,196,27:00.0,4,18:00,347
7433662212,U,IB,1,2,652,137314,141,47:00.0,3,1:00,347
7433663047,U,IB,1,1,154,202751,143,09:00.0,7,13:00,347
7433697091,U,CTY,1,3,1560,130965,172,16:00.0,2,22:00,347
7433697138,U,IB,1,2,890,131735,141,03:00.0,6,15:00,347
7433697358,U,CTY,1,1,1300,131820,172,44:00.0,1,14:00,347
7433697367,U,IB,1,1,200,290752,111,00:00.0,1,7:00,347
7433701693,U,IB,1,4,5900,123804,149,54:00.0,5,18:00,347
7433701794,U,IB,1,2,1972,131078,145,10:00.0,6,18:00,347
7433712803,U,CTY,1,1,383,131522,189,05:00.0,7,21:00,347
743371284X,U,IB,1,2,1012,202751,143,43:00.0,7,12:00,347
7433712868,U,IB,1,2,1046,202751,143,39:00.0,7,12:00,347
7433712922,U,CTY,1,1,547,131522,189,47:00.0,7,22:00,347
7433712922,U,IB,1,1,547,131522,153,49:00.0,7,22:00,347
7433714765,U,IB,1,1,200,137777,149,29:00.0,3,21:00,347
7433714774,U,IB,1,1,450,137777,149,34:00.0,3,21:00,347
7433725453,U,CTY,1,1,550,131820,172,42:00.0,1,14:00,347
7433725619,U,CTY,1,1,1006,135463,188,01:00.0,1,15:00,347
7433725655,U,IB,1,1,1147,125149,151,50:00.0,3,19:00,347
7433725738,U,CTY,1,1,651,138636,189,27:00.0,7,0:00,347
7433725756,U,CTY,1,1,714,131852,175,01:00.0,1,16:00,347
7433725765,U,CTY,1,3,4146,138767,196,58:00.0,2,9:00,347
7433725810,U,CTY,1,1,1598,129893,174,59:00.0,5,19:00,347
7433725875,U,CTY,1,1,1140,261308,174,11:00.0,6,17:00,347
743373781X,U,IB,1,1,152,134270,145,07:00.0,5,11:00,347
7433737865,U,CTY,1,1,307,129893,174,24:00.0,5,18:00,347
7433738305,U,IB,1,1,300,137777,149,51:00.0,3,21:00,347
7433766759,U,CTY,1,3,1245,131852,175,00:00.0,1,16:00,347
7433784579,U,CTY,1,1,788,128127,168,03:00.0,5,10:00,347
7433800327,U,IB,1,1,380,129565,149,15:00.0,4,22:00,347
7433800345,U,IB,1,2,2345,134599,127,52:00.0,1,8:00,347
7433800354,U,CTY,1,1,845,131109,175,08:00.0,7,12:00,347
7433800363,U,IB,1,1,200,131824,158,42:00.0,7,3:00,347
7433800913,U,IB,1,1,875,138428,145,46:00.0,2,16:00,347
7433805230,U,CTY,1,1,734,139710,205,25:00.0,2,13:00,347
7433835188,U,IB,1,7,17168,131824,158,03:00.0,7,4:00,347
7433840908,U,CTY,1,1,235,129893,174,26:00.0,5,20:00,347
7433840926,U,IB,1,1,298,129699,135,23:00.0,4,12:00,347
7433840944,U,IB,1,1,185,129699,135,32:00.0,4,16:00,347
7433840953,U,IB,1,1,185,129699,135,28:00.0,4,16:00,347
7433842044,U,IB,1,4,2440,134565,112,16:00.0,5,11:00,347
7433866033,U,IB,1,1,2008,290752,111,08:00.0,1,8:00,347
7433869351,U,CTY,1,4,1935,133387,195,07:00.0,4,15:00,347
7433890976,U,CTY,1,1,590,278601,169,11:00.0,4,0:00,347
743390314X,U,CTY,1,8,1046,135843,194,20:00.0,3,19:00,875
743390325X,U,IB,1,2,98,133442,145,04:00.0,1,1:00,875
7433903406,U,IB,1,13,3885,138242,131,15:00.0,4,16:00,875
7433903451,U,IB,1,1,172,135818,163,28:00.0,3,18:00,875
743390347X,U,IB,1,2,145,135818,163,31:00.0,3,19:00,875
7433903543,U,CTY,1,4,641,133770,195,26:00.0,5,15:00,875
7434030007,U,IB,1,4,2455,127614,145,44:00.0,7,16:00,431
7434030016,U,IB,1,1,266,127614,145,31:00.0,7,16:00,431
7434063941,U,CTY,1,3,1130,134433,169,30:00.0,3,1:00,431
743406396X,U,CTY,1,2,850,139951,195,41:00.0,7,14:00,431
7434073823,U,IB,1,6,960,131223,163,01:00.0,4,16:00,431
7434106329,U,IB,1,1,702,139567,116,38:00.0,1,6:00,431
7434106549,U,IB,1,12,1800,45495,111,20:00.0,4,18:00,431
743410994X,U,IB,1,6,5865,138066,114,18:00.0,1,4:00,431
7434110013,U,IB,1,3,1440,134188,105,20:00.0,6,21:00,431
7434114312,U,CTY,1,1,114,137216,196,52:00.0,7,15:00,431
7434118429,U,CTY,1,1,152,431077,173,32:00.0,7,21:00,431
7434121408,U,CTY,1,1,345,261251,168,34:00.0,5,22:00,431
7434121729,U,CTY,1,10,1361,127509,223,04:00.0,5,13:00,431
7434143343,U,CTY,1,2,1293,119931,175,19:00.0,2,19:00,431
7434143857,U,CTY,1,2,1109,127922,197,12:00.0,7,8:00,431
7434143958,U,CTY,1,1,1065,135846,192,57:00.0,3,14:00,431
7434144315,U,CTY,1,1,983,125621,197,05:00.0,3,20:00,431
7434144645,U,IB,1,2,1510,128543,158,28:00.0,6,12:00,431
7434148926,U,CTY,1,1,344,HAEI25458,188,25:00.0,4,18:00,431
7434149494,U,CTY,1,1,643,134869,169,24:00.0,1,8:00,431
7434154444,U,CTY,1,1,187,128365,194,56:00.0,4,19:00,431
7434160907,U,CTY,1,1,780,135846,192,02:00.0,3,15:00,431
7434160916,U,CTY,1,1,780,135846,192,10:00.0,3,15:00,431
7434160999,U,CTY,1,2,1447,133126,175,49:00.0,7,17:00,431
7434162887,U,IB,1,1,963,135982,145,09:00.0,4,15:00,431
7434163107,U,OB,1,3,2992,132944,26,27:00.0,1,3:00,431
7434164710,U,IB,1,1,1352,130658,152,29:00.0,3,11:00,431
743416582X,U,CTY,1,1,409,137867,197,37:00.0,4,17:00,431
7434176628,U,CTY,1,1,870,127922,197,34:00.0,7,7:00,431
7434187893,U,OB,1,14,6598,134755,66,35:00.0,6,5:00,431
7434187976,U,OB,1,2,990,HAEI27814,73,05:00.0,5,19:00,431
7434188012,U,OB,1,8,4659,131933,90,36:00.0,6,4:00,431
7434212753,U,CTY,1,1,181,530503,187,14:00.0,7,0:00,431
7434267506,U,CTY,1,12,8574,139951,195,00:00.0,7,14:00,431
7434308664,U,IB,1,13,2265,134847,145,38:00.0,3,8:00,431
7434319078,U,CTY,1,3,1038,131503,189,03:00.0,6,10:00,431
7434319087,U,IB,1,4,4150,127509,129,57:00.0,3,19:00,431
7434342645,U,CTY,1,2,1349,119931,175,53:00.0,2,19:00,431
7434383134,U,CTY,1,5,689,HAEI25934,192,31:00.0,7,20:00,431
7434397544,U,IB,1,1,690,126870,143,22:00.0,5,20:00,431
743440309X,U,IB,1,3,2170,HAEI23005,117,06:00.0,7,9:00,431
7434403127,U,CTY,1,4,1954,132032,192,47:00.0,1,12:00,431
7434574204,U,IB,1,1,750,131263,145,50:00.0,2,1:00,830
7434601832,U,CTY,1,2,2810,HAEI24595,173,30:00.0,7,18:00,830
7434678879,U,CTY,1,3,2128,TTMS750524,189,15:00.0,2,19:00,830
7434695314,U,CTY,1,1,744,136990,189,38:00.0,2,18:00,830
743469932X,U,CTY,1,7,5100,138147,168,43:00.0,3,4:00,830
7434701602,U,IB,1,2,952,135735,131,58:00.0,7,19:00,830
7434717388,U,CTY,1,4,1487,118361,194,21:00.0,3,15:00,830
7434720028,U,CTY,1,5,3094,138146,169,13:00.0,2,11:00,830
743472044X,U,IB,1,4,1764,131621,143,44:00.0,6,16:00,830
7434720513,U,IB,1,1,112,123809,141,30:00.0,6,16:00,830
7434723997,U,CTY,1,1,395,121768,188,33:00.0,2,13:00,830
743472517X,U,CTY,1,1,40,136637,192,06:00.0,4,14:00,830
7434725710,U,IB,1,2,1331,131621,143,41:00.0,6,16:00,830
7434725793,U,IB,1,1,413,131621,143,46:00.0,6,14:00,830
7434788796,U,CTY,1,1,261,124248,168,06:00.0,3,20:00,830
7434884752,U,CTY,1,1,620,132935,174,50:00.0,2,20:00,830
7434885688,U,CTY,1,1,31,136637,192,07:00.0,4,13:00,830
7434933785,U,CTY,1,1,166,134255,189,59:00.0,6,15:00,830
7435049826,U,IB,1,1,319,140278,127,36:00.0,4,13:00,642
7435049844,U,IB,1,1,475,140278,127,29:00.0,4,14:00,642
7435049853,U,IB,1,1,325,140278,127,32:00.0,4,17:00,642
7435049945,U,IB,1,1,384,140278,121,54:00.0,4,13:00,642
7435049945,U,IB,1,1,384,140278,121,54:00.0,4,13:00,642
7435050091,U,IB,1,3,1671,261149,125,03:00.0,3,4:00,642
743505011X,U,IB,1,3,4197,261149,125,42:00.0,3,3:00,642
7435050147,U,IB,1,1,1011,126816,123,13:00.0,3,7:00,642
7435050870,U,IB,1,1,250,139677,145,05:00.0,5,14:00,642
7435050944,U,IB,1,3,1038,123961,151,43:00.0,4,15:00,642
7435050980,U,IB,1,1,261,139677,145,25:00.0,5,16:00,642
743505099X,U,IB,1,1,168,139677,145,22:00.0,5,16:00,642
7435110243,U,IB,1,4,1410,138651,131,15:00.0,3,7:00,642
7435110252,U,IB,1,4,1980,138651,131,58:00.0,3,6:00,642
7435110665,U,CTY,1,1,556,125602,169,58:00.0,6,22:00,642
7435110692,U,IB,1,2,940,128388,151,57:00.0,3,15:00,642
7435110748,U,IB,1,1,510,131187,125,19:00.0,4,10:00,642
7435121591,U,CTY,1,1,383,128363,169,43:00.0,1,4:00,642
7435121591,U,IB,1,1,383,128363,162,48:00.0,1,4:00,642
7435300599,U,IB,1,3,1792,131057,131,42:00.0,6,4:00,890
7435338659,U,IB,1,6,1753,129596,164,21:00.0,3,5:00,525
7435338731,U,CTY,1,2,1037,128065,173,45:00.0,6,17:00,830
7435339108,U,IB,1,2,870,125008,135,17:00.0,4,9:00,525
7435339438,U,CTY,1,5,2668,133247,192,04:00.0,3,18:00,830
7435339649,U,CTY,1,394,2181,133247,192,54:00.0,3,17:00,830
7435340134,U,CTY,1,3,1778,117243,175,17:00.0,1,19:00,830
7435340134,U,CTY,1,3,1778,117243,197,11:00.0,1,20:00,830
7435514612,U,CTY,1,1,200,136990,189,19:00.0,2,16:00,830
7435514769,U,CTY,1,1,185,136990,235,46:00.0,3,4:00,830
7435514769,U,CTY,1,1,185,136990,189,27:00.0,2,18:00,830
7435514796,U,CTY,1,1,235,136990,189,30:00.0,2,17:00,830
7435515584,U,IB,1,1,259,132897,127,30:00.0,1,0:00,830
7435527253,U,CTY,1,1,370,130754,168,04:00.0,5,4:00,899
743553675X,U,CTY,1,1,100,279237,194,48:00.0,3,15:00,899
7435539582,U,CTY,1,10,14634,125016,213,17:00.0,3,10:00,899
7435539582,U,CTY,1,10,14634,125016,197,47:00.0,3,6:00,899
7435545293,U,IB,1,3,90,134565,112,21:00.0,5,10:00,899
7435545367,U,CTY,1,1,600,PASC175379,175,09:00.0,5,9:00,899
7435546027,U,CTY,1,8,11757,291219,196,24:00.0,4,19:00,899
743554874X,U,IB,1,1,1855,134787,135,04:00.0,4,17:00,899
7435553709,U,IB,1,1,250,PASC33311,145,32:00.0,4,10:00,899
743555688X,U,CTY,1,3,1510,PASC533243,173,25:00.0,4,8:00,899
7435567861,U,CTY,1,2,1690,PASC634516,168,19:00.0,2,6:00,899
7435568155,U,CTY,1,8,12544,124347,213,32:00.0,6,9:00,899
7435568155,U,CTY,1,8,12544,124347,175,23:00.0,5,4:00,899
7435573518,U,CTY,1,1,1250,119977,180,57:00.0,2,11:00,899
7435573518,U,IB,1,1,1250,119977,129,17:00.0,2,2:00,899
7435623155,U,CTY,1,2,1042,PASC533243,173,33:00.0,6,6:00,899
7435679879,U,IB,1,1,200,135624,141,51:00.0,4,10:00,899
7435691575,U,CTY,1,1,100,252131,189,06:00.0,3,15:00,899
7435691759,U,CTY,1,1,90,202318,195,03:00.0,6,14:00,899
7435692244,U,IB,1,2,315,131187,125,35:00.0,4,12:00,899
7435692381,U,IB,1,1,325,135624,141,23:00.0,4,10:00,899
7435692500,U,IB,1,2,1080,291125,151,38:00.0,5,21:00,899
7435704234,U,CTY,1,1,1555,130776,174,41:00.0,6,19:00,899
7435704335,U,CTY,1,1,1500,130776,174,49:00.0,6,19:00,899
7435708432,U,CTY,1,1,427,130634,189,42:00.0,1,13:00,899
7435708560,U,CTY,1,1,1976,PASC634516,168,56:00.0,2,6:00,899
743571154X,U,CTY,1,1,1620,PASC634516,168,47:00.0,2,7:00,899
743571220X,U,CTY,1,3,1097,PASC634516,168,06:00.0,2,7:00,899
7435718736,U,IB,1,1,620,138428,145,31:00.0,2,18:00,899
7435718828,U,IB,1,1,630,134565,112,21:00.0,5,11:00,899
743582066X,U,IB,1,1,70,290005,152,36:00.0,4,13:00,875
7435864926,U,CTY,1,1,1365,133770,195,17:00.0,5,14:00,875
7435864971,U,CTY,1,1,1385,133770,195,59:00.0,5,14:00,875
7435864971,U,CTY,1,1,1385,133770,186,00:00.0,5,15:00,875
7435878510,U,CTY,1,1,1324,279237,194,26:00.0,3,15:00,875
743587863X,U,IB,1,1,1019,135803,116,56:00.0,2,9:00,875
7435879767,U,CTY,1,1,445,290114,169,01:00.0,1,11:00,875
7435879859,U,IB,1,1,1695,135818,163,11:00.0,3,19:00,875
7435902647,U,CTY,1,1,866,128090,175,32:00.0,3,5:00,875
7435903031,U,IB,1,2,1035,125180,152,02:00.0,5,13:00,875
7435910704,U,IB,1,7,12600,261258,152,55:00.0,5,10:00,875
7435910722,U,CTY,1,1,638,133770,195,04:00.0,5,15:00,875
7435913344,U,IB,1,1,700,135803,116,36:00.0,2,11:00,875
7435913362,U,IB,1,1,580,135818,163,36:00.0,3,18:00,875
7435921181,U,IB,1,1,216,291203,133,00:00.0,2,2:00,819
7435921219,U,IB,1,5,4760,129503,129,25:00.0,1,8:00,819
7435927662,U,IB,1,1,410,125844,141,09:00.0,7,12:00,819
743592769X,U,IB,1,1,150,125844,141,27:00.0,7,11:00,819
7435927709,U,IB,1,3,2070,125844,141,05:00.0,7,13:00,819
7435927718,U,IB,1,2,1380,131487,163,10:00.0,7,3:00,819
7435927727,U,CTY,1,2,311,127770,194,49:00.0,3,15:00,819
7435927745,U,CTY,1,1,150,127770,194,46:00.0,3,14:00,819
7435927754,U,CTY,1,2,858,127770,194,00:00.0,3,16:00,819
7435927772,U,IB,1,1,210,252427,131,41:00.0,5,6:00,819
7435927828,U,IB,1,1,205,261064,151,44:00.0,7,6:00,819
7435930394,U,OB,1,1,138,131641,69,47:00.0,6,12:00,819
7435930394,U,CTY,1,1,138,131641,174,56:00.0,3,22:00,819
743593825X,U,IB,1,2,2636,123302,141,16:00.0,3,16:00,819
7435938278,U,IB,1,1,222,123302,141,40:00.0,3,16:00,819
7435938341,U,IB,1,1,168,123302,141,19:00.0,3,16:00,819
7435938379,U,IB,1,1,182,123302,141,19:00.0,3,15:00,819
7435938388,U,IB,1,1,216,123302,141,40:00.0,3,16:00,819
7435940918,U,CTY,1,1,53,131641,174,04:00.0,3,15:00,819
7435940945,U,CTY,1,1,200,131641,174,30:00.0,3,18:00,819
7435940945,U,CTY,1,1,200,131641,223,24:00.0,6,18:00,819
7435940963,U,CTY,1,1,1075,249091,169,21:00.0,3,11:00,819
7435941064,U,CTY,1,1,13,261389,196,14:00.0,3,18:00,819
7435941073,U,IB,1,1,545,252427,131,29:00.0,5,3:00,819
743594111X,U,IB,1,1,414,252427,131,28:00.0,5,4:00,819
7435941147,U,IB,1,1,198,252427,131,25:00.0,5,4:00,819
7435942696,U,CTY,1,1,194,132190,173,20:00.0,3,18:00,819
743594276X,U,CTY,1,1,120,132190,173,17:00.0,3,18:00,819
7435947655,U,CTY,1,69,3101,249091,169,16:00.0,3,15:00,819
7435956675,U,CTY,1,1,79,558295,192,35:00.0,4,15:00,819
7435961827,U,IB,1,1,215,291203,133,34:00.0,1,23:00,819
7435977566,U,IB,1,2,1128,132216,164,14:00.0,3,13:00,819
7435979050,U,IB,1,2,198,530367,125,34:00.0,5,7:00,819
7435979124,U,IB,1,1,440,291203,133,39:00.0,2,2:00,819
7435979133,U,IB,1,1,122,261064,151,01:00.0,7,8:00,819
7436007962,U,IB,1,1,1253,125347,133,42:00.0,3,4:00,819
7436009942,U,IB,1,4,1527,127385,127,26:00.0,6,20:00,819
7436009998,U,CTY,1,9,1180,558295,192,01:00.0,4,13:00,819
7436090040,U,IB,1,1,1200,131263,145,23:00.0,2,2:00,661
7436091654,U,CTY,1,2,130,TTMS750524,189,34:00.0,2,11:00,661
7436091728,U,CTY,1,1,402,TTMS750524,189,42:00.0,2,10:00,661
7436141659,U,CTY,1,1,1586,140113,218,06:00.0,1,22:00,671
7436141659,U,IB,1,1,1586,140113,141,10:00.0,6,22:00,671
7436181670,U,OB,1,1,238,558986,52,59:00.0,3,6:00,671
7436280331,U,IB,1,3,760,530367,103,33:00.0,1,3:00,671
7436293239,U,IB,1,1,73,137352,101,21:00.0,6,1:00,455
7436293293,U,IB,1,1,205,137352,101,26:00.0,6,1:00,455
7436293459,U,OB,1,4,603,135275,43,58:00.0,3,21:00,455
7436293477,U,OB,1,2,112,127489,26,42:00.0,3,21:00,455
7436293504,U,OB,1,1,110,127489,26,05:00.0,3,22:00,455
7436293513,U,OB,1,2,680,134020,40,16:00.0,4,0:00,455
7436293531,U,OB,1,2,565,134020,40,18:00.0,4,0:00,455
7436293531,U,OB,1,2,565,134020,62,19:00.0,4,0:00,455
7436293605,U,OB,1,1,185,140370,63,43:00.0,6,1:00,455
7436293751,U,OB,1,2,342,126323,72,01:00.0,4,20:00,455
7436293834,U,OB,1,2,342,140127,46,13:00.0,7,11:00,455
7436293861,U,OB,1,1,261,134176,89,33:00.0,1,4:00,455
7436293962,U,OB,1,1,74,136165,73,16:00.0,6,4:00,455
743629399X,U,OB,1,3,634,135691,55,28:00.0,6,2:00,455
7436360119,U,OB,1,1,266,CVEN44635,95,46:00.0,4,21:00,135
7436360146,U,OB,1,1,454,CVEN44635,95,42:00.0,4,21:00,135
7436465104,U,IB,1,3,1605,127557,101,18:00.0,7,15:00,216
7436789191,U,IB,1,1,409,291085,125,29:00.0,7,13:00,240
7436796662,U,IB,1,1,831,279969,141,02:00.0,1,4:00,240
7436796983,U,OB,1,1,1999,139694,96,24:00.0,6,0:00,240
7436797093,U,CTY,1,1,180,136191,196,20:00.0,6,20:00,240
7436797230,U,IB,1,1,472,291085,125,06:00.0,7,13:00,240
7436797396,U,IB,1,1,2243,140335,113,46:00.0,5,6:00,240
7436797607,U,CTY,1,1,824,130954,188,02:00.0,6,10:00,240
7436797836,U,CTY,1,1,447,130954,188,02:00.0,6,15:00,240
7436797845,U,CTY,1,1,145,130954,188,55:00.0,6,14:00,240
7436797890,U,IB,1,2,1768,136874,143,28:00.0,3,21:00,240
743679801X,U,IB,1,2,776,127444,113,23:00.0,2,9:00,240
7436798029,U,CTY,1,2,699,127444,181,08:00.0,2,8:00,240
7436798029,U,CTY,1,2,699,127444,181,08:00.0,2,8:00,240
7436798092,U,IB,1,2,2463,139876,149,39:00.0,6,21:00,240
7436820532,U,IB,1,1,250,125220,164,33:00.0,6,2:00,240
743682419X,U,CTY,1,1,853,135097,192,41:00.0,4,19:00,240
7436839627,U,CTY,1,2,96,130954,188,50:00.0,6,14:00,240
743684674X,U,IB,1,1,40,123162,114,45:00.0,7,6:00,240
7436846869,U,IB,1,1,80,130935,143,09:00.0,1,3:00,240
743685059X,U,CTY,1,1,1545,45300,168,36:00.0,4,21:00,240
7436898477,U,IB,1,5,2175,135512,151,29:00.0,2,4:00,841
7436899301,U,CTY,1,1313,1820,139630,192,56:00.0,7,6:00,841
7436899310,U,CTY,1,1,56,139630,192,53:00.0,7,6:00,841
7436899310,U,CTY,1,1,56,139630,170,42:00.0,7,8:00,841
743689932X,U,CTY,1,1,195,139630,192,59:00.0,7,6:00,841
7436899797,U,IB,1,5,2730,140114,101,56:00.0,6,10:00,841
7436900154,U,CTY,1,1,100,HAEI24595,173,39:00.0,7,16:00,841
7436900410,U,CTY,1,6,4245,133247,192,10:00.0,3,18:00,841
7436901236,U,IB,1,2,1070,123280,141,51:00.0,4,4:00,841
7436939076,U,CTY,1,1,294,139837,175,22:00.0,3,22:00,653
7436939287,U,IB,1,6,854,261214,125,15:00.0,6,6:00,653
7436940268,U,CTY,1,1,582,134270,196,00:00.0,6,10:00,653
7437052210,U,CTY,1,1,336,137197,168,32:00.0,3,21:00,198
7437052284,U,CTY,1,1,300,137197,168,55:00.0,3,20:00,198
7437052459,U,IB,1,1,267,127866,135,53:00.0,5,2:00,198
7437052569,U,IB,1,1,392,139876,149,19:00.0,6,22:00,198
743705266X,U,IB,1,1,395,139876,149,11:00.0,6,19:00,198
743705266X,U,CTY,1,1,395,139876,233,24:00.0,7,4:00,198
7437053238,U,CTY,1,3,608,45300,168,09:00.0,4,21:00,198
743705332X,U,CTY,1,1,310,45300,168,21:00.0,4,21:00,198
7437053348,U,IB,1,1,270,140034,151,28:00.0,5,18:00,198
7437053732,U,CTY,1,3,3125,135434,194,49:00.0,4,7:00,198
7437053851,U,OB,1,1,536,139694,96,09:00.0,6,1:00,198
7437053889,U,OB,1,1,375,139694,96,01:00.0,6,2:00,198
7437053916,U,CTY,1,1,1230,136191,196,55:00.0,6,21:00,198
7437054044,U,IB,1,1,461,138990,102,53:00.0,5,19:00,198
7437054044,U,IB,1,1,461,138990,102,53:00.0,5,19:00,198
7437054053,U,CTY,1,1,580,138990,194,21:00.0,5,19:00,198
7437054594,U,OB,1,1,395,131615,84,17:00.0,4,3:00,198
7437054841,U,CTY,1,1,96,202317,174,02:00.0,4,16:00,198
7437054906,U,CTY,1,1,420,202317,174,04:00.0,4,15:00,198
743705497X,U,CTY,1,1,365,202317,174,04:00.0,4,15:00,198
7437055061,U,IB,1,4,2570,249147,125,52:00.0,6,22:00,198
743705519X,U,IB,1,11,10770,CVEN44615,113,52:00.0,6,15:00,198
7437277766,U,CTY,1,1,997,119660,204,14:00.0,6,20:00,377
7437533076,U,IB,1,1,1190,211132,135,57:00.0,4,6:00,531
7437563409,U,IB,1,1,335,140416,163,26:00.0,4,13:00,244
7437564114,U,IB,1,1,111,131874,141,04:00.0,5,15:00,244
7437566159,U,IB,1,3,4134,558917,131,45:00.0,3,7:00,244
7437566534,U,IB,1,1,2226,136603,111,27:00.0,5,2:00,244
7437566781,U,IB,1,1,660,558917,131,22:00.0,3,7:00,244
7437566819,U,IB,1,1,401,558917,131,28:00.0,3,7:00,244
7437566882,U,IB,1,1,1422,126391,127,30:00.0,6,4:00,244
7437567084,U,CTY,1,1,473,125889,175,28:00.0,7,6:00,244
7437567441,U,CTY,1,1,327,136297,187,39:00.0,4,14:00,244
7437616667,U,IB,1,4,1751,123869,133,36:00.0,6,12:00,244
7437616703,U,IB,1,1,144,125889,159,13:00.0,7,7:00,244
7437616703,U,IB,1,1,144,125889,159,13:00.0,7,7:00,244
7437623707,U,CTY,1,1,262,130851,169,00:00.0,5,10:00,244
7437623716,U,CTY,1,2,175,130851,169,55:00.0,5,9:00,244
7437623716,U,IB,1,2,175,130851,153,53:00.0,5,12:00,244
7437623761,U,IB,1,5,775,123259,129,18:00.0,3,7:00,244
7437623770,U,IB,1,1,98,123259,129,44:00.0,3,6:00,244
7437623770,U,CTY,1,1,98,123259,215,06:00.0,3,7:00,244
7437623954,U,IB,1,1,604,138153,149,55:00.0,3,13:00,244
7437624019,U,IB,1,1,381,903951,149,21:00.0,5,6:00,244
7437649254,U,OB,1,212,3303,353223,84,10:00.0,1,7:00,202
7437649263,U,OB,1,47,780,353223,84,14:00.0,1,8:00,202
7437649272,U,OB,1,64,965,353223,84,10:00.0,7,22:00,202
7437649950,U,OB,1,101,772,353223,84,30:00.0,1,12:00,202
743764996X,U,OB,1,104,721,353223,84,37:00.0,1,13:00,202
7437649979,U,OB,1,27,215,353223,84,01:00.0,1,14:00,202
7437650309,U,OB,1,2,445,126351,55,38:00.0,4,2:00,202
7437650309,U,OB,1,2,445,126351,57,08:00.0,4,3:00,202
7437651656,U,IB,1,2,573,128653,135,05:00.0,5,11:00,202
7437651692,U,IB,1,2,455,136369,113,43:00.0,6,21:00,202
7437651701,U,IB,1,1,168,136369,113,04:00.0,6,21:00,202
7437651710,U,IB,1,2,865,136369,113,52:00.0,6,20:00,202
743765172X,U,IB,1,1,416,136369,113,21:00.0,6,21:00,202
7437651739,U,IB,1,1,177,136369,113,07:00.0,6,21:00,202
7437651748,U,IB,1,1,370,136369,113,47:00.0,6,21:00,202
7437651757,U,IB,1,6,3641,136369,160,18:00.0,6,22:00,202
7437651757,U,IB,1,6,3641,136369,160,18:00.0,6,22:00,202
7437651766,U,IB,1,2,438,136369,113,01:00.0,6,21:00,202
7437651775,U,OB,1,5,1850,202373,78,03:00.0,6,14:00,202
7437651784,U,OB,1,2,398,202373,78,14:00.0,6,13:00,202
7437651793,U,IB,1,14,5625,136369,113,08:00.0,6,22:00,202
7437651802,U,OB,1,1,413,290035,96,32:00.0,7,6:00,202
7437651820,U,OB,1,1,219,290035,96,09:00.0,7,5:00,202
7437651858,U,OB,1,1,143,290035,96,24:00.0,7,6:00,202
7437653737,U,OB,1,1,660,124047,86,51:00.0,3,3:00,202
7437653737,U,CTY,1,1,660,124047,O16 ,22:00.0,3,16:00,202
7437653755,U,IB,1,1,1415,261094,141,47:00.0,5,6:00,202
7437653773,U,IB,1,2,970,132854,117,35:00.0,5,8:00,202
7437654159,U,OB,1,6,2264,130634,55,57:00.0,5,3:00,202
7437654168,U,OB,1,1,192,130634,55,07:00.0,5,4:00,202
7437654177,U,OB,1,1,462,130634,55,21:00.0,5,4:00,202
7437654204,U,OB,1,1,218,130634,55,02:00.0,5,4:00,202
7437654213,U,OB,1,2,1080,130634,55,12:00.0,5,5:00,202
7437654213,U,CTY,1,2,1080,130634,O8  ,13:00.0,5,18:00,202
7437654222,U,OB,1,1,275,130634,55,25:00.0,5,4:00,202
7437654231,U,OB,1,2,540,130634,55,07:00.0,5,5:00,202
743765425X,U,OB,1,3,898,130634,55,42:00.0,5,4:00,202
7437654269,U,OB,1,1,187,130634,55,16:00.0,5,5:00,202
7437654287,U,OB,1,1,1047,530418,82,17:00.0,6,18:00,202
7437654314,U,CTY,1,1,243,249333,R201,14:00.0,7,19:00,202
7437654323,U,OB,1,3,938,249333,67,58:00.0,6,16:00,202
7437654388,U,OB,1,1,734,133112,95,44:00.0,7,16:00,202
7437654397,U,OB,1,1,250,133112,95,25:00.0,7,18:00,202
7437658155,U,OB,1,6,2162,290035,96,22:00.0,7,7:00,202
7437659841,U,OB,1,1,135,136221,86,35:00.0,4,4:00,202
7437659879,U,OB,1,1,381,127759,53,53:00.0,3,0:00,202
7437659915,U,OB,1,1,450,123084,78,41:00.0,5,1:00,202
7437659942,U,IB,1,1,450,138430,133,26:00.0,4,3:00,202
7437659951,U,OB,1,2,371,132230,63,30:00.0,7,21:00,202
7437665168,U,OB,1,1,530,124047,86,05:00.0,3,4:00,202
7437665222,U,IB,1,3,4360,131335,114,29:00.0,6,13:00,202
7437665231,U,IB,1,3,4300,131335,114,34:00.0,6,13:00,202
7437665240,U,IB,1,1,535,131335,114,38:00.0,6,6:00,202
743766525X,U,IB,1,2,2087,131335,114,49:00.0,6,6:00,202
7437665332,U,OB,1,1,195,124047,86,54:00.0,3,3:00,202
7437665350,U,IB,1,4,1635,131335,114,44:00.0,6,13:00,202
743766536X,U,OB,1,1,345,135696,86,26:00.0,6,13:00,202
7437665379,U,IB,1,1,416,131335,114,47:00.0,6,13:00,202
7437665388,U,OB,1,4,1980,135696,86,50:00.0,6,13:00,202
7437665397,U,IB,1,1,1500,139796,103,43:00.0,6,6:00,202
7437665406,U,IB,1,1,1500,139796,103,44:00.0,6,6:00,202
7437665424,U,IB,1,1,935,132854,117,47:00.0,5,7:00,202
7437668358,U,OB,1,1,195,122780,84,57:00.0,5,0:00,202
7437668376,U,IB,1,1,165,138046,125,41:00.0,4,21:00,202
7437668430,U,IB,1,1,320,278823,135,47:00.0,5,6:00,202
7437668468,U,OB,1,1,345,127356,90,41:00.0,6,8:00,202
7437675407,U,OB,1,1,265,127759,53,29:00.0,3,1:00,202
7437688001,U,OB,1,2,1634,430510,73,31:00.0,7,10:00,202
7437688010,U,OB,1,4,3292,123084,78,51:00.0,5,1:00,202
7437688084,U,OB,1,1,202,127759,53,50:00.0,3,0:00,202
7437688093,U,IB,1,8,5015,138149,103,43:00.0,4,13:00,202
7437693730,U,OB,1,1,580,124047,86,42:00.0,3,2:00,202
743769374X,U,OB,1,1,1365,136221,86,46:00.0,4,4:00,202
743769374X,U,IB,1,1,1365,136221,106,25:00.0,4,16:00,202
7437693759,U,OB,1,1,899,124047,86,09:00.0,3,2:00,202
7437693768,U,OB,1,1,1107,126351,59,26:00.0,4,3:00,202
7437693768,U,OB,1,1,1107,126351,57,08:00.0,4,3:00,202
7437693768,U,OB,1,1,1107,126351,55,22:00.0,4,2:00,202
7437693777,U,IB,1,1,299,129911,127,04:00.0,6,7:00,202
7437693786,U,IB,1,1,674,129911,127,09:00.0,6,7:00,202
7437693813,U,OB,1,1,2308,130443,88,59:00.0,6,9:00,202
7437693831,U,OB,1,1,1107,130443,88,12:00.0,6,8:00,202
7437693887,U,IB,1,1,507,278823,135,00:00.0,5,7:00,202
7437698736,U,IB,1,9,1866,129911,127,22:00.0,6,8:00,202
7437698745,U,IB,1,2,622,278823,135,09:00.0,5,7:00,202
7437698754,U,IB,1,2,591,278823,135,15:00.0,5,7:00,202
7437698763,U,IB,1,2,380,278823,135,39:00.0,5,6:00,202
7437698781,U,OB,1,1,122,133112,95,25:00.0,7,19:00,202
7437698790,U,IB,1,5,1041,132854,117,01:00.0,5,9:00,202
743769880X,U,IB,1,5,1124,132854,117,05:00.0,5,9:00,202
7437774223,U,IB,1,1,217,138371,125,33:00.0,5,1:00,246
7437798102,U,OB,1,1,42,129890,31,54:00.0,7,20:00,411
7437803804,U,OB,1,4,3120,129503,51,45:00.0,7,19:00,411
7437806132,U,OB,1,2,736,131173,86,08:00.0,5,19:00,411
7437806976,U,OB,1,1,314,138226,74,56:00.0,4,3:00,411
7437807178,U,OB,1,1,355,133519,43,58:00.0,4,11:00,411
7437807508,U,OB,1,1,260,281072,60,14:00.0,7,22:00,411
7437807508,U,CTY,1,1,260,281072,231,08:00.0,2,0:00,411
7437807728,U,OB,1,1,270,132070,76,54:00.0,1,8:00,411
7437807728,U,OB,1,1,270,132070,60,12:00.0,1,11:00,411
7437811183,U,OB,1,1,720,136911,67,19:00.0,4,16:00,411
743783135X,U,OB,1,14,1740,123272,55,13:00.0,3,8:00,411
743783135X,U,OB,1,14,1740,123272,63,31:00.0,3,8:00,411
7437854294,U,OB,1,1,210,202181,39,23:00.0,1,6:00,411
7437854312,U,OB,1,5,530,124201,48,04:00.0,1,11:00,411
7437854359,U,OB,1,9,1345,124201,48,29:00.0,1,13:00,411
7437856640,U,OB,1,2,473,123183,55,02:00.0,7,10:00,411
7437857695,U,OB,1,4,759,130911,52,13:00.0,7,8:00,411
743787227X,U,OB,1,6,1176,127477,86,21:00.0,6,8:00,411
7437874195,U,OB,1,2,563,126283,49,21:00.0,7,14:00,411
7437874222,U,OB,1,8,3545,126283,49,04:00.0,7,14:00,411
7437879594,U,OB,1,3,2370,132676,78,33:00.0,6,16:00,411
7437892821,U,OB,1,2,1160,130780,72,27:00.0,6,13:00,411
7437897221,U,OB,1,1,657,131938,38,56:00.0,4,10:00,411
7437897304,U,OB,1,1,869,131696,55,10:00.0,4,14:00,411
7437901960,U,OB,1,1,59,127740,50,33:00.0,3,10:00,411
7437935539,U,CTY,1,2,550,132845,187,25:00.0,7,13:00,312
7437942752,U,IB,1,1,700,132785,127,24:00.0,1,18:00,312
7438025647,U,CTY,1,1,75,132416,197,12:00.0,3,22:00,312
7438064459,U,CTY,1,1,350,136507,194,07:00.0,5,21:00,312
7438154832,U,IB,1,3,1865,121231,149,30:00.0,4,15:00,250
7438154897,U,IB,1,1,200,132523,158,16:00.0,6,8:00,250
7438238809,U,CTY,1,2,1292,134281,194,52:00.0,7,19:00,250
7438256335,U,OB,1,2,900,130738,48,13:00.0,2,16:00,402
7438291901,U,CTY,1,2,2064,117384,197,33:00.0,1,22:00,375
7438361715,U,IB,1,2,4832,133520,145,17:00.0,1,7:00,375
7438361724,U,CTY,1,5,5585,353244,229,40:00.0,1,22:00,375
7438468287,U,IB,1,2,396,123514,145,54:00.0,5,6:00,326
7438468305,U,CTY,1,1,579,135089,187,33:00.0,6,7:00,326
743849806X,U,CTY,1,1,940,138457,188,46:00.0,6,13:00,315
7438498097,U,CTY,1,1,1160,138457,188,50:00.0,6,13:00,315
7438499105,U,OB,1,1,324,124137,32,21:00.0,4,22:00,574
743850169X,U,CTY,1,2,910,138457,188,36:00.0,6,11:00,315
7438502735,U,CTY,1,1,1000,138457,188,36:00.0,6,13:00,315
743850367X,U,CTY,1,1,570,127739,197,34:00.0,4,11:00,315
7438503918,U,OB,1,1,426,137153,17,54:00.0,5,13:00,574
743850642X,U,CTY,1,1,360,119660,204,12:00.0,6,19:00,315
7438545406,U,IB,1,1,76,140335,113,47:00.0,5,3:00,205
7438545790,U,IB,1,1,110,249147,125,22:00.0,6,21:00,205
7438561026,U,CTY,1,1,69,135080,174,26:00.0,7,6:00,205
7438561080,U,CTY,1,1,120,135080,174,32:00.0,7,6:00,205
743856109X,U,CTY,1,1,64,135080,174,50:00.0,7,6:00,205
7438561127,U,CTY,1,1,82,135080,174,37:00.0,7,5:00,205
7438574913,U,CTY,1,3,4885,135465,187,26:00.0,2,2:00,205
7438574922,U,CTY,1,1,1628,135465,187,32:00.0,2,2:00,205
7438574940,U,CTY,1,2,3082,140247,208,09:00.0,6,17:00,205
743857495X,U,IB,1,1,1607,291085,125,15:00.0,7,19:00,205
7438574978,U,IB,1,3,5004,291085,125,15:00.0,7,19:00,205
7438598738,U,CTY,1,8,1726,123824,189,08:00.0,5,20:00,205
7438611058,U,IB,1,10,2292,125220,164,59:00.0,6,6:00,205
7438611397,U,IB,1,1,220,138814,102,10:00.0,1,0:00,205
7438649668,U,CTY,1,1,361,125302,180,11:00.0,7,5:00,205
7438649668,U,IB,1,1,361,125302,104,53:00.0,7,2:00,205
7438661566,U,IB,1,1,351,135793,123,57:00.0,1,12:00,205
7438744369,U,CTY,1,1,821,127154,196,16:00.0,4,0:00,261
7438752857,U,CTY,1,1,342,130594,195,53:00.0,3,22:00,261
7438768477,U,IB,1,1,100,135451,151,11:00.0,5,19:00,261
7439804841,U,CTY,1,1,980,126862,174,27:00.0,6,3:00,178
7439829270,U,CTY,1,1,150,126791,196,52:00.0,5,1:00,178
7439832222,U,CTY,1,1,150,134953,188,05:00.0,2,16:00,178
7439840537,U,CTY,1,2,2466,132816,197,49:00.0,6,2:00,178
7439840546,U,CTY,1,1,100,132816,197,54:00.0,6,1:00,178
7439840811,U,CTY,1,1,190,126862,174,45:00.0,6,4:00,178
7439858357,U,IB,1,1,400,202236,125,22:00.0,1,4:00,178
7439861051,U,IB,1,2,776,202236,125,56:00.0,1,5:00,178
7439861107,U,IB,1,2,637,123681,141,52:00.0,4,8:00,178
7439870897,U,CTY,1,3,2940,132111,188,18:00.0,6,0:00,178
7439883996,U,CTY,1,1,145,129910,187,42:00.0,4,0:00,178
7439884005,U,CTY,1,1,87,132816,197,18:00.0,6,1:00,178
743989143X,U,CTY,1,1,47,129910,187,38:00.0,4,0:00,178
7439891631,U,CTY,1,3,6267,127912,196,26:00.0,4,6:00,178
7439912311,U,OB,1,5,8894,131934,31,30:00.0,2,3:00,730
7439912320,U,OB,1,4,2636,131934,31,03:00.0,2,4:00,730
7439912412,U,CTY,1,18,17015,126881,225,23:00.0,4,13:00,730
7439912522,U,OB,1,2,820,140166,38,18:00.0,3,19:00,730
7439912605,U,OB,1,3,2288,139818,51,45:00.0,4,16:00,730
7439912623,U,OB,1,2,1732,139818,51,19:00.0,4,18:00,730
7439912688,U,OB,1,2,2100,139818,51,29:00.0,4,18:00,730
7439912697,U,OB,1,2,3380,139818,51,44:00.0,4,18:00,730
7439912742,U,OB,1,4,1712,126080,49,58:00.0,6,0:00,730
7439912798,U,OB,1,4,1712,130580,63,45:00.0,6,20:00,730
7439912798,U,OB,1,4,1712,130580,62,47:00.0,6,20:00,730
7439912816,U,OB,1,4,1712,130580,63,38:00.0,6,19:00,730
7439912899,U,OB,1,8,14345,127742,75,46:00.0,7,15:00,730
7439913045,U,OB,1,1,676,130803,52,37:00.0,4,0:00,730
7439913063,U,OB,1,1,749,130803,52,35:00.0,4,1:00,730
7439913072,U,OB,1,1,259,128204,26,00:00.0,4,1:00,730
7439913081,U,OB,1,1,936,128204,26,31:00.0,4,0:00,730
7439913090,U,OB,1,1,831,128204,26,43:00.0,4,0:00,730
7439913191,U,OB,1,2,840,130803,52,19:00.0,4,2:00,730
7439913200,U,OB,1,5,4059,128204,26,37:00.0,4,3:00,730
743991321X,U,OB,1,3,2577,130803,52,32:00.0,4,1:00,730
7439913229,U,OB,1,2,2465,135152,38,26:00.0,5,4:00,730
7439913283,U,OB,1,2,2070,126164,49,37:00.0,4,18:00,730
7439913310,U,OB,1,1,1343,139951,50,41:00.0,5,22:00,730
7439913366,U,OB,1,5,6775,133182,51,47:00.0,7,3:00,730
7439913384,U,OB,1,4,2354,138890,49,14:00.0,6,18:00,730
7439913449,U,CTY,1,2,2830,136896,216,24:00.0,7,18:00,730
7439913449,U,OB,1,2,2830,136896,89,57:00.0,7,15:00,730
7439913586,U,OB,1,4,5510,140001,27,40:00.0,4,3:00,730
7439913586,U,OB,1,4,5510,140001,27,40:00.0,4,3:00,730
743991365X,U,OB,1,1,650,140001,69,45:00.0,4,0:00,730
7439913714,U,OB,1,5,8335,127828,40,30:00.0,4,14:00,730
7439913714,U,OB,1,5,8335,127828,50,39:00.0,4,15:00,730
7439913723,U,OB,1,4,7540,127828,40,44:00.0,4,14:00,730
743991376X,U,OB,1,3,1978,291139,14,29:00.0,4,17:00,730
7439913788,U,OB,1,1,839,291139,14,18:00.0,4,14:00,730
7439913851,U,OB,1,5,1295,134799,43,35:00.0,5,12:00,730
7439913860,U,OB,1,3,2360,291139,14,42:00.0,4,18:00,730
7439913898,U,IB,1,4,7240,139600,112,56:00.0,5,14:00,730
7439913970,U,OB,1,4,2380,126565,73,44:00.0,6,19:00,730
7439914053,U,OB,1,1,616,137607,32,52:00.0,7,21:00,730
743991409X,U,OB,1,3,2446,135685,39,01:00.0,1,20:00,730
7439914109,U,OB,1,1,539,136659,43,07:00.0,3,21:00,730
7439914255,U,OB,1,2,1106,134175,48,10:00.0,5,2:00,730
7439914264,U,OB,1,2,1272,134175,48,56:00.0,5,2:00,730
743991431X,U,OB,1,2,1316,140158,55,20:00.0,4,19:00,730
7439914347,U,OB,1,1,673,134175,48,26:00.0,5,1:00,730
7439914392,U,OB,1,2,1587,134175,48,08:00.0,5,3:00,730
7439914457,U,OB,1,1,500,291167,46,27:00.0,5,15:00,730
7439914466,U,OB,1,1,1348,291167,46,08:00.0,5,15:00,730
7439914502,U,OB,1,2,950,291167,46,14:00.0,5,15:00,730
7439914558,U,OB,1,2,691,290200,39,31:00.0,6,14:00,730
7439914567,U,OB,1,2,1250,290200,39,49:00.0,6,13:00,730
7439914630,U,OB,1,1,1089,138725,48,53:00.0,7,22:00,730
7439914659,U,OB,1,2,746,138725,48,56:00.0,7,21:00,730
7439914668,U,OB,1,2,1266,138725,48,18:00.0,7,22:00,730
7440013357,U,CTY,1,1,1340,211745,195,34:00.0,3,3:00,783
7440015721,U,CTY,1,1,502,211204,196,33:00.0,7,1:00,783
7440036228,U,CTY,1,1,235,135519,172,31:00.0,5,10:00,783
7440037914,U,CTY,1,1,570,135037,189,02:00.0,6,14:00,783
7440037923,U,CTY,1,2,805,135037,233,11:00.0,7,10:00,783
7440037923,U,CTY,1,2,805,135037,189,59:00.0,6,13:00,783
744003796X,U,IB,1,1,1008,122357,163,58:00.0,6,17:00,783
7440042736,U,IB,1,1,300,122357,163,24:00.0,6,18:00,783
7440047062,U,IB,1,2,1403,124038,141,16:00.0,4,17:00,783
744004709X,U,IB,1,1,414,124038,154,52:00.0,4,16:00,783
744004709X,U,IB,1,1,414,124038,141,08:00.0,4,15:00,783
7440047145,U,IB,1,1,613,124038,141,38:00.0,4,15:00,783
7440047190,U,IB,1,4,480,122357,163,10:00.0,6,19:00,783
7440047190,U,CTY,1,4,480,122357,231,41:00.0,6,23:00,783
7440047190,U,CTY,1,4,480,122357,231,34:00.0,3,21:00,783
7440047255,U,IB,1,1,490,124038,141,58:00.0,4,15:00,783
7440047255,U,CTY,1,1,490,124038,233,34:00.0,4,21:00,783
7440047567,U,IB,1,1,961,137108,125,28:00.0,2,23:00,783
7440047668,U,CTY,1,1,362,139738,174,17:00.0,2,14:00,783
744004830X,U,CTY,1,2,580,119791,197,30:00.0,4,6:00,783
7440048346,U,CTY,1,1,389,119791,197,45:00.0,4,6:00,783
7440061023,U,IB,1,1,285,132731,149,41:00.0,4,19:00,783
744008713X,U,IB,1,3,1575,124038,141,43:00.0,4,16:00,783
7440087167,U,IB,1,1,2015,124038,141,53:00.0,4,15:00,783
7440091347,U,IB,1,2,486,131495,147,02:00.0,5,10:00,783
7440091347,U,IB,1,2,486,131495,143,07:00.0,5,7:00,783
7440091365,U,IB,1,5,4260,138805,129,44:00.0,1,19:00,783
744009142X,U,CTY,1,8,4340,118350,207,40:00.0,6,17:00,783
7440091576,U,CTY,1,2,1134,135519,172,17:00.0,5,11:00,783
7440101191,U,IB,1,6,2600,137108,125,32:00.0,3,0:00,783
7440101229,U,CTY,1,1,1299,139738,174,00:00.0,2,18:00,783
7440125676,U,IB,1,1,98,124038,141,20:00.0,4,15:00,783
7440127600,U,IB,1,2,187,137108,125,29:00.0,2,21:00,783
7440159940,U,IB,1,1,400,124038,141,28:00.0,4,17:00,783
7440174049,U,CTY,1,1,545,118869,194,48:00.0,3,10:00,783
7440174415,U,IB,1,3,650,119664,135,54:00.0,3,1:00,783
744017579X,U,IB,1,2,440,132731,149,28:00.0,4,18:00,783
7440175827,U,IB,1,1,200,127014,143,36:00.0,3,17:00,783
7440175854,U,IB,1,2,320,127014,143,43:00.0,3,17:00,783
7440176157,U,CTY,1,8,4207,118869,194,53:00.0,3,11:00,783
7440181639,U,CTY,1,1,400,202186,168,44:00.0,1,17:00,783
7440191236,U,CTY,1,1,286,202332,192,52:00.0,6,12:00,783
7440193537,U,IB,1,15,1500,133095,141,20:00.0,6,1:00,783
7440193564,U,IB,1,2,1678,133850,163,53:00.0,5,11:00,783
7440193573,U,IB,1,61,1359,132234,163,13:00.0,7,20:00,783
7440193591,U,IB,1,5,4632,132234,163,27:00.0,7,19:00,783
7440193600,U,IB,1,5,5318,132234,163,03:00.0,7,19:00,783
744019361X,U,CTY,1,4,3834,130531,197,10:00.0,2,20:00,783
7440199239,U,IB,1,1,248,129780,133,08:00.0,5,5:00,783
7440220065,U,IB,1,10,2960,134475,143,00:00.0,4,18:00,783
7440220826,U,CTY,1,1,245,131077,168,59:00.0,3,14:00,783
7440231660,U,CTY,1,2,770,129741,196,49:00.0,4,18:00,783
7440231734,U,CTY,1,1,505,129741,196,34:00.0,4,19:00,783
7440231743,U,CTY,1,2,584,129741,196,11:00.0,4,21:00,783
7440255788,U,CTY,1,4,3790,211745,195,29:00.0,3,6:00,783
7440285771,U,IB,1,1,800,124038,141,35:00.0,4,17:00,783
7440303032,U,CTY,1,4,745,126502,197,15:00.0,4,16:00,783
7440303225,U,CTY,1,4,820,126502,197,59:00.0,4,15:00,783
7440305746,U,IB,1,1,35,133525,103,36:00.0,7,8:00,783
7440305800,U,IB,1,1,1241,133525,103,46:00.0,7,8:00,783
744030581X,U,IB,1,1,1241,133525,103,46:00.0,7,8:00,783
7440347353,U,IB,1,1,102,133095,141,53:00.0,6,0:00,783
7440347371,U,CTY,1,1,94,135037,189,25:00.0,6,14:00,783
7440347380,U,CTY,1,1,104,135037,189,32:00.0,6,14:00,783
744042406X,U,IB,1,1,2365,132764,150,00:00.0,6,17:00,313
7440424088,U,CTY,1,3,5330,132236,188,20:00.0,1,21:00,313
7440429276,U,CTY,1,1,16,138184,196,40:00.0,5,22:00,313
7440481059,U,IB,1,5,10330,130947,143,57:00.0,6,16:00,313
7440514829,U,IB,1,1,226,PASC634013,143,24:00.0,5,12:00,313
7440514847,U,CTY,1,1,178,131218,G   ,34:00.0,6,3:00,313
7440514865,U,CTY,1,1,658,280391,196,08:00.0,7,8:00,313
7440527643,U,CTY,1,1,235,129660,197,53:00.0,6,13:00,313
7440527652,U,CTY,1,1,75,132052,175,24:00.0,7,2:00,313
7440544711,U,IB,1,1,855,135505,127,22:00.0,7,6:00,313
7440549048,U,CTY,1,1,340,138184,196,50:00.0,5,22:00,313
7440549176,U,IB,1,1,761,140045,143,19:00.0,1,6:00,313
7440549185,U,IB,1,4,1515,140045,143,43:00.0,1,7:00,313
7440602654,U,IB,1,1,42,130769,151,04:00.0,7,4:00,313
7440602663,U,CTY,1,1,66,290414,173,17:00.0,3,2:00,313
7440602663,U,CTY,1,1,66,290414,186,14:00.0,3,4:00,313
7440602690,U,CTY,1,1,47,138097,194,15:00.0,5,10:00,313
7440638523,U,CTY,1,1,216,138097,194,47:00.0,5,6:00,313
7440771569,U,IB,1,1,220,135556,145,14:00.0,4,15:00,313
7440788114,U,IB,1,1,160,130769,151,16:00.0,7,5:00,313
7440788179,U,CTY,1,1,403,290414,173,59:00.0,3,0:00,313
7440789856,U,IB,1,1,295,122579,112,35:00.0,1,3:00,313
744078992X,U,CTY,1,1,90,132236,188,59:00.0,1,19:00,313
744079333X,U,CTY,1,1,225,131218,G   ,03:00.0,6,3:00,313
7440793376,U,CTY,1,1,203,290414,173,16:00.0,3,1:00,313
744079410X,U,IB,1,3,1494,130545,141,22:00.0,5,4:00,313
7440794119,U,IB,1,1,492,130545,141,09:00.0,5,4:00,313
7440803918,U,CTY,1,1,471,PASC634013,197,10:00.0,6,4:00,313
7440807290,U,IB,1,1,400,122579,112,35:00.0,1,5:00,313
7440818328,U,CTY,1,2,1372,125901,168,38:00.0,4,9:00,313
7440818840,U,CTY,1,1,425,138184,196,54:00.0,5,20:00,313
744081885X,U,CTY,1,1,1125,138184,196,50:00.0,5,20:00,313
7440818932,U,IB,1,2,2425,130947,143,53:00.0,6,15:00,313
7440818941,U,CTY,1,1,170,138184,196,09:00.0,5,20:00,313
744081896X,U,IB,1,1,135,138837,129,33:00.0,7,9:00,313
7440819583,U,CTY,1,1,420,129660,197,58:00.0,6,13:00,313
7440819610,U,CTY,1,2,420,290414,173,01:00.0,3,1:00,313
744081962X,U,CTY,1,1,317,T730211715,169,05:00.0,1,22:00,313
7440819859,U,CTY,1,18,593,126763,173,51:00.0,1,12:00,313
7440819868,U,IB,1,2,1890,140045,143,58:00.0,1,7:00,313
7440823103,U,IB,1,1,287,130947,143,32:00.0,6,17:00,313
7440823561,U,CTY,1,1,535,139894,197,55:00.0,1,1:00,313
7440823570,U,IB,1,2,1410,130947,143,59:00.0,6,15:00,313
7440823608,U,CTY,1,5,4821,129660,197,05:00.0,6,13:00,313
7440823727,U,IB,1,6,6865,135505,127,05:00.0,7,9:00,313
7440823938,U,IB,1,1,710,135505,118,46:00.0,7,8:00,313
7440823938,U,IB,1,1,710,135505,118,46:00.0,7,8:00,313
7440826147,U,IB,1,3,7235,130769,151,07:00.0,7,5:00,313
7440826239,U,IB,1,1,400,130769,151,36:00.0,7,3:00,313
7440829391,U,IB,1,1,220,130947,143,48:00.0,6,15:00,313
7440829400,U,IB,1,1,110,130947,143,45:00.0,6,15:00,313
744083469X,U,IB,1,2,590,122579,112,21:00.0,1,4:00,313
7440840768,U,CTY,1,1,165,130762,194,03:00.0,5,11:00,313
7440841033,U,IB,1,1,190,135556,145,00:00.0,4,15:00,313
7440847249,U,CTY,1,1,305,PASC634534,183,30:00.0,1,7:00,313
7440847249,U,CTY,1,1,305,PASC634534,183,30:00.0,1,7:00,313
7440848073,U,CTY,1,1,2858,138184,196,47:00.0,5,20:00,313
7440848459,U,IB,1,1,165,138837,129,54:00.0,7,13:00,313
7440899874,U,CTY,1,1,588,135109,196,10:00.0,4,5:00,158
7440910645,U,OB,1,5,6800,131995,66,02:00.0,7,21:00,414
744095459X,U,OB,1,11,4532,131203,58,32:00.0,4,2:00,401
7440968615,U,OB,1,1,1115,128131,51,55:00.0,2,14:00,401
7440989102,U,OB,1,1,265,131203,58,36:00.0,4,0:00,401
7440989111,U,CTY,1,5,1575,131891,189,51:00.0,4,2:00,401
7440989120,U,CTY,1,2,1004,131891,189,53:00.0,4,2:00,401
7440989441,U,CTY,1,4,1645,131891,189,51:00.0,4,2:00,401
7440992310,U,CTY,1,2,2720,119870,233,09:00.0,3,21:00,401
744099232X,U,OB,1,1,180,290348,46,05:00.0,5,0:00,401
7441037264,U,IB,1,1,173,132650,150,51:00.0,4,19:00,381
7441037897,U,IB,1,2,1155,133362,145,11:00.0,1,8:00,381
7441037915,U,IB,1,1,368,280728,131,30:00.0,1,6:00,381
7441042178,U,IB,1,1,1208,127970,149,47:00.0,7,6:00,381
7441042187,U,IB,1,2,842,133577,163,21:00.0,7,13:00,381
7441042205,U,IB,1,1,714,137694,111,24:00.0,2,10:00,381
7441055598,U,IB,1,2,2176,125954,143,25:00.0,7,6:00,381
7441064113,U,IB,1,1,498,261205,127,58:00.0,4,6:00,381
744107416X,U,IB,1,2,1050,133362,145,27:00.0,1,7:00,381
7441074197,U,CTY,1,1,210,136649,191,49:00.0,4,4:00,381
7441074197,U,IB,1,1,210,136649,129,22:00.0,4,4:00,381
7441088497,U,IB,1,2,630,133005,116,23:00.0,1,13:00,381
744108923X,U,IB,1,1,300,128044,103,19:00.0,7,7:00,381
7441091503,U,IB,1,2,783,130912,129,53:00.0,6,8:00,381
7441093346,U,CTY,1,2,1370,130450,174,44:00.0,4,22:00,381
7441093685,U,CTY,1,3,2055,138842,187,08:00.0,4,12:00,381
7441093685,U,IB,1,3,2055,138842,158,20:00.0,4,12:00,381
7441093703,U,IB,1,2,1370,137303,158,38:00.0,4,12:00,381
7441110331,U,OB,1,1,292,128893,89,56:00.0,3,20:00,266
7441116776,U,IB,1,5,4440,202245,117,14:00.0,6,18:00,266
7441116821,U,IB,1,1,553,133274,129,12:00.0,3,22:00,266
7441116868,U,IB,1,4,2284,133274,129,47:00.0,3,21:00,266
7441116877,U,IB,1,4,2588,290066,114,58:00.0,3,22:00,266
7441116886,U,IB,1,1,910,290066,114,42:00.0,3,22:00,266
7441145513,U,IB,1,2,581,127099,104,26:00.0,6,17:00,266
7441145522,U,IB,1,1,1543,127099,104,58:00.0,6,17:00,266
7441234970,U,OB,1,74,1350,139659,38,09:00.0,3,12:00,433
7441238775,U,OB,1,1,482,135730,52,11:00.0,3,1:00,433
7441238802,U,OB,1,1,125,129725,53,10:00.0,5,16:00,433
744123883X,U,OB,1,1,377,140045,32,02:00.0,5,13:00,433
7441238849,U,OB,1,1,379,130708,49,55:00.0,5,12:00,433
7441238858,U,OB,1,1,555,140045,32,07:00.0,5,13:00,433
7441238867,U,OB,1,1,548,140045,32,04:00.0,5,13:00,433
7441238894,U,OB,1,1,147,128013,89,45:00.0,7,12:00,433
7441239224,U,OB,1,1,90,128075,51,55:00.0,5,8:00,433
7441239233,U,OB,1,1,90,128075,51,33:00.0,5,6:00,433
7441336987,U,CTY,1,1,1635,560074,175,15:00.0,1,18:00,263
7441402262,U,CTY,1,1,1130,126666,181,21:00.0,1,7:00,857
7441402262,U,IB,1,1,1130,126666,117,43:00.0,1,6:00,857
7441402327,U,IB,1,1,845,126666,117,34:00.0,1,7:00,857
7441402931,U,CTY,1,1,489,135016,196,52:00.0,2,21:00,857
744158071X,U,OB,1,1,1260,127285,38,20:00.0,1,2:00,402
7441581892,U,CTY,1,1,340,131077,232,06:00.0,1,17:00,402
7441591590,U,OB,1,1,387,137352,67,04:00.0,7,0:00,402
744160249X,U,CTY,1,1,315,136632,174,24:00.0,4,12:00,402
7441602545,U,OB,1,1,310,119711,52,17:00.0,6,15:00,402
7441602563,U,IB,1,1,555,128575,104,30:00.0,5,17:00,402
7441602655,U,OB,1,1,370,135994,22,55:00.0,1,0:00,402
7441619851,U,OB,1,1,291,124473,58,08:00.0,5,16:00,402
7441621281,U,OB,1,1,300,128641,22,13:00.0,5,20:00,402
7441621281,U,OB,1,1,300,128641,64,45:00.0,3,14:00,402
7441628175,U,OB,1,1,645,138421,63,52:00.0,7,12:00,402
7441630631,U,OB,1,1,170,134132,76,24:00.0,5,12:00,402
7441635884,U,OB,1,1,95,128910,40,45:00.0,1,3:00,402
7441640266,U,OB,1,2,902,117643,84,02:00.0,4,15:00,402
7441652999,U,OB,1,1,260,134124,39,48:00.0,4,9:00,402
7441677767,U,OB,1,1,1765,290056,44,56:00.0,5,9:00,402
7441677767,U,OB,1,1,1765,290056,76,18:00.0,4,1:00,402
7441677785,U,OB,1,5,5000,123460,58,44:00.0,6,8:00,402
7441692314,U,OB,1,1,329,134221,76,07:00.0,7,5:00,402
7441692460,U,OB,1,1,388,139865,78,06:00.0,3,14:00,402
7441692543,U,OB,1,1,500,131130,46,13:00.0,4,17:00,402
7441692608,U,OB,1,1,1435,123105,18,54:00.0,5,7:00,402
7441719823,U,CTY,1,1,152,291101,189,31:00.0,4,8:00,402
7441734911,U,OB,1,3,1000,131995,66,22:00.0,7,18:00,402
744173493X,U,OB,1,10,6950,131130,46,58:00.0,4,15:00,402
7441752484,U,OB,1,1,240,560490,72,00:00.0,7,7:00,402
7441768562,U,IB,1,2,584,128575,104,41:00.0,5,16:00,402
7441776042,U,CTY,1,1,405,139670,189,18:00.0,7,21:00,402
7441777418,U,OB,1,1,178,202022,58,10:00.0,1,18:00,402
7441782835,U,IB,1,1,161,139614,105,11:00.0,3,15:00,402
7441782909,U,OB,1,1,198,130712,14,48:00.0,7,19:00,402
7441793597,U,OB,1,1,234,134221,76,21:00.0,7,6:00,402
7441806889,U,OB,1,2,640,280868,89,16:00.0,5,22:00,411
7441806916,U,OB,1,5,1420,139653,87,43:00.0,6,12:00,411
7441806934,U,OB,1,6,2060,280868,89,22:00.0,5,23:00,411
7441832656,U,CTY,1,2,1073,130762,194,38:00.0,5,13:00,313
7441832692,U,CTY,1,2,933,126763,173,19:00.0,1,10:00,313
744183294X,U,CTY,1,1,191,290301,194,44:00.0,2,8:00,313
7441832968,U,CTY,1,2,949,290301,194,20:00.0,2,7:00,313
7441833527,U,CTY,1,2,504,131218,169,38:00.0,6,10:00,313
7441842060,U,CTY,1,1,387,CVEN44152,169,43:00.0,2,0:00,135
7441898903,U,IB,1,1,515,CVEN45772,103,17:00.0,6,8:00,135
7441916229,U,CTY,1,4,1974,CVEN44708,194,43:00.0,1,21:00,135
7441918905,U,IB,1,5,1945,202259,143,40:00.0,7,6:00,135
7441918905,U,IB,1,5,1945,202259,110,57:00.0,7,7:00,135
7441929759,U,IB,1,2,638,123419,112,31:00.0,4,4:00,135
7441929777,U,IB,1,4,1902,202259,143,49:00.0,7,7:00,135
7441929804,U,IB,1,4,2084,CVEN45772,103,45:00.0,6,9:00,135
7441929822,U,CTY,1,1,266,CVEN46008,173,23:00.0,7,8:00,135
7441929831,U,CTY,1,5,2096,139814,168,44:00.0,5,4:00,135
7441929831,U,IB,1,5,2096,139814,110,19:00.0,5,11:00,135
7442091064,U,CTY,1,1,538,133770,195,59:00.0,5,12:00,895
7442091201,U,CTY,1,1,372,132787,188,25:00.0,5,6:00,895
744209177X,U,IB,1,1,168,290256,163,13:00.0,2,13:00,895
7442091980,U,CTY,1,1,300,131925,187,38:00.0,3,8:00,895
7442096591,U,CTY,1,1,150,PASC634013,175,01:00.0,7,14:00,895
7442097462,U,IB,1,1,77,137585,160,54:00.0,3,10:00,895
7442097462,U,IB,1,1,77,137585,127,45:00.0,3,10:00,895
7442097536,U,IB,1,1,351,133442,145,12:00.0,1,0:00,895
7442097619,U,IB,1,1,467,135803,116,26:00.0,2,11:00,895
7442097619,U,IB,1,1,467,135803,162,26:00.0,2,12:00,895
7442098104,U,IB,1,1,100,136012,163,01:00.0,3,14:00,895
7442098113,U,IB,1,1,85,136012,163,36:00.0,3,11:00,895
7442098196,U,IB,1,1,80,290256,163,11:00.0,2,12:00,895
7442099992,U,IB,1,1,250,290256,163,18:00.0,2,12:00,895
7442100066,U,CTY,1,1,85,132787,188,59:00.0,5,10:00,895
744210046X,U,IB,1,1,195,135803,116,34:00.0,2,11:00,895
7442100652,U,CTY,1,1,85,129628,194,12:00.0,4,9:00,895
7442108251,U,CTY,1,4,2919,137867,197,22:00.0,4,22:00,895
7442108572,U,IB,1,1,600,133442,145,25:00.0,1,0:00,895
7442109012,U,IB,1,1,1996,132764,125,58:00.0,6,15:00,895
7442109223,U,CTY,1,4,3263,130753,187,00:00.0,3,8:00,895
7442109223,U,IB,1,4,3263,130753,160,46:00.0,3,9:00,895
7442110186,U,CTY,1,1,150,132787,188,31:00.0,5,6:00,895
7442182043,U,IB,1,3,1765,124137,105,37:00.0,3,10:00,322
7442182153,U,IB,1,1,2523,430631,143,48:00.0,7,9:00,322
7442194648,U,IB,1,1,860,137352,101,52:00.0,6,4:00,480
7442195151,U,OB,1,1,195,140430,76,45:00.0,4,20:00,480
7442199149,U,OB,1,1,78,138705,76,52:00.0,1,21:00,480
7442199340,U,IB,1,1,147,140134,158,16:00.0,4,14:00,480
7442199405,U,OB,1,1,153,130455,84,06:00.0,6,13:00,480
7442199414,U,OB,1,1,91,135569,43,46:00.0,1,8:00,480
7442199670,U,OB,1,1,232,119275,50,57:00.0,5,15:00,480
7442199708,U,OB,1,1,135,130643,17,06:00.0,6,15:00,480
7442199753,U,IB,1,1,167,132364,143,27:00.0,6,14:00,480
7442199771,U,IB,1,1,301,132364,143,19:00.0,6,15:00,480
7442200000,U,OB,1,1,93,125836,75,42:00.0,1,18:00,480
7442200083,U,OB,1,1,171,136061,48,40:00.0,4,5:00,480
7442200101,U,OB,1,1,136,136061,48,50:00.0,4,4:00,480
7442200110,U,OB,1,1,161,136061,48,38:00.0,4,6:00,480
7442204474,U,OB,1,1,300,138854,49,43:00.0,5,1:00,480
7442209177,U,OB,1,6,9600,140370,63,49:00.0,6,3:00,480
7442209213,U,OB,1,1,240,125836,75,26:00.0,1,18:00,480
7442209552,U,OB,1,7,2070,136623,69,57:00.0,6,21:00,480
7442245971,U,OB,1,3,4473,136348,38,07:00.0,7,19:00,510
7442252324,U,OB,1,1,483,135569,43,32:00.0,1,7:00,510
7442252425,U,IB,1,1,483,132364,143,05:00.0,6,15:00,510
744225490X,U,OB,1,1,1005,138557,50,53:00.0,5,0:00,510
7442268274,U,OB,1,1,638,291042,73,57:00.0,7,21:00,510
744226887X,U,OB,1,2,1700,116768,46,35:00.0,7,4:00,510
7442269264,U,IB,1,1,735,132364,143,42:00.0,6,15:00,510
7442269282,U,OB,1,3,8260,130643,17,27:00.0,6,15:00,510
7442269960,U,OB,1,1,950,137455,73,44:00.0,7,11:00,510
7442274250,U,OB,1,7,1695,126330,76,56:00.0,6,5:00,518
7442274279,U,CTY,1,5,2390,138705,217,37:00.0,4,11:00,518
7442274508,U,OB,1,5,932,136623,69,12:00.0,7,4:00,518
744227459X,U,OB,1,3,237,135259,60,33:00.0,2,2:00,518
7442274609,U,OB,1,2,400,136162,84,54:00.0,6,22:00,518
7442274636,U,OB,1,3,990,126330,76,22:00.0,6,7:00,518
7442274690,U,OB,1,3,640,135259,60,19:00.0,2,1:00,518
7442274719,U,OB,1,2,490,131402,43,49:00.0,3,15:00,518
7442274737,U,OB,1,3,828,126330,76,30:00.0,6,7:00,518
7442274782,U,OB,1,7,730,136623,69,07:00.0,7,4:00,518
7442274800,U,OB,1,4,900,126330,76,56:00.0,6,6:00,518
7442274838,U,IB,1,4,785,136162,119,56:00.0,7,1:00,518
7442279952,U,OB,1,2,767,134546,26,55:00.0,5,18:00,510
7442280677,U,OB,1,2,1546,290207,32,42:00.0,3,2:00,510
7442285690,U,IB,1,1,800,290935,149,31:00.0,1,6:00,510
7442380795,U,IB,1,3,1304,135903,151,08:00.0,3,3:00,847
7442436024,U,CTY,1,1,150,139733,189,50:00.0,1,22:00,847
7442471417,U,IB,1,2,794,135236,112,51:00.0,2,21:00,213
7442479144,U,OB,1,1,375,134954,86,12:00.0,4,20:00,213
7442527407,U,OB,1,3,2900,132373,96,03:00.0,7,5:00,213
7442613418,U,CTY,1,7,281,139814,168,48:00.0,5,0:00,126
7442707798,U,IB,1,5,972,CVEN45559,151,05:00.0,6,3:00,126
7442739799,U,OB,1,1,471,137800,86,34:00.0,7,3:00,223
7442752631,U,CTY,1,1,290,127039,231,16:00.0,5,21:00,223
7442752631,U,CTY,1,1,290,127039,231,16:00.0,5,21:00,223
7442752669,U,IB,1,1,450,131085,141,45:00.0,3,21:00,223
7442763714,U,IB,1,1,2772,131085,141,06:00.0,3,22:00,223
744276684X,U,CTY,1,1,1000,131879,176,21:00.0,6,21:00,223
7442777913,U,CTY,1,1,2496,132367,168,41:00.0,2,13:00,223
7442789867,U,CTY,1,2,463,126239,175,16:00.0,1,11:00,223
7442804102,U,IB,1,1,660,126666,117,01:00.0,1,8:00,223
7442974510,U,CTY,1,2,1290,560074,175,10:00.0,1,18:00,658
7442974620,U,CTY,1,2,32,290114,169,48:00.0,1,10:00,658
7442974703,U,CTY,1,1,75,PASC634534,197,23:00.0,1,3:00,658
7442975574,U,CTY,1,3,437,PASC175379,188,38:00.0,5,8:00,658
7442975583,U,CTY,1,24,100,PASC175379,188,40:00.0,5,6:00,658
7442975601,U,CTY,1,1,39,PASC175379,237,09:00.0,5,19:00,658
7442975601,U,CTY,1,1,39,PASC175379,188,55:00.0,5,8:00,658
7442975648,U,IB,1,1,205,PASC175379,151,32:00.0,2,18:00,658
7442975675,U,IB,1,1,256,PASC175379,151,46:00.0,2,16:00,658
7442980542,U,CTY,1,3,828,135900,187,46:00.0,2,21:00,658
7442980670,U,CTY,1,2,151,PASC175379,192,17:00.0,6,7:00,658
7443276552,U,CTY,1,1,225,128432,175,07:00.0,3,5:00,822
7443301870,U,IB,1,1,154,131263,145,47:00.0,2,2:00,822
7443317454,U,IB,1,1,559,137169,125,43:00.0,3,12:00,216
7443317519,U,IB,1,9,2268,123579,149,28:00.0,4,15:00,216
7443317546,U,IB,1,5,1088,123579,149,22:00.0,4,15:00,216
7443317555,U,IB,1,4,1158,135863,152,15:00.0,4,18:00,216
744331761X,U,IB,1,1,1127,137455,152,46:00.0,7,6:00,216
7443317629,U,IB,1,3,318,137455,110,56:00.0,7,7:00,216
7443317629,U,IB,1,3,318,137455,152,51:00.0,7,6:00,216
7443317656,U,IB,1,5,885,137455,152,49:00.0,7,6:00,216
7443317683,U,IB,1,1,732,121290,117,07:00.0,3,10:00,216
7443317692,U,IB,1,1,909,121290,117,08:00.0,3,10:00,216
7443318040,U,IB,1,1,256,132868,116,38:00.0,7,19:00,216
7443318069,U,IB,1,1,886,123777,141,26:00.0,3,13:00,216
744331816X,U,IB,1,1,1294,430356,149,17:00.0,5,13:00,216
744334346X,U,IB,1,1,569,PASC634516,151,53:00.0,7,12:00,382
7443344972,U,CTY,1,3,2970,PASC634516,173,57:00.0,2,12:00,382
7443349556,U,CTY,1,1,1070,252131,189,56:00.0,3,14:00,382
7443349565,U,CTY,1,1,1070,252131,189,53:00.0,3,14:00,382
7443356623,U,CTY,1,3,4905,PASC634516,173,06:00.0,2,15:00,382
7443356641,U,CTY,1,1,968,252131,189,36:00.0,3,15:00,382
7443356751,U,IB,1,1,742,PASC634534,118,39:00.0,1,7:00,382
7443356751,U,CTY,1,1,742,PASC634534,172,34:00.0,1,7:00,382
7443374306,U,CTY,1,1,630,131978,173,09:00.0,5,11:00,382
7443379559,U,CTY,1,22,5375,PASC175379,192,44:00.0,6,8:00,382
7443379586,U,IB,1,1,265,135237,164,02:00.0,2,3:00,382
744338757X,U,CTY,1,1,196,131978,173,06:00.0,5,11:00,382
7443407865,U,IB,1,1,125,137656,164,50:00.0,3,18:00,186
7443408662,U,CTY,1,2,620,123983,227,11:00.0,2,11:00,186
7443408662,U,IB,1,2,620,123983,114,09:00.0,6,13:00,186
7443439563,U,OB,1,2,4985,202709,90,26:00.0,1,9:00,186
7443439572,U,OB,1,3,6390,126165,90,42:00.0,1,18:00,186
7443460353,U,IB,1,1,105,140037,112,37:00.0,3,9:00,186
7443460876,U,OB,1,4,6010,131222,89,44:00.0,2,17:00,186
7443460903,U,CTY,1,1,97,132650,196,22:00.0,6,15:00,186
744346347X,U,OB,1,1,190,131222,89,08:00.0,2,18:00,186
7443476633,U,IB,1,1,595,138265,104,49:00.0,1,10:00,186
7443477614,U,IB,1,1,488,137393,164,51:00.0,5,21:00,186
7443477679,U,IB,1,3,1914,138265,104,13:00.0,1,8:00,186
744350351X,U,IB,1,2,545,132438,104,26:00.0,2,18:00,186
7443527242,U,CTY,1,2,1580,132301,188,22:00.0,6,5:00,186
7443549848,U,OB,1,1,474,138939,88,36:00.0,1,22:00,186
7443549884,U,OB,1,3,453,130731,93,26:00.0,4,12:00,186
7443549884,U,OB,1,3,453,130731,93,26:00.0,4,12:00,186
7443570793,U,OB,1,1,190,202709,90,50:00.0,1,9:00,186
7443586065,U,IB,1,2,36,138265,104,26:00.0,1,10:00,186
7443595635,U,IB,1,1,410,138265,104,25:00.0,1,8:00,186
7443622136,U,IB,1,1,420,138265,104,46:00.0,1,10:00,186
7443623043,U,IB,1,1,373,138265,104,35:00.0,1,6:00,186
7443629111,U,IB,1,1,278,132438,104,15:00.0,2,18:00,186
7443643815,U,IB,1,12,16380,129751,111,45:00.0,7,21:00,186
7443643934,U,IB,1,6,3000,123983,114,44:00.0,6,13:00,186
7443654449,U,IB,1,1,365,130731,101,39:00.0,4,12:00,186
7443665824,U,OB,1,1,590,202709,90,38:00.0,1,9:00,186
744366587X,U,CTY,1,3,87,132301,188,25:00.0,6,8:00,186
7443666255,U,OB,1,1,885,130731,97,48:00.0,4,12:00,186
7443666255,U,IB,1,1,885,130731,101,47:00.0,4,12:00,186
7443666356,U,OB,1,1,290,135813,90,53:00.0,4,0:00,186
7443670105,U,IB,1,1,1100,133304,114,03:00.0,5,10:00,186
7443675843,U,OB,1,1,292,126165,90,36:00.0,1,18:00,186
744368545X,U,OB,1,7,4375,135813,90,03:00.0,4,2:00,186
7443692105,U,IB,1,2,707,132969,145,51:00.0,6,15:00,216
7443692114,U,IB,1,5,2029,558899,135,37:00.0,7,0:00,216
744369502X,U,IB,1,1,372,125025,143,23:00.0,3,11:00,216
7443708971,U,IB,1,1,4230,133854,117,18:00.0,6,6:00,216
7443709009,U,IB,1,1,6071,128427,112,28:00.0,7,6:00,216
7443709119,U,IB,1,5,21489,531239,116,51:00.0,5,18:00,216
7443709137,U,IB,1,1,350,127887,129,21:00.0,6,8:00,216
7443709173,U,IB,1,5,21475,558759,111,44:00.0,6,22:00,216
7443714646,U,IB,1,2,2465,128234,116,14:00.0,7,19:00,216
7443726196,U,OB,1,1,878,139033,84,50:00.0,1,2:00,216
7443752531,U,IB,1,2,896,290262,151,05:00.0,4,16:00,216
7443752540,U,IB,1,7,5555,290262,151,43:00.0,4,18:00,216
744375255X,U,IB,1,2,970,126219,149,44:00.0,5,6:00,216
7443752569,U,IB,1,1,225,137455,152,16:00.0,7,4:00,216
7443752578,U,IB,1,2,2208,137455,152,19:00.0,7,3:00,216
7443752587,U,IB,1,3,1081,137455,152,41:00.0,7,3:00,216
7443752596,U,IB,1,3,1355,124130,116,38:00.0,6,6:00,216
7443752605,U,IB,1,1,390,558759,111,42:00.0,6,19:00,216
7443752614,U,IB,1,1,916,558759,111,22:00.0,6,19:00,216
7443752614,U,CTY,1,1,916,558759,N   ,36:00.0,7,1:00,216
7443752641,U,CTY,1,3,3663,202385,201,43:00.0,4,15:00,216
7443752641,U,IB,1,3,3663,202385,105,42:00.0,4,15:00,216
7443752650,U,IB,1,1,225,132737,103,24:00.0,7,3:00,216
7443752679,U,IB,1,3,1043,132737,103,50:00.0,7,3:00,216
7443752688,U,IB,1,1,853,430356,149,55:00.0,5,14:00,216
7443752697,U,IB,1,2,920,119676,105,17:00.0,4,16:00,216
7443752706,U,CTY,1,2,525,121789,172,40:00.0,5,19:00,216
7443752733,U,IB,1,1,580,135532,114,49:00.0,4,12:00,216
7443752742,U,IB,1,1,120,135532,114,02:00.0,4,13:00,216
7443752751,U,IB,1,5,1730,261054,129,48:00.0,4,18:00,216
744375277X,U,IB,1,2,890,136659,113,24:00.0,7,1:00,216
7443752789,U,IB,1,2,1235,136659,113,29:00.0,7,1:00,216
7443752798,U,IB,1,3,1575,136659,113,14:00.0,7,1:00,216
7443758298,U,OB,1,2,294,202371,86,21:00.0,5,10:00,216
7443766510,U,IB,1,1,334,530091,151,23:00.0,1,9:00,216
744376652X,U,IB,1,1,291,129499,131,43:00.0,6,10:00,216
7443768050,U,IB,1,1,500,127887,109,26:00.0,6,6:00,216
7443768050,U,IB,1,1,500,127887,109,26:00.0,6,6:00,216
7443768133,U,IB,1,8,865,127887,129,01:00.0,6,8:00,216
7443768133,U,CTY,1,8,865,127887,R4  ,32:00.0,7,0:00,216
7443768151,U,IB,1,1,269,124130,116,21:00.0,6,5:00,216
744376817X,U,IB,1,1,166,124130,116,54:00.0,6,6:00,216
7443768198,U,IB,1,2,3151,124130,116,00:00.0,6,6:00,216
7443775842,U,OB,1,2,1915,249027,96,25:00.0,5,10:00,216
744378643X,U,IB,1,1,101,135340,149,33:00.0,3,11:00,216
7443786732,U,IB,1,2,1475,129489,103,56:00.0,5,12:00,216
7443821694,U,IB,1,1,913,126729,135,09:00.0,4,13:00,216
7443821703,U,IB,1,1,372,126729,135,05:00.0,4,13:00,216
7443914076,U,IB,1,1,135,137169,125,47:00.0,3,8:00,216
7443914159,U,IB,1,1,609,261054,129,00:00.0,4,19:00,216
7443914177,U,IB,1,1,141,261054,129,14:00.0,4,19:00,216
7444010811,U,CTY,1,4,949,137129,172,35:00.0,2,5:00,122
7444107290,U,IB,1,1,567,137401,151,02:00.0,5,14:00,303
7444107364,U,CTY,1,13,1690,121101,196,28:00.0,3,21:00,303
7444112608,U,CTY,1,1,100,137657,236,23:00.0,3,3:00,303
7444112608,U,CTY,1,1,100,137657,236,47:00.0,3,3:00,303
7444112608,U,CTY,1,1,100,137657,233,08:00.0,4,21:00,303
7444112608,U,CTY,1,1,100,137657,237,40:00.0,3,0:00,303
7444112828,U,CTY,1,10,7480,136132,169,58:00.0,6,16:00,303
7444130491,U,IB,1,1,150,125980,131,34:00.0,2,7:00,303
7444130592,U,IB,1,4,6400,133251,125,01:00.0,4,16:00,303
7444130610,U,CTY,1,2,300,211376,194,51:00.0,2,10:00,303
7444133517,U,IB,1,1,264,139791,158,24:00.0,4,22:00,303
7444133690,U,CTY,1,1,173,130451,194,05:00.0,6,18:00,303
7444142380,U,CTY,1,1,885,118481,192,07:00.0,6,14:00,303
7444148587,U,CTY,1,1,269,121916,174,04:00.0,6,16:00,303
7444148623,U,CTY,1,1,252,121916,174,07:00.0,6,16:00,303
744414899X,U,CTY,1,3,830,PASC33311,173,20:00.0,5,13:00,303
7444149009,U,IB,1,3,876,139791,158,09:00.0,4,21:00,303
7444149137,U,CTY,1,6,1661,PASC175379,192,01:00.0,6,6:00,303
7444149200,U,CTY,1,1,315,130754,168,05:00.0,5,4:00,303
7444149357,U,CTY,1,6,1975,122816,172,18:00.0,7,19:00,303
7444149366,U,CTY,1,5,1445,122816,196,27:00.0,6,20:00,303
7444155122,U,IB,1,1,830,121487,164,46:00.0,7,15:00,303
7444161264,U,IB,1,1,850,121487,164,23:00.0,7,15:00,303
7444173492,U,IB,1,1,835,134428,163,16:00.0,6,18:00,303
7444187792,U,CTY,1,1,913,131209,197,26:00.0,6,13:00,303
7444211195,U,CTY,1,1,340,PASC175379,235,22:00.0,2,16:00,303
7444211195,U,IB,1,1,340,PASC175379,151,20:00.0,2,16:00,303
7444211680,U,CTY,1,1,410,261315,174,59:00.0,3,7:00,303
7444254187,U,IB,1,1,335,139791,158,34:00.0,4,21:00,303
744436767X,U,IB,1,8,1125,137078,104,07:00.0,1,10:00,574
7444444909,U,CTY,1,1,475,R326181472,174,30:00.0,1,18:00,621
7444444918,U,CTY,1,1,461,R326181472,174,35:00.0,1,18:00,621
7444444981,U,CTY,1,1,1076,R326181472,174,33:00.0,1,18:00,621
7444445091,U,CTY,1,1,362,830887,175,55:00.0,3,14:00,621
7444445459,U,CTY,1,1,397,123720,173,33:00.0,7,3:00,621
7444445605,U,CTY,1,1,496,132969,172,22:00.0,1,8:00,621
7444445650,U,CTY,1,1,679,137622,173,54:00.0,3,19:00,621
7444445825,U,CTY,1,2,685,128708,188,54:00.0,5,2:00,621
7444445953,U,IB,1,2,919,124178,141,04:00.0,5,18:00,621
7444446256,U,IB,1,2,975,290302,163,55:00.0,1,2:00,621
7444446714,U,IB,1,1,403,132515,143,55:00.0,7,1:00,621
7444447035,U,IB,1,1,713,136592,141,56:00.0,4,19:00,621
7444562993,U,IB,1,1,2282,559143,163,08:00.0,1,13:00,216
7444563011,U,IB,1,2,5215,559143,163,20:00.0,1,13:00,216
7444563020,U,IB,1,1,1264,559143,163,26:00.0,1,13:00,216
7444606389,U,IB,1,8,759,137169,125,30:00.0,3,10:00,216
7444606398,U,IB,1,6,400,310316,117,33:00.0,1,10:00,216
7444606407,U,IB,1,10,508,132868,116,59:00.0,7,19:00,216
7444606425,U,IB,1,2,858,291170,151,42:00.0,4,10:00,216
7444607186,U,IB,1,2,292,135340,149,58:00.0,3,12:00,216
7444628003,U,OB,1,1,222,249027,96,47:00.0,5,9:00,216
7444628068,U,OB,1,1,155,249027,96,56:00.0,5,9:00,216
7444628077,U,IB,1,1,135,127887,129,51:00.0,6,6:00,216
7444628095,U,OB,1,1,179,249027,96,52:00.0,5,9:00,216
7444628178,U,IB,1,2,2275,121293,105,56:00.0,7,11:00,216
7444692537,U,IB,1,2,2370,132797,141,55:00.0,4,11:00,205
7444692665,U,CTY,1,3,4338,135080,174,48:00.0,7,5:00,205
7444717570,U,OB,1,2,3634,138363,78,04:00.0,5,6:00,245
7444717617,U,OB,1,1,170,140190,66,48:00.0,7,6:00,245
7444721063,U,IB,1,3,860,139580,135,15:00.0,3,9:00,245
7444739727,U,OB,1,1,178,291198,86,58:00.0,7,5:00,245
7444739736,U,OB,1,1,236,291198,86,36:00.0,7,7:00,245
7444739745,U,OB,1,1,261,291198,86,18:00.0,7,7:00,245
7444739754,U,OB,1,2,496,291198,86,39:00.0,7,8:00,245
7444739781,U,OB,1,1,1258,291198,86,50:00.0,7,8:00,245
744473980X,U,OB,1,1,205,125843,75,25:00.0,3,15:00,245
7444739828,U,OB,1,1,327,125843,75,16:00.0,3,15:00,245
7444739837,U,OB,1,1,213,125843,75,10:00.0,3,15:00,245
7444739882,U,OB,1,1,241,291159,69,21:00.0,3,15:00,245
7444739891,U,OB,1,2,583,291159,69,43:00.0,3,15:00,245
7444739929,U,OB,1,1,236,128901,89,42:00.0,4,12:00,245
7444739956,U,OB,1,1,236,125843,75,13:00.0,3,15:00,245
7444741469,U,IB,1,1,135,127088,116,43:00.0,6,9:00,245
7444741478,U,IB,1,1,75,127088,116,03:00.0,6,11:00,245
7444741487,U,OB,1,2,938,124058,89,43:00.0,7,4:00,245
7444741496,U,OB,1,3,845,124058,89,03:00.0,7,5:00,245
7444741698,U,IB,1,2,1090,139580,135,39:00.0,3,8:00,245
7444741707,U,IB,1,1,712,136874,111,50:00.0,6,10:00,245
7444746419,U,CTY,1,1,101,123328,168,49:00.0,6,3:00,245
7444746428,U,CTY,1,1,289,123328,168,22:00.0,6,3:00,245
7444746437,U,CTY,1,1,166,123328,168,34:00.0,6,3:00,245
7444746446,U,OB,1,1,101,135500,90,52:00.0,5,6:00,245
7444746455,U,IB,1,1,331,128156,133,08:00.0,5,5:00,245
7444746464,U,IB,1,1,129,128156,133,05:00.0,5,5:00,245
7444746473,U,IB,1,1,415,135500,109,52:00.0,5,8:00,245
7444746473,U,IB,1,1,415,135500,109,52:00.0,5,8:00,245
7444746482,U,OB,1,1,262,135500,90,53:00.0,5,6:00,245
7444747656,U,OB,1,1,150,127909,75,18:00.0,6,15:00,245
744474816X,U,IB,1,1,245,136874,111,23:00.0,6,9:00,245
7444748179,U,IB,1,1,280,136874,111,13:00.0,6,9:00,245
7444748188,U,IB,1,1,140,136874,111,08:00.0,6,9:00,245
7444750094,U,IB,1,1,386,119666,105,54:00.0,3,2:00,245
7444756052,U,OB,1,5,7120,127198,88,53:00.0,6,4:00,245
7444756061,U,IB,1,6,9444,125077,103,03:00.0,5,13:00,245
7444756061,U,OB,1,6,9444,125077,93,20:00.0,5,14:00,245
7444756070,U,OB,1,1,341,127198,88,45:00.0,6,6:00,245
7444758005,U,IB,1,7,18500,122572,127,16:00.0,3,3:00,245
7444758005,U,CTY,1,7,18500,122572,233,26:00.0,5,6:00,245
7444763734,U,IB,1,3,1015,129897,111,25:00.0,3,7:00,245
7444763743,U,IB,1,2,566,129897,111,52:00.0,3,6:00,245
7444763761,U,IB,1,5,6010,127543,105,40:00.0,4,4:00,245
7444763799,U,IB,1,1,660,128136,112,34:00.0,6,5:00,245
7444763853,U,IB,1,1,1000,128291,105,19:00.0,7,5:00,245
7444763954,U,IB,1,1,464,127543,105,23:00.0,4,4:00,245
7444764239,U,IB,1,2,2760,122572,127,36:00.0,3,3:00,245
7444764266,U,CTY,1,1,920,121384,189,10:00.0,7,16:00,245
7444764275,U,OB,1,8,3310,117727,43,56:00.0,6,6:00,245
7444765613,U,OB,1,7,2565,118632,84,33:00.0,5,9:00,245
7444765687,U,IB,1,3,1605,132180,105,06:00.0,3,20:00,245
7444765705,U,IB,1,9,2797,132180,105,29:00.0,3,19:00,245
7444766466,U,OB,1,5,480,135500,90,59:00.0,5,9:00,245
7444766466,U,CTY,1,5,480,135500,231,00:00.0,5,10:00,245
7444766484,U,CTY,1,1,175,135500,171,45:00.0,5,11:00,245
7444766484,U,OB,1,1,175,135500,90,55:00.0,5,10:00,245
7444768336,U,IB,1,3,775,136874,111,02:00.0,6,8:00,245
7444768354,U,IB,1,8,2775,136874,111,04:00.0,6,8:00,245
7444771169,U,OB,1,1,668,139805,55,32:00.0,5,4:00,245
7444772433,U,IB,1,1,72,131894,103,24:00.0,5,3:00,245
7444777172,U,IB,1,1,240,127543,105,43:00.0,4,2:00,245
7444781361,U,IB,1,1,224,119666,105,16:00.0,3,2:00,245
7444781408,U,OB,1,1,189,131468,78,22:00.0,7,16:00,245
7444781417,U,IB,1,1,146,128663,104,19:00.0,5,8:00,245
7444781462,U,IB,1,1,171,128156,133,13:00.0,5,4:00,245
744478149X,U,IB,1,1,164,133770,164,58:00.0,3,13:00,245
744478149X,U,OB,1,1,164,133770,84,47:00.0,3,13:00,245
7444781563,U,IB,1,1,398,133160,113,26:00.0,4,22:00,245
7444781920,U,IB,1,1,147,136874,111,36:00.0,6,6:00,245
7444781958,U,OB,1,1,167,128901,89,28:00.0,4,12:00,245
7444782068,U,CTY,1,1,1210,132416,197,38:00.0,3,22:00,324
7444783332,U,OB,1,3,2247,127909,75,01:00.0,6,16:00,245
7444784542,U,OB,1,1,106,127909,75,05:00.0,6,16:00,245
744478457X,U,OB,1,10,10000,T24553173,75,53:00.0,5,17:00,245
7444784625,U,IB,1,2,998,133160,113,32:00.0,4,22:00,245
7444784780,U,IB,1,3,3636,138958,103,59:00.0,6,16:00,245
7444784845,U,OB,1,1,800,135500,90,45:00.0,5,6:00,245
7444784928,U,IB,1,1,485,290733,125,52:00.0,1,2:00,245
7444784946,U,IB,1,1,1390,290733,125,21:00.0,1,2:00,245
7444789144,U,IB,1,1,309,122572,127,31:00.0,3,3:00,245
7444789153,U,IB,1,1,772,128663,104,03:00.0,5,7:00,245
7444789171,U,IB,1,1,436,127088,108,25:00.0,6,11:00,245
7444789171,U,IB,1,1,436,127088,108,25:00.0,6,11:00,245
7444793113,U,IB,1,1,618,136874,111,02:00.0,6,7:00,245
744479315X,U,IB,1,3,250,128663,104,25:00.0,5,6:00,245
7444793205,U,IB,1,6,4936,136695,150,27:00.0,3,19:00,245
7444794177,U,IB,1,1,749,128291,105,08:00.0,7,8:00,245
7444794186,U,IB,1,1,88,128291,105,52:00.0,7,7:00,245
7444795598,U,IB,1,5,4065,132640,112,07:00.0,3,4:00,245
7444798467,U,OB,1,1,350,390205,51,40:00.0,7,17:00,245
7444798476,U,OB,1,1,100,390205,51,23:00.0,7,17:00,245
7444803242,U,IB,1,1,474,128663,104,27:00.0,5,7:00,245
7444803664,U,IB,1,1,119,131894,103,19:00.0,5,4:00,245
7444803682,U,CTY,1,1,117,123328,168,31:00.0,6,6:00,245
7444805938,U,OB,1,6,2050,136240,84,57:00.0,5,12:00,245
7444805956,U,OB,1,1,480,131468,78,15:00.0,7,16:00,245
7444814251,U,IB,1,8,17684,119666,105,43:00.0,3,2:00,245
7444818469,U,IB,1,2,2925,128156,133,46:00.0,5,5:00,245
7444818514,U,IB,1,1,27,128663,104,47:00.0,5,8:00,245
7444818532,U,IB,1,1,610,127543,105,35:00.0,4,2:00,245
7444818541,U,IB,1,1,200,127543,105,32:00.0,4,2:00,245
7444818606,U,IB,1,1,161,124021,101,43:00.0,5,11:00,245
7444818615,U,IB,1,2,2860,R621919186,117,33:00.0,5,12:00,245
7444821145,U,IB,1,1,166,132640,112,35:00.0,3,4:00,245
7444821154,U,OB,1,1,80,136006,75,56:00.0,4,6:00,245
7444821181,U,IB,1,1,196,128663,104,58:00.0,5,7:00,245
7444821181,U,CTY,1,1,196,128663,180,34:00.0,5,10:00,245
7444821594,U,IB,1,4,3755,430204,117,55:00.0,4,4:00,245
7444821603,U,OB,1,3,4430,136240,84,15:00.0,5,13:00,245
7444821621,U,IB,1,8,1881,124021,101,55:00.0,5,14:00,245
7444821630,U,CTY,1,2,420,T24553173,217,23:00.0,6,14:00,245
744482164X,U,CTY,1,2,232,T24553173,217,20:00.0,6,14:00,245
7444821659,U,CTY,1,2,335,T24553173,217,24:00.0,6,14:00,245
7444821686,U,IB,1,2,1872,139580,135,53:00.0,3,8:00,245
7444823749,U,OB,1,1,400,131468,78,22:00.0,7,15:00,245
7444823776,U,IB,1,1,222,127543,105,24:00.0,4,2:00,245
7444823830,U,OB,1,1,781,128901,89,40:00.0,4,12:00,245
7444823859,U,IB,1,2,931,128156,133,22:00.0,5,3:00,245
7444823877,U,IB,1,1,780,126018,112,05:00.0,7,2:00,245
7444823886,U,IB,1,1,358,126018,112,51:00.0,7,1:00,245
7444823895,U,IB,1,1,358,126018,112,59:00.0,7,1:00,245
7444828479,U,CTY,1,1,660,123328,168,28:00.0,6,3:00,245
7444828589,U,IB,1,1,815,133791,117,20:00.0,3,3:00,245
744483055X,U,IB,1,1,118,122572,127,25:00.0,3,2:00,245
7444832071,U,IB,1,1,477,430204,117,10:00.0,4,4:00,245
7444832080,U,IB,1,1,900,131894,103,31:00.0,5,4:00,245
744483209X,U,CTY,1,1,610,123328,168,54:00.0,6,7:00,245
7444832118,U,OB,1,2,2014,136006,75,28:00.0,4,7:00,245
7444832145,U,IB,1,3,3995,290733,125,13:00.0,1,2:00,245
7444832145,U,IB,1,3,3995,290733,165,35:00.0,1,12:00,245
7444832172,U,OB,1,1,181,135500,90,43:00.0,5,9:00,245
7444832181,U,OB,1,2,3017,139805,55,43:00.0,5,5:00,245
7444833539,U,IB,1,3,4734,430204,117,11:00.0,4,7:00,245
7444833584,U,IB,1,2,586,132640,112,41:00.0,3,4:00,245
7444833593,U,IB,1,1,1586,128136,112,41:00.0,6,6:00,245
7444833620,U,IB,1,1,2209,135383,101,37:00.0,3,6:00,245
7444833703,U,OB,1,1,785,133770,84,42:00.0,3,13:00,245
7444834235,U,OB,1,2,2564,136002,86,31:00.0,4,3:00,245
7444834271,U,OB,1,2,2553,132124,96,38:00.0,6,19:00,245
7444838992,U,IB,1,1,105,122572,127,22:00.0,3,2:00,245
7444839001,U,IB,1,5,1900,430204,117,24:00.0,4,6:00,245
7444839010,U,IB,1,5,2855,126461,115,54:00.0,7,7:00,245
7444839010,U,IB,1,5,2855,126461,113,49:00.0,7,4:00,245
744483902X,U,IB,1,1,68,132640,112,26:00.0,3,4:00,245
7444839039,U,IB,1,5,1925,127543,105,37:00.0,4,3:00,245
7444839048,U,CTY,1,2,1274,121384,189,51:00.0,7,15:00,245
7444839057,U,IB,1,1,68,135383,101,16:00.0,3,5:00,245
7444839066,U,OB,1,5,1915,138497,63,42:00.0,4,3:00,245
7444839075,U,OB,1,1,71,140190,66,31:00.0,7,6:00,245
7444839084,U,CTY,1,5,1830,136002,190,10:00.0,4,11:00,245
7444839084,U,OB,1,5,1830,136002,86,47:00.0,4,4:00,245
7444839093,U,OB,1,1,182,124058,89,15:00.0,7,3:00,245
7444844777,U,IB,1,1,805,131894,103,24:00.0,5,4:00,245
7444844813,U,IB,1,4,8192,126461,113,58:00.0,7,6:00,245
7444844822,U,OB,1,1,776,131468,78,01:00.0,7,16:00,245
7444844840,U,IB,1,1,2128,132640,112,35:00.0,3,3:00,245
744484485X,U,IB,1,1,101,127543,105,27:00.0,4,2:00,245
7444844914,U,OB,1,1,920,127198,88,29:00.0,6,4:00,245
7444845895,U,OB,1,1,210,133170,55,34:00.0,4,11:00,245
7444845904,U,OB,1,1,237,133170,55,57:00.0,4,11:00,245
7444845913,U,OB,1,1,197,133170,55,01:00.0,4,13:00,245
7444845922,U,OB,1,1,238,133170,55,55:00.0,4,12:00,245
7444845931,U,OB,1,1,231,133170,55,27:00.0,4,13:00,245
7444845940,U,OB,1,1,284,133170,55,13:00.0,4,13:00,245
7444847215,U,IB,1,1,378,133057,104,56:00.0,6,9:00,245
7444847224,U,IB,1,1,348,133057,104,51:00.0,6,9:00,245
7444847233,U,IB,1,1,228,133057,104,04:00.0,6,11:00,245
7444847242,U,IB,1,1,186,133057,104,27:00.0,6,9:00,245
7444847251,U,IB,1,1,200,133057,104,33:00.0,6,10:00,245
7444847260,U,IB,1,1,303,133057,104,01:00.0,6,10:00,245
7444847289,U,IB,1,1,294,133057,104,39:00.0,6,9:00,245
7444847307,U,IB,1,2,1024,133057,104,27:00.0,6,11:00,245
7444847316,U,IB,1,1,347,133057,104,30:00.0,6,11:00,245
7444847334,U,IB,1,1,198,133057,104,17:00.0,6,12:00,245
7444847343,U,IB,1,2,1765,133057,104,29:00.0,6,12:00,245
7444847417,U,OB,1,5,650,132545,55,34:00.0,3,18:00,245
7444847435,U,OB,1,2,680,139805,55,03:00.0,5,6:00,245
7444850598,U,IB,1,4,801,128311,111,14:00.0,3,11:00,245
7444850607,U,OB,1,4,887,128502,96,25:00.0,4,12:00,245
7444850616,U,OB,1,2,452,138363,78,54:00.0,5,6:00,245
7444950532,U,OB,1,1,1265,135866,52,53:00.0,6,1:00,409
7444951531,U,OB,1,3,5406,136512,31,53:00.0,4,4:00,409
7444951569,U,OB,1,1,2090,134483,51,26:00.0,4,3:00,409
7444955309,U,OB,1,2,980,842091,53,49:00.0,6,22:00,422
7444959460,U,OB,1,1,181,558981,51,30:00.0,4,2:00,409
744495947X,U,OB,1,1,167,135629,76,53:00.0,6,14:00,409
7444960405,U,OB,1,3,1265,137276,38,12:00.0,7,19:00,409
7444960414,U,OB,1,3,343,261307,60,43:00.0,3,4:00,409
7444960423,U,OB,1,4,750,261307,60,29:00.0,3,4:00,409
7444968590,U,OB,1,1,109,135232,50,05:00.0,7,13:00,409
7444973019,U,OB,1,1,139,430637,51,34:00.0,4,4:00,409
7444973540,U,OB,1,1,160,430637,51,51:00.0,4,5:00,409
7444985458,U,OB,1,2,755,125332,49,13:00.0,4,11:00,409
7444985613,U,OB,1,1,800,132108,52,37:00.0,5,6:00,409
7444985622,U,OB,1,2,1600,132108,52,46:00.0,5,6:00,409
7444985631,U,OB,1,1,480,132108,52,31:00.0,5,6:00,409
7444985640,U,OB,1,1,340,132108,52,56:00.0,5,6:00,409
7444985806,U,OB,1,1,355,133193,49,21:00.0,6,5:00,409
7444990215,U,OB,1,1,700,290957,67,19:00.0,6,4:00,409
744499126X,U,IB,1,2,103,38181,101,22:00.0,3,4:00,409
7444991288,U,OB,1,1,455,139932,76,48:00.0,5,6:00,409
7444991297,U,OB,1,1,257,133017,49,12:00.0,4,8:00,409
7444991306,U,IB,1,1,311,128171,103,09:00.0,2,19:00,409
7444991333,U,OB,1,1,97,121462,48,58:00.0,5,7:00,409
7444991342,U,IB,1,3,586,123382,162,45:00.0,7,0:00,409
7444991342,U,IB,1,3,586,123382,162,45:00.0,7,0:00,409
7444991342,U,IB,1,3,586,123382,160,05:00.0,7,1:00,409
7444991360,U,OB,1,1,203,123775,69,01:00.0,3,18:00,409
744499137X,U,IB,1,1,102,261265,112,45:00.0,6,2:00,409
7444992121,U,OB,1,1,945,138684,39,03:00.0,3,0:00,409
7444992168,U,OB,1,1,265,130549,56,04:00.0,4,14:00,409
7444992168,U,OB,1,1,265,130549,63,41:00.0,4,9:00,409
7444992195,U,OB,1,2,2150,128625,49,40:00.0,5,2:00,409
7444992231,U,OB,1,1,530,128625,49,38:00.0,5,2:00,409
7444992240,U,OB,1,1,1375,124574,60,07:00.0,6,2:00,409
7444992269,U,OB,1,1,272,124574,60,13:00.0,6,2:00,409
7444992296,U,OB,1,2,1589,276775,63,00:00.0,1,17:00,409
7444992341,U,OB,1,1,200,136419,53,44:00.0,3,4:00,409
744499236X,U,OB,1,1,530,136419,53,37:00.0,3,3:00,409
7444992388,U,OB,1,1,880,129798,67,53:00.0,4,2:00,409
7444992397,U,OB,1,1,867,129798,67,45:00.0,4,2:00,409
7444992406,U,OB,1,2,3350,430951,53,37:00.0,5,17:00,409
7444992424,U,OB,1,2,1655,138271,49,41:00.0,5,15:00,409
7444992433,U,OB,1,1,340,138271,49,34:00.0,5,15:00,409
7444992442,U,OB,1,1,588,133193,49,47:00.0,6,5:00,409
7444992451,U,OB,1,1,990,133193,49,31:00.0,6,5:00,409
744499247X,U,OB,1,1,580,134700,37,31:00.0,3,3:00,409
744499247X,U,OB,1,1,580,134700,72,23:00.0,3,3:00,409
7444992489,U,OB,1,1,2165,261307,60,33:00.0,3,5:00,409
7444992498,U,OB,1,1,2890,261307,60,58:00.0,3,5:00,409
7444992507,U,OB,1,1,575,134700,62,14:00.0,3,4:00,409
7444992507,U,OB,1,1,575,134700,62,14:00.0,3,4:00,409
7444992534,U,OB,1,2,1090,558981,51,45:00.0,4,10:00,409
7444992543,U,OB,1,1,350,134295,63,14:00.0,5,4:00,409
7444992552,U,OB,1,1,965,134295,63,02:00.0,5,4:00,409
7444992561,U,OB,1,5,2811,134295,63,23:00.0,5,5:00,409
744499258X,U,OB,1,1,360,134295,63,20:00.0,5,5:00,409
7444992599,U,OB,1,1,135,134295,63,17:00.0,5,4:00,409
7444992608,U,OB,1,1,355,135629,76,19:00.0,6,21:00,409
7444992644,U,OB,1,1,380,139487,52,35:00.0,7,10:00,409
7444992662,U,OB,1,4,4375,135206,50,47:00.0,4,8:00,409
7444992671,U,OB,1,1,180,134483,51,27:00.0,4,4:00,409
7444992680,U,OB,1,1,325,134483,51,21:00.0,4,4:00,409
744499269X,U,OB,1,1,803,134483,51,16:00.0,4,4:00,409
7444992709,U,OB,1,1,2790,290957,67,14:00.0,6,4:00,409
7444993863,U,OB,1,1,419,130549,63,43:00.0,4,9:00,409
7444993872,U,OB,1,1,374,134425,50,13:00.0,7,16:00,409
7444993881,U,OB,1,1,564,134425,50,09:00.0,7,16:00,409
7444993890,U,OB,1,1,153,137276,38,42:00.0,7,19:00,409
744499390X,U,OB,1,1,531,137528,35,13:00.0,7,11:00,409
744499390X,U,OB,1,1,531,137528,35,13:00.0,7,11:00,409
7444993919,U,OB,1,2,2095,137528,49,47:00.0,7,12:00,409
7444993928,U,OB,1,4,1093,139487,52,01:00.0,7,11:00,409
7444993937,U,OB,1,3,916,134846,53,46:00.0,7,11:00,409
7444995257,U,OB,1,1,55,129798,67,04:00.0,4,3:00,409
7444995266,U,OB,1,1,156,131113,40,23:00.0,6,10:00,409
7444995275,U,OB,1,1,157,129798,67,50:00.0,4,2:00,409
7444995320,U,OB,1,1,938,135629,76,56:00.0,6,14:00,409
744499533X,U,OB,1,1,379,134846,53,30:00.0,7,11:00,409
7444995349,U,OB,1,1,274,135232,50,13:00.0,7,13:00,409
7444995367,U,OB,1,3,3129,135232,50,59:00.0,7,12:00,409
7444995596,U,OB,1,1,114,129798,67,13:00.0,4,4:00,409
7444995861,U,OB,1,1,300,558981,51,52:00.0,4,10:00,409
7444995899,U,OB,1,1,300,558981,51,00:00.0,4,11:00,409
7444995935,U,OB,1,1,630,558981,51,28:00.0,4,11:00,409
7444996521,U,OB,1,32,1076,134835,78,01:00.0,7,23:00,409
744507409X,U,CTY,1,1,2006,135972,192,02:00.0,6,2:00,112
7445119263,U,CTY,1,1,749,133118,235,49:00.0,4,21:00,112
7445121079,U,CTY,1,3,4790,127259,235,06:00.0,3,22:00,112
7445121243,U,CTY,1,2,2792,133774,197,29:00.0,5,0:00,112
7445121656,U,CTY,1,2,2785,132666,236,48:00.0,2,9:00,112
7445121656,U,CTY,1,2,2785,132666,197,38:00.0,5,22:00,112
7445121802,U,OB,1,1,1607,138295,40,40:00.0,7,9:00,112
7445134241,U,CTY,1,3,5105,128325,196,35:00.0,2,2:00,112
7445134544,U,CTY,1,1,1058,249243,195,40:00.0,5,0:00,112
744513459X,U,IB,1,3,5040,139923,112,42:00.0,5,6:00,112
7445134618,U,OB,1,3,2263,138316,53,52:00.0,2,16:00,112
7445161411,U,IB,1,1,795,261280,127,26:00.0,5,17:00,347
7445161842,U,IB,1,1,104,119962,135,20:00.0,2,11:00,347
7445161916,U,CTY,1,1,136,211329,169,47:00.0,3,8:00,347
7445162008,U,CTY,1,1,716,136419,169,41:00.0,7,3:00,347
7445162383,U,IB,1,1,213,135278,163,18:00.0,1,6:00,347
7445162567,U,IB,1,1,770,124215,125,02:00.0,4,13:00,347
7445162630,U,IB,1,1,152,131306,151,40:00.0,4,21:00,347
7445162778,U,CTY,1,1,340,127177,197,51:00.0,4,13:00,347
7445162787,U,IB,1,2,532,119962,135,15:00.0,2,14:00,347
7445162906,U,IB,1,2,749,125149,151,51:00.0,3,19:00,347
7445218840,U,OB,1,5,1930,558986,52,52:00.0,3,6:00,650
7445218887,U,OB,1,1,225,135826,74,24:00.0,4,12:00,650
7445284593,U,CTY,1,1,190,CVEN44168,212,45:00.0,2,2:00,143
7445354461,U,CTY,1,1,165,131800,238,15:00.0,3,22:00,135
7445355058,U,CTY,1,1,170,261005,197,57:00.0,5,11:00,135
7445355498,U,IB,1,1,315,CVEN45559,151,49:00.0,6,6:00,135
7445355635,U,IB,1,1,369,CVEN46029,101,57:00.0,4,18:00,135
7445355727,U,OB,1,1,405,CVEN44129,95,05:00.0,7,4:00,135
7445377011,U,CTY,1,1,268,127388,172,47:00.0,5,5:00,814
7445434220,U,IB,1,1,215,136567,117,58:00.0,4,15:00,814
7445434249,U,IB,1,1,2000,136567,117,42:00.0,4,15:00,814
7445434743,U,IB,1,1,70,134111,141,07:00.0,4,16:00,814
7445448329,U,CTY,1,1,350,132904,175,01:00.0,7,11:00,814
7445480449,U,CTY,1,1,450,290033,195,14:00.0,3,16:00,621
7445518289,U,IB,1,1,670,138470,145,47:00.0,6,12:00,621
7445527372,U,CTY,1,9,5779,830887,175,49:00.0,3,13:00,621
7445551893,U,CTY,1,1,2600,290411,195,49:00.0,6,4:00,621
7445563333,U,IB,1,2,875,135748,151,24:00.0,6,15:00,621
7445578257,U,CTY,1,1,171,261071,176,18:00.0,7,3:00,621
7445636712,U,IB,1,2,655,124178,141,01:00.0,5,18:00,621
7445636759,U,CTY,1,1,560,137622,173,10:00.0,3,20:00,621
7445722072,U,CTY,1,1,555,134604,168,47:00.0,4,14:00,621
7445726968,U,IB,1,2,1075,430065,145,32:00.0,4,18:00,621
7445746153,U,CTY,1,2,5200,121754,173,29:00.0,7,10:00,621
7445753514,U,CTY,1,1,525,132969,172,07:00.0,1,7:00,621
7445753523,U,CTY,1,2,2081,132969,172,55:00.0,1,6:00,621
7445766788,U,CTY,1,4,615,132055,195,37:00.0,3,22:00,621
7445766797,U,CTY,1,4,605,131229,188,13:00.0,5,15:00,621
7445780217,U,CTY,1,1,577,125614,169,03:00.0,7,18:00,621
7445785340,U,CTY,1,1,798,135212,175,52:00.0,1,2:00,621
7445786276,U,CTY,1,1,172,118856,194,29:00.0,3,20:00,621
7445786285,U,IB,1,1,208,290302,163,27:00.0,1,2:00,621
7445790429,U,CTY,1,3,930,123720,173,50:00.0,7,3:00,621
7445810842,U,CTY,1,5,10750,127679,175,23:00.0,5,17:00,621
7445817305,U,IB,1,4,2781,127460,123,46:00.0,4,22:00,621
7445817323,U,IB,1,4,2936,127460,123,59:00.0,4,22:00,621
7445942485,U,OB,1,1,1515,126921,38,45:00.0,6,6:00,521
7445943145,U,OB,1,2,2890,131729,73,06:00.0,5,16:00,521
7445949379,U,IB,1,1,200,130967,133,04:00.0,5,6:00,521
7445949379,U,OB,1,1,200,130967,44,09:00.0,5,6:00,521
7445951431,U,OB,1,1,166,125891,51,11:00.0,6,4:00,521
744598170X,U,OB,1,1,1045,137797,72,55:00.0,4,14:00,521
7445993507,U,IB,1,1,505,134985,164,59:00.0,6,14:00,521
7445993543,U,IB,1,1,980,127882,123,52:00.0,1,22:00,521
7446005744,U,OB,1,1,1252,128416,40,08:00.0,7,16:00,521
7446005928,U,OB,1,1,159,140148,22,39:00.0,5,18:00,521
7446148515,U,CTY,1,1,2064,279944,187,42:00.0,7,2:00,511
7446148533,U,OB,1,3,3947,134548,84,45:00.0,2,2:00,511
7446180644,U,IB,1,2,3295,140420,125,31:00.0,5,5:00,511
7446189911,U,CTY,1,1,3310,132889,187,45:00.0,5,0:00,511
7446190003,U,CTY,1,1,3315,132889,187,34:00.0,5,0:00,511
7446211958,U,OB,1,1,143,134548,84,08:00.0,2,3:00,511
7446212003,U,CTY,1,5,5355,139580,173,35:00.0,6,12:00,511
7446224662,U,OB,1,2,196,126859,78,53:00.0,1,12:00,511
7446247230,U,IB,1,1,116,136702,103,36:00.0,5,3:00,511
744624834X,U,IB,1,1,285,290328,116,34:00.0,6,4:00,511
7446248541,U,IB,1,1,138,290328,116,40:00.0,6,4:00,511
7446251439,U,CTY,1,1,960,133203,197,56:00.0,1,16:00,511
7446256654,U,IB,1,1,640,136702,103,45:00.0,5,3:00,511
7446256957,U,OB,1,1,350,125722,51,43:00.0,1,13:00,511
7446259752,U,CTY,1,1,288,290980,168,23:00.0,4,16:00,511
7446274896,U,OB,1,2,973,134548,84,57:00.0,2,2:00,511
7446275024,U,CTY,1,1,464,137452,194,35:00.0,2,8:00,511
7446275033,U,IB,1,2,786,290328,116,51:00.0,6,5:00,511
7446396574,U,IB,1,2,3134,123834,127,34:00.0,4,15:00,511
7446404815,U,CTY,1,2,420,139580,173,59:00.0,6,12:00,511
7446416677,U,OB,1,1,55,211720,73,24:00.0,6,13:00,511
7446451042,U,OB,1,3,6870,126859,78,18:00.0,1,13:00,511
744645932X,U,IB,1,1,143,136702,103,04:00.0,5,4:00,511
7446526338,U,IB,1,2,334,126278,164,00:00.0,6,3:00,511
7446526401,U,IB,1,2,500,129776,135,09:00.0,6,14:00,511
7446545487,U,CTY,1,1,85,137861,236,23:00.0,3,3:00,511
7446545487,U,CTY,1,1,85,137861,231,51:00.0,2,21:00,511
7446545487,U,CTY,1,1,85,137861,236,43:00.0,4,22:00,511
7446546376,U,CTY,1,1,1868,139518,169,42:00.0,4,7:00,511
744654644X,U,CTY,1,1,270,139518,169,06:00.0,4,6:00,511
7446567000,U,IB,1,4,1460,290769,129,15:00.0,6,15:00,511
7446567642,U,CTY,1,2,1900,139580,173,47:00.0,6,12:00,511
7446567660,U,OB,1,1,314,134548,84,30:00.0,2,4:00,511
7446567725,U,CTY,1,1,850,279944,187,29:00.0,7,3:00,511
744659858X,U,IB,1,3,6823,140420,125,48:00.0,5,6:00,511
7446600826,U,CTY,1,1,360,139518,169,13:00.0,4,6:00,511
7446601055,U,IB,1,1,250,129776,135,54:00.0,6,13:00,511
7446605089,U,CTY,1,3,8275,139912,174,17:00.0,5,16:00,511
7446629783,U,CTY,1,1,225,124352,194,22:00.0,6,1:00,326
7446630250,U,CTY,1,1,298,131130,169,30:00.0,1,12:00,326
7446685122,U,IB,1,2,4223,136712,105,11:00.0,2,17:00,326
7446703144,U,IB,1,4,9530,129061,105,24:00.0,4,4:00,326
7446703171,U,CTY,1,6,14280,249234,172,07:00.0,5,16:00,326
7446703180,U,IB,1,1,1621,133520,145,22:00.0,1,8:00,326
744670319X,U,IB,1,6,14495,123514,145,53:00.0,5,8:00,326
7446703209,U,IB,1,2,4800,132764,125,24:00.0,6,10:00,326
7446703218,U,CTY,1,1,376,410361,169,16:00.0,5,3:00,326
7446708323,U,CTY,1,1,341,139787,201,35:00.0,1,15:00,326
7446708323,U,CTY,1,1,341,139787,201,35:00.0,1,15:00,326
7446745622,U,IB,1,1,172,133349,149,15:00.0,7,13:00,326
7446745842,U,CTY,1,1,370,124352,194,25:00.0,6,1:00,326
7446745842,U,CTY,1,1,370,124352,191,27:00.0,6,1:00,326
7446766037,U,IB,1,1,60,123757,163,59:00.0,4,23:00,326
7446784755,U,IB,1,2,529,136097,149,47:00.0,7,7:00,326
7446788935,U,IB,1,2,1325,139792,145,44:00.0,4,22:00,326
7446793912,U,IB,1,1,355,126855,143,10:00.0,7,13:00,326
7446804656,U,IB,1,6,10710,139792,145,29:00.0,4,22:00,326
7446804692,U,IB,1,1,350,126855,143,04:00.0,7,13:00,326
7446821138,U,CTY,1,1,840,290164,187,14:00.0,4,19:00,326
7446877503,U,CTY,1,1,99,136654,189,34:00.0,1,12:00,326
7446908716,U,OB,1,1,250,126080,49,45:00.0,5,22:00,730
7446908725,U,OB,1,1,350,126080,49,33:00.0,5,21:00,730
7446908743,U,OB,1,2,1310,130580,61,45:00.0,6,20:00,730
7446908743,U,OB,1,2,1310,130580,61,45:00.0,6,20:00,730
7446908752,U,OB,1,1,100,137607,32,55:00.0,7,20:00,730
7446908761,U,OB,1,1,310,135685,39,27:00.0,1,18:00,730
744692374X,U,IB,1,5,4200,131459,116,11:00.0,7,9:00,108
7446947418,U,CTY,1,4,3305,121248,205,01:00.0,2,12:00,108
7446947867,U,IB,1,1,859,131459,116,32:00.0,7,7:00,108
7446966172,U,OB,1,1,440,133263,96,21:00.0,3,5:00,108
7446969710,U,CTY,1,1,3046,121248,205,22:00.0,2,12:00,108
7446972442,U,IB,1,1,550,137150,116,15:00.0,2,22:00,108
744697687X,U,CTY,1,11,4522,135140,169,12:00.0,7,14:00,108
7446976961,U,OB,1,1,605,134771,95,12:00.0,3,7:00,108
7446976999,U,IB,1,1,141,130551,127,24:00.0,2,20:00,108
7446977017,U,OB,1,3,1685,211083,90,34:00.0,2,8:00,108
7446978721,U,IB,1,1,215,135914,104,09:00.0,1,7:00,108
7446978759,U,IB,1,3,530,135914,104,41:00.0,1,6:00,108
7446978786,U,IB,1,2,260,135914,104,03:00.0,1,7:00,108
7446978905,U,OB,1,2,301,136007,95,27:00.0,6,22:00,108
7446978905,U,IB,1,2,301,136007,110,28:00.0,6,22:00,108
7446978914,U,IB,1,3,610,290406,116,58:00.0,7,1:00,108
7446978923,U,OB,1,4,865,136007,95,17:00.0,6,22:00,108
7446978932,U,IB,1,2,365,290406,116,50:00.0,7,1:00,108
7446979262,U,IB,1,1,249,137150,116,53:00.0,2,21:00,108
7446980656,U,OB,1,2,1880,135973,95,00:00.0,7,5:00,108
744698325X,U,OB,1,1,725,136007,95,36:00.0,6,19:00,108
7446983379,U,CTY,1,2,170,135140,169,23:00.0,7,13:00,108
7446985083,U,CTY,1,1,99,126864,175,13:00.0,1,18:00,108
7446985404,U,CTY,1,1,4,290757,197,56:00.0,7,5:00,108
744698545X,U,CTY,1,1,152,290757,197,03:00.0,7,4:00,108
7446985505,U,CTY,1,3,36,290757,197,02:00.0,7,6:00,108
7446997641,U,IB,1,1,180,122603,105,04:00.0,4,19:00,108
7446999383,U,OB,1,1,485,125155,98,27:00.0,5,10:00,108
7446999392,U,OB,1,3,1820,125155,98,00:00.0,5,10:00,108
7446999457,U,IB,1,1,392,128288,116,53:00.0,1,16:00,108
7446999612,U,IB,1,5,1070,128288,116,53:00.0,1,15:00,108
7446999677,U,CTY,1,3,1573,124322,192,00:00.0,7,9:00,108
7446999814,U,IB,1,3,1325,129921,112,42:00.0,1,17:00,108
7446999989,U,IB,1,1,364,135914,104,02:00.0,1,8:00,108
7447000108,U,OB,1,1,581,135973,95,10:00.0,7,5:00,108
7447000254,U,IB,1,1,498,290406,116,24:00.0,7,0:00,108
7447004012,U,IB,1,1,1626,126114,104,49:00.0,5,2:00,108
7447006670,U,OB,1,5,5875,131022,88,44:00.0,6,4:00,108
744700668X,U,IB,1,1,1890,128288,116,02:00.0,1,17:00,108
7447008468,U,OB,1,2,1583,131445,86,24:00.0,3,15:00,108
7447018963,U,OB,1,1,1075,125155,98,50:00.0,5,8:00,108
7447018972,U,OB,1,3,1500,125155,98,47:00.0,5,8:00,108
7447019028,U,IB,1,3,2415,122603,105,09:00.0,4,20:00,108
7447019311,U,OB,1,2,1205,130709,95,35:00.0,2,15:00,108
744701933X,U,OB,1,3,1635,134771,95,18:00.0,3,4:00,108
7447019376,U,IB,1,1,840,132835,125,16:00.0,7,10:00,108
744703176X,U,IB,1,1,1275,135914,104,47:00.0,1,6:00,108
7447067446,U,OB,1,1,475,125155,98,31:00.0,5,8:00,108
7447119714,U,OB,1,1,130,276230,38,17:00.0,5,17:00,754
7447119779,U,OB,1,1,90,122423,14,09:00.0,6,9:00,754
7447119815,U,OB,1,1,120,125746,46,35:00.0,6,1:00,754
744714638X,U,CTY,1,5,290,128898,231,36:00.0,6,6:00,890
744714638X,U,IB,1,5,290,128898,133,57:00.0,5,18:00,890
7447156968,U,IB,1,1,265,127772,158,30:00.0,4,0:00,658
7447163229,U,CTY,1,5,326,140322,176,21:00.0,7,6:00,820
7447169178,U,CTY,1,24,2513,134796,168,55:00.0,5,21:00,820
7447176575,U,CTY,1,18,8781,134796,168,53:00.0,5,21:00,820
7447180645,U,CTY,1,1,139,121768,233,39:00.0,2,22:00,820
7447180645,U,CTY,1,1,139,121768,188,26:00.0,2,12:00,820
7447180645,U,CTY,1,1,139,121768,235,18:00.0,3,20:00,820
7447253400,U,OB,1,2,1517,559259,84,08:00.0,7,15:00,679
7447253429,U,OB,1,2,1612,559259,84,02:00.0,7,15:00,679
7447253869,U,CTY,1,2,1990,129628,195,53:00.0,7,3:00,679
7447253905,U,IB,1,2,1605,130772,143,22:00.0,6,14:00,679
7447292881,U,IB,1,1,266,261332,131,53:00.0,2,0:00,679
7447292964,U,CTY,1,1,167,127259,194,46:00.0,6,23:00,679
7447335855,U,IB,1,2,834,127688,147,17:00.0,5,10:00,833
7447335855,U,IB,1,2,834,127688,123,00:00.0,5,10:00,833
7447335855,U,IB,1,2,834,127688,147,07:00.0,5,10:00,833
7447341061,U,CTY,1,2,617,134796,168,17:00.0,5,21:00,833
7447341447,U,IB,1,1,631,132655,164,52:00.0,5,1:00,833
7447342089,U,CTY,1,1,577,137493,192,58:00.0,2,14:00,833
7447342107,U,CTY,1,3,1006,137493,192,03:00.0,2,15:00,833
7447342217,U,CTY,1,36,220,140322,176,49:00.0,7,4:00,833
7447346561,U,CTY,1,1,310,140322,176,22:00.0,7,8:00,833
7447346570,U,CTY,1,1,190,530699,197,55:00.0,4,18:00,833
7447352144,U,IB,1,1,230,132504,150,00:00.0,5,6:00,833
7447358075,U,IB,1,2,675,132504,150,36:00.0,5,6:00,833
7447367416,U,CTY,1,2,889,138851,194,57:00.0,2,17:00,833
7447372420,U,CTY,1,2,655,TTMS750524,189,48:00.0,2,8:00,833
7447372420,U,IB,1,2,655,TTMS750524,137,46:00.0,2,20:00,833
7447377453,U,CTY,1,1,500,138851,194,55:00.0,2,17:00,833
7447410453,U,CTY,1,2,1090,134055,195,30:00.0,3,20:00,833
7447424102,U,CTY,1,3,214,137462,188,44:00.0,6,15:00,833
7447426037,U,CTY,1,1,160,128432,175,06:00.0,3,5:00,833
7447426540,U,CTY,1,1,549,138028,176,25:00.0,4,3:00,833
7447449559,U,CTY,1,6,5940,130882,175,50:00.0,2,7:00,833
7447457708,U,CTY,1,1,337,137324,174,36:00.0,3,3:00,833
744746494X,U,CTY,1,1,355,134501,174,46:00.0,5,18:00,833
7447464968,U,CTY,1,1,370,TTMS144654,194,38:00.0,2,12:00,833
7447473905,U,CTY,1,10,15210,129734,175,09:00.0,4,20:00,833
7447482155,U,IB,1,6,2175,133162,163,38:00.0,7,14:00,833
7447486986,U,CTY,1,6,6180,129734,175,55:00.0,4,20:00,833
7447489781,U,CTY,1,1,120,137397,176,14:00.0,6,20:00,833
7447494823,U,CTY,1,3,2746,133168,172,09:00.0,2,20:00,833
744750751X,U,CTY,1,2,550,131595,196,25:00.0,3,4:00,833
7447512589,U,CTY,1,2,600,131664,188,21:00.0,2,19:00,833
7447528721,U,CTY,1,1,175,129734,175,12:00.0,4,21:00,833
7447536394,U,CTY,1,1,231,135997,195,24:00.0,5,18:00,833
7447536403,U,CTY,1,1,385,135997,195,25:00.0,5,18:00,833
7447536899,U,CTY,1,7,1762,135997,195,17:00.0,5,21:00,833
7447545149,U,CTY,1,3,1355,135897,192,16:00.0,4,7:00,833
744754689X,U,CTY,1,2,695,134501,174,26:00.0,5,18:00,833
7447547129,U,IB,1,3,909,137516,163,41:00.0,5,22:00,833
7447557276,U,CTY,1,3,1745,133168,172,55:00.0,2,20:00,833
7447571356,U,CTY,1,1,355,530699,197,22:00.0,5,1:00,833
7447578506,U,CTY,1,2,800,290977,194,23:00.0,6,3:00,840
7447583840,U,IB,1,5,2872,558206,125,59:00.0,5,18:00,840
7447591100,U,IB,1,1,360,135543,163,25:00.0,7,0:00,840
7447616950,U,CTY,1,2,2920,125345,169,59:00.0,3,16:00,840
7447632049,U,IB,1,2,2380,558206,125,50:00.0,5,18:00,840
7447638346,U,IB,1,1,380,135543,163,27:00.0,7,1:00,840
7447654561,U,CTY,1,2,2910,126944,189,22:00.0,2,6:00,840
7447654671,U,CTY,1,1,451,139630,192,09:00.0,7,5:00,840
7447654671,U,IB,1,1,451,139630,115,16:00.0,7,8:00,840
7447654763,U,CTY,1,2,2445,HAEI25964,169,10:00.0,5,16:00,840
7447655230,U,IB,1,3,3620,129663,158,00:00.0,3,15:00,840
7447655946,U,IB,1,3,3555,HAEI23005,117,32:00.0,7,4:00,840
7447665415,U,CTY,1,1,300,125345,169,45:00.0,3,17:00,840
744766547X,U,CTY,1,2,700,123843,194,41:00.0,3,0:00,840
7447672024,U,OB,1,3,1591,136623,88,28:00.0,3,22:00,840
7447678615,U,OB,1,3,1636,136492,48,42:00.0,5,16:00,558
744768362X,U,OB,1,1,236,136492,48,29:00.0,5,16:00,558
7447685664,U,IB,1,1,247,128760,115,51:00.0,4,14:00,558
7447685664,U,IB,1,1,247,128760,115,44:00.0,4,20:00,558
7447685664,U,OB,1,1,247,128760,89,30:00.0,4,6:00,558
7447685691,U,OB,1,1,336,128760,89,42:00.0,4,7:00,558
7447692181,U,IB,1,1,654,290036,163,43:00.0,7,8:00,558
7447692237,U,IB,1,2,2221,132073,112,50:00.0,6,22:00,558
7447703594,U,OB,1,8,442,128760,89,15:00.0,4,7:00,555
7447709011,U,IB,1,2,179,125049,131,37:00.0,3,16:00,558
7447709058,U,OB,1,2,139,125969,46,35:00.0,7,3:00,558
7447710699,U,IB,1,2,297,290036,163,17:00.0,7,9:00,558
7447710762,U,IB,1,2,342,134122,151,19:00.0,6,7:00,558
7447717472,U,OB,1,3,1333,125969,46,04:00.0,7,7:00,558
7447733303,U,CTY,1,3,1500,132830,194,20:00.0,4,8:00,630
7447734825,U,IB,1,1,915,137312,129,43:00.0,2,13:00,630
7447735182,U,IB,1,2,850,122417,149,46:00.0,2,12:00,630
744774038X,U,OB,1,1,260,130558,1,30:00.0,6,10:00,630
744774038X,U,IB,1,1,260,130558,163,21:00.0,6,6:00,630
7447763068,U,IB,1,1,275,125402,105,18:00.0,3,18:00,630
7447772326,U,CTY,1,2,4630,136664,188,39:00.0,2,18:00,630
7447772326,U,IB,1,2,4630,136664,167,43:00.0,3,16:00,630
7447772371,U,IB,1,2,2370,126627,164,58:00.0,4,20:00,630
7447772445,U,IB,1,1,678,125024,164,20:00.0,6,2:00,630
7447772757,U,IB,1,4,8580,131674,152,53:00.0,6,13:00,630
7447787762,U,CTY,1,1,320,133988,194,22:00.0,2,16:00,642
744779032X,U,CTY,1,1,1166,133143,169,50:00.0,7,10:00,642
7447794189,U,IB,1,1,580,137782,105,29:00.0,1,6:00,642
7447794445,U,IB,1,1,650,128321,151,41:00.0,2,15:00,642
7447794445,U,IB,1,1,650,128321,118,03:00.0,2,16:00,642
7447810972,U,CTY,1,3,1100,T730211715,169,50:00.0,2,1:00,642
7447814245,U,IB,1,110,3520,261149,125,43:00.0,3,16:00,642
7447814290,U,IB,1,1,1271,139677,145,57:00.0,5,13:00,642
744784180X,U,IB,1,1,33,135950,123,28:00.0,3,10:00,642
7447845292,U,CTY,1,3,201,125602,169,35:00.0,6,22:00,642
7447846567,U,IB,1,2,1070,123961,151,52:00.0,4,15:00,642
7447849591,U,CTY,1,1,445,133913,187,02:00.0,1,0:00,642
7447878842,U,IB,1,1,275,131617,158,47:00.0,4,8:00,642
7447878851,U,CTY,1,1,376,128598,173,42:00.0,5,17:00,642
7447878898,U,IB,1,1,313,128333,135,58:00.0,2,10:00,642
7447878934,U,IB,1,1,711,131475,104,10:00.0,7,12:00,642
7447880840,U,IB,1,6,1700,140278,127,01:00.0,4,16:00,642
7447880840,U,CTY,1,6,1700,140278,169,59:00.0,4,18:00,642
7447906315,U,IB,1,1,396,211474,117,54:00.0,3,15:00,642
7447906324,U,IB,1,1,158,211474,117,57:00.0,3,15:00,642
7447924602,U,IB,1,1,191,138651,131,41:00.0,3,6:00,642
7447924703,U,IB,1,1,586,135950,123,10:00.0,3,9:00,642
7447924768,U,IB,1,1,260,140278,127,38:00.0,4,17:00,642
7447928131,U,IB,1,1,185,128821,117,25:00.0,1,17:00,890
7447935061,U,IB,1,2,2946,130967,133,16:00.0,5,10:00,521
7447935117,U,OB,1,1,295,133578,76,04:00.0,4,5:00,521
7447950856,U,IB,1,3,4400,202236,125,02:00.0,1,5:00,158
7447950957,U,CTY,1,5,9360,133774,197,57:00.0,4,22:00,158
7447950993,U,CTY,1,3,1631,135321,194,47:00.0,7,11:00,158
7448014894,U,IB,1,1,418,122376,149,06:00.0,4,16:00,158
7448014977,U,CTY,1,1,477,134402,176,01:00.0,4,11:00,158
7448060517,U,CTY,1,3,7746,135924,237,13:00.0,5,19:00,158
7448060517,U,IB,1,3,7746,135924,112,03:00.0,5,8:00,158
7448061451,U,CTY,1,4,7514,135109,196,51:00.0,4,3:00,158
7448064156,U,CTY,1,7,16791,138158,196,01:00.0,2,12:00,158
7448064358,U,IB,1,1,3454,135099,164,56:00.0,5,2:00,158
7448064486,U,CTY,1,1,969,132816,197,57:00.0,6,0:00,158
7448064605,U,CTY,1,4,9148,135321,194,58:00.0,7,11:00,158
7448069427,U,IB,1,2,655,118550,129,32:00.0,7,22:00,158
7448069427,U,OB,1,2,655,118550,98,42:00.0,7,22:00,158
7448074514,U,CTY,1,1,2152,128691,196,50:00.0,2,17:00,158
7448081756,U,CTY,1,1,161,126370,196,24:00.0,7,15:00,158
7448082892,U,CTY,1,1,334,45605,175,42:00.0,5,15:00,158
7448087420,U,CTY,1,6,2498,138204,220,33:00.0,2,22:00,158
7448091930,U,CTY,1,4,676,132666,231,18:00.0,6,13:00,158
7448184110,U,IB,1,1,355,131207,151,46:00.0,3,22:00,616
7448184184,U,IB,1,1,157,123933,101,38:00.0,5,3:00,616
744818423X,U,IB,1,5,2147,132136,113,07:00.0,2,1:00,616
744818423X,U,OB,1,5,2147,132136,99,08:00.0,2,1:00,616
7448184386,U,OB,1,3,585,125699,89,17:00.0,4,15:00,616
7448184404,U,IB,1,1,569,127711,105,11:00.0,4,0:00,616
7448184597,U,IB,1,1,270,119379,117,46:00.0,5,18:00,616
7448184725,U,OB,1,1,623,128325,52,29:00.0,4,5:00,616
7448252467,U,CTY,1,1,555,131845,197,08:00.0,2,1:00,324
7448252851,U,CTY,1,1,698,132416,197,56:00.0,4,1:00,324
7448254180,U,IB,1,1,410,131233,149,35:00.0,6,13:00,324
7448254456,U,IB,1,1,564,126748,163,39:00.0,2,19:00,324
7448255666,U,CTY,1,117,588,134974,187,34:00.0,4,1:00,324
7448367738,U,IB,1,2,1413,135053,131,24:00.0,1,3:00,531
7448367738,U,IB,1,2,1413,135053,121,24:00.0,1,7:00,531
7448369186,U,IB,1,1,1048,117815,135,25:00.0,5,7:00,531
7448369332,U,IB,1,1,1635,135735,131,39:00.0,7,21:00,531
7448371056,U,CTY,1,1,150,133491,176,06:00.0,6,14:00,531
7448375483,U,IB,1,1,1077,125111,158,22:00.0,1,10:00,531
7448380956,U,IB,1,1,261,133291,105,27:00.0,7,2:00,531
7448381039,U,IB,1,1,222,131385,101,41:00.0,5,5:00,531
7448389509,U,IB,1,1,800,135735,131,55:00.0,7,21:00,531
7448406613,U,IB,1,1,143,353210,158,38:00.0,5,18:00,531
7448406696,U,IB,1,1,273,137980,123,18:00.0,6,11:00,531
744840676X,U,CTY,1,2,1005,116869,192,28:00.0,7,2:00,531
7448410867,U,CTY,1,1,198,134897,188,23:00.0,5,19:00,531
7448452667,U,OB,1,3,2304,132377,52,49:00.0,6,5:00,402
7448453419,U,OB,1,2,2130,125430,32,30:00.0,4,5:00,402
7448453491,U,CTY,1,4,1860,126914,176,57:00.0,1,13:00,402
7448453529,U,OB,1,7,4087,249172,60,03:00.0,5,13:00,402
7448453538,U,IB,1,3,2763,431022,103,58:00.0,3,18:00,402
7448453639,U,OB,1,6,2460,123105,18,34:00.0,5,8:00,402
7448453767,U,OB,1,11,6143,125176,31,13:00.0,7,0:00,402
7448485227,U,CTY,1,1,2206,202127,197,17:00.0,1,23:00,152
7448497336,U,CTY,1,1,315,128578,228,44:00.0,7,3:00,152
7448497336,U,CTY,1,1,315,128578,195,51:00.0,6,13:00,152
7448499316,U,CTY,1,2,3697,128578,195,17:00.0,6,13:00,152
7448573768,U,CTY,1,1,788,135109,196,13:00.0,4,5:00,152
7448584840,U,OB,1,1,175,135900,38,37:00.0,7,6:00,152
744858529X,U,CTY,1,1,638,134953,188,46:00.0,2,16:00,152
7448619600,U,CTY,1,1,325,133888,231,13:00.0,4,15:00,152
7448619600,U,CTY,1,1,325,133888,189,11:00.0,4,15:00,152
7448674748,U,OB,1,1,340,139806,95,44:00.0,4,0:00,152
7448674775,U,CTY,1,2,1440,136760,197,05:00.0,6,10:00,152
7448677397,U,CTY,1,1,200,126069,189,30:00.0,3,22:00,152
7448677397,U,CTY,1,1,200,126069,182,31:00.0,3,22:00,152
7448681622,U,CTY,1,1,410,261005,197,10:00.0,5,12:00,152
7448698232,U,IB,1,4,3779,CVEN43549,133,23:00.0,4,15:00,152
7448722735,U,CTY,1,1,463,137129,172,21:00.0,2,5:00,152
7448722744,U,CTY,1,1,1239,137129,172,39:00.0,2,3:00,152
7448722771,U,CTY,1,1,451,132816,197,04:00.0,6,2:00,152
7448739262,U,CTY,1,2,492,133417,187,00:00.0,1,22:00,152
7448742003,U,CTY,1,144,1820,CVEN44786,168,34:00.0,1,22:00,152
744877900X,U,CTY,1,1,450,128683,172,50:00.0,1,19:00,152
7448779962,U,IB,1,1,78,123681,141,27:00.0,4,8:00,152
7448792814,U,CTY,1,1,382,126069,200,26:00.0,3,22:00,152
7448792814,U,CTY,1,1,382,126069,200,26:00.0,3,22:00,152
7448792915,U,IB,1,1,139,127781,149,09:00.0,1,19:00,152
7448797461,U,OB,1,4,4530,128622,58,17:00.0,2,1:00,152
7448809864,U,CTY,1,2,2696,249345,197,53:00.0,7,18:00,152
7448840307,U,IB,1,1,2416,CVEN44615,113,25:00.0,6,11:00,152
7448855743,U,CTY,1,1,115,129714,172,55:00.0,4,3:00,152
7448881878,U,IB,1,1,515,129798,149,24:00.0,1,3:00,318
7448881905,U,IB,1,1,865,126057,149,32:00.0,5,12:00,318
7448881923,U,IB,1,1,1180,126057,115,41:00.0,5,13:00,318
7448881923,U,IB,1,1,1180,126057,149,22:00.0,5,13:00,318
7448888844,U,CTY,1,1,101,127578,174,44:00.0,3,22:00,318
7448889064,U,IB,1,1,167,135956,163,06:00.0,5,14:00,318
7448903658,U,IB,1,1,320,135748,151,12:00.0,6,13:00,371
7448903703,U,CTY,1,1,40,125831,169,02:00.0,4,14:00,371
7448905959,U,IB,1,1,90,128503,127,57:00.0,4,20:00,318
7448906289,U,CTY,1,1,110,135720,169,09:00.0,4,14:00,318
744890649X,U,IB,1,1,175,126057,149,46:00.0,5,14:00,318
7448906664,U,CTY,1,1,440,132756,189,17:00.0,7,18:00,318
7448906691,U,CTY,1,1,90,132756,189,30:00.0,7,18:00,318
7448907663,U,CTY,1,1,1065,121863,175,37:00.0,1,10:00,318
7448911513,U,IB,1,3,174,129798,149,54:00.0,1,3:00,318
744892035X,U,IB,1,2,400,135956,163,45:00.0,5,13:00,318
7448920369,U,CTY,1,5,1860,119363,168,07:00.0,7,11:00,318
7448922706,U,IB,1,8,5043,133966,116,24:00.0,3,21:00,318
7448937015,U,CTY,1,1,360,125036,174,31:00.0,6,0:00,318
7448937024,U,IB,1,2,685,261079,151,14:00.0,6,12:00,318
7448937372,U,IB,1,3,930,134682,116,32:00.0,4,21:00,318
7448937390,U,CTY,1,2,1125,132756,189,03:00.0,7,19:00,318
7448937592,U,CTY,1,3,1145,121863,175,52:00.0,1,11:00,318
7448937693,U,CTY,1,2,1080,119363,168,21:00.0,7,10:00,318
7448954514,U,CTY,1,1,130,281030,189,42:00.0,6,19:00,318
7448954523,U,CTY,1,1,130,281030,189,44:00.0,6,19:00,318
7448954550,U,CTY,1,1,625,125296,196,50:00.0,4,19:00,318
7448955210,U,CTY,1,3,1465,127578,174,49:00.0,3,22:00,318
7448955210,U,IB,1,3,1465,127578,161,29:00.0,4,3:00,318
7448955284,U,CTY,1,2,1080,124081,169,20:00.0,7,7:00,318
7448957118,U,IB,1,1,173,126057,149,26:00.0,5,14:00,318
744896611X,U,CTY,1,1,132,135534,188,22:00.0,6,4:00,318
7448994251,U,OB,1,3,3185,128854,86,03:00.0,3,13:00,318
7448994646,U,OB,1,1,850,132416,17,56:00.0,6,16:00,318
744899471X,U,OB,1,2,1075,128854,86,57:00.0,3,14:00,318
7448994774,U,CTY,1,3,2450,281030,189,58:00.0,6,19:00,318
7448995104,U,CTY,1,1,519,124081,169,29:00.0,7,6:00,318
7448997093,U,IB,1,1,322,128503,127,27:00.0,4,21:00,318
7449000512,U,OB,1,1,1840,128854,86,35:00.0,3,13:00,318
7449000613,U,IB,1,2,3554,130751,141,22:00.0,1,9:00,318
7449000723,U,CTY,1,1,885,127578,174,17:00.0,3,22:00,318
7449000750,U,CTY,1,1,1714,127578,174,23:00.0,3,21:00,318
7449009110,U,CTY,1,1,640,281030,189,35:00.0,6,18:00,318
744900912X,U,IB,1,55,280,126057,149,56:00.0,5,11:00,318
7449009175,U,CTY,1,1,328,281030,189,28:00.0,6,18:00,318
7449009211,U,CTY,1,1,196,PASC533243,187,53:00.0,2,8:00,318
7449009267,U,CTY,1,1,225,125296,196,57:00.0,4,21:00,318
7449009267,U,IB,1,1,225,125296,156,29:00.0,4,22:00,318
7449009413,U,OB,1,1,2536,128854,86,52:00.0,3,12:00,318
7449015739,U,CTY,1,1,2900,131160,189,21:00.0,6,5:00,309
7449020826,U,CTY,1,2,8300,121863,175,01:00.0,1,12:00,318
7449020826,U,IB,1,2,8300,121863,165,08:00.0,1,12:00,318
7449020826,U,IB,1,2,8300,121863,165,35:00.0,1,12:00,318
7449020880,U,CTY,1,1,350,119363,168,56:00.0,7,8:00,318
7449020972,U,CTY,1,2,471,132756,189,07:00.0,7,19:00,318
7449025363,U,CTY,1,4,3548,137469,175,30:00.0,3,15:00,318
7449029662,U,CTY,1,1,520,135720,169,22:00.0,4,15:00,318
7449029680,U,CTY,1,5,1160,135720,169,07:00.0,4,16:00,318
7449041387,U,CTY,1,1,620,124349,169,22:00.0,5,14:00,318
7449044943,U,IB,1,2,930,126057,149,28:00.0,5,13:00,318
7449044961,U,CTY,1,2,585,127578,174,37:00.0,3,22:00,318
7449044970,U,CTY,1,2,956,135720,169,58:00.0,4,14:00,318
7449048665,U,CTY,1,1,520,41166,175,52:00.0,5,8:00,318
744904872X,U,CTY,1,2,2965,131289,194,23:00.0,6,13:00,318
7449051442,U,IB,1,7,6636,134553,141,13:00.0,3,16:00,318
7449056365,U,IB,1,2,750,126057,149,24:00.0,5,12:00,318
7449056448,U,CTY,1,2,1339,PASC533243,187,48:00.0,2,7:00,318
7449056484,U,IB,1,2,752,134553,141,35:00.0,3,17:00,318
7449056549,U,CTY,1,1,550,125036,174,52:00.0,5,22:00,318
7449056915,U,CTY,1,2,1069,135720,169,36:00.0,4,14:00,318
7449056998,U,IB,1,2,739,135854,151,46:00.0,6,21:00,318
7449074039,U,CTY,1,2,1477,121863,175,28:00.0,1,11:00,318
7449074607,U,CTY,1,1,115,121584,196,29:00.0,7,21:00,318
7449074625,U,CTY,1,1,340,125161,195,48:00.0,5,16:00,318
744907479X,U,IB,1,1,340,135854,151,14:00.0,6,22:00,318
7449076971,U,IB,1,1,16,134553,141,51:00.0,3,18:00,318
744907699X,U,IB,1,1,1967,261079,151,59:00.0,6,12:00,318
7449077027,U,CTY,1,1,1060,131289,194,43:00.0,6,13:00,318
7449097835,U,IB,1,1,100,202241,111,42:00.0,6,4:00,616
7449100484,U,IB,1,2,470,124338,105,29:00.0,4,12:00,616
7449100493,U,IB,1,1,438,124338,105,29:00.0,4,12:00,616
7449101328,U,IB,1,1,1305,131347,116,43:00.0,4,5:00,616
744914926X,U,OB,1,1,2065,135826,74,03:00.0,4,11:00,616
7449160214,U,CTY,1,1,264,137246,187,20:00.0,5,4:00,616
7449171196,U,IB,1,1,459,560027,103,31:00.0,1,15:00,616
7449171250,U,OB,1,1,374,558947,31,49:00.0,2,19:00,616
7449181188,U,OB,1,1,340,125392,76,41:00.0,7,4:00,616
7449184598,U,OB,1,1,545,125392,76,34:00.0,7,5:00,616
7449184652,U,IB,1,1,108,202241,111,56:00.0,6,5:00,616
7449187467,U,OB,1,5,5780,125392,76,47:00.0,7,3:00,616
7449191409,U,OB,1,1,270,118647,12,32:00.0,1,21:00,616
7449191409,U,CTY,1,1,270,118647,175,45:00.0,1,6:00,616
7449192370,U,OB,1,1,170,261279,58,24:00.0,7,20:00,616
7449192462,U,IB,1,2,960,202241,111,02:00.0,6,10:00,616
7449192756,U,OB,1,1,218,R621780290,39,00:00.0,4,15:00,616
7449193169,U,IB,1,1,760,123699,101,15:00.0,2,16:00,616
7449193187,U,IB,1,1,579,123699,101,14:00.0,2,16:00,616
744919436X,U,IB,1,2,345,124338,105,39:00.0,4,12:00,616
7449194406,U,OB,1,1,905,278078,12,46:00.0,5,10:00,616
7449194406,U,IB,1,1,905,278078,149,27:00.0,5,5:00,616
7449194938,U,IB,1,3,912,122636,163,40:00.0,2,10:00,616
7449195396,U,OB,1,1,165,125392,76,13:00.0,7,3:00,616
7449195854,U,OB,1,9,6995,138423,40,04:00.0,6,19:00,616
7449196579,U,CTY,1,1,1070,136717,188,11:00.0,5,13:00,616
744919788X,U,IB,1,3,2440,119379,117,51:00.0,5,18:00,616
7449198568,U,OB,1,6,5940,558986,52,03:00.0,3,6:00,616
7449198622,U,OB,1,2,847,135826,74,50:00.0,4,13:00,616
744919865X,U,IB,1,1,300,202241,111,31:00.0,6,7:00,616
7449199594,U,OB,1,1,500,125306,31,22:00.0,6,6:00,616
7449203141,U,OB,1,1,220,559259,84,02:00.0,7,14:00,616
7449204324,U,IB,1,1,130,132182,104,13:00.0,3,2:00,616
7449205662,U,OB,1,1,535,138316,53,50:00.0,2,18:00,616
7449206331,U,CTY,1,3,1101,123699,199,10:00.0,3,2:00,616
7449206331,U,IB,1,3,1101,123699,101,45:00.0,2,15:00,616
7449207844,U,OB,1,1,1040,136514,78,32:00.0,3,15:00,616
7449208082,U,IB,1,1,220,132182,104,31:00.0,3,2:00,616
7449209018,U,IB,1,1,180,202241,111,08:00.0,6,8:00,616
7449209238,U,OB,1,1,660,558986,52,29:00.0,3,2:00,616
7449209283,U,OB,1,1,1330,125392,76,19:00.0,7,6:00,616
7449209467,U,OB,1,1,185,135826,74,27:00.0,4,12:00,616
7449210897,U,OB,1,1,311,134853,31,31:00.0,7,2:00,616
7449211043,U,IB,1,1,231,131347,116,28:00.0,4,12:00,616
7449214958,U,IB,1,1,306,118550,129,49:00.0,7,19:00,616
7449215627,U,CTY,1,1,235,125831,187,55:00.0,6,14:00,616
7449216269,U,IB,1,1,210,123699,101,47:00.0,2,14:00,616
7449217149,U,OB,1,1,284,559414,96,19:00.0,1,16:00,616
7449225545,U,OB,1,1,244,136514,78,35:00.0,3,15:00,616
7449226690,U,OB,1,1,658,136514,78,11:00.0,3,15:00,616
7449227002,U,OB,1,1,432,135469,88,04:00.0,1,11:00,616
7449227168,U,OB,1,1,240,127927,39,59:00.0,7,9:00,616
7449227644,U,CTY,1,1,136,118529,206,04:00.0,6,15:00,616
744922780X,U,CTY,1,1,112,118529,206,46:00.0,6,14:00,616
7449228818,U,IB,1,1,181,202241,111,10:00.0,6,4:00,616
7449248782,U,OB,1,1,259,125392,76,54:00.0,7,4:00,616
7449249671,U,CTY,1,1,416,118647,175,34:00.0,1,8:00,616
744924969X,U,OB,1,1,402,118647,12,59:00.0,1,10:00,616
744924969X,U,CTY,1,1,402,118647,175,58:00.0,1,10:00,616
7449251038,U,OB,1,2,1070,127846,88,30:00.0,3,3:00,616
7449251487,U,CTY,1,2,511,129628,195,40:00.0,7,1:00,616
7449251496,U,OB,1,1,336,134853,31,04:00.0,6,22:00,616
7449253898,U,OB,1,3,2139,123154,76,05:00.0,7,7:00,616
7449253907,U,OB,1,4,1992,134853,31,22:00.0,7,1:00,616
7449253961,U,OB,1,2,1192,123154,76,40:00.0,7,7:00,616
7449254008,U,OB,1,4,1964,123154,76,25:00.0,7,7:00,616
7449254502,U,CTY,1,1,139,122639,168,48:00.0,2,0:00,616
7449254906,U,OB,1,1,144,124329,52,35:00.0,7,15:00,616
7449263421,U,OB,1,1,540,125392,76,43:00.0,7,5:00,616
7449269260,U,IB,1,1,1175,560027,103,39:00.0,1,15:00,616
7449286458,U,IB,1,1,417,261332,131,10:00.0,2,0:00,616
7449286467,U,CTY,1,1,364,128743,231,08:00.0,5,21:00,616
7449286467,U,IB,1,1,364,128743,127,51:00.0,5,7:00,616
7449287933,U,OB,1,1,340,127846,88,35:00.0,3,3:00,616
7449306321,U,OB,1,3,1625,125392,76,40:00.0,7,5:00,616
7449307908,U,IB,1,1,200,131347,116,48:00.0,4,12:00,616
7449328148,U,IB,1,1,297,138153,149,54:00.0,3,15:00,244
7449328157,U,CTY,1,1,1787,131183,189,27:00.0,6,19:00,244
7449361074,U,OB,1,2,1045,127521,50,06:00.0,4,19:00,730
7449361083,U,OB,1,1,658,127521,50,40:00.0,4,18:00,730
7449361101,U,OB,1,2,1195,127521,50,48:00.0,4,17:00,730
7449361110,U,OB,1,1,287,127521,50,39:00.0,4,18:00,730
7449361249,U,OB,1,1,280,126080,49,04:00.0,5,21:00,730
7449361285,U,OB,1,3,2190,130830,40,03:00.0,6,19:00,730
7449361514,U,OB,1,1,1325,130803,52,10:00.0,4,0:00,730
7449361606,U,OB,1,1,667,126164,49,47:00.0,4,18:00,730
7449361624,U,OB,1,2,1570,126164,49,35:00.0,4,18:00,730
7449361633,U,OB,1,3,985,126164,49,04:00.0,4,20:00,730
7449361716,U,OB,1,713,2045,135146,67,06:00.0,7,20:00,730
7449361725,U,OB,1,683,1430,135146,67,11:00.0,7,20:00,730
7449361844,U,OB,1,4,1995,290398,51,59:00.0,7,18:00,730
7449362138,U,OB,1,3,1825,291139,14,17:00.0,4,13:00,730
7449362275,U,OB,1,1,728,139464,31,12:00.0,6,14:00,730
7449362284,U,OB,1,1,596,139464,31,42:00.0,6,14:00,730
7449362349,U,OB,1,1,430,131079,46,52:00.0,5,2:00,730
7449362459,U,OB,1,1,241,137607,32,45:00.0,7,21:00,730
7449362742,U,OB,1,1,777,140158,55,28:00.0,4,18:00,730
7449362870,U,OB,1,2,1382,290200,39,22:00.0,6,14:00,730
7449477665,U,OB,1,13,12565,530419,51,45:00.0,3,20:00,422
7449477674,U,OB,1,10,9114,530419,51,28:00.0,3,21:00,422
7449477903,U,OB,1,1,342,570104,43,16:00.0,6,1:00,422
7449477912,U,OB,1,1,855,570104,43,04:00.0,6,1:00,422
7449477921,U,OB,1,2,2524,570104,43,22:00.0,6,1:00,422
7449477968,U,OB,1,4,3055,558422,88,22:00.0,7,0:00,422
7449477986,U,OB,1,6,5053,558422,88,03:00.0,7,0:00,422
7449506503,U,CTY,1,2,726,130851,169,37:00.0,5,8:00,244
7449506530,U,IB,1,12,350,558917,131,13:00.0,3,8:00,244
7449509089,U,CTY,1,7,2465,128168,189,53:00.0,4,3:00,244
7449516293,U,IB,1,2,1520,128490,117,30:00.0,3,11:00,244
744952568X,U,IB,1,2,270,137240,116,32:00.0,5,8:00,244
7449529062,U,CTY,1,2,627,140356,168,06:00.0,3,13:00,244
7449529109,U,IB,1,2,983,127963,133,59:00.0,6,15:00,244
7449529118,U,CTY,1,1,430,201100,175,25:00.0,6,10:00,244
7449529127,U,CTY,1,1,375,201100,175,42:00.0,6,10:00,244
7449529136,U,IB,1,1,361,134392,133,09:00.0,4,13:00,244
7449529190,U,IB,1,1,501,134392,133,54:00.0,4,13:00,244
744952920X,U,IB,1,1,611,134392,133,23:00.0,4,13:00,244
7449529237,U,CTY,1,4,1793,559028,169,53:00.0,5,14:00,244
7449529273,U,CTY,1,1,702,559028,169,53:00.0,5,14:00,244
7449529291,U,IB,1,1,504,128350,133,15:00.0,6,12:00,244
744953184X,U,IB,1,1,414,126391,127,28:00.0,6,5:00,244
7449558827,U,IB,1,3,2015,127190,105,41:00.0,3,4:00,244
7449575500,U,IB,1,1,1547,136603,111,03:00.0,5,3:00,244
7449577233,U,IB,1,1,231,277828,164,39:00.0,3,4:00,244
7449605128,U,IB,1,2,112,123259,129,33:00.0,3,7:00,244
7449605137,U,IB,1,1,165,123259,129,24:00.0,3,8:00,244
7449605155,U,IB,1,1,97,123259,129,28:00.0,3,6:00,244
7449605173,U,IB,1,4,224,123259,129,42:00.0,3,7:00,244
7449605182,U,IB,1,4,224,123259,129,45:00.0,3,7:00,244
7449605191,U,CTY,1,1,145,129781,173,55:00.0,4,17:00,244
7449605200,U,CTY,1,2,1030,129781,173,07:00.0,4,18:00,244
7449605229,U,CTY,1,1,63,130851,169,50:00.0,5,7:00,244
7449605238,U,CTY,1,2,230,130851,169,08:00.0,5,8:00,244
7449605247,U,CTY,1,1,239,130851,169,24:00.0,5,7:00,244
7449605265,U,IB,1,1,170,130851,109,07:00.0,5,8:00,244
7449605265,U,CTY,1,1,170,130851,169,41:00.0,5,7:00,244
7449605274,U,CTY,1,1,19,130851,169,56:00.0,5,7:00,244
7449608895,U,IB,1,2,623,123044,131,31:00.0,4,10:00,244
7449609189,U,IB,1,1,200,131265,111,00:00.0,5,17:00,244
7449609207,U,IB,1,1,125,903951,149,29:00.0,5,6:00,244
7449619868,U,CTY,1,1,346,132075,175,44:00.0,2,2:00,244
7449620600,U,IB,1,2,3508,280977,133,59:00.0,3,4:00,244
744962061X,U,CTY,1,1,1603,140356,168,14:00.0,3,13:00,244
7449620665,U,IB,1,1,232,261060,163,54:00.0,7,6:00,244
7449620674,U,IB,1,1,2210,261060,163,27:00.0,7,6:00,244
7449620701,U,IB,1,1,409,137240,116,39:00.0,5,6:00,244
7449620710,U,IB,1,1,432,137240,116,47:00.0,5,6:00,244
7449620739,U,IB,1,1,426,137240,116,54:00.0,5,6:00,244
7449620757,U,IB,1,1,949,136131,112,49:00.0,3,3:00,244
7449620775,U,IB,1,1,231,903951,149,47:00.0,5,3:00,244
7449621096,U,IB,1,1,1783,126391,127,06:00.0,6,5:00,244
7449621114,U,OB,1,1,2582,128835,88,37:00.0,6,15:00,244
7449623662,U,IB,1,1,110,124164,149,28:00.0,7,11:00,244
7449623671,U,CTY,1,2,360,132065,187,43:00.0,4,19:00,244
7449623680,U,IB,1,1,165,125914,164,26:00.0,4,13:00,244
7449625707,U,CTY,1,1,248,126106,189,25:00.0,7,3:00,244
7449626650,U,CTY,1,1,509,132718,187,38:00.0,5,21:00,244
7449633544,U,IB,1,1,100,131786,133,04:00.0,7,6:00,244
7449634112,U,IB,1,2,1175,123044,131,34:00.0,4,10:00,244
7449638090,U,CTY,1,1,333,130851,169,35:00.0,5,9:00,244
744963810X,U,CTY,1,2,765,201100,175,51:00.0,6,9:00,244
7449638128,U,IB,1,2,776,125914,164,57:00.0,4,13:00,244
7449643069,U,CTY,1,1,805,128168,189,24:00.0,4,3:00,244
7449646854,U,IB,1,2,464,132414,164,44:00.0,4,5:00,244
7449646955,U,IB,1,1,343,132414,164,39:00.0,4,6:00,244
7449658440,U,OB,1,1,200,137647,55,52:00.0,6,4:00,705
7449664252,U,OB,1,1,215,128260,58,35:00.0,4,14:00,705
744967605X,U,OB,1,3,1213,41204,66,05:00.0,3,11:00,705
7449676069,U,IB,1,5,1238,138351,149,34:00.0,4,14:00,705
7449676242,U,OB,1,1,626,249172,60,09:00.0,5,13:00,705
744970113X,U,CTY,1,104,1388,137041,223,49:00.0,6,18:00,705
744970113X,U,OB,1,104,1388,137041,26,21:00.0,5,17:00,705
7449723111,U,OB,1,2,1179,118364,32,53:00.0,1,20:00,705
7449723158,U,OB,1,4,3483,134048,67,52:00.0,4,4:00,705
7449723194,U,OB,1,2,2104,132377,52,41:00.0,6,5:00,705
744972324X,U,OB,1,4,7740,138182,53,16:00.0,5,22:00,705
7449723331,U,OB,1,5,4270,290348,46,58:00.0,5,1:00,705
7449723369,U,OB,1,1,810,290348,46,51:00.0,5,1:00,705
7449723405,U,CTY,1,1,1063,134389,187,18:00.0,5,14:00,705
7449723432,U,CTY,1,4,6940,137313,188,11:00.0,6,20:00,705
7449723515,U,OB,1,1,621,121942,50,49:00.0,6,21:00,705
7449723771,U,OB,1,2,1469,134638,18,56:00.0,7,19:00,705
7449732434,U,OB,1,2,2090,128260,58,24:00.0,4,13:00,705
7449742545,U,OB,1,2,600,128622,58,47:00.0,2,3:00,705
744977021X,U,IB,1,1,1400,130585,125,07:00.0,2,4:00,581
7449772016,U,IB,1,1,138,137892,131,02:00.0,7,13:00,581
7449808747,U,OB,1,1,300,130644,49,31:00.0,6,0:00,740
7449808801,U,OB,1,1,300,125591,18,41:00.0,1,6:00,740
7449813302,U,OB,1,5,2485,131078,74,56:00.0,5,10:00,740
744981707X,U,OB,1,1,409,136663,32,20:00.0,1,8:00,740
7449817116,U,OB,1,3,1381,128364,26,00:00.0,7,13:00,740
7449817125,U,OB,1,1,451,134121,48,48:00.0,2,6:00,740
7449817152,U,OB,1,1,865,132149,58,52:00.0,7,13:00,740
7449824064,U,OB,1,10,17100,134366,76,13:00.0,4,3:00,740
7449824073,U,OB,1,1,1118,133813,50,39:00.0,4,1:00,740
7449824165,U,OB,1,9,5936,125591,18,50:00.0,1,8:00,740
7449824248,U,IB,1,11,18790,249068,150,59:00.0,6,15:00,740
7449844515,U,OB,1,1,830,138474,43,28:00.0,1,4:00,740
7449844533,U,OB,1,1,1027,132818,38,32:00.0,5,1:00,740
7449847678,U,OB,1,3,5190,139984,58,41:00.0,1,9:00,740
7449847732,U,OB,1,5,8725,290333,48,12:00.0,6,3:00,740
7449852197,U,OB,1,1,3486,132377,52,06:00.0,6,3:00,740
7449852233,U,OB,1,1,161,132377,52,25:00.0,6,5:00,740
7449854709,U,OB,1,1,161,290157,53,19:00.0,7,10:00,740
7449854727,U,OB,1,1,218,290157,53,15:00.0,7,10:00,740
7449917739,U,OB,1,6,6608,138474,43,15:00.0,1,8:00,740
7449922689,U,OB,1,1,353,138848,43,24:00.0,4,4:00,740
7449938208,U,OB,1,1,16,128292,18,10:00.0,7,22:00,740
7449972133,U,OB,1,1,235,132233,49,29:00.0,5,16:00,303
7449972207,U,CTY,1,1,99,131264,205,54:00.0,2,10:00,303
7449972243,U,IB,1,1,96,139791,158,17:00.0,4,21:00,303
7449972418,U,IB,1,1,230,121487,164,00:00.0,7,16:00,303
7450030645,U,OB,1,1,349,129927,31,50:00.0,6,17:00,653
7450030654,U,IB,1,1,349,128629,112,54:00.0,6,1:00,653
7450030939,U,OB,1,1,260,139982,53,32:00.0,3,16:00,653
7450080466,U,CTY,1,3,2000,139837,175,03:00.0,3,22:00,653
7450080493,U,IB,1,1,2750,136411,111,01:00.0,5,20:00,653
7450081997,U,CTY,1,1,106,125243,194,21:00.0,7,5:00,653
745008350X,U,IB,1,1,370,134633,149,59:00.0,1,20:00,653
7450086718,U,IB,1,1,600,134981,103,19:00.0,2,22:00,653
7450093940,U,CTY,1,1,319,127259,194,49:00.0,6,22:00,653
7450095399,U,OB,1,1,200,135088,95,03:00.0,3,21:00,653
7450104720,U,CTY,1,4,1165,136717,188,55:00.0,5,15:00,653
7450104758,U,OB,1,2,530,125159,72,36:00.0,4,8:00,653
7450128902,U,IB,1,1,350,249253,103,05:00.0,6,11:00,653
7450181913,U,CTY,1,1,250,R62112290,188,02:00.0,5,2:00,653
7450197120,U,CTY,1,6,2727,137246,187,33:00.0,5,4:00,653
7450211081,U,OB,1,1,312,122370,84,46:00.0,6,3:00,653
7450211521,U,IB,1,1,24,118550,129,04:00.0,7,22:00,653
7450211741,U,OB,1,1,73,135469,88,40:00.0,2,16:00,653
7450211943,U,IB,1,1,65,128743,127,48:00.0,5,3:00,653
745023178X,U,IB,1,2,116,139578,149,19:00.0,1,12:00,653
7450438278,U,CTY,1,1,85,125108,173,13:00.0,1,4:00,158
7450438507,U,CTY,1,1,1025,125588,168,10:00.0,1,22:00,158
7450484853,U,CTY,1,3,1010,126370,196,56:00.0,7,15:00,158
7450484853,U,CTY,1,3,1010,126370,222,48:00.0,7,17:00,158
7450485147,U,OB,1,2,500,139806,95,16:00.0,4,2:00,158
7450496908,U,CTY,1,1,146,132666,197,42:00.0,5,22:00,158
745053120X,U,IB,1,2,445,128490,117,50:00.0,3,11:00,158
745054022X,U,CTY,1,1,45,138282,169,34:00.0,2,19:00,158
7450591627,U,IB,1,5,2285,137534,125,56:00.0,7,3:00,859
7450602169,U,CTY,1,2,1986,133491,176,18:00.0,6,14:00,859
7450602279,U,OB,1,2,979,136623,88,42:00.0,3,22:00,859
7450605660,U,CTY,1,3,4490,HAEI25458,188,48:00.0,4,20:00,859
7450610821,U,IB,1,1,550,353210,158,59:00.0,5,13:00,859
7450611115,U,IB,1,1,1025,125657,127,19:00.0,2,21:00,859
7450611124,U,IB,1,1,640,125657,127,55:00.0,2,20:00,859
7450611133,U,IB,1,1,690,125657,127,50:00.0,2,20:00,859
745061568X,U,IB,1,1,680,559295,135,08:00.0,3,22:00,859
745061590X,U,IB,1,1,1910,134479,152,40:00.0,1,11:00,859
7450617587,U,IB,1,1,225,128435,125,16:00.0,2,12:00,859
7450617605,U,IB,1,1,335,128435,125,21:00.0,2,12:00,859
7450617623,U,IB,1,1,600,134735,143,48:00.0,3,13:00,859
7450617697,U,IB,1,3,960,125657,127,37:00.0,2,22:00,859
7450623370,U,IB,1,6,1937,133386,121,12:00.0,7,13:00,859
7450623370,U,IB,1,6,1937,133386,131,11:00.0,7,13:00,859
7450633921,U,IB,1,1,389,134314,141,42:00.0,6,15:00,859
7450633921,U,CTY,1,1,389,134314,R2  ,58:00.0,7,16:00,859
7450636992,U,CTY,1,1,100,133491,176,01:00.0,6,15:00,859
7450643922,U,OB,1,2,2200,138684,39,03:00.0,3,2:00,409
7450643931,U,OB,1,3,5715,138684,39,10:00.0,3,2:00,409
7450643987,U,OB,1,1,790,138684,39,42:00.0,3,0:00,409
7450643996,U,OB,1,3,3348,290775,51,01:00.0,3,10:00,409
7450644005,U,OB,1,1,578,290775,51,50:00.0,3,9:00,409
7450644023,U,OB,1,3,5715,290775,51,12:00.0,3,10:00,409
7450644050,U,OB,1,3,3535,130549,63,04:00.0,4,12:00,409
745064406X,U,OB,1,1,746,430637,51,59:00.0,4,4:00,409
7450644079,U,OB,1,1,275,430637,51,38:00.0,4,4:00,409
7450644106,U,OB,1,2,2398,136419,53,35:00.0,3,3:00,409
7450644115,U,OB,1,3,4747,133432,46,58:00.0,3,2:00,409
7450644133,U,OB,1,1,464,136512,31,22:00.0,4,4:00,409
7450644142,U,OB,1,1,1262,136512,31,06:00.0,4,4:00,409
7450644151,U,OB,1,2,1150,136512,31,17:00.0,4,4:00,409
7450644151,U,OB,1,2,1150,136512,28,56:00.0,4,9:00,409
7450644160,U,OB,1,7,13679,430951,53,32:00.0,5,17:00,409
745064417X,U,OB,1,1,1115,430951,53,35:00.0,5,17:00,409
7450644189,U,OB,1,2,2125,430951,53,50:00.0,5,16:00,409
7450644198,U,OB,1,3,5482,125602,67,59:00.0,3,22:00,409
7450644207,U,OB,1,2,2350,134846,53,44:00.0,7,12:00,409
7450644216,U,OB,1,8,15633,121101,52,29:00.0,1,10:00,409
7450644225,U,OB,1,1,752,249290,51,04:00.0,3,3:00,409
7450644270,U,OB,1,3,4000,134483,51,39:00.0,4,7:00,409
7450644308,U,OB,1,1,565,135206,50,11:00.0,4,7:00,409
7450644326,U,OB,1,2,2830,135206,50,04:00.0,4,8:00,409
7450644326,U,OB,1,2,2830,135206,45,45:00.0,4,9:00,409
7450644418,U,OB,1,6,5415,134835,78,14:00.0,7,22:00,409
7450676538,U,CTY,1,2,2430,124072,187,21:00.0,3,19:00,621
7450677124,U,IB,1,1,528,132515,143,30:00.0,7,1:00,621
7450677142,U,IB,1,2,382,135031,158,50:00.0,1,15:00,621
7450707796,U,CTY,1,2,1540,140024,189,50:00.0,5,10:00,158
7450768983,U,IB,1,2,1460,138855,167,17:00.0,1,12:00,435
7450768983,U,IB,1,2,1460,138855,167,17:00.0,1,12:00,435
7450768992,U,IB,1,1,407,140219,117,14:00.0,1,5:00,435
745076902X,U,IB,1,1,131,140219,117,21:00.0,1,4:00,435
7450769039,U,IB,1,2,787,138855,157,45:00.0,1,10:00,435
7450769039,U,IB,1,2,787,138855,157,45:00.0,1,10:00,435
7450769084,U,OB,1,1,715,130990,60,56:00.0,3,3:00,435
7450769093,U,OB,1,1,478,130990,60,51:00.0,3,2:00,435
7450769120,U,OB,1,2,890,132963,81,39:00.0,3,3:00,435
7450769120,U,OB,1,2,890,132963,95,38:00.0,3,3:00,435
7450769167,U,OB,1,2,604,130990,60,10:00.0,3,4:00,435
7450769194,U,OB,1,2,797,132963,95,45:00.0,3,3:00,435
7450769203,U,OB,1,1,154,130990,60,47:00.0,3,2:00,435
7450769212,U,OB,1,5,1815,127379,72,38:00.0,3,4:00,435
7450769259,U,OB,1,2,635,127379,72,42:00.0,3,4:00,435
7450769295,U,OB,1,2,755,126813,90,04:00.0,4,16:00,435
7450769304,U,IB,1,2,565,136017,167,53:00.0,4,4:00,435
7450769304,U,IB,1,2,565,136017,103,52:00.0,4,4:00,435
7450769313,U,OB,1,3,776,126813,90,05:00.0,4,15:00,435
7450769322,U,OB,1,1,158,126813,90,00:00.0,4,15:00,435
7450769331,U,IB,1,1,529,127738,105,49:00.0,5,9:00,435
745076935X,U,IB,1,2,1043,261039,125,44:00.0,4,4:00,435
7450769369,U,IB,1,2,724,127738,105,16:00.0,5,11:00,435
7450769378,U,OB,1,1,415,126813,90,07:00.0,4,16:00,435
7450769396,U,IB,1,2,880,261039,125,44:00.0,4,4:00,435
7450769405,U,OB,1,1,517,126813,90,10:00.0,4,15:00,435
7450769414,U,OB,1,2,738,137656,53,20:00.0,6,3:00,435
7450769423,U,IB,1,2,650,127738,105,42:00.0,5,10:00,435
7450769432,U,IB,1,2,696,127738,105,17:00.0,5,10:00,435
7450769441,U,IB,1,5,2920,127738,105,42:00.0,5,11:00,435
7450769450,U,IB,1,2,830,127738,105,27:00.0,5,11:00,435
745076946X,U,IB,1,2,365,127738,105,23:00.0,5,10:00,435
7450769488,U,IB,1,4,1915,123084,111,21:00.0,5,10:00,435
7450769515,U,IB,1,1,361,127738,105,05:00.0,5,10:00,435
7450769551,U,IB,1,1,226,127738,105,53:00.0,5,9:00,435
7450769560,U,IB,1,2,491,123084,111,22:00.0,5,9:00,435
745076957X,U,OB,1,1,264,129596,51,25:00.0,5,3:00,435
7450769598,U,IB,1,2,694,123084,111,24:00.0,5,10:00,435
7450769607,U,IB,1,1,400,127738,105,06:00.0,5,11:00,435
7450769625,U,IB,1,5,1600,125857,113,16:00.0,6,9:00,435
7450769643,U,IB,1,4,1945,125857,113,13:00.0,6,10:00,435
7450769652,U,IB,1,1,448,125857,113,19:00.0,6,9:00,435
7450769661,U,OB,1,1,295,133252,96,43:00.0,6,3:00,435
7450769670,U,OB,1,1,374,133252,96,57:00.0,6,3:00,435
7450769699,U,OB,1,4,1245,133252,96,12:00.0,6,4:00,435
7450769708,U,IB,1,4,1718,125857,113,33:00.0,6,8:00,435
7450769726,U,OB,1,1,642,133252,96,47:00.0,6,3:00,435
7450769735,U,OB,1,1,507,133252,96,53:00.0,6,3:00,435
7450769744,U,IB,1,3,1550,132598,101,51:00.0,7,12:00,435
7450769753,U,IB,1,2,940,132598,101,29:00.0,7,13:00,435
7450769762,U,OB,1,1,534,133564,51,39:00.0,7,12:00,435
7450769771,U,OB,1,1,365,132598,79,34:00.0,1,11:00,435
7450769771,U,IB,1,1,365,132598,101,27:00.0,7,7:00,435
7450769780,U,IB,1,2,975,132598,101,11:00.0,7,12:00,435
745076979X,U,OB,1,1,729,133564,51,37:00.0,7,12:00,435
7450769809,U,IB,1,8,3960,132598,101,14:00.0,7,14:00,435
7450769836,U,IB,1,3,1590,430909,113,29:00.0,3,16:00,435
7450769845,U,IB,1,1,471,132598,101,54:00.0,7,12:00,435
7450769854,U,IB,1,1,440,430909,113,17:00.0,3,16:00,435
7450769863,U,IB,1,9,3705,430909,113,57:00.0,3,17:00,435
7450769881,U,IB,1,3,845,123416,135,22:00.0,3,3:00,435
7450769890,U,IB,1,1,786,123416,167,42:00.0,3,16:00,435
7450769890,U,IB,1,1,786,123416,135,15:00.0,3,1:00,435
745076990X,U,IB,1,1,204,430909,113,40:00.0,3,17:00,435
7450769919,U,OB,1,3,950,131229,69,04:00.0,3,2:00,435
7450769928,U,OB,1,1,703,430574,50,10:00.0,5,13:00,435
7450769946,U,IB,1,1,468,123416,167,42:00.0,3,16:00,435
7450769946,U,IB,1,1,468,123416,135,28:00.0,3,3:00,435
7450769964,U,OB,1,1,630,430574,50,05:00.0,5,13:00,435
7450769973,U,IB,1,1,703,430909,113,59:00.0,3,15:00,435
7450770000,U,OB,1,1,116,123631,86,43:00.0,4,6:00,435
745077001X,U,OB,1,1,546,130815,86,59:00.0,4,2:00,435
7450770029,U,OB,1,2,493,123631,86,19:00.0,4,6:00,435
7450770047,U,OB,1,1,367,130815,86,38:00.0,4,2:00,435
7450770056,U,OB,1,1,130,130815,86,39:00.0,4,1:00,435
7450770065,U,OB,1,2,650,430574,50,56:00.0,5,11:00,435
7450770083,U,IB,1,3,1263,139878,117,01:00.0,5,22:00,435
7450770101,U,IB,1,5,2199,431144,103,58:00.0,5,14:00,435
7450770110,U,IB,1,2,1460,431144,103,44:00.0,5,15:00,435
7450770139,U,OB,1,2,689,132977,38,35:00.0,5,10:00,435
7450770157,U,IB,1,2,900,431144,103,00:00.0,5,17:00,435
7450770184,U,IB,1,2,1235,139878,117,21:00.0,5,21:00,435
7450770193,U,IB,1,2,655,431144,103,10:00.0,5,15:00,435
7450770202,U,IB,1,1,510,139878,117,36:00.0,5,21:00,435
7450770211,U,IB,1,2,641,139878,117,18:00.0,5,21:00,435
7450770220,U,IB,1,2,463,139878,117,58:00.0,5,21:00,435
7450770220,U,OB,1,2,463,139878,66,10:00.0,5,22:00,435
7450770249,U,OB,1,5,1885,430574,50,26:00.0,5,10:00,435
7450770285,U,IB,1,2,727,139878,117,50:00.0,5,20:00,435
7450770294,U,IB,1,1,437,139878,117,59:00.0,5,20:00,435
7450770303,U,IB,1,1,413,431144,103,09:00.0,5,14:00,435
7450770321,U,OB,1,1,596,430574,50,16:00.0,5,10:00,435
7450770330,U,IB,1,1,384,127289,103,27:00.0,6,19:00,435
7450770368,U,IB,1,2,539,127289,103,50:00.0,6,22:00,435
7450770377,U,IB,1,3,1010,127289,103,18:00.0,6,22:00,435
7450770377,U,IB,1,3,1010,127289,167,20:00.0,6,22:00,435
7450770440,U,IB,1,1,263,127289,103,23:00.0,6,19:00,435
745077045X,U,OB,1,2,452,131551,95,31:00.0,7,10:00,435
7450770505,U,OB,1,1,241,138592,58,34:00.0,7,8:00,435
7450770514,U,OB,1,1,499,138592,58,41:00.0,7,9:00,435
7450770541,U,OB,1,2,701,131551,95,33:00.0,7,12:00,435
7450770550,U,OB,1,2,761,560243,38,07:00.0,3,13:00,435
745077056X,U,OB,1,4,3063,122820,81,41:00.0,7,13:00,435
745077056X,U,IB,1,4,3063,122820,117,56:00.0,7,12:00,435
7450770597,U,OB,1,1,278,138592,58,56:00.0,7,8:00,435
7450770606,U,OB,1,2,760,140163,58,27:00.0,3,12:00,435
7450770633,U,OB,1,1,229,560243,38,43:00.0,3,12:00,435
7450770642,U,OB,1,1,206,560243,38,35:00.0,3,13:00,435
7450770642,U,OB,1,1,206,560243,33,55:00.0,3,13:00,435
7450770651,U,OB,1,1,432,140163,58,13:00.0,3,12:00,435
7450770660,U,OB,1,1,310,140163,58,59:00.0,3,12:00,435
7450770689,U,OB,1,4,1344,560243,38,34:00.0,3,13:00,435
7450770698,U,OB,1,1,465,211354,84,43:00.0,3,9:00,435
7450770707,U,OB,1,2,648,560243,38,19:00.0,3,13:00,435
7450770752,U,OB,1,3,1210,560243,38,46:00.0,3,13:00,435
7450770761,U,OB,1,1,480,211354,84,06:00.0,3,10:00,435
7450770770,U,OB,1,1,220,140163,58,54:00.0,3,12:00,435
745077078X,U,OB,1,1,465,211354,84,17:00.0,3,10:00,435
7450770799,U,OB,1,1,486,138970,52,08:00.0,3,2:00,435
7450770817,U,OB,1,1,188,138970,52,18:00.0,3,2:00,435
7450770853,U,IB,1,1,662,123327,113,28:00.0,4,13:00,435
7450770972,U,IB,1,3,1330,123327,113,11:00.0,4,13:00,435
7450770990,U,IB,1,1,473,123327,113,33:00.0,4,13:00,435
7450771100,U,OB,1,1,300,431154,69,53:00.0,5,8:00,435
7450771147,U,OB,1,1,570,431154,69,20:00.0,5,9:00,435
7450771156,U,OB,1,1,772,431154,69,44:00.0,5,7:00,435
7450771174,U,IB,1,12,6803,531258,123,17:00.0,5,16:00,435
7450771183,U,IB,1,1,181,560345,101,09:00.0,5,15:00,435
7450771192,U,OB,1,5,2279,353204,72,01:00.0,7,14:00,435
7450771201,U,IB,1,1,710,560345,101,38:00.0,5,15:00,435
7450771210,U,IB,1,1,426,560345,101,43:00.0,5,15:00,435
7450771248,U,OB,1,1,592,431154,69,41:00.0,5,7:00,435
7450771257,U,OB,1,1,337,124248,32,55:00.0,6,6:00,435
7450771275,U,OB,1,1,293,138705,89,16:00.0,6,11:00,435
7450771320,U,IB,1,1,440,123824,113,19:00.0,6,21:00,435
745077133X,U,OB,1,2,801,278700,17,57:00.0,7,15:00,435
7450771349,U,OB,1,1,326,353204,72,36:00.0,7,7:00,435
7450771358,U,OB,1,1,446,353204,72,45:00.0,7,6:00,435
7450771376,U,OB,1,1,404,353204,72,23:00.0,7,6:00,435
7450771477,U,IB,1,1,593,132666,129,08:00.0,3,15:00,435
7450771531,U,IB,1,1,399,353204,165,10:00.0,7,12:00,435
7450771531,U,OB,1,1,399,353204,72,10:00.0,7,7:00,435
7450771540,U,OB,1,1,410,127884,89,51:00.0,3,15:00,435
745077155X,U,OB,1,6,2115,131487,60,25:00.0,3,7:00,435
7450771569,U,IB,1,1,446,132666,129,53:00.0,3,15:00,435
7450771578,U,OB,1,1,402,133626,55,29:00.0,3,2:00,435
7450771596,U,IB,1,2,955,132666,129,17:00.0,3,13:00,435
7450771605,U,OB,1,2,693,127884,89,23:00.0,3,18:00,435
7450771614,U,OB,1,2,849,116780,96,33:00.0,3,11:00,435
7450771623,U,IB,1,2,1453,126047,141,01:00.0,3,20:00,435
7450771632,U,IB,1,2,853,126047,141,59:00.0,3,19:00,435
7450771641,U,IB,1,1,175,126047,141,00:00.0,3,20:00,435
7450771688,U,OB,1,3,1822,127884,89,35:00.0,3,18:00,435
7450771697,U,IB,1,2,685,132666,129,53:00.0,3,16:00,435
7450771706,U,IB,1,1,559,132666,129,46:00.0,3,15:00,435
7450771715,U,OB,1,4,1351,261071,86,45:00.0,4,13:00,435
7450771742,U,IB,1,2,430,121819,123,44:00.0,4,2:00,435
745077177X,U,IB,1,1,481,130920,105,06:00.0,4,5:00,435
745077177X,U,CTY,1,1,481,130920,N8  ,52:00.0,4,6:00,435
7450771789,U,IB,1,2,1204,130920,105,58:00.0,4,5:00,435
7450771798,U,OB,1,1,1940,128210,95,02:00.0,5,7:00,435
7450771807,U,IB,1,2,334,121819,123,00:00.0,4,6:00,435
7450771825,U,IB,1,1,439,130920,105,54:00.0,4,6:00,435
7450771834,U,IB,1,2,1367,130920,105,12:00.0,4,7:00,435
7450771870,U,IB,1,2,597,45318,111,43:00.0,5,20:00,435
745077188X,U,OB,1,1,488,291096,53,25:00.0,5,11:00,435
7450771899,U,OB,1,2,234,261071,86,05:00.0,4,14:00,435
7450771908,U,OB,1,2,617,139872,51,44:00.0,5,4:00,435
7450771926,U,OB,1,1,299,291096,53,43:00.0,5,9:00,435
7450771935,U,OB,1,4,1670,291096,53,06:00.0,5,11:00,435
7450771944,U,IB,1,2,693,430528,105,19:00.0,6,19:00,435
7450771980,U,OB,1,4,2060,291096,53,13:00.0,5,11:00,435
745077199X,U,OB,1,1,182,430167,75,37:00.0,6,7:00,435
7450772027,U,CTY,1,2,929,123843,205,23:00.0,5,17:00,435
7450772027,U,IB,1,2,929,123843,150,40:00.0,5,12:00,435
7450772045,U,OB,1,1,558,122535,17,51:00.0,7,10:00,435
7450772045,U,OB,1,1,558,122535,78,37:00.0,7,10:00,435
7450772054,U,OB,1,2,730,122535,78,45:00.0,7,9:00,435
7450772063,U,OB,1,1,338,122535,78,31:00.0,7,10:00,435
7450772072,U,IB,1,6,2175,136396,112,09:00.0,7,14:00,435
745077210X,U,OB,1,2,806,136148,86,30:00.0,6,19:00,435
7450772119,U,OB,1,2,1110,136148,86,54:00.0,6,18:00,435
7450772128,U,IB,1,1,214,136396,112,39:00.0,7,13:00,435
7450772164,U,OB,1,2,470,134377,63,56:00.0,7,18:00,435
7450772173,U,OB,1,3,1980,134377,63,37:00.0,7,18:00,435
7450772182,U,OB,1,3,1414,134377,63,22:00.0,7,14:00,435
7450772191,U,OB,1,1,529,129653,51,39:00.0,7,5:00,435
7450772229,U,IB,1,1,406,136396,112,45:00.0,7,13:00,435
7450772238,U,OB,1,1,408,129653,86,12:00.0,7,11:00,435
7450772238,U,OB,1,1,408,129653,51,09:00.0,7,5:00,435
7450772256,U,OB,1,3,1520,134377,63,02:00.0,7,14:00,435
7450782724,U,IB,1,1,195,41167,117,49:00.0,3,2:00,322
7450782751,U,IB,1,1,300,124137,105,12:00.0,3,10:00,322
7450783310,U,IB,1,1,161,R422504612,129,48:00.0,4,12:00,322
7450783375,U,IB,1,1,297,430773,116,47:00.0,7,6:00,322
7450783384,U,IB,1,1,297,430773,116,46:00.0,7,6:00,322
7450783402,U,IB,1,1,682,430773,116,06:00.0,7,8:00,322
7450783420,U,IB,1,1,178,133915,117,16:00.0,3,3:00,322
7450783449,U,IB,1,1,348,121640,125,58:00.0,3,2:00,322
7450783485,U,IB,1,3,6595,290208,114,25:00.0,4,11:00,322
7450783485,U,CTY,1,3,6595,290208,231,26:00.0,4,11:00,322
7450783485,U,CTY,1,3,6595,290208,206,11:00.0,5,3:00,322
7450783595,U,CTY,1,6,8448,123777,168,57:00.0,6,16:00,322
7450783669,U,IB,1,1,3009,131984,125,48:00.0,6,6:00,322
7450783696,U,IB,1,1,297,137118,103,34:00.0,7,12:00,322
7450783851,U,IB,1,1,1384,430631,143,28:00.0,7,7:00,322
7450784181,U,IB,1,1,406,251290,114,38:00.0,4,12:00,322
7450784190,U,IB,1,3,1590,251290,114,56:00.0,4,13:00,322
7450784255,U,IB,1,1,894,261012,125,08:00.0,6,13:00,322
7450785117,U,IB,1,6,13470,430632,104,51:00.0,5,16:00,322
7450785218,U,IB,1,2,750,R422504612,129,23:00.0,4,11:00,322
7450785346,U,OB,1,2,87,130715,90,07:00.0,5,10:00,322
7450785364,U,IB,1,1,191,261012,125,58:00.0,6,12:00,322
7450785373,U,IB,1,2,485,261012,125,52:00.0,6,12:00,322
7450785566,U,IB,1,2,824,137871,113,26:00.0,3,9:00,322
7450786262,U,OB,1,2,1068,136938,75,02:00.0,3,11:00,322
7450790278,U,IB,1,1,135,251290,114,46:00.0,4,12:00,322
7450791964,U,IB,1,6,9935,137871,113,14:00.0,3,9:00,322
7450796584,U,OB,1,5,9480,430773,97,10:00.0,7,10:00,322
7450796584,U,IB,1,5,9480,430773,116,09:00.0,7,10:00,322
7450796593,U,IB,1,1,153,121640,125,06:00.0,3,4:00,322
7450796759,U,IB,1,1,138,121640,125,49:00.0,3,3:00,322
7450798335,U,IB,1,1,82,261257,131,43:00.0,6,6:00,322
7450800571,U,IB,1,2,3150,137871,113,26:00.0,3,7:00,322
7450800580,U,IB,1,4,6300,251290,114,07:00.0,4,13:00,322
745080059X,U,OB,1,2,3150,130715,90,14:00.0,5,10:00,322
7450800627,U,IB,1,2,3150,R422504612,129,40:00.0,4,12:00,322
7450800636,U,IB,1,6,9450,135986,116,23:00.0,6,15:00,322
7450800645,U,OB,1,6,9510,430773,94,51:00.0,7,10:00,322
7450800645,U,OB,1,6,9510,430773,94,51:00.0,7,10:00,322
7450801204,U,IB,1,1,355,124137,105,28:00.0,3,11:00,322
7450801222,U,IB,1,1,295,127387,131,30:00.0,7,6:00,322
7450801240,U,IB,1,1,285,127387,131,22:00.0,7,6:00,322
745080125X,U,IB,1,1,325,124137,105,39:00.0,3,11:00,322
7450801397,U,IB,1,4,7247,R422504612,129,46:00.0,4,11:00,322
7450801415,U,IB,1,6,9469,136938,141,57:00.0,6,11:00,322
7450801424,U,OB,1,3,5528,122643,90,13:00.0,1,2:00,322
7450801891,U,OB,1,1,335,133185,99,28:00.0,5,11:00,322
7450801891,U,IB,1,1,335,133185,101,53:00.0,5,8:00,322
7450801929,U,IB,1,1,235,129540,135,26:00.0,5,18:00,322
7450803469,U,IB,1,3,1380,41167,117,26:00.0,3,3:00,322
7450803487,U,IB,1,1,1355,41167,117,35:00.0,3,2:00,322
7450803487,U,OB,1,1,1355,41167,92,36:00.0,3,2:00,322
7450804129,U,IB,1,1,240,127387,131,00:00.0,7,6:00,322
7450804183,U,IB,1,1,305,127387,131,58:00.0,7,5:00,322
7450804239,U,IB,1,1,305,127387,131,02:00.0,7,6:00,322
745080444X,U,IB,1,4,1594,133185,101,32:00.0,5,9:00,322
7450804459,U,IB,1,2,820,41167,117,17:00.0,3,3:00,322
745080697X,U,IB,1,2,563,137871,113,45:00.0,3,7:00,322
7450806989,U,IB,1,7,2990,251290,114,09:00.0,4,14:00,322
7450806998,U,OB,1,7,2900,130715,90,51:00.0,5,10:00,322
7450807043,U,IB,1,6,2760,R422504612,129,23:00.0,4,12:00,322
7450807070,U,IB,1,5,2148,125761,165,05:00.0,5,8:00,322
7450807070,U,IB,1,5,2148,125761,105,00:00.0,5,8:00,322
745080708X,U,IB,1,3,1230,125761,165,21:00.0,5,8:00,322
745080708X,U,IB,1,3,1230,125761,165,21:00.0,5,8:00,322
7450807126,U,IB,1,3,1650,261012,125,23:00.0,6,11:00,322
7450807135,U,IB,1,4,1320,430773,116,59:00.0,7,8:00,322
7450807144,U,IB,1,7,3076,133915,117,27:00.0,3,2:00,322
7450807501,U,IB,1,2,835,R422504612,129,33:00.0,4,11:00,322
7450807539,U,IB,1,2,925,R422504612,129,30:00.0,4,11:00,322
7450807548,U,IB,1,2,777,R422504612,129,53:00.0,4,12:00,322
7450807557,U,IB,1,1,162,430773,116,39:00.0,7,6:00,322
7450807557,U,OB,1,1,162,430773,99,16:00.0,7,10:00,322
7450807822,U,IB,1,2,865,430631,143,23:00.0,7,11:00,322
7450807840,U,OB,1,2,949,136938,75,51:00.0,3,10:00,322
7450807932,U,IB,1,2,865,261257,131,07:00.0,6,7:00,322
7450808060,U,IB,1,2,950,41167,117,06:00.0,3,3:00,322
7450808089,U,IB,1,3,1495,41167,117,01:00.0,3,3:00,322
7450811021,U,CTY,1,1,470,430773,182,51:00.0,7,7:00,322
7450811021,U,CTY,1,1,470,430773,182,51:00.0,7,7:00,322
7450811068,U,IB,1,1,423,430773,116,43:00.0,7,6:00,322
7450811077,U,IB,1,1,576,430632,104,20:00.0,5,10:00,322
7450811095,U,IB,1,2,917,430632,104,24:00.0,5,12:00,322
7450811140,U,IB,1,2,567,430632,104,05:00.0,5,13:00,322
745081115X,U,IB,1,1,187,430632,104,27:00.0,5,12:00,322
7450811169,U,IB,1,1,209,261012,125,59:00.0,6,12:00,322
7450811214,U,IB,1,10,6511,261012,125,37:00.0,6,12:00,322
7450811223,U,IB,1,1,447,430773,116,52:00.0,7,6:00,322
7450811241,U,IB,1,3,1527,125761,107,18:00.0,5,7:00,322
7450811241,U,IB,1,3,1527,125761,105,27:00.0,5,6:00,322
7450811250,U,IB,1,1,407,129540,135,03:00.0,5,8:00,322
7450811279,U,IB,1,7,2221,129540,135,22:00.0,5,15:00,322
7450811288,U,IB,1,1,336,125761,105,42:00.0,5,7:00,322
7450811288,U,CTY,1,1,336,125761,180,43:00.0,5,7:00,322
7450811297,U,IB,1,5,1542,129540,135,40:00.0,5,15:00,322
7450811306,U,IB,1,1,346,125761,105,59:00.0,5,7:00,322
7450811333,U,IB,1,1,301,129540,135,58:00.0,5,14:00,322
7450811407,U,IB,1,1,390,124137,105,00:00.0,3,11:00,322
7450811461,U,IB,1,1,944,127387,131,35:00.0,7,6:00,322
7450811470,U,CTY,1,2,790,123777,168,23:00.0,6,16:00,322
745081148X,U,CTY,1,1,163,123777,168,06:00.0,6,16:00,322
7450811499,U,CTY,1,2,325,123777,168,11:00.0,6,16:00,322
7450811517,U,IB,1,2,901,261363,105,02:00.0,5,8:00,322
7450811535,U,IB,1,2,371,261363,105,13:00.0,5,8:00,322
7450811553,U,IB,1,1,305,261363,105,43:00.0,5,7:00,322
7450811580,U,IB,1,1,401,261363,105,11:00.0,5,8:00,322
7450811609,U,IB,1,1,489,261363,105,50:00.0,5,7:00,322
7450811618,U,CTY,1,1,260,128144,169,11:00.0,4,7:00,322
7450811627,U,IB,1,1,238,261363,105,06:00.0,5,8:00,322
7450811636,U,IB,1,2,628,123751,127,02:00.0,4,0:00,322
7450811645,U,OB,1,6,5035,211617,84,46:00.0,3,19:00,322
7450811654,U,IB,1,1,162,261363,105,15:00.0,5,8:00,322
7450811672,U,IB,1,1,713,261363,105,44:00.0,5,7:00,322
7450811681,U,OB,1,2,600,211617,84,36:00.0,3,19:00,322
7450811690,U,IB,1,2,1358,123751,127,58:00.0,3,23:00,322
745081170X,U,OB,1,1,621,211617,84,38:00.0,3,19:00,322
7450811728,U,IB,1,1,254,123751,127,52:00.0,3,22:00,322
7450811737,U,IB,1,1,256,123751,127,44:00.0,3,23:00,322
7450811746,U,OB,1,1,241,211617,84,17:00.0,3,19:00,322
7450811773,U,IB,1,2,1045,430631,143,18:00.0,7,9:00,322
7450811782,U,IB,1,1,249,430631,143,24:00.0,7,9:00,322
7450811791,U,IB,1,5,3945,140405,158,16:00.0,6,11:00,322
745081181X,U,OB,1,2,610,211617,84,25:00.0,3,19:00,322
7450811829,U,IB,1,2,835,123751,127,59:00.0,3,22:00,322
7450811856,U,IB,1,2,555,430631,143,04:00.0,7,9:00,322
7450811865,U,OB,1,1,545,211617,84,28:00.0,3,19:00,322
7450811874,U,OB,1,3,1785,211617,84,51:00.0,3,18:00,322
7450811910,U,IB,1,1,563,140405,158,24:00.0,6,12:00,322
745081192X,U,IB,1,2,358,140405,158,09:00.0,6,11:00,322
7450811939,U,IB,1,1,250,136938,141,11:00.0,6,12:00,322
7450811957,U,IB,1,1,269,140405,158,08:00.0,6,12:00,322
7450812002,U,IB,1,1,537,136938,141,07:00.0,6,12:00,322
7450812020,U,CTY,1,1,421,123777,168,00:00.0,6,16:00,322
745081203X,U,OB,1,1,606,130715,90,41:00.0,5,7:00,322
7450812049,U,IB,1,1,299,125761,107,18:00.0,5,7:00,322
7450812049,U,IB,1,1,299,125761,105,17:00.0,5,7:00,322
7450812067,U,IB,1,1,321,129540,135,18:00.0,5,17:00,322
7450812076,U,CTY,1,2,523,123777,168,52:00.0,6,16:00,322
7450812112,U,CTY,1,1,363,125047,192,16:00.0,6,18:00,322
7450812177,U,IB,1,1,121,251290,114,10:00.0,4,13:00,322
7450812186,U,IB,1,5,2180,251290,114,16:00.0,4,13:00,322
7450812222,U,IB,1,1,140,251290,114,54:00.0,4,12:00,322
7450812231,U,IB,1,2,298,251290,114,32:00.0,4,12:00,322
7450812617,U,IB,1,1,178,137871,113,14:00.0,3,8:00,322
7450814716,U,IB,1,1,760,430773,116,10:00.0,7,11:00,322
7450814725,U,IB,1,12,1056,137118,103,14:00.0,7,13:00,322
7450816889,U,IB,1,3,2172,430631,143,32:00.0,7,8:00,322
7450823379,U,IB,1,2,2125,133185,101,39:00.0,5,8:00,322
7450823424,U,IB,1,4,8100,41167,117,46:00.0,3,3:00,322
7450828484,U,CTY,1,2,507,128144,169,04:00.0,4,7:00,322
7450895328,U,CTY,1,1,203,127762,195,54:00.0,3,10:00,851
7450907473,U,IB,1,1,172,118845,141,57:00.0,6,12:00,851
7450911195,U,CTY,1,8,1792,127762,195,36:00.0,3,9:00,851
7450914421,U,OB,1,2,855,139545,67,38:00.0,2,17:00,851
7450921508,U,IB,1,1,308,131183,143,15:00.0,5,16:00,851
745096427X,U,OB,1,1,272,126561,96,13:00.0,6,7:00,851
7450964289,U,CTY,1,1,417,132120,175,53:00.0,5,3:00,851
7450974656,U,CTY,1,6,279,124297,197,40:00.0,2,12:00,851
7450975875,U,CTY,1,2,1568,118561,168,50:00.0,7,5:00,851
7450985326,U,OB,1,1,350,137455,73,59:00.0,7,9:00,851
7450986361,U,CTY,1,1,91,133640,235,46:00.0,2,21:00,851
7450986527,U,OB,1,2,558,130455,84,47:00.0,6,11:00,851
7450986581,U,CTY,1,5,2813,125291,197,18:00.0,2,11:00,851
7450987095,U,IB,1,1,608,561112,135,51:00.0,7,14:00,851
7450987095,U,CTY,1,1,608,561112,233,04:00.0,2,21:00,851
7450987178,U,IB,1,1,170,136922,141,52:00.0,1,14:00,851
7450988662,U,IB,1,1,275,561112,135,50:00.0,7,15:00,851
7450988965,U,OB,1,1,285,139545,67,27:00.0,2,17:00,851
7450996097,U,OB,1,6,5666,139694,96,54:00.0,6,1:00,198
7451010882,U,OB,1,3,990,129611,88,26:00.0,2,10:00,198
745204172X,U,OB,1,4,2778,830967,84,40:00.0,5,20:00,422
7452041748,U,OB,1,4,3375,560231,73,00:00.0,3,20:00,422
7452041757,U,OB,1,4,3148,841940,94,27:00.0,4,0:00,422
7452041757,U,OB,1,4,3148,841940,92,48:00.0,4,0:00,422
7452041757,U,OB,1,4,3148,841940,48,02:00.0,3,22:00,422
7452042215,U,OB,1,4,3200,390229,60,10:00.0,4,1:00,422
7452043755,U,OB,1,2,2560,390072,55,47:00.0,5,21:00,422
7452043755,U,OB,1,2,2560,390072,30,34:00.0,6,5:00,422
745204392X,U,IB,1,1,300,00DOCK,166,55:00.0,6,19:00,422
7452043939,U,OB,1,1,275,00DOCK,1,58:00.0,3,8:00,422
7452044388,U,OB,1,2,3900,559680,32,43:00.0,5,20:00,422
7452044397,U,OB,1,15,19515,10166,78,09:00.0,6,4:00,422
7452044406,U,OB,1,1,1100,353225,52,19:00.0,4,22:00,422
7452044415,U,OB,1,6,11400,311349,90,56:00.0,6,2:00,422
7452044424,U,OB,1,1,1875,353225,52,15:00.0,4,22:00,422
7452046101,U,OB,1,1,1590,138853,22,55:00.0,2,18:00,422
7452046101,U,OB,1,1,1590,138853,82,26:00.0,3,1:00,422
7452046157,U,OB,1,2,2335,821149,53,59:00.0,4,20:00,422
7452046166,U,OB,1,1,1190,830959,58,46:00.0,6,20:00,422
7452055296,U,OB,1,4,4975,842029,58,22:00.0,3,19:00,422
7452055305,U,OB,1,1,1701,820869,74,23:00.0,5,20:00,422
7452055314,U,OB,1,1,1466,842100,84,27:00.0,3,21:00,422
7452055323,U,OB,1,1,1703,530504,72,47:00.0,4,21:00,422
7452068752,U,OB,1,2,940,842029,90,06:00.0,6,19:00,422
7452081512,U,IB,1,3,1945,730114,156,15:00.0,5,21:00,422
7452081512,U,IB,1,3,1945,730114,156,15:00.0,5,21:00,422
7452081512,U,IB,1,3,1945,730114,156,15:00.0,5,21:00,422
7452081530,U,OB,1,2,704,830887,90,49:00.0,7,0:00,422
745208154X,U,OB,1,5,1617,830887,90,11:00.0,7,1:00,422
7452081577,U,OB,1,1,1560,830887,90,41:00.0,6,22:00,422
7452081586,U,OB,1,1,1060,830887,90,36:00.0,6,22:00,422
7452081750,U,IB,1,6,1574,730114,116,19:00.0,3,19:00,422
7452090431,U,OB,1,1,1491,559935,60,00:00.0,3,21:00,422
7452090440,U,OB,1,2,2981,89542,88,07:00.0,4,20:00,422
745209045X,U,OB,1,4,5242,390047,95,18:00.0,2,21:00,422
7452090469,U,OB,1,2,700,830887,43,14:00.0,4,21:00,422
7452090478,U,OB,1,1,1491,830967,43,40:00.0,5,21:00,422
7452090487,U,OB,1,1,1491,390234,58,00:00.0,4,22:00,422
7452091899,U,OB,1,1,539,531258,67,53:00.0,2,21:00,422
7452091908,U,OB,1,2,670,531258,67,08:00.0,2,22:00,422
7452091917,U,OB,1,7,2605,558629,76,58:00.0,5,2:00,422
7452091926,U,OB,1,2,800,558629,76,50:00.0,5,1:00,422
7452091935,U,OB,1,2,760,558629,76,39:00.0,5,3:00,422
7452093273,U,OB,1,7,6195,430035,90,06:00.0,6,21:00,422
7452093282,U,OB,1,2,881,903983,60,13:00.0,4,0:00,422
7452093291,U,OB,1,1,281,120918,15,34:00.0,5,2:00,422
7452093291,U,OB,1,1,281,120918,13,25:00.0,5,2:00,422
7452093291,U,OB,1,1,281,120918,13,25:00.0,5,2:00,422
7452093300,U,OB,1,1,336,120918,51,13:00.0,5,2:00,422
745209331X,U,OB,1,1,351,120918,51,27:00.0,5,1:00,422
7452093329,U,OB,1,1,899,120918,51,26:00.0,5,1:00,422
7452093329,U,OB,1,1,899,120918,83,49:00.0,5,1:00,422
7452093338,U,OB,1,1,405,120918,51,39:00.0,5,1:00,422
7452093347,U,OB,1,1,1074,120918,83,50:00.0,5,2:00,422
7452093347,U,OB,1,1,1074,120918,51,13:00.0,5,2:00,422
7452093356,U,OB,1,1,271,120918,51,53:00.0,5,1:00,422
7452093365,U,OB,1,1,1198,120918,51,10:00.0,5,1:00,422
7452093383,U,OB,1,1,360,120918,51,09:00.0,5,1:00,422
7452093383,U,OB,1,1,360,120918,83,49:00.0,5,1:00,422
7452093392,U,OB,1,4,1881,120918,85,50:00.0,5,2:00,422
7452093392,U,OB,1,4,1881,120918,85,50:00.0,5,2:00,422
7452093401,U,OB,1,1,693,120918,51,09:00.0,5,1:00,422
7452093410,U,OB,1,1,194,120918,79,56:00.0,5,2:00,422
7452093410,U,OB,1,1,194,120918,51,08:00.0,5,1:00,422
745209342X,U,OB,1,2,1080,532178,72,10:00.0,6,3:00,422
7452093439,U,OB,1,1,1853,532178,72,44:00.0,6,4:00,422
7452093448,U,OB,1,1,400,532178,72,40:00.0,6,4:00,422
7452093457,U,OB,1,1,263,532178,72,04:00.0,6,3:00,422
7452093457,U,OB,1,1,263,532178,25,05:00.0,6,3:00,422
7452093466,U,OB,1,1,192,532178,25,55:00.0,6,3:00,422
7452093466,U,OB,1,1,192,532178,25,55:00.0,6,3:00,422
7452093475,U,IB,1,1,227,532178,119,09:00.0,6,4:00,422
7452093475,U,IB,1,1,227,532178,119,09:00.0,6,4:00,422
7452093484,U,OB,1,1,290,532178,72,46:00.0,6,4:00,422
7452093493,U,OB,1,1,540,532178,72,08:00.0,6,4:00,422
7452093502,U,OB,1,2,922,532178,72,56:00.0,6,3:00,422
7452093567,U,OB,1,1,829,312365,88,20:00.0,5,4:00,422
7452093576,U,OB,1,1,183,312365,88,56:00.0,5,1:00,422
7452093585,U,OB,1,1,253,312365,88,49:00.0,5,1:00,422
7452093594,U,OB,1,1,150,312365,88,37:00.0,5,1:00,422
7452093603,U,OB,1,1,231,312365,88,30:00.0,5,1:00,422
7452093612,U,OB,1,1,372,312365,88,40:00.0,5,1:00,422
7452093621,U,OB,1,1,241,312365,88,34:00.0,5,1:00,422
7452093630,U,OB,1,1,286,312365,88,54:00.0,5,0:00,422
745209364X,U,OB,1,1,1566,312365,88,51:00.0,5,0:00,422
7452093659,U,OB,1,1,223,312365,88,44:00.0,5,0:00,422
7452093668,U,OB,1,1,376,312365,88,41:00.0,5,0:00,422
7452093677,U,OB,1,2,806,312365,88,35:00.0,5,0:00,422
7452093686,U,OB,1,1,188,310291,63,23:00.0,6,5:00,422
7452093695,U,OB,1,1,235,310291,63,19:00.0,6,5:00,422
7452093704,U,OB,1,2,4620,310291,63,15:00.0,6,5:00,422
7452093713,U,OB,1,1,330,310291,54,55:00.0,6,8:00,422
7452093713,U,OB,1,1,330,310291,63,22:00.0,6,5:00,422
7452093722,U,OB,1,13,9530,310291,63,07:00.0,6,5:00,422
7452093731,U,OB,1,14,210,310291,63,25:00.0,6,4:00,422
7452093740,U,OB,1,4,2243,310291,63,14:00.0,6,4:00,422
745209375X,U,OB,1,18,325,310291,63,43:00.0,6,4:00,422
7452094061,U,OB,1,4,6150,841895,69,37:00.0,6,21:00,422
7452094694,U,OB,1,1,390,310232,75,00:00.0,3,19:00,422
7452094694,U,IB,1,1,390,310232,156,47:00.0,3,19:00,422
7452094694,U,IB,1,1,390,310232,158,01:00.0,3,19:00,422
7452094703,U,OB,1,1,260,310232,75,48:00.0,3,18:00,422
7452094712,U,OB,1,1,220,310232,75,50:00.0,3,18:00,422
7452097298,U,IB,1,2,3165,353244,133,40:00.0,3,22:00,422
745209892X,U,OB,1,1,1685,842029,58,54:00.0,3,19:00,422
7452098939,U,OB,1,3,7926,820869,74,35:00.0,5,20:00,422
7452105510,U,OB,1,13,2975,842274,46,32:00.0,5,20:00,422
745210552X,U,OB,1,14,2935,830967,72,22:00.0,6,21:00,422
7452107427,U,OB,1,5,12960,841940,76,13:00.0,4,20:00,422
7452107436,U,OB,1,1,187,841940,76,32:00.0,4,20:00,422
7452107445,U,OB,1,2,3067,841940,76,24:00.0,4,19:00,422
7452107454,U,OB,1,6,2489,841940,76,30:00.0,4,20:00,422
7452107463,U,OB,1,1,316,841940,76,38:00.0,4,20:00,422
7452107472,U,OB,1,7,2781,841940,76,15:00.0,4,20:00,422
7452107490,U,OB,1,1,80,903850,88,54:00.0,5,21:00,422
7452112734,U,OB,1,2,453,821190,39,27:00.0,5,21:00,422
7452112743,U,OB,1,3,944,559536,26,49:00.0,7,1:00,422
7452113724,U,OB,1,1,1040,310506,26,51:00.0,2,19:00,422
7452113733,U,OB,1,1,1505,310506,56,19:00.0,2,20:00,422
7452113733,U,OB,1,1,1505,310506,26,49:00.0,2,19:00,422
7452116144,U,OB,1,2,685,821190,48,12:00.0,2,21:00,422
7452116153,U,OB,1,6,11504,559680,39,09:00.0,6,17:00,422
745211663X,U,OB,1,1,237,842872,69,16:00.0,3,22:00,422
745211663X,U,OB,1,1,237,842872,57,17:00.0,3,22:00,422
7452116649,U,IB,1,1,119,821190,105,54:00.0,6,0:00,422
7452116658,U,OB,1,1,252,842872,69,14:00.0,3,22:00,422
7452116658,U,OB,1,1,252,842872,23,05:00.0,4,0:00,422
7452116667,U,OB,1,1,215,842100,63,48:00.0,4,21:00,422
7452116676,U,OB,1,1,186,842100,63,45:00.0,4,21:00,422
7452116685,U,OB,1,1,207,842100,63,47:00.0,4,21:00,422
7452116694,U,OB,1,1,216,842100,63,50:00.0,4,21:00,422
7452116703,U,OB,1,1,196,842100,63,43:00.0,4,21:00,422
7452116730,U,OB,1,1,201,311349,73,04:00.0,6,22:00,422
745211685X,U,IB,1,1,322,000OSD,159,28:00.0,3,11:00,422
7452116869,U,OB,1,1,915,97130,66,01:00.0,4,0:00,422
7452116878,U,OB,1,3,634,821190,69,07:00.0,4,19:00,422
7452116887,U,OB,1,1,288,310506,76,39:00.0,6,20:00,422
7452116905,U,OB,1,1,453,310506,76,21:00.0,6,20:00,422
7452116914,U,OB,1,1,308,310506,76,35:00.0,6,20:00,422
7452116923,U,OB,1,1,250,310506,76,46:00.0,6,20:00,422
7452116932,U,OB,1,1,291,310506,76,04:00.0,6,20:00,422
745211696X,U,OB,1,1,322,310506,76,17:00.0,6,20:00,422
7452116979,U,OB,1,1,266,310506,76,09:00.0,6,20:00,422
7452116988,U,OB,1,1,331,310506,76,01:00.0,6,20:00,422
7452116997,U,OB,1,1,277,310506,76,32:00.0,6,20:00,422
7452117006,U,OB,1,1,299,310506,76,29:00.0,6,20:00,422
7452117024,U,OB,1,1,409,310506,76,24:00.0,6,20:00,422
7452117042,U,OB,1,2,1025,821190,46,34:00.0,2,21:00,422
7452117051,U,OB,1,1,366,558869,66,45:00.0,2,19:00,422
7452117060,U,OB,1,1,356,558869,66,40:00.0,2,19:00,422
745211707X,U,OB,1,1,549,558869,66,04:00.0,2,19:00,422
7452117089,U,OB,1,1,315,558869,66,21:00.0,2,19:00,422
7452117098,U,OB,1,1,386,558869,66,16:00.0,2,19:00,422
7452117107,U,OB,1,1,675,558869,66,05:00.0,2,19:00,422
7452117116,U,OB,1,1,306,558869,66,25:00.0,2,19:00,422
7452117125,U,OB,1,1,282,558869,66,37:00.0,2,19:00,422
7452117134,U,OB,1,1,309,558869,66,53:00.0,2,19:00,422
7452117152,U,OB,1,1,450,842100,63,40:00.0,4,21:00,422
7452117161,U,OB,1,1,377,559680,39,29:00.0,6,16:00,422
7452117170,U,OB,1,1,298,120863,51,56:00.0,2,20:00,422
745211718X,U,OB,1,1,304,559680,66,18:00.0,7,10:00,422
745211718X,U,OB,1,1,304,559680,39,32:00.0,6,16:00,422
7452117199,U,OB,1,1,997,559680,39,55:00.0,6,16:00,422
7452117199,U,OB,1,1,997,559680,66,30:00.0,7,10:00,422
7452117208,U,OB,1,1,410,120863,51,35:00.0,2,20:00,422
7452117217,U,OB,1,1,265,559680,39,38:00.0,6,16:00,422
7452117226,U,OB,1,1,256,559680,39,58:00.0,6,16:00,422
7452117235,U,OB,1,1,287,559680,39,47:00.0,6,16:00,422
7452117244,U,OB,1,1,449,559680,39,51:00.0,6,16:00,422
7452117253,U,OB,1,1,267,559680,39,43:00.0,6,16:00,422
7452117262,U,OB,1,1,358,120863,51,30:00.0,2,20:00,422
7452117271,U,IB,1,1,507,559680,119,22:00.0,6,18:00,422
7452117271,U,OB,1,1,507,559680,39,14:00.0,6,16:00,422
7452117280,U,OB,1,7,3274,430681,53,01:00.0,5,19:00,422
745211729X,U,OB,1,2,1240,430681,53,18:00.0,5,19:00,422
7452117309,U,OB,1,1,351,430926,69,21:00.0,3,22:00,422
7452117318,U,OB,1,1,283,430926,69,02:00.0,3,22:00,422
7452117318,U,OB,1,1,283,430926,23,19:00.0,4,0:00,422
7452117327,U,OB,1,1,354,430926,69,28:00.0,3,22:00,422
7452117336,U,OB,1,1,302,430926,69,46:00.0,3,22:00,422
7452117345,U,OB,1,1,332,430926,69,35:00.0,3,22:00,422
7452117354,U,OB,1,1,304,430926,69,51:00.0,3,22:00,422
7452117363,U,OB,1,1,302,430926,69,31:00.0,3,22:00,422
7452117372,U,CTY,1,1,432,000OSD,203,11:00.0,4,14:00,422
7452117381,U,OB,1,1,283,430926,69,49:00.0,3,21:00,422
7452117390,U,OB,1,1,302,430926,69,43:00.0,3,21:00,422
745211740X,U,OB,1,1,345,430926,69,18:00.0,3,22:00,422
7452117419,U,OB,1,1,326,558869,66,10:00.0,2,19:00,422
7452117428,U,OB,1,2,700,430926,69,56:00.0,3,21:00,422
7452117437,U,OB,1,1,850,430926,69,26:00.0,3,22:00,422
7452117446,U,IB,1,1,625,410224,112,48:00.0,5,1:00,422
7452117455,U,OB,1,1,347,311349,73,58:00.0,6,22:00,422
7452117464,U,OB,1,1,618,311349,73,09:00.0,6,22:00,422
7452117473,U,IB,1,1,329,311349,119,41:00.0,7,4:00,422
7452117482,U,OB,1,1,475,311349,73,53:00.0,6,22:00,422
7452117500,U,OB,1,1,314,821190,67,22:00.0,6,22:00,422
7452117978,U,OB,1,1,161,842100,63,48:00.0,4,21:00,422
7452117987,U,OB,1,1,320,842100,63,49:00.0,4,21:00,422
7452117996,U,OB,1,1,327,842872,69,20:00.0,3,22:00,422
7452118005,U,OB,1,1,94,842872,69,13:00.0,3,21:00,422
745211806X,U,OB,1,1,610,560751,74,17:00.0,6,20:00,422
7452118079,U,IB,1,1,612,311058,104,33:00.0,5,22:00,422
7452118088,U,OB,1,1,1390,530088,74,22:00.0,6,19:00,422
7452118097,U,OB,1,1,543,830890,38,34:00.0,2,18:00,422
7452120306,U,OB,1,1,130,560385,72,56:00.0,2,21:00,422
7452120315,U,OB,1,11,3035,558481,72,41:00.0,4,19:00,422
7452120324,U,OB,1,1,328,558481,72,39:00.0,4,19:00,422
7452120948,U,OB,1,3,4865,842650,26,22:00.0,3,18:00,422
7452120957,U,OB,1,1,465,531258,67,47:00.0,2,21:00,422
7452120966,U,OB,1,2,694,530751,60,47:00.0,3,18:00,422
7452122230,U,OB,1,2,550,559143,84,17:00.0,4,1:00,422
7452122230,U,OB,1,2,550,559143,66,18:00.0,4,1:00,422
745212224X,U,OB,1,2,1036,559143,57,39:00.0,4,2:00,422
745212224X,U,OB,1,2,1036,559143,84,36:00.0,4,1:00,422
7452122259,U,OB,1,4,2594,559143,84,33:00.0,3,22:00,422
7452131012,U,OB,1,1,288,903850,72,48:00.0,6,20:00,422
745213126X,U,OB,1,1,860,903850,72,41:00.0,6,20:00,422
7452131279,U,OB,1,2,576,842167,81,06:00.0,3,0:00,422
7452131279,U,OB,1,2,576,842167,58,25:00.0,2,22:00,422
7452131288,U,OB,1,2,615,842193,72,33:00.0,5,19:00,422
7452131297,U,OB,1,9,2592,842193,72,03:00.0,5,20:00,422
7452131306,U,IB,1,1,590,000OSD,165,06:00.0,6,15:00,422
7452131315,U,OB,1,2,817,842193,72,02:00.0,5,19:00,422
7452131324,U,OB,1,20,5760,843236,26,25:00.0,3,0:00,422
7452131333,U,OB,1,1,1248,842100,53,22:00.0,6,20:00,422
7452131342,U,OB,1,1,442,842100,53,10:00.0,6,21:00,422
7452131351,U,OB,1,1,1310,842100,53,43:00.0,6,21:00,422
7452134642,U,OB,1,1,250,560963,72,40:00.0,5,20:00,422
7452134660,U,OB,1,2,1860,689091,69,37:00.0,2,21:00,422
745214061X,U,OB,1,1,229,530088,75,27:00.0,2,22:00,422
7452140638,U,OB,1,3,1594,530088,75,21:00.0,2,22:00,422
7452140656,U,OB,1,1,271,830967,76,22:00.0,7,0:00,422
7452140665,U,OB,1,1,623,830967,76,20:00.0,7,0:00,422
7452140674,U,OB,1,1,943,842274,38,45:00.0,2,19:00,422
7452140683,U,IB,1,1,564,842100,112,51:00.0,5,20:00,422
7452140692,U,IB,1,1,264,842100,112,54:00.0,5,20:00,422
7452140701,U,OB,1,1,1230,841925,5,49:00.0,4,14:00,422
7452140701,U,OB,1,1,1230,841925,52,49:00.0,3,22:00,422
7452140710,U,OB,1,1,111,841925,52,45:00.0,3,22:00,422
7452140710,U,OB,1,1,111,841925,5,49:00.0,4,14:00,422
7452140739,U,OB,1,1,805,841925,52,47:00.0,3,22:00,422
7452140757,U,OB,1,1,428,558629,78,02:00.0,2,22:00,422
7452142782,U,OB,1,4,880,559350,89,05:00.0,4,0:00,422
7452142829,U,OB,1,4,3800,531254,78,47:00.0,5,22:00,422
7452144102,U,OB,1,5,1650,599375,95,09:00.0,3,19:00,422
7452144111,U,OB,1,3,1275,599375,95,14:00.0,3,20:00,422
7452144120,U,OB,1,8,3290,599375,95,20:00.0,3,20:00,422
745214413X,U,OB,1,2,664,531169,26,51:00.0,5,21:00,422
7452144149,U,OB,1,5,1942,843233,40,23:00.0,6,21:00,422
7452144158,U,OB,1,2,680,842789,17,24:00.0,3,19:00,422
7452144176,U,OB,1,3,1534,10408,31,33:00.0,2,21:00,422
7452144185,U,OB,1,1,300,10408,31,19:00.0,2,21:00,422
7452144203,U,OB,1,2,590,842167,13,18:00.0,2,20:00,422
7452144212,U,OB,1,2,725,842167,13,13:00.0,2,20:00,422
7452144221,U,OB,1,6,2570,821190,49,18:00.0,3,18:00,422
7452144230,U,OB,1,15,5415,558422,40,33:00.0,3,18:00,422
745214424X,U,OB,1,3,887,904284,40,14:00.0,4,22:00,422
7452144259,U,OB,1,11,3893,310291,52,36:00.0,2,17:00,422
7452144771,U,IB,1,3,1475,139517,127,15:00.0,4,20:00,422
7452144780,U,IB,1,1,950,139517,127,52:00.0,4,20:00,422
7452152141,U,OB,1,1,188,310753,53,10:00.0,7,0:00,422
7452152150,U,OB,1,1,199,310753,53,02:00.0,6,22:00,422
745215216X,U,OB,1,1,475,842650,26,55:00.0,3,19:00,422
7452152188,U,OB,1,2,636,559443,67,54:00.0,5,0:00,422
7452152197,U,OB,1,4,1056,560136,48,41:00.0,5,19:00,422
7452152875,U,OB,1,1,97,599375,66,56:00.0,3,19:00,422
7452152884,U,OB,1,1,97,599375,66,58:00.0,3,19:00,422
7452152893,U,OB,1,1,97,599375,66,01:00.0,3,20:00,422
7452152902,U,OB,1,1,97,599375,66,06:00.0,3,20:00,422
7452152911,U,OB,1,2,222,599375,66,16:00.0,3,20:00,422
7452152920,U,OB,1,2,222,599375,66,12:00.0,3,20:00,422
745215293X,U,OB,1,2,222,599375,66,17:00.0,3,20:00,422
7452152949,U,OB,1,1,236,310506,75,41:00.0,4,19:00,422
7452152958,U,OB,1,1,236,310506,75,54:00.0,4,19:00,422
7452152976,U,OB,1,1,236,310506,75,58:00.0,4,19:00,422
7452152985,U,OB,1,1,173,310506,75,58:00.0,4,19:00,422
7452154011,U,OB,1,2,2973,390234,39,30:00.0,3,20:00,422
7452154020,U,OB,1,1,351,390234,39,37:00.0,3,20:00,422
7452154049,U,OB,1,1,3111,842029,9,36:00.0,5,2:00,422
7452154049,U,OB,1,1,3111,842029,73,25:00.0,4,22:00,422
7452154058,U,OB,1,1,323,842029,73,28:00.0,4,22:00,422
7452154067,U,OB,1,1,540,558373,72,37:00.0,5,20:00,422
7452154076,U,OB,1,1,777,558373,72,38:00.0,5,20:00,422
7452154085,U,OB,1,2,3209,558373,72,35:00.0,5,20:00,422
7452154085,U,IB,1,2,3209,558373,147,41:00.0,6,2:00,422
7452154085,U,CTY,1,2,3209,558373,R2  ,45:00.0,6,0:00,422
7452154094,U,OB,1,1,212,558373,72,37:00.0,5,20:00,422
7452154103,U,OB,1,2,2415,558373,72,46:00.0,5,20:00,422
7452154516,U,OB,1,3,4766,505671,60,19:00.0,2,17:00,422
7452154525,U,OB,1,1,566,842274,46,27:00.0,4,21:00,422
7452154534,U,OB,1,1,174,842650,60,17:00.0,3,19:00,422
7452154543,U,OB,1,1,147,842650,60,13:00.0,3,19:00,422
7452154552,U,OB,1,1,265,530697,60,11:00.0,5,20:00,422
7452154561,U,OB,1,1,996,530697,60,04:00.0,5,20:00,422
7452154570,U,OB,1,1,581,252351,73,22:00.0,7,2:00,422
745215458X,U,OB,1,1,29,252351,73,40:00.0,7,3:00,422
7452154599,U,OB,1,1,274,252351,73,22:00.0,7,1:00,422
7452154617,U,OB,1,1,142,842082,50,39:00.0,3,21:00,422
7452154626,U,OB,1,1,645,842082,50,45:00.0,3,21:00,422
7452154635,U,OB,1,1,259,842082,50,40:00.0,3,21:00,422
7452154644,U,OB,1,3,7206,842082,50,54:00.0,3,21:00,422
7452154653,U,OB,1,2,642,530751,89,35:00.0,4,18:00,422
7452154662,U,OB,1,1,187,560963,72,23:00.0,5,20:00,422
7452154671,U,OB,1,1,625,560963,72,27:00.0,5,20:00,422
7452154680,U,OB,1,1,1113,560963,72,20:00.0,5,20:00,422
745215469X,U,OB,1,1,339,530109,38,34:00.0,7,1:00,422
7452154709,U,OB,1,1,186,530109,38,38:00.0,7,1:00,422
7452154718,U,OB,1,1,1581,87995,39,34:00.0,2,21:00,422
7452154718,U,OB,1,1,1581,87995,54,22:00.0,3,3:00,422
7452154727,U,OB,1,2,2775,87995,97,37:00.0,3,12:00,422
7452154727,U,OB,1,2,2775,87995,39,30:00.0,2,21:00,422
7452154736,U,OB,1,1,500,390234,39,36:00.0,3,20:00,422
7452154745,U,OB,1,1,935,390234,39,25:00.0,3,20:00,422
7452154754,U,OB,1,1,564,390234,39,33:00.0,3,20:00,422
7452154790,U,OB,1,1,1647,311349,85,28:00.0,4,0:00,422
7452154790,U,OB,1,1,1647,311349,50,04:00.0,3,21:00,422
7452156276,U,OB,1,1,502,842872,63,54:00.0,5,18:00,422
7452156294,U,OB,1,1,100,842872,63,59:00.0,5,17:00,422
7452156321,U,OB,1,1,268,558629,76,16:00.0,5,4:00,422
7452156330,U,OB,1,1,118,558629,76,19:00.0,5,4:00,422
7452160932,U,OB,1,1,227,506875,63,05:00.0,3,0:00,422
7452160941,U,OB,1,1,190,506875,63,35:00.0,3,0:00,422
7452160950,U,OB,1,1,205,506875,63,03:00.0,3,0:00,422
745216096X,U,OB,1,1,150,506875,63,48:00.0,3,0:00,422
7452165269,U,OB,1,1,291,90060,58,46:00.0,3,6:00,422
7452165278,U,OB,1,1,120,842274,96,49:00.0,4,21:00,422
7452165287,U,OB,1,1,341,842274,96,39:00.0,4,21:00,422
7452165314,U,OB,1,1,400,530504,72,53:00.0,4,21:00,422
7452165323,U,OB,1,1,1464,390234,48,19:00.0,5,22:00,422
7452167157,U,OB,1,2,2426,903951,69,25:00.0,6,20:00,422
7452167166,U,OB,1,1,1724,903951,69,20:00.0,6,20:00,422
7452167175,U,OB,1,1,197,903951,69,36:00.0,6,20:00,422
7452167184,U,OB,1,1,2127,903951,69,43:00.0,6,20:00,422
7452167193,U,OB,1,1,2381,903951,69,49:00.0,6,20:00,422
7452167202,U,OB,1,1,1305,903951,69,37:00.0,6,20:00,422
7452167211,U,OB,1,1,605,903951,69,32:00.0,6,20:00,422
7452167220,U,OB,1,1,285,903951,69,17:00.0,6,20:00,422
745216723X,U,OB,1,2,3780,903951,69,30:00.0,6,20:00,422
7452167249,U,OB,1,1,417,558899,83,11:00.0,6,3:00,422
7452167249,U,OB,1,1,417,558899,22,42:00.0,6,2:00,422
745217295X,U,OB,1,1,370,842650,86,23:00.0,4,19:00,422
7452172969,U,OB,1,25,7325,842650,86,18:00.0,4,19:00,422
7452172978,U,OB,1,2,500,560856,48,44:00.0,5,19:00,422
7452172987,U,OB,1,3,650,560856,48,36:00.0,5,19:00,422
7452173243,U,OB,1,4,1052,530751,38,43:00.0,2,18:00,422
7452173252,U,OB,1,6,1173,830887,4,02:00.0,3,0:00,422
7452173252,U,IB,1,6,1173,830887,117,22:00.0,2,22:00,422
7452173876,U,OB,1,3,3230,530419,31,24:00.0,5,22:00,422
7452173885,U,OB,1,1,260,530419,31,18:00.0,5,22:00,422
7452173894,U,OB,1,3,1440,530419,31,38:00.0,5,22:00,422
7452173903,U,OB,1,1,797,530419,31,31:00.0,5,22:00,422
7452173912,U,OB,1,1,1070,830890,32,16:00.0,2,18:00,422
7452173921,U,OB,1,1,262,310506,69,43:00.0,3,18:00,422
7452173930,U,OB,1,4,1750,310506,69,34:00.0,3,18:00,422
7452173930,U,CTY,1,4,1750,310506,231,03:00.0,4,7:00,422
745217394X,U,OB,1,1,790,842872,72,42:00.0,6,19:00,422
7452173959,U,OB,1,1,720,842872,72,45:00.0,6,18:00,422
7452173977,U,OB,1,1,1310,830890,48,16:00.0,3,18:00,422
7452173986,U,OB,1,1,880,841895,52,15:00.0,4,20:00,422
7452173986,U,IB,1,1,880,841895,119,00:00.0,5,0:00,422
7452173995,U,IB,1,1,480,841895,103,54:00.0,5,1:00,422
7452173995,U,OB,1,1,480,841895,52,18:00.0,4,20:00,422
7452174004,U,OB,1,1,390,841895,52,20:00.0,4,20:00,422
7452174013,U,OB,1,1,1130,730114,90,23:00.0,5,21:00,422
7452174022,U,OB,1,2,2860,843233,50,56:00.0,2,21:00,422
7452174040,U,OB,1,1,740,57019,46,42:00.0,4,20:00,422
745217405X,U,OB,1,1,234,57019,46,49:00.0,4,20:00,422
7452174069,U,OB,1,1,630,903951,69,24:00.0,5,21:00,422
7452174078,U,OB,1,1,150,830890,74,30:00.0,6,19:00,422
745217559X,U,OB,1,1,720,843233,62,01:00.0,4,19:00,422
745217559X,U,OB,1,1,720,843233,52,59:00.0,4,18:00,422
7452175636,U,IB,1,1,800,843233,154,33:00.0,4,19:00,422
7452175636,U,OB,1,1,800,843233,52,12:00.0,4,18:00,422
7452175645,U,OB,1,1,885,843233,52,20:00.0,4,18:00,422
7452175654,U,OB,1,1,20,843233,52,50:00.0,4,18:00,422
7452175663,U,CTY,1,1,38,843233,202,53:00.0,5,8:00,422
7452175663,U,CTY,1,1,38,843233,233,39:00.0,4,19:00,422
7452175663,U,CTY,1,1,38,843233,233,39:00.0,4,19:00,422
7452175672,U,OB,1,1,720,843233,52,16:00.0,4,19:00,422
7452175681,U,OB,1,1,735,843233,52,04:00.0,4,19:00,422
745217889X,U,OB,1,2,655,120918,53,14:00.0,3,18:00,422
745217889X,U,OB,1,2,655,120918,85,15:00.0,3,18:00,422
7452178909,U,OB,1,8,3460,532178,55,33:00.0,4,19:00,422
7452178927,U,OB,1,5,1885,532178,55,35:00.0,4,18:00,422
7452178936,U,OB,1,1,960,559726,63,15:00.0,1,0:00,422
7452178945,U,OB,1,4,2145,559726,63,34:00.0,1,0:00,422
7452178954,U,OB,1,6,3365,559726,63,38:00.0,1,0:00,422
7452178963,U,OB,1,1,445,530088,63,44:00.0,3,19:00,422
7452178972,U,OB,1,1,495,530088,63,42:00.0,3,19:00,422
7452178981,U,OB,1,11,6705,530088,63,49:00.0,3,18:00,422
7452178990,U,OB,1,1,702,530088,63,29:00.0,3,19:00,422
745217900X,U,OB,1,2,965,530683,49,53:00.0,7,5:00,422
745217900X,U,OB,1,2,965,530683,83,54:00.0,7,5:00,422
745217900X,U,OB,1,2,965,530683,86,13:00.0,7,11:00,422
7452179019,U,OB,1,2,2499,903814,79,35:00.0,3,19:00,422
7452179019,U,OB,1,2,2499,903814,46,30:00.0,3,19:00,422
7452179028,U,OB,1,1,2099,903814,46,28:00.0,3,19:00,422
7452179037,U,OB,1,1,1030,10422,53,23:00.0,2,21:00,422
7452179046,U,OB,1,1,572,10422,53,22:00.0,2,21:00,422
7452179055,U,OB,1,1,225,903814,46,51:00.0,3,19:00,422
7452179073,U,OB,1,1,566,903814,46,55:00.0,3,19:00,422
7452179082,U,OB,1,1,654,903814,46,42:00.0,3,19:00,422
7452179091,U,OB,1,1,708,903814,46,40:00.0,3,19:00,422
7452179100,U,OB,1,1,419,903814,46,39:00.0,3,19:00,422
745217911X,U,OB,1,1,385,430581,69,19:00.0,5,19:00,422
7452179129,U,OB,1,1,758,430581,69,26:00.0,5,19:00,422
7452179138,U,OB,1,1,420,430581,69,20:00.0,5,19:00,422
7452179147,U,OB,1,1,785,430581,69,16:00.0,5,19:00,422
7452179156,U,OB,1,1,271,430581,69,14:00.0,5,19:00,422
7452179165,U,OB,1,1,865,430907,76,28:00.0,5,1:00,422
7452179174,U,OB,1,1,407,430907,76,23:00.0,5,1:00,422
7452179183,U,OB,1,1,539,430907,76,25:00.0,5,1:00,422
7452179192,U,OB,1,6,9000,430907,76,09:00.0,5,1:00,422
7452179201,U,OB,1,1,666,430907,76,52:00.0,5,0:00,422
7452179201,U,OB,1,1,666,430907,28,01:00.0,5,1:00,422
7452179210,U,OB,1,1,220,430907,76,48:00.0,5,0:00,422
7452179239,U,OB,1,1,1975,903814,46,57:00.0,3,19:00,422
7452179248,U,OB,1,1,332,903814,46,52:00.0,3,19:00,422
7452179248,U,OB,1,1,332,903814,34,54:00.0,3,19:00,422
7452179257,U,OB,1,1,1470,903814,46,55:00.0,3,19:00,422
7452179266,U,OB,1,1,595,10422,53,24:00.0,2,21:00,422
7452179275,U,OB,1,1,1461,10422,53,18:00.0,2,21:00,422
7452179284,U,OB,1,1,910,10422,53,26:00.0,2,21:00,422
7452179293,U,OB,1,1,254,10422,53,15:00.0,2,21:00,422
7452179302,U,OB,1,1,308,10422,53,31:00.0,2,20:00,422
7452179320,U,OB,1,7,10175,10422,53,32:00.0,2,20:00,422
745217933X,U,OB,1,1,523,10422,53,26:00.0,2,20:00,422
7452179358,U,OB,1,3,3380,841940,55,46:00.0,3,21:00,422
7452179385,U,OB,1,1,843,530455,74,59:00.0,6,23:00,422
7452179459,U,OB,1,1,640,530455,81,23:00.0,7,4:00,422
7452179459,U,OB,1,1,640,530455,74,01:00.0,7,0:00,422
7452181017,U,OB,1,16,2925,559536,38,30:00.0,7,8:00,422
7452184968,U,OB,1,1,389,560963,26,24:00.0,2,19:00,422
7452184977,U,OB,1,3,486,560963,26,33:00.0,2,19:00,422
7452184986,U,OB,1,1,443,560963,26,49:00.0,2,19:00,422
7452184995,U,OB,1,1,751,559536,69,40:00.0,3,20:00,422
7452185004,U,OB,1,1,449,558481,72,40:00.0,4,19:00,422
7452186187,U,OB,1,3,2770,560027,74,53:00.0,5,0:00,422
745218626X,U,OB,1,1,1108,560027,74,19:00.0,5,0:00,422
7452186279,U,OB,1,2,1385,560027,35,43:00.0,5,2:00,422
7452186279,U,OB,1,2,1385,560027,74,23:00.0,5,0:00,422
7452186288,U,OB,1,12,3324,842029,63,29:00.0,5,19:00,422
7452186306,U,OB,1,1,810,842029,63,11:00.0,5,19:00,422
7452186315,U,OB,1,16,2605,89542,86,23:00.0,4,22:00,422
7452186342,U,OB,1,2,566,89542,58,45:00.0,5,23:00,422
7452186360,U,OB,1,5,1485,390047,63,57:00.0,7,6:00,422
745218637X,U,OB,1,18,2102,390047,63,20:00.0,7,6:00,422
7452186389,U,OB,1,2,1930,390047,63,12:00.0,7,7:00,422
7452186398,U,IB,1,3,1475,10166,104,55:00.0,4,2:00,422
7452186407,U,IB,1,5,2905,10166,104,43:00.0,4,2:00,422
7452186407,U,OB,1,5,2905,10166,66,46:00.0,4,3:00,422
7452186416,U,IB,1,2,875,10166,104,49:00.0,4,2:00,422
7452186425,U,OB,1,2,865,311022,78,54:00.0,4,21:00,422
7452186434,U,IB,1,3,1735,10166,104,34:00.0,4,2:00,422
7452186443,U,OB,1,1,554,311022,78,47:00.0,4,20:00,422
7452186452,U,IB,1,7,3495,10166,104,28:00.0,4,1:00,422
7452186461,U,OB,1,4,2020,311022,78,00:00.0,4,22:00,422
7452186470,U,OB,1,8,1400,311022,78,11:00.0,4,21:00,422
745218648X,U,IB,1,2,704,10166,104,13:00.0,4,1:00,422
7452186499,U,OB,1,14,1015,311022,78,48:00.0,4,21:00,422
7452198397,U,OB,1,1,1005,558470,46,13:00.0,2,19:00,422
7452198406,U,OB,1,1,1060,842082,63,32:00.0,5,22:00,422
7452206555,U,OB,1,4,2100,559536,69,27:00.0,3,19:00,422
7452219196,U,IB,1,1,30,00SHOP,157,20:00.0,5,15:00,422
7452219205,U,CTY,1,1,600,00SHOP,178,43:00.0,3,15:00,422
7452219214,U,OB,1,1,540,00SHOP,1,39:00.0,4,11:00,422
7452219223,U,CTY,1,1,255,00SHOP,210,38:00.0,5,18:00,422
7452219232,U,OB,1,1,100,00DROP,1,47:00.0,3,14:00,422
7452221771,U,OB,1,1,195,531169,26,14:00.0,5,21:00,422
7452221780,U,IB,1,1,297,430890,117,59:00.0,6,20:00,422
745222179X,U,IB,1,1,872,430890,117,46:00.0,6,20:00,422
7452226941,U,OB,1,2,1169,120863,97,05:00.0,3,0:00,422
7452226941,U,OB,1,2,1169,120863,51,08:00.0,2,21:00,422
7452226950,U,OB,1,1,566,120863,51,12:00.0,2,21:00,422
7452226950,U,OB,1,1,566,120863,97,06:00.0,3,0:00,422
745222696X,U,OB,1,1,342,120863,51,03:00.0,2,21:00,422
7452226979,U,OB,1,2,392,821190,50,49:00.0,3,21:00,422
7452226988,U,OB,1,4,1247,821190,50,42:00.0,3,21:00,422
7452226997,U,OB,1,11,4947,530419,17,34:00.0,5,22:00,422
7452226997,U,OB,1,11,4947,530419,53,58:00.0,5,21:00,422
7452229013,U,OB,1,1,840,507989,39,45:00.0,3,21:00,422
7452229022,U,OB,1,2,1744,507989,39,52:00.0,3,21:00,422
7452229031,U,OB,1,1,856,507989,39,43:00.0,3,21:00,422
745222905X,U,OB,1,1,617,530419,53,04:00.0,5,20:00,422
745223026X,U,OB,1,1,961,430060,53,09:00.0,3,0:00,422
7452230279,U,OB,1,1,165,507989,39,06:00.0,3,22:00,422
7452230681,U,OB,1,8,9208,830887,17,46:00.0,5,21:00,422
7452230690,U,IB,1,1,747,410224,112,44:00.0,4,22:00,422
7452232149,U,OB,1,2,955,558293,50,04:00.0,5,1:00,422
7452232167,U,OB,1,1,768,821190,46,56:00.0,2,19:00,422
7452232176,U,CTY,1,1,88,821190,R2  ,35:00.0,4,4:00,422
7452232176,U,OB,1,1,88,821190,52,24:00.0,3,22:00,422
7452232185,U,OB,1,1,342,821190,52,47:00.0,3,21:00,422
7452232185,U,OB,1,1,342,821190,33,23:00.0,4,14:00,422
7452232212,U,OB,1,1,618,97063,75,18:00.0,4,22:00,422
7452232221,U,OB,1,1,920,559414,38,42:00.0,3,20:00,422
7452232230,U,OB,1,6,6085,570104,43,11:00.0,6,0:00,422
7452232259,U,OB,1,1,588,830887,17,05:00.0,5,22:00,422
7452232699,U,OB,1,2,1215,530751,50,08:00.0,4,22:00,422
7452234311,U,IB,1,13,9260,830887,117,48:00.0,2,21:00,422
7452234320,U,OB,1,1,126,353223,50,06:00.0,4,20:00,422
745223433X,U,OB,1,1,752,353223,50,03:00.0,4,20:00,422
7452234349,U,OB,1,1,275,353223,50,09:00.0,4,20:00,422
7452234367,U,OB,1,1,552,558258,66,47:00.0,5,19:00,422
7452265378,U,CTY,1,3,927,126281,192,41:00.0,4,12:00,324
7452268485,U,CTY,1,4,6320,138696,189,55:00.0,3,10:00,324
7452280035,U,IB,1,1,973,124078,116,47:00.0,4,11:00,324
7452331497,U,IB,1,3,1374,132785,127,05:00.0,1,16:00,324
7452331506,U,CTY,1,1,389,140163,175,51:00.0,5,22:00,324
7452353259,U,CTY,1,3,1801,291200,237,49:00.0,6,18:00,324
7452353259,U,CTY,1,3,1801,291200,213,44:00.0,1,20:00,324
7452353259,U,CTY,1,3,1801,291200,211,22:00.0,2,7:00,324
7452359940,U,IB,1,3,477,135378,158,53:00.0,5,3:00,324
7452364937,U,OB,1,4,1664,136412,75,32:00.0,2,10:00,324
7452364937,U,CTY,1,4,1664,136412,195,41:00.0,1,7:00,324
7452364973,U,CTY,1,1,41,202525,172,59:00.0,3,12:00,324
7452371353,U,CTY,1,1,1705,118588,169,05:00.0,4,15:00,324
7452371362,U,CTY,1,1,1025,118588,169,00:00.0,4,15:00,324
7452440718,U,OB,1,1,494,291219,48,56:00.0,7,4:00,433
7452440754,U,OB,1,2,665,128075,51,57:00.0,5,3:00,433
7452440772,U,OB,1,1,613,124263,50,33:00.0,7,1:00,433
7452440781,U,OB,1,1,273,124263,50,12:00.0,7,2:00,433
7452441515,U,OB,1,3,2545,127375,75,41:00.0,6,10:00,433
7452441551,U,OB,1,2,1890,131883,46,15:00.0,6,6:00,433
7452452387,U,OB,1,2,1205,136358,60,52:00.0,4,1:00,433
7452452396,U,OB,1,1,150,133913,40,37:00.0,4,1:00,433
7452452414,U,OB,1,4,3855,137031,46,52:00.0,6,4:00,433
7452452515,U,OB,1,1,156,125240,31,24:00.0,4,14:00,433
7452452524,U,OB,1,1,355,125240,31,33:00.0,4,13:00,433
7452452560,U,OB,1,1,1125,123163,68,16:00.0,6,18:00,433
7452452560,U,OB,1,1,1125,123163,74,02:00.0,6,10:00,433
7452452809,U,OB,1,1,1448,138184,52,10:00.0,3,13:00,433
7452452836,U,OB,1,2,462,138184,5,42:00.0,5,3:00,433
7452452845,U,OB,1,1,314,136097,46,32:00.0,3,16:00,433
7452452854,U,OB,1,1,350,128075,51,49:00.0,5,8:00,433
7452458199,U,OB,1,10,180,136516,89,00:00.0,5,7:00,433
7452475799,U,OB,1,10,965,277828,40,56:00.0,5,10:00,433
7452501281,U,OB,1,1,374,130908,60,33:00.0,3,12:00,433
745250130X,U,OB,1,2,1060,127375,75,39:00.0,6,11:00,433
7452527764,U,OB,1,1,265,128784,31,46:00.0,7,12:00,433
7452527773,U,OB,1,1,400,134673,22,49:00.0,7,15:00,433
7452527791,U,OB,1,8,642,559674,49,32:00.0,5,6:00,433
7452530065,U,OB,1,3,2217,137803,48,00:00.0,7,0:00,433
7452530074,U,OB,1,6,3550,121875,51,05:00.0,3,22:00,433
7452530110,U,OB,1,2,655,138710,58,56:00.0,4,4:00,433
7452530184,U,OB,1,9,795,125271,32,40:00.0,6,15:00,433
7452530202,U,OB,1,1,1070,119135,49,35:00.0,6,13:00,433
7452530249,U,OB,1,1,2360,134610,74,18:00.0,5,11:00,433
7452530258,U,OB,1,6,8661,134610,74,37:00.0,5,10:00,433
7452570096,U,IB,1,1,105,134519,163,58:00.0,2,18:00,890
7452571499,U,OB,1,1,722,136336,40,03:00.0,4,10:00,415
7452576090,U,OB,1,3,6810,124038,46,53:00.0,3,6:00,415
7452576128,U,OB,1,3,7950,128771,32,28:00.0,4,5:00,415
7452576155,U,OB,1,2,4058,128337,40,03:00.0,5,11:00,415
7452576191,U,OB,1,10,15410,132856,18,02:00.0,6,19:00,415
7452576229,U,OB,1,3,6315,123872,67,17:00.0,7,13:00,415
7452576256,U,IB,1,1,2105,127056,152,35:00.0,7,10:00,415
7452579556,U,OB,1,1,145,135748,26,24:00.0,4,8:00,415
7452585698,U,OB,1,1,173,123872,67,21:00.0,7,13:00,415
7452585707,U,OB,1,1,32,123872,67,10:00.0,7,13:00,415
7452587714,U,OB,1,1,86,136491,22,56:00.0,5,6:00,415
7452588731,U,OB,1,1,243,136491,22,35:00.0,5,7:00,415
745258875X,U,OB,1,1,150,126708,43,15:00.0,3,6:00,415
7452599457,U,OB,1,2,1225,124164,13,02:00.0,3,7:00,415
7452600016,U,OB,1,1,170,132206,18,01:00.0,5,8:00,415
7452600043,U,OB,1,1,580,135748,26,30:00.0,4,6:00,415
7452600099,U,OB,1,5,1800,136182,60,41:00.0,6,9:00,415
7452600117,U,OB,1,1,170,136336,40,19:00.0,4,9:00,415
7452600126,U,OB,1,4,1200,133688,14,27:00.0,4,6:00,415
7452600162,U,OB,1,6,2100,133688,14,58:00.0,4,6:00,415
7452600180,U,OB,1,1,275,133688,14,39:00.0,4,7:00,415
7452600209,U,OB,1,1,170,249234,14,00:00.0,4,13:00,415
7452600218,U,OB,1,6,2100,249234,14,53:00.0,4,12:00,415
7452600557,U,OB,1,2,3345,41204,18,18:00.0,7,8:00,415
7452600575,U,OB,1,1,128,140254,18,34:00.0,7,10:00,415
7452613115,U,OB,1,4,4650,290916,46,07:00.0,5,8:00,415
7452613124,U,OB,1,2,2350,290916,46,06:00.0,5,8:00,415
7452613142,U,OB,1,2,2405,140304,14,40:00.0,5,10:00,415
7452613151,U,OB,1,2,2380,140304,14,49:00.0,5,10:00,415
7452613160,U,OB,1,2,2380,202173,26,55:00.0,5,12:00,415
7452613573,U,OB,1,3,3920,129697,39,07:00.0,6,11:00,415
7452613674,U,OB,1,1,34,41204,18,06:00.0,7,7:00,415
745261372X,U,OB,1,1,110,135993,58,27:00.0,2,7:00,415
7452613748,U,OB,1,1,25,117039,32,03:00.0,3,11:00,415
7452613766,U,OB,1,1,238,136647,49,34:00.0,5,16:00,415
7452613775,U,OB,1,1,185,136647,49,41:00.0,5,16:00,415
7452613811,U,OB,1,6,1760,137647,14,00:00.0,6,13:00,415
7452614590,U,OB,1,2,1518,133668,52,02:00.0,3,7:00,415
7452614691,U,OB,1,1,243,140304,14,08:00.0,5,10:00,415
745261471X,U,OB,1,1,300,140304,14,11:00.0,5,10:00,415
7452671195,U,IB,1,1,264,128758,129,22:00.0,4,4:00,246
7452671379,U,IB,1,1,832,123865,153,17:00.0,6,13:00,246
7452671379,U,IB,1,1,832,123865,117,52:00.0,6,12:00,246
7452678529,U,IB,1,1,254,136252,127,23:00.0,6,6:00,246
7452678538,U,IB,1,1,206,127555,127,53:00.0,7,0:00,246
7452678583,U,IB,1,1,744,127555,127,23:00.0,7,1:00,246
7452678639,U,IB,1,1,176,128758,129,18:00.0,4,4:00,246
7452678666,U,IB,1,1,59,128758,129,32:00.0,4,5:00,246
745267873X,U,OB,1,1,75,132275,96,25:00.0,5,18:00,246
7452686779,U,IB,1,1,145,135504,105,33:00.0,1,17:00,246
7452686797,U,IB,1,1,118,135504,105,06:00.0,1,19:00,246
7452686889,U,IB,1,1,150,125826,113,58:00.0,3,18:00,246
7452686999,U,IB,1,1,152,136252,127,28:00.0,6,8:00,246
7452702783,U,IB,1,1,570,138200,113,03:00.0,1,10:00,246
7452702792,U,IB,1,1,165,138200,113,23:00.0,1,10:00,246
7452702801,U,IB,1,1,832,138200,113,56:00.0,1,9:00,246
7452702810,U,IB,1,2,730,138200,113,15:00.0,1,10:00,246
7452702866,U,CTY,1,1,210,130938,217,33:00.0,5,0:00,246
7452722776,U,CTY,1,2,1550,133126,175,41:00.0,7,18:00,508
7452723160,U,CTY,1,1,90,HAEI23255,175,27:00.0,7,17:00,508
7452731190,U,OB,1,1,1532,261258,22,40:00.0,7,13:00,508
7452732878,U,IB,1,1,312,125318,111,51:00.0,6,15:00,508
7452742879,U,OB,1,1,424,133000,76,22:00.0,7,22:00,508
7452744015,U,OB,1,1,682,135471,40,09:00.0,7,19:00,508
7452744051,U,OB,1,2,886,135471,40,12:00.0,7,20:00,508
745274968X,U,CTY,1,2,920,139734,187,23:00.0,1,18:00,508
7452761716,U,IB,1,3,2575,133882,163,59:00.0,4,1:00,508
7452764576,U,CTY,1,3,6922,137216,196,50:00.0,7,15:00,508
7452764850,U,CTY,1,8,6520,126944,189,58:00.0,2,12:00,508
7452765007,U,CTY,1,4,1697,558695,169,34:00.0,7,7:00,508
7452765685,U,IB,1,5,3125,135552,105,55:00.0,7,10:00,508
7452766711,U,CTY,1,1,1055,119931,175,13:00.0,2,19:00,508
7452769232,U,CTY,1,1,195,133126,175,29:00.0,7,19:00,508
7452790096,U,CTY,1,1,219,127922,197,07:00.0,7,10:00,508
7452803424,U,IB,1,1,469,135552,105,42:00.0,7,9:00,508
7452803433,U,IB,1,1,237,135552,105,24:00.0,7,8:00,508
7452805579,U,IB,1,1,300,131223,163,41:00.0,4,18:00,508
7452805615,U,CTY,1,1,625,127438,168,02:00.0,5,19:00,508
7452805633,U,IB,1,1,472,125318,111,18:00.0,6,15:00,508
7452805633,U,OB,1,1,472,125318,30,19:00.0,6,15:00,508
7452805651,U,IB,1,1,350,125318,111,43:00.0,6,15:00,508
745280567X,U,OB,1,1,1500,261258,22,44:00.0,7,12:00,508
7452805689,U,OB,1,1,620,261258,22,59:00.0,7,12:00,508
7452805743,U,IB,1,8100,595,HAEI27016,116,35:00.0,4,15:00,508
7452812619,U,OB,1,2,246,261258,30,42:00.0,7,12:00,508
7452812619,U,OB,1,2,246,261258,22,47:00.0,7,11:00,508
7452812637,U,OB,1,3,96,261258,22,53:00.0,7,11:00,508
7452813544,U,OB,1,1,355,HAEI26237,67,41:00.0,5,16:00,508
7452819071,U,CTY,1,1,143,128365,194,10:00.0,4,19:00,508
7452843675,U,OB,1,1,90,261258,22,09:00.0,7,11:00,508
7452844344,U,IB,1,3,3900,128543,158,55:00.0,6,10:00,508
7452844481,U,IB,1,3,4300,HAEI27016,116,11:00.0,4,19:00,508
7452903634,U,IB,1,1,256,135552,105,41:00.0,7,8:00,508
7452903670,U,OB,1,1,130,261258,22,04:00.0,7,13:00,508
7452919162,U,CTY,1,2,2000,127922,197,28:00.0,7,7:00,508
7452919162,U,OB,1,2,2000,136002,86,36:00.0,4,4:00,508
7452929181,U,CTY,1,1,217,137867,197,51:00.0,4,19:00,508
7452929181,U,CTY,1,1,217,137867,197,04:00.0,4,20:00,508
7452939072,U,CTY,1,4,11060,139951,195,10:00.0,7,14:00,508
7452939072,U,CTY,1,4,11060,139951,215,38:00.0,7,18:00,508
7452939119,U,IB,1,1,175,136426,145,02:00.0,1,20:00,508
7452964538,U,CTY,1,2,400,127922,197,55:00.0,7,9:00,508
7452964610,U,IB,1,5,936,135552,105,30:00.0,7,10:00,508
745296462X,U,CTY,1,1,1000,125318,184,28:00.0,6,15:00,508
745296462X,U,IB,1,1,1000,125318,111,14:00.0,6,15:00,508
7452987638,U,OB,1,1,300,135471,40,43:00.0,7,22:00,508
7453125540,U,IB,1,1,115,128237,164,24:00.0,2,18:00,860
7453125724,U,IB,1,1,92,132072,127,18:00.0,2,0:00,860
7453126090,U,IB,1,1,96,128044,103,50:00.0,7,6:00,860
7453126146,U,IB,1,1,275,128044,103,25:00.0,7,7:00,860
7453126265,U,CTY,1,1,76,138598,169,29:00.0,6,13:00,860
7453126458,U,CTY,1,1,20,290396,168,34:00.0,5,22:00,860
7453126503,U,CTY,1,3,587,135193,173,37:00.0,1,5:00,860
7453126577,U,IB,1,1,88,133005,116,39:00.0,1,12:00,860
7453126732,U,CTY,1,1,81,125237,189,23:00.0,3,13:00,860
7453126916,U,CTY,1,4,1556,125237,189,49:00.0,3,12:00,860
7453126970,U,CTY,1,1,50,125237,189,35:00.0,3,12:00,860
7453127008,U,CTY,1,1,85,125237,189,32:00.0,3,12:00,860
7453127044,U,IB,1,1,66,135658,127,06:00.0,5,3:00,860
7453127237,U,IB,1,1,83,133286,152,30:00.0,6,3:00,860
7453127282,U,IB,1,1,120,133286,152,58:00.0,6,3:00,860
7453127365,U,IB,1,1,20,133286,152,32:00.0,6,1:00,860
7453127374,U,IB,1,1,76,133286,152,07:00.0,6,2:00,860
7453127585,U,IB,1,1,130,127524,129,41:00.0,1,10:00,860
7453127594,U,IB,1,1,190,127524,129,02:00.0,1,10:00,860
7453127695,U,IB,1,1,268,127524,129,24:00.0,1,10:00,860
745312786X,U,IB,1,1,272,135111,163,57:00.0,1,20:00,860
7453127879,U,IB,1,4,820,140178,123,27:00.0,1,20:00,860
7453128070,U,IB,1,1,255,137986,116,22:00.0,4,18:00,860
7453128162,U,IB,1,1,223,137986,116,25:00.0,4,18:00,860
7453128209,U,IB,1,1,30,137986,116,52:00.0,4,18:00,860
7453128263,U,IB,1,1,65,137986,116,45:00.0,4,18:00,860
7453128510,U,IB,1,1,115,135252,133,37:00.0,5,19:00,860
7453128557,U,IB,1,1,162,135252,133,16:00.0,5,20:00,860
7453128620,U,IB,1,1,45,133577,163,22:00.0,7,15:00,860
7453128667,U,IB,1,1,105,133577,163,45:00.0,7,14:00,860
7453128759,U,CTY,1,1,40,202072,187,14:00.0,6,15:00,860
7453128795,U,CTY,1,1,120,202072,187,01:00.0,6,15:00,860
7453129033,U,IB,1,1,128,134017,116,36:00.0,1,21:00,860
7453129125,U,CTY,1,1,135,125490,169,45:00.0,2,12:00,860
7453129170,U,CTY,1,1,68,125490,169,25:00.0,2,14:00,860
7453129226,U,CTY,1,1,200,125490,169,53:00.0,2,13:00,860
7453129235,U,CTY,1,1,90,125490,169,53:00.0,2,12:00,860
7453129419,U,IB,1,1,130,261205,127,47:00.0,4,6:00,860
7453129428,U,IB,1,1,185,137417,143,41:00.0,6,1:00,860
7453129446,U,IB,1,1,100,130912,129,06:00.0,6,13:00,860
7453129482,U,IB,1,1,10,130912,129,03:00.0,6,13:00,860
745312951X,U,IB,1,1,50,130912,129,49:00.0,6,12:00,860
7453129639,U,IB,1,1,35,131559,143,06:00.0,5,7:00,860
7453129684,U,IB,1,1,105,131559,143,25:00.0,5,8:00,860
7453129720,U,IB,1,2,525,130912,129,53:00.0,6,12:00,860
7453129767,U,IB,1,1,120,130912,129,00:00.0,6,13:00,860
7453129794,U,CTY,1,1,122,138418,174,32:00.0,7,0:00,860
7453129803,U,CTY,1,1,155,138418,174,41:00.0,7,0:00,860
7453137476,U,OB,1,3,2700,137246,89,43:00.0,3,17:00,462
7453143517,U,OB,1,1,787,137246,89,55:00.0,3,17:00,462
7453143580,U,IB,1,3,1926,130521,112,15:00.0,6,9:00,462
7453144278,U,IB,1,7,856,132737,105,34:00.0,6,16:00,462
7453144287,U,OB,1,1,2015,133084,43,04:00.0,7,4:00,462
7453144296,U,OB,1,3,3645,138200,88,36:00.0,4,6:00,462
7453144406,U,OB,1,5,505,134246,86,08:00.0,5,10:00,462
7453146633,U,IB,1,1,1017,130659,105,03:00.0,5,5:00,462
7453146642,U,OB,1,1,428,123721,78,28:00.0,6,6:00,462
7453146642,U,OB,1,1,428,123721,13,42:00.0,6,6:00,462
745314667X,U,OB,1,2,2120,134662,84,14:00.0,5,7:00,462
7453146689,U,OB,1,1,976,134662,84,39:00.0,5,6:00,462
7453146698,U,OB,1,2,1851,134246,86,13:00.0,5,10:00,462
7453146716,U,OB,1,1,258,138987,49,21:00.0,6,7:00,462
7453147156,U,IB,1,1,704,138223,113,49:00.0,7,10:00,462
7453147540,U,IB,1,2,488,138223,113,06:00.0,7,11:00,462
7453152133,U,OB,1,1,500,134662,84,45:00.0,5,7:00,462
7453152537,U,IB,1,1,1000,135378,111,08:00.0,7,13:00,462
7453152546,U,IB,1,1,160,135378,111,08:00.0,7,10:00,462
7453152555,U,IB,1,1,105,135378,111,41:00.0,7,11:00,462
7453152564,U,OB,1,1,140,140034,75,29:00.0,3,3:00,462
7453154544,U,IB,1,1,580,140405,101,18:00.0,4,6:00,462
7453154553,U,OB,1,1,574,291056,89,45:00.0,5,9:00,462
7453154562,U,OB,1,3,1500,291056,89,38:00.0,5,9:00,462
7453154562,U,OB,1,3,1500,291056,79,43:00.0,5,9:00,462
7453154580,U,IB,1,2,1270,130521,112,28:00.0,6,8:00,462
7453154618,U,OB,1,1,940,130521,81,59:00.0,6,9:00,462
7453154618,U,IB,1,1,940,130521,112,32:00.0,6,8:00,462
7453154627,U,IB,1,1,440,138223,113,39:00.0,7,8:00,462
7453156277,U,IB,1,1,320,132737,105,26:00.0,6,12:00,462
7453156286,U,IB,1,3,390,132737,105,47:00.0,6,11:00,462
7453156322,U,OB,1,1,75,139710,74,57:00.0,3,3:00,462
7453157909,U,OB,1,3,1535,126511,74,39:00.0,7,10:00,462
7453157936,U,OB,1,1,1046,137246,89,04:00.0,3,18:00,462
7453157963,U,OB,1,4,1486,126239,79,56:00.0,6,22:00,462
7453157963,U,OB,1,4,1486,126239,95,36:00.0,6,12:00,462
7453157990,U,OB,1,1,575,126239,95,43:00.0,6,12:00,462
7453158358,U,OB,1,1,195,138306,73,37:00.0,4,8:00,462
7453158376,U,IB,1,1,230,134246,162,20:00.0,5,10:00,462
7453158376,U,IB,1,1,230,134246,162,20:00.0,5,10:00,462
7453162610,U,IB,1,1,250,132737,105,56:00.0,6,16:00,462
745316262X,U,IB,1,1,206,132737,105,11:00.0,6,17:00,462
7453162657,U,OB,1,1,278,139710,74,53:00.0,3,3:00,462
7453162886,U,OB,1,1,135,139710,74,31:00.0,3,3:00,462
7453163151,U,OB,1,1,171,139710,74,50:00.0,3,3:00,462
745316317X,U,OB,1,1,122,139710,74,28:00.0,3,3:00,462
7453163207,U,OB,1,6,600,136067,72,24:00.0,4,4:00,462
7453163775,U,OB,1,6,618,123721,78,15:00.0,6,7:00,462
7453163811,U,IB,1,2,246,138223,113,18:00.0,7,8:00,462
7453164013,U,OB,1,13,1560,291029,78,57:00.0,3,6:00,462
7453164040,U,CTY,1,7,895,558695,169,00:00.0,7,9:00,462
7453165636,U,OB,1,1,840,135149,75,44:00.0,5,6:00,462
7453165645,U,OB,1,3,8171,135149,75,29:00.0,5,7:00,462
7453165654,U,OB,1,2,2125,135149,75,58:00.0,5,7:00,462
745316570X,U,OB,1,2,325,139927,74,22:00.0,5,12:00,462
7453165755,U,IB,1,1,155,290910,135,48:00.0,7,9:00,462
7453165755,U,OB,1,1,155,290910,19,51:00.0,7,9:00,462
7453165838,U,IB,1,1,473,138223,113,45:00.0,7,8:00,462
7453167039,U,OB,1,3,4495,126239,95,07:00.0,6,14:00,462
7453167057,U,OB,1,4,6040,126239,95,15:00.0,6,14:00,462
7453167057,U,OB,1,4,6040,126239,79,57:00.0,6,22:00,462
7453167075,U,OB,1,1,440,136399,46,51:00.0,3,5:00,462
7453167084,U,OB,1,1,66,136399,46,53:00.0,3,5:00,462
7453167304,U,OB,1,2,475,126511,74,08:00.0,7,8:00,462
745316735X,U,OB,1,2,370,249064,90,46:00.0,3,14:00,462
7453167542,U,OB,1,2,450,134662,84,35:00.0,5,6:00,462
7453168166,U,IB,1,3,2166,132737,105,33:00.0,6,12:00,462
7453168175,U,IB,1,1,309,132737,105,40:00.0,6,11:00,462
7453168193,U,OB,1,3,2070,137246,89,33:00.0,3,18:00,462
7453168220,U,CTY,1,1,1175,134869,169,13:00.0,1,9:00,462
7453169210,U,OB,1,1,400,136067,72,18:00.0,4,4:00,462
745316922X,U,OB,1,1,645,136067,72,50:00.0,4,5:00,462
7453172263,U,OB,1,1,335,135149,75,56:00.0,5,7:00,462
7453172649,U,OB,1,1,229,135149,75,22:00.0,5,7:00,462
7453172685,U,OB,1,1,265,138200,88,58:00.0,4,8:00,462
745317296X,U,OB,1,2,460,138200,36,27:00.0,4,13:00,462
745317296X,U,OB,1,2,460,138200,88,04:00.0,4,11:00,462
7453173033,U,OB,1,1,217,136067,72,54:00.0,4,3:00,462
745317307X,U,OB,1,1,73,136067,72,51:00.0,4,3:00,462
7453173107,U,IB,1,1,4600,136067,154,03:00.0,4,4:00,462
7453173107,U,OB,1,1,4600,136067,72,01:00.0,4,4:00,462
7453173125,U,OB,1,2,2550,136067,72,41:00.0,4,4:00,462
7453173143,U,OB,1,1,960,136067,72,46:00.0,4,3:00,462
7453173152,U,OB,1,2,2300,136067,72,46:00.0,4,4:00,462
7453173161,U,OB,1,5,3500,136067,72,18:00.0,4,5:00,462
7453173170,U,OB,1,1,900,136067,72,02:00.0,4,5:00,462
7453176389,U,OB,1,2,420,138200,88,09:00.0,4,9:00,462
7453178212,U,OB,1,1,191,139710,74,36:00.0,3,4:00,462
7453178221,U,OB,1,1,1180,139710,74,31:00.0,3,4:00,462
745317824X,U,OB,1,10,14240,139710,74,11:00.0,3,5:00,462
7453178625,U,OB,1,2,445,133084,43,16:00.0,7,5:00,462
7453181512,U,OB,1,2,2015,135149,75,13:00.0,5,7:00,462
7453181521,U,IB,1,5,5884,130659,105,23:00.0,5,5:00,462
7453181559,U,IB,1,8,12450,130659,105,39:00.0,5,4:00,462
7453181568,U,OB,1,3,4725,137246,89,23:00.0,3,17:00,462
7453181595,U,IB,1,1,2185,132737,105,05:00.0,6,13:00,462
7453181604,U,OB,1,2,2740,132737,36,00:00.0,6,13:00,462
7453181604,U,IB,1,2,2740,132737,105,58:00.0,6,12:00,462
7453181613,U,IB,1,2,2321,132737,105,16:00.0,6,13:00,462
7453181631,U,OB,1,1,860,123721,78,32:00.0,6,7:00,462
7453181640,U,IB,1,1,850,132737,105,40:00.0,6,12:00,462
745318165X,U,OB,1,1,967,123721,78,37:00.0,6,7:00,462
745318165X,U,IB,1,1,967,123721,154,39:00.0,6,7:00,462
7453181669,U,OB,1,2,1866,123721,78,53:00.0,6,7:00,462
7453181723,U,OB,1,2,2220,137246,89,18:00.0,3,15:00,462
7453181741,U,OB,1,2,3236,138200,88,55:00.0,4,6:00,462
7453181779,U,OB,1,1,1160,126511,74,16:00.0,7,10:00,462
7453181788,U,OB,1,1,400,133084,43,19:00.0,7,5:00,462
7453181797,U,OB,1,1,1365,126511,74,08:00.0,7,10:00,462
7453181806,U,OB,1,1,266,126511,74,43:00.0,7,8:00,462
7453181824,U,OB,1,3,310,133084,43,11:00.0,7,6:00,462
7453181860,U,OB,1,1,800,126511,74,54:00.0,7,8:00,462
745318187X,U,OB,1,3,4815,133084,43,29:00.0,7,6:00,462
7453181889,U,OB,1,1,1099,133084,43,56:00.0,7,5:00,462
7453181934,U,OB,1,1,108,137246,89,09:00.0,3,15:00,462
7453181943,U,OB,1,1,301,137246,89,07:00.0,3,15:00,462
7453182017,U,OB,1,9,11165,138200,88,22:00.0,4,10:00,462
7453182026,U,OB,1,1,1071,138200,88,50:00.0,4,4:00,462
7453182071,U,OB,1,5,4300,127413,74,06:00.0,5,9:00,462
745318209X,U,OB,1,6,4000,136399,46,38:00.0,3,5:00,462
7453182127,U,OB,1,1,1635,136399,46,45:00.0,3,4:00,462
7453182145,U,OB,1,1,1145,136399,46,37:00.0,3,4:00,462
7453182255,U,OB,1,4,2460,137256,89,09:00.0,5,22:00,462
745318231X,U,OB,1,1,51,134662,84,13:00.0,5,6:00,462
7453182329,U,OB,1,1,220,134662,84,23:00.0,5,6:00,462
7453182347,U,OB,1,1,576,139927,74,29:00.0,5,11:00,462
7453182511,U,IB,1,5,4075,290910,159,12:00.0,7,9:00,462
7453182511,U,IB,1,5,4075,290910,135,20:00.0,7,8:00,462
7453182520,U,IB,1,2,3420,290910,119,12:00.0,7,12:00,462
7453182520,U,IB,1,2,3420,290910,119,12:00.0,7,12:00,462
7453182549,U,IB,1,1,945,290910,135,52:00.0,7,11:00,462
7453182576,U,IB,1,1,444,290910,135,44:00.0,7,8:00,462
7453182603,U,IB,1,2,1740,290910,135,36:00.0,7,12:00,462
7453182612,U,IB,1,1,78,290910,135,45:00.0,7,8:00,462
7453182659,U,IB,1,1,600,290910,135,32:00.0,7,12:00,462
7453182769,U,OB,1,1,255,138306,73,58:00.0,4,7:00,462
7453182796,U,OB,1,1,1730,138306,73,05:00.0,4,7:00,462
7453182805,U,OB,1,1,355,138306,73,00:00.0,4,7:00,462
7453182823,U,IB,1,1,545,140405,101,01:00.0,4,8:00,462
7453182832,U,OB,1,3,3405,138306,73,14:00.0,4,8:00,462
7453182841,U,IB,1,1,560,140405,101,45:00.0,4,7:00,462
745318286X,U,IB,1,1,399,140405,101,38:00.0,4,7:00,462
7453182879,U,OB,1,1,90,138306,73,06:00.0,4,8:00,462
7453182906,U,OB,1,1,288,138306,73,02:00.0,4,8:00,462
7453182906,U,CTY,1,1,288,138306,190,59:00.0,4,10:00,462
745318297X,U,OB,1,4,5275,291056,89,20:00.0,5,13:00,462
7453183007,U,OB,1,1,195,291056,89,03:00.0,5,13:00,462
7453183016,U,OB,1,2,671,291056,89,52:00.0,5,12:00,462
7453183025,U,OB,1,1,271,291056,89,11:00.0,5,10:00,462
7453183043,U,OB,1,1,1164,291056,89,44:00.0,5,10:00,462
7453183052,U,OB,1,4,3905,291056,89,10:00.0,5,14:00,462
745318308X,U,IB,1,1,1665,130521,112,25:00.0,6,9:00,462
7453183099,U,OB,1,1,191,138987,49,26:00.0,6,6:00,462
7453183108,U,OB,1,1,305,138987,49,49:00.0,6,8:00,462
7453183117,U,OB,1,3,4010,138987,49,20:00.0,6,8:00,462
7453183126,U,OB,1,10,11260,138987,49,18:00.0,6,8:00,462
7453183135,U,OB,1,1,171,138987,49,45:00.0,6,8:00,462
7453185986,U,IB,1,1,385,130659,105,13:00.0,5,5:00,462
7453188112,U,OB,1,1,894,291029,85,17:00.0,3,7:00,462
7453188112,U,OB,1,1,894,291029,78,13:00.0,3,7:00,462
7453191201,U,OB,1,1,366,140034,75,57:00.0,3,4:00,462
7453191210,U,IB,1,2,1850,290910,135,36:00.0,7,7:00,462
7453191210,U,OB,1,2,1850,290910,21,37:00.0,7,7:00,462
7453200542,U,IB,1,2,1365,135378,111,29:00.0,7,11:00,462
7453200616,U,IB,1,1,203,140405,101,30:00.0,4,7:00,462
7453200652,U,IB,1,4,3564,138223,113,34:00.0,7,12:00,462
7453213587,U,OB,1,3,1850,123721,78,19:00.0,6,8:00,462
7453213816,U,OB,1,7,4034,123721,78,33:00.0,6,8:00,462
7453216254,U,OB,1,1,1151,136399,46,54:00.0,3,5:00,462
745321663X,U,IB,1,1,814,138160,113,20:00.0,6,18:00,462
7453216658,U,IB,1,1,971,138160,113,57:00.0,6,16:00,462
7453216658,U,CTY,1,1,971,138160,R1  ,25:00.0,7,14:00,462
7453216667,U,IB,1,1,197,138160,113,18:00.0,6,17:00,462
7453216730,U,OB,1,1,1920,138306,73,17:00.0,4,8:00,462
7453216822,U,CTY,1,16,680,134433,169,01:00.0,3,2:00,462
7453216887,U,OB,1,1,320,137246,89,12:00.0,3,16:00,462
7453216896,U,OB,1,2,1280,137246,89,06:00.0,3,15:00,462
7453222780,U,OB,1,3,132,138987,49,39:00.0,6,9:00,462
745322279X,U,OB,1,1,224,138987,49,57:00.0,6,8:00,462
7453222809,U,OB,1,1,213,138987,49,30:00.0,6,8:00,462
7453224468,U,IB,1,4,1881,138160,113,26:00.0,6,18:00,462
7453224477,U,IB,1,5,1975,291056,121,03:00.0,5,14:00,462
7453224477,U,OB,1,5,1975,291056,89,02:00.0,5,14:00,462
7453227831,U,OB,1,1,235,138436,46,19:00.0,4,7:00,462
7453227840,U,OB,1,1,230,138436,46,50:00.0,4,6:00,462
745322785X,U,OB,1,2,830,138436,46,06:00.0,4,7:00,462
7453227869,U,OB,1,1,350,138436,46,08:00.0,4,7:00,462
7453227878,U,OB,1,1,185,138436,46,25:00.0,4,6:00,462
7453227887,U,OB,1,1,155,138436,46,15:00.0,4,4:00,462
7453227896,U,OB,1,1,105,138436,46,50:00.0,4,3:00,462
7453227896,U,OB,1,1,105,138436,79,51:00.0,4,6:00,462
7453227905,U,OB,1,1,70,138436,46,47:00.0,4,3:00,462
7453237841,U,IB,1,1,119,133088,101,23:00.0,3,15:00,462
7453237897,U,IB,1,1,185,133088,101,28:00.0,3,12:00,462
7453237915,U,OB,1,1,116,291056,89,58:00.0,5,9:00,462
7453237924,U,OB,1,1,136,291056,89,49:00.0,5,9:00,462
7453237933,U,OB,1,1,170,128079,32,29:00.0,7,11:00,462
7453237942,U,OB,1,1,183,128079,32,19:00.0,7,12:00,462
7453262041,U,IB,1,6,4373,430102,112,16:00.0,4,10:00,462
745326206X,U,IB,1,1,985,138160,113,37:00.0,6,16:00,462
7453459592,U,CTY,1,1,265,202317,174,52:00.0,4,13:00,266
7453459610,U,CTY,1,2,820,202317,174,26:00.0,4,14:00,266
7453487166,U,IB,1,2,1753,202245,117,39:00.0,6,16:00,266
7453637637,U,IB,1,2,715,261280,127,57:00.0,5,16:00,100
7453742411,U,OB,1,6,11450,137367,38,59:00.0,2,21:00,184
7453750259,U,IB,1,1,400,132136,113,30:00.0,2,2:00,184
7453750259,U,CTY,1,1,400,132136,213,31:00.0,2,2:00,184
7453759681,U,OB,1,1,270,138316,53,21:00.0,2,18:00,184
7453778830,U,IB,1,1,506,122636,163,32:00.0,2,11:00,184
7453787677,U,CTY,1,1,645,136637,237,59:00.0,5,21:00,625
7453787677,U,CTY,1,1,645,136637,231,02:00.0,4,20:00,625
7453787677,U,CTY,1,1,645,136637,192,52:00.0,4,10:00,625
7453788245,U,OB,1,1,1660,118732,46,59:00.0,7,16:00,625
7453788364,U,CTY,1,1,1665,277828,197,48:00.0,2,7:00,625
7453788465,U,CTY,1,1,1660,277828,197,45:00.0,2,7:00,625
7453788474,U,CTY,1,1,1665,530699,197,08:00.0,4,20:00,625
7453788501,U,IB,1,1,1665,TTMS910575,151,00:00.0,4,0:00,625
7453788593,U,IB,1,1,150,125429,143,09:00.0,7,14:00,625
7453793763,U,OB,1,1,114,252293,84,52:00.0,6,16:00,218
7453854245,U,OB,1,1,275,135453,86,44:00.0,6,15:00,556
7453858389,U,OB,1,1,138,125328,32,59:00.0,7,18:00,556
7453858398,U,OB,1,1,138,136427,22,53:00.0,1,4:00,556
7453858407,U,OB,1,1,138,138066,6,00:00.0,3,9:00,556
7453858452,U,OB,1,1,331,139944,89,46:00.0,1,12:00,556
745386486X,U,OB,1,2,258,290807,89,32:00.0,7,18:00,556
7453865162,U,OB,1,1,114,136085,66,05:00.0,2,0:00,556
7453865218,U,OB,1,5,155,129851,55,28:00.0,2,15:00,556
7453865245,U,IB,1,5,150,137562,111,34:00.0,5,9:00,556
7453870121,U,OB,1,10,300,134130,95,57:00.0,6,10:00,556
745387014X,U,OB,1,7,450,134130,95,17:00.0,6,11:00,556
7453870177,U,OB,1,1,114,123489,40,44:00.0,2,7:00,556
7453870222,U,OB,1,1,136,132352,18,40:00.0,7,13:00,556
7453872826,U,OB,1,1,373,138353,40,35:00.0,3,22:00,556
7453877583,U,OB,1,1,510,139942,50,37:00.0,7,18:00,556
7453877592,U,OB,1,1,458,139942,50,41:00.0,7,18:00,556
7453896229,U,IB,1,1,115,45562,103,54:00.0,4,9:00,556
7453897282,U,OB,1,1,165,132352,18,23:00.0,7,15:00,556
7453911665,U,OB,1,1,1168,139746,66,14:00.0,5,12:00,556
7453921473,U,OB,1,1,206,124137,32,48:00.0,4,22:00,556
7453954033,U,OB,1,2,458,127054,89,09:00.0,1,16:00,556
7453955115,U,IB,1,3,600,132582,123,44:00.0,1,7:00,556
7453975043,U,OB,1,1,410,128892,52,37:00.0,6,18:00,556
7453975180,U,IB,1,1,210,134941,113,41:00.0,2,6:00,556
7453975209,U,CTY,1,1,195,133060,191,59:00.0,7,10:00,556
7453975209,U,CTY,1,1,195,133060,175,09:00.0,7,8:00,556
7453988793,U,CTY,1,1,200,133060,175,59:00.0,7,6:00,556
7453988885,U,OB,1,1,286,121829,60,40:00.0,7,22:00,556
7453988894,U,OB,1,1,184,290807,89,23:00.0,7,18:00,556
7453988977,U,IB,1,1,253,131827,129,27:00.0,6,21:00,556
7453998758,U,OB,1,2,380,121293,53,51:00.0,1,9:00,556
7453998776,U,IB,1,1,70,126264,125,49:00.0,4,9:00,556
745399884X,U,OB,1,1,115,129851,55,09:00.0,2,15:00,556
7454013864,U,IB,1,2,945,121924,123,49:00.0,6,6:00,556
7454026853,U,OB,1,2,2450,131037,95,26:00.0,5,15:00,556
745403426X,U,IB,1,1,240,137284,101,46:00.0,3,0:00,556
7454034297,U,IB,1,1,434,137284,101,51:00.0,3,0:00,556
7454034452,U,OB,1,1,57,123489,87,31:00.0,2,22:00,556
7454034452,U,OB,1,1,57,123489,40,41:00.0,2,7:00,556
7454037579,U,OB,1,1,82,136427,22,13:00.0,1,5:00,556
7454050797,U,OB,1,4,455,138066,6,34:00.0,3,9:00,556
7454050806,U,OB,1,6,215,132150,67,40:00.0,2,21:00,556
7454050860,U,OB,1,1,475,128892,52,10:00.0,6,19:00,556
7454136431,U,IB,1,1,334,129883,127,15:00.0,6,0:00,256
7454136440,U,IB,1,1,408,137744,129,33:00.0,2,21:00,256
7454151346,U,IB,1,1,941,127444,113,59:00.0,2,7:00,256
7454151391,U,CTY,1,3,500,131149,197,22:00.0,1,0:00,256
7454202844,U,CTY,1,1,129,560074,175,22:00.0,1,21:00,319
7454202862,U,CTY,1,1,76,560074,175,38:00.0,1,21:00,319
7454202936,U,CTY,1,1,937,290114,169,20:00.0,1,6:00,319
7454297700,U,IB,1,3,3007,276085,127,05:00.0,1,16:00,521
7454297700,U,OB,1,3,3007,276085,75,32:00.0,2,10:00,521
7454297911,U,OB,1,1,227,138745,78,00:00.0,7,12:00,521
7454298030,U,IB,1,1,1800,136758,113,52:00.0,6,2:00,292
745432147X,U,IB,1,1,450,134615,152,38:00.0,1,1:00,875
7454321489,U,CTY,1,4,2385,135843,194,10:00.0,3,20:00,875
7454321507,U,IB,1,1,476,279944,112,12:00.0,3,19:00,875
7454321626,U,CTY,1,1,1060,133770,195,13:00.0,5,14:00,875
7454321635,U,CTY,1,1,550,133770,209,28:00.0,6,3:00,875
7454321635,U,CTY,1,1,550,133770,195,14:00.0,5,14:00,875
7454321644,U,IB,1,3,1350,281193,151,06:00.0,6,18:00,875
7454321662,U,CTY,1,2,1200,136515,196,31:00.0,4,6:00,875
7454321718,U,CTY,1,1,930,136515,196,23:00.0,4,6:00,875
7454334368,U,CTY,1,1,795,135843,194,43:00.0,3,17:00,875
7454334395,U,CTY,1,1,170,135843,194,39:00.0,3,17:00,875
7454337567,U,CTY,1,5,1843,138189,192,10:00.0,3,14:00,875
7454340757,U,CTY,1,1,502,137849,196,30:00.0,3,5:00,875
7454344084,U,CTY,1,1,458,131925,187,22:00.0,3,7:00,875
7454344854,U,IB,1,1,313,134615,152,00:00.0,1,2:00,875
7454344854,U,CTY,1,1,313,134615,203,35:00.0,1,20:00,875
7454346706,U,CTY,1,1,460,132787,188,37:00.0,5,9:00,875
7454347568,U,IB,1,2,1568,125180,152,57:00.0,5,12:00,875
7454351115,U,IB,1,1,1105,290005,152,44:00.0,4,11:00,875
7454351308,U,CTY,1,3,1565,130634,189,18:00.0,1,15:00,875
7454351326,U,CTY,1,1,485,132787,188,45:00.0,5,10:00,875
7454351647,U,IB,1,1,896,138242,131,10:00.0,4,16:00,875
7454351710,U,CTY,1,1,1415,127534,184,19:00.0,3,16:00,875
7454351710,U,CTY,1,1,1415,127534,184,19:00.0,3,16:00,875
745435172X,U,CTY,1,1,480,127626,188,21:00.0,2,7:00,875
7454352747,U,CTY,1,1,493,279237,194,10:00.0,3,14:00,875
7454353077,U,IB,1,1,2098,134615,152,50:00.0,1,1:00,875
7454355735,U,IB,1,3,5512,133300,150,48:00.0,4,12:00,875
7454372244,U,IB,1,1,265,135818,163,56:00.0,3,19:00,875
7454375672,U,IB,1,1,248,135818,163,01:00.0,3,19:00,875
7454381960,U,CTY,1,1,143,135843,194,24:00.0,3,19:00,875
7454381989,U,CTY,1,1,1203,138189,192,30:00.0,3,13:00,875
7454382052,U,IB,1,1,455,136012,163,30:00.0,3,10:00,875
7454382364,U,CTY,1,1,1472,249107,176,40:00.0,4,15:00,875
7454382391,U,CTY,1,1,1377,249107,176,37:00.0,4,15:00,875
7454382510,U,CTY,1,1,1000,131925,187,10:00.0,3,10:00,875
745438252X,U,CTY,1,2,5625,132787,188,17:00.0,5,8:00,875
7454385334,U,CTY,1,1,460,138189,192,56:00.0,3,15:00,875
7454385352,U,CTY,1,1,662,138189,192,16:00.0,3,16:00,875
745438549X,U,IB,1,1,515,137762,158,52:00.0,1,8:00,875
7454385682,U,CTY,1,1,530,137849,196,49:00.0,3,5:00,875
7454385949,U,CTY,1,1,510,131925,187,12:00.0,3,8:00,875
7454393052,U,IB,1,3,975,138242,131,50:00.0,4,14:00,875
7454394015,U,IB,1,3,6615,137762,158,28:00.0,1,8:00,875
7454394024,U,IB,1,3,801,133442,145,14:00.0,1,3:00,875
7454394024,U,CTY,1,3,801,133442,205,32:00.0,2,22:00,875
7454394107,U,IB,1,2,280,127610,164,09:00.0,1,0:00,875
7454394170,U,CTY,1,2,4094,128090,175,49:00.0,3,5:00,875
7454394170,U,CTY,1,2,4094,128090,233,49:00.0,3,21:00,875
7454397892,U,IB,1,1,303,281193,151,58:00.0,6,18:00,875
7454397984,U,IB,1,1,114,281193,151,10:00.0,6,18:00,875
745440474X,U,CTY,1,1,139,135843,194,11:00.0,3,18:00,875
7454409635,U,CTY,1,1,225,128090,175,56:00.0,3,5:00,875
7454409882,U,CTY,1,1,627,130634,201,08:00.0,1,11:00,875
7454409882,U,CTY,1,1,627,130634,189,07:00.0,1,11:00,875
7454410075,U,CTY,1,1,226,135843,194,55:00.0,3,16:00,875
7454410194,U,IB,1,5,2443,137762,158,51:00.0,1,9:00,875
7454410203,U,IB,1,1,398,137762,158,42:00.0,1,7:00,875
7454415786,U,CTY,1,1,390,128090,175,51:00.0,3,8:00,875
745441596X,U,CTY,1,1,500,128090,175,33:00.0,3,9:00,875
7454427803,U,CTY,1,6,2055,128090,175,00:00.0,3,9:00,875
7454427922,U,CTY,1,2,810,130634,189,54:00.0,1,10:00,875
7454440628,U,CTY,1,3,2970,137849,196,46:00.0,3,5:00,875
7454440747,U,IB,1,1,450,135803,116,03:00.0,2,13:00,875
7454452508,U,IB,1,1,75,135232,164,43:00.0,5,12:00,875
7454453846,U,IB,1,1,294,281193,151,18:00.0,6,18:00,875
7454474728,U,IB,1,1,335,281193,151,48:00.0,6,18:00,875
745447932X,U,CTY,1,2,1555,T730211715,169,57:00.0,1,21:00,875
7454479521,U,CTY,1,1,2071,252131,189,24:00.0,3,15:00,875
7454479824,U,IB,1,1,1570,125848,151,19:00.0,5,7:00,875
7454480035,U,CTY,1,1,790,211066,175,03:00.0,2,11:00,875
7454480109,U,CTY,1,1,1144,211066,175,10:00.0,2,11:00,875
7454480255,U,CTY,1,1,1980,290977,197,56:00.0,3,12:00,875
7454480365,U,CTY,1,1,1720,138189,192,23:00.0,3,13:00,875
7454484031,U,IB,1,1,130,133442,145,36:00.0,1,0:00,875
7454484078,U,IB,1,1,60,133442,145,30:00.0,1,0:00,875
7454484105,U,CTY,1,1,60,138189,192,09:00.0,3,16:00,875
7454492584,U,CTY,1,1,316,131925,187,25:00.0,3,6:00,875
7454512788,U,IB,1,1,1715,125180,152,15:00.0,5,12:00,875
7454516555,U,IB,1,1,258,135818,163,48:00.0,3,19:00,875
7454516591,U,IB,1,1,1070,136012,163,55:00.0,3,11:00,875
7454517792,U,IB,1,1,625,138242,131,23:00.0,4,15:00,875
7454520735,U,IB,1,4,575,290005,152,45:00.0,4,15:00,875
7454525034,U,CTY,1,2,877,261354,188,11:00.0,4,13:00,875
7454534714,U,IB,1,11,231,134615,152,00:00.0,1,2:00,875
7454534714,U,CTY,1,11,231,134615,203,35:00.0,1,20:00,875
7454538591,U,CTY,1,1,900,133770,195,28:00.0,5,13:00,875
7454538600,U,IB,1,22,11979,133300,150,23:00.0,4,12:00,875
7454546585,U,CTY,1,3,1045,137849,196,48:00.0,3,3:00,875
7454549225,U,IB,1,1,118,281193,151,25:00.0,6,17:00,875
7454565725,U,IB,1,4,1440,135232,164,42:00.0,5,11:00,875
7454565734,U,IB,1,1,1885,261196,152,21:00.0,5,8:00,875
7454565945,U,IB,1,6,2220,135862,141,50:00.0,7,18:00,875
7454591822,U,CTY,1,1,571,211376,194,17:00.0,2,10:00,875
7454591979,U,CTY,1,1,236,279237,194,44:00.0,3,15:00,875
7454592262,U,CTY,1,1,376,135843,194,51:00.0,3,16:00,875
745459229X,U,CTY,1,1,220,138457,188,08:00.0,6,12:00,875
7454593124,U,IB,1,1,338,135818,163,14:00.0,3,18:00,875
7454593160,U,CTY,1,1,327,252131,189,05:00.0,3,12:00,875
7454607460,U,CTY,1,1,720,130634,189,49:00.0,1,10:00,875
7454619369,U,CTY,1,1,224,130634,205,14:00.0,2,21:00,875
7454619369,U,CTY,1,1,224,130634,189,50:00.0,1,11:00,875
7454619441,U,CTY,1,2,1741,261354,188,08:00.0,4,13:00,875
745461946X,U,CTY,1,1,732,261354,188,01:00.0,4,13:00,875
7454619488,U,IB,1,2,1081,138242,131,21:00.0,4,16:00,875
7454619497,U,IB,1,1,118,138242,131,27:00.0,4,14:00,875
7454623511,U,CTY,1,1,595,130634,189,24:00.0,1,14:00,875
7454626097,U,CTY,1,1,921,128090,175,42:00.0,3,9:00,875
7454626133,U,CTY,1,6,8474,139489,188,15:00.0,5,8:00,875
7454626160,U,CTY,1,1,1238,127626,188,29:00.0,2,6:00,875
7454626234,U,CTY,1,1,1750,261354,188,38:00.0,4,13:00,875
745462804X,U,CTY,1,1,400,138189,192,52:00.0,3,15:00,875
7454630075,U,OB,1,1,29,134221,76,56:00.0,7,4:00,875
7454630185,U,IB,1,1,114,249311,150,14:00.0,1,21:00,875
7454630955,U,IB,1,1,137,133442,145,20:00.0,1,0:00,875
7454631258,U,CTY,1,1,131,128090,175,41:00.0,3,9:00,875
7454634383,U,OB,1,1,1175,138823,39,00:00.0,3,17:00,875
7454635887,U,IB,1,1,166,279944,112,05:00.0,3,19:00,875
7454635905,U,IB,1,1,111,279944,112,25:00.0,3,20:00,875
7454635932,U,IB,1,1,135,279944,112,47:00.0,3,20:00,875
7454637436,U,CTY,1,1,270,261354,188,13:00.0,4,13:00,875
745464003X,U,IB,1,1,96,290005,152,20:00.0,4,14:00,875
7454640112,U,CTY,1,1,185,130634,189,17:00.0,1,14:00,875
7454640213,U,CTY,1,1,154,127626,188,55:00.0,2,6:00,875
7454647639,U,IB,1,1,120,290005,152,31:00.0,4,13:00,875
7454651204,U,IB,1,1,125,133442,145,01:00.0,1,3:00,875
7454653220,U,CTY,1,1,670,132787,188,04:00.0,5,10:00,875
7454654284,U,CTY,1,1,190,130634,189,03:00.0,1,11:00,875
7454655146,U,IB,1,1,275,136012,163,22:00.0,3,13:00,875
7454656035,U,IB,1,1,1060,125180,152,26:00.0,5,11:00,875
7454657941,U,CTY,1,1,495,131925,187,59:00.0,3,7:00,875
7454658253,U,IB,1,1,180,133442,145,52:00.0,1,1:00,875
745465939X,U,CTY,1,1,250,128090,175,37:00.0,3,5:00,875
7454661535,U,CTY,1,7,205,127626,188,34:00.0,2,8:00,875
7454662561,U,CTY,1,1,425,249107,176,35:00.0,4,15:00,875
7454663102,U,IB,1,1,1203,136012,163,28:00.0,3,13:00,875
745466313X,U,CTY,1,1,1377,131925,187,29:00.0,3,6:00,875
7454663149,U,CTY,1,1,1472,131925,187,36:00.0,3,6:00,875
7454668099,U,IB,1,3,1080,136012,163,24:00.0,3,12:00,875
7454668153,U,CTY,1,1,135,133770,195,54:00.0,5,13:00,875
7454668227,U,CTY,1,1,219,133770,195,08:00.0,5,13:00,875
7454672535,U,CTY,1,2,1315,133770,195,20:00.0,5,14:00,875
7454677137,U,IB,1,1,164,136012,163,53:00.0,3,13:00,875
7454679483,U,CTY,1,1,100,132787,188,41:00.0,5,9:00,875
7454680776,U,CTY,1,1,813,136515,196,09:00.0,4,7:00,875
7454684011,U,CTY,1,1,964,127583,189,46:00.0,3,18:00,875
7454684058,U,CTY,1,1,321,131925,187,09:00.0,3,8:00,875
7454684204,U,IB,1,1,489,290005,152,39:00.0,4,13:00,875
7454685598,U,CTY,1,1,530,136515,196,55:00.0,4,6:00,875
7454693994,U,IB,1,2,2356,135862,141,09:00.0,7,19:00,875
7454703784,U,IB,1,1,1315,135862,141,21:00.0,7,18:00,875
7454711300,U,CTY,1,1,238,T730211715,169,44:00.0,1,20:00,875
7454711338,U,CTY,1,3,2130,131925,187,26:00.0,3,7:00,875
7454713372,U,CTY,1,2,975,130753,187,50:00.0,3,9:00,875
7454714023,U,IB,1,4,1078,290005,152,32:00.0,4,15:00,875
7454715994,U,CTY,1,4,984,132787,188,42:00.0,5,11:00,875
7454716095,U,CTY,1,5,2210,132787,188,47:00.0,5,7:00,875
7454718982,U,CTY,1,4,3857,138189,192,02:00.0,3,16:00,875
7454727288,U,CTY,1,2,1640,138189,192,40:00.0,3,12:00,875
7454727315,U,CTY,1,1,855,249107,176,47:00.0,4,14:00,875
7454730909,U,CTY,1,1,785,133770,186,23:00.0,5,14:00,875
7454730909,U,CTY,1,1,785,133770,195,16:00.0,5,13:00,875
7454736198,U,IB,1,5,128,135818,163,53:00.0,3,17:00,875
7454738288,U,IB,1,14,5435,134615,152,25:00.0,1,3:00,875
7454744044,U,IB,1,1,221,281193,151,51:00.0,6,18:00,875
7454748435,U,IB,1,1,930,290005,152,55:00.0,4,14:00,875
7454748453,U,CTY,1,1,906,128090,175,23:00.0,3,5:00,875
7454753706,U,IB,1,1,1325,136012,163,43:00.0,3,13:00,875
7454759673,U,CTY,1,1,520,135843,194,55:00.0,3,18:00,875
7454763294,U,CTY,1,2,755,137849,196,40:00.0,3,6:00,875
7454764239,U,CTY,1,1,213,133770,195,48:00.0,5,13:00,875
7454772671,U,CTY,1,1,167,137849,196,35:00.0,3,6:00,875
745479194X,U,IB,1,2,2500,134615,152,29:00.0,1,1:00,875
7454791959,U,CTY,1,2,3320,249107,176,21:00.0,4,15:00,875
7454791968,U,IB,1,2,3465,135803,116,38:00.0,2,12:00,875
7454791977,U,CTY,1,3,2725,130753,187,42:00.0,3,6:00,875
7454791986,U,IB,1,2,2960,135818,163,26:00.0,3,18:00,875
7454791995,U,CTY,1,3,5835,133770,195,43:00.0,5,14:00,875
7454792004,U,IB,1,5,6410,136012,163,03:00.0,3,14:00,875
7454794772,U,IB,1,4,1570,137762,158,14:00.0,1,10:00,875
7454840826,U,IB,1,1,429,138903,113,08:00.0,7,2:00,555
7454850048,U,OB,1,2,446,125969,46,13:00.0,7,8:00,555
7454868519,U,IB,1,1,2305,138903,113,04:00.0,7,2:00,555
7454875889,U,IB,1,1,197,134122,151,14:00.0,6,9:00,555
7454979215,U,IB,1,1,197,134188,151,58:00.0,5,15:00,881
7454979260,U,IB,1,1,330,134188,151,00:00.0,5,16:00,881
7454979590,U,IB,1,1,130,117643,157,31:00.0,7,0:00,881
7454979590,U,IB,1,1,130,117643,143,02:00.0,6,21:00,881
7454979747,U,IB,1,2,31,261042,149,17:00.0,3,19:00,881
7454979774,U,IB,1,1,200,132636,145,58:00.0,1,9:00,881
7454979774,U,CTY,1,1,200,132636,233,49:00.0,1,16:00,881
7454979783,U,IB,1,1,500,132636,145,34:00.0,1,10:00,881
7454979783,U,CTY,1,1,500,132636,233,37:00.0,1,10:00,881
7454982369,U,IB,1,1,160,136114,145,07:00.0,7,20:00,881
7454983092,U,IB,1,2,1320,131485,158,43:00.0,7,9:00,881
745498389X,U,CTY,1,1,350,125133,188,08:00.0,1,16:00,881
7454983963,U,CTY,1,1,120,135252,173,56:00.0,4,21:00,881
7454984870,U,IB,1,1,180,139699,164,53:00.0,1,16:00,881
7454984935,U,IB,1,2,680,139699,164,28:00.0,1,16:00,881
7454985090,U,CTY,1,1,180,138292,195,58:00.0,4,19:00,881
7454985090,U,IB,1,1,180,138292,119,55:00.0,4,21:00,881
7454986585,U,CTY,1,1,165,124375,188,55:00.0,3,12:00,881
745498719X,U,IB,1,4,2110,118529,149,31:00.0,2,6:00,881
7454989528,U,CTY,1,1,110,249095,187,24:00.0,4,14:00,881
7454989629,U,IB,1,2,362,124053,164,40:00.0,4,21:00,881
7454992231,U,IB,1,1,240,124053,164,59:00.0,4,22:00,881
7454993111,U,CTY,1,2,590,290768,187,00:00.0,3,5:00,881
7454993230,U,IB,1,1,1035,134188,151,07:00.0,5,16:00,881
745499324X,U,CTY,1,1,260,135252,173,54:00.0,4,21:00,881
7454998364,U,CTY,1,1,451,126466,194,32:00.0,5,18:00,881
7454998373,U,CTY,1,1,260,126466,194,21:00.0,5,18:00,881
7454998400,U,CTY,1,1,232,126466,194,40:00.0,5,18:00,881
7455022600,U,CTY,1,1,621,132366,197,20:00.0,5,6:00,881
7455022674,U,CTY,1,2,690,137152,173,14:00.0,6,6:00,881
745502833X,U,CTY,1,2,475,530752,173,18:00.0,5,16:00,881
7455028358,U,CTY,1,1,219,134046,196,43:00.0,5,21:00,881
7455034673,U,CTY,1,4,1618,131854,197,18:00.0,6,8:00,881
7455034691,U,CTY,1,2,426,131854,197,42:00.0,6,8:00,881
7455035232,U,IB,1,3,6000,133172,163,39:00.0,3,16:00,881
7455036772,U,IB,1,1,505,136038,141,30:00.0,1,9:00,881
7455036772,U,CTY,1,1,505,136038,235,19:00.0,2,21:00,881
7455036790,U,CTY,1,1,1390,136038,233,22:00.0,2,23:00,881
7455036790,U,IB,1,1,1390,136038,141,20:00.0,1,10:00,881
7455036983,U,CTY,1,1,1497,125133,188,31:00.0,1,15:00,881
745503702X,U,IB,1,1,333,134626,123,01:00.0,2,18:00,881
7455037057,U,IB,1,2,2661,134626,123,41:00.0,2,18:00,881
7455037066,U,IB,1,1,1320,134626,123,51:00.0,2,17:00,881
7455037102,U,IB,1,1,808,126998,143,49:00.0,5,20:00,881
7455037149,U,IB,1,2,1555,119375,125,54:00.0,5,13:00,881
7455037149,U,IB,1,2,1555,119375,167,55:00.0,5,13:00,881
7455037387,U,IB,1,4,5770,132636,145,42:00.0,1,7:00,881
7455037479,U,CTY,1,1,346,211066,175,58:00.0,2,10:00,881
7455037661,U,IB,1,1,970,136038,141,12:00.0,1,8:00,881
7455037708,U,CTY,1,1,1131,PASC634534,172,54:00.0,1,5:00,881
7455037753,U,IB,1,1,883,136038,141,12:00.0,1,10:00,881
7455042465,U,CTY,1,6,3846,136041,172,10:00.0,7,3:00,881
7455049981,U,IB,1,1,370,126760,143,16:00.0,3,14:00,881
7455051054,U,IB,1,1,1123,134188,151,54:00.0,5,15:00,881
7455051146,U,IB,1,1,419,122417,149,01:00.0,2,13:00,881
7455051238,U,IB,1,1,524,129515,113,56:00.0,4,6:00,881
745505132X,U,IB,1,1,112,139699,164,28:00.0,1,17:00,881
7455053070,U,IB,1,1,61,131051,152,11:00.0,6,17:00,881
745505319X,U,CTY,1,1,260,135165,189,07:00.0,5,21:00,881
7455055362,U,IB,1,3,265,130558,163,02:00.0,6,7:00,881
7455055490,U,CTY,1,4,315,290768,187,09:00.0,3,5:00,881
7455073860,U,IB,1,1,109,139653,158,15:00.0,2,22:00,881
7455073925,U,CTY,1,1,123,249067,195,01:00.0,3,5:00,881
7455074035,U,CTY,1,1,102,132320,169,06:00.0,1,7:00,881
7455074145,U,IB,1,1,136,118758,149,54:00.0,2,13:00,881
7455075539,U,CTY,1,1,628,118758,214,56:00.0,4,12:00,881
7455075539,U,IB,1,1,628,118758,149,47:00.0,2,13:00,881
7455081230,U,CTY,1,1,570,134046,196,02:00.0,5,22:00,881
7455084476,U,CTY,1,2,4215,290768,187,25:00.0,3,5:00,881
7455084696,U,CTY,1,2,4210,138838,174,35:00.0,7,20:00,881
7455087262,U,CTY,1,1,300,530752,173,39:00.0,5,18:00,881
7455088371,U,IB,1,1,820,124053,164,17:00.0,4,22:00,881
7455090654,U,IB,1,5,2040,127344,151,23:00.0,6,22:00,881
7455090737,U,CTY,1,8,3204,249067,195,32:00.0,3,4:00,881
7455092598,U,CTY,1,1,250,134070,172,22:00.0,3,12:00,881
7455093047,U,IB,1,1,276,117643,143,55:00.0,6,20:00,881
7455093083,U,IB,1,1,102,135884,145,19:00.0,6,8:00,881
7455093139,U,CTY,1,1,117,290411,195,18:00.0,6,5:00,881
7455093175,U,IB,1,1,250,132842,141,15:00.0,7,1:00,881
7455114194,U,IB,1,1,535,126760,143,44:00.0,3,13:00,881
7455114203,U,IB,1,2,984,140312,149,37:00.0,2,8:00,881
7455114212,U,IB,1,1,386,140312,149,14:00.0,2,8:00,881
7455114221,U,IB,1,2,770,140312,149,44:00.0,2,9:00,881
7455114230,U,IB,1,2,729,140312,149,45:00.0,2,9:00,881
745511424X,U,CTY,1,1,787,278466,173,45:00.0,3,12:00,881
7455115799,U,CTY,1,1,655,278466,173,47:00.0,3,12:00,881
7455115909,U,CTY,1,1,430,132320,169,40:00.0,1,8:00,881
7455115927,U,IB,1,3,1621,139699,164,09:00.0,1,19:00,881
7455115963,U,CTY,1,2,1120,127431,172,26:00.0,4,3:00,881
745511941X,U,CTY,1,3,1247,133233,174,42:00.0,1,0:00,881
7455119950,U,IB,1,1,135,124053,164,34:00.0,4,21:00,881
7455122920,U,IB,1,1,200,125024,164,47:00.0,6,4:00,881
7455122994,U,IB,1,1,633,137312,129,14:00.0,2,13:00,881
745512315X,U,CTY,1,1,230,119922,192,22:00.0,5,18:00,881
7455123214,U,IB,1,1,152,128320,151,24:00.0,2,19:00,881
7455129365,U,IB,1,1,362,132842,141,42:00.0,7,1:00,881
7455129374,U,IB,1,1,656,132842,141,21:00.0,7,1:00,881
7455130135,U,CTY,1,5,3920,530752,173,59:00.0,5,14:00,881
7455130227,U,IB,1,2,1500,135884,145,47:00.0,6,8:00,881
7455130236,U,CTY,1,11,4950,288048,211,24:00.0,3,1:00,881
7455130245,U,CTY,1,4,2375,116840,188,55:00.0,6,23:00,881
7455130254,U,IB,1,3,1190,136114,145,54:00.0,7,21:00,881
7455130501,U,IB,1,1,340,125975,112,46:00.0,7,2:00,881
7455130676,U,IB,1,1,880,130558,163,52:00.0,6,6:00,881
7455130712,U,CTY,1,11,7143,125133,222,02:00.0,3,3:00,881
7455131859,U,IB,1,4,2295,129515,113,14:00.0,4,7:00,881
7455133215,U,CTY,1,1,1405,530752,173,43:00.0,5,18:00,881
7455142666,U,IB,1,3,1141,131280,141,20:00.0,3,11:00,881
7455142868,U,IB,1,2,2670,137494,141,04:00.0,3,10:00,881
7455147048,U,IB,1,1,201,130558,163,57:00.0,6,6:00,881
7455147093,U,IB,1,2,274,117643,143,18:00.0,6,21:00,881
7455147167,U,CTY,1,2,206,131854,197,55:00.0,6,8:00,881
7455148285,U,IB,1,4,2819,133123,151,05:00.0,4,4:00,881
7455148588,U,CTY,1,1,1840,249095,187,16:00.0,4,14:00,881
7455148597,U,CTY,1,3,1595,249095,187,47:00.0,4,18:00,881
7455148633,U,IB,1,1,350,124053,164,36:00.0,4,22:00,881
7455148642,U,CTY,1,1,100,249095,187,37:00.0,4,16:00,881
7455150283,U,CTY,1,5,1884,530691,195,23:00.0,3,18:00,881
7455150402,U,CTY,1,3,1818,132366,197,32:00.0,5,9:00,881
745515065X,U,CTY,1,3,1560,278466,173,01:00.0,3,13:00,881
7455150714,U,IB,1,7,2480,117643,154,06:00.0,7,1:00,881
7455150723,U,IB,1,3,920,117643,143,32:00.0,6,22:00,881
7455150741,U,IB,1,6,2240,117643,143,55:00.0,6,21:00,881
7455158039,U,CTY,1,11,12026,133371,189,48:00.0,3,15:00,881
7455158066,U,IB,1,1,95,126760,143,00:00.0,3,14:00,881
7455158075,U,IB,1,4,2797,126760,143,32:00.0,3,14:00,881
7455177179,U,IB,1,1,250,119695,158,24:00.0,3,9:00,881
7455177774,U,IB,1,2,190,138727,151,56:00.0,3,8:00,881
7455177783,U,CTY,1,1,95,139775,174,46:00.0,3,11:00,881
7455177801,U,CTY,1,1,95,139775,174,22:00.0,3,12:00,881
7455211508,U,IB,1,1,109,261042,149,34:00.0,3,18:00,881
7455222333,U,IB,1,1,582,118758,149,13:00.0,2,14:00,881
7455224479,U,CTY,1,2,3982,133233,174,52:00.0,1,3:00,881
7455230125,U,IB,1,1,221,132842,141,11:00.0,7,1:00,881
7455230143,U,IB,1,1,780,140312,149,08:00.0,2,7:00,881
7455232893,U,IB,1,1,745,131530,141,27:00.0,7,16:00,881
7455232911,U,CTY,1,1,745,134046,196,08:00.0,5,21:00,881
7455233654,U,CTY,1,1,137,132830,194,48:00.0,4,8:00,881
745523964X,U,CTY,1,6,7705,249067,195,12:00.0,3,5:00,881
7455239668,U,IB,1,1,445,135884,145,33:00.0,6,7:00,881
7455245314,U,IB,1,1,505,131280,141,36:00.0,3,10:00,881
7455247615,U,IB,1,1,225,137494,141,44:00.0,3,7:00,881
7455247651,U,IB,1,1,180,119695,158,48:00.0,3,9:00,881
7455247743,U,IB,1,1,249,119695,158,59:00.0,3,9:00,881
7455247936,U,IB,1,1,208,131485,158,23:00.0,7,8:00,881
7455247945,U,CTY,1,1,256,138838,174,24:00.0,7,20:00,881
7455268340,U,IB,1,1,51,136038,160,23:00.0,1,8:00,881
7455268340,U,IB,1,1,51,136038,160,23:00.0,1,8:00,881
7455268378,U,IB,1,1,47,136114,145,01:00.0,7,20:00,881
7455268414,U,IB,1,1,559,139653,158,26:00.0,2,21:00,881
7455269981,U,IB,1,1,251,132636,145,00:00.0,1,10:00,881
7455269990,U,IB,1,2,987,127344,151,50:00.0,6,20:00,881
7455285051,U,IB,1,1,3618,131051,152,03:00.0,6,17:00,881
7455285098,U,CTY,1,2,2014,131854,197,11:00.0,6,9:00,881
7455285152,U,CTY,1,9,10645,127431,172,21:00.0,4,4:00,881
7455285767,U,IB,1,1,900,125024,164,41:00.0,6,4:00,881
7455285830,U,IB,1,1,900,139787,162,09:00.0,1,17:00,881
7455285830,U,IB,1,1,900,139787,162,09:00.0,1,17:00,881
7455285940,U,CTY,1,1,675,132854,169,11:00.0,7,21:00,881
7455286014,U,IB,1,1,405,131051,152,45:00.0,6,16:00,881
7455286097,U,CTY,1,1,765,290208,197,10:00.0,7,22:00,881
7455286207,U,CTY,1,7,6350,249067,195,39:00.0,3,4:00,881
7455286270,U,IB,1,1,234,134162,151,58:00.0,6,6:00,881
7455286335,U,IB,1,3,2155,131674,152,48:00.0,6,14:00,881
745528639X,U,IB,1,3,1397,132636,145,16:00.0,1,10:00,881
745528639X,U,IB,1,3,1397,132636,160,45:00.0,1,10:00,881
7455286445,U,CTY,1,1,1456,132366,197,26:00.0,5,6:00,881
7455286600,U,CTY,1,1,740,290768,187,36:00.0,3,3:00,881
7455286683,U,IB,1,1,255,134626,123,28:00.0,2,16:00,881
7455286739,U,IB,1,2,1500,118758,149,31:00.0,2,13:00,881
7455287810,U,CTY,1,5,2870,138838,174,36:00.0,7,19:00,881
7455287839,U,IB,1,1,473,132842,141,52:00.0,7,1:00,881
7455287857,U,IB,1,1,577,132842,141,35:00.0,7,1:00,881
7455290075,U,IB,1,1,480,137513,133,57:00.0,2,19:00,881
7455290120,U,IB,1,3,5750,127344,151,50:00.0,6,21:00,881
745529013X,U,IB,1,6,3000,131674,152,18:00.0,6,14:00,881
7455292403,U,CTY,1,1,500,133371,189,59:00.0,3,12:00,881
7455293081,U,CTY,1,1,369,136041,172,30:00.0,7,0:00,881
7455293090,U,IB,1,1,446,132842,141,18:00.0,7,1:00,881
7455293669,U,CTY,1,10,7100,131530,225,10:00.0,4,0:00,881
7455293714,U,CTY,1,2,2100,290208,191,07:00.0,7,22:00,881
7455293714,U,CTY,1,2,2100,290208,197,06:00.0,7,22:00,881
7455294365,U,IB,1,1,300,127344,151,07:00.0,6,22:00,881
7455295337,U,CTY,1,5,6400,290977,197,06:00.0,3,14:00,881
7455295456,U,IB,1,1,310,137513,133,48:00.0,2,18:00,881
7455295611,U,IB,1,2,2180,136114,145,26:00.0,7,19:00,881
7455295611,U,CTY,1,2,2180,136114,233,13:00.0,3,22:00,881
7455295649,U,CTY,1,1,1350,290114,169,19:00.0,1,11:00,881
7455295667,U,CTY,1,1,1053,290208,191,19:00.0,7,22:00,881
7455295667,U,CTY,1,1,1053,290208,197,18:00.0,7,22:00,881
745529607X,U,CTY,1,1,405,124080,181,12:00.0,2,22:00,881
745529607X,U,CTY,1,1,405,124080,189,41:00.0,2,18:00,881
7455296152,U,CTY,1,4,4820,290268,192,07:00.0,3,21:00,881
7455296235,U,CTY,1,1,831,290268,192,49:00.0,3,20:00,881
7455296309,U,CTY,1,1,960,530752,173,42:00.0,5,17:00,881
7455296363,U,IB,1,2,1709,132842,141,11:00.0,7,2:00,881
745529640X,U,IB,1,2,2030,132842,141,08:00.0,7,2:00,881
7455296437,U,IB,1,1,231,132842,141,04:00.0,7,2:00,881
7455299178,U,IB,1,1,245,131530,141,22:00.0,7,16:00,881
7455299214,U,CTY,1,6,8425,137494,236,04:00.0,4,3:00,881
7455299214,U,IB,1,6,8425,137494,141,37:00.0,3,10:00,881
7455299223,U,IB,1,2,1172,125402,105,02:00.0,3,19:00,881
7455302193,U,IB,1,1,535,139653,158,12:00.0,2,21:00,881
745530454X,U,CTY,1,1,782,530691,195,01:00.0,3,18:00,881
7455304622,U,IB,1,1,674,134162,160,08:00.0,6,10:00,881
7455304622,U,IB,1,1,674,134162,151,21:00.0,6,6:00,881
7455304750,U,IB,1,2,959,134626,123,22:00.0,2,18:00,881
7455305264,U,IB,1,3,1209,136038,165,32:00.0,1,17:00,881
7455305264,U,IB,1,3,1209,136038,141,46:00.0,1,6:00,881
7455305282,U,IB,1,2,1794,118758,149,34:00.0,2,15:00,881
7455305511,U,IB,1,1,2210,131280,141,26:00.0,3,11:00,881
745530575X,U,IB,1,2,1989,131280,141,28:00.0,3,11:00,881
7455306813,U,CTY,1,1,799,290164,187,28:00.0,4,19:00,881
7455306905,U,IB,1,1,1198,249347,152,27:00.0,5,13:00,881
7455308472,U,IB,1,1,646,131280,141,28:00.0,3,11:00,881
7455308490,U,IB,1,1,248,131280,141,06:00.0,3,11:00,881
7455311049,U,IB,1,1,130,136038,141,44:00.0,1,7:00,881
7455311049,U,IB,1,1,130,136038,165,32:00.0,1,17:00,881
7455311570,U,IB,1,3,2580,126675,113,40:00.0,4,18:00,881
745531169X,U,IB,1,2,1288,126675,113,55:00.0,4,18:00,881
7455311965,U,IB,1,1,503,133283,164,52:00.0,6,6:00,881
7455312414,U,CTY,1,2,1652,125432,188,55:00.0,6,15:00,881
7455312607,U,IB,1,4,1956,125402,105,31:00.0,3,19:00,881
7455312625,U,IB,1,3,2601,125402,105,38:00.0,3,20:00,881
7455312634,U,IB,1,4,4023,125402,105,31:00.0,3,20:00,881
745531268X,U,IB,1,11,8151,129515,113,49:00.0,4,6:00,881
7455313139,U,CTY,1,1,779,128252,197,46:00.0,6,6:00,881
7455313139,U,IB,1,1,779,128252,162,35:00.0,6,8:00,881
745531631X,U,CTY,1,1,199,278466,173,04:00.0,3,13:00,881
7455316356,U,IB,1,2,1170,279944,112,58:00.0,3,20:00,881
7455316841,U,IB,1,1,320,137513,133,11:00.0,2,20:00,881
7455316960,U,CTY,1,1,233,249067,195,47:00.0,3,3:00,881
7455317447,U,IB,1,1,200,127344,151,12:00.0,6,22:00,881
7455317474,U,CTY,1,1,126,131854,197,42:00.0,6,8:00,881
7455317887,U,CTY,1,1,179,125432,188,48:00.0,6,15:00,881
7455319656,U,CTY,1,1,125,132366,197,59:00.0,5,6:00,881
7455319656,U,IB,1,1,125,132366,165,35:00.0,5,9:00,881
7455319784,U,IB,1,1,104,132842,141,46:00.0,7,3:00,881
7455319820,U,IB,1,1,90,131485,158,46:00.0,7,8:00,881
7455320518,U,CTY,1,1,388,530752,173,50:00.0,5,16:00,881
7455320619,U,CTY,1,1,524,530752,173,44:00.0,5,16:00,881
7455323542,U,CTY,1,1,415,132366,197,16:00.0,5,6:00,881
7455324000,U,IB,1,1,191,134626,123,33:00.0,2,18:00,881
7455324285,U,IB,1,1,344,132555,141,33:00.0,7,17:00,881
7455347055,U,IB,1,2,960,261042,149,06:00.0,3,19:00,881
7455347210,U,CTY,1,2,1190,132854,169,20:00.0,7,21:00,881
7455357770,U,IB,1,3,1645,133283,164,17:00.0,6,8:00,881
7455357817,U,CTY,1,5,1178,290208,197,56:00.0,7,21:00,881
7455357909,U,CTY,1,1,258,117384,197,31:00.0,1,21:00,881
7455357909,U,CTY,1,1,258,117384,205,17:00.0,2,16:00,881
7455357927,U,IB,1,1,260,125024,164,49:00.0,6,2:00,881
7455357981,U,CTY,1,1,312,530752,173,35:00.0,5,18:00,881
7455376095,U,CTY,1,1,351,116840,188,17:00.0,7,0:00,881
7455376901,U,IB,1,3,2645,137494,141,15:00.0,3,9:00,881
7455376993,U,IB,1,4,8400,135884,145,01:00.0,6,9:00,881
7455386590,U,CTY,1,1,605,290268,192,20:00.0,3,22:00,881
7455386628,U,CTY,1,1,200,290268,192,18:00.0,3,22:00,881
7455386646,U,CTY,1,1,640,138838,174,44:00.0,7,18:00,881
7455402742,U,CTY,1,1,360,136440,188,38:00.0,5,7:00,881
7455411075,U,IB,1,4,7303,131485,158,31:00.0,7,8:00,881
7455411111,U,IB,1,1,830,131485,158,49:00.0,7,7:00,881
7455412698,U,IB,1,2,860,135884,145,24:00.0,6,8:00,881
7455412707,U,CTY,1,1,175,531251,187,31:00.0,2,0:00,881
745541861X,U,IB,1,1,180,137513,167,43:00.0,3,16:00,881
745541861X,U,IB,1,1,180,137513,133,00:00.0,2,19:00,881
7455426008,U,CTY,1,1,310,133233,174,50:00.0,1,0:00,881
7455430105,U,CTY,1,1,190,138292,195,11:00.0,4,19:00,881
7455430132,U,IB,1,3,1495,133283,164,54:00.0,6,8:00,881
7455430150,U,IB,1,69,1920,136114,145,19:00.0,7,20:00,881
7455435138,U,CTY,1,2,160,128252,197,40:00.0,6,6:00,881
7455435174,U,CTY,1,1,111,125432,188,20:00.0,6,16:00,881
7455435192,U,CTY,1,1,105,125432,188,17:00.0,6,16:00,881
7455435201,U,IB,1,2,160,136114,145,28:00.0,7,21:00,881
7455436229,U,IB,1,2,700,136114,145,06:00.0,7,21:00,881
7455481695,U,OB,1,2,1093,133257,26,15:00.0,5,3:00,455
7455481722,U,OB,1,2,1085,138834,14,32:00.0,7,3:00,455
7455481814,U,OB,1,1,353,38422,67,09:00.0,1,11:00,455
7455488277,U,OB,1,1,580,430285,41,21:00.0,2,18:00,728
7455488277,U,IB,1,1,580,430285,127,42:00.0,2,7:00,728
7455492549,U,OB,1,1,480,125624,55,28:00.0,4,16:00,728
7455493052,U,OB,1,1,828,134483,66,27:00.0,6,7:00,728
745549924X,U,OB,1,1,161,128310,46,12:00.0,6,5:00,728
7455499708,U,OB,1,1,375,118364,32,28:00.0,1,22:00,728
745550122X,U,OB,1,2,1008,135485,69,27:00.0,6,8:00,728
7455502669,U,OB,1,1,28,290086,49,49:00.0,4,3:00,728
7455502815,U,OB,1,1,186,125786,40,26:00.0,4,4:00,728
7455503814,U,OB,1,1,204,118364,32,11:00.0,1,22:00,728
7455503888,U,OB,1,1,138,131282,48,22:00.0,4,1:00,728
7455504061,U,OB,1,1,750,125624,55,33:00.0,4,16:00,728
745550540X,U,OB,1,2,1020,128310,46,04:00.0,6,5:00,728
7455510551,U,OB,1,1,126,41204,66,37:00.0,3,10:00,728
7455510560,U,OB,1,2,395,126360,38,10:00.0,7,12:00,728
7455510616,U,OB,1,1,80,125786,40,21:00.0,4,4:00,728
7455510652,U,OB,1,1,195,135485,69,32:00.0,6,8:00,728
7455510762,U,OB,1,2,570,133384,53,39:00.0,3,16:00,728
745551079X,U,OB,1,1,700,290210,38,52:00.0,7,13:00,728
7455511698,U,OB,1,1,575,290086,49,35:00.0,4,3:00,728
7455521010,U,OB,1,3,3750,140160,52,10:00.0,4,1:00,728
7455526429,U,OB,1,1,850,135485,69,05:00.0,6,8:00,728
7455526501,U,OB,1,2,910,128310,46,32:00.0,6,5:00,728
7455529242,U,OB,1,1,186,290086,49,44:00.0,4,3:00,728
7455531754,U,OB,1,1,190,130455,84,15:00.0,6,11:00,728
745553312X,U,CTY,1,1,348,133215,238,00:00.0,3,0:00,728
7455533157,U,OB,1,2,732,127041,53,31:00.0,7,22:00,728
7455589367,U,CTY,1,1,320,136957,196,03:00.0,5,14:00,314
7455590613,U,IB,1,5,11235,130455,145,17:00.0,4,13:00,314
7455590640,U,IB,1,1,1042,134374,119,41:00.0,5,20:00,314
7455590640,U,IB,1,1,1042,134374,119,41:00.0,5,20:00,314
7455602668,U,CTY,1,2,1892,202024,231,21:00.0,5,19:00,314
7455602668,U,IB,1,2,1892,202024,125,36:00.0,5,6:00,314
7455602695,U,IB,1,1,510,202024,125,49:00.0,5,6:00,314
7455614869,U,IB,1,1,278,276875,164,49:00.0,1,4:00,314
7455615042,U,IB,1,1,305,136842,143,30:00.0,3,9:00,314
7455615143,U,CTY,1,2,550,R326181472,174,24:00.0,1,16:00,314
745561540X,U,IB,1,1,380,136592,141,13:00.0,4,20:00,314
7455615455,U,IB,1,1,3,126443,145,27:00.0,3,22:00,314
7455615455,U,OB,1,1,3,126443,80,29:00.0,3,22:00,314
7455615464,U,IB,1,2,590,126443,145,54:00.0,3,21:00,314
7455617783,U,IB,1,1,502,138470,145,51:00.0,6,12:00,314
7455621148,U,IB,1,2,2590,132515,143,04:00.0,7,0:00,314
7455621249,U,CTY,1,5,1740,261071,176,09:00.0,7,6:00,314
7455621469,U,IB,1,5,10920,126443,145,43:00.0,4,0:00,314
7455622019,U,CTY,1,1,260,R326181472,174,53:00.0,1,14:00,314
745564037X,U,OB,1,1,411,135994,22,34:00.0,1,1:00,135
7455640416,U,CTY,1,2,907,134389,187,42:00.0,5,13:00,135
7455640425,U,OB,1,1,725,137332,26,10:00.0,6,20:00,135
7455640654,U,CTY,1,2,1399,137313,188,17:00.0,6,20:00,135
7455640654,U,CTY,1,2,1399,137313,179,53:00.0,2,14:00,135
7455650655,U,CTY,1,3,2010,261005,197,11:00.0,5,13:00,135
7455650673,U,CTY,1,6,4940,138251,197,52:00.0,5,13:00,135
7455709083,U,CTY,1,1,888,CVEN46008,173,40:00.0,7,9:00,135
7455758098,U,IB,1,1,498,124235,112,26:00.0,5,3:00,135
7455768658,U,IB,1,1,363,CVEN44339,112,15:00.0,5,15:00,135
7455774982,U,OB,1,1,131,CVEN45352,89,42:00.0,5,12:00,135
7455823337,U,CTY,1,1,370,138029,187,03:00.0,7,13:00,389
7455823337,U,IB,1,1,370,138029,105,10:00.0,7,13:00,389
7455823391,U,CTY,1,1,403,126260,187,13:00.0,1,14:00,389
745583782X,U,CTY,1,2,2660,125723,231,21:00.0,5,17:00,389
745583782X,U,CTY,1,2,2660,125723,175,45:00.0,5,1:00,389
7455837857,U,IB,1,2,760,130528,127,19:00.0,6,18:00,389
745589601X,U,OB,1,3,360,128595,69,18:00.0,3,3:00,522
7455897293,U,OB,1,1,70,45505,55,45:00.0,6,21:00,522
7455897311,U,OB,1,8,1775,140148,22,25:00.0,5,21:00,522
745589744X,U,IB,1,1,412,130948,103,57:00.0,2,10:00,522
7455902968,U,IB,1,4,1652,121724,133,15:00.0,1,9:00,522
7455914040,U,OB,1,1,130,138066,6,55:00.0,3,9:00,522
7455914141,U,OB,1,2,260,132300,84,46:00.0,6,19:00,522
7455925132,U,OB,1,1,550,140148,22,10:00.0,5,21:00,522
7455931348,U,OB,1,1,90,137824,15,27:00.0,2,15:00,522
7455931348,U,OB,1,1,90,137824,46,41:00.0,2,12:00,522
7455978336,U,CTY,1,1,743,261005,197,23:00.0,5,12:00,135
7455979528,U,CTY,1,1,520,135608,188,06:00.0,5,20:00,135
7455980179,U,CTY,1,1,281,CVEN44152,169,52:00.0,1,21:00,135
7455980242,U,CTY,1,1,368,133807,187,52:00.0,4,4:00,135
7455980637,U,OB,1,1,140,127085,58,26:00.0,3,6:00,135
7455980682,U,CTY,1,5,3685,128784,197,26:00.0,5,8:00,135
7455980792,U,IB,1,1,720,CVEN44168,116,31:00.0,7,6:00,135
745598093X,U,CTY,1,1,376,138867,196,08:00.0,6,14:00,135
7455980949,U,IB,1,4,4726,CVEN44168,116,11:00.0,7,8:00,135
745598126X,U,CTY,1,1,1343,CVEN44786,168,18:00.0,1,15:00,135
7455981636,U,CTY,1,1,368,290591,201,03:00.0,5,14:00,135
7455981636,U,IB,1,1,368,290591,104,28:00.0,5,13:00,135
7455981654,U,IB,1,1,392,290591,104,31:00.0,5,13:00,135
7455999539,U,IB,1,1,299,128333,103,14:00.0,5,19:00,557
7455999795,U,CTY,1,2,1095,138943,194,37:00.0,1,16:00,557
7455999804,U,CTY,1,2,1102,138943,194,34:00.0,1,16:00,557
7456008898,U,OB,1,2,582,139545,67,22:00.0,2,17:00,557
7456016194,U,IB,1,8,1424,136051,133,42:00.0,1,2:00,557
745601624X,U,CTY,1,11,1850,134902,169,13:00.0,1,21:00,557
7456024188,U,IB,1,5,6565,132184,145,46:00.0,6,3:00,557
745603010X,U,OB,1,4,2100,133078,88,49:00.0,4,9:00,557
7456030512,U,OB,1,5,9000,249156,88,34:00.0,3,12:00,557
7456030521,U,OB,1,4,4225,249156,88,12:00.0,3,13:00,557
7456030559,U,OB,1,1,222,139664,69,19:00.0,2,10:00,557
7456030640,U,IB,1,1,970,134290,151,09:00.0,2,1:00,557
7456033922,U,IB,1,1,228,132349,133,06:00.0,6,21:00,557
7456035334,U,CTY,1,1,190,202584,E   ,28:00.0,7,17:00,557
7456088381,U,CTY,1,1,1190,132841,195,21:00.0,2,14:00,557
7456088419,U,OB,1,1,1036,121548,96,57:00.0,2,6:00,557
7456088565,U,IB,1,1,1080,128333,103,06:00.0,5,20:00,557
7456228934,U,OB,1,1,2495,125808,88,54:00.0,7,11:00,557
7456316146,U,CTY,1,2,2133,249107,176,35:00.0,4,14:00,872
745631643X,U,CTY,1,2,4405,PASC634516,168,28:00.0,2,8:00,872
7456316530,U,CTY,1,3,6775,252131,189,49:00.0,3,13:00,872
7456316907,U,CTY,1,2,4600,41166,175,02:00.0,5,8:00,872
7456316925,U,CTY,1,3,3625,125630,197,59:00.0,7,4:00,872
7456387289,U,IB,1,3,96,138779,131,55:00.0,5,8:00,574
7456491293,U,OB,1,1,540,132667,38,12:00.0,2,21:00,422
7456491468,U,CTY,1,2,595,132236,188,15:00.0,1,21:00,313
7456491569,U,OB,1,1,229,135866,52,46:00.0,6,1:00,409
7456491614,U,IB,1,1,1000,560963,105,02:00.0,6,20:00,422
7456491715,U,IB,1,1,880,89542,135,27:00.0,4,23:00,422
7456491724,U,IB,1,1,445,89542,135,33:00.0,4,23:00,422
7456505135,U,IB,1,1,190,116773,104,13:00.0,3,18:00,303
7456513495,U,IB,1,1,207,133251,125,48:00.0,4,15:00,303
7456544039,U,IB,1,3,3050,127775,151,16:00.0,1,21:00,303
7456544048,U,IB,1,8,9475,133105,158,44:00.0,7,16:00,303
7456544057,U,CTY,1,3,3400,136683,195,42:00.0,2,21:00,303
7456544066,U,CTY,1,6,7070,140356,172,30:00.0,7,13:00,303
7456544066,U,CTY,1,6,7070,140356,233,01:00.0,7,21:00,303
7456544075,U,IB,1,1,480,116773,104,47:00.0,3,18:00,303
7456544084,U,IB,1,1,300,131973,114,22:00.0,4,18:00,303
745660705X,U,IB,1,2,3588,137401,151,22:00.0,5,13:00,303
7456618408,U,CTY,1,2,300,261400,187,02:00.0,5,18:00,303
7456618417,U,CTY,1,1,300,261400,187,07:00.0,5,18:00,303
7456618444,U,CTY,1,1,300,118481,192,05:00.0,6,14:00,303
7456618453,U,CTY,1,2,300,118481,192,32:00.0,6,12:00,303
7456625008,U,IB,1,1,122,127772,158,53:00.0,4,2:00,303
745663037X,U,CTY,1,5,9700,261315,174,53:00.0,3,8:00,303
7456663690,U,IB,1,1,677,139791,158,11:00.0,4,22:00,303
7456663755,U,CTY,1,2,2233,118481,192,35:00.0,6,13:00,303
7456663782,U,IB,1,1,180,125980,131,58:00.0,2,7:00,303
7456663800,U,IB,1,1,401,137401,151,13:00.0,5,14:00,303
7456663847,U,IB,1,7,13582,136530,145,35:00.0,3,14:00,303
7456663856,U,IB,1,1,399,131703,123,08:00.0,4,15:00,303
7456663892,U,CTY,1,1,330,140356,172,02:00.0,7,14:00,303
7456693125,U,IB,1,1,935,133251,125,43:00.0,4,16:00,303
7456713695,U,IB,1,2,580,137401,151,28:00.0,5,14:00,303
7456713704,U,IB,1,2,580,137401,151,40:00.0,5,13:00,303
7456743532,U,CTY,1,1,320,128031,197,01:00.0,5,19:00,303
745674367X,U,OB,1,1,1449,121916,80,36:00.0,1,6:00,303
7456851709,U,IB,1,2,502,133623,164,17:00.0,1,2:00,873
7456851974,U,CTY,1,1,251,137134,173,31:00.0,2,22:00,873
7456852039,U,IB,1,2,546,125522,158,19:00.0,2,14:00,873
7456852048,U,IB,1,1,273,125522,158,11:00.0,2,14:00,873
7456852158,U,IB,1,2,546,121096,133,22:00.0,1,14:00,873
7456852203,U,CTY,1,2,1574,135540,174,56:00.0,1,7:00,873
7456852259,U,CTY,1,2,502,135540,174,29:00.0,1,7:00,873
7456852432,U,IB,1,1,273,121096,133,25:00.0,1,14:00,873
7456852551,U,CTY,1,2,546,129622,169,43:00.0,3,19:00,873
7456852735,U,IB,1,2,1046,138145,158,06:00.0,5,15:00,873
7456852762,U,IB,1,2,1046,138145,158,17:00.0,5,15:00,873
7456852771,U,IB,1,1,390,138242,131,22:00.0,4,14:00,873
7456852780,U,IB,1,1,523,138242,131,04:00.0,4,15:00,873
745685279X,U,IB,1,1,1041,138242,131,36:00.0,4,14:00,873
7456852836,U,IB,1,1,269,127765,127,36:00.0,2,11:00,873
7456852872,U,CTY,1,1,273,129622,169,00:00.0,3,20:00,873
7456852919,U,IB,1,1,269,129715,150,23:00.0,4,12:00,873
7456853175,U,CTY,1,1,556,137849,196,25:00.0,3,5:00,873
7456853276,U,IB,1,1,309,128529,133,31:00.0,3,5:00,873
7456853404,U,IB,1,2,618,290005,152,47:00.0,4,10:00,873
7456853440,U,CTY,1,3,819,133770,195,36:00.0,5,15:00,873
745685345X,U,CTY,1,2,1133,128154,172,00:00.0,3,15:00,873
7456853505,U,IB,1,2,896,261258,152,43:00.0,5,9:00,873
7456853550,U,IB,1,1,273,261258,152,30:00.0,5,10:00,873
7456853963,U,CTY,1,1,362,134590,189,18:00.0,7,11:00,873
7456853972,U,IB,1,2,896,261258,152,17:00.0,5,11:00,873
7456854192,U,CTY,1,1,362,134590,189,44:00.0,7,11:00,873
7456854201,U,CTY,1,1,362,134590,189,28:00.0,7,11:00,873
7456854210,U,CTY,1,1,362,134590,189,23:00.0,7,11:00,873
745685422X,U,IB,1,1,362,261097,143,06:00.0,2,13:00,873
7456854248,U,IB,1,1,362,261097,143,07:00.0,2,13:00,873
7456854257,U,IB,1,1,362,261097,143,00:00.0,2,13:00,873
7456854266,U,IB,1,1,362,261097,143,09:00.0,2,13:00,873
7456854275,U,CTY,1,1,269,137902,174,27:00.0,2,14:00,873
7456854302,U,IB,1,1,362,261097,143,57:00.0,2,12:00,873
7456854688,U,IB,1,1,269,261097,143,01:00.0,2,13:00,873
7456855045,U,CTY,1,1,448,134590,189,51:00.0,7,11:00,873
7456855137,U,CTY,1,1,675,137902,174,48:00.0,2,13:00,873
7456855256,U,CTY,1,1,309,131925,187,37:00.0,3,9:00,873
7456855339,U,CTY,1,1,448,128152,175,02:00.0,4,20:00,873
7456855348,U,CTY,1,1,448,128152,175,59:00.0,4,19:00,873
7456855467,U,CTY,1,1,448,128152,175,49:00.0,4,18:00,873
7456855467,U,CTY,1,1,448,128152,M   ,30:00.0,5,0:00,873
7456855559,U,CTY,1,1,448,132787,188,40:00.0,5,6:00,873
7456855613,U,IB,1,1,448,135232,164,12:00.0,5,7:00,873
7456855714,U,IB,1,1,448,135232,164,52:00.0,5,8:00,873
7456855723,U,IB,1,1,273,135232,164,58:00.0,5,12:00,873
745685576X,U,IB,1,2,546,135232,164,04:00.0,5,13:00,873
7456855842,U,IB,1,2,546,135862,141,07:00.0,7,20:00,873
745693166X,U,CTY,1,1,465,127177,197,33:00.0,4,12:00,627
7456945566,U,CTY,1,1,355,PASC634534,187,45:00.0,1,19:00,627
7457031467,U,OB,1,4,1326,128133,67,34:00.0,3,3:00,447
7457031485,U,OB,1,1,148,128133,67,27:00.0,3,3:00,447
7457031494,U,OB,1,1,338,128133,67,37:00.0,3,2:00,447
7457031521,U,OB,1,1,464,430526,89,07:00.0,4,4:00,447
7457031530,U,OB,1,1,450,430526,89,23:00.0,4,4:00,447
745703154X,U,OB,1,1,112,430526,89,22:00.0,4,3:00,447
7457031559,U,OB,1,2,538,430526,89,43:00.0,4,4:00,447
7457031568,U,OB,1,1,77,136883,58,11:00.0,5,3:00,447
7457031577,U,OB,1,2,924,136883,58,06:00.0,5,3:00,447
7457031586,U,OB,1,1,85,136883,58,09:00.0,5,3:00,447
7457031595,U,OB,1,1,87,136883,58,34:00.0,5,2:00,447
7457031604,U,OB,1,1,72,136883,58,48:00.0,5,2:00,447
7457031613,U,OB,1,1,319,121528,46,31:00.0,6,12:00,447
7457031622,U,OB,1,1,285,249121,48,11:00.0,6,10:00,447
7457031631,U,OB,1,1,953,121528,46,14:00.0,6,13:00,447
745703165X,U,OB,1,4,2055,121528,46,00:00.0,6,13:00,447
745703165X,U,IB,1,4,2055,121528,166,51:00.0,6,16:00,447
7457031669,U,OB,1,2,510,830959,78,06:00.0,1,1:00,447
7457031678,U,OB,1,1,1090,830959,78,15:00.0,1,1:00,447
7457031687,U,OB,1,1,147,830959,78,55:00.0,1,0:00,447
7457031696,U,OB,1,2,464,830959,78,37:00.0,1,1:00,447
7457031705,U,OB,1,1,104,830959,78,25:00.0,1,1:00,447
7457031714,U,OB,1,1,1025,830959,78,18:00.0,7,20:00,447
7457031723,U,OB,1,1,124,125225,73,30:00.0,3,0:00,447
7457031732,U,OB,1,1,109,125225,73,12:00.0,3,0:00,447
7457031741,U,OB,1,1,1090,125225,73,59:00.0,3,0:00,447
7457031750,U,OB,1,2,892,125225,73,42:00.0,3,0:00,447
7457031750,U,IB,1,2,892,125225,156,02:00.0,3,5:00,447
745703176X,U,OB,1,1,1067,125225,73,57:00.0,3,0:00,447
7457031779,U,OB,1,1,126,125225,73,48:00.0,3,0:00,447
7457031788,U,OB,1,1,323,125225,73,09:00.0,3,0:00,447
7457031797,U,OB,1,1,1095,118683,90,06:00.0,4,18:00,447
7457031806,U,OB,1,1,620,118683,90,24:00.0,4,18:00,447
7457031815,U,OB,1,1,290,118683,90,17:00.0,4,18:00,447
7457031824,U,OB,1,1,285,118683,90,09:00.0,4,18:00,447
7457031833,U,OB,1,1,915,118683,90,30:00.0,4,18:00,447
7457031842,U,OB,1,1,435,118683,90,34:00.0,4,18:00,447
7457031851,U,OB,1,1,435,R411587174,89,28:00.0,4,3:00,447
7457031860,U,OB,1,1,435,118683,90,12:00.0,4,18:00,447
745703187X,U,OB,1,1,179,R411587174,89,07:00.0,4,4:00,447
7457031889,U,OB,1,1,108,R411587174,89,57:00.0,4,4:00,447
7457031898,U,OB,1,1,1051,430035,63,15:00.0,5,17:00,447
7457031952,U,OB,1,1,560,137897,86,56:00.0,6,18:00,447
7457031961,U,OB,1,3,997,135797,22,44:00.0,7,3:00,447
7457031970,U,OB,1,1,1072,126500,58,52:00.0,1,5:00,447
7457031999,U,OB,1,1,156,126500,58,11:00.0,1,7:00,447
7457032008,U,OB,1,1,108,126500,58,30:00.0,1,7:00,447
7457032026,U,IB,1,1,1045,134236,101,14:00.0,3,3:00,447
7457032044,U,OB,1,1,153,138429,52,28:00.0,3,10:00,447
7457032053,U,OB,1,1,173,138429,52,34:00.0,3,10:00,447
7457032062,U,IB,1,1,177,134236,101,48:00.0,3,2:00,447
7457032071,U,IB,1,1,189,134236,101,48:00.0,3,1:00,447
7457032080,U,IB,1,1,107,134236,101,43:00.0,3,1:00,447
745703209X,U,IB,1,1,1087,134236,101,17:00.0,3,3:00,447
7457032109,U,IB,1,1,183,134236,101,03:00.0,3,2:00,447
7457032118,U,IB,1,1,181,134236,101,30:00.0,3,2:00,447
7457032127,U,IB,1,1,190,134236,101,20:00.0,3,3:00,447
7457032145,U,IB,1,1,1080,134236,101,41:00.0,3,2:00,447
7457032154,U,IB,1,1,101,134236,101,29:00.0,3,3:00,447
7457032163,U,IB,1,1,101,134236,101,32:00.0,3,3:00,447
7457032172,U,IB,1,1,30,134236,101,53:00.0,3,2:00,447
7457032181,U,OB,1,1,69,138429,52,20:00.0,3,10:00,447
7457032190,U,IB,1,1,71,134236,101,46:00.0,3,1:00,447
745703220X,U,IB,1,1,91,134236,101,07:00.0,3,2:00,447
7457032219,U,IB,1,1,95,134236,101,14:00.0,3,2:00,447
7457032228,U,IB,1,1,94,134236,101,05:00.0,3,2:00,447
7457032246,U,IB,1,1,96,134236,101,31:00.0,3,3:00,447
7457032255,U,IB,1,1,227,134236,101,25:00.0,3,3:00,447
7457032264,U,OB,1,1,86,132816,73,49:00.0,4,12:00,447
7457032273,U,OB,1,1,275,R42287955,75,19:00.0,4,16:00,447
7457032282,U,OB,1,1,199,R42287955,75,57:00.0,4,19:00,447
7457032291,U,OB,1,1,343,R42287955,75,15:00.0,4,22:00,447
7457032300,U,OB,1,1,141,132816,73,02:00.0,4,13:00,447
745703231X,U,OB,1,1,138,R42287955,75,08:00.0,4,20:00,447
7457032329,U,OB,1,1,177,132772,51,53:00.0,5,4:00,447
7457032338,U,OB,1,1,185,132772,51,01:00.0,5,5:00,447
7457032347,U,OB,1,1,249,132772,51,57:00.0,5,4:00,447
7457032356,U,OB,1,1,1112,132772,51,26:00.0,5,4:00,447
7457032365,U,OB,1,1,230,R447120863,74,07:00.0,6,8:00,447
7457032374,U,OB,1,1,230,R447120863,74,48:00.0,6,7:00,447
7457032374,U,OB,1,1,230,R447120863,81,56:00.0,6,12:00,447
7457032383,U,OB,1,1,230,R447120863,74,04:00.0,6,9:00,447
7457032392,U,OB,1,1,230,R447120863,74,21:00.0,6,9:00,447
7457032401,U,OB,1,1,230,R447120863,74,06:00.0,6,9:00,447
7457032410,U,OB,1,1,230,R447120863,74,16:00.0,6,9:00,447
745703242X,U,OB,1,1,230,R447120863,74,13:00.0,6,9:00,447
7457032448,U,OB,1,1,230,R447120863,74,59:00.0,6,8:00,447
7457032457,U,OB,1,1,230,R447120863,74,32:00.0,6,8:00,447
7457032466,U,OB,1,1,230,R447120863,74,18:00.0,6,8:00,447
7457032475,U,OB,1,1,230,R447120863,74,54:00.0,6,8:00,447
7457032484,U,OB,1,1,230,R447120863,74,42:00.0,6,8:00,447
7457032493,U,OB,1,1,230,R447120863,74,47:00.0,6,8:00,447
7457032502,U,OB,1,1,230,R447120863,74,35:00.0,6,8:00,447
7457032511,U,OB,1,1,230,R447120863,74,36:00.0,6,7:00,447
7457032520,U,OB,1,1,230,R447120863,74,21:00.0,6,7:00,447
745703253X,U,OB,1,1,230,R447120863,74,57:00.0,6,7:00,447
7457032549,U,OB,1,1,230,R447120863,74,41:00.0,6,7:00,447
7457032558,U,OB,1,1,230,R447120863,74,11:00.0,6,9:00,447
7457032567,U,OB,1,1,230,R447120863,74,57:00.0,6,8:00,447
7457032576,U,OB,1,1,230,R447120863,74,27:00.0,6,9:00,447
7457032585,U,OB,1,1,230,R447120863,74,08:00.0,6,9:00,447
7457032594,U,OB,1,1,230,R447120863,74,29:00.0,6,8:00,447
7457032603,U,OB,1,1,230,R447120863,74,16:00.0,6,8:00,447
7457032612,U,OB,1,1,230,R447120863,74,25:00.0,6,8:00,447
7457032621,U,IB,1,1,230,R447120863,115,35:00.0,6,13:00,447
7457032621,U,OB,1,1,230,R447120863,74,12:00.0,6,8:00,447
7457032630,U,OB,1,1,230,R447120863,74,51:00.0,6,8:00,447
745703264X,U,OB,1,1,230,R447120863,74,40:00.0,6,8:00,447
7457032659,U,OB,1,1,230,R447120863,74,39:00.0,6,7:00,447
7457032668,U,OB,1,1,230,R447120863,74,18:00.0,6,7:00,447
7457032677,U,OB,1,1,230,R447120863,74,25:00.0,6,7:00,447
7457032686,U,OB,1,1,230,R447120863,74,15:00.0,6,7:00,447
7457032695,U,OB,1,1,230,R447120863,59,54:00.0,6,8:00,447
7457032695,U,OB,1,1,230,R447120863,74,03:00.0,6,8:00,447
7457032704,U,OB,1,1,230,R447120863,74,43:00.0,6,7:00,447
7457032713,U,OB,1,1,230,R447120863,74,18:00.0,6,9:00,447
7457032722,U,OB,1,1,344,290976,51,49:00.0,3,12:00,447
7457032731,U,OB,1,1,83,135434,67,27:00.0,3,1:00,447
7457032740,U,OB,1,1,117,290976,51,56:00.0,3,13:00,447
745703275X,U,OB,1,1,1049,135434,67,36:00.0,3,1:00,447
7457032769,U,OB,1,2,345,135434,67,44:00.0,3,1:00,447
7457032778,U,OB,1,1,319,135434,67,32:00.0,3,1:00,447
7457032787,U,OB,1,1,135,135434,67,15:00.0,3,2:00,447
7457032796,U,OB,1,1,980,135434,67,12:00.0,3,2:00,447
7457032805,U,IB,1,2,730,132970,145,48:00.0,4,0:00,447
7457032814,U,IB,1,1,230,132970,145,30:00.0,4,0:00,447
7457032823,U,OB,1,1,459,126301,90,12:00.0,4,5:00,447
7457032832,U,OB,1,2,438,138316,78,25:00.0,5,6:00,447
7457032841,U,OB,1,2,363,130769,66,20:00.0,7,11:00,447
745703286X,U,OB,1,1,346,530636,75,02:00.0,6,16:00,447
7457063504,U,CTY,1,1,145,138837,192,35:00.0,1,18:00,153
7457063706,U,CTY,1,1,85,127912,196,00:00.0,4,6:00,153
7457063715,U,CTY,1,1,250,133888,231,10:00.0,4,17:00,153
7457063715,U,CTY,1,1,250,133888,189,09:00.0,4,17:00,153
7457073422,U,CTY,1,1,125,136973,188,12:00.0,7,5:00,153
7457112032,U,CTY,1,2,1634,126791,196,08:00.0,5,3:00,153
7457112097,U,CTY,1,2,2704,249345,197,01:00.0,7,21:00,153
7457112189,U,CTY,1,4,5992,136410,196,11:00.0,5,13:00,153
7457112198,U,CTY,1,1,1262,136410,196,08:00.0,5,13:00,153
7457112207,U,CTY,1,2,1582,134562,192,32:00.0,5,10:00,153
7457116598,U,CTY,1,1,472,136760,197,29:00.0,6,11:00,153
7457116661,U,CTY,1,4,2785,126500,192,12:00.0,5,15:00,153
7457116708,U,CTY,1,2,1920,128683,172,49:00.0,1,18:00,153
7457182230,U,IB,1,1,230,430899,105,08:00.0,1,7:00,218
7457182230,U,IB,1,1,230,430899,100,19:00.0,1,7:00,218
7457182259,U,IB,1,6,5715,390229,116,12:00.0,2,4:00,218
7457192644,U,IB,1,1,1830,430881,112,22:00.0,4,4:00,218
7457233243,U,CTY,1,1,740,249121,189,54:00.0,3,21:00,218
7457237744,U,OB,1,1,345,137238,84,13:00.0,4,20:00,218
7457237809,U,OB,1,2,188,140067,95,32:00.0,6,1:00,218
7457237836,U,IB,1,1,125,123239,101,24:00.0,6,15:00,218
7457237872,U,IB,1,1,510,135114,125,34:00.0,1,4:00,218
7457237973,U,OB,1,1,1070,252293,84,24:00.0,6,20:00,218
745724120X,U,IB,1,1,273,290805,127,04:00.0,1,1:00,218
7457241246,U,OB,1,4,678,137238,84,52:00.0,4,21:00,218
7457241264,U,OB,1,3,1427,137238,84,31:00.0,4,22:00,218
7457241273,U,IB,1,1,669,R218192043,114,56:00.0,1,13:00,218
7457241282,U,IB,1,4,600,R218192043,114,04:00.0,1,14:00,218
7457241300,U,IB,1,1,146,R218616870,103,08:00.0,3,22:00,218
745724131X,U,IB,1,1,1677,129514,127,14:00.0,4,2:00,218
7457241347,U,IB,1,1,295,290066,114,40:00.0,3,21:00,218
7457241365,U,OB,1,1,505,128828,89,50:00.0,6,3:00,218
7457269094,U,IB,1,1,408,R218192043,114,10:00.0,1,11:00,218
7457273090,U,OB,1,1,2695,137238,84,08:00.0,4,22:00,218
7457273128,U,OB,1,3,4495,129593,90,47:00.0,1,6:00,218
7457278233,U,IB,1,1,340,123581,111,16:00.0,5,13:00,218
7457282166,U,IB,1,1,166,127048,101,06:00.0,3,21:00,218
7457282202,U,IB,1,1,660,119993,114,29:00.0,6,6:00,218
7457289471,U,IB,1,1,1473,134545,112,23:00.0,1,3:00,218
7457300260,U,IB,1,1,340,130550,164,13:00.0,1,4:00,218
7457323636,U,IB,1,1,340,531285,164,05:00.0,7,11:00,218
7457323764,U,IB,1,1,520,390229,116,20:00.0,2,12:00,218
7457323800,U,IB,1,1,340,531285,164,49:00.0,7,6:00,218
7457323829,U,IB,1,1,340,531285,164,01:00.0,7,11:00,218
7457323847,U,IB,1,1,340,430899,105,31:00.0,1,6:00,218
7457324085,U,IB,1,6,3120,R218192043,114,46:00.0,1,10:00,218
7457324130,U,IB,1,1,530,129514,127,29:00.0,4,2:00,218
7457324222,U,IB,1,1,340,R218181347,131,39:00.0,5,19:00,218
7457324314,U,IB,1,1,340,119993,114,58:00.0,6,3:00,218
7457324323,U,IB,1,1,340,119993,114,10:00.0,6,4:00,218
7457324379,U,CTY,1,1,340,904116,189,15:00.0,7,9:00,218
7457324415,U,IB,1,1,340,119993,114,23:00.0,6,4:00,218
7457333958,U,CTY,1,1,259,T415634691,192,22:00.0,7,10:00,218
7457346186,U,IB,1,2,820,135150,101,24:00.0,3,21:00,218
745735527X,U,CTY,1,4,1235,137099,197,22:00.0,1,14:00,218
745735527X,U,IB,1,4,1235,530504,105,10:00.0,7,3:00,218
745735549X,U,IB,1,4,515,138970,151,09:00.0,7,16:00,218
7457358845,U,OB,1,1,363,140101,88,24:00.0,6,13:00,218
7457364390,U,IB,1,1,2448,133274,129,17:00.0,3,22:00,218
7457369203,U,OB,1,1,616,903811,88,48:00.0,6,19:00,218
7457369212,U,OB,1,1,532,903811,88,55:00.0,6,20:00,218
7457386455,U,IB,1,3,1705,122848,111,35:00.0,6,17:00,218
7457386464,U,IB,1,5,572,130842,103,26:00.0,7,22:00,218
7457389416,U,OB,1,1,338,T525255364,95,54:00.0,4,22:00,218
7457389690,U,IB,1,1,825,118791,114,09:00.0,5,2:00,218
7457389737,U,OB,1,1,200,430917,89,41:00.0,2,10:00,218
7457394723,U,IB,1,2,663,558629,117,52:00.0,1,9:00,218
7457417264,U,OB,1,1,365,119040,90,52:00.0,6,19:00,218
7457417374,U,CTY,1,1,227,T415634691,192,29:00.0,7,10:00,218
7457417448,U,OB,1,4,2015,558665,88,32:00.0,4,18:00,218
745741874X,U,OB,1,1,1151,252293,84,59:00.0,6,17:00,218
7457475436,U,IB,1,2,469,126280,116,54:00.0,5,19:00,218
7457497160,U,IB,1,1,528,133730,117,22:00.0,4,20:00,218
745749717X,U,OB,1,2,1507,116773,94,56:00.0,6,3:00,218
745749717X,U,CTY,1,2,1507,116773,187,14:00.0,5,22:00,218
7457498206,U,OB,1,1,263,252293,84,07:00.0,6,15:00,218
7457498206,U,IB,1,1,263,252293,108,47:00.0,6,20:00,218
7457498233,U,IB,1,1,1158,559146,149,00:00.0,4,21:00,218
7457498242,U,IB,1,1,531,559146,149,04:00.0,4,21:00,218
7457498251,U,OB,1,3,6708,119372,84,54:00.0,4,19:00,218
7457502936,U,CTY,1,1,1584,137437,189,47:00.0,2,1:00,218
745750509X,U,CTY,1,1,613,134377,196,18:00.0,5,3:00,658
7457513633,U,OB,1,1,1530,HAEI23421,75,25:00.0,4,19:00,218
7457514073,U,CTY,1,1,223,291058,175,37:00.0,2,9:00,218
7457527383,U,IB,1,1,68,130842,103,48:00.0,7,18:00,218
7457535166,U,OB,1,1,617,135935,89,49:00.0,6,14:00,218
7457535835,U,OB,1,1,966,T525255364,95,50:00.0,5,0:00,218
745753589X,U,OB,1,1,512,140067,95,46:00.0,6,0:00,218
7457535972,U,IB,1,1,846,140226,125,43:00.0,7,17:00,218
7457536055,U,OB,1,1,671,131399,96,40:00.0,3,14:00,218
7457536138,U,IB,1,1,1205,135159,116,38:00.0,1,6:00,218
7457536174,U,IB,1,1,573,R218192043,114,58:00.0,1,9:00,218
745753622X,U,IB,1,4,5146,129569,131,11:00.0,5,0:00,218
7457536266,U,IB,1,3,4220,R218191522,103,50:00.0,5,18:00,218
7457536284,U,OB,1,1,1453,430917,89,47:00.0,2,10:00,218
7457536302,U,OB,1,1,512,430917,89,00:00.0,2,11:00,218
7457536358,U,OB,1,1,1190,135935,89,49:00.0,6,14:00,218
7457536531,U,OB,1,1,1175,128828,89,21:00.0,6,1:00,218
7457536531,U,CTY,1,1,1175,128828,R4  ,21:00.0,7,2:00,218
7457536540,U,CTY,1,1,512,130752,172,54:00.0,6,8:00,218
745754513X,U,IB,1,1,310,133730,117,27:00.0,4,21:00,218
7457556230,U,OB,1,2,2400,133456,84,28:00.0,1,9:00,218
7457565580,U,OB,1,1,457,252293,84,45:00.0,6,17:00,218
745756559X,U,OB,1,2,917,252293,84,56:00.0,6,17:00,218
7457609003,U,IB,1,5,4000,123239,101,37:00.0,6,16:00,218
7457609535,U,IB,1,3,4715,123581,111,28:00.0,5,13:00,218
7457609609,U,IB,1,2,505,430881,112,43:00.0,4,7:00,218
7457609654,U,IB,1,3,5616,122296,111,16:00.0,5,4:00,218
7457609737,U,IB,1,10,6668,390229,116,21:00.0,2,1:00,218
7457626778,U,OB,1,1,226,122243,89,49:00.0,6,0:00,218
7457626850,U,CTY,1,1,272,119799,188,00:00.0,4,1:00,218
7457626897,U,CTY,1,1,130,904116,189,28:00.0,7,6:00,218
7457629757,U,OB,1,1,1046,252293,84,57:00.0,6,16:00,218
7457632103,U,CTY,1,1,2310,131285,237,14:00.0,3,10:00,218
7457632103,U,IB,1,1,2310,131285,105,43:00.0,6,23:00,218
7457632103,U,CTY,1,1,2310,131285,233,21:00.0,2,22:00,218
7457632873,U,IB,1,6,5430,559146,149,22:00.0,4,22:00,218
7457632992,U,OB,1,3,2221,140101,88,52:00.0,6,13:00,218
7457633230,U,IB,1,5,4345,R218616870,103,41:00.0,3,23:00,218
745763324X,U,IB,1,7,3995,R218616870,103,55:00.0,4,0:00,218
7457636229,U,IB,1,1,325,559835,145,30:00.0,2,15:00,218
7457636238,U,IB,1,1,200,559835,145,57:00.0,2,14:00,218
7457636265,U,IB,1,1,1650,134545,112,21:00.0,1,3:00,218
7457642847,U,OB,1,2,1265,132013,94,04:00.0,4,7:00,218
7457642847,U,IB,1,2,1265,132013,116,32:00.0,4,4:00,218
7457670347,U,CTY,1,3,4320,PASC33311,231,30:00.0,2,22:00,309
7457670347,U,IB,1,3,4320,PASC33311,145,38:00.0,4,7:00,309
7457673921,U,CTY,1,3,1045,130844,189,56:00.0,3,19:00,218
7457732928,U,OB,1,1,2848,130449,58,28:00.0,6,17:00,411
7457732946,U,OB,1,1,150,130449,58,38:00.0,6,16:00,411
7457737355,U,OB,1,1,1225,200486,50,13:00.0,4,8:00,411
7457737364,U,IB,1,1,1750,135193,150,25:00.0,4,15:00,411
7457737382,U,OB,1,8,6775,122418,52,20:00.0,5,21:00,411
7457737391,U,OB,1,4,3380,136720,38,53:00.0,7,5:00,411
7457746631,U,OB,1,7,11313,133519,43,52:00.0,4,13:00,411
7457753296,U,OB,1,9,4855,131725,43,40:00.0,5,11:00,411
7457753323,U,OB,1,5,2300,131248,49,39:00.0,5,12:00,411
7457753332,U,OB,1,6,2909,131725,43,14:00.0,5,11:00,411
7457753350,U,OB,1,1,572,140096,67,07:00.0,7,12:00,411
745775336X,U,OB,1,2,1154,123183,55,40:00.0,7,8:00,411
7457753406,U,OB,1,2,1620,202181,39,28:00.0,1,7:00,411
7457753507,U,OB,1,7,3907,123348,48,47:00.0,5,23:00,411
7457753608,U,OB,1,9,4431,125483,43,46:00.0,5,8:00,411
7457753709,U,OB,1,3,1373,131995,66,51:00.0,7,21:00,411
7457758520,U,IB,1,9,4743,390234,104,30:00.0,4,12:00,411
7457758549,U,CTY,1,6,3528,125483,226,26:00.0,6,1:00,411
7457758585,U,OB,1,1,342,125483,43,49:00.0,5,8:00,411
7457758594,U,OB,1,8,4502,R621615905,69,23:00.0,5,16:00,411
7457758621,U,OB,1,1,277,131995,66,44:00.0,7,20:00,411
7457766642,U,OB,1,1,390,131779,43,58:00.0,6,20:00,411
7457767569,U,OB,1,1,239,129503,51,02:00.0,7,16:00,411
7457776872,U,OB,1,1,1435,130449,58,13:00.0,6,21:00,411
7457777175,U,OB,1,1,1174,135509,52,07:00.0,5,15:00,411
7457777862,U,OB,1,24,2730,123901,69,45:00.0,5,15:00,411
7457777871,U,OB,1,49,1115,132676,78,43:00.0,6,18:00,411
745777789X,U,OB,1,136,2712,132676,78,22:00.0,6,20:00,411
745777800X,U,OB,1,143,4914,125540,22,34:00.0,3,18:00,411
7457778843,U,CTY,1,2,1235,202256,234,57:00.0,3,10:00,411
7457778843,U,OB,1,2,1235,202256,74,35:00.0,3,10:00,411
7457779009,U,OB,1,2,1610,125712,46,12:00.0,3,10:00,411
7457791823,U,OB,1,1,180,129542,43,45:00.0,3,19:00,411
7457791942,U,OB,1,1,1150,131779,43,51:00.0,6,21:00,411
7457804309,U,OB,1,1,275,278731,49,07:00.0,3,11:00,411
7457804500,U,OB,1,4,965,126171,52,42:00.0,4,9:00,411
7457804529,U,OB,1,1,310,129622,17,50:00.0,5,15:00,411
7457804547,U,OB,1,1,410,129622,17,56:00.0,5,15:00,411
745780506X,U,OB,1,1,390,123901,69,17:00.0,5,13:00,411
7457805142,U,OB,1,2,1005,202709,78,50:00.0,4,10:00,411
7457805189,U,OB,1,1,266,140330,51,21:00.0,3,11:00,411
7457805198,U,OB,1,1,236,139697,49,01:00.0,3,16:00,411
7457805234,U,OB,1,2,640,139697,49,22:00.0,3,21:00,411
7457805243,U,CTY,1,1,135,130930,194,17:00.0,3,11:00,411
7457805243,U,OB,1,1,135,130930,52,37:00.0,3,4:00,411
7457805528,U,OB,1,2,1040,125712,46,29:00.0,3,10:00,411
7457805629,U,OB,1,1,245,132818,40,30:00.0,4,13:00,411
7457805739,U,OB,1,5,1170,126288,46,56:00.0,5,14:00,411
7457805748,U,OB,1,4,995,126288,46,13:00.0,5,15:00,411
7457810202,U,OB,1,1,500,132935,39,05:00.0,5,16:00,411
7457818351,U,OB,1,2,956,132935,39,35:00.0,5,13:00,411
745781837X,U,OB,1,1,1492,136988,73,04:00.0,5,14:00,411
7457819287,U,OB,1,1,270,137227,40,52:00.0,5,14:00,411
7457819498,U,OB,1,2,805,139697,49,39:00.0,3,20:00,411
7457819507,U,OB,1,4,1705,139697,49,22:00.0,3,21:00,411
7457819552,U,OB,1,4,808,140330,51,37:00.0,3,11:00,411
745781958X,U,OB,1,4,1090,136911,67,47:00.0,4,18:00,411
7457819617,U,OB,1,4,1130,136911,67,17:00.0,4,19:00,411
7457819635,U,OB,1,5,3070,290300,43,31:00.0,4,4:00,411
7457819718,U,OB,1,1,480,130593,22,49:00.0,4,14:00,411
7457819828,U,OB,1,6,1241,135509,52,42:00.0,5,16:00,411
7457819947,U,OB,1,1,28,290096,26,44:00.0,5,12:00,411
7457819956,U,OB,1,2,400,130911,52,30:00.0,7,8:00,411
7457819965,U,OB,1,1,205,290096,26,40:00.0,5,12:00,411
7457820212,U,OB,1,5,2385,138226,74,02:00.0,4,9:00,411
7457820221,U,OB,1,1,100,129890,31,35:00.0,7,16:00,411
7457820259,U,OB,1,1,110,129890,31,28:00.0,7,21:00,411
7457820277,U,OB,1,1,550,129890,31,02:00.0,7,22:00,411
7457820295,U,OB,1,1,285,138226,74,10:00.0,4,9:00,411
7457820331,U,OB,1,3,1255,126227,53,09:00.0,3,14:00,411
7457820387,U,OB,1,4,1245,130482,26,24:00.0,3,10:00,411
745782057X,U,OB,1,1,138,129853,40,13:00.0,5,13:00,411
7457820598,U,OB,1,1,125,129853,40,24:00.0,5,13:00,411
7457820616,U,OB,1,2,960,129853,40,03:00.0,5,13:00,411
7457841516,U,OB,1,1,400,126586,39,54:00.0,6,15:00,411
7457841662,U,OB,1,2,2212,129863,43,03:00.0,7,11:00,411
7457845292,U,OB,1,1,286,135025,39,02:00.0,6,23:00,411
7457847501,U,OB,1,2,38,281072,60,53:00.0,7,22:00,411
7457847557,U,OB,1,1,630,126586,39,29:00.0,6,16:00,411
7457847575,U,OB,1,1,43,134727,63,40:00.0,3,12:00,411
7457848684,U,OB,1,1,1542,290300,43,52:00.0,4,4:00,411
7457848720,U,OB,1,1,540,139697,49,09:00.0,3,16:00,411
7457848904,U,OB,1,2,1159,134785,55,43:00.0,6,3:00,411
7457848931,U,OB,1,5,4970,134785,55,04:00.0,6,4:00,411
7457848978,U,OB,1,1,528,134785,55,45:00.0,6,3:00,411
7457848996,U,OB,1,2,1002,134785,55,39:00.0,6,3:00,411
7457861810,U,OB,1,5,850,130449,58,07:00.0,6,22:00,411
7457865148,U,OB,1,1,510,135615,53,07:00.0,6,21:00,411
7457873544,U,OB,1,1,160,132676,78,31:00.0,6,13:00,411
7457875818,U,OB,1,1,213,128551,43,08:00.0,2,18:00,411
7457875872,U,OB,1,1,355,130482,26,28:00.0,3,11:00,411
745787590X,U,OB,1,1,890,137023,69,43:00.0,1,3:00,411
7457875919,U,OB,1,3,2015,126783,48,15:00.0,7,11:00,411
7457875937,U,OB,1,1,197,127740,50,45:00.0,3,8:00,411
7457875991,U,OB,1,1,1287,R621615905,69,00:00.0,5,17:00,411
7457888825,U,IB,1,1,322,133251,158,35:00.0,5,13:00,261
7457888825,U,CTY,1,1,322,133251,186,24:00.0,5,14:00,261
7457910697,U,CTY,1,4,1445,138969,172,13:00.0,1,4:00,261
7457911833,U,IB,1,3,300,131798,145,42:00.0,5,21:00,261
7457929900,U,CTY,1,1,497,128864,201,15:00.0,4,21:00,261
7457929900,U,IB,1,1,497,128864,125,10:00.0,4,21:00,261
7457947592,U,IB,1,1,120,134629,113,41:00.0,5,3:00,261
7457976477,U,CTY,1,1,1800,137647,173,14:00.0,2,10:00,261
7457978585,U,CTY,1,2,3505,125259,172,32:00.0,6,13:00,881
7457978603,U,IB,1,4,2881,126627,164,04:00.0,4,21:00,881
7457978704,U,CTY,1,1,415,125432,188,28:00.0,6,14:00,881
7457978713,U,CTY,1,2,1127,125432,188,15:00.0,6,16:00,881
7457978850,U,CTY,1,1,600,126466,194,09:00.0,5,18:00,881
7457978915,U,CTY,1,1,350,131853,195,22:00.0,4,3:00,881
7457978933,U,IB,1,4,3350,119375,125,09:00.0,5,16:00,881
7457980675,U,IB,1,3,3229,261042,149,12:00.0,3,19:00,881
7457993536,U,IB,1,1,590,127344,151,17:00.0,6,22:00,881
7457993536,U,CTY,1,1,590,127344,231,13:00.0,7,18:00,881
7457993628,U,IB,1,1,530,117643,143,14:00.0,6,21:00,881
7457993646,U,IB,1,1,320,139699,164,36:00.0,1,16:00,881
7457993691,U,CTY,1,1,151,136440,188,28:00.0,5,7:00,881
7457993747,U,CTY,1,1,330,138292,195,51:00.0,4,19:00,881
7457993756,U,CTY,1,1,104,136440,188,23:00.0,5,6:00,881
7458002996,U,IB,1,1,700,127344,151,15:00.0,6,22:00,881
7458005443,U,IB,1,1,230,134162,151,20:00.0,6,6:00,881
7458008615,U,CTY,1,1,445,290768,187,01:00.0,3,3:00,881
7458008698,U,CTY,1,2,1138,125133,188,15:00.0,1,15:00,881
7458008707,U,IB,1,1,487,129061,105,23:00.0,4,5:00,881
7458008743,U,CTY,1,2,1240,125133,188,18:00.0,1,15:00,881
745802055X,U,IB,1,1,109,140312,149,33:00.0,2,9:00,881
7458033053,U,IB,1,1,555,134188,151,27:00.0,5,16:00,881
7458038856,U,CTY,1,1,185,278466,173,21:00.0,3,12:00,881
7458038910,U,CTY,1,1,2260,131853,195,35:00.0,4,6:00,881
7458039002,U,CTY,1,1,750,136654,189,06:00.0,1,12:00,881
7458039002,U,CTY,1,1,750,136654,184,55:00.0,2,0:00,881
7458039002,U,CTY,1,1,750,136654,R4  ,54:00.0,2,0:00,881
7458046565,U,CTY,1,1,790,132320,169,55:00.0,1,7:00,881
7458046931,U,CTY,1,1,1050,136440,188,11:00.0,5,8:00,881
7458052990,U,CTY,1,1,1660,133730,189,37:00.0,1,12:00,881
7458061680,U,CTY,1,3,345,117643,208,24:00.0,2,2:00,881
7458061680,U,IB,1,3,345,117643,143,49:00.0,6,20:00,881
7458074514,U,CTY,1,1,98,138838,174,17:00.0,7,19:00,881
7458075623,U,CTY,1,1,254,138838,174,24:00.0,7,18:00,881
7458079309,U,CTY,1,1,480,290164,187,59:00.0,4,19:00,881
7458079318,U,CTY,1,1,1920,125737,168,32:00.0,2,20:00,881
7458082609,U,CTY,1,4,850,133233,174,44:00.0,1,3:00,881
7458082618,U,CTY,1,2,1700,290268,192,41:00.0,3,21:00,881
7458083956,U,CTY,1,4,2840,290768,187,17:00.0,3,4:00,881
7458084120,U,IB,1,1,965,140312,149,41:00.0,2,9:00,881
7458084277,U,IB,1,8,2993,137312,157,38:00.0,3,0:00,881
745808435X,U,IB,1,1,168,119695,158,03:00.0,3,10:00,881
7458084369,U,IB,1,2,175,132842,141,07:00.0,7,1:00,881
7458086807,U,IB,1,1,346,136038,141,29:00.0,1,10:00,881
7458086843,U,IB,1,7,8925,139699,164,07:00.0,1,19:00,881
7458086971,U,CTY,1,1,230,133233,174,02:00.0,1,3:00,881
7458097641,U,IB,1,1,73,118758,149,27:00.0,2,14:00,881
7458102995,U,CTY,1,1,1968,132366,197,26:00.0,5,8:00,881
7458103004,U,IB,1,1,532,131674,152,32:00.0,6,13:00,881
7458103004,U,IB,1,1,532,131674,167,47:00.0,6,13:00,881
7458105388,U,IB,1,1,560,140312,149,11:00.0,2,8:00,881
7458105415,U,IB,1,1,200,131280,141,49:00.0,3,11:00,881
7458105424,U,IB,1,1,278,140312,149,03:00.0,2,8:00,881
745810547X,U,IB,1,1,295,134162,151,27:00.0,6,6:00,881
7458105498,U,IB,1,1,850,127344,151,26:00.0,6,22:00,881
7458105507,U,IB,1,2,382,139699,164,34:00.0,1,17:00,881
7458105543,U,CTY,1,1,251,127431,172,42:00.0,4,6:00,881
7458105570,U,IB,1,1,202,131051,152,41:00.0,6,16:00,881
7458105671,U,CTY,1,1,301,133233,174,13:00.0,1,4:00,881
7458105727,U,IB,1,1,150,131485,158,54:00.0,7,9:00,881
745810635X,U,CTY,1,1,385,290208,197,44:00.0,7,22:00,881
7458107184,U,CTY,1,1,2100,132320,169,57:00.0,1,6:00,881
7458107193,U,CTY,1,1,94,132320,169,01:00.0,1,7:00,881
7458114857,U,IB,1,1,451,137513,133,49:00.0,2,18:00,881
7458114884,U,CTY,1,1,314,131854,197,22:00.0,6,8:00,881
7458119174,U,IB,1,7,2255,134188,151,30:00.0,5,14:00,881
7458119183,U,IB,1,2,726,123757,163,35:00.0,5,1:00,881
7458119201,U,IB,1,3,273,117643,137,13:00.0,7,1:00,881
7458119201,U,IB,1,3,273,117643,143,58:00.0,6,20:00,881
7458120458,U,IB,1,1,383,125024,164,02:00.0,6,4:00,881
7458120458,U,CTY,1,1,383,125024,237,12:00.0,6,21:00,881
7458120458,U,CTY,1,1,383,125024,203,40:00.0,7,7:00,881
7458120467,U,IB,1,4,3580,249347,152,12:00.0,5,14:00,881
7458123996,U,CTY,1,1,2135,117315,169,28:00.0,4,10:00,881
745813748X,U,IB,1,1,130,249347,152,45:00.0,5,13:00,881
7458156940,U,IB,1,1,210,127344,151,22:00.0,6,22:00,881
7458175090,U,CTY,1,1,463,139787,169,57:00.0,1,16:00,881
7458175155,U,IB,1,1,158,137494,141,13:00.0,3,7:00,881
7458175229,U,CTY,1,1,635,136041,172,04:00.0,7,3:00,881
7458175898,U,CTY,1,1,259,131854,197,51:00.0,6,7:00,881
7458175961,U,IB,1,4,2440,136114,145,58:00.0,7,21:00,881
7458183524,U,OB,1,1,1495,202206,26,38:00.0,5,6:00,411
7458186512,U,OB,1,1,620,129622,17,50:00.0,5,16:00,411
7458188510,U,OB,1,1,285,136125,5,39:00.0,7,8:00,411
7458188510,U,OB,1,1,285,136125,67,39:00.0,6,12:00,411
745818852X,U,OB,1,1,175,136125,67,36:00.0,6,12:00,411
7458188593,U,OB,1,2,1130,128640,96,42:00.0,7,1:00,411
7458188602,U,OB,1,2,505,128640,96,08:00.0,7,1:00,411
7458188649,U,OB,1,2,440,128640,96,34:00.0,7,1:00,411
7458188712,U,OB,1,2,300,126283,49,05:00.0,7,16:00,411
7458188759,U,OB,1,2,755,125829,73,36:00.0,2,15:00,411
7458188795,U,OB,1,2,470,117230,53,37:00.0,1,22:00,411
7458188813,U,OB,1,3,560,117230,53,42:00.0,1,22:00,411
7458188831,U,OB,1,3,780,117230,37,23:00.0,2,19:00,411
7458188831,U,OB,1,3,780,117230,53,52:00.0,1,22:00,411
7458188887,U,OB,1,1,315,117230,24,04:00.0,2,10:00,411
7458188914,U,OB,1,1,245,131938,38,21:00.0,4,11:00,411
7458188923,U,OB,1,1,320,131938,38,40:00.0,4,11:00,411
7458188932,U,OB,1,8,1995,131938,38,40:00.0,4,11:00,411
7458189015,U,OB,1,2,342,125881,63,08:00.0,4,19:00,411
7458189024,U,OB,1,3,440,125881,63,52:00.0,4,18:00,411
7458189033,U,OB,1,2,1290,129853,40,24:00.0,5,22:00,411
7458189089,U,OB,1,6,1955,129853,40,27:00.0,5,22:00,411
7458189098,U,OB,1,7,3850,125881,63,28:00.0,4,20:00,411
7458189107,U,OB,1,1,480,130449,58,48:00.0,6,21:00,411
7458189125,U,OB,1,1,305,130449,58,46:00.0,6,21:00,411
7458189134,U,OB,1,3,655,130449,58,41:00.0,6,21:00,411
7458189161,U,OB,1,1,300,130449,58,29:00.0,6,16:00,411
7458189170,U,OB,1,2,270,130449,58,25:00.0,6,21:00,411
7458189271,U,OB,1,1,400,133233,63,19:00.0,4,9:00,411
7458189309,U,OB,1,6,2500,132522,26,43:00.0,7,10:00,411
7458189336,U,OB,1,2,300,132522,26,30:00.0,7,10:00,411
7458189538,U,OB,1,1,270,125203,63,29:00.0,2,18:00,411
745818962X,U,OB,1,1,235,125203,63,48:00.0,2,18:00,411
7458189639,U,OB,1,1,150,125203,63,56:00.0,2,18:00,411
7458189648,U,OB,1,3,625,125203,63,05:00.0,2,19:00,411
7458189684,U,OB,1,1,190,122907,50,55:00.0,1,19:00,411
7458189702,U,OB,1,1,305,122907,50,15:00.0,1,20:00,411
7458189767,U,OB,1,3,1330,126145,49,01:00.0,3,16:00,411
7458189776,U,OB,1,2,660,126145,49,14:00.0,3,16:00,411
7458189803,U,OB,1,3,630,126145,49,47:00.0,3,17:00,411
7458189821,U,OB,1,2,480,126145,49,52:00.0,3,16:00,411
7458189830,U,OB,1,4,935,126145,49,58:00.0,3,16:00,411
745818984X,U,OB,1,1,250,126145,49,34:00.0,3,16:00,411
7458189877,U,OB,1,2,405,134974,50,54:00.0,5,8:00,411
7458189886,U,OB,1,2,395,134974,50,51:00.0,5,6:00,411
7458189895,U,OB,1,3,895,134974,50,57:00.0,5,6:00,411
7458189922,U,OB,1,3,1095,134974,50,22:00.0,5,7:00,411
7458189940,U,OB,1,2,265,137023,69,51:00.0,1,5:00,411
745818995X,U,OB,1,13,4500,137023,69,20:00.0,1,5:00,411
7458189978,U,OB,1,23,4546,123237,40,57:00.0,6,9:00,411
7458189996,U,OB,1,13,4080,123237,40,57:00.0,6,10:00,411
7458190050,U,OB,1,1,295,137849,40,33:00.0,1,1:00,411
745819006X,U,OB,1,1,320,125829,73,02:00.0,2,15:00,411
7458190097,U,OB,1,1,170,124238,55,24:00.0,3,11:00,411
7458190133,U,OB,1,1,350,125829,73,42:00.0,2,15:00,411
7458190151,U,OB,1,3,1125,137849,40,17:00.0,1,2:00,411
7458190207,U,OB,1,1,315,133233,63,24:00.0,4,8:00,411
7458190216,U,OB,1,2,325,133233,63,35:00.0,4,9:00,411
7458190225,U,OB,1,2,485,133233,63,32:00.0,4,9:00,411
7458190234,U,OB,1,1,165,133233,63,29:00.0,4,9:00,411
745819028X,U,OB,1,9,641,123045,43,15:00.0,7,20:00,411
7458190308,U,OB,1,2,430,132522,26,24:00.0,7,8:00,411
7458190335,U,OB,1,2,845,132522,26,05:00.0,7,9:00,411
745819039X,U,OB,1,2,490,132522,26,07:00.0,7,10:00,411
7458190418,U,OB,1,11,320,132522,26,57:00.0,7,12:00,411
7458190427,U,OB,1,1,115,132522,26,33:00.0,7,12:00,411
7458190436,U,OB,1,3,525,123045,43,59:00.0,7,19:00,411
7458190454,U,OB,1,2,430,132522,26,42:00.0,7,12:00,411
7458190775,U,OB,1,17,2540,124201,48,12:00.0,1,13:00,411
7458190811,U,OB,1,2,1005,136911,67,19:00.0,4,17:00,411
745819083X,U,OB,1,1,440,136911,67,21:00.0,4,17:00,411
7458190849,U,OB,1,1,195,136911,67,25:00.0,4,17:00,411
7458190858,U,OB,1,1,435,136911,67,10:00.0,4,18:00,411
7458190867,U,OB,1,1,240,136911,67,28:00.0,4,17:00,411
7458190903,U,OB,1,2,670,136911,67,24:00.0,4,17:00,411
7458190921,U,OB,1,21,6275,133176,32,20:00.0,4,16:00,411
7458190959,U,OB,1,2,535,134040,51,38:00.0,7,6:00,411
7458190968,U,OB,1,1,350,134040,51,39:00.0,7,6:00,411
7458190977,U,OB,1,1,280,132070,76,57:00.0,1,9:00,411
7458190986,U,OB,1,1,245,119405,50,21:00.0,1,2:00,411
7458191518,U,OB,1,5,1720,140096,67,03:00.0,7,13:00,411
7458191527,U,OB,1,3,375,140096,67,53:00.0,7,12:00,411
7458191536,U,OB,1,13,240,140096,67,42:00.0,7,12:00,411
7458191563,U,OB,1,2,1130,140096,67,33:00.0,7,12:00,411
7458191572,U,OB,1,2,612,126522,17,02:00.0,7,16:00,411
745819160X,U,OB,1,2,210,126522,17,24:00.0,7,16:00,411
7458191664,U,OB,1,1,110,126522,17,05:00.0,7,17:00,411
7458191673,U,OB,1,1,425,202181,39,38:00.0,1,6:00,411
7458191691,U,OB,1,4,306,202181,39,48:00.0,1,6:00,411
7458191774,U,IB,1,1,365,291148,164,34:00.0,5,16:00,411
7458191783,U,OB,1,5,1655,130911,52,16:00.0,7,9:00,411
7458191810,U,OB,1,3,320,290096,26,29:00.0,5,12:00,411
745821030X,U,OB,1,1,329,124616,49,29:00.0,6,0:00,402
7458210346,U,OB,1,1,355,131995,66,27:00.0,7,19:00,402
7458210474,U,OB,1,1,450,139461,86,43:00.0,3,18:00,402
7458210777,U,OB,1,1,268,131130,46,41:00.0,4,16:00,402
7458210887,U,IB,1,1,165,125003,113,47:00.0,6,5:00,402
7458210887,U,OB,1,1,165,125003,70,48:00.0,6,5:00,402
7458210923,U,IB,1,1,216,125003,113,27:00.0,6,5:00,402
745821096X,U,CTY,1,2,486,125176,200,09:00.0,7,18:00,402
745821096X,U,OB,1,2,486,125176,31,57:00.0,6,21:00,402
745823087X,U,OB,1,1,280,126812,55,12:00.0,1,2:00,402
7458230934,U,OB,1,1,150,126812,55,40:00.0,1,1:00,402
7458244785,U,IB,1,1,333,139614,105,49:00.0,3,18:00,402
7458245546,U,CTY,1,2,430,134389,187,03:00.0,5,14:00,402
745827212X,U,OB,1,1,295,136746,22,36:00.0,3,11:00,402
7458296797,U,OB,1,2,840,125319,31,13:00.0,1,9:00,402
7458301700,U,IB,1,2,547,139614,105,22:00.0,3,16:00,402
7458310051,U,IB,1,2,1284,138351,149,30:00.0,4,10:00,402
7458318200,U,IB,1,4,7997,128575,104,26:00.0,5,16:00,402
7458320777,U,OB,1,1,175,137007,39,56:00.0,7,6:00,402
7458333481,U,OB,1,1,322,124473,58,18:00.0,5,20:00,402
7458350789,U,OB,1,8,589,132412,26,10:00.0,4,15:00,402
7458351348,U,CTY,1,5,1380,123824,169,47:00.0,4,0:00,402
7458351357,U,CTY,1,1,1010,123824,169,49:00.0,4,0:00,402
7458361311,U,CTY,1,3,5125,138506,169,58:00.0,3,9:00,402
745836133X,U,CTY,1,4,6350,138506,169,04:00.0,3,10:00,402
7458361349,U,CTY,1,6,10324,558556,194,03:00.0,1,3:00,402
7458361403,U,IB,1,4,6338,138351,149,17:00.0,4,9:00,402
745836144X,U,OB,1,6,8963,139562,55,29:00.0,6,9:00,402
7458362375,U,OB,1,5,8918,136420,53,20:00.0,2,7:00,402
7458362384,U,OB,1,6,7650,136420,53,22:00.0,2,7:00,402
7458362411,U,IB,1,4,6798,134392,131,52:00.0,2,6:00,402
7458362420,U,CTY,1,6,9505,252236,187,57:00.0,4,5:00,402
745836243X,U,CTY,1,7,11135,291101,189,14:00.0,4,8:00,402
7458362449,U,CTY,1,4,5934,252236,187,25:00.0,4,6:00,402
7458362458,U,OB,1,5,7622,130738,48,53:00.0,2,15:00,402
7458362485,U,CTY,1,6,7929,252236,187,48:00.0,4,5:00,402
7458362494,U,CTY,1,6,8126,252236,187,15:00.0,4,6:00,402
745836276X,U,IB,1,2,5040,202022,108,32:00.0,2,21:00,402
745836276X,U,OB,1,2,5040,202022,58,53:00.0,1,17:00,402
7458362779,U,CTY,1,7,13000,136221,173,00:00.0,1,20:00,402
7458362860,U,CTY,1,4,7178,291101,189,44:00.0,4,7:00,402
745836287X,U,CTY,1,4,7155,132123,188,04:00.0,4,7:00,402
7458362898,U,CTY,1,6,10200,132123,188,58:00.0,4,6:00,402
7458362907,U,CTY,1,6,9089,140178,169,17:00.0,4,15:00,402
7458362999,U,OB,1,4,6350,290056,76,31:00.0,4,0:00,402
7458372953,U,CTY,1,1,200,291101,189,51:00.0,4,8:00,402
7458424442,U,CTY,1,2,708,TTMS750524,189,14:00.0,2,12:00,830
745842447X,U,CTY,1,4,2075,TTMS750524,189,50:00.0,2,11:00,830
7458424525,U,CTY,1,2,435,TTMS750524,189,06:00.0,2,12:00,830
745842469X,U,CTY,1,5,3162,277828,197,34:00.0,2,8:00,830
7458424819,U,CTY,1,2,1079,137284,189,43:00.0,2,13:00,830
7458444215,U,CTY,1,1,460,TTMS750524,189,52:00.0,2,9:00,830
7458479516,U,CTY,1,6,3680,134020,231,32:00.0,5,0:00,847
7458479516,U,CTY,1,6,3680,134020,231,32:00.0,5,0:00,847
7458502919,U,IB,1,1,335,129822,114,54:00.0,4,22:00,847
7458502991,U,CTY,1,2,1590,133126,175,41:00.0,7,17:00,847
7458587289,U,CTY,1,2,1107,R326181472,174,50:00.0,1,17:00,621
7458587370,U,IB,1,1,145,136842,143,49:00.0,3,9:00,621
7458587774,U,IB,1,1,241,290302,163,54:00.0,1,1:00,621
7458587920,U,IB,1,2,782,138216,163,10:00.0,1,17:00,621
7458794749,U,IB,1,1,24,133162,163,27:00.0,7,14:00,808
7458806299,U,IB,1,1,440,202663,149,59:00.0,2,10:00,808
7458807958,U,IB,1,2,1039,TTMS910575,151,32:00.0,3,22:00,808
7458841012,U,CTY,1,4,2359,134434,192,14:00.0,2,18:00,808
7458842350,U,IB,1,1,342,132655,164,58:00.0,5,1:00,808
7458842433,U,IB,1,1,275,202663,149,54:00.0,2,10:00,808
7458842433,U,CTY,1,1,275,202663,204,57:00.0,4,8:00,808
7458842561,U,CTY,1,1,825,135912,192,28:00.0,4,20:00,808
7458842781,U,CTY,1,12,4628,138028,176,03:00.0,4,5:00,808
7458842864,U,IB,1,1,402,133162,163,21:00.0,7,14:00,808
7458842974,U,CTY,1,1,402,135253,192,20:00.0,2,22:00,808
7458842983,U,CTY,1,1,176,135253,192,59:00.0,2,22:00,808
7458843001,U,OB,1,2,876,125981,31,49:00.0,2,13:00,808
7458843057,U,IB,1,7,2912,128138,164,17:00.0,2,9:00,808
7458843212,U,IB,1,1,410,132504,150,32:00.0,5,6:00,808
7458844258,U,CTY,1,1,160,137493,192,24:00.0,2,14:00,808
7458868916,U,CTY,1,1,540,135698,188,20:00.0,2,22:00,808
7458870703,U,CTY,1,1,340,290791,187,28:00.0,7,18:00,808
7458877743,U,IB,1,1,610,123809,141,01:00.0,6,17:00,808
7458884004,U,IB,1,1,78,133162,163,48:00.0,7,14:00,808
7458884801,U,IB,1,1,260,132655,164,54:00.0,5,7:00,808
7458884810,U,CTY,1,1,381,135997,195,36:00.0,5,18:00,808
7458886415,U,CTY,1,31,11770,HAEI25934,192,06:00.0,7,21:00,808
7458888532,U,CTY,1,1,816,128079,196,21:00.0,1,20:00,808
7458888606,U,CTY,1,1,390,TTMS910552,192,36:00.0,3,0:00,808
7458888615,U,CTY,1,3,1232,TTMS910552,192,38:00.0,2,21:00,808
7458888660,U,CTY,1,14,6008,132130,189,34:00.0,4,13:00,808
7458888660,U,CTY,1,14,6008,132130,228,01:00.0,5,4:00,808
7458888689,U,CTY,1,1,205,124100,188,57:00.0,4,10:00,808
745888900X,U,CTY,1,2,820,131664,188,57:00.0,2,18:00,808
7458893868,U,CTY,1,2,1152,133108,194,15:00.0,2,10:00,808
7458894005,U,CTY,1,1,174,137640,195,48:00.0,1,15:00,808
7458913630,U,CTY,1,1,165,135836,187,30:00.0,2,16:00,808
7458917655,U,CTY,1,1,157,137493,192,25:00.0,2,14:00,808
7458917664,U,CTY,1,1,157,137493,192,26:00.0,2,14:00,808
7458917691,U,CTY,1,1,157,119870,169,01:00.0,3,4:00,808
7458926015,U,CTY,1,1,725,130640,194,40:00.0,5,0:00,830
7458926051,U,CTY,1,1,330,130640,194,23:00.0,5,0:00,830
7458926199,U,IB,1,3,2960,127688,123,53:00.0,5,11:00,830
7458930433,U,IB,1,1,432,123809,141,31:00.0,6,18:00,808
7458930736,U,CTY,1,2,548,119870,169,12:00.0,3,4:00,808
7458931039,U,IB,1,1,150,202663,149,10:00.0,2,11:00,808
7458933147,U,IB,1,1,330,202663,149,20:00.0,2,11:00,808
7458933156,U,IB,1,1,360,202663,149,14:00.0,2,11:00,808
7458934577,U,IB,1,4,2930,123809,141,56:00.0,6,18:00,808
7458934595,U,IB,1,1,465,202663,149,47:00.0,2,10:00,808
7458938097,U,IB,1,1,990,127688,123,19:00.0,5,13:00,808
7458938710,U,IB,1,1,174,202663,149,33:00.0,2,10:00,808
745893872X,U,IB,1,1,174,202663,149,44:00.0,2,10:00,808
7458939206,U,IB,1,1,174,135903,151,23:00.0,3,2:00,808
7458940398,U,CTY,1,1,83,TTMS144654,194,18:00.0,2,12:00,808
7458940416,U,CTY,1,1,99,TTMS144654,194,27:00.0,2,13:00,808
7458940892,U,CTY,1,2,505,125269,195,48:00.0,1,22:00,808
7458941049,U,IB,1,1,382,132655,164,17:00.0,5,7:00,808
7458941112,U,CTY,1,1,262,137397,176,08:00.0,6,20:00,808
7458941231,U,CTY,1,1,136,130546,187,55:00.0,2,3:00,808
7458943029,U,CTY,1,1,146,134501,174,32:00.0,5,12:00,808
745894312X,U,IB,1,1,224,133162,163,18:00.0,7,14:00,808
745894323X,U,CTY,1,2,464,TTMS144654,194,23:00.0,2,12:00,808
7458944852,U,IB,1,7,6727,131263,145,02:00.0,2,3:00,808
7458948702,U,CTY,1,1,157,124100,188,09:00.0,4,12:00,808
7458948702,U,CTY,1,1,157,124100,223,38:00.0,6,16:00,808
7458948720,U,CTY,1,1,109,124100,188,03:00.0,4,12:00,808
7458949270,U,CTY,1,1,372,140322,176,34:00.0,7,4:00,808
7458953625,U,CTY,1,1,273,132130,189,18:00.0,4,12:00,808
7458953643,U,CTY,1,1,281,132130,223,35:00.0,6,16:00,808
7458953643,U,CTY,1,1,281,132130,189,39:00.0,4,12:00,808
7458954835,U,CTY,1,1,119,132130,189,54:00.0,4,12:00,808
7458954835,U,CTY,1,1,119,132130,223,33:00.0,6,18:00,808
7458954844,U,CTY,1,1,111,132130,189,50:00.0,4,12:00,808
7458957888,U,CTY,1,4,11144,HAEI24595,173,30:00.0,7,17:00,808
7458959538,U,OB,1,2,879,138497,63,50:00.0,4,3:00,808
7458959886,U,CTY,1,1,150,530699,197,48:00.0,4,21:00,808
7458960115,U,IB,1,10,10388,202663,149,00:00.0,2,13:00,808
7458961408,U,CTY,1,1,203,137462,188,19:00.0,6,16:00,808
745896204X,U,IB,1,2,1631,TTMS910575,151,01:00.0,3,21:00,808
7458962214,U,CTY,1,1,953,128432,175,19:00.0,3,5:00,808
7458962719,U,CTY,1,1,250,132935,174,17:00.0,3,1:00,808
7458966650,U,IB,1,1,164,132655,164,12:00.0,5,7:00,808
7458966724,U,IB,1,1,134,132655,164,56:00.0,5,1:00,808
7458968255,U,CTY,1,1,119,530699,197,23:00.0,4,21:00,808
7458995535,U,CTY,1,1,10,530699,197,17:00.0,4,22:00,808
7459026793,U,CTY,1,6,7511,128683,172,01:00.0,1,20:00,178
7459026912,U,CTY,1,2,2640,249122,172,58:00.0,4,18:00,178
745902694X,U,CTY,1,6,6286,126791,196,20:00.0,5,2:00,178
7459026995,U,CTY,1,2,1910,126791,196,49:00.0,5,2:00,178
7459044054,U,IB,1,4,4005,132655,164,21:00.0,5,6:00,661
7459063066,U,CTY,1,1,88,TTMS750524,189,53:00.0,2,11:00,661
7459530319,U,CTY,1,3,1435,139775,174,06:00.0,3,12:00,343
7459530328,U,CTY,1,2,275,129628,194,45:00.0,4,15:00,343
7459534288,U,CTY,1,1,4842,129628,194,31:00.0,4,10:00,343
7459542024,U,IB,1,1,232,127369,149,35:00.0,7,1:00,343
7459542033,U,CTY,1,1,1475,R621615905,195,32:00.0,7,21:00,343
7459542309,U,CTY,1,1,366,131040,194,36:00.0,6,6:00,343
7459543977,U,CTY,1,1,82,R326181472,174,17:00.0,1,14:00,343
7459544150,U,IB,1,1,329,138629,129,13:00.0,4,14:00,343
7459544352,U,IB,1,2,765,138629,129,05:00.0,4,11:00,343
7459544399,U,IB,1,3,1273,129651,155,21:00.0,4,11:00,343
7459544399,U,CTY,1,3,1273,129651,169,11:00.0,4,11:00,343
7459544453,U,IB,1,1,76,125977,129,08:00.0,5,15:00,343
7459544471,U,IB,1,2,627,127193,141,50:00.0,5,17:00,343
7459544527,U,IB,1,2,839,127193,141,01:00.0,5,18:00,343
7459544810,U,CTY,1,2,1210,128819,197,56:00.0,1,22:00,343
7459544902,U,IB,1,3,1245,136842,143,45:00.0,3,9:00,343
745954515X,U,CTY,1,1,355,127679,175,00:00.0,5,17:00,343
7459545196,U,IB,1,4,2605,311022,163,17:00.0,6,20:00,343
7459545241,U,CTY,1,1,199,140013,169,58:00.0,6,7:00,343
7459545306,U,CTY,1,1,370,127679,175,34:00.0,5,18:00,343
7459545333,U,IB,1,2,575,134374,125,39:00.0,5,20:00,343
7459545342,U,IB,1,1,799,134374,119,43:00.0,5,20:00,343
7459545342,U,IB,1,1,799,134374,125,42:00.0,5,20:00,343
745954537X,U,CTY,1,1,153,138108,194,07:00.0,5,16:00,343
7459545407,U,IB,1,2,704,276875,164,44:00.0,1,3:00,343
745954559X,U,IB,1,1,125,290302,163,49:00.0,1,1:00,343
7459545627,U,IB,1,1,660,276875,164,55:00.0,1,5:00,343
7459545746,U,IB,1,1,405,135031,158,29:00.0,1,15:00,343
7459545838,U,CTY,1,1,401,136957,196,02:00.0,5,13:00,343
7459545838,U,CTY,1,1,401,136957,186,10:00.0,5,14:00,343
7459545901,U,IB,1,1,358,125732,125,51:00.0,6,20:00,343
7459545975,U,IB,1,1,40,138470,145,37:00.0,6,12:00,343
7459546269,U,IB,1,1,650,138470,145,48:00.0,6,12:00,343
7459546350,U,CTY,1,1,382,135212,231,48:00.0,3,22:00,343
7459546350,U,CTY,1,1,382,135212,231,17:00.0,3,21:00,343
7459546350,U,CTY,1,1,382,135212,231,48:00.0,3,22:00,343
7459546406,U,IB,1,2,542,135031,158,06:00.0,1,16:00,343
7459546489,U,CTY,1,2,880,R621153063,195,17:00.0,3,7:00,343
7459565243,U,CTY,1,1,952,211132,173,07:00.0,6,15:00,343
745956550X,U,CTY,1,2,2864,138108,194,27:00.0,5,16:00,343
7459565528,U,CTY,1,1,1791,138108,238,57:00.0,3,21:00,343
7459565528,U,CTY,1,1,1791,138108,233,42:00.0,5,0:00,343
7459565528,U,CTY,1,1,1791,138108,194,31:00.0,5,16:00,343
7459565546,U,CTY,1,1,1217,261071,176,22:00.0,7,5:00,343
7459565564,U,CTY,1,1,432,123106,174,36:00.0,6,14:00,343
745956935X,U,IB,1,1,272,136592,141,08:00.0,4,20:00,343
7459569616,U,CTY,1,1,56,131040,194,14:00.0,6,7:00,343
7459569652,U,IB,1,4,1875,135725,151,51:00.0,7,17:00,343
7459573291,U,CTY,1,4,1985,211132,173,55:00.0,6,15:00,343
7459573401,U,CTY,1,2,730,128819,197,05:00.0,1,21:00,343
745957342X,U,CTY,1,2,1005,129628,194,42:00.0,4,15:00,343
7459573475,U,CTY,1,2,730,129628,194,50:00.0,4,15:00,343
7459639145,U,IB,1,3,1244,430065,145,40:00.0,4,15:00,343
7459639154,U,CTY,1,1,133,138108,194,39:00.0,5,15:00,343
745965020X,U,CTY,1,1,200,132339,192,11:00.0,3,7:00,343
7459657735,U,CTY,1,2,810,R326181472,174,56:00.0,1,15:00,343
7459657744,U,CTY,1,4,1685,R326181472,174,05:00.0,1,15:00,343
7459661282,U,CTY,1,1,1070,127679,175,39:00.0,5,18:00,343
7459668010,U,CTY,1,2,1735,131551,196,10:00.0,5,4:00,343
7459668093,U,IB,1,1,1132,276875,164,32:00.0,1,6:00,343
7459669083,U,IB,1,9,4860,127193,141,12:00.0,5,18:00,343
7459669139,U,IB,1,1,713,132346,135,49:00.0,7,2:00,343
7459669440,U,IB,1,5,2290,138216,163,30:00.0,1,17:00,343
7459669496,U,IB,1,1,530,132515,143,39:00.0,6,22:00,343
7459673557,U,CTY,1,2,1453,134604,168,54:00.0,4,14:00,343
7459734890,U,CTY,1,1,486,128658,169,44:00.0,6,14:00,344
7459751089,U,IB,1,2,4854,127837,152,39:00.0,7,19:00,344
7459758284,U,IB,1,6,2100,138216,163,47:00.0,1,16:00,344
7459758320,U,IB,1,1,1000,138216,163,37:00.0,1,16:00,344
7459763995,U,CTY,1,1,450,125831,169,26:00.0,4,15:00,344
7459764197,U,CTY,1,1,1550,131551,196,03:00.0,5,4:00,344
745976845X,U,CTY,1,5,11543,136895,194,49:00.0,4,15:00,344
7459776187,U,IB,1,1,305,136842,143,21:00.0,3,9:00,344
7459776434,U,CTY,1,1,450,211132,173,41:00.0,6,12:00,344
7459880301,U,OB,1,4,4630,122535,78,35:00.0,7,10:00,435
7459880732,U,OB,1,8,760,137656,53,22:00.0,6,1:00,435
7459880741,U,IB,1,13,439,430909,113,21:00.0,3,18:00,435
7459882447,U,OB,1,1,170,129596,51,01:00.0,5,4:00,435
7459882456,U,IB,1,4,8610,127738,105,36:00.0,5,10:00,435
7459882465,U,OB,1,6,6132,133252,96,46:00.0,6,4:00,435
7459882492,U,OB,1,7,2498,134832,89,33:00.0,5,13:00,435
7459882501,U,IB,1,1,470,430528,105,44:00.0,6,14:00,435
7459883345,U,CTY,1,1,134,132963,N11 ,44:00.0,3,8:00,435
7459883345,U,OB,1,1,134,132963,95,27:00.0,3,4:00,435
7459883381,U,OB,1,1,102,131229,69,30:00.0,3,0:00,435
7459883381,U,IB,1,1,102,131229,166,05:00.0,3,7:00,435
7459885619,U,OB,1,1,495,129596,51,24:00.0,5,4:00,435
7459885637,U,OB,1,1,169,133252,96,35:00.0,6,3:00,435
7459885646,U,IB,1,3,2334,132598,101,35:00.0,7,12:00,435
7459885655,U,OB,1,3,3950,430574,50,24:00.0,5,13:00,435
7459885664,U,OB,1,1,450,430574,50,55:00.0,5,9:00,435
7459885691,U,OB,1,6,9725,138970,52,53:00.0,3,4:00,435
745988571X,U,IB,1,1,912,431218,114,34:00.0,7,18:00,435
7459885747,U,OB,1,2,523,127884,89,01:00.0,3,16:00,435
7459888268,U,OB,1,4,4380,126487,17,47:00.0,6,12:00,435
7459892942,U,OB,1,1,486,126615,26,11:00.0,1,11:00,435
7459892942,U,OB,1,1,486,126615,28,47:00.0,1,12:00,435
7459892951,U,OB,1,6,4104,131551,95,18:00.0,7,12:00,435
7459892960,U,OB,1,1,490,131551,95,09:00.0,7,12:00,435
745989297X,U,OB,1,1,490,131551,95,10:00.0,7,12:00,435
7459892989,U,OB,1,1,200,138970,52,13:00.0,3,3:00,435
7459894931,U,OB,1,1,695,132226,76,56:00.0,7,9:00,435
7459905161,U,IB,1,1,279,291165,151,47:00.0,4,13:00,435
7459905199,U,OB,1,1,397,133626,55,57:00.0,3,1:00,435
7500181253,U,OB,1,10,3333,559935,43,27:00.0,5,1:00,422
7517231730,U,IB,1,1,198,124215,125,35:00.0,4,13:00,347
7530013898,U,OB,1,1,260,261082,40,20:00.0,5,22:00,653
7530013916,U,IB,1,1,350,530367,103,44:00.0,7,20:00,653
7530054158,U,IB,1,1,305,249253,103,14:00.0,6,12:00,653
7530056147,U,IB,1,1,8,118550,129,16:00.0,7,21:00,653
7530066761,U,OB,1,1,265,128783,63,15:00.0,6,21:00,653
753007580X,U,OB,1,1,160,139982,53,25:00.0,3,14:00,653
7530076396,U,IB,1,1,108,139923,112,13:00.0,5,2:00,653
7530080044,U,CTY,1,1,264,129848,194,22:00.0,5,21:00,653
7530080246,U,OB,1,2,425,128783,63,36:00.0,6,21:00,653
7530083537,U,IB,1,2,370,122644,104,20:00.0,1,6:00,653
7530095417,U,IB,1,1,471,139923,112,09:00.0,5,4:00,653
7530105903,U,OB,1,1,359,125559,40,06:00.0,1,18:00,653
7530105903,U,CTY,1,1,359,125559,190,07:00.0,1,18:00,653
7530114602,U,OB,1,2,3228,139982,53,55:00.0,3,15:00,653
7530123310,U,CTY,1,1,375,129628,195,13:00.0,7,1:00,653
7530124933,U,CTY,1,2,280,139837,175,44:00.0,3,22:00,653
7530125144,U,OB,1,1,776,211526,63,30:00.0,4,1:00,653
7530130561,U,OB,1,4,5150,558947,31,45:00.0,2,18:00,653
7530132377,U,CTY,1,1,163,291132,174,12:00.0,2,23:00,653
7530133174,U,OB,1,1,149,128325,52,47:00.0,4,5:00,653
7530133192,U,IB,1,1,233,530367,103,49:00.0,7,17:00,653
7530133248,U,IB,1,1,415,558592,152,21:00.0,7,22:00,653
7530150664,U,CTY,1,2,1153,137932,169,49:00.0,4,22:00,653
7530150747,U,OB,1,1,99,261082,40,35:00.0,5,22:00,653
753015126X,U,CTY,1,1,123,127259,194,22:00.0,7,0:00,653
7530151279,U,IB,1,1,104,128629,112,38:00.0,6,1:00,653
7530151297,U,OB,1,1,83,125306,31,56:00.0,6,4:00,653
7530172251,U,IB,1,1,434,136411,111,45:00.0,5,16:00,653
7530195030,U,IB,1,1,252,530367,103,57:00.0,7,21:00,653
7530202932,U,IB,1,1,465,PASC33311,145,08:00.0,4,10:00,309
7530217627,U,IB,1,1,485,261214,125,52:00.0,6,1:00,653
7530217663,U,IB,1,1,285,135821,123,11:00.0,7,16:00,653
7530217737,U,CTY,1,1,380,R62112290,188,12:00.0,5,0:00,653
7530228196,U,OB,1,1,490,202256,74,33:00.0,3,9:00,411
7530228214,U,OB,1,1,70,134634,39,09:00.0,6,13:00,411
7530228223,U,OB,1,2,2985,291140,46,22:00.0,1,7:00,411
7530228232,U,OB,1,1,705,129896,17,12:00.0,5,17:00,411
7530228250,U,OB,1,1,293,290096,26,19:00.0,5,12:00,411
7530242817,U,CTY,1,1,120,R62112290,188,09:00.0,5,0:00,653
7530243430,U,CTY,1,1,322,127259,194,54:00.0,7,0:00,653
7530246813,U,OB,1,1,128,128783,63,14:00.0,6,19:00,653
7530261690,U,IB,1,1,561,131477,143,05:00.0,4,23:00,243
753026269X,U,IB,1,1,70,125671,117,35:00.0,4,22:00,243
7530265596,U,IB,1,1,345,128425,131,34:00.0,6,22:00,243
7530276816,U,IB,1,1,545,137893,125,21:00.0,3,22:00,243
7530278136,U,OB,1,5,1195,124581,96,34:00.0,6,9:00,243
7530278228,U,OB,1,3,1275,125587,88,47:00.0,5,23:00,243
7530278228,U,OB,1,3,1275,125587,94,06:00.0,6,6:00,243
7530278246,U,IB,1,1,197,135322,117,28:00.0,1,8:00,243
7530278255,U,IB,1,3,2630,125833,145,02:00.0,6,21:00,243
7530295159,U,IB,1,2,1735,131719,104,48:00.0,4,11:00,243
7530352285,U,CTY,1,1,289,137876,187,50:00.0,3,12:00,830
7530379978,U,OB,1,1,79,125203,63,45:00.0,2,17:00,830
7530400099,U,CTY,1,1,169,124022,169,44:00.0,7,20:00,830
7530424270,U,OB,1,1,195,131402,43,20:00.0,3,16:00,830
7530445794,U,IB,1,1,651,128702,127,56:00.0,5,16:00,830
7530445803,U,CTY,1,15,737,127712,187,10:00.0,6,19:00,830
7530472854,U,CTY,1,1,507,135995,189,49:00.0,6,1:00,830
7530474239,U,CTY,1,1,304,122585,173,33:00.0,3,5:00,830
7530488721,U,CTY,1,1,250,136611,172,20:00.0,6,7:00,830
7530489253,U,CTY,1,1,155,136611,172,34:00.0,6,6:00,830
7530551064,U,CTY,1,1,485,123067,195,01:00.0,3,7:00,830
7530551082,U,IB,1,1,581,TTMS910575,151,16:00.0,3,19:00,830
7530594157,U,CTY,1,2,1560,137493,192,55:00.0,2,15:00,830
7530643089,U,CTY,1,1,140,132935,174,43:00.0,2,20:00,830
7530837852,U,CTY,1,1,190,132064,196,07:00.0,4,15:00,557
753083788X,U,CTY,1,1,550,139468,172,02:00.0,7,19:00,557
7530839109,U,CTY,1,4,3534,132064,196,41:00.0,4,13:00,557
7530839118,U,CTY,1,1,232,132064,196,50:00.0,4,13:00,557
7530839145,U,OB,1,5,3650,138947,55,30:00.0,3,6:00,557
7530967001,U,OB,1,4,3660,125595,76,07:00.0,2,2:00,557
7530967259,U,CTY,1,1,227,140150,196,58:00.0,5,17:00,557
7530967542,U,OB,1,1,120,136157,88,17:00.0,7,15:00,557
7530967625,U,OB,1,1,404,261071,83,16:00.0,2,17:00,557
7530967625,U,OB,1,1,404,261071,52,15:00.0,2,17:00,557
7530967661,U,OB,1,1,271,125595,76,02:00.0,2,2:00,557
7530967872,U,OB,1,1,100,128595,69,33:00.0,3,3:00,557
7530968267,U,OB,1,1,516,125595,76,17:00.0,2,2:00,557
7530968276,U,OB,1,1,120,136157,88,56:00.0,7,14:00,557
7530968276,U,CTY,1,1,120,136157,M15 ,57:00.0,2,20:00,557
7530968523,U,OB,1,1,120,125595,76,12:00.0,2,1:00,557
7530968716,U,OB,1,1,120,125595,76,08:00.0,2,1:00,557
7530968871,U,OB,1,1,280,261071,52,37:00.0,2,16:00,557
7530969037,U,CTY,1,1,145,140150,196,52:00.0,5,15:00,557
7530969266,U,OB,1,1,268,261071,52,46:00.0,2,16:00,557
7530969421,U,IB,1,1,239,133170,131,08:00.0,1,2:00,557
7530969724,U,OB,1,1,240,139545,67,13:00.0,2,17:00,557
7530969733,U,OB,1,1,158,139545,67,25:00.0,2,16:00,557
753096977X,U,IB,1,1,398,133170,131,57:00.0,1,0:00,557
753096977X,U,CTY,1,1,398,133170,193,11:00.0,1,8:00,557
7530969789,U,CTY,1,1,408,133170,193,10:00.0,1,8:00,557
7530969789,U,IB,1,1,408,133170,131,45:00.0,1,0:00,557
7530969798,U,IB,1,1,420,133170,131,58:00.0,1,0:00,557
7530972328,U,CTY,1,1,158,140150,196,03:00.0,5,16:00,557
7530972382,U,IB,1,1,233,128333,103,04:00.0,5,22:00,557
753097241X,U,IB,1,1,185,128333,103,22:00.0,5,22:00,557
7530974591,U,IB,1,1,177,128333,103,32:00.0,5,22:00,557
7530974629,U,IB,1,1,180,128333,103,28:00.0,5,22:00,557
7530974692,U,IB,1,1,201,128333,103,03:00.0,6,0:00,557
7530974748,U,IB,1,1,134,126175,103,22:00.0,4,6:00,557
7530974849,U,IB,1,1,273,126175,103,50:00.0,4,6:00,557
7531170685,U,CTY,1,1,578,291132,174,21:00.0,3,0:00,841
7531211349,U,CTY,1,1,196,HAEI25964,169,46:00.0,5,16:00,841
7531248446,U,CTY,1,5,2895,135846,192,16:00.0,3,18:00,841
7531288394,U,CTY,1,2,1082,560380,169,53:00.0,6,16:00,841
7531288430,U,IB,1,3,2255,121397,151,27:00.0,6,6:00,841
7531288751,U,IB,1,1,1230,136847,131,13:00.0,4,1:00,841
7531401914,U,CTY,1,1,160,125345,169,23:00.0,3,18:00,841
7531405782,U,IB,1,6,1218,136322,164,43:00.0,2,11:00,695
7531406864,U,OB,1,1,1875,137367,38,56:00.0,2,21:00,695
7531406882,U,OB,1,1,1138,130827,69,26:00.0,4,20:00,695
7531415747,U,OB,1,8,2318,261009,10,07:00.0,2,14:00,695
7531417828,U,IB,1,2,3750,138552,151,11:00.0,5,2:00,695
7531417837,U,OB,1,2,4459,124329,52,51:00.0,7,13:00,695
7531421119,U,IB,1,2,1715,128243,117,06:00.0,7,5:00,695
7531422879,U,OB,1,1,1376,137367,38,37:00.0,2,22:00,695
7531422906,U,OB,1,1,212,290218,46,34:00.0,1,21:00,695
7531430083,U,IB,1,3,1030,140230,149,19:00.0,3,0:00,695
7531430083,U,OB,1,3,1030,140230,12,23:00.0,3,0:00,695
7531430175,U,OB,1,5,1595,138316,53,18:00.0,2,17:00,695
7531430258,U,OB,1,7,2850,137570,14,53:00.0,5,15:00,695
7531430377,U,OB,1,7,3949,125809,60,59:00.0,5,13:00,695
7531430478,U,IB,1,4,1610,130772,143,06:00.0,6,16:00,695
7531435639,U,IB,1,2,3510,136411,111,55:00.0,5,22:00,695
753147687X,U,CTY,1,1,645,PASC634013,175,55:00.0,7,22:00,336
753151306X,U,CTY,1,1,300,PASC533243,187,03:00.0,2,10:00,336
7531513344,U,CTY,1,1,1000,PASC634013,195,06:00.0,6,14:00,336
7531514453,U,CTY,1,1,230,125630,197,11:00.0,7,5:00,336
7531543044,U,CTY,1,1,180,137932,169,30:00.0,4,22:00,336
7531543704,U,CTY,1,1,1430,TNUE56177,188,47:00.0,1,0:00,336
7531543713,U,CTY,1,2,580,PASC634534,197,07:00.0,1,8:00,336
7531590629,U,OB,1,1,218,HAEI24595,70,24:00.0,7,19:00,653
7531590629,U,CTY,1,1,218,HAEI24595,173,40:00.0,7,17:00,653
7531590674,U,OB,1,1,163,125559,40,23:00.0,1,15:00,653
7531593213,U,OB,1,1,208,125722,51,16:00.0,1,10:00,511
7531602554,U,OB,1,1,92,131011,72,02:00.0,1,22:00,521
7531602572,U,OB,1,1,3260,133078,88,23:00.0,4,7:00,521
7531602628,U,OB,1,1,660,211184,95,44:00.0,1,23:00,521
753160271X,U,OB,1,1,200,45505,55,45:00.0,6,18:00,521
7531613242,U,IB,1,1,1080,134652,127,29:00.0,1,7:00,423
7531625791,U,IB,1,1,450,137314,141,56:00.0,3,1:00,335
7531625847,U,CTY,1,1,340,PASC175379,188,04:00.0,7,15:00,335
7531650148,U,IB,1,2,1365,134743,151,24:00.0,7,3:00,335
7531651064,U,CTY,1,1,425,PASC533243,173,51:00.0,6,6:00,335
7531662183,U,IB,1,1,305,125848,151,35:00.0,5,7:00,335
7531662210,U,IB,1,3,1063,126436,114,33:00.0,2,8:00,335
7531662210,U,IB,1,3,1063,126436,114,33:00.0,2,8:00,335
7531671598,U,IB,1,1,406,135520,158,58:00.0,2,2:00,335
7531671616,U,CTY,1,1,376,138767,196,58:00.0,2,8:00,335
7531733207,U,IB,1,2,475,PASC634013,143,26:00.0,5,10:00,864
7531742593,U,IB,1,6,2750,137314,141,04:00.0,3,3:00,864
7531744142,U,CTY,1,1,2540,119977,170,47:00.0,2,1:00,864
7531744142,U,CTY,1,1,2540,119977,170,47:00.0,2,1:00,864
7531744142,U,CTY,1,1,2540,119977,170,19:00.0,2,2:00,864
7531744683,U,IB,1,1,545,128543,149,46:00.0,1,13:00,864
7531744683,U,OB,1,1,545,128543,31,27:00.0,2,19:00,864
7531744912,U,CTY,1,1,1600,41166,175,02:00.0,5,10:00,864
7531744930,U,CTY,1,1,285,125161,195,58:00.0,5,16:00,864
7531745307,U,IB,1,1,110,134599,127,23:00.0,1,6:00,864
7531747177,U,CTY,1,1,1565,211329,169,48:00.0,3,6:00,864
7531747186,U,CTY,1,1,674,133804,187,49:00.0,6,7:00,864
7531749065,U,CTY,1,1,194,211329,169,32:00.0,3,6:00,864
7531749092,U,IB,1,1,397,127618,143,45:00.0,1,12:00,864
7531749267,U,CTY,1,1,183,134172,175,38:00.0,2,2:00,864
7531749303,U,CTY,1,1,493,211043,175,10:00.0,3,21:00,864
7531749377,U,CTY,1,1,483,125161,195,54:00.0,5,16:00,864
7531749716,U,CTY,1,1,130,139875,172,18:00.0,6,14:00,864
753175539X,U,CTY,1,1,1125,278601,169,58:00.0,4,1:00,864
7531755436,U,CTY,1,2,762,133804,187,40:00.0,6,10:00,864
7531755959,U,CTY,1,2,3885,121413,172,59:00.0,1,0:00,864
7531756619,U,CTY,1,3,1060,211043,175,01:00.0,3,22:00,864
7531756765,U,IB,1,1,337,134270,145,08:00.0,5,13:00,864
7531757169,U,IB,1,1,253,135278,163,22:00.0,1,8:00,864
753175946X,U,IB,1,1,120,128046,152,04:00.0,6,18:00,864
753176045X,U,CTY,1,5,1830,129508,195,37:00.0,3,22:00,864
7531762191,U,IB,1,1,1910,128543,149,30:00.0,1,13:00,864
7531767536,U,IB,1,1,62,138428,145,47:00.0,2,16:00,864
7531774915,U,CTY,1,2,608,139775,174,44:00.0,3,12:00,864
7531780938,U,OB,1,1,820,126202,55,45:00.0,4,6:00,433
7531780947,U,OB,1,1,461,277828,40,58:00.0,5,11:00,433
7531791424,U,CTY,1,1,823,138436,168,24:00.0,3,21:00,213
7531791424,U,IB,1,1,823,138436,154,29:00.0,3,21:00,213
7531795054,U,IB,1,4,500,126715,131,41:00.0,7,5:00,213
753180379X,U,OB,1,1,3370,138348,96,53:00.0,5,18:00,213
7531803964,U,IB,1,1,181,202122,116,27:00.0,5,6:00,213
7531840585,U,IB,1,2,8637,134102,163,19:00.0,3,1:00,213
7531840594,U,OB,1,1,477,132373,96,00:00.0,7,5:00,213
7531840603,U,OB,1,3,861,132373,96,53:00.0,7,4:00,213
7531840695,U,OB,1,1,440,123916,95,53:00.0,5,2:00,213
7531845095,U,OB,1,4,2740,117716,88,39:00.0,7,7:00,213
7531845178,U,OB,1,1,182,117716,88,23:00.0,7,6:00,213
7531845178,U,OB,1,1,182,117716,92,29:00.0,7,9:00,213
7531845187,U,OB,1,1,220,117716,88,49:00.0,7,7:00,213
7531845223,U,OB,1,1,300,138348,96,10:00.0,5,21:00,213
7531848038,U,IB,1,1,1653,291219,105,49:00.0,4,2:00,213
7531848074,U,OB,1,1,244,126259,97,50:00.0,6,4:00,213
7531848074,U,OB,1,1,244,126259,97,50:00.0,6,4:00,213
7531848101,U,IB,1,3,1755,126259,113,55:00.0,6,4:00,213
7531849605,U,OB,1,1,375,133646,87,20:00.0,4,1:00,213
7531851713,U,IB,1,1,2097,132333,125,08:00.0,3,15:00,213
7531851722,U,OB,1,1,576,140332,95,21:00.0,7,15:00,213
7531851722,U,CTY,1,1,576,140332,231,59:00.0,1,2:00,213
7531851722,U,CTY,1,1,576,140332,202,45:00.0,2,2:00,213
7531851805,U,CTY,1,1,980,138436,168,45:00.0,4,1:00,213
7531851814,U,CTY,1,1,842,138436,168,59:00.0,4,1:00,213
7531851832,U,IB,1,1,1005,138436,135,56:00.0,4,1:00,213
7531851832,U,CTY,1,1,1005,138436,168,30:00.0,3,22:00,213
7531851897,U,OB,1,3,531,134954,86,28:00.0,4,19:00,213
7531852025,U,IB,1,1,1500,134102,163,56:00.0,3,0:00,213
753185230X,U,IB,1,1,2235,290993,104,47:00.0,5,7:00,213
7531852337,U,CTY,1,1,393,139757,228,24:00.0,5,4:00,213
7531852337,U,CTY,1,1,393,139757,228,24:00.0,5,4:00,213
7531856342,U,IB,1,1,471,291219,105,03:00.0,4,3:00,213
7531856416,U,IB,1,2,1430,136648,112,27:00.0,5,19:00,213
7531856425,U,IB,1,2,1207,136648,112,24:00.0,5,19:00,213
7531856434,U,IB,1,2,1458,136648,112,08:00.0,5,19:00,213
7531856443,U,OB,1,1,772,123836,95,46:00.0,7,1:00,213
7531865335,U,OB,1,1,594,134279,84,06:00.0,4,0:00,213
7531882210,U,CTY,1,5,1601,137322,175,38:00.0,4,5:00,213
7531884145,U,OB,1,1,225,140332,95,05:00.0,7,17:00,213
7531915632,U,OB,1,2,2500,560280,69,12:00.0,4,13:00,455
7531915641,U,OB,1,1,1255,211007,31,04:00.0,3,17:00,455
7531923516,U,OB,1,1,324,133257,26,48:00.0,5,6:00,455
7531923525,U,OB,1,1,162,126638,52,50:00.0,2,3:00,455
7531924589,U,OB,1,1,645,291042,73,21:00.0,1,2:00,455
7531924598,U,OB,1,1,1150,138220,32,47:00.0,1,8:00,455
7531924607,U,OB,1,2,1345,127489,26,21:00.0,3,22:00,455
7531924607,U,OB,1,2,1345,127489,3,29:00.0,4,7:00,455
7531924616,U,OB,1,1,1185,127489,26,12:00.0,3,22:00,455
7531924625,U,OB,1,3,1935,140127,46,54:00.0,7,9:00,455
753196065X,U,CTY,1,5,1125,290021,231,58:00.0,1,9:00,100
753196065X,U,OB,1,5,1125,290021,87,55:00.0,1,9:00,100
7531974675,U,CTY,1,1,490,138449,196,34:00.0,3,10:00,100
7531974693,U,OB,1,16,1605,290100,76,56:00.0,6,0:00,100
7531974877,U,CTY,1,2,3630,132314,173,31:00.0,7,18:00,100
7531974886,U,IB,1,3,6044,261280,127,24:00.0,5,18:00,100
7531986986,U,CTY,1,7,8500,138558,173,07:00.0,4,16:00,100
7531989460,U,OB,1,1,335,290100,76,40:00.0,5,22:00,100
753198947X,U,CTY,1,1,327,290757,197,15:00.0,7,5:00,100
7531989709,U,CTY,1,1,493,126864,175,05:00.0,1,19:00,100
7531990259,U,IB,1,1,635,137656,164,22:00.0,3,20:00,100
7531996922,U,CTY,1,9,8100,132650,222,45:00.0,7,1:00,100
7532018785,U,CTY,1,1,600,138164,187,08:00.0,2,4:00,100
753202753X,U,IB,1,2,849,137723,143,45:00.0,7,18:00,100
7532027549,U,IB,1,2,1252,138387,149,28:00.0,5,11:00,100
7532027576,U,IB,1,1,701,128150,135,43:00.0,2,21:00,100
7532027603,U,IB,1,1,364,261280,127,32:00.0,5,18:00,100
7532033864,U,CTY,1,1,1105,136399,194,49:00.0,6,7:00,100
7532037128,U,CTY,1,1,2035,128211,196,22:00.0,5,4:00,100
7532042087,U,CTY,1,4,2025,131824,189,28:00.0,2,6:00,100
7532044231,U,CTY,1,3,3755,138164,187,23:00.0,2,3:00,100
7532044534,U,CTY,1,1,1810,140393,172,28:00.0,5,5:00,100
7532049219,U,IB,1,2,4760,137072,101,05:00.0,5,21:00,100
7532110186,U,IB,1,1,629,261280,127,12:00.0,5,19:00,100
7532115704,U,CTY,1,4,500,279981,169,12:00.0,2,21:00,100
7532115832,U,OB,1,1,136,290100,76,11:00.0,6,2:00,100
7532120178,U,IB,1,4,7155,135329,163,13:00.0,2,1:00,100
7532122699,U,CTY,1,2,4,290757,197,59:00.0,7,6:00,100
7532126118,U,CTY,1,1,275,138134,188,54:00.0,2,19:00,312
7532128051,U,IB,1,1,4,138387,149,56:00.0,5,8:00,100
7532128060,U,IB,1,1,7,138387,149,25:00.0,5,9:00,100
7532128089,U,IB,1,1,4,138387,149,30:00.0,5,9:00,100
7532128152,U,IB,1,1,4,138387,149,27:00.0,5,9:00,100
7532128170,U,IB,1,1,7,138387,149,21:00.0,5,9:00,100
7532128830,U,CTY,1,1,27,138558,173,05:00.0,4,4:00,100
7532141361,U,CTY,1,1,8,290757,197,00:00.0,7,7:00,100
7532146165,U,CTY,1,2,1343,200977,196,53:00.0,1,7:00,100
7532150675,U,IB,1,1,75,131375,117,11:00.0,6,14:00,100
7532152022,U,CTY,1,1,240,138449,196,31:00.0,3,10:00,100
7532154002,U,CTY,1,3,2503,279981,169,46:00.0,2,22:00,100
7532183574,U,CTY,1,1,350,279981,169,32:00.0,2,21:00,100
7532188670,U,IB,1,8,2636,T511502579,113,23:00.0,1,1:00,857
7532200972,U,CTY,1,5,9040,138449,196,16:00.0,3,9:00,100
7532250849,U,CTY,1,1,2112,123950,173,14:00.0,6,7:00,158
7532251087,U,IB,1,1,2294,202259,143,56:00.0,7,4:00,158
7532252618,U,IB,1,2,1605,135924,112,49:00.0,5,7:00,158
7532252764,U,CTY,1,2,2585,135972,192,02:00.0,6,3:00,158
7532252984,U,CTY,1,1,1234,125108,173,15:00.0,1,4:00,158
7532253323,U,CTY,1,2,4112,128493,195,17:00.0,6,5:00,158
7532253341,U,CTY,1,1,892,135900,168,10:00.0,5,9:00,158
753225853X,U,CTY,1,1,171,126991,187,06:00.0,7,0:00,547
7532436428,U,CTY,1,1,861,124021,172,44:00.0,3,3:00,218
7532436610,U,IB,1,1,428,211156,103,35:00.0,7,19:00,218
7532436675,U,IB,1,3,1530,135150,101,29:00.0,3,22:00,218
7532436931,U,CTY,1,1,539,135193,173,18:00.0,1,6:00,381
7532437079,U,IB,1,1,1126,129496,114,03:00.0,3,8:00,218
7532437151,U,IB,1,2,1923,122296,111,35:00.0,5,3:00,218
7532437234,U,IB,1,2,1020,122296,111,11:00.0,5,4:00,218
7532437243,U,IB,1,1,870,559146,149,57:00.0,4,22:00,218
7532437344,U,IB,1,1,1042,122296,111,11:00.0,5,5:00,218
7532437472,U,IB,1,6,2460,137724,149,48:00.0,4,1:00,381
7532437537,U,IB,1,8,8095,R218616870,103,05:00.0,4,1:00,218
7532437600,U,IB,1,1,630,124352,104,03:00.0,3,21:00,218
7532437748,U,IB,1,2,837,390044,111,17:00.0,3,9:00,218
7532437793,U,IB,1,7,3060,390044,111,26:00.0,3,10:00,218
7532437903,U,IB,1,1,958,130550,164,18:00.0,1,5:00,218
7532437959,U,CTY,1,1,1290,138842,187,55:00.0,4,10:00,381
7532437977,U,IB,1,2,1272,130550,164,20:00.0,1,5:00,218
7532438040,U,IB,1,2,844,127746,127,57:00.0,5,5:00,218
7532438141,U,CTY,1,1,886,T415634691,192,34:00.0,7,10:00,218
7532438215,U,IB,1,3,1962,132453,105,50:00.0,7,2:00,218
7532904909,U,OB,1,1,544,125722,51,43:00.0,1,11:00,511
7532905046,U,OB,1,1,544,125722,51,33:00.0,1,10:00,511
7532905275,U,OB,1,1,430,125722,51,28:00.0,1,12:00,511
7532905302,U,OB,1,1,255,125722,51,11:00.0,1,12:00,511
7532905412,U,OB,1,1,341,125722,51,33:00.0,1,12:00,511
7533303163,U,IB,1,5,1947,903951,149,36:00.0,5,4:00,244
7533318480,U,IB,1,2,1600,138153,149,22:00.0,3,14:00,244
7533321331,U,CTY,1,3,1042,130851,169,56:00.0,5,8:00,244
7533330425,U,IB,1,1,123,134824,149,12:00.0,3,13:00,324
7533341297,U,IB,1,2,800,140246,151,36:00.0,4,3:00,244
7533341342,U,IB,1,2,780,140246,151,44:00.0,4,4:00,244
7533341407,U,IB,1,1,209,128490,117,48:00.0,3,10:00,244
7533341452,U,IB,1,2,501,134067,117,43:00.0,6,16:00,244
7533341544,U,IB,1,2,685,134067,117,02:00.0,6,17:00,244
7533360702,U,IB,1,1,268,140213,131,32:00.0,1,8:00,244
7533367138,U,IB,1,1,139,280977,133,24:00.0,3,3:00,244
7533367147,U,IB,1,1,76,280977,133,35:00.0,3,3:00,244
7533367183,U,IB,1,1,141,131451,127,48:00.0,5,4:00,244
7533367248,U,IB,1,1,80,131451,127,12:00.0,5,5:00,244
7533367504,U,IB,1,3,5815,123869,133,01:00.0,6,11:00,244
7533367733,U,IB,1,142,2165,138153,149,57:00.0,3,15:00,244
7533370328,U,IB,1,1,569,130793,141,56:00.0,3,10:00,244
7533372308,U,IB,1,1,765,290993,129,01:00.0,5,13:00,244
7533372362,U,IB,1,1,770,131786,133,38:00.0,7,7:00,244
7533376515,U,IB,1,2,550,903951,149,15:00.0,5,7:00,244
7533376533,U,IB,1,1,293,903951,149,41:00.0,5,4:00,244
7533377487,U,IB,1,1,389,903951,149,47:00.0,5,4:00,244
7533377505,U,IB,1,1,332,903951,149,55:00.0,5,3:00,244
7533390054,U,IB,1,1,327,558373,133,34:00.0,3,18:00,244
7533390090,U,IB,1,1,315,137240,116,44:00.0,5,7:00,244
7533766245,U,OB,1,1,230,290180,49,18:00.0,3,3:00,432
7533767381,U,OB,1,1,256,290180,49,04:00.0,3,3:00,432
7533767473,U,OB,1,1,430,290180,49,13:00.0,3,3:00,432
7534425163,U,CTY,1,1,397,125269,195,19:00.0,1,21:00,834
7534481328,U,IB,1,7,3345,136095,143,08:00.0,6,3:00,783
7534481447,U,CTY,1,10,4355,126363,172,42:00.0,3,19:00,783
7534481620,U,CTY,1,4,1800,122403,176,14:00.0,4,16:00,783
753448163X,U,CTY,1,4,1690,122403,176,13:00.0,4,16:00,783
7534481685,U,CTY,1,5,2220,130734,197,15:00.0,3,7:00,783
7534481777,U,CTY,1,2,660,130734,197,15:00.0,3,7:00,783
7534482051,U,CTY,1,4,1085,126502,197,25:00.0,4,16:00,783
7534482060,U,CTY,1,3,935,126502,197,32:00.0,4,16:00,
753448207X,U,CTY,1,3,970,126502,197,37:00.0,4,15:00,783
7534482473,U,OB,1,3,960,290336,90,58:00.0,7,16:00,783
7534482491,U,OB,1,3,723,290336,90,41:00.0,7,16:00,783
7534545411,U,IB,1,1,307,125111,158,42:00.0,1,9:00,531
7534546026,U,IB,1,1,116,125111,158,37:00.0,1,9:00,531
7534546053,U,CTY,1,1,371,261029,175,36:00.0,5,6:00,531
7534546163,U,CTY,1,1,135,261029,175,28:00.0,5,6:00,531
7534546228,U,CTY,1,5,5556,261029,175,14:00.0,5,7:00,531
7534546365,U,IB,1,11,7892,561112,135,36:00.0,7,15:00,531
7534546392,U,IB,1,2,841,561112,135,21:00.0,7,15:00,531
7534546475,U,IB,1,4,1624,135543,163,20:00.0,7,1:00,531
7534547025,U,IB,1,1,216,139907,117,45:00.0,4,18:00,531
7534547171,U,IB,1,3,1632,137822,133,56:00.0,5,7:00,531
7534547180,U,IB,1,10,7405,137822,133,38:00.0,5,8:00,531
7534547263,U,IB,1,1,137,131309,111,28:00.0,5,10:00,531
7534547501,U,CTY,1,1,217,133072,169,59:00.0,7,9:00,531
753454796X,U,IB,1,1,213,211132,135,26:00.0,4,6:00,531
7534547988,U,IB,1,1,121,211132,135,31:00.0,4,6:00,531
7534547997,U,IB,1,1,320,211132,135,23:00.0,4,6:00,531
7534548271,U,CTY,1,11,8033,134897,188,31:00.0,5,19:00,531
753454829X,U,IB,1,3,1132,560306,145,04:00.0,6,16:00,531
7534548830,U,CTY,1,3,2143,121678,168,25:00.0,2,4:00,531
7534548859,U,IB,1,2,716,131385,101,02:00.0,5,10:00,531
7534548868,U,IB,1,9,3222,131385,101,22:00.0,5,10:00,531
7534548895,U,IB,1,6,2148,353210,158,53:00.0,5,18:00,531
753454939X,U,IB,1,4,2118,353210,158,25:00.0,5,18:00,531
7534549409,U,IB,1,10,7448,353210,158,40:00.0,5,16:00,531
7534549573,U,IB,1,4,1221,353210,158,32:00.0,5,18:00,531
7534563433,U,OB,1,10,3455,136322,40,54:00.0,1,2:00,617
7534563433,U,CTY,1,10,3455,136322,N   ,10:00.0,2,9:00,617
7534563451,U,OB,1,1,140,119361,90,08:00.0,5,19:00,617
7534620945,U,IB,1,1,250,130699,127,04:00.0,4,1:00,246
7534625271,U,CTY,1,3,660,137671,175,46:00.0,4,10:00,246
753470339X,U,IB,1,1,333,140034,151,27:00.0,5,20:00,266
7534712364,U,IB,1,1,223,131553,117,07:00.0,2,18:00,266
7534712474,U,IB,1,1,270,132653,131,26:00.0,6,3:00,266
7534714519,U,IB,1,2,2110,131479,107,05:00.0,1,18:00,266
7534714519,U,IB,1,2,2110,131479,125,59:00.0,1,17:00,266
7534714528,U,IB,1,2,2110,131479,125,14:00.0,1,21:00,266
7534720468,U,IB,1,1,387,133513,111,28:00.0,3,21:00,266
7534728900,U,OB,1,1,259,123032,74,12:00.0,1,8:00,266
7534795533,U,CTY,1,2,775,PASC175379,192,36:00.0,6,5:00,626
7534825839,U,CTY,1,2,597,125201,194,13:00.0,1,7:00,626
7534831018,U,IB,1,1,72,PASC33311,145,06:00.0,4,13:00,626
7534840056,U,CTY,1,1,317,T730211733,174,14:00.0,6,23:00,626
7534846968,U,IB,1,1,255,PASC175379,151,29:00.0,2,19:00,377
7534852248,U,CTY,1,10,3020,PASC175379,175,10:00.0,5,8:00,377
7534867583,U,CTY,1,4,490,126164,210,28:00.0,6,13:00,377
7534867648,U,CTY,1,1,280,PASC175379,175,01:00.0,5,9:00,377
7534867776,U,CTY,1,1,300,PASC175379,188,06:00.0,7,16:00,377
7534875090,U,CTY,1,1,221,PASC634516,173,38:00.0,2,12:00,377
7534875128,U,CTY,1,1,107,125814,172,45:00.0,6,1:00,377
7534875137,U,CTY,1,1,229,PASC533243,168,22:00.0,7,7:00,377
7534875155,U,CTY,1,2,638,PASC533243,168,46:00.0,7,3:00,377
7534875164,U,CTY,1,1,235,290301,194,25:00.0,2,7:00,377
7534875173,U,CTY,1,2,488,138882,187,58:00.0,7,6:00,377
7534875182,U,CTY,1,1,96,T730211733,174,46:00.0,7,4:00,377
7534875191,U,CTY,1,1,200,PASC175379,188,56:00.0,7,14:00,377
753488599X,U,CTY,1,10,2700,125016,211,17:00.0,3,10:00,377
753488599X,U,CTY,1,10,2700,125016,197,35:00.0,3,6:00,377
7534886229,U,IB,1,10,2700,127775,151,18:00.0,1,22:00,377
7534886247,U,CTY,1,10,2800,135119,211,26:00.0,2,0:00,377
753488676X,U,CTY,1,10,3350,PASC634013,195,39:00.0,6,6:00,377
7534886842,U,CTY,1,1,295,PASC634534,197,22:00.0,1,8:00,377
7534886851,U,CTY,1,10,2700,252131,189,46:00.0,3,15:00,377
7534886916,U,CTY,1,10,2700,PASC175379,188,47:00.0,5,9:00,377
7534886925,U,CTY,1,10,2750,135165,189,45:00.0,5,21:00,377
7534891536,U,CTY,1,2,6300,PASC634013,195,50:00.0,6,9:00,377
7534981103,U,CTY,1,1,139,211270,188,52:00.0,3,18:00,847
7534981112,U,CTY,1,1,60,211270,188,29:00.0,3,18:00,847
7534981121,U,CTY,1,1,165,211270,188,51:00.0,3,18:00,847
7534984394,U,CTY,1,1,350,211270,188,21:00.0,3,19:00,847
7535006953,U,IB,1,3,3276,133525,103,36:00.0,7,10:00,847
7535023747,U,IB,1,1,311,132897,127,01:00.0,7,22:00,847
7535042620,U,CTY,1,1,152,249377,168,24:00.0,5,1:00,847
7535061037,U,CTY,1,3,1424,126458,172,58:00.0,3,7:00,847
7535073842,U,CTY,1,1,420,140077,197,26:00.0,3,3:00,847
753507497X,U,IB,1,1,345,129822,114,24:00.0,5,0:00,847
7535194063,U,OB,1,1,298,133902,49,06:00.0,1,5:00,754
7535194081,U,OB,1,1,190,138485,49,12:00.0,1,19:00,754
7535198858,U,OB,1,1,220,135412,89,20:00.0,1,17:00,754
7535203386,U,OB,1,1,190,559259,84,25:00.0,7,12:00,754
7535208767,U,OB,1,1,190,133902,49,54:00.0,1,4:00,754
7535208785,U,OB,1,1,374,131369,18,12:00.0,6,14:00,754
7535221352,U,OB,1,1,186,137332,26,51:00.0,6,18:00,754
7535248944,U,OB,1,1,119,138401,39,13:00.0,5,2:00,754
7535248962,U,OB,1,5,6574,138401,27,17:00.0,5,10:00,754
7535248962,U,OB,1,5,6574,138401,39,15:00.0,5,2:00,754
7535248971,U,OB,1,2,1805,276230,38,05:00.0,5,19:00,754
753526296X,U,OB,1,1,145,276230,38,14:00.0,5,19:00,754
7535263877,U,OB,1,1,226,133107,39,51:00.0,2,13:00,754
753526417X,U,OB,1,1,376,133624,31,43:00.0,3,21:00,754
7535264189,U,OB,1,1,300,276230,38,28:00.0,5,18:00,754
7535264198,U,OB,1,1,375,134898,50,05:00.0,4,4:00,754
7535270073,U,OB,1,1,333,129663,40,03:00.0,4,19:00,754
753527770X,U,OB,1,2,850,130731,49,46:00.0,2,18:00,754
7535280597,U,OB,1,2,3449,132610,31,37:00.0,5,18:00,754
7535284153,U,OB,1,1,631,131369,18,16:00.0,6,14:00,754
7535284162,U,OB,1,3,3395,290935,38,51:00.0,6,19:00,754
7535284171,U,OB,1,1,1058,133902,49,40:00.0,1,4:00,754
7535290048,U,OB,1,2,707,133902,49,34:00.0,1,4:00,754
7535297270,U,OB,1,1,800,139779,50,13:00.0,5,5:00,754
7535297445,U,OB,1,1,638,132336,53,51:00.0,6,2:00,754
7535297454,U,OB,1,1,542,132336,53,00:00.0,6,3:00,754
7535298637,U,OB,1,1,1000,129663,22,29:00.0,6,16:00,754
7535300635,U,OB,1,3,2270,202455,43,42:00.0,5,2:00,754
7535300653,U,OB,1,1,354,138217,53,11:00.0,6,5:00,754
7535300662,U,OB,1,3,3615,138217,53,21:00.0,6,5:00,754
7535301286,U,OB,1,1,95,137272,39,22:00.0,3,21:00,754
7535301304,U,OB,1,1,300,137272,39,19:00.0,3,21:00,754
753530135X,U,OB,1,2,500,139779,50,00:00.0,5,3:00,754
7535301396,U,CTY,1,4,6955,121942,237,12:00.0,2,11:00,754
7535301396,U,OB,1,4,6955,121942,50,31:00.0,6,21:00,754
753530146X,U,OB,1,2,1358,127017,22,26:00.0,5,8:00,754
753530146X,U,OB,1,2,1358,127017,53,35:00.0,5,4:00,754
7535314174,U,OB,1,1,293,133828,51,01:00.0,4,1:00,754
7535314192,U,OB,1,1,333,139779,50,32:00.0,5,5:00,754
7535314201,U,OB,1,2,1770,139779,50,09:00.0,5,5:00,754
7535314210,U,OB,1,1,485,137432,17,42:00.0,7,8:00,754
7535314239,U,OB,1,3,1200,135960,38,25:00.0,1,14:00,754
7535314531,U,OB,1,1,467,133906,31,21:00.0,3,20:00,754
7535314540,U,OB,1,1,517,133906,31,16:00.0,3,20:00,754
7535314605,U,OB,1,5,1880,137593,53,13:00.0,4,4:00,754
7535314623,U,OB,1,1,484,129663,40,16:00.0,4,20:00,754
7535321407,U,OB,1,1,524,135960,38,55:00.0,1,14:00,754
7535326797,U,OB,1,1,75,130731,49,30:00.0,2,18:00,754
7535329648,U,OB,1,1,311,133902,49,37:00.0,1,6:00,754
7535331839,U,OB,1,1,95,132601,49,46:00.0,7,6:00,754
753533589X,U,OB,1,1,662,129663,22,17:00.0,6,18:00,754
7535335927,U,OB,1,2,376,139779,50,04:00.0,5,8:00,754
7535341326,U,OB,1,3,5400,137432,17,19:00.0,7,9:00,754
7535341409,U,OB,1,4,781,139560,46,29:00.0,6,5:00,754
7535341775,U,OB,1,6,3766,133315,60,42:00.0,1,9:00,754
7535341775,U,OB,1,6,3766,133315,37,51:00.0,1,9:00,754
7535341802,U,OB,1,2,295,133828,51,17:00.0,4,1:00,754
7535341867,U,OB,1,2,132,135960,38,22:00.0,1,13:00,754
7535369917,U,IB,1,1,316,126278,164,13:00.0,6,2:00,511
7535406749,U,IB,1,12,600,133813,141,05:00.0,6,0:00,138
7535416905,U,OB,1,1,125,CVEN44635,95,02:00.0,4,19:00,138
7535432076,U,CTY,1,1,383,137505,192,51:00.0,7,1:00,138
7535432240,U,CTY,1,1,253,137437,189,44:00.0,2,0:00,138
7535458622,U,OB,1,1,1628,290916,46,03:00.0,5,7:00,415
7535458640,U,OB,1,2,602,119243,58,06:00.0,1,14:00,415
7535458669,U,OB,1,2,1461,119243,58,58:00.0,1,13:00,415
7535458723,U,OB,1,2,1039,119243,58,04:00.0,1,14:00,415
7535458750,U,OB,1,2,844,119243,58,14:00.0,1,14:00,415
7535458815,U,OB,1,1,944,131001,28,42:00.0,3,8:00,415
7535458833,U,OB,1,1,702,133668,15,35:00.0,3,7:00,415
7535458833,U,OB,1,1,702,133668,52,18:00.0,3,7:00,415
753545887X,U,OB,1,2,944,133668,52,13:00.0,3,7:00,415
7535458889,U,OB,1,2,710,135748,26,21:00.0,4,6:00,415
7535458898,U,OB,1,2,1355,132206,18,23:00.0,5,7:00,415
7535458934,U,OB,1,1,775,132206,18,36:00.0,5,6:00,415
7535459026,U,OB,1,1,1085,132206,18,21:00.0,5,7:00,415
7535459062,U,OB,1,2,756,290916,46,52:00.0,5,7:00,415
7535459127,U,OB,1,2,789,290916,46,51:00.0,5,7:00,415
7535459136,U,OB,1,5,5885,290916,46,36:00.0,5,7:00,415
7535459145,U,OB,1,1,668,290916,46,13:00.0,5,7:00,415
7535459154,U,OB,1,3,1725,290916,46,53:00.0,5,6:00,415
7535459163,U,OB,1,3,1120,290916,46,07:00.0,5,8:00,415
753545920X,U,OB,1,2,1485,850203,18,27:00.0,6,7:00,415
7535459219,U,OB,1,2,915,116842,53,09:00.0,6,8:00,415
7535459228,U,OB,1,3,1640,850203,18,34:00.0,6,7:00,415
7535459237,U,OB,1,2,4063,116842,53,58:00.0,6,7:00,415
7535459246,U,OB,1,2,4925,850203,18,53:00.0,6,7:00,415
7535459255,U,OB,1,1,2180,850203,18,59:00.0,6,7:00,415
7535459264,U,OB,1,1,1009,850203,18,03:00.0,6,8:00,415
7535459291,U,OB,1,2,883,850203,18,07:00.0,6,8:00,415
753545931X,U,OB,1,2,726,132010,39,22:00.0,2,0:00,415
7535459329,U,OB,1,2,1071,127122,42,54:00.0,7,9:00,415
7535459329,U,OB,1,2,1071,127122,48,52:00.0,7,9:00,415
7535459356,U,OB,1,2,1215,132010,39,25:00.0,2,0:00,415
7535459383,U,OB,1,5,2133,127122,48,08:00.0,7,9:00,415
7535459439,U,OB,1,1,2175,127122,48,36:00.0,7,9:00,415
7535459448,U,OB,1,1,2004,123186,43,57:00.0,2,14:00,415
7535459457,U,OB,1,2,879,134325,50,42:00.0,3,7:00,415
7535459484,U,OB,1,1,487,127122,48,52:00.0,7,7:00,415
753545953X,U,OB,1,2,2020,127122,42,56:00.0,7,7:00,415
753545953X,U,OB,1,2,2020,127122,42,56:00.0,7,7:00,415
7535459567,U,OB,1,1,706,134325,50,02:00.0,3,7:00,415
7535459630,U,OB,1,2,790,134325,50,37:00.0,3,8:00,415
7535459686,U,OB,1,2,588,134325,50,26:00.0,3,8:00,415
7535459695,U,OB,1,1,895,124038,46,35:00.0,3,6:00,415
7535459704,U,OB,1,3,2360,134325,50,39:00.0,3,8:00,415
7535459731,U,OB,1,5,10380,124038,46,06:00.0,3,8:00,415
753545975X,U,OB,1,1,310,134325,50,36:00.0,3,7:00,415
7535459769,U,OB,1,2,899,45587,51,58:00.0,4,7:00,415
7535459787,U,OB,1,2,745,45587,51,55:00.0,4,7:00,415
7535459814,U,OB,1,3,1411,128771,32,58:00.0,4,5:00,415
7535459850,U,OB,1,2,958,128771,32,03:00.0,4,6:00,415
7535459888,U,OB,1,1,2074,128771,32,55:00.0,4,5:00,415
7535459906,U,OB,1,1,2820,45587,51,10:00.0,4,7:00,415
7535459915,U,OB,1,2,2924,45587,51,48:00.0,4,6:00,415
7535459942,U,OB,1,1,665,136982,18,50:00.0,5,10:00,415
753545997X,U,OB,1,3,1495,136982,18,26:00.0,5,13:00,415
7535459989,U,OB,1,3,6737,128337,40,55:00.0,5,9:00,415
7535460007,U,OB,1,3,4915,136982,18,32:00.0,5,13:00,415
7535460016,U,OB,1,1,882,128337,40,55:00.0,5,7:00,415
7535460034,U,OB,1,4,3175,136982,18,06:00.0,5,13:00,415
7535460052,U,OB,1,1,743,128337,47,45:00.0,5,11:00,415
7535460052,U,OB,1,1,743,128337,40,58:00.0,5,9:00,415
7535460099,U,OB,1,6,5646,134470,39,31:00.0,7,2:00,415
7535460108,U,OB,1,3,654,134470,39,10:00.0,7,2:00,415
7535460144,U,OB,1,1,920,134470,39,25:00.0,7,1:00,415
7535460153,U,OB,1,1,1198,136982,18,26:00.0,5,10:00,415
7535460162,U,OB,1,1,1260,134470,39,04:00.0,7,2:00,415
7535460171,U,OB,1,4,2627,136982,18,02:00.0,5,11:00,415
7535460180,U,OB,1,1,1110,134470,39,56:00.0,7,1:00,415
753546019X,U,OB,1,2,1019,134470,39,35:00.0,7,2:00,415
7535460236,U,IB,1,4,8628,127056,152,10:00.0,7,12:00,415
7535460254,U,IB,1,3,831,127056,152,27:00.0,7,11:00,415
7535460281,U,OB,1,3,1552,123872,67,39:00.0,7,13:00,415
7535460290,U,OB,1,6,4032,123872,67,49:00.0,7,12:00,415
753546030X,U,IB,1,2,814,127056,152,14:00.0,7,11:00,415
7535460337,U,IB,1,1,361,127056,152,19:00.0,7,11:00,415
7535460373,U,OB,1,1,1020,123872,67,32:00.0,7,13:00,415
7535460438,U,OB,1,2,1260,123872,67,35:00.0,7,13:00,415
753546052X,U,OB,1,1,445,129803,43,54:00.0,3,6:00,415
7535460593,U,OB,1,1,1093,124164,13,23:00.0,3,8:00,415
7535460620,U,OB,1,2,688,129803,43,50:00.0,3,6:00,415
7535460658,U,OB,1,1,1065,136336,40,14:00.0,4,8:00,415
7535460676,U,OB,1,1,1508,136336,40,51:00.0,4,7:00,415
7535460685,U,OB,1,1,1692,134290,58,40:00.0,5,9:00,415
7535460730,U,OB,1,3,1251,136336,40,29:00.0,4,8:00,415
753546074X,U,OB,1,1,730,129697,39,26:00.0,6,8:00,415
7535460804,U,OB,1,1,221,134290,58,32:00.0,5,7:00,415
753546085X,U,OB,1,1,1807,134290,58,44:00.0,5,6:00,415
7535460896,U,OB,1,2,689,134290,58,21:00.0,5,7:00,415
7535460914,U,OB,1,2,952,134290,58,31:00.0,5,10:00,415
7535460923,U,OB,1,2,1423,134290,58,23:00.0,5,10:00,415
7535460932,U,OB,1,2,2272,134290,58,55:00.0,5,8:00,415
753546096X,U,OB,1,2,2846,134290,58,03:00.0,5,10:00,415
7535460979,U,OB,1,2,895,129697,39,06:00.0,6,7:00,415
7535460997,U,OB,1,3,786,134031,75,05:00.0,7,5:00,415
7535461006,U,OB,1,1,421,129697,39,24:00.0,6,6:00,415
7535461015,U,OB,1,2,1112,134031,75,36:00.0,7,4:00,415
7535461024,U,OB,1,2,1525,134031,75,47:00.0,7,4:00,415
7535461042,U,OB,1,2,1015,129697,39,34:00.0,6,7:00,415
753546107X,U,OB,1,1,469,134031,75,18:00.0,7,3:00,415
7535461098,U,OB,1,1,912,135993,58,51:00.0,2,6:00,415
7535461134,U,OB,1,2,2295,135993,58,11:00.0,2,8:00,415
7535461161,U,OB,1,2,3935,135993,58,48:00.0,2,7:00,415
7535461170,U,OB,1,1,816,131477,47,24:00.0,7,7:00,415
7535461170,U,OB,1,1,816,131477,47,24:00.0,7,7:00,415
753546118X,U,OB,1,2,1670,135993,58,55:00.0,2,7:00,415
7535461235,U,OB,1,2,722,41204,18,28:00.0,7,6:00,415
7535461253,U,OB,1,1,2030,135993,58,20:00.0,2,7:00,415
7535461271,U,OB,1,3,1631,126708,43,54:00.0,3,6:00,415
7535461280,U,OB,1,1,720,41204,18,41:00.0,7,7:00,415
753546129X,U,OB,1,1,989,117039,32,56:00.0,3,10:00,415
7535461390,U,OB,1,1,880,126708,43,29:00.0,3,7:00,415
7535461428,U,OB,1,3,2145,127513,26,18:00.0,4,11:00,415
7535461446,U,OB,1,1,616,127513,26,20:00.0,4,8:00,415
7535461473,U,OB,1,2,610,127513,26,27:00.0,4,10:00,415
7535461482,U,OB,1,2,661,127513,26,39:00.0,4,15:00,415
753546151X,U,OB,1,1,695,127513,26,10:00.0,4,9:00,415
7535461538,U,OB,1,1,1538,127513,26,35:00.0,4,15:00,415
7535461565,U,OB,1,2,1136,136647,49,07:00.0,5,16:00,415
7535461702,U,OB,1,1,847,125113,22,27:00.0,6,8:00,415
7535461776,U,OB,1,1,712,125113,22,11:00.0,6,10:00,415
7535461812,U,OB,1,2,900,125113,22,14:00.0,6,11:00,415
7535510497,U,OB,1,9,15840,280407,90,08:00.0,5,7:00,525
7535510497,U,CTY,1,9,15840,280407,201,52:00.0,5,15:00,525
7535530791,U,OB,1,1,770,280407,90,39:00.0,5,6:00,525
7535544651,U,OB,1,1,3200,138853,70,23:00.0,1,4:00,525
7535544651,U,CTY,1,1,3200,138853,194,20:00.0,1,4:00,525
7535563782,U,IB,1,1,110,290103,129,28:00.0,5,21:00,525
7535567358,U,CTY,1,1,1303,128863,196,27:00.0,5,4:00,525
7535567421,U,OB,1,1,1303,128129,84,04:00.0,1,19:00,525
7535588642,U,OB,1,3,774,290553,78,02:00.0,2,14:00,525
7535600944,U,OB,1,2,910,202296,43,05:00.0,7,0:00,525
7535603593,U,IB,1,1,1263,261138,145,28:00.0,5,1:00,525
7535607571,U,CTY,1,9,14175,128863,196,44:00.0,5,4:00,525
7535615868,U,IB,1,1,117,136229,101,33:00.0,4,5:00,525
7535622908,U,IB,1,3,685,261138,145,52:00.0,5,6:00,525
7535694150,U,CTY,1,2,2065,211433,196,12:00.0,6,18:00,304
7535725235,U,CTY,1,1,653,133296,181,12:00.0,7,14:00,304
7535725235,U,IB,1,1,653,133296,163,40:00.0,7,12:00,304
7535734219,U,CTY,1,1,346,291281,197,08:00.0,3,15:00,304
7535752735,U,IB,1,1,135,139637,164,08:00.0,5,21:00,304
7535752753,U,IB,1,5,1485,133102,127,33:00.0,7,12:00,304
7535754320,U,IB,1,1,390,134401,116,47:00.0,1,20:00,304
753575433X,U,IB,1,1,290,131132,125,44:00.0,2,1:00,304
7535754724,U,CTY,1,1,135,138210,174,40:00.0,4,14:00,304
7535754751,U,CTY,1,1,552,T402218947,189,36:00.0,4,8:00,304
7535754816,U,IB,1,1,310,133102,127,38:00.0,7,11:00,304
7535759930,U,OB,1,1,524,128751,32,04:00.0,3,12:00,304
7535802812,U,IB,1,5,9930,127801,125,47:00.0,6,12:00,304
7535802812,U,CTY,1,5,9930,127801,177,14:00.0,6,14:00,304
7535813693,U,CTY,1,2,2201,291281,197,55:00.0,3,15:00,304
753581373X,U,CTY,1,1,1316,291281,197,45:00.0,3,15:00,304
7535817828,U,IB,1,2,3475,133296,163,07:00.0,7,14:00,304
7535817846,U,CTY,1,3,1500,140008,196,29:00.0,4,13:00,304
7535837078,U,IB,1,12,1055,249368,133,29:00.0,4,21:00,304
7535837114,U,CTY,1,4,1985,211433,196,49:00.0,6,17:00,304
7535837123,U,CTY,1,2,2035,211433,196,29:00.0,6,18:00,304
7535847811,U,IB,1,32,1459,134401,116,39:00.0,1,20:00,304
7535851982,U,CTY,1,11,5962,131185,217,29:00.0,3,7:00,304
7535879125,U,CTY,1,1,95,291281,197,23:00.0,3,15:00,304
7535879161,U,IB,1,1,80,123643,149,59:00.0,5,14:00,304
7535879318,U,CTY,1,2,160,41166,175,06:00.0,5,9:00,304
7535879336,U,CTY,1,2,140,41166,175,09:00.0,5,9:00,304
7535896431,U,CTY,1,1,740,290884,196,16:00.0,3,14:00,304
7535901152,U,IB,1,1,76,128806,149,34:00.0,6,2:00,304
7535911979,U,IB,1,1,150,133296,163,10:00.0,7,14:00,304
7535915645,U,CTY,1,1,219,137665,189,04:00.0,5,15:00,304
7535915654,U,IB,1,1,565,131132,125,09:00.0,2,7:00,304
7535916680,U,IB,1,2,450,133102,127,10:00.0,7,12:00,304
753592516X,U,CTY,1,1,351,291281,197,01:00.0,3,15:00,304
7535925215,U,IB,1,5,6810,123643,149,01:00.0,5,15:00,304
7535925251,U,CTY,1,1,970,124080,189,21:00.0,2,19:00,304
7535926342,U,CTY,1,1,636,291281,197,55:00.0,3,14:00,304
7535926342,U,IB,1,1,636,291281,137,16:00.0,3,16:00,304
7535934271,U,IB,1,1,68,PASC634013,143,46:00.0,5,15:00,304
7535934639,U,IB,1,1,295,131132,125,31:00.0,2,6:00,304
7535934702,U,IB,1,3,230,261125,113,55:00.0,2,0:00,304
7535935106,U,CTY,1,1,87,137749,196,43:00.0,1,13:00,304
7535948535,U,IB,1,1,282,128806,149,49:00.0,6,1:00,304
7535948737,U,CTY,1,6,5217,PASC634516,168,26:00.0,2,7:00,304
7535964559,U,OB,1,1,515,126796,43,31:00.0,2,3:00,423
7535964577,U,OB,1,1,1600,137545,43,18:00.0,5,18:00,423
7535972414,U,OB,1,5,1304,138679,31,26:00.0,7,19:00,423
7535972423,U,OB,1,5,1228,137801,50,54:00.0,2,3:00,423
7535981966,U,OB,1,1,1155,290210,38,40:00.0,7,14:00,423
7535992360,U,OB,1,1,235,135485,69,40:00.0,6,8:00,423
7536001234,U,OB,1,2,1625,136692,39,49:00.0,6,2:00,423
7536001234,U,OB,1,2,1625,136692,34,23:00.0,6,6:00,423
7536019604,U,IB,1,1,235,134652,127,24:00.0,1,6:00,423
7536019696,U,OB,1,1,750,135900,38,48:00.0,7,4:00,423
7536021236,U,OB,1,2,1085,135900,38,16:00.0,7,5:00,423
7536021245,U,OB,1,1,964,125624,55,46:00.0,4,16:00,423
7536027268,U,OB,1,1,351,134742,14,19:00.0,5,11:00,423
7536030833,U,OB,1,1,741,135485,69,09:00.0,6,12:00,423
7536030907,U,OB,1,6,5310,137801,50,07:00.0,2,6:00,423
7536033455,U,OB,1,1,660,125624,55,02:00.0,4,17:00,423
7536035123,U,OB,1,1,300,131282,48,29:00.0,4,7:00,423
7536040320,U,IB,1,4,985,134652,127,42:00.0,1,6:00,423
7536040394,U,OB,1,1,394,137545,43,36:00.0,5,18:00,423
7536040816,U,OB,1,1,555,131459,32,17:00.0,6,10:00,423
7536063485,U,OB,1,1,296,211485,32,55:00.0,2,6:00,423
7536065382,U,OB,1,2,557,125737,55,38:00.0,5,22:00,423
7536065429,U,OB,1,2,744,138679,31,19:00.0,7,18:00,423
7536067023,U,OB,1,1,315,128463,63,06:00.0,1,3:00,423
7536067023,U,OB,1,1,315,128463,20,07:00.0,1,3:00,423
7536071405,U,OB,1,1,180,133704,43,50:00.0,4,20:00,423
7536073302,U,OB,1,1,4560,133005,55,06:00.0,1,19:00,423
7536073320,U,OB,1,1,3560,135900,38,02:00.0,7,5:00,423
7536073358,U,OB,1,1,3124,133704,43,40:00.0,4,19:00,423
7536075630,U,OB,1,1,235,131282,48,57:00.0,4,1:00,423
753607564X,U,OB,1,1,230,132610,31,47:00.0,5,18:00,423
7536081433,U,OB,1,2,86,290210,38,00:00.0,7,13:00,423
7536081442,U,OB,1,2,86,135306,18,48:00.0,7,10:00,423
753608257X,U,OB,1,2,980,135306,18,20:00.0,7,9:00,423
7536085851,U,OB,1,4,8432,127403,74,13:00.0,1,8:00,423
7536085970,U,OB,1,4,2099,127041,53,28:00.0,7,22:00,423
7536089353,U,OB,1,2,1945,125737,55,52:00.0,5,21:00,423
7536089371,U,OB,1,1,910,137801,50,45:00.0,2,4:00,423
7536090114,U,OB,1,1,313,290086,49,59:00.0,4,3:00,423
7536090123,U,OB,1,2,3547,290086,49,01:00.0,4,4:00,423
7536090132,U,OB,1,1,118,290086,49,05:00.0,4,4:00,423
7536090150,U,OB,1,1,835,135900,38,45:00.0,7,5:00,423
7536090233,U,OB,1,1,1255,134483,66,56:00.0,6,10:00,423
7536090242,U,OB,1,3,1910,128423,22,26:00.0,5,7:00,423
7536091580,U,OB,1,2,680,127403,74,57:00.0,1,8:00,423
7536091609,U,OB,1,2,982,133721,51,19:00.0,7,5:00,423
7536092929,U,OB,1,2,1208,133384,53,26:00.0,3,17:00,423
7536095266,U,OB,1,1,205,128423,22,23:00.0,5,3:00,423
7536097493,U,IB,1,1,1623,134652,127,26:00.0,1,7:00,423
7536100014,U,OB,1,1,265,137545,43,39:00.0,5,18:00,423
7536102544,U,OB,1,1,18,132610,31,53:00.0,5,19:00,423
7536102984,U,OB,1,2,850,127498,43,22:00.0,7,19:00,423
7536103516,U,OB,1,1,864,127403,74,08:00.0,1,7:00,423
7536104331,U,OB,1,13,1850,133005,55,32:00.0,1,19:00,423
7536104378,U,OB,1,6,390,133384,53,09:00.0,3,17:00,423
7536104450,U,OB,1,3,200,127403,74,49:00.0,1,8:00,423
7536104533,U,OB,1,3,194,128423,22,52:00.0,5,6:00,423
7536104542,U,OB,1,4,207,123604,31,38:00.0,5,11:00,423
753610457X,U,OB,1,5,1965,135306,18,15:00.0,7,9:00,423
7536104616,U,OB,1,3,137,136692,39,45:00.0,6,2:00,423
7536104625,U,OB,1,3,250,133721,51,40:00.0,7,7:00,423
7536104661,U,OB,1,5,265,137801,50,52:00.0,2,5:00,423
7536104670,U,OB,1,4,214,137801,50,00:00.0,2,6:00,423
7536104708,U,OB,1,4,208,137801,50,29:00.0,2,5:00,423
7536104771,U,OB,1,4,217,135485,69,06:00.0,6,6:00,423
7536105725,U,OB,1,1,1358,128463,36,25:00.0,1,4:00,423
7536105725,U,OB,1,1,1358,128463,36,25:00.0,1,4:00,423
7536105743,U,OB,1,1,420,128463,63,26:00.0,1,4:00,423
7536107310,U,OB,1,1,605,140160,52,58:00.0,4,0:00,423
7536109025,U,OB,1,1,240,128463,63,44:00.0,1,7:00,423
753610930X,U,OB,1,3,250,135900,38,02:00.0,7,6:00,423
7536109346,U,OB,1,2,175,134483,66,06:00.0,6,10:00,423
7536109346,U,OB,1,2,175,134483,5,35:00.0,7,8:00,423
753610952X,U,OB,1,1,338,136692,39,16:00.0,6,2:00,423
7536112435,U,OB,1,1,840,132610,31,11:00.0,5,19:00,423
753611447X,U,OB,1,2,770,125786,40,18:00.0,4,4:00,423
7536114790,U,OB,1,1,369,136692,39,09:00.0,6,1:00,423
7536114828,U,OB,1,5,1411,121201,22,36:00.0,1,5:00,423
7536117513,U,OB,1,1,334,128423,22,02:00.0,5,10:00,423
7536118357,U,OB,1,2,2690,132610,31,42:00.0,5,18:00,423
7536118640,U,OB,1,1,254,135900,38,20:00.0,7,5:00,423
7536118732,U,OB,1,1,586,125737,55,41:00.0,5,22:00,423
7536119603,U,OB,1,1,800,128463,44,00:00.0,1,4:00,423
7536119603,U,OB,1,1,800,128463,63,56:00.0,1,3:00,423
7536119686,U,OB,1,1,450,128310,46,55:00.0,6,4:00,423
7536119695,U,OB,1,1,400,128310,46,58:00.0,6,4:00,423
753611975X,U,OB,1,1,1145,136692,39,23:00.0,6,2:00,423
7536119823,U,OB,1,4,900,123604,31,17:00.0,5,11:00,423
7536119897,U,OB,1,1,462,125786,40,28:00.0,4,3:00,423
7536120135,U,OB,1,2,3065,131459,32,53:00.0,6,10:00,423
7536120272,U,OB,1,1,450,127403,74,48:00.0,1,9:00,423
7536120548,U,OB,1,1,245,135306,18,27:00.0,7,10:00,423
7536122757,U,OB,1,1,284,128310,46,05:00.0,6,2:00,423
7536123518,U,OB,1,3,5931,138679,31,42:00.0,7,18:00,423
7536124241,U,OB,1,1,520,125737,55,35:00.0,6,3:00,423
753612459X,U,OB,1,1,200,127403,74,43:00.0,1,8:00,423
7536126322,U,OB,1,1,385,125737,55,11:00.0,5,22:00,423
7536126387,U,OB,1,7,6550,134483,66,29:00.0,6,9:00,423
7536126396,U,CTY,1,2,725,128310,E9  ,07:00.0,5,18:00,423
7536126414,U,OB,1,1,325,132115,52,26:00.0,1,18:00,423
7536128935,U,OB,1,2,5625,290210,38,28:00.0,7,14:00,423
7536128962,U,OB,1,2,1485,126796,43,25:00.0,2,3:00,423
7536129090,U,OB,1,1,308,128463,25,09:00.0,1,3:00,423
7536129090,U,OB,1,1,308,128463,25,09:00.0,1,3:00,423
7536129182,U,IB,1,1,485,134652,127,38:00.0,1,6:00,423
7536131566,U,OB,1,1,19,132115,52,17:00.0,1,18:00,423
7536131795,U,OB,1,1,1820,133384,53,13:00.0,3,19:00,423
7536132089,U,OB,1,1,920,137545,43,19:00.0,5,16:00,423
7536133362,U,OB,1,1,1880,136692,39,59:00.0,6,0:00,423
7536135288,U,OB,1,1,420,135900,38,01:00.0,7,4:00,423
7536137295,U,OB,1,1,20,127041,53,37:00.0,7,22:00,423
753613801X,U,OB,1,1,520,125737,55,46:00.0,5,21:00,423
7536138826,U,OB,1,1,378,127041,53,48:00.0,7,22:00,423
7536138862,U,OB,1,6,8712,126360,38,50:00.0,1,11:00,423
7536141383,U,OB,1,1,595,140236,46,38:00.0,6,18:00,423
7536141410,U,OB,1,4,684,133704,43,57:00.0,4,21:00,423
753614142X,U,OB,1,4,760,121201,22,49:00.0,1,5:00,423
7536141439,U,CTY,1,5,1038,125674,195,16:00.0,6,19:00,423
7536141612,U,OB,1,1,1130,135485,69,23:00.0,6,10:00,423
753614175X,U,OB,1,1,805,135306,18,48:00.0,7,8:00,423
7536142539,U,OB,1,6,4000,132115,52,52:00.0,1,17:00,423
7536144115,U,OB,1,5,2005,135306,18,43:00.0,7,8:00,423
7536144124,U,OB,1,5,2383,127498,43,15:00.0,7,19:00,423
753614417X,U,OB,1,2,346,127498,43,53:00.0,7,15:00,423
7536144198,U,OB,1,3,2180,127498,43,55:00.0,7,19:00,423
7536144362,U,OB,1,2,2664,137824,46,44:00.0,5,2:00,423
753614472X,U,OB,1,1,153,134742,14,34:00.0,5,13:00,423
7536144820,U,OB,1,5,4280,133005,55,02:00.0,1,17:00,423
7536144820,U,OB,1,5,4280,133005,23,06:00.0,1,17:00,423
753614483X,U,OB,1,2,1010,133005,55,36:00.0,1,15:00,423
7536144903,U,OB,1,4,4620,133005,55,48:00.0,1,20:00,423
7536150760,U,OB,1,5,5115,135938,31,19:00.0,5,5:00,423
7536150825,U,OB,1,1,840,137545,43,53:00.0,5,18:00,423
7536150908,U,OB,1,1,1079,127403,74,45:00.0,1,5:00,423
7536150917,U,OB,1,2,895,290210,38,01:00.0,7,16:00,423
7536150962,U,OB,1,1,321,127041,53,57:00.0,7,22:00,423
7536151595,U,OB,1,2,958,137801,50,38:00.0,2,3:00,423
7536174951,U,OB,1,1,725,125430,32,00:00.0,4,4:00,682
7536174960,U,CTY,1,2,3350,136632,174,04:00.0,4,14:00,682
7536182083,U,IB,1,1,810,430285,127,53:00.0,2,7:00,682
7536182083,U,CTY,1,1,810,430285,179,42:00.0,2,14:00,682
7536193770,U,IB,1,2,512,134410,123,52:00.0,3,15:00,682
7536193853,U,OB,1,1,327,202627,75,58:00.0,5,10:00,682
753619994X,U,CTY,1,1,390,138558,173,42:00.0,4,2:00,682
7536209482,U,CTY,1,1,325,139670,189,05:00.0,7,21:00,682
7536209657,U,OB,1,1,346,138406,40,14:00.0,2,8:00,682
7536209684,U,OB,1,1,239,133533,43,52:00.0,5,3:00,682
753621292X,U,CTY,1,40,1400,136325,169,27:00.0,1,13:00,682
7536215377,U,IB,1,1,240,291209,133,51:00.0,6,20:00,682
7536216861,U,IB,1,1,580,134410,123,43:00.0,3,14:00,682
7536216953,U,OB,1,1,638,202627,75,55:00.0,5,10:00,682
7536241438,U,CTY,1,7,7150,136325,169,28:00.0,1,10:00,682
7536249843,U,OB,1,3,2862,123182,10,43:00.0,1,12:00,682
7536249843,U,IB,1,3,2862,123182,151,41:00.0,1,12:00,682
7536260358,U,CTY,1,5,3170,PASC533243,173,36:00.0,4,9:00,682
7536289360,U,CTY,1,1,300,136325,169,47:00.0,1,10:00,682
7536293138,U,OB,1,1,546,R621801606,40,51:00.0,5,9:00,682
7536301653,U,CTY,1,2,627,136221,173,14:00.0,1,19:00,682
7536304459,U,IB,1,6,3724,134410,123,45:00.0,3,15:00,682
7536315100,U,OB,1,5,1080,278391,39,52:00.0,1,6:00,682
7536380615,U,IB,1,2,1370,133623,164,00:00.0,1,3:00,873
7536380642,U,IB,1,2,1380,530697,131,32:00.0,4,12:00,873
7536380642,U,IB,1,2,1380,530697,119,49:00.0,4,12:00,873
7536380725,U,IB,1,2,519,130775,152,26:00.0,3,19:00,873
753638089X,U,IB,1,2,1580,128529,133,21:00.0,3,8:00,873
7536380972,U,IB,1,5,2624,128070,131,55:00.0,2,16:00,873
7536381037,U,IB,1,6,2489,128070,131,50:00.0,2,16:00,873
7536381055,U,IB,1,6,2489,128070,131,34:00.0,2,16:00,873
7536381138,U,IB,1,6,2489,128070,131,23:00.0,2,16:00,873
7536381210,U,IB,1,5,2449,126816,123,20:00.0,3,7:00,873
7536388030,U,CTY,1,1,2016,291089,175,42:00.0,6,15:00,569
7536388059,U,CTY,1,1,2016,127356,196,24:00.0,3,12:00,569
7536389049,U,CTY,1,2,560,123254,172,45:00.0,7,7:00,569
7536389076,U,IB,1,1,200,137311,149,50:00.0,3,7:00,569
7536389103,U,CTY,1,16,11088,290087,192,20:00.0,5,22:00,569
7536389891,U,IB,1,12,14410,126009,151,22:00.0,1,6:00,569
7536390010,U,CTY,1,1,145,291089,175,44:00.0,6,15:00,569
7536398022,U,IB,1,2,453,124263,117,03:00.0,5,2:00,569
7536398078,U,CTY,1,1,320,123254,172,58:00.0,7,7:00,569
7536398087,U,CTY,1,1,341,123254,172,59:00.0,7,7:00,569
7536398087,U,CTY,1,1,341,123254,182,11:00.0,7,15:00,569
7536398399,U,IB,1,17,915,135055,127,05:00.0,7,5:00,569
7536398426,U,IB,1,1,380,135055,127,51:00.0,7,4:00,569
7536398462,U,IB,1,1,380,135055,127,56:00.0,7,4:00,569
7536398480,U,IB,1,1,1580,127174,131,30:00.0,1,12:00,569
753639849X,U,IB,1,1,65,127174,131,51:00.0,1,9:00,569
7536404714,U,IB,1,1,1105,132751,149,35:00.0,7,23:00,569
7536413101,U,IB,1,3,1710,127012,165,31:00.0,1,17:00,569
7536413139,U,IB,1,1,260,128185,113,24:00.0,6,12:00,569
7536413148,U,IB,1,1,435,135055,127,27:00.0,7,5:00,569
7536413175,U,IB,1,1,1118,127174,131,11:00.0,1,10:00,569
7536413211,U,CTY,1,2,640,291089,175,39:00.0,6,15:00,569
7536413220,U,CTY,1,1,410,291089,175,36:00.0,6,14:00,569
753641323X,U,CTY,1,2,4200,291089,175,18:00.0,6,14:00,569
7536413505,U,IB,1,1,1963,128185,113,22:00.0,6,13:00,569
7536418529,U,IB,1,1,785,128185,113,32:00.0,6,12:00,569
7536421360,U,IB,1,1,650,202451,164,28:00.0,5,16:00,569
7536421389,U,IB,1,6,840,202451,164,20:00.0,5,17:00,569
7536421434,U,IB,1,3,1143,202451,164,11:00.0,5,18:00,569
7536421517,U,IB,1,4,2048,127174,131,49:00.0,1,10:00,569
7536421526,U,IB,1,5,2560,127174,131,24:00.0,1,10:00,569
7536424404,U,IB,1,1,575,131123,150,47:00.0,4,15:00,569
7536439373,U,IB,1,2,2875,126009,151,52:00.0,1,6:00,569
753643974X,U,IB,1,80,1816,128710,151,17:00.0,1,22:00,569
7536440886,U,IB,1,1,103,127460,123,09:00.0,4,13:00,569
7536440895,U,IB,1,1,144,135194,145,14:00.0,7,4:00,569
7536441299,U,IB,1,2,205,127174,131,39:00.0,1,10:00,569
7536441409,U,IB,1,1,386,137311,149,09:00.0,3,8:00,569
7536444222,U,IB,1,4,2048,126009,121,08:00.0,1,6:00,569
7536444222,U,IB,1,4,2048,126009,151,07:00.0,1,5:00,569
7536444231,U,IB,1,4,2048,121561,149,02:00.0,5,0:00,569
7536446148,U,IB,1,1,103,123254,119,46:00.0,7,10:00,569
7536446148,U,CTY,1,1,103,123254,172,56:00.0,7,6:00,569
7536450126,U,IB,1,2,689,126009,151,29:00.0,1,5:00,569
7536457799,U,IB,1,1,19,121561,149,06:00.0,5,0:00,569
7536457826,U,IB,1,1,309,128185,113,05:00.0,6,13:00,569
7536463133,U,CTY,1,1,180,136635,N23 ,48:00.0,1,1:00,569
7536463867,U,CTY,1,1,340,125237,189,19:00.0,3,14:00,569
7536465645,U,CTY,1,1,878,261007,176,32:00.0,4,16:00,569
7536465672,U,IB,1,1,400,353244,149,34:00.0,1,9:00,569
753646570X,U,CTY,1,1,158,123254,172,23:00.0,7,6:00,569
7536465901,U,IB,1,1,830,128185,113,16:00.0,6,13:00,569
7536470779,U,IB,1,5,2696,134381,145,12:00.0,1,17:00,569
7536470806,U,CTY,1,3,880,138108,194,11:00.0,5,16:00,569
7536471740,U,CTY,1,6,2800,123254,172,27:00.0,7,6:00,569
7536471850,U,IB,1,1,223,126009,151,10:00.0,1,5:00,569
7536471942,U,IB,1,2,976,121561,149,40:00.0,5,1:00,569
7536471960,U,IB,1,4,2317,128185,113,38:00.0,6,13:00,569
7536472007,U,IB,1,5,3175,135055,127,30:00.0,7,4:00,569
753647208X,U,CTY,1,8,4866,290087,192,56:00.0,5,21:00,569
7536472108,U,CTY,1,1,460,261007,176,40:00.0,4,16:00,569
753647439X,U,IB,1,1,240,129764,141,01:00.0,5,15:00,569
7536474409,U,IB,1,1,600,132764,125,41:00.0,6,16:00,569
7536478414,U,CTY,1,2,3410,291089,175,23:00.0,6,13:00,569
7536478506,U,IB,1,1,1223,128710,151,22:00.0,1,21:00,569
7536485299,U,IB,1,1,700,202451,164,26:00.0,5,16:00,569
7536485308,U,IB,1,1,292,137311,149,45:00.0,3,6:00,569
7536485335,U,IB,1,1,1735,126009,151,57:00.0,1,6:00,569
7536486399,U,IB,1,1,192,128710,151,09:00.0,1,21:00,569
7536486408,U,IB,1,1,190,128710,151,09:00.0,1,21:00,569
7536486435,U,IB,1,1,200,202451,164,04:00.0,5,17:00,569
7536486471,U,IB,1,1,353,133520,145,13:00.0,1,8:00,569
7536516007,U,IB,1,1,125,290035,158,47:00.0,5,22:00,251
7536521846,U,IB,1,1,660,135145,135,31:00.0,1,3:00,251
753652818X,U,CTY,1,1,253,125939,174,23:00.0,5,21:00,251
7536537439,U,CTY,1,1,745,130815,172,51:00.0,2,8:00,251
7536538281,U,IB,1,3,625,139442,152,25:00.0,6,23:00,251
7536538290,U,IB,1,1,166,139442,152,17:00.0,6,21:00,251
7536538492,U,IB,1,1,38,139442,152,29:00.0,6,21:00,251
7536538667,U,IB,1,2,1291,131690,163,12:00.0,3,20:00,251
753654578X,U,CTY,1,1,404,124069,175,34:00.0,6,20:00,251
7536545835,U,IB,1,1,680,136818,158,45:00.0,7,1:00,251
7536545945,U,IB,1,3,5455,134043,123,27:00.0,3,0:00,251
7536545954,U,IB,1,1,660,134043,123,22:00.0,2,23:00,251
7536545954,U,CTY,1,1,660,134043,201,25:00.0,2,23:00,251
7536553847,U,IB,1,1,186,135145,135,36:00.0,1,3:00,251
7536559356,U,IB,1,1,1104,128506,158,04:00.0,6,22:00,251
7536559365,U,CTY,1,1,49,131745,188,19:00.0,6,21:00,251
7536560777,U,IB,1,1,2116,135145,135,51:00.0,1,4:00,251
7536560840,U,IB,1,1,1010,127570,152,50:00.0,4,22:00,251
7536560896,U,IB,1,2,1540,127570,152,54:00.0,4,22:00,251
7536560941,U,IB,1,1,530,290035,158,07:00.0,5,23:00,251
7536560950,U,IB,1,1,530,290035,158,09:00.0,5,23:00,251
7536560988,U,IB,1,1,1010,290035,158,24:00.0,5,23:00,251
7536563985,U,CTY,1,1,360,125939,186,49:00.0,5,19:00,251
7536563985,U,CTY,1,1,360,125939,186,49:00.0,5,19:00,251
7536571043,U,IB,1,1,781,131313,152,04:00.0,7,22:00,251
7536571400,U,IB,1,1,202,139442,152,23:00.0,6,21:00,251
753657350X,U,IB,1,1,214,135730,145,27:00.0,4,1:00,251
7536573766,U,IB,1,2,242,128076,163,23:00.0,3,0:00,251
7536573849,U,CTY,1,1,192,137463,195,42:00.0,4,7:00,251
7536573885,U,IB,1,1,90,132488,145,10:00.0,5,22:00,251
7536573894,U,IB,1,1,405,132488,145,54:00.0,5,22:00,251
7536575021,U,CTY,1,1,512,130815,172,07:00.0,2,8:00,251
7536577818,U,IB,1,1,4974,135730,145,06:00.0,4,0:00,251
7536577818,U,OB,1,1,4974,135730,91,27:00.0,4,0:00,251
7536579816,U,IB,1,1,550,127570,152,41:00.0,4,23:00,251
7536579861,U,CTY,1,1,550,290367,169,18:00.0,6,21:00,251
7536579899,U,CTY,1,1,550,125939,174,00:00.0,5,21:00,251
7536579935,U,CTY,1,1,550,290367,169,32:00.0,6,19:00,251
7536580137,U,CTY,1,1,550,131972,169,13:00.0,4,20:00,251
7536580155,U,CTY,1,1,550,124069,175,26:00.0,6,22:00,251
7536582539,U,IB,1,1,1407,136818,158,01:00.0,7,4:00,251
7536585343,U,CTY,1,9,5130,290367,169,12:00.0,6,21:00,251
7536586829,U,OB,1,1,704,123993,90,04:00.0,6,11:00,251
7536587067,U,CTY,1,1,618,131972,169,29:00.0,4,18:00,251
7536587213,U,IB,1,1,596,136818,158,35:00.0,7,1:00,251
7536591530,U,IB,1,1,392,135730,145,53:00.0,4,0:00,251
7536593144,U,IB,1,4,1729,127570,152,42:00.0,4,22:00,251
753659319X,U,CTY,1,3,1254,130815,172,36:00.0,2,6:00,251
7536593768,U,IB,1,2,492,137198,133,13:00.0,3,19:00,251
7536594089,U,IB,1,1,500,135145,135,18:00.0,1,3:00,251
7536594217,U,CTY,1,2,350,125939,174,00:00.0,5,22:00,251
7536594309,U,IB,1,3,793,127210,151,46:00.0,3,21:00,251
7536594336,U,IB,1,1,500,135730,145,05:00.0,3,22:00,251
7536594345,U,IB,1,2,315,135730,162,35:00.0,3,22:00,251
7536594345,U,IB,1,2,315,135730,145,34:00.0,3,22:00,251
7536594547,U,IB,1,1,523,134151,151,46:00.0,6,20:00,251
7536596206,U,CTY,1,1,140,124069,175,04:00.0,6,21:00,251
7536602779,U,IB,1,1,410,138120,152,24:00.0,4,13:00,251
7536605345,U,IB,1,1,580,138120,152,02:00.0,4,14:00,251
753660749X,U,CTY,1,2,1365,130815,172,21:00.0,2,9:00,251
7536607509,U,CTY,1,1,1040,130815,172,40:00.0,2,9:00,251
7536676533,U,CTY,1,1,130,136419,169,36:00.0,7,3:00,347
7536676771,U,CTY,1,1,870,136419,169,26:00.0,7,3:00,347
7536676881,U,CTY,1,1,1430,136419,169,14:00.0,7,3:00,347
753667712X,U,IB,1,1,387,131926,143,22:00.0,1,16:00,347
7536677166,U,IB,1,1,386,131926,143,44:00.0,1,18:00,347
7536677285,U,IB,1,24,4148,131926,143,44:00.0,1,18:00,347
753667734X,U,IB,1,1,830,138428,145,51:00.0,2,16:00,347
7536677386,U,OB,1,1,136,134692,96,55:00.0,2,22:00,347
7536677440,U,CTY,1,1,127,137858,169,30:00.0,5,6:00,347
7536677909,U,CTY,1,1,634,130776,174,12:00.0,6,20:00,347
7536678403,U,CTY,1,1,1070,131852,175,10:00.0,1,16:00,347
7536678504,U,IB,1,13,1603,126436,160,33:00.0,2,10:00,347
7536678504,U,IB,1,13,1603,126436,141,20:00.0,2,10:00,347
7536678816,U,CTY,1,1,900,261308,174,37:00.0,6,16:00,347
7536752020,U,CTY,1,25,7492,T402218947,189,39:00.0,4,11:00,312
7536817618,U,CTY,1,1,556,121584,196,49:00.0,7,21:00,312
7536850636,U,IB,1,1,361,132785,127,20:00.0,1,17:00,312
7536859811,U,IB,1,1,639,904236,151,14:00.0,6,14:00,312
7536893637,U,IB,1,1,108,126748,163,37:00.0,2,18:00,312
7536893691,U,IB,1,1,2116,T402218929,145,45:00.0,5,10:00,312
7536893902,U,IB,1,6,7376,R621615927,105,05:00.0,5,12:00,312
7536897880,U,CTY,1,2,160,280932,173,12:00.0,2,11:00,312
7536913758,U,OB,1,2,3895,136574,86,36:00.0,3,22:00,471
7536913830,U,OB,1,1,1979,130515,40,36:00.0,4,0:00,471
7536917635,U,OB,1,5,3295,136061,48,26:00.0,4,10:00,471
7536917736,U,OB,1,1,545,130643,17,03:00.0,6,15:00,471
753692286X,U,IB,1,3,965,211235,129,04:00.0,2,8:00,471
7536924639,U,OB,1,2,6296,131752,30,23:00.0,1,11:00,471
7536924639,U,OB,1,2,6296,131752,89,39:00.0,1,3:00,471
7536924666,U,IB,1,1,40,128220,115,28:00.0,3,0:00,471
7536924666,U,IB,1,1,40,128220,115,28:00.0,3,0:00,471
7536925243,U,OB,1,2,690,135310,52,52:00.0,1,5:00,471
7536925308,U,OB,1,1,220,135569,43,14:00.0,1,6:00,471
753692539X,U,OB,1,2,1956,119275,50,52:00.0,5,17:00,471
7536925564,U,IB,1,1,210,137352,101,42:00.0,6,3:00,471
7536925629,U,OB,1,1,1990,135569,43,45:00.0,1,6:00,471
7536925647,U,OB,1,1,382,136061,48,41:00.0,4,9:00,471
7536930606,U,OB,1,1,1340,131752,89,19:00.0,1,4:00,471
7536931870,U,OB,1,1,885,140370,63,33:00.0,6,0:00,471
7536931926,U,OB,1,1,150,131752,89,55:00.0,1,3:00,471
7536931944,U,OB,1,1,280,131752,89,21:00.0,1,3:00,471
7536931944,U,OB,1,1,280,131752,59,01:00.0,1,15:00,471
7536940221,U,OB,1,1,489,135310,52,00:00.0,1,5:00,471
7536940221,U,OB,1,1,489,135310,3,47:00.0,3,7:00,471
7536940937,U,OB,1,3,210,119275,50,37:00.0,5,13:00,471
7536941092,U,OB,1,1,1131,128220,95,33:00.0,2,23:00,471
7536941139,U,OB,1,5,12605,136574,86,51:00.0,3,22:00,471
7536941166,U,IB,1,1,468,137352,101,49:00.0,6,3:00,471
7536941761,U,OB,1,1,524,137455,73,32:00.0,7,13:00,471
7536941770,U,OB,1,1,2750,135310,52,47:00.0,1,4:00,471
7536942522,U,OB,1,2,4182,135310,52,27:00.0,1,4:00,471
7536942522,U,OB,1,2,4182,135310,89,50:00.0,1,15:00,471
7536944071,U,OB,1,1,85,138854,49,30:00.0,5,2:00,471
7536944814,U,OB,1,2,528,135310,52,22:00.0,1,4:00,471
7536944841,U,OB,1,3,637,136348,38,32:00.0,7,20:00,471
7536944897,U,OB,1,1,825,136348,38,51:00.0,7,19:00,471
7536949214,U,OB,1,1,2091,135310,52,52:00.0,1,4:00,471
7536949948,U,IB,1,44,635,136922,141,14:00.0,1,13:00,471
7536950900,U,OB,1,1,190,131752,89,18:00.0,1,4:00,471
7536954860,U,OB,1,1,330,135310,52,43:00.0,1,5:00,471
7536954889,U,OB,1,2,270,135569,43,49:00.0,1,8:00,471
7536954916,U,OB,1,1,1220,128220,95,08:00.0,3,0:00,471
7536954925,U,OB,1,3,4680,128220,95,47:00.0,3,0:00,471
7536961516,U,OB,1,1,835,130515,40,53:00.0,4,0:00,471
7537005534,U,CTY,1,1,230,121767,174,58:00.0,5,10:00,153
753700591X,U,CTY,1,1,229,135321,237,50:00.0,6,3:00,153
753700591X,U,CTY,1,1,229,135321,194,26:00.0,7,13:00,153
7537125526,U,CTY,1,11,6575,290789,213,57:00.0,2,7:00,145
7537189344,U,CTY,1,1,1093,126260,187,48:00.0,1,13:00,326
7537189454,U,OB,1,1,585,133624,31,36:00.0,3,22:00,754
7537189555,U,CTY,1,2,1114,290358,168,21:00.0,4,22:00,326
7537189793,U,IB,1,1,562,128291,101,46:00.0,4,15:00,819
7537189930,U,IB,1,11,7315,123508,112,35:00.0,2,16:00,326
7537190700,U,IB,1,5,1815,136712,105,36:00.0,2,17:00,326
7537190729,U,CTY,1,4,2650,139787,169,27:00.0,1,16:00,326
7537190792,U,IB,1,2,1926,131940,133,13:00.0,6,1:00,326
7537190792,U,IB,1,2,1926,131940,162,18:00.0,6,1:00,326
7537203460,U,CTY,1,2,775,128483,187,02:00.0,3,16:00,324
753720358X,U,CTY,1,1,151,135731,197,05:00.0,5,12:00,324
753720358X,U,CTY,1,1,151,135731,183,19:00.0,5,12:00,324
7537218824,U,CTY,1,1,175,124347,175,24:00.0,5,3:00,898
7537219190,U,IB,1,2,890,125848,151,54:00.0,5,6:00,898
7537233270,U,CTY,1,1,229,133770,195,16:00.0,5,15:00,898
7537240723,U,IB,1,4,1560,128388,151,52:00.0,3,16:00,898
7537240723,U,CTY,1,4,1560,128388,235,47:00.0,4,21:00,898
753724219X,U,CTY,1,3,208,124077,188,13:00.0,3,18:00,898
7537242209,U,CTY,1,3,208,124077,188,13:00.0,3,18:00,898
7537245655,U,IB,1,1,453,261196,152,21:00.0,5,7:00,898
7537248542,U,CTY,1,1,474,133904,194,35:00.0,7,7:00,898
7537248818,U,IB,1,2,544,130805,117,22:00.0,3,1:00,898
753724912X,U,IB,1,1,178,125180,152,35:00.0,5,12:00,898
7537249202,U,IB,1,1,275,140309,158,39:00.0,3,0:00,898
7537249303,U,CTY,1,1,468,133770,195,49:00.0,5,12:00,898
7537249312,U,IB,1,1,490,261258,152,34:00.0,5,11:00,898
753724945X,U,CTY,1,1,572,410361,169,24:00.0,5,3:00,898
7537249651,U,IB,1,2,1096,138145,158,40:00.0,5,13:00,898
7537249660,U,CTY,1,1,515,132772,168,11:00.0,1,9:00,898
7537251806,U,IB,1,30,410,290256,163,34:00.0,2,13:00,898
7537251842,U,IB,1,30,410,290256,163,17:00.0,2,13:00,898
7537253712,U,CTY,1,15,205,PASC33311,187,34:00.0,4,4:00,898
7537253759,U,IB,1,6,9940,131187,125,21:00.0,4,12:00,898
7537259946,U,IB,1,2,1185,139677,145,06:00.0,5,13:00,898
7537259955,U,CTY,1,6,1373,136515,196,38:00.0,4,7:00,898
7537260220,U,CTY,1,1,260,137849,196,02:00.0,3,5:00,898
7537262072,U,IB,1,6,12565,125468,111,17:00.0,2,15:00,898
7537262155,U,IB,1,4,5189,137585,127,04:00.0,3,12:00,898
7537262173,U,CTY,1,4,3591,135843,194,21:00.0,3,19:00,898
7537262238,U,CTY,1,7,7034,134433,169,50:00.0,3,0:00,898
753726441X,U,CTY,1,1,83,130634,189,07:00.0,1,14:00,898
753726441X,U,CTY,1,1,83,130634,238,50:00.0,4,3:00,898
7537265583,U,IB,1,7,10020,290274,133,28:00.0,2,10:00,898
7537265592,U,IB,1,1,522,290274,133,47:00.0,2,9:00,898
753726562X,U,CTY,1,12,13620,127534,174,56:00.0,3,15:00,898
7537265675,U,CTY,1,8,6598,PASC33311,187,09:00.0,4,5:00,898
7537265702,U,IB,1,6,6469,125180,152,48:00.0,5,12:00,898
7537265758,U,IB,1,6,8360,138145,158,17:00.0,5,12:00,898
7537265785,U,CTY,1,6,6709,133988,194,12:00.0,2,17:00,898
7537265794,U,IB,1,8,7722,126816,123,21:00.0,3,7:00,898
7537265821,U,IB,1,1,443,139677,145,10:00.0,5,15:00,898
753726584X,U,IB,1,4,4591,139677,145,07:00.0,5,16:00,898
7537265868,U,CTY,1,7,7786,133904,194,53:00.0,7,7:00,898
7537267545,U,IB,1,1,1007,140309,158,29:00.0,2,22:00,898
7537270836,U,IB,1,1,625,138145,158,19:00.0,5,11:00,898
7537270890,U,IB,1,1,483,138055,145,35:00.0,7,14:00,898
7537270928,U,IB,1,1,1612,290256,163,14:00.0,2,14:00,898
7537271532,U,IB,1,1,175,138145,158,53:00.0,5,11:00,898
753727156X,U,CTY,1,5,6728,132772,168,55:00.0,1,10:00,898
753727156X,U,CTY,1,5,6728,132772,R3  ,33:00.0,1,15:00,898
7537271642,U,CTY,1,3,3888,137849,196,03:00.0,3,4:00,898
753727167X,U,CTY,1,6,8540,132215,174,02:00.0,4,21:00,898
7537271707,U,IB,1,4,4161,138055,145,48:00.0,7,14:00,898
7537271716,U,IB,1,5,6810,261258,152,49:00.0,5,11:00,898
7537271743,U,IB,1,6,6837,290256,163,55:00.0,2,13:00,898
7537271862,U,IB,1,1,956,135862,141,11:00.0,7,18:00,898
7537290719,U,IB,1,1,2800,138651,131,08:00.0,3,5:00,898
7537296374,U,CTY,1,1,177,249107,176,42:00.0,4,14:00,898
7537296603,U,IB,1,1,193,138055,145,29:00.0,7,14:00,898
7537297052,U,IB,1,1,176,129764,141,49:00.0,5,14:00,898
7537297263,U,CTY,1,2,500,132772,168,04:00.0,1,13:00,898
7537297474,U,IB,1,1,200,290005,152,03:00.0,4,10:00,898
7537322298,U,CTY,1,1,283,136507,194,23:00.0,6,0:00,356
7537326862,U,CTY,1,1,205,118588,169,07:00.0,4,14:00,356
7537326918,U,CTY,1,1,125,137855,189,14:00.0,1,20:00,356
7537327129,U,CTY,1,1,108,137855,189,36:00.0,1,20:00,356
7537329071,U,CTY,1,1,193,138134,188,38:00.0,2,18:00,356
7537336551,U,CTY,1,1,420,138134,188,55:00.0,2,18:00,356
7537336560,U,CTY,1,1,420,138134,188,20:00.0,2,20:00,356
753733657X,U,CTY,1,1,420,138134,188,12:00.0,2,20:00,356
7537347414,U,CTY,1,2,1518,135747,197,54:00.0,7,8:00,356
7537349293,U,CTY,1,1,350,132065,187,20:00.0,4,16:00,356
7537351410,U,CTY,1,4,9005,138021,188,14:00.0,3,11:00,356
753735186X,U,CTY,1,4,9075,135731,197,16:00.0,5,18:00,356
753735230X,U,IB,1,1,400,135378,158,26:00.0,5,3:00,356
7537352319,U,IB,1,1,105,45495,145,51:00.0,4,16:00,356
7537361348,U,CTY,1,1,265,129476,169,32:00.0,1,18:00,356
7537361476,U,CTY,1,1,420,138134,188,20:00.0,2,20:00,356
7537361503,U,CTY,1,1,420,138134,188,12:00.0,2,20:00,356
7537361714,U,CTY,1,1,585,202196,192,22:00.0,2,13:00,356
7537362558,U,CTY,1,1,110,135534,188,49:00.0,6,6:00,356
7537376472,U,CTY,1,3,2870,135097,192,34:00.0,4,21:00,205
7537376519,U,IB,1,3,3434,137445,103,02:00.0,6,14:00,205
753737793X,U,OB,1,2,1080,138501,86,04:00.0,1,21:00,205
7537379406,U,IB,1,1,767,124029,113,10:00.0,4,4:00,205
7537379718,U,CTY,1,1,145,139743,194,08:00.0,7,4:00,205
7537379855,U,IB,1,1,550,140335,113,36:00.0,5,1:00,205
7537380093,U,IB,1,1,164,137744,129,11:00.0,3,0:00,205
7537380286,U,IB,1,1,274,249147,125,47:00.0,6,20:00,205
7537380322,U,IB,1,1,592,126486,149,42:00.0,6,22:00,205
7537389131,U,IB,1,2,577,125302,104,16:00.0,7,4:00,205
7537389829,U,IB,1,4,799,290987,112,03:00.0,4,19:00,205
7537392294,U,OB,1,1,1854,124159,90,25:00.0,1,21:00,205
7537392990,U,IB,1,1,1867,132797,141,31:00.0,4,11:00,205
7537392990,U,IB,1,1,1867,132797,107,29:00.0,4,15:00,205
7537393192,U,CTY,1,1,1867,140247,208,37:00.0,6,17:00,205
7537393724,U,IB,1,1,1924,125302,104,16:00.0,7,4:00,205
7537393742,U,IB,1,3,5601,136650,112,00:00.0,6,8:00,205
753739377X,U,IB,1,1,1868,125302,104,16:00.0,7,4:00,205
7537393807,U,IB,1,3,4753,125302,104,10:00.0,7,4:00,205
7537393926,U,IB,1,2,3709,279969,141,43:00.0,1,6:00,205
7537393962,U,IB,1,1,1930,137744,129,54:00.0,2,22:00,205
753739399X,U,IB,1,1,320,138486,104,57:00.0,2,0:00,205
7537409317,U,IB,1,1,591,138486,104,49:00.0,2,3:00,205
7537415953,U,IB,1,1,935,134885,123,30:00.0,1,3:00,205
7537416090,U,IB,1,1,535,138486,104,05:00.0,2,4:00,205
7537472008,U,IB,1,1,404,129883,127,36:00.0,6,0:00,205
7537472190,U,CTY,1,1,149,138990,194,00:00.0,5,20:00,205
7537474372,U,CTY,1,1,408,125499,187,02:00.0,4,9:00,205
7537493640,U,CTY,1,1,535,135080,174,55:00.0,7,4:00,205
753755151X,U,IB,1,4,1039,CVEN43549,133,42:00.0,4,19:00,135
7537565140,U,OB,1,1,76,CVEN44129,95,24:00.0,7,3:00,135
7537565140,U,IB,1,1,76,CVEN44129,100,39:00.0,7,4:00,135
7537621112,U,IB,1,5,1524,CVEN46003,105,00:00.0,5,19:00,135
7537666369,U,CTY,1,1,590,124019,174,25:00.0,2,6:00,525
7537666378,U,CTY,1,1,472,124019,174,28:00.0,2,6:00,525
7537666396,U,IB,1,6,4000,261138,145,37:00.0,5,3:00,525
7537666405,U,CTY,1,1,372,123733,194,35:00.0,7,12:00,525
7537685682,U,CTY,1,1,47,PASC175379,192,43:00.0,6,9:00,272
7537718040,U,CTY,1,1,130,136507,194,36:00.0,5,22:00,272
7537773765,U,CTY,1,1,187,249257,175,09:00.0,5,12:00,272
7537773893,U,CTY,1,1,357,136507,194,52:00.0,5,21:00,272
7537793711,U,CTY,1,2,255,T402218947,189,11:00.0,4,11:00,272
7537795343,U,IB,1,1,432,134516,114,58:00.0,5,9:00,272
753779538X,U,IB,1,1,457,132523,158,19:00.0,6,11:00,272
7537815419,U,CTY,1,1,286,249257,175,59:00.0,5,11:00,272
7537815419,U,CTY,1,1,286,249257,212,19:00.0,6,11:00,272
7537824109,U,CTY,1,1,169,116843,169,22:00.0,5,8:00,272
7537824127,U,CTY,1,1,300,135165,189,15:00.0,5,21:00,272
7537825712,U,CTY,1,10,3445,127450,189,20:00.0,5,13:00,272
7537846960,U,CTY,1,2,717,125775,194,22:00.0,1,22:00,272
7537853277,U,CTY,1,1,1104,T402218947,189,07:00.0,4,11:00,272
7537853396,U,CTY,1,2,1069,121584,196,56:00.0,7,21:00,272
7537859455,U,CTY,1,3,1402,134948,175,03:00.0,3,2:00,272
753786842X,U,IB,1,4,2475,134835,143,04:00.0,4,15:00,272
7537868439,U,CTY,1,4,3165,128129,169,50:00.0,4,8:00,272
7537868448,U,CTY,1,3,2835,T402217967,187,39:00.0,5,0:00,272
7537872224,U,CTY,1,1,215,138928,175,19:00.0,6,16:00,272
7537934897,U,IB,1,3,2605,211654,129,23:00.0,1,22:00,326
7537934906,U,IB,1,3,2201,128839,152,24:00.0,4,14:00,326
7537934915,U,CTY,1,5,2792,128839,189,01:00.0,4,16:00,326
7537935016,U,CTY,1,1,765,137753,195,07:00.0,6,8:00,326
7537935052,U,IB,1,3,2225,127872,135,53:00.0,1,18:00,326
7537935218,U,CTY,1,2,1613,125723,175,03:00.0,5,0:00,326
7537935501,U,IB,1,5,2340,249311,150,12:00.0,1,22:00,326
7537935575,U,CTY,1,2,1544,136280,197,04:00.0,4,11:00,326
753793585X,U,IB,1,4,2433,129764,141,40:00.0,5,16:00,326
7537992784,U,IB,1,5,1959,CVEN43549,133,04:00.0,4,14:00,132
7537992959,U,IB,1,12,8350,135973,131,04:00.0,4,5:00,132
7537995507,U,CTY,1,5,1113,122579,192,48:00.0,7,0:00,132
7538073515,U,OB,1,2,580,277996,17,28:00.0,5,9:00,473
7538075311,U,CTY,1,5,2480,558293,214,51:00.0,4,12:00,172
7538075311,U,OB,1,5,2480,558293,78,49:00.0,3,6:00,172
7538075320,U,OB,1,3,1189,134742,14,54:00.0,5,11:00,172
7538085770,U,OB,1,9,9586,132147,43,56:00.0,2,16:00,172
753808578X,U,OB,1,1,175,45459,63,19:00.0,7,8:00,172
7538110181,U,CTY,1,1,335,118647,175,18:00.0,1,6:00,172
7538110998,U,IB,1,10,4355,138552,151,07:00.0,5,2:00,172
753811108X,U,CTY,1,8,4427,122852,208,43:00.0,4,3:00,172
753811108X,U,CTY,1,8,4427,122852,216,55:00.0,3,13:00,172
7538111099,U,OB,1,1,480,125306,31,44:00.0,6,5:00,172
7538111209,U,OB,1,1,545,127846,88,03:00.0,3,1:00,172
7538111355,U,IB,1,2,1015,139578,149,39:00.0,1,14:00,172
7538120146,U,IB,1,1,325,136411,111,20:00.0,5,20:00,172
7538120586,U,CTY,1,2,2445,118647,225,09:00.0,2,1:00,172
7538120586,U,CTY,1,2,2445,118647,175,26:00.0,1,8:00,172
7538132237,U,OB,1,1,616,125306,31,28:00.0,6,6:00,172
7538134500,U,OB,1,1,360,127846,88,05:00.0,3,3:00,172
7538136783,U,OB,1,1,234,134853,31,08:00.0,7,1:00,172
7538136857,U,OB,1,1,260,559414,96,26:00.0,1,16:00,172
7538138415,U,OB,1,3,6530,131327,96,14:00.0,1,11:00,615
7538138442,U,IB,1,2,548,132836,113,10:00.0,2,20:00,615
753815090X,U,IB,1,3,5185,125751,104,13:00.0,3,2:00,172
753822933X,U,IB,1,1,49,135237,164,16:00.0,2,4:00,263
7538244776,U,OB,1,2,134,139567,90,05:00.0,3,9:00,263
7538244996,U,OB,1,2,83,139567,90,25:00.0,3,8:00,263
7538245014,U,OB,1,2,167,139567,90,05:00.0,3,9:00,263
7538269122,U,CTY,1,1,1070,PASC33311,173,05:00.0,5,11:00,263
7538269241,U,CTY,1,1,880,PASC175379,188,11:00.0,7,11:00,263
7538302645,U,CTY,1,1,355,PASC634013,197,28:00.0,6,3:00,263
7538302737,U,CTY,1,1,312,131978,173,01:00.0,5,12:00,263
7538314891,U,IB,1,4,3667,PASC175379,151,52:00.0,2,19:00,263
7538367206,U,CTY,1,1,830,131617,169,26:00.0,1,20:00,431
7538367325,U,IB,1,2,1325,123393,145,35:00.0,1,1:00,431
7538367480,U,IB,1,2,877,134733,111,51:00.0,6,10:00,431
7538367554,U,IB,1,1,2730,127614,145,44:00.0,7,16:00,431
7538367563,U,CTY,1,1,1506,131801,208,48:00.0,6,15:00,431
7538367581,U,CTY,1,1,1442,131801,208,42:00.0,6,15:00,431
7538367810,U,CTY,1,1,233,134433,169,51:00.0,2,21:00,431
7538368021,U,CTY,1,2,3020,133640,189,43:00.0,2,13:00,431
7538368205,U,IB,1,1,266,126870,143,38:00.0,5,20:00,431
7538368681,U,CTY,1,1,540,133126,175,38:00.0,7,18:00,431
7538368829,U,CTY,1,1,176,HAEI23255,175,54:00.0,7,21:00,431
7538368984,U,OB,1,1,301,HAEI27814,73,59:00.0,5,18:00,431
7538369076,U,CTY,1,1,220,HAEI23255,175,47:00.0,7,21:00,431
7538369763,U,OB,1,1,245,HAEI26361,86,32:00.0,7,19:00,431
7538369929,U,IB,1,8,3815,138353,116,08:00.0,7,18:00,431
7538396594,U,CTY,1,1,516,128754,187,34:00.0,6,16:00,890
753840016X,U,CTY,1,1,428,131137,173,25:00.0,5,9:00,890
7538400206,U,CTY,1,1,540,131137,173,08:00.0,5,10:00,890
7538400215,U,CTY,1,1,480,131137,173,32:00.0,5,10:00,890
7538400224,U,CTY,1,1,613,131137,173,28:00.0,5,10:00,890
7538400233,U,CTY,1,1,680,131137,173,05:00.0,5,10:00,890
7538400729,U,IB,1,1,720,135907,113,05:00.0,5,19:00,890
7538400738,U,IB,1,1,1050,135907,113,02:00.0,5,19:00,890
7538405632,U,IB,1,1,77,137436,119,04:00.0,6,16:00,890
7538405632,U,OB,1,1,77,137436,97,05:00.0,6,16:00,890
7538415065,U,IB,1,1,374,139808,151,51:00.0,5,15:00,890
7538421261,U,CTY,1,1,600,138160,168,15:00.0,2,15:00,890
7538421380,U,IB,1,6,3600,291005,111,46:00.0,4,10:00,890
7538435489,U,IB,1,2,627,135636,116,38:00.0,2,10:00,890
7538447295,U,IB,1,1,140,134784,123,08:00.0,5,7:00,890
7538447369,U,IB,1,1,130,134784,123,13:00.0,5,8:00,890
7538447405,U,IB,1,1,316,133352,143,36:00.0,4,18:00,890
7538448532,U,IB,1,3,1355,129515,129,10:00.0,1,18:00,890
7538448550,U,IB,1,2,1185,129515,129,15:00.0,1,18:00,890
7538452382,U,IB,1,1,85,135962,145,40:00.0,6,12:00,890
7538452602,U,IB,1,1,50,132855,113,01:00.0,7,10:00,890
753845263X,U,IB,1,1,60,135962,145,47:00.0,6,12:00,890
7538452813,U,IB,1,3,8555,280582,131,48:00.0,5,22:00,890
7538452869,U,CTY,1,1,830,133491,176,19:00.0,6,16:00,890
7538452887,U,IB,1,1,1205,133396,129,59:00.0,2,15:00,890
7538453253,U,IB,1,1,1250,134519,163,54:00.0,2,18:00,890
7538453262,U,IB,1,1,295,139808,151,52:00.0,5,14:00,890
7538457011,U,IB,1,2,520,135924,145,53:00.0,2,14:00,890
7538457049,U,IB,1,2,920,127051,116,39:00.0,2,14:00,890
7538460091,U,IB,1,1,360,136876,129,44:00.0,1,10:00,890
753846297X,U,IB,1,1,520,132855,113,35:00.0,7,12:00,890
7538489654,U,IB,1,1,278,138875,105,22:00.0,1,6:00,890
7538489672,U,IB,1,1,162,135907,113,29:00.0,5,18:00,890
7538489681,U,IB,1,1,175,131651,141,51:00.0,1,11:00,890
7538489690,U,IB,1,1,164,131651,141,51:00.0,1,11:00,890
753849223X,U,IB,1,1,908,140415,163,20:00.0,4,18:00,890
7538492330,U,IB,1,1,730,137467,117,27:00.0,7,22:00,890
7538492386,U,IB,1,1,2345,138875,105,39:00.0,1,7:00,890
7538496593,U,IB,1,3,1090,134978,117,35:00.0,2,14:00,890
7538514276,U,IB,1,2,704,291005,111,26:00.0,4,13:00,890
7538514321,U,IB,1,1,140,135962,145,46:00.0,6,6:00,890
7538515495,U,IB,1,1,440,202228,123,35:00.0,7,0:00,890
7538517163,U,IB,1,1,193,280582,131,36:00.0,6,1:00,890
7538517228,U,IB,1,1,325,280582,131,52:00.0,6,0:00,890
7538517237,U,IB,1,1,158,280582,131,44:00.0,6,1:00,890
7538517329,U,IB,1,1,238,291005,111,52:00.0,4,12:00,890
7538517374,U,IB,1,1,206,291005,111,50:00.0,4,9:00,890
7538517392,U,IB,1,2,1245,291005,111,52:00.0,4,9:00,890
7538517493,U,IB,1,1,201,133352,143,19:00.0,4,20:00,890
7538517549,U,IB,1,1,218,133352,143,22:00.0,4,19:00,890
7538517567,U,IB,1,1,363,133352,143,35:00.0,4,18:00,890
7538517677,U,IB,1,1,311,128898,133,29:00.0,5,15:00,890
7538517722,U,IB,1,1,437,128898,133,46:00.0,5,16:00,890
7538517740,U,IB,1,2,737,128898,133,50:00.0,5,18:00,890
7538518400,U,IB,1,1,556,134353,113,50:00.0,7,7:00,890
7538518456,U,IB,1,1,725,131651,141,33:00.0,1,11:00,890
7538523442,U,IB,1,1,180,291005,111,56:00.0,4,12:00,890
7538524506,U,IB,1,1,204,128898,133,58:00.0,5,17:00,890
7538524863,U,IB,1,3,1915,134784,123,25:00.0,5,8:00,890
7538526870,U,IB,1,2,4300,202228,123,48:00.0,7,0:00,890
7538536193,U,IB,1,1,240,131651,141,34:00.0,1,11:00,890
7538536193,U,IB,1,1,240,131651,147,35:00.0,1,11:00,890
7538536359,U,IB,1,1,740,128898,133,22:00.0,5,16:00,890
7538536368,U,IB,1,3,1171,134519,163,32:00.0,2,20:00,890
7538536440,U,CTY,1,9,2640,133886,215,46:00.0,7,2:00,890
753853645X,U,OB,1,1,130,131027,90,25:00.0,1,22:00,890
7538536597,U,IB,1,67,2010,130658,152,10:00.0,3,13:00,890
7538539493,U,IB,1,1,309,128898,133,32:00.0,5,18:00,890
753855944X,U,IB,1,1,101,134784,123,17:00.0,5,8:00,890
7538559504,U,IB,1,1,96,291005,111,09:00.0,4,13:00,890
7538559540,U,IB,1,1,99,140415,163,45:00.0,4,18:00,890
7538565132,U,IB,1,1,330,133352,143,23:00.0,4,18:00,890
7538573649,U,IB,1,1,102,134784,123,54:00.0,5,7:00,890
7538573923,U,IB,1,4,3120,138046,141,00:00.0,2,8:00,890
7538574051,U,IB,1,1,93,291005,111,22:00.0,4,10:00,890
7538582889,U,IB,1,1,365,128898,133,53:00.0,5,15:00,890
7538586564,U,IB,1,1,194,125111,158,06:00.0,1,15:00,890
7538586629,U,IB,1,1,370,129515,129,40:00.0,1,15:00,890
7538586638,U,IB,1,1,1481,280582,131,43:00.0,5,22:00,890
7538618666,U,CTY,1,1,290,TNUE56177,188,55:00.0,1,2:00,388
7538618675,U,CTY,1,1,130,252131,189,10:00.0,3,14:00,388
7538618749,U,CTY,1,1,705,252131,189,48:00.0,3,14:00,388
7538618749,U,CTY,1,1,705,252131,231,22:00.0,4,21:00,388
7538618758,U,CTY,1,3,1130,252131,189,06:00.0,3,14:00,388
7538618859,U,IB,1,1,844,PASC634516,151,13:00.0,7,13:00,388
7538623039,U,CTY,1,3,610,PASC175379,175,12:00.0,5,9:00,388
7538625311,U,OB,1,5,2946,PASC634013,75,32:00.0,2,10:00,388
7538625311,U,CTY,1,5,2946,PASC634013,175,01:00.0,7,22:00,388
7538678955,U,IB,1,1,190,122579,112,33:00.0,1,5:00,313
7538679000,U,IB,1,1,134,122579,112,56:00.0,1,4:00,313
7538679110,U,IB,1,1,670,135237,164,34:00.0,2,1:00,313
7538679175,U,IB,1,1,252,135556,145,43:00.0,4,13:00,313
7538679220,U,CTY,1,1,122,138184,196,33:00.0,5,22:00,313
7538679285,U,CTY,1,1,80,138184,196,22:00.0,5,22:00,313
7538679303,U,CTY,1,1,79,138184,196,27:00.0,5,22:00,313
7538679440,U,IB,1,4,1034,138837,129,40:00.0,7,9:00,313
7538679532,U,IB,1,2,935,140045,143,00:00.0,1,7:00,313
753867967X,U,CTY,1,1,253,130762,194,25:00.0,5,11:00,313
7538679698,U,CTY,1,1,268,130762,194,58:00.0,5,10:00,313
7538716997,U,CTY,1,2,1795,136491,238,48:00.0,3,21:00,313
7538717006,U,IB,1,1,195,122579,112,59:00.0,1,4:00,313
7538717033,U,IB,1,1,180,122579,112,03:00.0,1,5:00,313
7538717226,U,CTY,1,1,172,PASC634534,172,16:00.0,1,8:00,313
7538717244,U,CTY,1,2,1073,PASC634534,233,45:00.0,2,22:00,313
7538717244,U,CTY,1,2,1073,PASC634534,172,35:00.0,1,8:00,313
753871729X,U,CTY,1,2,1192,PASC634534,172,51:00.0,1,8:00,313
7538717354,U,CTY,1,1,270,PASC634534,172,06:00.0,1,9:00,313
7538717419,U,CTY,1,1,284,PASC33311,173,37:00.0,5,7:00,313
7538717428,U,CTY,1,2,740,PASC175379,192,21:00.0,6,10:00,313
7538717529,U,CTY,1,1,188,PASC533243,173,16:00.0,4,6:00,313
7538717538,U,CTY,1,1,294,PASC533243,173,37:00.0,4,6:00,313
7538717547,U,CTY,1,1,383,130754,168,33:00.0,5,4:00,313
7538717657,U,IB,1,1,343,135556,145,50:00.0,4,13:00,313
7538717702,U,CTY,1,5,3870,139894,205,54:00.0,3,3:00,313
7538717776,U,CTY,1,1,410,139894,197,28:00.0,1,2:00,313
753871784X,U,IB,1,1,206,138837,129,16:00.0,7,13:00,313
7538717978,U,CTY,1,1,191,139894,197,34:00.0,1,1:00,313
7538718023,U,CTY,1,1,232,139894,197,34:00.0,1,1:00,313
7538718409,U,CTY,1,1,154,131160,189,28:00.0,6,4:00,313
7538718454,U,CTY,1,1,217,131160,189,18:00.0,6,4:00,313
7538718537,U,CTY,1,1,320,131160,189,11:00.0,6,5:00,313
7538718537,U,CTY,1,1,320,131160,233,16:00.0,3,2:00,313
7538718537,U,CTY,1,1,320,131160,233,23:00.0,2,22:00,313
7538718537,U,CTY,1,1,320,131160,233,16:00.0,3,2:00,313
7538718537,U,CTY,1,1,320,131160,231,24:00.0,4,21:00,313
7538718537,U,CTY,1,1,320,131160,237,49:00.0,4,23:00,313
7538718537,U,CTY,1,1,320,131160,226,10:00.0,5,23:00,313
7538718564,U,CTY,1,1,308,131160,189,25:00.0,6,4:00,313
7538718638,U,CTY,1,2,302,131160,189,05:00.0,6,5:00,313
7538718638,U,CTY,1,2,302,131160,P12 ,06:00.0,6,13:00,313
7538718930,U,IB,1,2,971,130545,141,11:00.0,5,0:00,313
7538718959,U,CTY,1,1,436,130545,233,15:00.0,5,0:00,313
7538718959,U,IB,1,1,436,130545,141,14:00.0,5,0:00,313
7538719069,U,CTY,1,1,260,130545,231,12:00.0,6,19:00,313
7538719179,U,IB,1,1,126,130545,141,06:00.0,4,23:00,313
7538719298,U,IB,1,1,230,130769,151,02:00.0,7,7:00,313
7538719316,U,IB,1,1,969,130769,151,36:00.0,7,5:00,313
7538719480,U,IB,1,1,290,132793,151,09:00.0,7,9:00,313
7538719563,U,IB,1,3,752,132793,151,16:00.0,7,9:00,313
7538719572,U,CTY,1,1,219,132793,231,20:00.0,5,19:00,313
7538719572,U,CTY,1,1,219,132793,233,35:00.0,6,19:00,313
7538719572,U,IB,1,1,219,132793,151,37:00.0,7,8:00,313
7538719619,U,CTY,1,1,627,290414,173,06:00.0,3,0:00,313
7538719673,U,CTY,1,1,244,290414,173,32:00.0,3,1:00,313
7538719810,U,CTY,1,1,16,138097,194,35:00.0,5,10:00,313
7538719875,U,CTY,1,2,1310,138097,194,39:00.0,5,10:00,313
7538719949,U,CTY,1,1,263,131218,169,27:00.0,6,4:00,313
7538720003,U,CTY,1,2,1185,131218,169,25:00.0,6,5:00,313
7538720059,U,CTY,1,1,391,280391,196,43:00.0,7,6:00,313
7538739253,U,CTY,1,1,145,137322,175,34:00.0,4,3:00,857
7538740371,U,CTY,1,2,720,133013,176,19:00.0,5,21:00,857
7538764609,U,OB,1,3,1328,134942,71,39:00.0,1,8:00,429
7538764609,U,OB,1,3,1328,134942,95,18:00.0,1,8:00,429
7538767074,U,OB,1,1,200,130455,84,55:00.0,6,13:00,429
7538769732,U,OB,1,1,978,138587,31,47:00.0,4,3:00,429
7538770080,U,OB,1,3,1713,127011,38,46:00.0,6,18:00,429
7538770109,U,OB,1,2,964,530430,63,44:00.0,6,7:00,429
7538774260,U,OB,1,4,949,132358,49,31:00.0,4,20:00,429
7538774316,U,OB,1,1,440,132358,49,31:00.0,4,20:00,429
7538774527,U,CTY,1,2,506,125843,169,33:00.0,5,3:00,429
7538788937,U,OB,1,1,690,137455,73,04:00.0,7,14:00,429
7538789065,U,OB,1,1,705,137455,73,12:00.0,7,10:00,429
7538790908,U,OB,1,1,327,134546,26,46:00.0,5,18:00,429
7538791339,U,OB,1,1,465,530430,63,03:00.0,6,10:00,429
7538791348,U,OB,1,4,1662,530430,63,40:00.0,6,9:00,429
7538792291,U,OB,1,4,7110,116768,46,05:00.0,7,2:00,429
7538795876,U,OB,1,1,500,121628,18,29:00.0,5,22:00,429
7538803246,U,OB,1,1,465,130455,84,20:00.0,6,13:00,429
7538807022,U,OB,1,1,194,136623,69,57:00.0,7,0:00,429
7538832488,U,OB,1,4,2309,137083,26,48:00.0,6,7:00,421
7538832515,U,OB,1,1,792,131040,39,31:00.0,7,4:00,421
7538832551,U,OB,1,3,2882,127739,49,00:00.0,1,1:00,421
753883257X,U,OB,1,2,1100,125130,69,55:00.0,3,7:00,421
7538832598,U,OB,1,7,3965,R621153063,22,29:00.0,5,13:00,421
7538832607,U,OB,1,3,1739,R621153063,22,13:00.0,5,13:00,421
7538832616,U,OB,1,2,1348,41398,48,37:00.0,6,17:00,421
753884236X,U,OB,1,2,1365,121658,72,23:00.0,6,11:00,421
7538842900,U,IB,1,1,1320,202445,150,38:00.0,7,18:00,421
7538842947,U,OB,1,1,1260,134345,22,59:00.0,4,8:00,421
7538847062,U,CTY,1,5,3598,126624,231,54:00.0,5,8:00,421
7538847062,U,OB,1,5,3598,126624,40,13:00.0,5,4:00,421
7538852178,U,OB,1,1,610,136800,55,55:00.0,4,6:00,421
7538852196,U,OB,1,1,464,131945,38,15:00.0,5,16:00,421
7538852205,U,OB,1,2,2089,126250,18,53:00.0,6,6:00,421
7538852333,U,OB,1,1,1451,134790,46,04:00.0,4,6:00,421
7538854744,U,OB,1,1,350,134637,53,57:00.0,6,6:00,421
7538854762,U,OB,1,1,290,128129,69,50:00.0,7,5:00,421
7538854872,U,OB,1,1,400,128129,69,54:00.0,7,6:00,421
7538854881,U,OB,1,1,624,121658,72,52:00.0,6,8:00,421
7538855743,U,OB,1,7,697,137083,26,25:00.0,6,15:00,421
7538855752,U,OB,1,8,386,137083,26,14:00.0,6,16:00,421
7538855761,U,OB,1,11,833,137083,26,30:00.0,6,16:00,421
753885578X,U,OB,1,4,316,137083,26,17:00.0,6,16:00,421
7538856183,U,OB,1,2,555,135929,38,50:00.0,5,20:00,421
7538856531,U,OB,1,1,325,125746,43,54:00.0,3,2:00,421
7538856540,U,OB,1,1,285,135178,39,58:00.0,3,6:00,421
7538856540,U,OB,1,1,285,135178,34,19:00.0,3,8:00,421
753885655X,U,OB,1,2,3475,135178,39,07:00.0,3,8:00,421
7538856569,U,OB,1,1,653,135178,39,09:00.0,3,7:00,421
7538856605,U,OB,1,1,250,133942,38,26:00.0,4,4:00,421
753885721X,U,OB,1,1,677,131947,50,43:00.0,3,1:00,421
7538861142,U,OB,1,1,225,136210,38,42:00.0,4,7:00,421
7538861160,U,OB,1,1,215,136210,38,13:00.0,4,7:00,421
753886117X,U,OB,1,1,697,130828,31,49:00.0,4,8:00,421
7538872665,U,OB,1,2,1643,127079,38,51:00.0,5,5:00,421
7538872674,U,OB,1,3,1090,129682,22,47:00.0,5,14:00,421
7538872692,U,OB,1,6,3946,129682,22,12:00.0,5,16:00,421
7538872701,U,OB,1,1,735,131040,39,05:00.0,7,4:00,421
7538872739,U,OB,1,1,211,131040,39,14:00.0,7,4:00,421
7538872748,U,OB,1,1,229,131040,39,04:00.0,7,4:00,421
7538872775,U,OB,1,2,458,131040,39,19:00.0,7,4:00,421
7538872802,U,OB,1,1,530,137716,58,37:00.0,3,14:00,421
7538872849,U,OB,1,1,525,137716,58,39:00.0,3,14:00,421
7538872858,U,OB,1,1,312,137716,58,29:00.0,3,12:00,421
7538873242,U,OB,1,4,180,131589,39,46:00.0,4,3:00,421
7538873251,U,OB,1,2,42,131589,39,15:00.0,4,3:00,421
7538873298,U,OB,1,2,178,127079,38,04:00.0,5,7:00,421
7538873370,U,OB,1,1,36,136800,55,33:00.0,4,6:00,421
7538873408,U,OB,1,2,285,136800,55,23:00.0,4,6:00,421
7538873417,U,OB,1,2,91,128543,52,21:00.0,5,6:00,421
7538873426,U,OB,1,2,91,128543,52,25:00.0,5,6:00,421
7538873453,U,OB,1,1,72,125212,36,22:00.0,6,14:00,421
7538873453,U,OB,1,1,72,125212,50,39:00.0,6,3:00,421
7538873554,U,OB,1,11,541,126438,39,56:00.0,5,4:00,421
7538873563,U,OB,1,1,32,119471,40,59:00.0,6,10:00,421
7538873572,U,OB,1,3,117,131020,14,56:00.0,7,6:00,421
7538873581,U,OB,1,2,245,127085,58,41:00.0,3,8:00,421
7538873590,U,OB,1,2,230,127085,58,32:00.0,3,8:00,421
753887360X,U,OB,1,1,36,127085,58,43:00.0,3,8:00,421
753887459X,U,OB,1,1,365,127079,38,01:00.0,5,8:00,421
7538876479,U,OB,1,4,4140,125746,43,54:00.0,3,6:00,421
7538877880,U,OB,1,2,685,125746,43,32:00.0,3,3:00,421
7538877927,U,OB,1,2,2225,136776,26,18:00.0,5,3:00,421
7538877936,U,OB,1,1,1202,136776,26,03:00.0,5,3:00,421
7538877954,U,OB,1,1,540,138679,49,58:00.0,6,8:00,421
7538877972,U,OB,1,1,309,136776,26,00:00.0,5,3:00,421
7538877990,U,OB,1,1,585,127079,38,27:00.0,5,9:00,421
7538878046,U,OB,1,2,890,131040,39,54:00.0,7,3:00,421
7538878055,U,IB,1,1,1549,134295,152,38:00.0,7,18:00,421
753888020X,U,OB,1,5,2220,137083,26,59:00.0,6,11:00,421
7538880237,U,OB,1,2,1313,123486,17,31:00.0,6,3:00,421
7538881290,U,OB,1,1,94,131947,50,18:00.0,3,3:00,421
7538881328,U,OB,1,1,78,135178,39,01:00.0,3,8:00,421
7538881373,U,OB,1,1,156,133942,38,08:00.0,4,5:00,421
7538891008,U,OB,1,1,275,290733,72,27:00.0,5,7:00,421
7538891017,U,OB,1,1,275,128543,52,46:00.0,5,8:00,421
7538891109,U,OB,1,1,350,R621153063,22,54:00.0,5,13:00,421
7538891118,U,OB,1,1,275,134163,39,54:00.0,7,12:00,421
7538891127,U,OB,1,1,275,134163,39,51:00.0,7,12:00,421
7538891686,U,OB,1,1,61,126250,18,15:00.0,6,6:00,421
7538891787,U,OB,1,1,165,127209,69,39:00.0,3,6:00,421
7538891787,U,OB,1,1,165,127209,64,44:00.0,3,14:00,421
7538891814,U,OB,1,1,1030,127209,69,27:00.0,3,6:00,421
7538891841,U,OB,1,2,2808,127209,69,20:00.0,3,7:00,421
7538891897,U,OB,1,1,274,129476,31,20:00.0,4,6:00,421
7538891998,U,OB,1,1,61,261165,73,56:00.0,5,4:00,421
7538892025,U,OB,1,2,122,121658,72,38:00.0,6,7:00,421
7538892034,U,OB,1,1,262,125573,60,30:00.0,6,8:00,421
753889208X,U,OB,1,2,938,128129,69,10:00.0,7,7:00,421
7538894216,U,OB,1,1,38,134163,39,04:00.0,7,14:00,421
7538894225,U,OB,1,1,510,136705,39,14:00.0,7,7:00,421
7538896003,U,OB,1,1,148,126138,39,37:00.0,4,3:00,421
7538896214,U,OB,1,1,365,125715,22,09:00.0,6,22:00,421
7538896223,U,OB,1,1,97,41398,48,52:00.0,6,15:00,421
7538897644,U,OB,1,1,104,41398,48,40:00.0,6,16:00,421
7538897662,U,OB,1,1,240,41398,48,19:00.0,6,16:00,421
7538897718,U,OB,1,1,155,41398,48,24:00.0,6,17:00,421
7538897727,U,OB,1,1,93,41398,48,01:00.0,6,17:00,421
7538897736,U,OB,1,1,141,41398,48,29:00.0,6,17:00,421
7538897763,U,OB,1,2,853,41398,48,32:00.0,6,17:00,421
7538899624,U,OB,1,1,169,131589,39,29:00.0,4,4:00,421
7538904390,U,OB,1,1,134,139785,53,06:00.0,6,3:00,421
7538904428,U,OB,1,1,141,139785,53,03:00.0,6,4:00,421
7538904455,U,OB,1,1,104,139785,53,17:00.0,6,3:00,421
7538904473,U,OB,1,1,248,139785,53,16:00.0,6,3:00,421
7538904657,U,OB,1,1,167,138774,73,22:00.0,6,4:00,421
7538904702,U,OB,1,1,104,138774,73,18:00.0,6,4:00,421
7538904904,U,OB,1,1,215,131437,32,09:00.0,6,15:00,421
7538905106,U,OB,1,1,182,126250,18,00:00.0,6,8:00,421
7538905124,U,OB,1,1,154,126250,18,06:00.0,6,8:00,421
7538905335,U,OB,1,1,104,138679,49,18:00.0,6,10:00,421
7538905344,U,OB,1,1,212,138679,49,26:00.0,6,10:00,421
7538905344,U,CTY,1,1,212,138679,223,03:00.0,6,19:00,421
7538905362,U,OB,1,1,215,131437,32,18:00.0,6,14:00,421
7538910395,U,OB,1,2,6072,126438,39,59:00.0,5,3:00,421
7538910422,U,OB,1,1,1746,126438,39,31:00.0,5,4:00,421
7538910496,U,OB,1,1,276,139785,53,10:00.0,6,3:00,421
7538910541,U,OB,1,1,312,131020,14,37:00.0,7,6:00,421
753891056X,U,OB,1,1,162,134790,46,57:00.0,4,4:00,421
7538910588,U,OB,1,1,790,134790,46,03:00.0,4,5:00,421
7538910597,U,OB,1,1,1382,134790,46,21:00.0,4,5:00,421
7538910615,U,OB,1,2,4662,136723,40,03:00.0,5,5:00,421
7538911421,U,OB,1,1,384,131589,39,06:00.0,4,5:00,421
753891144X,U,OB,1,2,1582,127079,38,01:00.0,5,10:00,421
7538911495,U,OB,1,1,816,138679,49,10:00.0,6,9:00,421
7538911513,U,OB,1,1,148,138679,49,03:00.0,6,9:00,421
7538911531,U,OB,1,1,406,124065,22,28:00.0,7,7:00,421
7538911540,U,OB,1,1,2514,124065,22,42:00.0,7,4:00,421
7538911578,U,OB,1,1,356,124065,22,23:00.0,7,7:00,421
7538911596,U,OB,1,1,1662,124065,22,43:00.0,7,7:00,421
7538911632,U,OB,1,1,186,211224,51,16:00.0,3,3:00,421
7538911650,U,OB,1,7,9495,290302,52,25:00.0,4,7:00,421
753891166X,U,OB,1,2,4818,290302,52,01:00.0,4,8:00,421
7538911688,U,OB,1,1,320,290733,72,38:00.0,5,6:00,421
7538911697,U,OB,1,1,364,290733,72,30:00.0,5,6:00,421
7538911706,U,OB,1,2,2006,128543,52,45:00.0,5,6:00,421
7538911715,U,OB,1,1,122,128543,52,37:00.0,5,6:00,421
7538911760,U,OB,1,3,4410,140023,22,21:00.0,7,7:00,421
753891177X,U,OB,1,2,1004,126495,53,07:00.0,3,8:00,421
7538911798,U,OB,1,1,252,126138,39,23:00.0,4,4:00,421
7538911816,U,OB,1,1,170,126138,39,44:00.0,4,3:00,421
7538911834,U,OB,1,2,3728,126138,39,28:00.0,4,4:00,421
7538911861,U,OB,1,1,628,126138,39,29:00.0,4,5:00,421
7538911870,U,OB,1,3,794,126138,39,05:00.0,4,4:00,421
7538966468,U,OB,1,1,660,137774,46,26:00.0,5,6:00,421
753898041X,U,OB,1,2,1261,129476,31,22:00.0,4,6:00,421
7538990282,U,OB,1,1,455,131033,14,51:00.0,5,12:00,421
7538990282,U,OB,1,1,455,131033,16,46:00.0,5,21:00,421
7539016289,U,OB,1,5,1768,131947,50,13:00.0,3,3:00,421
7539016316,U,OB,1,1,262,131947,50,24:00.0,3,3:00,421
7539016343,U,OB,1,1,238,131947,50,38:00.0,3,2:00,421
7539016352,U,OB,1,1,206,131589,39,27:00.0,4,5:00,421
753901638X,U,OB,1,1,350,131589,39,19:00.0,4,5:00,421
7539021852,U,OB,1,1,1042,139785,53,07:00.0,6,2:00,421
7539023960,U,OB,1,1,161,279882,43,58:00.0,3,3:00,421
7539024052,U,OB,1,3,918,279944,49,31:00.0,4,4:00,421
7539024061,U,OB,1,1,306,279944,49,22:00.0,4,4:00,421
7539024070,U,OB,1,1,306,279944,49,25:00.0,4,4:00,421
7539024180,U,OB,1,5,7970,291204,31,58:00.0,3,2:00,421
7539025309,U,OB,1,3,1920,133942,38,42:00.0,4,4:00,421
7539025318,U,OB,1,3,616,133942,38,27:00.0,4,5:00,421
7539025327,U,OB,1,1,407,131589,39,17:00.0,4,4:00,421
7539025922,U,OB,1,1,2070,135929,38,06:00.0,5,21:00,421
7539032495,U,OB,1,1,168,127079,38,51:00.0,5,6:00,421
7539034291,U,OB,1,1,580,125212,50,09:00.0,6,4:00,421
7539034300,U,OB,1,1,140,125212,50,10:00.0,6,4:00,421
7539034576,U,OB,1,1,145,121658,72,27:00.0,6,10:00,421
7539037775,U,OB,1,1,245,131040,39,47:00.0,7,3:00,421
7539037784,U,OB,1,1,4000,137716,58,32:00.0,3,5:00,421
7539037793,U,OB,1,1,241,123822,60,14:00.0,3,3:00,421
7539037802,U,OB,1,1,550,123822,60,30:00.0,3,2:00,421
7539037811,U,OB,1,1,1632,123932,26,31:00.0,4,6:00,421
7539057236,U,OB,1,2,1150,140023,22,41:00.0,7,6:00,421
7539057245,U,OB,1,1,1070,140023,22,32:00.0,7,6:00,421
7539057319,U,OB,1,1,325,279882,43,45:00.0,3,4:00,421
7539057382,U,OB,1,5,9925,127085,58,56:00.0,3,6:00,421
7539057804,U,OB,1,1,450,137716,58,17:00.0,3,14:00,421
7539057822,U,OB,1,1,204,131945,38,40:00.0,5,15:00,421
7539057950,U,OB,1,4,60,261353,58,14:00.0,7,7:00,421
7539059189,U,CTY,1,1,130,135178,E14 ,41:00.0,3,2:00,421
7539059335,U,OB,1,2,625,134615,52,52:00.0,4,15:00,421
7539059802,U,OB,1,1,395,R621153063,22,21:00.0,5,14:00,421
7539067035,U,OB,1,1,410,136776,26,25:00.0,5,3:00,421
7539067053,U,CTY,1,1,1165,138679,N   ,30:00.0,6,18:00,421
7539067053,U,OB,1,1,1165,138679,49,53:00.0,6,6:00,421
7539067071,U,OB,1,11,1101,138774,73,27:00.0,6,5:00,421
7539067080,U,OB,1,1,366,131945,38,42:00.0,5,15:00,421
7539067136,U,OB,1,6,1525,135499,51,15:00.0,3,6:00,421
7539075175,U,OB,1,1,63,127079,38,12:00.0,5,13:00,421
7539075184,U,OB,1,2,76,127079,38,09:00.0,5,13:00,421
7539075193,U,OB,1,1,60,127079,38,14:00.0,5,13:00,421
7539075202,U,OB,1,1,60,127079,38,16:00.0,5,13:00,421
7539075211,U,OB,1,2,120,127079,38,17:00.0,5,13:00,421
7539075220,U,OB,1,1,26,127079,38,26:00.0,5,11:00,421
753907523X,U,OB,1,2,52,127079,38,08:00.0,5,11:00,421
7539075249,U,OB,1,2,93,127079,38,04:00.0,5,13:00,421
7539075258,U,OB,1,1,60,127079,38,57:00.0,5,12:00,421
7539075267,U,OB,1,2,76,127079,38,53:00.0,5,12:00,421
7539075276,U,OB,1,1,60,127079,38,51:00.0,5,12:00,421
7539075285,U,OB,1,1,60,127079,38,47:00.0,5,12:00,421
7539075294,U,OB,1,1,54,127079,38,47:00.0,5,10:00,421
7539075303,U,OB,1,1,41,127079,38,49:00.0,5,10:00,421
7539075312,U,OB,1,1,41,127079,38,42:00.0,5,10:00,421
7539075321,U,OB,1,1,60,138679,49,27:00.0,6,13:00,421
7539075330,U,OB,1,1,60,138679,49,21:00.0,6,13:00,421
753907534X,U,OB,1,1,60,138679,49,17:00.0,6,13:00,421
7539075359,U,OB,1,1,60,138679,49,00:00.0,6,13:00,421
7539075368,U,OB,1,1,60,138679,49,08:00.0,6,13:00,421
7539075377,U,OB,1,1,60,138679,49,13:00.0,6,13:00,421
7539075386,U,OB,1,2,120,138679,49,56:00.0,6,12:00,421
7539081151,U,OB,1,1,500,131945,38,10:00.0,5,15:00,421
7539081198,U,OB,1,4,740,138774,73,03:00.0,6,6:00,421
7539081326,U,OB,1,1,75,131020,14,43:00.0,7,6:00,421
7539081362,U,OB,1,1,1094,121580,75,27:00.0,7,14:00,421
7539081564,U,OB,1,3,398,138679,49,20:00.0,6,3:00,421
7539102170,U,IB,1,1,335,135053,131,43:00.0,1,3:00,805
7539103106,U,CTY,1,1,52,290332,192,46:00.0,7,14:00,805
7539104619,U,IB,1,1,600,211026,129,38:00.0,1,7:00,805
7539109064,U,CTY,1,5,575,126655,194,50:00.0,5,16:00,805
7539125849,U,IB,1,4,848,134287,158,12:00.0,2,13:00,805
7539137260,U,CTY,1,1,415,136740,188,07:00.0,5,21:00,805
7539179904,U,OB,1,2,320,128078,82,10:00.0,3,15:00,857
7539179904,U,OB,1,2,320,128078,97,19:00.0,3,15:00,857
7539219183,U,OB,1,1,992,558489,88,40:00.0,3,7:00,857
7539220559,U,CTY,1,3,417,127977,173,02:00.0,5,5:00,857
7539220568,U,CTY,1,4,503,127977,173,41:00.0,5,4:00,857
7539221026,U,CTY,1,1,747,124196,192,24:00.0,5,9:00,857
753922109X,U,CTY,1,1,436,135016,196,33:00.0,2,21:00,857
7539221127,U,CTY,1,1,130,133013,176,54:00.0,5,23:00,857
7539250212,U,CTY,1,1,455,133819,227,21:00.0,4,8:00,857
7539250212,U,CTY,1,1,455,133819,195,05:00.0,6,20:00,857
7539250212,U,CTY,1,1,455,133819,231,15:00.0,2,20:00,857
7539250230,U,CTY,1,7,10980,116780,187,56:00.0,5,18:00,857
7539250340,U,CTY,1,6,9525,133013,176,52:00.0,5,23:00,857
7539250378,U,CTY,1,3,4740,133744,194,49:00.0,4,20:00,857
7539254621,U,CTY,1,1,395,249121,177,58:00.0,4,5:00,857
7539254621,U,CTY,1,1,395,249121,189,58:00.0,3,22:00,857
7539295440,U,CTY,1,1,473,133013,176,53:00.0,5,22:00,857
7539306743,U,CTY,1,1,1100,135187,172,44:00.0,4,22:00,857
7539412480,U,CTY,1,2,825,139728,168,33:00.0,1,9:00,511
7539412572,U,IB,1,2,328,130699,127,24:00.0,4,1:00,246
7539412572,U,OB,1,2,328,130699,59,55:00.0,4,2:00,246
7539412619,U,CTY,1,1,442,139912,174,38:00.0,5,14:00,511
7539412682,U,CTY,1,1,350,290769,186,01:00.0,6,8:00,511
7539412682,U,IB,1,1,350,290769,129,00:00.0,6,8:00,511
7539412691,U,CTY,1,2,700,290769,191,56:00.0,6,7:00,511
7539412691,U,IB,1,2,700,290769,129,53:00.0,6,7:00,511
7539412700,U,IB,1,1,263,290769,129,39:00.0,6,8:00,511
7539412700,U,CTY,1,1,263,290769,217,42:00.0,6,8:00,511
7539412729,U,IB,1,1,195,290769,129,48:00.0,6,8:00,511
7539412792,U,IB,1,1,12,290769,129,04:00.0,6,11:00,511
7539429797,U,CTY,1,1,245,128154,172,10:00.0,3,16:00,873
7539429806,U,CTY,1,1,120,128154,172,09:00.0,3,15:00,873
7539429851,U,CTY,1,1,170,129962,172,12:00.0,4,14:00,873
753942987X,U,CTY,1,1,140,138345,195,58:00.0,4,19:00,873
7539444820,U,IB,1,1,315,126878,133,16:00.0,4,8:00,873
7539444885,U,IB,1,1,315,134558,145,53:00.0,7,8:00,873
7539450632,U,IB,1,1,303,128333,135,38:00.0,2,13:00,642
7539452347,U,CTY,1,2,2900,129962,172,37:00.0,4,13:00,873
7539458929,U,IB,1,1,736,134289,129,15:00.0,7,15:00,873
7539458947,U,IB,1,2,664,134289,129,52:00.0,7,14:00,873
7539459185,U,IB,1,2,1675,202385,117,51:00.0,5,13:00,873
7539462274,U,IB,1,1,236,128529,133,30:00.0,3,8:00,873
7539469626,U,CTY,1,5,7965,135540,174,58:00.0,1,8:00,873
7539469671,U,IB,1,6,2100,278516,131,16:00.0,3,2:00,873
7539495934,U,CTY,1,3,2692,261344,172,19:00.0,1,14:00,873
7539495943,U,CTY,1,5,3098,261344,172,03:00.0,1,16:00,873
7539495952,U,IB,1,5,3145,130905,164,43:00.0,1,10:00,873
7539497649,U,IB,1,1,515,133117,164,03:00.0,2,22:00,873
7539503340,U,CTY,1,1,368,137902,174,38:00.0,2,12:00,873
7539516962,U,IB,1,1,234,121096,133,29:00.0,1,14:00,873
7539516980,U,IB,1,1,164,128529,133,26:00.0,3,5:00,873
7539521198,U,IB,1,10,7165,202385,117,38:00.0,5,13:00,873
7539650163,U,CTY,1,1,104,125775,194,43:00.0,2,0:00,324
7539707125,U,IB,1,1,512,132650,150,13:00.0,4,22:00,381
7539707134,U,IB,1,1,548,132650,150,34:00.0,4,22:00,381
7539707419,U,IB,1,14,7178,127970,149,20:00.0,7,8:00,381
7539708088,U,IB,1,1,753,132650,150,03:00.0,4,22:00,381
753970839X,U,IB,1,1,198,140093,143,50:00.0,1,18:00,381
7539708409,U,IB,1,1,455,140093,143,42:00.0,1,18:00,381
7539708463,U,IB,1,2,643,140093,143,36:00.0,1,18:00,381
7539708472,U,IB,1,1,375,140093,143,45:00.0,1,18:00,381
7539709325,U,CTY,1,1,238,138842,187,16:00.0,4,10:00,381
7539709563,U,CTY,1,3,2202,140386,168,02:00.0,6,13:00,381
7539710279,U,IB,1,2,1550,133577,163,23:00.0,7,13:00,381
7539711159,U,CTY,1,1,549,138418,174,14:00.0,7,0:00,381
7539712093,U,IB,1,1,556,132292,145,32:00.0,6,3:00,381
7539712102,U,IB,1,2,476,132292,145,17:00.0,6,2:00,381
7539768110,U,IB,1,1,1400,137656,164,16:00.0,3,21:00,140
7539794355,U,IB,1,5,1225,138387,149,11:00.0,5,11:00,140
7539794373,U,CTY,1,2,762,290757,197,49:00.0,7,5:00,140
7539799067,U,OB,1,1,990,129611,88,14:00.0,2,8:00,140
7539799067,U,OB,1,1,990,129611,88,08:00.0,2,9:00,140
7539809297,U,CTY,1,1,250,138558,173,56:00.0,4,3:00,140
7539811854,U,CTY,1,7,1960,132301,188,42:00.0,6,7:00,140
7539811881,U,CTY,1,4,1220,126885,174,50:00.0,1,1:00,140
7539811881,U,CTY,1,4,1220,126885,205,54:00.0,1,20:00,140
7539820104,U,CTY,1,1,314,137099,197,52:00.0,1,12:00,140
7539825943,U,IB,1,1,125,140037,112,07:00.0,3,10:00,140
7539826062,U,CTY,1,14,4900,126864,212,20:00.0,4,2:00,140
7539826062,U,CTY,1,14,4900,126864,214,45:00.0,3,15:00,140
7539826109,U,IB,1,2,710,134403,125,45:00.0,1,17:00,140
7539826136,U,IB,1,1,350,134403,125,41:00.0,1,17:00,140
7539826338,U,CTY,1,1,350,126864,175,14:00.0,1,19:00,140
7539826704,U,CTY,1,4,1430,138704,192,21:00.0,2,19:00,140
7539827465,U,CTY,1,4,1410,132301,188,24:00.0,6,3:00,140
7539827474,U,CTY,1,3,865,132301,188,36:00.0,6,4:00,140
7539827474,U,CTY,1,3,865,132301,204,56:00.0,6,10:00,140
7539827539,U,CTY,1,1,135,126885,174,26:00.0,1,1:00,140
7539831764,U,CTY,1,1,850,279981,169,33:00.0,2,22:00,140
7539839419,U,CTY,1,2,720,138449,196,42:00.0,3,10:00,140
7539846852,U,CTY,1,1,150,132650,196,44:00.0,6,15:00,140
7539851198,U,CTY,1,1,130,126885,174,42:00.0,1,0:00,140
7539854204,U,IB,1,1,400,261280,127,23:00.0,5,17:00,140
7539854653,U,CTY,1,1,1026,138164,187,50:00.0,2,2:00,140
7539900734,U,CTY,1,2,99,290980,168,57:00.0,4,17:00,511
753990166X,U,OB,1,1,365,135062,26,28:00.0,2,22:00,511
7539901917,U,OB,1,1,237,135062,26,32:00.0,2,22:00,511
7539902568,U,IB,1,1,420,140420,125,59:00.0,5,5:00,511
7539903457,U,IB,1,1,135,128759,125,13:00.0,1,7:00,511
7550025897,U,OB,1,1,400,45505,55,20:00.0,6,19:00,521
7550029848,U,OB,1,1,800,137797,72,33:00.0,4,17:00,521
755003180X,U,OB,1,7,17500,124137,32,40:00.0,4,22:00,521
7550050766,U,OB,1,3,276,211184,95,10:00.0,2,0:00,521
7550057063,U,IB,1,3,1113,HAEI24669,151,33:00.0,5,0:00,521
755005853X,U,OB,1,3,1235,128016,78,53:00.0,7,21:00,521
7550058567,U,IB,1,8,11870,138874,111,20:00.0,2,9:00,521
755005864X,U,OB,1,6,5515,127419,76,51:00.0,5,0:00,521
7550066029,U,IB,1,2,1550,130967,133,56:00.0,5,7:00,521
7550070997,U,OB,1,1,2930,128416,40,47:00.0,7,17:00,521
7550071006,U,OB,1,2,2500,128416,40,02:00.0,7,17:00,521
7550071143,U,IB,1,4,5980,121724,133,01:00.0,1,7:00,521
7550074398,U,OB,1,1,92,126921,38,51:00.0,6,5:00,521
7550075168,U,OB,1,7,9766,128595,69,37:00.0,3,0:00,521
7550075561,U,IB,1,1,1040,138779,131,01:00.0,5,9:00,521
7550078944,U,OB,1,2,418,138823,39,07:00.0,3,18:00,521
7550084527,U,IB,1,1,1590,291244,113,59:00.0,5,15:00,521
7550084545,U,IB,1,7,11130,127801,111,06:00.0,4,18:00,521
7550084637,U,IB,1,6,9582,131836,101,15:00.0,7,2:00,521
7550084664,U,OB,1,6,9620,136969,17,28:00.0,6,9:00,521
7550084673,U,OB,1,3,4850,45505,55,33:00.0,6,21:00,521
755008603X,U,OB,1,1,139,128016,78,03:00.0,7,19:00,521
7550090063,U,IB,1,1,505,130708,111,47:00.0,2,6:00,521
7550090063,U,OB,1,1,505,130708,87,27:00.0,2,22:00,521
7550094362,U,OB,1,1,295,136758,39,20:00.0,7,22:00,521
7550094591,U,OB,1,1,330,133251,17,19:00.0,5,14:00,521
7550125694,U,OB,1,1,75,134428,14,29:00.0,1,5:00,521
7550126089,U,OB,1,2,3188,134428,14,01:00.0,1,8:00,521
7550140975,U,OB,1,2,900,137941,88,06:00.0,5,7:00,521
7550140975,U,CTY,1,2,900,137941,189,56:00.0,5,8:00,521
7550140984,U,OB,1,1,180,137941,88,29:00.0,5,7:00,521
7550142010,U,OB,1,3,1310,128416,40,53:00.0,7,17:00,521
7550142185,U,OB,1,1,440,130744,88,43:00.0,5,8:00,521
7550146989,U,CTY,1,3,4617,249390,187,16:00.0,1,13:00,521
7550154615,U,OB,1,1,1235,132300,84,52:00.0,6,19:00,521
7550162681,U,OB,1,1,1920,126921,38,43:00.0,6,6:00,521
7550163231,U,OB,1,2,2505,140154,39,49:00.0,6,14:00,521
7550169016,U,OB,1,1,195,127948,31,22:00.0,1,3:00,521
7550169070,U,OB,1,1,103,136969,17,52:00.0,6,8:00,521
7550171326,U,OB,1,12,5180,131011,72,51:00.0,1,19:00,521
7550182748,U,OB,1,4,7710,137941,88,23:00.0,5,3:00,521
7550226207,U,IB,1,1,621,131719,104,05:00.0,4,6:00,243
7550226234,U,IB,1,1,407,131719,104,11:00.0,4,6:00,243
7550230771,U,IB,1,1,460,131719,104,43:00.0,4,3:00,243
7550230854,U,IB,1,1,372,131719,104,32:00.0,4,4:00,243
7550230928,U,IB,1,1,368,125671,117,37:00.0,4,22:00,243
7550231000,U,IB,1,1,322,125276,116,56:00.0,1,7:00,243
7550231514,U,IB,1,1,344,125276,116,40:00.0,1,7:00,243
7550231588,U,IB,1,1,418,125276,116,47:00.0,1,7:00,243
7550231597,U,IB,1,1,293,125276,116,10:00.0,1,8:00,243
7550231642,U,IB,1,1,687,125276,116,03:00.0,1,8:00,243
755023167X,U,CTY,1,1,633,123631,196,50:00.0,1,4:00,243
7550231743,U,CTY,1,1,600,118588,169,48:00.0,4,13:00,243
7550231808,U,IB,1,1,326,125833,145,13:00.0,6,21:00,243
7550231918,U,IB,1,1,411,138531,129,44:00.0,7,20:00,243
7550231927,U,IB,1,301,549,138531,129,13:00.0,7,21:00,243
7550231945,U,IB,1,1,402,138531,129,00:00.0,7,21:00,243
7550231990,U,IB,1,1,528,138531,129,02:00.0,7,21:00,243
7550232019,U,IB,1,1,564,138531,129,15:00.0,7,22:00,243
7550232046,U,IB,1,1,614,138531,129,50:00.0,7,20:00,243
7550232046,U,CTY,1,1,614,138531,184,51:00.0,7,20:00,243
7550232147,U,OB,1,1,517,290981,90,04:00.0,4,7:00,243
7550232183,U,OB,1,1,486,290981,90,49:00.0,4,6:00,243
7550232192,U,OB,1,1,504,290981,90,28:00.0,4,6:00,243
7550250526,U,IB,1,1,423,125619,143,14:00.0,1,15:00,243
7550250562,U,IB,1,1,564,125619,143,27:00.0,1,14:00,243
755025059X,U,IB,1,1,456,125619,143,20:00.0,1,14:00,243
7550250645,U,IB,1,1,611,135919,131,38:00.0,4,1:00,243
755025070X,U,IB,1,1,469,135919,131,24:00.0,4,2:00,243
7550255402,U,IB,1,1,635,136348,150,36:00.0,7,21:00,243
7550255449,U,IB,1,1,687,125619,143,55:00.0,1,14:00,243
7550255559,U,CTY,1,2,1005,126990,188,19:00.0,7,3:00,243
7550255577,U,CTY,1,1,715,126990,188,59:00.0,7,1:00,243
7550255604,U,CTY,1,1,760,126990,188,03:00.0,7,3:00,243
755025576X,U,IB,1,1,665,135919,131,35:00.0,4,2:00,243
7550261764,U,IB,1,1,434,140311,125,15:00.0,3,23:00,243
7550262002,U,OB,1,1,617,125587,88,20:00.0,6,0:00,243
7550368089,U,OB,1,1,197,R42210422,22,14:00.0,3,13:00,347
7550396579,U,IB,1,1,400,430569,127,28:00.0,1,7:00,431
7550427020,U,IB,1,3,1895,430569,127,20:00.0,1,7:00,431
7550427662,U,IB,1,2,1762,131223,163,57:00.0,4,15:00,431
7550460011,U,IB,1,1,1716,126165,149,53:00.0,6,6:00,431
7550460020,U,OB,1,1,1565,HAEI27814,73,07:00.0,5,22:00,431
7550476621,U,CTY,1,1,327,126551,212,09:00.0,4,13:00,431
7550476704,U,OB,1,1,297,137256,89,38:00.0,5,16:00,431
7550476778,U,IB,1,1,264,45495,111,36:00.0,4,18:00,431
7550476814,U,IB,1,1,377,45495,111,39:00.0,4,18:00,431
7550476942,U,IB,1,1,366,121397,151,59:00.0,6,4:00,431
7550494699,U,OB,1,8,9369,202709,78,08:00.0,4,10:00,431
7550516699,U,CTY,1,6,357,HAEI28100,172,07:00.0,5,19:00,431
7550523261,U,IB,1,1,418,131617,158,19:00.0,4,10:00,431
7550523876,U,IB,1,1,226,123393,145,28:00.0,1,1:00,431
755052405X,U,CTY,1,3,4340,HAEI25934,192,28:00.0,1,0:00,431
7550524069,U,IB,1,1,298,HAEI26012,137,13:00.0,7,1:00,431
7550524069,U,IB,1,1,298,HAEI26012,158,33:00.0,6,17:00,431
755052471X,U,OB,1,1,440,132575,11,39:00.0,1,10:00,431
7550527809,U,OB,1,8,18809,251501,90,22:00.0,1,9:00,431
7550528139,U,CTY,1,5,3485,211617,169,53:00.0,5,19:00,431
7550563283,U,CTY,1,1,220,558695,169,02:00.0,7,8:00,431
7550569140,U,IB,1,1,830,127444,164,09:00.0,4,20:00,431
7550628156,U,OB,1,1,206,HAEI23421,75,41:00.0,4,15:00,431
7550628486,U,CTY,1,1,114,132080,172,34:00.0,6,22:00,431
7550628495,U,CTY,1,1,126,261383,187,42:00.0,6,21:00,431
7550628513,U,CTY,1,1,225,261383,187,11:00.0,6,21:00,431
755062855X,U,CTY,1,2,762,125307,195,07:00.0,2,2:00,431
7550632464,U,CTY,1,1,186,119931,175,33:00.0,2,18:00,431
7550632538,U,IB,1,1,153,134733,111,31:00.0,6,10:00,431
7550669828,U,OB,1,1,409,HAEI26237,67,12:00.0,5,19:00,431
7550705578,U,CTY,1,1,780,HAEI24595,173,33:00.0,7,12:00,431
7550705852,U,IB,1,1,852,134387,111,59:00.0,3,20:00,431
7550711866,U,IB,1,1,1295,134387,111,33:00.0,3,19:00,431
7550711920,U,CTY,1,3,3535,530503,187,31:00.0,7,4:00,431
7550722242,U,IB,1,1,103,430569,127,16:00.0,1,7:00,431
7550722700,U,OB,1,1,380,137256,89,20:00.0,5,16:00,431
7550722875,U,CTY,1,1,380,560380,169,05:00.0,6,18:00,431
7550749174,U,CTY,1,5,1915,139734,187,15:00.0,1,20:00,431
7550749192,U,CTY,1,1,230,139509,196,13:00.0,4,12:00,431
7550750916,U,OB,1,2,866,202709,78,16:00.0,4,10:00,431
7550751448,U,CTY,1,1,421,126551,210,41:00.0,4,12:00,431
7550751567,U,CTY,1,1,204,119931,175,35:00.0,2,18:00,431
7550758322,U,OB,1,1,200,132575,11,10:00.0,1,13:00,431
7550759597,U,CTY,1,1,112,119931,175,23:00.0,2,20:00,431
7550759615,U,CTY,1,1,326,119931,175,39:00.0,2,20:00,431
7550759707,U,CTY,1,1,89,119931,175,20:00.0,2,18:00,431
7550820380,U,CTY,1,5,1323,124077,188,29:00.0,3,19:00,642
7550823781,U,IB,1,1,514,134444,164,39:00.0,2,15:00,642
755082380X,U,CTY,1,1,1100,128321,235,22:00.0,2,20:00,642
755082380X,U,IB,1,1,1100,128321,151,58:00.0,2,14:00,642
7550826825,U,IB,1,1,644,202456,105,39:00.0,2,14:00,642
7550826861,U,CTY,1,1,817,128388,237,57:00.0,3,20:00,642
7550826861,U,IB,1,1,817,128388,151,11:00.0,3,16:00,642
7550826908,U,CTY,1,1,656,133143,169,10:00.0,7,11:00,642
755082699X,U,IB,1,8,4779,126816,123,01:00.0,3,8:00,642
7550827009,U,IB,1,7,4789,126816,123,03:00.0,3,8:00,642
7550827045,U,IB,1,7,4110,123961,151,10:00.0,4,16:00,642
7550827045,U,CTY,1,7,4110,123961,228,41:00.0,4,16:00,642
7550827072,U,IB,1,5,2965,211474,117,23:00.0,3,14:00,642
755082710X,U,IB,1,1,1022,123961,151,06:00.0,4,15:00,642
7550827238,U,IB,1,1,901,139777,125,13:00.0,5,15:00,642
7550827696,U,IB,1,1,1400,211615,123,27:00.0,1,18:00,642
7550827732,U,IB,1,1,917,128321,151,40:00.0,2,15:00,642
7550827741,U,IB,1,2,1762,128321,151,30:00.0,2,15:00,642
7550827750,U,IB,1,1,1762,128321,151,21:00.0,2,15:00,642
7550829557,U,IB,1,1,116,135950,123,24:00.0,3,6:00,642
7550832682,U,CTY,1,1,307,132772,168,49:00.0,1,12:00,642
7550833957,U,IB,1,1,340,139677,145,17:00.0,5,13:00,642
7550854563,U,IB,1,1,219,137782,105,26:00.0,1,6:00,642
7550865810,U,IB,1,2,804,138651,131,03:00.0,3,5:00,642
755086582X,U,IB,1,1,390,138651,131,26:00.0,3,5:00,642
7550865893,U,IB,1,1,762,559415,158,44:00.0,4,6:00,642
7550865958,U,IB,1,1,517,140278,127,49:00.0,4,13:00,642
7550866187,U,CTY,1,6,3531,128363,169,55:00.0,1,5:00,642
7550866196,U,CTY,1,3,455,128363,169,44:00.0,1,5:00,642
755086681X,U,IB,1,1,226,127791,111,40:00.0,1,5:00,642
7550866829,U,IB,1,1,165,127791,111,35:00.0,1,6:00,642
7550866957,U,IB,1,1,216,202456,105,01:00.0,2,14:00,642
7550866966,U,IB,1,2,1074,140309,158,50:00.0,2,21:00,642
7550867002,U,IB,1,3,1016,138055,145,09:00.0,7,14:00,642
7550867314,U,IB,1,1,144,290274,133,15:00.0,2,8:00,642
7550867323,U,IB,1,1,153,290274,133,04:00.0,2,8:00,642
7550867332,U,IB,1,1,138,290274,133,11:00.0,2,8:00,642
7550867350,U,IB,1,2,572,290274,133,19:00.0,2,8:00,642
7550867433,U,CTY,1,1,262,125602,169,40:00.0,7,0:00,642
7550867460,U,CTY,1,1,367,125602,169,44:00.0,7,0:00,642
7550878011,U,IB,1,1,207,138055,145,14:00.0,7,14:00,642
7550878067,U,CTY,1,2,1015,133174,176,04:00.0,1,17:00,642
7550878094,U,CTY,1,4,1176,133174,176,59:00.0,1,16:00,642
755087814X,U,CTY,1,1,423,133174,176,43:00.0,1,17:00,642
7550884759,U,CTY,1,1,175,133913,187,13:00.0,1,0:00,642
7550888939,U,CTY,1,1,1310,128363,169,12:00.0,1,5:00,642
7550888948,U,CTY,1,1,515,128363,169,06:00.0,1,5:00,642
7550888948,U,CTY,1,1,515,128363,182,53:00.0,1,5:00,642
7550920260,U,IB,1,1,82,132656,127,49:00.0,3,22:00,642
7550920325,U,IB,1,1,137,140309,158,06:00.0,2,22:00,642
7550921782,U,IB,1,1,111,123961,151,20:00.0,4,15:00,642
755092852X,U,CTY,1,3,2022,279237,194,34:00.0,3,15:00,642
755092852X,U,CTY,1,3,2022,279237,186,54:00.0,3,15:00,642
7550928575,U,IB,1,2,469,135192,164,10:00.0,7,8:00,642
7550928593,U,IB,1,1,905,290274,133,40:00.0,2,9:00,642
7550928649,U,IB,1,1,1026,137774,145,47:00.0,3,17:00,642
7550938347,U,IB,1,2,890,130805,117,00:00.0,3,1:00,642
7550958129,U,IB,1,1,194,128333,135,57:00.0,2,13:00,642
7550958174,U,IB,1,2,605,211474,117,10:00.0,3,16:00,642
7550964920,U,IB,1,1,1265,130805,117,47:00.0,3,2:00,642
7550965443,U,IB,1,5,2179,131187,125,33:00.0,4,13:00,642
7550968770,U,IB,1,5,2241,211615,123,21:00.0,1,17:00,642
7550970732,U,IB,1,1,196,261149,125,23:00.0,3,15:00,642
7550974308,U,IB,1,1,95,128333,135,49:00.0,2,10:00,642
7550996252,U,IB,1,1,183,132656,127,34:00.0,3,22:00,642
7550996261,U,IB,1,1,183,125468,111,19:00.0,2,11:00,642
7551009618,U,IB,1,1,175,133442,145,08:00.0,1,0:00,642
7551023038,U,IB,1,4,4580,136842,143,58:00.0,3,8:00,621
7551023166,U,IB,1,11,9815,276875,164,51:00.0,1,5:00,621
7551141901,U,IB,1,1,417,136012,163,50:00.0,3,10:00,875
7551151563,U,CTY,1,1,262,135843,194,02:00.0,3,19:00,868
7551151628,U,CTY,1,1,275,130753,187,20:00.0,3,8:00,868
7551156046,U,IB,1,1,350,290005,152,00:00.0,4,12:00,868
7551172748,U,CTY,1,1,210,133257,197,31:00.0,6,3:00,270
7551172802,U,CTY,1,2,1307,131787,188,11:00.0,1,5:00,270
7551172986,U,IB,1,1,485,129496,114,46:00.0,3,8:00,270
7551173096,U,CTY,1,1,400,125856,174,08:00.0,4,19:00,270
7551173150,U,CTY,1,1,350,PASC634534,197,42:00.0,1,4:00,270
7551173215,U,CTY,1,1,140,290114,169,53:00.0,1,11:00,270
7551173480,U,CTY,1,1,310,116773,187,49:00.0,5,20:00,270
7551173792,U,IB,1,1,1217,PASC634013,143,11:00.0,5,17:00,270
755117393X,U,CTY,1,1,245,125630,197,16:00.0,7,4:00,270
755118614X,U,CTY,1,1,1175,200701,192,00:00.0,4,19:00,270
755119230X,U,CTY,1,6,1815,135246,189,42:00.0,4,21:00,270
755119406X,U,CTY,1,9,440,PASC634516,173,16:00.0,2,15:00,270
7551194270,U,CTY,1,3,558,131999,194,48:00.0,1,9:00,270
7551205317,U,CTY,1,1,26,134377,196,32:00.0,5,1:00,270
7551205326,U,CTY,1,1,26,134377,196,32:00.0,5,1:00,270
7551205335,U,CTY,1,1,26,134377,196,25:00.0,5,3:00,270
7551206361,U,IB,1,1,300,134163,143,53:00.0,4,19:00,270
7551249160,U,CTY,1,1,991,127039,189,07:00.0,5,21:00,223
7551249207,U,CTY,1,1,1475,211588,176,55:00.0,7,0:00,223
7551250444,U,CTY,1,4,3725,134505,180,48:00.0,3,4:00,223
7551255055,U,CTY,1,1,90,134898,189,32:00.0,1,5:00,223
7551255724,U,IB,1,1,190,125583,149,06:00.0,3,0:00,223
7551256375,U,CTY,1,3,905,133671,175,14:00.0,6,0:00,223
7551257282,U,OB,1,2,650,137800,86,18:00.0,7,4:00,223
7551260335,U,IB,1,9,16943,126666,117,02:00.0,1,9:00,223
7551260344,U,CTY,1,1,123,131231,235,49:00.0,3,9:00,223
7551261581,U,IB,1,1,630,132488,145,06:00.0,5,22:00,223
7551261783,U,CTY,1,3,6625,138802,195,21:00.0,1,4:00,223
7551261801,U,CTY,1,3,7105,132367,168,20:00.0,2,14:00,223
7551261866,U,CTY,1,5,602,123631,196,17:00.0,1,4:00,223
7551272518,U,CTY,1,1,178,137526,175,37:00.0,7,22:00,223
7551272628,U,OB,1,6,2470,137800,86,00:00.0,7,2:00,223
7551272637,U,OB,1,1,1024,137800,86,30:00.0,7,3:00,223
7551276110,U,IB,1,3,1020,430060,145,05:00.0,3,6:00,223
7551276211,U,CTY,1,1,435,130450,196,04:00.0,5,20:00,223
7551281060,U,CTY,1,2,4725,211588,176,37:00.0,7,0:00,223
7551282564,U,CTY,1,5,2485,123631,196,48:00.0,1,5:00,223
7551282591,U,OB,1,1,730,128078,96,23:00.0,2,6:00,223
7551282683,U,CTY,1,1,165,130617,188,17:00.0,3,1:00,223
755128272X,U,CTY,1,1,190,130617,188,29:00.0,3,1:00,223
7551289146,U,CTY,1,1,452,200701,192,41:00.0,4,17:00,223
7551291786,U,CTY,1,3,5260,133671,175,44:00.0,5,23:00,223
7551291795,U,CTY,1,1,99,130450,196,18:00.0,5,20:00,223
7551291804,U,OB,1,1,240,134059,99,47:00.0,5,11:00,223
755129394X,U,CTY,1,2,5816,126239,175,13:00.0,1,10:00,223
7551294078,U,IB,1,6,19170,290035,158,04:00.0,5,22:00,223
7551297598,U,OB,1,4,5280,134059,99,46:00.0,5,12:00,223
7551297607,U,OB,1,1,286,134059,99,52:00.0,5,11:00,223
7551305370,U,IB,1,1,320,127905,111,41:00.0,6,0:00,223
755130934X,U,IB,1,1,150,125583,149,21:00.0,3,0:00,223
7551309359,U,IB,1,1,203,125583,149,22:00.0,3,0:00,223
7551318433,U,CTY,1,1,1260,133671,175,00:00.0,6,0:00,223
7551318460,U,CTY,1,2,2216,123631,196,53:00.0,1,3:00,223
7551318489,U,CTY,1,1,1333,135187,172,59:00.0,5,0:00,223
7551318626,U,CTY,1,3,3777,137463,195,28:00.0,4,8:00,223
7551318644,U,IB,1,2,2115,132488,145,46:00.0,5,22:00,223
7551319194,U,CTY,1,7,8444,211588,176,08:00.0,7,1:00,223
7551319203,U,OB,1,6,6976,137800,86,14:00.0,7,4:00,223
7551328499,U,OB,1,3,5525,128078,96,51:00.0,2,6:00,223
7551336693,U,CTY,1,5,477,137463,195,44:00.0,4,7:00,223
7551336702,U,CTY,1,5,216,134898,189,24:00.0,1,2:00,223
755133695X,U,CTY,1,1,232,126239,175,49:00.0,1,9:00,223
7551337041,U,CTY,1,1,610,123631,196,27:00.0,1,5:00,223
755133728X,U,CTY,1,2,1484,123631,196,23:00.0,1,5:00,223
7551360251,U,OB,1,1,380,136884,52,09:00.0,5,20:00,401
7551369601,U,OB,1,1,300,290056,76,11:00.0,4,1:00,401
7551382958,U,CTY,1,1,263,135370,197,10:00.0,1,18:00,401
7551393509,U,OB,1,1,90,126714,39,19:00.0,3,14:00,401
7551394526,U,IB,1,1,95,121519,141,06:00.0,6,0:00,401
7551394535,U,OB,1,1,77,124616,49,19:00.0,5,22:00,401
7551411457,U,IB,1,5,4380,132176,112,12:00.0,6,0:00,186
7551411466,U,IB,1,4,2185,137723,143,51:00.0,7,19:00,186
7551453870,U,OB,1,1,900,127054,89,26:00.0,1,17:00,555
7551453908,U,OB,1,1,894,136085,66,47:00.0,1,20:00,555
7551487301,U,OB,1,1,200,125969,46,28:00.0,7,7:00,555
755149029X,U,OB,1,1,450,127054,89,14:00.0,1,17:00,555
7551490372,U,OB,1,1,110,127054,89,01:00.0,1,20:00,555
7551491802,U,IB,1,2,730,138903,113,44:00.0,7,1:00,555
7551511025,U,OB,1,1,116,140074,89,42:00.0,5,3:00,555
7551511171,U,IB,1,1,330,134122,151,35:00.0,6,8:00,555
7551511281,U,OB,1,1,130,140074,89,18:00.0,5,4:00,555
7551511465,U,OB,1,1,393,128016,78,23:00.0,7,22:00,555
7551511501,U,OB,1,1,156,138745,78,56:00.0,7,12:00,555
7551514242,U,OB,1,2,435,136085,66,09:00.0,2,0:00,555
7551514325,U,OB,1,2,727,136085,66,01:00.0,2,0:00,555
7551544804,U,OB,1,1,170,312365,53,49:00.0,2,22:00,422
7551544813,U,OB,1,1,74,312365,53,45:00.0,2,22:00,422
7551544822,U,OB,1,1,99,312365,53,05:00.0,2,23:00,422
7551544840,U,OB,1,1,238,312365,53,48:00.0,2,22:00,422
755154485X,U,OB,1,1,671,312365,53,58:00.0,2,22:00,422
7551544869,U,OB,1,1,570,312365,53,56:00.0,2,22:00,422
7551544878,U,OB,1,1,595,312365,53,01:00.0,2,23:00,422
7551544896,U,OB,1,2,802,530751,90,26:00.0,3,22:00,422
7551544914,U,OB,1,1,724,530751,90,30:00.0,3,22:00,422
7551544932,U,OB,1,1,296,530751,90,37:00.0,3,22:00,422
7551544950,U,OB,1,1,95,842082,78,01:00.0,5,2:00,422
755154496X,U,OB,1,6,3591,842082,78,29:00.0,5,2:00,422
7551544979,U,OB,1,1,452,842082,78,08:00.0,5,2:00,422
7551544988,U,OB,1,2,1075,842082,78,12:00.0,5,1:00,422
7551544997,U,OB,1,4,2580,842082,78,45:00.0,5,2:00,422
7551545006,U,OB,1,1,426,842082,78,33:00.0,5,0:00,422
7551545015,U,OB,1,1,428,842082,78,46:00.0,5,0:00,422
7551545024,U,OB,1,1,137,842082,78,58:00.0,5,0:00,422
7551545033,U,OB,1,3,313,120918,89,43:00.0,6,4:00,422
7551545042,U,OB,1,1,191,120918,89,27:00.0,6,4:00,422
7551545051,U,OB,1,2,1210,120918,83,46:00.0,6,6:00,422
7551545051,U,OB,1,2,1210,120918,89,45:00.0,6,6:00,422
7551545060,U,OB,1,1,570,120918,89,25:00.0,6,2:00,422
755154507X,U,OB,1,1,148,120918,89,48:00.0,6,4:00,422
7551545089,U,OB,1,1,404,120918,89,20:00.0,6,3:00,422
7551545098,U,OB,1,8,4960,120918,89,03:00.0,6,7:00,422
7551545098,U,OB,1,8,4960,120918,83,04:00.0,6,7:00,422
7551545107,U,OB,1,1,62,120918,89,11:00.0,6,3:00,422
7551545116,U,OB,1,1,74,120918,56,26:00.0,6,6:00,422
7551545116,U,OB,1,1,74,120918,89,21:00.0,6,6:00,422
7551545125,U,OB,1,2,890,120918,83,41:00.0,6,6:00,422
7551545125,U,OB,1,2,890,120918,83,41:00.0,6,6:00,422
7551545134,U,OB,1,1,528,120918,89,57:00.0,6,2:00,422
7551545143,U,OB,1,1,688,120918,78,33:00.0,6,2:00,422
7551545152,U,OB,1,1,157,53343,86,43:00.0,6,23:00,422
7551545161,U,OB,1,1,153,53343,86,47:00.0,6,23:00,422
7551545208,U,OB,1,6,1943,561050,75,09:00.0,3,1:00,422
7551545217,U,OB,1,1,234,561050,75,26:00.0,3,1:00,422
7551545226,U,OB,1,3,1840,561050,75,02:00.0,3,1:00,422
7551545235,U,OB,1,1,109,561050,75,43:00.0,3,0:00,422
7551545244,U,OB,1,1,239,561050,75,49:00.0,3,0:00,422
7551545253,U,OB,1,1,53,561050,75,23:00.0,3,1:00,422
7551545271,U,OB,1,1,177,561050,75,37:00.0,3,0:00,422
7551545280,U,OB,1,7,3596,561050,75,31:00.0,3,0:00,422
755154529X,U,OB,1,1,520,561050,75,40:00.0,3,0:00,422
7551545309,U,OB,1,1,222,561050,75,00:00.0,3,0:00,422
7551545318,U,OB,1,2,498,561050,75,07:00.0,3,0:00,422
7551545336,U,OB,1,1,875,430926,95,18:00.0,4,2:00,422
7551545345,U,OB,1,3,1615,430926,95,27:00.0,4,2:00,422
7551545372,U,OB,1,1,165,430926,95,10:00.0,4,2:00,422
7551545381,U,OB,1,1,165,430738,47,54:00.0,5,11:00,422
7551545381,U,IB,1,1,165,430738,104,27:00.0,5,1:00,422
7551545390,U,IB,1,1,220,430738,104,31:00.0,5,1:00,422
755154540X,U,IB,1,2,332,430738,104,47:00.0,5,0:00,422
7551545419,U,IB,1,2,587,430738,104,44:00.0,5,0:00,422
7551545428,U,IB,1,2,580,430738,104,45:00.0,5,0:00,422
7551545437,U,OB,1,1,406,430204,78,18:00.0,6,1:00,422
7551545446,U,OB,1,1,131,430204,78,12:00.0,6,1:00,422
7551545455,U,OB,1,1,131,430204,78,07:00.0,6,1:00,422
7551545464,U,OB,1,1,175,430204,78,27:00.0,6,1:00,422
7551545473,U,OB,1,1,92,430204,78,02:00.0,6,1:00,422
7551545482,U,OB,1,1,438,430204,78,21:00.0,6,1:00,422
7551545491,U,OB,1,1,208,430204,78,50:00.0,6,0:00,422
7551545500,U,OB,1,1,49,430204,78,45:00.0,6,0:00,422
755154551X,U,OB,1,1,29,430204,78,42:00.0,6,0:00,422
7551545538,U,OB,1,2,1107,505667,78,50:00.0,7,3:00,422
7551545547,U,OB,1,3,1707,505667,78,26:00.0,7,2:00,422
7551545565,U,OB,1,7,3183,505667,78,44:00.0,7,3:00,422
7551545583,U,OB,1,1,623,505667,78,17:00.0,7,3:00,422
7551545592,U,OB,1,3,1012,505667,78,24:00.0,7,4:00,422
7551545601,U,OB,1,1,124,505667,78,19:00.0,7,2:00,422
7551545610,U,OB,1,1,440,505667,78,10:00.0,7,2:00,422
755154562X,U,OB,1,1,156,842193,74,49:00.0,3,21:00,422
7551545639,U,OB,1,4,1194,842193,74,37:00.0,3,22:00,422
7551545648,U,OB,1,2,1060,842193,74,24:00.0,3,22:00,422
7551545657,U,OB,1,5,2648,842193,74,44:00.0,3,22:00,422
7551545666,U,OB,1,1,570,842193,74,39:00.0,3,21:00,422
7551545675,U,OB,1,1,312,842193,74,27:00.0,3,22:00,422
7551545684,U,OB,1,2,743,90060,52,50:00.0,2,22:00,422
7551545693,U,OB,1,1,172,90060,81,16:00.0,3,18:00,422
7551545693,U,OB,1,1,172,90060,52,12:00.0,2,22:00,422
7551545711,U,OB,1,3,602,90060,52,39:00.0,2,22:00,422
7551545720,U,OB,1,3,1590,90060,52,44:00.0,2,22:00,422
7551545720,U,OB,1,3,1590,90060,79,03:00.0,3,0:00,422
755154573X,U,OB,1,1,670,90060,52,22:00.0,2,22:00,422
7551545749,U,OB,1,1,108,90060,52,19:00.0,2,22:00,422
7551545767,U,OB,1,1,30,842193,74,44:00.0,3,21:00,422
7551545776,U,OB,1,1,243,530419,60,34:00.0,4,22:00,422
7551545785,U,OB,1,1,300,530419,60,24:00.0,4,22:00,422
7551545794,U,OB,1,2,264,530419,60,30:00.0,4,22:00,422
7551545803,U,OB,1,2,753,530419,28,08:00.0,5,2:00,422
7551545821,U,OB,1,1,370,530419,60,47:00.0,4,21:00,422
7551545830,U,OB,1,1,74,530419,60,38:00.0,4,21:00,422
755154584X,U,OB,1,3,885,530419,60,21:00.0,4,22:00,422
7551545886,U,IB,1,1,59,820869,135,47:00.0,5,22:00,422
7551545895,U,IB,1,1,163,820869,135,55:00.0,5,22:00,422
7551545913,U,IB,1,1,367,820869,135,57:00.0,5,22:00,422
7551545913,U,OB,1,1,367,820869,30,58:00.0,5,22:00,422
7551545913,U,OB,1,1,367,820869,30,58:00.0,5,22:00,422
7551545922,U,IB,1,1,190,820869,135,51:00.0,5,22:00,422
7551545931,U,IB,1,1,208,820869,135,49:00.0,5,22:00,422
7551545940,U,OB,1,3,1915,530109,38,26:00.0,7,0:00,422
755154595X,U,OB,1,5,2925,530109,38,19:00.0,7,0:00,422
7551545969,U,OB,1,1,339,530109,38,49:00.0,6,22:00,422
7551545996,U,OB,1,1,3,530109,38,29:00.0,7,0:00,422
7551546005,U,OB,1,2,776,530109,38,57:00.0,6,22:00,422
7551546014,U,OB,1,1,118,390229,75,04:00.0,2,23:00,422
7551546023,U,OB,1,2,574,390229,75,39:00.0,2,22:00,422
7551546032,U,OB,1,2,298,390229,75,21:00.0,2,22:00,422
7551546050,U,OB,1,1,373,390229,75,16:00.0,2,22:00,422
755154606X,U,OB,1,4,1635,390229,81,59:00.0,3,8:00,422
7551546079,U,OB,1,1,156,390229,75,06:00.0,2,22:00,422
7551546115,U,OB,1,4,2334,119884,89,16:00.0,4,1:00,422
7551546124,U,OB,1,2,892,119884,89,20:00.0,4,1:00,422
7551546133,U,OB,1,1,157,119884,89,43:00.0,4,0:00,422
7551546142,U,OB,1,1,108,119884,89,49:00.0,4,0:00,422
7551546151,U,OB,1,1,341,119884,89,52:00.0,4,0:00,422
7551546160,U,OB,1,1,825,830967,75,24:00.0,4,23:00,422
7551546189,U,OB,1,1,74,830967,75,35:00.0,4,23:00,422
7551546225,U,OB,1,1,30,311022,88,33:00.0,5,22:00,422
7551546234,U,OB,1,3,2270,311022,88,49:00.0,5,22:00,422
7551546252,U,OB,1,1,645,311022,88,19:00.0,5,22:00,422
755154628X,U,OB,1,1,307,311022,88,39:00.0,5,22:00,422
7551546299,U,OB,1,6,3280,530751,32,35:00.0,7,4:00,422
7551546317,U,OB,1,2,470,530751,32,48:00.0,7,0:00,422
7551546326,U,OB,1,2,441,530751,32,01:00.0,7,1:00,422
7551546335,U,OB,1,1,464,530751,81,41:00.0,7,5:00,422
7551546344,U,OB,1,1,1245,530751,81,46:00.0,7,5:00,422
7551546344,U,OB,1,1,1245,530751,32,16:00.0,7,0:00,422
7551546353,U,OB,1,1,100,530751,32,31:00.0,7,0:00,422
7551546362,U,OB,1,1,176,530751,32,08:00.0,7,0:00,422
7551546371,U,OB,1,1,567,530751,86,12:00.0,7,11:00,422
7551572295,U,IB,1,1,445,134844,125,59:00.0,3,18:00,246
7551574843,U,IB,1,1,510,121587,103,09:00.0,4,19:00,246
7551574852,U,IB,1,1,510,121587,103,12:00.0,4,19:00,246
7551574953,U,IB,1,1,975,249155,111,31:00.0,7,9:00,246
755159600X,U,IB,1,1,171,126282,113,31:00.0,5,21:00,246
7551599227,U,IB,1,1,619,249155,111,31:00.0,7,7:00,246
755159963X,U,CTY,1,1,568,126251,173,27:00.0,5,4:00,246
7551633803,U,CTY,1,1,132,200701,192,39:00.0,4,16:00,211
7551634335,U,IB,1,1,114,133225,129,57:00.0,7,3:00,211
7551634472,U,OB,1,1,73,290553,78,31:00.0,2,14:00,211
7551634555,U,CTY,1,1,35,249118,192,18:00.0,1,6:00,211
7551635069,U,CTY,1,1,35,116773,187,08:00.0,5,20:00,211
7551635224,U,CTY,1,1,155,125404,195,30:00.0,6,22:00,211
7551635417,U,CTY,1,1,35,202076,189,18:00.0,1,12:00,211
7551635545,U,CTY,1,1,35,202076,189,16:00.0,1,12:00,211
7551661404,U,OB,1,5,2250,136348,38,40:00.0,7,19:00,465
7551671881,U,IB,1,1,95,290255,158,23:00.0,6,12:00,465
7551677390,U,IB,1,3,3783,277372,164,03:00.0,4,1:00,465
7551677419,U,IB,1,2,2211,136922,141,58:00.0,1,14:00,465
7551677446,U,IB,1,4,3755,140134,158,19:00.0,4,14:00,465
7551681269,U,IB,1,3,3170,128076,163,21:00.0,3,1:00,465
7551681498,U,IB,1,1,1431,290255,158,25:00.0,6,13:00,465
7551681507,U,IB,1,1,1040,290255,158,48:00.0,6,12:00,465
7551681525,U,OB,1,1,1461,130455,84,01:00.0,6,13:00,465
7551681534,U,IB,1,2,2459,290255,158,20:00.0,6,14:00,465
755168169X,U,OB,1,3,3430,125836,15,36:00.0,1,18:00,465
755168169X,U,OB,1,3,3430,125836,15,36:00.0,1,18:00,465
7551681754,U,IB,1,3,5665,138544,105,13:00.0,3,16:00,465
7551681772,U,OB,1,4,5385,136061,48,37:00.0,4,10:00,465
755168191X,U,OB,1,1,1225,277996,17,08:00.0,5,8:00,465
7551682010,U,OB,1,3,3395,138834,14,31:00.0,7,2:00,465
755168213X,U,OB,1,1,1565,126638,24,04:00.0,2,10:00,465
755168213X,U,OB,1,1,1565,126638,52,20:00.0,2,5:00,465
7551682149,U,OB,1,2,2475,138705,76,30:00.0,2,0:00,465
7551682185,U,OB,1,1,1405,138705,76,21:00.0,2,0:00,465
7551682194,U,OB,1,1,885,126638,52,00:00.0,2,5:00,465
7551682194,U,OB,1,1,885,126638,85,53:00.0,2,7:00,465
7551682203,U,CTY,1,1,1765,126638,P   ,13:00.0,3,4:00,465
7551682203,U,OB,1,1,1765,126638,52,36:00.0,2,4:00,465
7551682268,U,OB,1,2,2610,140430,76,10:00.0,4,21:00,465
7551682506,U,OB,1,2,2175,136623,69,24:00.0,6,22:00,465
7551682625,U,OB,1,2,2870,131402,43,03:00.0,3,17:00,465
7551682708,U,OB,1,3,4550,138587,31,12:00.0,4,4:00,465
7551686228,U,IB,1,2,3065,132364,143,27:00.0,6,15:00,465
7551763796,U,CTY,1,1,417,138010,194,18:00.0,4,16:00,268
7551785071,U,CTY,1,5,2125,139743,233,47:00.0,2,21:00,268
7551785071,U,CTY,1,5,2125,139743,194,46:00.0,7,5:00,268
7551785154,U,IB,1,1,395,140335,113,16:00.0,5,6:00,268
7551785163,U,IB,1,1,395,140335,113,38:00.0,5,5:00,268
7551785172,U,IB,1,5,1975,140335,113,38:00.0,5,5:00,268
755180258X,U,CTY,1,1,395,137197,168,59:00.0,3,20:00,268
7551803331,U,IB,1,2,790,123162,114,54:00.0,7,5:00,268
7551803405,U,IB,1,1,395,291085,125,02:00.0,7,16:00,268
7551803414,U,IB,1,1,395,291085,125,11:00.0,7,16:00,268
7551803432,U,IB,1,1,395,291085,125,06:00.0,7,16:00,268
7551803441,U,IB,1,1,395,291085,125,10:00.0,7,16:00,268
7551803450,U,IB,1,1,395,291085,125,15:00.0,7,16:00,268
7551803479,U,IB,1,1,395,291085,125,21:00.0,7,16:00,268
7551835159,U,CTY,1,17,182,261384,192,59:00.0,1,4:00,268
7551835159,U,CTY,1,17,182,261384,212,22:00.0,1,18:00,268
7551837101,U,CTY,1,1,181,137197,168,14:00.0,3,19:00,268
7551842639,U,IB,1,1,370,127866,135,08:00.0,5,0:00,268
7551843820,U,CTY,1,1,678,135465,187,39:00.0,2,0:00,268
7551851879,U,IB,1,4,2307,131696,112,43:00.0,6,17:00,268
755185241X,U,IB,1,1,200,140335,113,43:00.0,5,6:00,268
7551852429,U,IB,1,1,300,137072,101,42:00.0,5,21:00,268
7551853152,U,IB,1,3,4877,135793,123,31:00.0,1,11:00,268
7551866682,U,IB,1,2,735,136874,143,14:00.0,3,21:00,268
7551886529,U,IB,1,1,493,139690,114,04:00.0,1,11:00,268
7551886868,U,OB,1,13,5200,127150,48,28:00.0,3,22:00,268
7551960247,U,CTY,1,2,2390,279981,238,41:00.0,4,22:00,191
7551960247,U,CTY,1,2,2390,279981,169,34:00.0,3,0:00,191
7551960256,U,IB,1,1,240,261280,127,07:00.0,5,18:00,191
7551970587,U,OB,1,1,400,138444,87,23:00.0,1,21:00,191
7552007327,U,CTY,1,1,173,132400,189,05:00.0,7,14:00,191
7552016163,U,CTY,1,1,900,135780,180,07:00.0,1,0:00,191
7552036055,U,OB,1,1,935,290021,87,39:00.0,1,12:00,191
7552072429,U,CTY,1,2,1052,136611,P   ,49:00.0,5,3:00,650
7552072429,U,IB,1,2,1052,136611,114,19:00.0,4,14:00,650
7552076131,U,IB,1,4,3350,134981,103,04:00.0,2,23:00,650
7552076131,U,OB,1,4,3350,134981,97,05:00.0,2,23:00,650
7552076178,U,OB,1,4,1826,133143,58,45:00.0,5,0:00,650
7552092411,U,CTY,1,2,1459,118529,206,39:00.0,6,15:00,650
7552094685,U,OB,1,2,1061,559259,84,40:00.0,7,16:00,650
7552101092,U,CTY,1,2,692,136611,200,15:00.0,4,6:00,650
7552101092,U,CTY,1,2,692,136611,200,15:00.0,4,6:00,650
7552101110,U,IB,1,2,1225,136322,164,33:00.0,2,13:00,650
7552107849,U,OB,1,1,380,125306,31,44:00.0,6,6:00,650
7552112532,U,IB,1,1,225,134981,103,23:00.0,2,22:00,650
7552115850,U,OB,1,2,380,559414,96,28:00.0,1,16:00,650
7552117006,U,OB,1,3,1375,558947,31,55:00.0,2,17:00,650
7552117015,U,OB,1,1,218,261009,25,11:00.0,1,16:00,650
7552117015,U,CTY,1,1,218,261009,169,38:00.0,1,15:00,650
7552117051,U,CTY,1,1,205,261009,169,40:00.0,1,15:00,650
7552117702,U,IB,1,1,197,134633,149,40:00.0,1,20:00,650
7552117711,U,IB,1,1,199,132136,113,13:00.0,2,3:00,650
7552117886,U,OB,1,1,108,R621780290,39,17:00.0,4,16:00,650
7552118225,U,IB,1,3,2480,122644,104,05:00.0,1,7:00,650
7552118528,U,IB,1,1,192,125703,112,53:00.0,1,4:00,650
7552125036,U,CTY,1,2,3632,128414,187,38:00.0,6,12:00,650
7552133286,U,OB,1,3,956,261168,39,48:00.0,5,21:00,650
755213346X,U,IB,1,5,2723,136322,164,31:00.0,2,11:00,650
7552138896,U,OB,1,1,650,128783,63,29:00.0,6,21:00,650
7552160759,U,CTY,1,1,658,278466,173,29:00.0,3,13:00,882
7552160822,U,IB,1,1,363,126994,141,12:00.0,2,18:00,882
7552160923,U,IB,1,1,657,135735,131,30:00.0,7,19:00,882
7552167267,U,IB,1,7,4260,136038,141,54:00.0,1,7:00,882
7552168064,U,IB,1,1,568,135543,163,44:00.0,7,0:00,882
7552168073,U,IB,1,1,306,134162,151,27:00.0,6,8:00,882
7552168082,U,IB,1,1,364,261341,119,41:00.0,1,11:00,882
7552168082,U,IB,1,1,364,261341,135,19:00.0,1,11:00,882
7552168100,U,IB,1,1,300,134735,143,20:00.0,3,14:00,882
7552168129,U,IB,1,1,359,139907,117,27:00.0,4,18:00,882
7552168138,U,IB,1,1,196,139907,117,47:00.0,4,18:00,882
7552168147,U,IB,1,1,333,139907,117,30:00.0,4,18:00,882
7552168192,U,CTY,1,1,500,131854,197,16:00.0,6,7:00,882
7552168210,U,IB,1,1,170,140202,151,28:00.0,2,14:00,882
755216822X,U,IB,1,1,221,140202,151,28:00.0,2,14:00,882
7552169348,U,CTY,1,4,310,138292,195,46:00.0,4,16:00,882
7552169458,U,CTY,1,1,513,133491,176,07:00.0,6,15:00,882
7552169476,U,CTY,1,3,3094,137152,173,56:00.0,6,7:00,882
7552169503,U,IB,1,1,444,126994,141,57:00.0,2,17:00,882
7552169559,U,IB,1,1,180,133396,129,32:00.0,2,16:00,882
7552169559,U,IB,1,1,180,133396,121,28:00.0,3,5:00,882
7552173903,U,CTY,1,1,90,135900,187,28:00.0,2,21:00,882
7552174031,U,CTY,1,1,375,290114,169,23:00.0,1,11:00,882
7552174087,U,CTY,1,1,1052,135089,187,58:00.0,6,8:00,882
7552174105,U,CTY,1,1,176,125259,172,32:00.0,6,12:00,882
7552174233,U,CTY,1,1,150,132830,194,08:00.0,4,10:00,882
7552174307,U,CTY,1,1,1794,119660,204,08:00.0,6,15:00,882
7552177598,U,IB,1,1,600,125024,164,15:00.0,6,2:00,882
7552177670,U,CTY,1,1,310,249095,187,30:00.0,4,16:00,882
7552177699,U,IB,1,1,270,135735,131,33:00.0,7,19:00,882
7552189862,U,CTY,1,2,4470,135900,187,05:00.0,2,22:00,882
7552189871,U,IB,1,1,280,134162,151,41:00.0,6,7:00,882
755219022X,U,CTY,1,1,230,124080,189,01:00.0,2,20:00,882
7552190239,U,CTY,1,1,185,124080,189,24:00.0,2,19:00,882
7552190248,U,CTY,1,1,350,119660,204,19:00.0,6,19:00,882
7552191384,U,CTY,1,1,260,135900,187,27:00.0,2,22:00,882
7552191458,U,CTY,1,1,1420,131160,217,44:00.0,6,3:00,882
7552191458,U,CTY,1,1,1420,131160,217,44:00.0,6,3:00,882
7552191494,U,CTY,1,1,200,128252,197,17:00.0,6,6:00,882
7552191806,U,CTY,1,1,270,124080,189,54:00.0,2,20:00,882
7552191806,U,CTY,1,1,270,124080,231,42:00.0,2,22:00,882
7552191815,U,CTY,1,1,405,261389,196,01:00.0,3,19:00,882
7552197178,U,IB,1,1,161,139653,158,51:00.0,2,20:00,882
7552202009,U,CTY,1,1,610,133491,176,58:00.0,6,15:00,882
7552208196,U,IB,1,1,216,261341,135,12:00.0,1,11:00,882
755220914X,U,CTY,1,1,1159,290768,187,09:00.0,3,3:00,882
7552209159,U,CTY,1,1,1159,290768,187,09:00.0,3,3:00,882
7552209168,U,CTY,1,1,1017,290768,187,57:00.0,3,4:00,882
755232046X,U,IB,1,3,7000,138212,151,40:00.0,3,6:00,165
7552331167,U,OB,1,1,400,135252,48,51:00.0,6,7:00,432
7552331185,U,OB,1,1,970,126133,72,36:00.0,1,10:00,432
7552331212,U,OB,1,1,80,132845,51,10:00.0,4,19:00,432
7552331230,U,OB,1,1,345,139872,60,23:00.0,7,6:00,432
7552333697,U,IB,1,10,8508,CVEN44168,116,54:00.0,7,8:00,165
7552333697,U,IB,1,10,8508,CVEN44168,102,57:00.0,7,8:00,165
7552346585,U,OB,1,2,1894,139806,95,01:00.0,4,1:00,165
7552349014,U,OB,1,8,4345,CVEN44635,95,21:00.0,4,20:00,165
7552350471,U,IB,1,3,2830,CVEN44986,103,30:00.0,7,8:00,165
7552354844,U,CTY,1,17,10615,CVEN44786,168,11:00.0,1,19:00,165
7552359473,U,CTY,1,8,3085,129714,172,29:00.0,4,6:00,165
7552364919,U,CTY,1,1,300,129714,172,25:00.0,4,4:00,165
7552365541,U,IB,1,1,48,CVEN46029,101,49:00.0,4,22:00,165
7552365588,U,CTY,1,10,288,CVEN44708,194,54:00.0,1,18:00,165
7552366174,U,CTY,1,4,100,CVEN46003,233,16:00.0,3,20:00,165
7552366174,U,CTY,1,4,100,CVEN46003,238,47:00.0,6,19:00,165
7552366174,U,IB,1,4,100,CVEN46003,105,52:00.0,5,22:00,165
7552366495,U,OB,1,14,339,CVEN44635,95,14:00.0,4,22:00,165
7552366569,U,IB,1,3,65,138212,151,55:00.0,3,7:00,165
7552368778,U,CTY,1,4,1400,CVEN43397,197,26:00.0,7,15:00,165
7552479263,U,IB,1,19,3002,128543,158,59:00.0,6,13:00,878
755248150X,U,IB,1,1,318,130587,117,32:00.0,2,6:00,878
7552483544,U,CTY,1,1,192,131908,205,59:00.0,6,12:00,878
7552494068,U,IB,1,1,1347,137165,123,57:00.0,1,18:00,878
7552498302,U,IB,1,2,690,129663,158,43:00.0,3,12:00,878
7552498843,U,IB,1,1,333,530697,119,48:00.0,4,12:00,878
7552498843,U,IB,1,1,333,530697,131,32:00.0,4,12:00,878
7552502419,U,CTY,1,1,547,137867,197,32:00.0,4,21:00,878
7552502538,U,OB,1,1,722,136623,88,24:00.0,3,20:00,878
7552515700,U,IB,1,1,377,138766,163,29:00.0,1,22:00,878
7552515994,U,IB,1,1,535,138491,133,20:00.0,4,3:00,878
755251604X,U,IB,1,4,2125,139907,117,44:00.0,4,18:00,878
7552519698,U,IB,1,1,280,131281,135,49:00.0,3,20:00,878
7552519725,U,CTY,1,1,215,125621,197,46:00.0,3,19:00,878
7552520623,U,IB,1,1,255,125657,127,32:00.0,2,21:00,878
7552520944,U,IB,1,2,2642,137991,125,20:00.0,3,22:00,878
7552521072,U,CTY,1,3,1440,139734,187,38:00.0,1,19:00,878
7552521310,U,IB,1,5,3170,137165,123,22:00.0,1,22:00,878
7552521310,U,CTY,1,5,3170,137165,189,42:00.0,2,12:00,878
755253111X,U,IB,1,1,1100,137319,145,37:00.0,6,11:00,878
7552543081,U,IB,1,1,440,134735,143,16:00.0,3,16:00,878
7552544392,U,IB,1,1,435,134735,143,14:00.0,3,16:00,878
7552544410,U,CTY,1,1,220,131137,173,16:00.0,5,10:00,878
7552545988,U,CTY,1,2,945,135900,187,21:00.0,2,21:00,878
7552547344,U,IB,1,1,305,530697,131,10:00.0,4,11:00,878
755254772X,U,CTY,1,7,2140,126551,212,33:00.0,4,14:00,878
7552548224,U,OB,1,3,1340,HAEI26361,86,55:00.0,7,21:00,878
7552567108,U,IB,1,2,1285,125429,143,41:00.0,7,15:00,878
7552575679,U,CTY,1,1,425,137791,169,21:00.0,2,7:00,878
7552588255,U,IB,1,8,4003,277372,164,17:00.0,4,3:00,878
7552589061,U,CTY,1,1,338,125760,174,20:00.0,3,7:00,878
7552589447,U,IB,1,3,1290,136322,164,52:00.0,4,8:00,878
7552589584,U,IB,1,1,214,530859,125,57:00.0,7,14:00,878
7552600034,U,CTY,1,1,225,131137,173,35:00.0,5,7:00,878
7552600997,U,IB,1,1,460,137319,145,46:00.0,6,13:00,878
7552601978,U,CTY,1,1,335,131137,173,22:00.0,5,8:00,878
7552602409,U,IB,1,1,825,277372,164,01:00.0,4,1:00,878
7552602519,U,IB,1,2,775,530697,131,35:00.0,4,11:00,878
7552602629,U,IB,1,1,659,137319,145,14:00.0,6,13:00,878
7552602638,U,IB,1,1,488,137319,145,50:00.0,6,13:00,878
7552602710,U,CTY,1,1,877,261341,N   ,40:00.0,1,13:00,878
7552602710,U,IB,1,1,877,261341,135,23:00.0,1,11:00,878
7552607065,U,IB,1,1,455,128543,158,48:00.0,6,11:00,878
7552607368,U,CTY,1,1,290,137256,237,07:00.0,2,12:00,878
7552607368,U,CTY,1,1,290,137256,231,16:00.0,6,19:00,878
7552607368,U,OB,1,1,290,137256,89,46:00.0,5,19:00,878
7552607377,U,CTY,1,1,505,136642,235,57:00.0,4,20:00,878
7552607377,U,IB,1,1,505,136642,164,58:00.0,3,4:00,878
7552607725,U,IB,1,1,160,134479,152,20:00.0,1,9:00,878
7552620036,U,OB,1,1,435,128717,51,05:00.0,6,13:00,878
7552623886,U,IB,1,1,350,137319,145,09:00.0,6,12:00,878
7552625132,U,IB,1,1,778,137319,145,37:00.0,6,13:00,878
755262516X,U,CTY,1,3,1650,137319,N   ,31:00.0,7,1:00,878
755262516X,U,IB,1,3,1650,137319,145,24:00.0,6,13:00,878
755262516X,U,IB,1,3,1650,137319,119,26:00.0,6,13:00,878
7552626279,U,CTY,1,1,175,130963,189,07:00.0,5,10:00,878
7552628093,U,CTY,1,3,1230,127534,174,13:00.0,3,17:00,878
7552629541,U,OB,1,1,325,137256,89,27:00.0,5,20:00,878
7552629990,U,IB,1,1,504,261341,135,07:00.0,1,11:00,878
7552631009,U,IB,1,1,260,139567,116,12:00.0,1,5:00,878
7552632035,U,IB,1,1,481,138766,163,36:00.0,1,21:00,878
7552633950,U,IB,1,1,159,130587,117,27:00.0,2,6:00,878
7552634089,U,IB,1,6,5618,530697,121,54:00.0,4,6:00,878
7552634089,U,IB,1,6,5618,530697,131,41:00.0,4,6:00,878
755263418X,U,IB,1,1,159,140114,101,42:00.0,6,10:00,878
7552634922,U,CTY,1,1,212,139630,192,13:00.0,7,7:00,878
7552634969,U,CTY,1,2,360,139630,192,14:00.0,7,6:00,878
7552634987,U,CTY,1,4,1707,130963,189,12:00.0,5,10:00,878
7552635674,U,OB,1,1,320,261251,80,56:00.0,6,10:00,878
7552635674,U,CTY,1,1,320,261251,168,19:00.0,5,23:00,878
7552635849,U,IB,1,2,490,131281,135,16:00.0,3,20:00,878
7552636069,U,OB,1,1,284,136623,88,00:00.0,3,21:00,878
7552636417,U,CTY,1,3,1232,139951,195,08:00.0,7,15:00,878
7552637178,U,IB,1,4,717,530859,125,12:00.0,7,15:00,878
7552643915,U,IB,1,2,910,131281,135,36:00.0,3,20:00,878
7552644043,U,IB,1,1,1329,211132,135,15:00.0,4,6:00,878
7552645419,U,IB,1,1,253,211132,119,18:00.0,4,6:00,878
7552645419,U,IB,1,1,253,211132,119,18:00.0,4,6:00,878
7552645859,U,IB,1,1,255,125657,127,48:00.0,2,21:00,878
7552645922,U,IB,1,1,297,137023,121,18:00.0,2,10:00,878
7552646189,U,IB,1,1,136,121397,151,42:00.0,6,6:00,878
7552647700,U,IB,1,1,449,HAEI23307,147,15:00.0,7,4:00,878
7552647700,U,IB,1,1,449,HAEI23307,131,24:00.0,6,18:00,878
7552647893,U,IB,1,1,209,136642,164,56:00.0,3,1:00,878
7552648250,U,CTY,1,1,97,560380,169,50:00.0,6,17:00,878
7552650057,U,CTY,1,1,485,126944,189,58:00.0,2,6:00,878
7552654668,U,IB,1,1,133,130587,117,37:00.0,2,6:00,878
7552654906,U,CTY,1,1,300,530503,187,54:00.0,6,21:00,878
7552656051,U,IB,1,1,175,530697,131,29:00.0,4,15:00,878
7552665805,U,CTY,1,1,371,530503,187,01:00.0,6,23:00,878
7552665832,U,IB,1,1,85,HAEI23307,131,17:00.0,6,18:00,878
7552670059,U,OB,1,1,1080,130927,31,12:00.0,5,13:00,615
7552737002,U,IB,1,1,14,123681,141,27:00.0,4,6:00,155
7552737296,U,CTY,1,2,415,137129,172,47:00.0,2,3:00,155
7552792754,U,IB,1,1,312,135451,151,03:00.0,5,19:00,261
7552794038,U,IB,1,1,155,127209,149,05:00.0,5,20:00,261
7552794597,U,CTY,1,7,2023,134197,197,51:00.0,5,19:00,261
7552826084,U,CTY,1,13,17795,135016,196,00:00.0,3,1:00,261
7552847617,U,CTY,1,1,312,135900,187,05:00.0,1,8:00,261
7552993587,U,CTY,1,1,750,PASC634534,172,35:00.0,1,6:00,230
7552998692,U,CTY,1,20,9500,PASC634534,187,12:00.0,1,19:00,230
7552998820,U,CTY,1,1,1300,PASC175379,188,23:00.0,7,15:00,230
7552999150,U,CTY,1,1,649,PASC634534,176,52:00.0,1,15:00,230
7552999224,U,CTY,1,1,1010,131978,173,50:00.0,5,8:00,230
7552999453,U,CTY,1,1,180,125814,172,26:00.0,6,2:00,230
7552999518,U,CTY,1,1,1535,252131,189,17:00.0,3,11:00,230
7553051400,U,CTY,1,4,480,119986,192,16:00.0,1,20:00,641
7553057497,U,IB,1,2,580,261165,166,30:00.0,2,22:00,641
7553057497,U,CTY,1,2,580,261165,195,23:00.0,2,22:00,641
7553061897,U,CTY,1,2,2382,140322,176,58:00.0,7,4:00,641
7553061933,U,IB,1,2,860,261190,143,05:00.0,2,0:00,641
7553061933,U,CTY,1,2,860,261190,238,01:00.0,3,17:00,641
7553061942,U,CTY,1,1,270,135253,192,07:00.0,3,0:00,641
7553062712,U,CTY,1,2,615,128023,238,38:00.0,3,22:00,641
7553118152,U,IB,1,2,477,131263,145,12:00.0,2,3:00,641
7553118336,U,CTY,1,3,692,133185,174,26:00.0,7,15:00,641
7553118419,U,CTY,1,2,512,134433,169,43:00.0,2,21:00,641
7553129381,U,CTY,1,1,403,134055,195,00:00.0,3,19:00,641
7553134432,U,CTY,1,1,891,131208,173,52:00.0,3,11:00,641
7553134479,U,CTY,1,1,453,TTMS144654,194,42:00.0,2,12:00,641
7553134625,U,IB,1,1,385,121377,135,28:00.0,1,22:00,641
7553140547,U,CTY,1,1,671,TTMS910552,192,46:00.0,3,1:00,641
7553156039,U,CTY,1,1,170,135698,188,09:00.0,2,22:00,641
7553196317,U,OB,1,2,749,124329,52,03:00.0,7,16:00,671
755320310X,U,IB,1,2,2435,560027,103,05:00.0,1,16:00,671
7553203256,U,CTY,1,6,7918,118647,175,52:00.0,1,7:00,671
7553203375,U,OB,1,1,1741,558986,52,14:00.0,3,6:00,671
7553221626,U,IB,1,1,1949,136322,164,18:00.0,2,10:00,671
7553221635,U,IB,1,5,5980,136167,117,19:00.0,2,10:00,671
7553221653,U,OB,1,2,3261,558986,52,09:00.0,3,5:00,671
7553221680,U,IB,1,5,2790,136167,117,19:00.0,2,10:00,671
7553222102,U,OB,1,1,1749,125429,90,36:00.0,4,6:00,671
7553233423,U,OB,1,1,1625,130827,69,10:00.0,4,19:00,671
7553233479,U,IB,1,3,2310,122636,163,24:00.0,2,13:00,671
7553239116,U,CTY,1,4,4290,136717,188,51:00.0,5,12:00,671
7553241893,U,IB,1,1,1631,134940,112,10:00.0,4,21:00,671
7553242104,U,IB,1,2,1087,132136,113,17:00.0,2,3:00,671
7553242196,U,OB,1,5,6656,125306,31,57:00.0,6,7:00,671
7553242333,U,IB,1,1,960,122636,163,46:00.0,2,11:00,671
7553242562,U,OB,1,1,820,135826,74,14:00.0,4,12:00,671
7553242892,U,OB,1,2,2231,128783,63,13:00.0,6,20:00,671
7553252976,U,OB,1,2,235,559414,96,35:00.0,1,11:00,671
7553256258,U,OB,1,3,1978,125809,60,21:00.0,5,11:00,671
755326261X,U,OB,1,1,308,137901,88,14:00.0,1,8:00,671
7553262784,U,IB,1,3,700,558592,152,28:00.0,7,22:00,671
7553271227,U,CTY,1,5,1200,R62112290,188,23:00.0,5,3:00,671
7553281228,U,OB,1,7,525,130675,72,50:00.0,5,2:00,671
7553281787,U,IB,1,2,2445,132136,113,11:00.0,2,1:00,671
7553281832,U,OB,1,2,260,137367,38,23:00.0,2,22:00,671
7553281906,U,IB,1,1,75,123699,101,56:00.0,2,16:00,671
7553281960,U,OB,1,2,64,559259,84,34:00.0,7,13:00,671
7553288506,U,IB,1,2,2416,130772,143,56:00.0,6,14:00,671
7553315281,U,OB,1,1,440,138423,40,31:00.0,6,13:00,671
7553315373,U,CTY,1,36,546,131894,212,22:00.0,1,18:00,671
7553332872,U,CTY,1,7,2225,128414,187,59:00.0,6,12:00,671
7553334834,U,OB,1,1,417,127841,55,57:00.0,7,7:00,671
7553334852,U,IB,1,1,1195,136322,164,48:00.0,2,11:00,671
7553336466,U,OB,1,1,728,136318,69,30:00.0,3,19:00,671
7553343414,U,CTY,1,1,143,122852,194,21:00.0,6,21:00,671
7553343432,U,CTY,1,1,108,122852,194,17:00.0,6,21:00,671
7553343488,U,IB,1,1,78,130772,143,15:00.0,6,16:00,671
7553366065,U,OB,1,1,175,558947,31,11:00.0,2,20:00,671
7553379714,U,OB,1,10,737,559414,96,57:00.0,1,13:00,671
7553385719,U,CTY,1,9,1690,249253,206,17:00.0,7,12:00,671
7553385719,U,CTY,1,9,1690,249253,208,20:00.0,7,1:00,671
7553483866,U,CTY,1,3,3220,136178,188,57:00.0,5,21:00,309
7553505646,U,CTY,1,1,140,PASC634534,172,26:00.0,1,8:00,309
7553505691,U,CTY,1,1,185,PASC634013,175,02:00.0,7,20:00,309
7553506746,U,IB,1,1,665,PASC33311,145,11:00.0,4,11:00,309
7553506782,U,IB,1,1,608,PASC33311,145,57:00.0,4,6:00,309
7553506791,U,IB,1,1,464,PASC33311,145,07:00.0,4,11:00,309
7553513319,U,CTY,1,1,275,PASC175379,175,11:00.0,5,7:00,309
7553513429,U,CTY,1,1,309,T730211733,174,31:00.0,7,3:00,309
7553532623,U,IB,1,2,1206,125703,112,13:00.0,1,6:00,653
7553536051,U,CTY,1,5,887,PASC175379,188,53:00.0,5,4:00,309
7553536437,U,CTY,1,5,870,PASC634013,195,10:00.0,6,11:00,309
7553563093,U,CTY,1,2,880,202318,195,06:00.0,6,14:00,309
755356368X,U,CTY,1,6,2825,PASC634534,197,37:00.0,1,6:00,303
7553583883,U,CTY,1,1,870,PASC634534,197,58:00.0,1,6:00,309
7553590667,U,CTY,1,1,878,PASC533243,173,30:00.0,4,10:00,309
7553608689,U,CTY,1,2,630,PASC634534,197,50:00.0,1,8:00,309
7553621934,U,CTY,1,1,150,PASC175379,175,17:00.0,5,6:00,309
7553641880,U,CTY,1,1,1850,PASC533243,173,44:00.0,4,8:00,309
7553665530,U,IB,1,1,275,261088,149,25:00.0,5,7:00,309
7553665999,U,CTY,1,1,275,131160,189,22:00.0,6,4:00,309
7553665999,U,CTY,1,1,275,131160,233,49:00.0,6,19:00,309
7553666044,U,CTY,1,1,315,PASC533243,168,20:00.0,7,6:00,309
7553668437,U,IB,1,4,6485,261088,149,15:00.0,5,8:00,309
7553684881,U,CTY,1,3,318,PASC33311,173,35:00.0,5,16:00,309
7553684890,U,IB,1,1,120,PASC634013,143,56:00.0,5,16:00,309
7553686385,U,CTY,1,1,275,PASC533243,168,09:00.0,7,6:00,309
7553686394,U,CTY,1,1,275,PASC533243,168,44:00.0,7,6:00,309
7553686403,U,CTY,1,1,275,PASC533243,168,41:00.0,7,6:00,309
7553686412,U,CTY,1,1,275,PASC533243,168,16:00.0,7,7:00,309
7553686430,U,CTY,1,1,275,PASC533243,168,59:00.0,7,6:00,309
7553686468,U,CTY,1,1,275,PASC533243,168,59:00.0,7,6:00,309
7553686486,U,CTY,1,1,275,PASC533243,168,12:00.0,7,6:00,309
7553686495,U,CTY,1,1,275,PASC533243,168,04:00.0,7,7:00,309
7553686650,U,CTY,1,2,422,202318,195,05:00.0,6,15:00,309
7553687027,U,CTY,1,1,584,PASC634534,197,18:00.0,1,9:00,309
7553687164,U,CTY,1,1,192,PASC634534,172,20:00.0,1,11:00,309
7553687292,U,IB,1,3,2005,PASC634013,143,02:00.0,5,13:00,309
7553733236,U,OB,1,1,457,558638,61,16:00.0,2,22:00,422
7553733236,U,OB,1,1,457,558638,53,49:00.0,2,21:00,422
7553733245,U,OB,1,4,4936,558638,53,45:00.0,2,21:00,422
7553733254,U,IB,1,1,1250,111483,103,15:00.0,3,19:00,422
7553733272,U,IB,1,1,340,111483,103,14:00.0,3,18:00,422
7553733290,U,IB,1,5,5115,111483,103,40:00.0,3,18:00,422
755373330X,U,IB,1,2,1949,111483,103,00:00.0,3,19:00,422
7553733319,U,IB,1,3,2230,111483,103,26:00.0,3,18:00,422
7553733337,U,IB,1,4,4939,111483,103,55:00.0,3,18:00,422
7553733355,U,IB,1,2,1740,111483,103,19:00.0,3,18:00,422
7553733364,U,IB,1,1,770,310232,123,14:00.0,4,21:00,422
7553733373,U,IB,1,3,3110,310232,123,27:00.0,4,21:00,422
7553733382,U,IB,1,3,4320,310232,123,50:00.0,4,21:00,422
7553733400,U,IB,1,1,1288,310232,123,05:00.0,4,22:00,422
755373341X,U,IB,1,1,399,310232,123,23:00.0,4,19:00,422
7553733429,U,IB,1,2,2039,310232,123,59:00.0,4,21:00,422
7553733438,U,IB,1,9,7710,310232,123,33:00.0,4,18:00,422
7553733447,U,IB,1,3,2520,310232,123,35:00.0,4,21:00,422
7553733456,U,IB,1,2,1293,310232,123,59:00.0,4,19:00,422
7553733465,U,IB,1,5,7050,310232,123,56:00.0,4,21:00,422
7553733474,U,OB,1,5,8451,311349,31,35:00.0,5,18:00,422
7553733483,U,OB,1,4,2070,311349,31,07:00.0,5,19:00,422
7553733492,U,OB,1,1,1460,311349,31,14:00.0,5,19:00,422
7553733501,U,OB,1,1,419,311349,31,20:00.0,5,19:00,422
7553733510,U,OB,1,1,574,311349,31,18:00.0,5,19:00,422
7553733539,U,OB,1,3,2228,842100,95,06:00.0,6,22:00,422
7553733548,U,OB,1,1,365,842100,95,24:00.0,6,21:00,422
7553733557,U,OB,1,3,2213,842100,95,30:00.0,6,21:00,422
7553733566,U,OB,1,6,10776,310552,26,49:00.0,2,18:00,422
7553733575,U,OB,1,2,1258,310552,26,40:00.0,2,18:00,422
7553733584,U,OB,1,1,1238,311058,40,56:00.0,4,19:00,422
7553733593,U,OB,1,1,1104,311058,40,00:00.0,4,20:00,422
7553733602,U,OB,1,8,8237,113063,95,11:00.0,5,20:00,422
7553733620,U,OB,1,1,1098,113063,95,14:00.0,5,18:00,422
7553733658,U,OB,1,9,9410,113063,95,29:00.0,5,20:00,422
7553733676,U,OB,1,10,11229,113063,95,10:00.0,5,20:00,422
7553733694,U,OB,1,11,11106,843233,86,59:00.0,5,18:00,422
7553733703,U,OB,1,1,384,843233,86,13:00.0,5,18:00,422
7553733712,U,OB,1,1,393,843233,86,18:00.0,5,18:00,422
7553733721,U,OB,1,1,812,843233,86,31:00.0,5,18:00,422
7553733768,U,OB,1,9,9923,843233,86,07:00.0,5,19:00,422
7553733777,U,OB,1,1,1059,843233,86,05:00.0,5,19:00,422
7553733786,U,OB,1,1,1010,843233,86,39:00.0,5,18:00,422
7553733795,U,IB,1,1,333,507215,135,25:00.0,6,18:00,422
7553733804,U,IB,1,4,3575,507215,135,06:00.0,6,19:00,422
7553733813,U,IB,1,1,802,507215,135,44:00.0,6,18:00,422
7553733822,U,IB,1,2,2469,507215,135,12:00.0,6,20:00,422
7553733831,U,IB,1,1,563,507215,135,04:00.0,6,20:00,422
7553733831,U,OB,1,1,563,507215,66,05:00.0,7,10:00,422
7553733840,U,IB,1,5,4772,507215,135,53:00.0,6,19:00,422
755373385X,U,IB,1,1,770,507215,135,21:00.0,6,18:00,422
7553733878,U,IB,1,8,7569,507215,135,10:00.0,6,20:00,422
7553733887,U,IB,1,1,395,507215,135,13:00.0,6,18:00,422
7553733896,U,IB,1,3,5550,507215,135,22:00.0,6,19:00,422
7553733914,U,OB,1,7,6150,57017,96,19:00.0,6,19:00,422
7553733923,U,OB,1,1,407,57017,96,11:00.0,6,19:00,422
7553733932,U,OB,1,2,1743,57017,96,08:00.0,6,19:00,422
7553733941,U,OB,1,1,445,57017,96,02:00.0,6,19:00,422
7553733950,U,OB,1,1,1440,57017,96,59:00.0,6,18:00,422
7553733979,U,OB,1,2,1202,57017,96,23:00.0,6,19:00,422
7553733997,U,OB,1,2,1293,842193,5,49:00.0,4,14:00,422
7553733997,U,OB,1,2,1293,842193,74,54:00.0,3,23:00,422
7553734051,U,OB,1,1,190,830890,17,26:00.0,4,18:00,422
7553734089,U,OB,1,1,816,830890,17,26:00.0,4,19:00,422
7553734098,U,OB,1,2,1832,830890,17,31:00.0,4,18:00,422
7553734116,U,OB,1,2,1582,830890,17,30:00.0,4,18:00,422
7553734125,U,IB,1,1,492,842193,129,46:00.0,5,20:00,422
7553734134,U,IB,1,2,2128,842193,129,59:00.0,5,20:00,422
7553734143,U,IB,1,2,1220,842193,129,09:00.0,5,21:00,422
7553734152,U,IB,1,1,250,842193,129,14:00.0,5,21:00,422
7553734170,U,OB,1,2,2112,830967,63,57:00.0,2,18:00,422
755373418X,U,OB,1,1,990,830967,63,22:00.0,2,18:00,422
7553734199,U,OB,1,4,2067,830967,63,00:00.0,2,19:00,422
7553734226,U,OB,1,1,401,830967,63,37:00.0,2,18:00,422
7553734244,U,OB,1,1,520,830967,63,59:00.0,2,18:00,422
7553734253,U,OB,1,1,421,830967,63,28:00.0,2,18:00,422
7553734262,U,OB,1,1,501,830967,63,24:00.0,2,18:00,422
7553734280,U,OB,1,2,1112,310707,32,41:00.0,3,19:00,422
755373429X,U,OB,1,1,450,310707,32,53:00.0,3,20:00,422
7553734336,U,CTY,1,1,774,310707,N9  ,49:00.0,3,21:00,422
7553734336,U,OB,1,1,774,310707,32,51:00.0,3,20:00,422
7553734345,U,OB,1,1,773,310707,83,08:00.0,3,19:00,422
7553734345,U,OB,1,1,773,310707,32,46:00.0,3,18:00,422
7553734372,U,OB,1,1,1288,310707,32,43:00.0,3,18:00,422
755373440X,U,OB,1,1,902,310707,32,46:00.0,3,18:00,422
7553734419,U,OB,1,1,1202,310707,32,18:00.0,3,20:00,422
7553734437,U,OB,1,1,1058,310707,32,05:00.0,3,23:00,422
7553734446,U,OB,1,3,2465,310707,32,47:00.0,3,20:00,422
7553734455,U,OB,1,3,2418,310707,32,43:00.0,3,18:00,422
7553734455,U,OB,1,3,2418,310707,81,05:00.0,3,19:00,422
7553734464,U,OB,1,1,1042,112054,53,40:00.0,4,22:00,422
7553734473,U,OB,1,2,1405,112054,53,20:00.0,4,22:00,422
7553734482,U,OB,1,1,210,112054,53,16:00.0,4,22:00,422
7553734491,U,OB,1,1,1010,112054,53,23:00.0,4,22:00,422
7553734500,U,OB,1,1,452,312365,76,26:00.0,5,18:00,422
755373451X,U,OB,1,1,368,312365,76,30:00.0,5,18:00,422
7553734529,U,OB,1,1,536,312365,76,29:00.0,5,18:00,422
7553734538,U,OB,1,1,441,312365,76,26:00.0,5,18:00,422
7553734538,U,OB,1,1,441,312365,57,43:00.0,5,18:00,422
7553734547,U,OB,1,2,401,312365,37,57:00.0,5,18:00,422
7553734547,U,OB,1,2,401,312365,76,28:00.0,5,18:00,422
7553754805,U,CTY,1,1,330,HAEI28100,170,50:00.0,5,18:00,842
7553754805,U,CTY,1,1,330,HAEI28100,170,50:00.0,5,18:00,842
7553765731,U,IB,1,1,547,202328,164,56:00.0,2,13:00,842
7553765740,U,IB,1,1,455,202328,164,56:00.0,2,13:00,842
7553766108,U,IB,1,1,555,137534,125,22:00.0,7,3:00,842
7553766126,U,CTY,1,1,400,HAEI23255,175,28:00.0,7,21:00,842
7553773853,U,IB,1,1,380,135512,151,24:00.0,2,3:00,842
7553785091,U,OB,1,1,715,HAEI27814,73,28:00.0,5,18:00,842
7553800812,U,CTY,1,1,295,HAEI23255,175,54:00.0,7,18:00,842
7553800830,U,CTY,1,1,425,261151,186,08:00.0,1,11:00,842
7553801151,U,OB,1,1,230,124179,78,26:00.0,7,0:00,842
7553801344,U,IB,1,1,350,139908,164,37:00.0,4,3:00,842
7553801793,U,CTY,1,1,165,139734,205,02:00.0,2,21:00,842
7553801793,U,CTY,1,1,165,139734,187,29:00.0,1,20:00,842
7553803279,U,OB,1,1,122,278972,74,27:00.0,2,3:00,842
755381899X,U,IB,1,1,280,125402,105,08:00.0,3,20:00,865
7553849295,U,IB,1,4,800,130558,163,57:00.0,6,8:00,865
7553870350,U,CTY,1,2,3096,133627,235,30:00.0,3,21:00,511
7553870350,U,CTY,1,2,3096,133627,231,34:00.0,2,22:00,511
7553870350,U,CTY,1,2,3096,133627,235,33:00.0,2,22:00,511
7553871286,U,CTY,1,3,3794,139912,174,10:00.0,5,16:00,511
7553871286,U,CTY,1,3,3794,139912,235,12:00.0,3,22:00,511
7553871295,U,CTY,1,1,4597,139912,174,49:00.0,5,15:00,511
7553871607,U,CTY,1,1,800,127112,189,12:00.0,7,16:00,511
7553871670,U,IB,1,1,286,135986,164,30:00.0,1,9:00,511
7553871937,U,CTY,1,1,1122,132889,187,54:00.0,5,1:00,511
7553872056,U,IB,1,2,3228,126278,164,02:00.0,6,2:00,511
7553872056,U,CTY,1,2,3228,126278,233,27:00.0,3,22:00,511
7553872056,U,CTY,1,2,3228,126278,208,37:00.0,4,3:00,511
7553872166,U,IB,1,3,5643,126278,164,22:00.0,6,2:00,511
7553872258,U,OB,1,1,777,134548,84,05:00.0,2,4:00,511
7553872276,U,OB,1,1,673,134548,84,59:00.0,2,2:00,511
7553872642,U,CTY,1,1,2065,131131,233,22:00.0,3,19:00,511
7553872642,U,CTY,1,1,2065,131131,187,14:00.0,7,11:00,511
7553872660,U,CTY,1,1,4133,131131,187,49:00.0,7,10:00,511
7553872835,U,IB,1,1,775,132863,113,47:00.0,7,15:00,511
7553873174,U,CTY,1,1,1922,290735,195,45:00.0,4,10:00,511
7553873174,U,CTY,1,1,1922,290735,231,08:00.0,5,20:00,511
7553873302,U,IB,1,2,4515,290328,116,30:00.0,6,5:00,511
7553873376,U,OB,1,1,206,211720,73,04:00.0,6,15:00,511
7553873477,U,IB,1,1,730,124080,133,12:00.0,7,15:00,511
7554077087,U,OB,1,1,361,290180,49,58:00.0,3,2:00,432
7555238687,U,IB,1,1,231,134122,151,28:00.0,6,6:00,555
7555238842,U,OB,1,1,186,136492,48,54:00.0,5,16:00,555
7555246726,U,OB,1,2,1111,125969,46,40:00.0,7,7:00,555
7555251730,U,CTY,1,4,5570,132337,187,07:00.0,4,1:00,555
7555255627,U,CTY,1,1,395,132337,187,33:00.0,4,0:00,555
7555255636,U,CTY,1,1,337,132337,187,55:00.0,4,0:00,555
7555270091,U,IB,1,1,500,125049,131,52:00.0,3,15:00,555
7555270100,U,IB,1,1,880,125049,131,57:00.0,3,15:00,555
7555304476,U,OB,1,1,100,136492,48,22:00.0,5,16:00,555
7555306786,U,OB,1,5,4170,128760,89,41:00.0,4,6:00,555
7555318437,U,IB,1,2,1410,137448,145,07:00.0,5,17:00,555
7555322049,U,OB,1,2,527,125969,46,13:00.0,7,9:00,555
7555332140,U,OB,1,1,470,125969,46,09:00.0,7,9:00,555
7555332838,U,IB,1,1,730,290036,163,29:00.0,7,10:00,555
7555333067,U,IB,1,1,100,290036,163,39:00.0,7,8:00,555
755534150X,U,CTY,1,2,2619,202076,189,21:00.0,1,12:00,232
7555342554,U,OB,1,6,1012,126711,86,16:00.0,3,2:00,232
7555342563,U,OB,1,1,271,126885,96,51:00.0,3,21:00,232
7555344837,U,IB,1,1,818,129496,114,59:00.0,3,7:00,232
7555344864,U,IB,1,1,736,134545,112,36:00.0,1,4:00,232
7555344891,U,CTY,1,1,260,131592,174,13:00.0,5,2:00,232
7555348458,U,CTY,1,1,450,291296,173,27:00.0,6,0:00,232
7555350887,U,CTY,1,1,74,125404,195,18:00.0,6,23:00,232
7555351574,U,CTY,1,10,1147,134160,173,41:00.0,1,3:00,232
7555351794,U,CTY,1,7,857,131999,194,38:00.0,1,8:00,232
755535360X,U,IB,1,13,3969,127764,123,47:00.0,5,7:00,232
7555354068,U,CTY,1,14,770,202076,232,36:00.0,2,7:00,232
7555361501,U,IB,1,12,2560,126080,149,00:00.0,1,6:00,232
7555363546,U,OB,1,4,1000,123711,90,45:00.0,1,12:00,232
7555384940,U,CTY,1,10,1130,125856,R4  ,34:00.0,4,21:00,232
7555384940,U,CTY,1,10,1130,125856,174,26:00.0,4,20:00,232
755538792X,U,CTY,1,1,740,131999,194,54:00.0,1,7:00,232
755538803X,U,CTY,1,1,410,131592,174,22:00.0,5,2:00,232
7555444753,U,CTY,1,1,593,119799,188,52:00.0,4,0:00,232
7555445532,U,CTY,1,3,665,123969,173,37:00.0,6,1:00,232
7555450657,U,CTY,1,1,2322,119799,188,20:00.0,4,1:00,232
7555454076,U,IB,1,1,710,127764,123,14:00.0,5,6:00,232
755545535X,U,CTY,1,2,681,125404,195,00:00.0,7,2:00,232
7555455652,U,CTY,1,3,1020,200701,192,34:00.0,4,18:00,232
7555455670,U,CTY,1,1,341,131592,174,46:00.0,5,3:00,232
7555455762,U,IB,1,3,580,133813,141,15:00.0,6,0:00,232
7555455809,U,IB,1,1,516,133225,129,38:00.0,7,7:00,232
7555456211,U,CTY,1,1,220,131999,194,53:00.0,1,10:00,232
7555460896,U,IB,1,1,1540,134505,112,23:00.0,3,1:00,232
7555474563,U,CTY,1,1,960,133257,197,23:00.0,6,1:00,232
7555474655,U,OB,1,2,826,133456,84,01:00.0,1,10:00,232
755547471X,U,CTY,1,2,963,132372,195,33:00.0,4,0:00,232
755547471X,U,CTY,1,2,963,132372,O12 ,22:00.0,4,21:00,232
7555474783,U,IB,1,6,2085,133813,141,01:00.0,6,0:00,232
7555474911,U,CTY,1,1,148,119799,188,05:00.0,4,0:00,232
7555474985,U,CTY,1,1,453,116773,187,44:00.0,5,20:00,232
7555475113,U,OB,1,1,134,126885,96,39:00.0,3,21:00,232
7555479028,U,IB,1,1,300,134163,143,03:00.0,4,19:00,232
7555479046,U,OB,1,2,345,126885,96,29:00.0,3,21:00,232
7555479953,U,IB,1,1,1055,128530,129,57:00.0,4,5:00,232
7555480036,U,CTY,1,1,35,202076,189,31:00.0,1,12:00,232
7555485408,U,CTY,1,2,3050,131592,174,54:00.0,5,3:00,232
7555486553,U,CTY,1,3,960,124114,195,06:00.0,7,10:00,232
7555486571,U,CTY,1,1,1030,128530,182,49:00.0,4,6:00,232
7555486571,U,CTY,1,1,1030,128530,182,49:00.0,4,6:00,232
7555486645,U,IB,1,4,10072,134163,143,16:00.0,4,20:00,232
7555491301,U,IB,1,3,2920,128530,129,11:00.0,4,6:00,232
7555492181,U,IB,1,3,505,127905,111,35:00.0,6,1:00,232
7555492300,U,CTY,1,3,1250,127512,172,17:00.0,5,1:00,232
7555496985,U,CTY,1,2,509,133257,197,23:00.0,6,3:00,232
7555497003,U,CTY,1,1,530,131592,174,19:00.0,5,2:00,232
7555499414,U,IB,1,3,1510,134766,114,45:00.0,6,2:00,232
7555499414,U,CTY,1,3,1510,134766,212,19:00.0,6,11:00,232
7555499515,U,CTY,1,1,708,125404,195,40:00.0,7,0:00,232
7555501055,U,CTY,1,2,435,134160,173,21:00.0,1,3:00,232
7555501156,U,CTY,1,1,241,133257,197,40:00.0,6,2:00,232
7555501165,U,CTY,1,1,305,131999,194,48:00.0,1,10:00,232
7555501192,U,CTY,1,2,1076,125856,174,10:00.0,4,21:00,232
7555501201,U,IB,1,1,140,127764,123,46:00.0,5,4:00,232
7555501248,U,IB,1,2,435,138970,151,33:00.0,7,16:00,232
7555501302,U,IB,1,1,288,128530,129,26:00.0,4,8:00,232
7555501311,U,IB,1,1,307,128530,129,17:00.0,4,8:00,232
7555502265,U,CTY,1,1,150,124114,195,50:00.0,7,9:00,232
7555502640,U,IB,1,1,664,137236,101,07:00.0,6,4:00,232
7555510643,U,CTY,1,1,203,125225,197,44:00.0,7,3:00,232
7555510661,U,CTY,1,1,204,131999,194,31:00.0,1,9:00,232
7555513723,U,CTY,1,2,1720,131999,194,22:00.0,1,8:00,232
7555517995,U,IB,1,3,1165,138970,151,18:00.0,7,16:00,232
7555520974,U,CTY,1,1,397,129811,235,28:00.0,2,22:00,232
7555523650,U,CTY,1,2,4645,291058,175,29:00.0,2,11:00,232
7555523688,U,CTY,1,4,9210,129746,168,58:00.0,3,4:00,232
7555525080,U,CTY,1,2,470,131592,174,19:00.0,5,3:00,232
7555525118,U,CTY,1,1,170,133257,197,17:00.0,6,3:00,232
7555525228,U,CTY,1,2,900,133257,197,24:00.0,6,3:00,232
755552531X,U,IB,1,1,344,133813,141,50:00.0,6,0:00,232
7555525374,U,IB,1,3,670,133813,141,21:00.0,5,23:00,232
7555527830,U,CTY,1,1,153,127512,172,30:00.0,5,1:00,232
7555528674,U,IB,1,1,669,136719,116,37:00.0,5,8:00,232
755552916X,U,CTY,1,2,430,124114,195,56:00.0,7,9:00,232
7555532497,U,CTY,1,1,1533,126202,187,43:00.0,5,2:00,232
7555532515,U,CTY,1,1,150,127512,172,01:00.0,5,1:00,232
7555536282,U,IB,1,1,334,137236,101,26:00.0,6,4:00,232
7555536291,U,IB,1,1,155,137236,101,24:00.0,6,4:00,232
7555536630,U,IB,1,3,1010,133882,163,16:00.0,4,1:00,232
7555536731,U,CTY,1,1,707,134505,187,21:00.0,3,0:00,232
7555551242,U,IB,1,1,191,126870,143,13:00.0,5,20:00,572
7555552645,U,OB,1,1,8040,HAEI23421,75,11:00.0,4,20:00,572
7555561317,U,CTY,1,1,1620,117243,175,01:00.0,1,22:00,572
7555561335,U,IB,1,1,560,HAEI23005,117,37:00.0,7,7:00,572
7555561463,U,CTY,1,3,3930,133185,174,23:00.0,7,17:00,572
755556150X,U,CTY,1,1,345,128398,173,09:00.0,5,14:00,572
7555563526,U,CTY,1,2,1800,290977,194,46:00.0,5,22:00,572
755556799X,U,CTY,1,1,92,131801,208,38:00.0,6,11:00,572
7555568045,U,CTY,1,1,192,131801,208,31:00.0,6,14:00,572
7555568999,U,CTY,1,7,8900,132575,219,14:00.0,3,6:00,572
7555568999,U,OB,1,7,8900,132575,11,41:00.0,1,13:00,572
755557173X,U,IB,1,3,2055,121377,135,46:00.0,1,22:00,572
7555572445,U,CTY,1,2,7366,431077,193,58:00.0,7,19:00,572
7555572445,U,CTY,1,2,7366,431077,193,58:00.0,7,19:00,572
755557250X,U,CTY,1,1,286,431077,173,18:00.0,7,15:00,572
7555572546,U,CTY,1,2,825,431077,173,31:00.0,7,19:00,572
755557338X,U,CTY,1,3,1716,HAEI25934,192,13:00.0,1,3:00,572
7555576149,U,IB,1,1,190,430569,127,51:00.0,1,7:00,572
7555576304,U,OB,1,5,11100,278972,74,00:00.0,2,4:00,572
7555576322,U,CTY,1,5,11150,133640,189,20:00.0,2,14:00,572
7555582473,U,CTY,1,1,212,132080,233,31:00.0,6,23:00,572
7555582538,U,CTY,1,3,1856,261383,187,20:00.0,6,21:00,572
7555582711,U,CTY,1,4,4210,119931,175,01:00.0,2,20:00,572
7555588478,U,IB,1,5,5662,134733,111,43:00.0,6,12:00,572
7555588505,U,IB,1,1,8862,HAEI26012,158,57:00.0,6,17:00,572
7555595480,U,IB,1,1,286,133251,125,18:00.0,4,16:00,303
7555627647,U,IB,1,3,897,136940,111,42:00.0,4,22:00,303
7555635136,U,CTY,1,1,76,121101,196,18:00.0,3,19:00,303
7555635145,U,IB,1,2,1390,136530,145,02:00.0,3,14:00,303
7555635172,U,IB,1,1,160,136940,111,31:00.0,4,21:00,303
7555649811,U,IB,1,1,1660,125980,131,44:00.0,2,8:00,303
7555650206,U,IB,1,2,636,125980,167,44:00.0,3,16:00,303
7555650206,U,IB,1,2,636,125980,131,48:00.0,2,7:00,303
7555650289,U,CTY,1,1,719,122835,187,12:00.0,3,16:00,303
7555652819,U,IB,1,2,580,139548,152,01:00.0,4,0:00,303
7555652828,U,IB,1,2,580,136530,145,39:00.0,3,18:00,303
7555652837,U,IB,1,2,580,136530,145,55:00.0,3,16:00,303
7555652855,U,IB,1,2,580,139548,152,03:00.0,4,0:00,303
7555652882,U,IB,1,2,580,136940,111,10:00.0,4,20:00,303
7555652900,U,IB,1,2,580,136940,111,34:00.0,4,19:00,303
755565291X,U,IB,1,2,580,136940,111,11:00.0,4,18:00,303
7555652938,U,IB,1,2,580,139548,152,41:00.0,3,22:00,303
7555652947,U,IB,1,2,580,139548,152,51:00.0,3,22:00,303
7555652992,U,IB,1,2,580,139548,152,30:00.0,4,0:00,303
7555653001,U,IB,1,2,580,139548,152,18:00.0,4,0:00,303
755565302X,U,IB,1,2,580,139548,152,42:00.0,4,0:00,303
7555653039,U,IB,1,2,580,136940,111,27:00.0,4,18:00,303
7555657769,U,CTY,1,1,100,135165,189,22:00.0,5,20:00,303
7555657998,U,CTY,1,1,190,138050,196,53:00.0,3,18:00,303
7555658144,U,IB,1,1,440,PASC175379,151,16:00.0,2,17:00,303
7555664836,U,IB,1,1,550,136530,145,33:00.0,3,14:00,303
7555664937,U,CTY,1,1,550,121101,196,15:00.0,3,20:00,303
7555664973,U,CTY,1,1,550,121101,196,15:00.0,3,19:00,303
7555665624,U,CTY,1,2,625,121101,196,59:00.0,3,20:00,303
7555686753,U,CTY,1,5,1687,261400,187,23:00.0,5,13:00,303
7555693198,U,CTY,1,3,111,130451,194,49:00.0,6,18:00,303
7555693582,U,CTY,1,1,1378,121916,174,03:00.0,6,15:00,303
7555693600,U,CTY,1,1,933,121916,174,08:00.0,6,14:00,303
7555693629,U,CTY,1,1,689,121916,174,12:00.0,6,14:00,303
7555696121,U,CTY,1,1,2038,126222,168,21:00.0,7,16:00,303
755569966X,U,IB,1,1,2866,133251,125,25:00.0,4,16:00,303
7555699697,U,CTY,1,4,10375,118481,192,26:00.0,6,13:00,303
7555699733,U,IB,1,5,4057,125980,131,11:00.0,2,8:00,303
7555704344,U,IB,1,1,404,134428,163,07:00.0,6,18:00,303
7555707177,U,IB,1,1,150,137401,151,59:00.0,5,13:00,303
7555708854,U,CTY,1,3,5080,140356,172,28:00.0,7,12:00,303
7555712410,U,CTY,1,4,284,128031,197,19:00.0,5,19:00,303
7555713575,U,IB,1,1,1560,125980,131,27:00.0,2,9:00,303
755571528X,U,CTY,1,1,450,122816,196,13:00.0,6,20:00,303
7555718983,U,CTY,1,1,180,261315,174,53:00.0,3,9:00,303
7555724263,U,CTY,1,2,3520,131209,197,28:00.0,6,14:00,303
7555724319,U,IB,1,1,115,131973,114,21:00.0,4,20:00,303
7555734053,U,IB,1,2,580,136940,111,43:00.0,4,17:00,303
7555734109,U,IB,1,2,580,139548,152,04:00.0,3,23:00,303
7555734127,U,IB,1,2,580,136530,145,34:00.0,3,16:00,303
7555734172,U,CTY,1,2,580,136530,O   ,20:00.0,4,4:00,303
7555734190,U,CTY,1,2,580,139548,233,59:00.0,3,22:00,303
7555734190,U,CTY,1,2,580,139548,233,59:00.0,3,22:00,303
7555735373,U,CTY,1,1,1430,290301,194,51:00.0,2,7:00,303
7555737445,U,IB,1,1,516,133251,125,35:00.0,4,15:00,303
7555738114,U,CTY,1,1,393,140356,172,12:00.0,7,12:00,303
755573838X,U,IB,1,1,1267,116773,104,42:00.0,3,18:00,303
7555788063,U,CTY,1,2,850,261400,187,22:00.0,5,16:00,303
7555788081,U,CTY,1,1,455,261400,187,12:00.0,5,14:00,303
7555788119,U,IB,1,1,242,125980,131,59:00.0,2,9:00,303
7555788137,U,IB,1,1,270,121487,164,57:00.0,7,18:00,303
7555788173,U,IB,1,3,4260,131703,123,21:00.0,4,15:00,303
7555788191,U,CTY,1,1,570,131209,197,54:00.0,6,14:00,303
7555788200,U,IB,1,1,180,116773,104,13:00.0,3,20:00,303
7555788238,U,CTY,1,2,600,140356,172,11:00.0,7,14:00,303
7555795938,U,IB,1,2,580,131703,123,56:00.0,4,15:00,303
7555795956,U,IB,1,2,580,131703,123,10:00.0,4,16:00,303
755579602X,U,IB,1,1,550,131703,123,07:00.0,4,16:00,303
7555830422,U,CTY,1,3,1015,126222,168,56:00.0,7,16:00,303
7555830523,U,CTY,1,2,1350,121916,174,12:00.0,6,15:00,303
7555852633,U,IB,1,3,1434,430356,149,55:00.0,5,11:00,216
7555852660,U,IB,1,3,3645,135704,101,10:00.0,7,11:00,216
7555852660,U,IB,1,3,3645,135704,162,16:00.0,7,15:00,216
755585267X,U,IB,1,3,3170,135704,101,50:00.0,7,10:00,216
7555863918,U,IB,1,1,25,129499,131,47:00.0,6,13:00,216
7555864522,U,CTY,1,1,200,133906,197,54:00.0,4,15:00,216
7555872168,U,IB,1,1,391,129489,103,29:00.0,5,12:00,216
7555872186,U,OB,1,1,505,139033,84,24:00.0,1,2:00,216
7555872561,U,CTY,1,1,688,121789,172,38:00.0,5,18:00,216
7555879208,U,IB,1,1,2545,119676,105,12:00.0,4,16:00,216
7555891317,U,IB,1,1,120,121290,117,19:00.0,3,10:00,216
7555891335,U,IB,1,1,60,125025,143,04:00.0,3,12:00,216
7555908623,U,IB,1,1,530,139580,117,04:00.0,6,13:00,511
7555908623,U,CTY,1,1,530,139580,173,57:00.0,6,10:00,511
7555912309,U,IB,1,1,326,130980,150,20:00.0,7,10:00,216
7555929844,U,OB,1,1,325,130586,96,50:00.0,7,12:00,216
7555929945,U,IB,1,1,525,135689,101,53:00.0,6,0:00,216
7555929954,U,IB,1,1,1675,127111,104,45:00.0,7,7:00,216
7555934693,U,IB,1,2,426,128234,116,43:00.0,7,18:00,216
7555934702,U,CTY,1,3,672,121691,174,52:00.0,7,9:00,216
7555949525,U,IB,1,1,152,133854,117,41:00.0,6,6:00,216
7555958810,U,IB,1,1,140,128283,151,39:00.0,1,3:00,216
7555974468,U,IB,1,1,39,123386,105,16:00.0,4,16:00,216
7555974596,U,IB,1,1,70,135311,104,14:00.0,5,13:00,216
7555974614,U,IB,1,1,12,135311,104,30:00.0,5,10:00,216
7555974623,U,IB,1,2,45,135311,104,59:00.0,5,9:00,216
7555974688,U,IB,1,2,698,135311,104,14:00.0,5,13:00,216
7555974697,U,IB,1,3,1695,135311,104,13:00.0,5,13:00,216
7555974715,U,IB,1,3,2979,135311,104,43:00.0,5,12:00,216
7555974724,U,CTY,1,1,238,290869,174,20:00.0,6,8:00,216
7555974789,U,CTY,1,1,2,290869,174,04:00.0,6,8:00,216
7555974798,U,IB,1,1,2,290869,156,20:00.0,6,9:00,216
7555974798,U,CTY,1,1,2,290869,174,15:00.0,6,8:00,216
7555974870,U,CTY,1,2,156,290869,174,00:00.0,6,8:00,216
7555974917,U,OB,1,3,111,130586,96,47:00.0,7,13:00,216
7555975054,U,CTY,1,4,51,290869,174,07:00.0,6,8:00,216
7555975301,U,CTY,1,1,10,290869,174,11:00.0,6,8:00,216
7555975339,U,CTY,1,3,5493,290869,174,53:00.0,6,7:00,216
7555975366,U,OB,1,1,207,130586,96,37:00.0,7,15:00,216
7555975384,U,IB,1,1,309,290902,131,43:00.0,3,6:00,216
755597543X,U,IB,1,1,577,290902,131,37:00.0,3,6:00,216
7555975449,U,IB,1,1,811,290902,131,45:00.0,3,6:00,216
7555975467,U,IB,1,1,245,290902,131,41:00.0,3,6:00,216
7555975494,U,IB,1,3,93,290902,131,36:00.0,3,6:00,216
7555975687,U,IB,1,1,813,277216,109,51:00.0,4,6:00,216
7555975687,U,IB,1,1,813,277216,109,51:00.0,4,6:00,216
7555975705,U,IB,1,1,217,277216,154,18:00.0,4,8:00,216
7555975705,U,IB,1,1,217,277216,154,18:00.0,4,8:00,216
755597576X,U,IB,1,1,561,277216,113,52:00.0,4,7:00,216
7555977712,U,CTY,1,3,790,134535,169,43:00.0,3,13:00,216
7556001710,U,IB,1,3,2275,133854,117,56:00.0,6,6:00,216
7556001739,U,IB,1,1,280,135311,104,55:00.0,5,10:00,216
7556001867,U,IB,1,2,790,121112,149,28:00.0,5,10:00,216
755600194X,U,IB,1,2,2493,202385,105,25:00.0,4,16:00,216
7556002114,U,IB,1,2,1157,430356,149,40:00.0,5,14:00,216
7556009448,U,OB,1,6,220,249027,96,17:00.0,5,11:00,216
7556009520,U,IB,1,6,240,127816,113,47:00.0,3,12:00,216
755600953X,U,IB,1,5,200,127816,113,30:00.0,3,12:00,216
7556009778,U,OB,1,2,88,139450,95,37:00.0,3,15:00,216
7556009778,U,IB,1,2,88,139450,111,20:00.0,3,6:00,216
7556009805,U,IB,1,5,156,139450,111,19:00.0,3,6:00,216
7556009814,U,IB,1,5,220,139450,111,11:00.0,3,6:00,216
7556009897,U,IB,1,4,132,123386,105,40:00.0,4,12:00,216
7556009915,U,IB,1,10,340,123386,105,37:00.0,4,14:00,216
7556010043,U,OB,1,1,157,130586,96,35:00.0,7,15:00,216
7556015323,U,IB,1,4,132,123386,105,45:00.0,4,13:00,216
7556015332,U,IB,1,2,176,139450,111,51:00.0,3,6:00,216
7556015397,U,IB,1,3,198,123386,153,20:00.0,4,16:00,216
7556015397,U,IB,1,3,198,123386,105,36:00.0,4,15:00,216
7556015552,U,IB,1,2,174,139450,111,35:00.0,3,6:00,216
7556015680,U,IB,1,2,80,139450,111,51:00.0,3,6:00,216
7556015745,U,IB,1,6,204,123386,105,22:00.0,4,15:00,216
7556015754,U,IB,1,5,165,123386,105,52:00.0,4,12:00,216
7556015992,U,IB,1,2,132,290902,131,02:00.0,3,7:00,216
7556016057,U,IB,1,1,188,124130,116,26:00.0,6,6:00,216
7556016387,U,IB,1,2,130,126729,135,52:00.0,4,14:00,216
7556016450,U,IB,1,1,26,126729,135,02:00.0,4,15:00,216
755601646X,U,IB,1,2,70,127469,151,59:00.0,3,10:00,216
7556016488,U,IB,1,5,165,127469,151,52:00.0,3,9:00,216
7556016524,U,IB,1,2,48,126104,141,45:00.0,5,8:00,216
7556016589,U,IB,1,5,200,127469,151,41:00.0,3,9:00,216
7556016598,U,IB,1,1,40,126729,135,54:00.0,4,14:00,216
7556016616,U,IB,1,5,215,126729,135,59:00.0,4,14:00,216
7556016634,U,IB,1,3,120,127469,151,08:00.0,3,11:00,216
755601668X,U,IB,1,1,20,126729,135,04:00.0,4,15:00,216
7556016762,U,IB,1,3,150,127469,151,28:00.0,3,10:00,216
7556025609,U,IB,1,1,195,129499,131,49:00.0,6,12:00,216
7556025618,U,IB,1,1,210,129499,131,46:00.0,6,12:00,216
7556025627,U,IB,1,6,1,129499,131,31:00.0,6,10:00,216
7556025645,U,IB,1,1,172,129499,131,28:00.0,6,13:00,216
7556025654,U,IB,1,1,205,129499,131,59:00.0,6,12:00,216
7556025672,U,IB,1,1,210,129499,131,42:00.0,6,12:00,216
755602570X,U,IB,1,1,215,129499,131,36:00.0,6,11:00,216
7556025719,U,IB,1,1,205,129499,131,14:00.0,6,14:00,216
7556059709,U,CTY,1,4,3280,135728,174,15:00.0,1,15:00,581
7556066922,U,CTY,1,2,4250,HAEI25964,169,20:00.0,5,17:00,581
7556066922,U,CTY,1,2,4250,HAEI25964,231,32:00.0,5,17:00,581
7556070433,U,IB,1,2,175,130585,125,57:00.0,2,3:00,581
7556070451,U,IB,1,2,175,430569,127,08:00.0,1,7:00,581
7556070451,U,CTY,1,2,175,430569,232,32:00.0,1,19:00,581
7556070460,U,CTY,1,2,175,HAEI25458,188,36:00.0,4,18:00,581
755607047X,U,CTY,1,2,175,137791,169,46:00.0,2,6:00,581
7556083312,U,IB,1,3,480,140114,101,19:00.0,6,9:00,581
7556091351,U,IB,1,2,1445,134733,111,18:00.0,6,12:00,581
7556097154,U,IB,1,2,1348,137892,131,59:00.0,7,10:00,581
7556105220,U,CTY,1,1,289,131617,169,27:00.0,1,19:00,581
7556105368,U,IB,1,1,223,135983,116,08:00.0,6,20:00,581
755610919X,U,OB,1,1,494,HAEI27814,73,03:00.0,5,22:00,581
7556109703,U,IB,1,1,653,137892,131,36:00.0,7,12:00,581
7556117275,U,IB,1,3,480,140114,101,44:00.0,6,8:00,581
7556121666,U,IB,1,2,1746,137892,131,56:00.0,7,12:00,581
7556126120,U,IB,1,2,286,137892,131,59:00.0,7,12:00,581
755612613X,U,IB,1,2,235,137892,131,46:00.0,7,11:00,581
7556126158,U,IB,1,1,162,137892,131,19:00.0,7,11:00,581
7556126167,U,IB,1,1,156,137892,131,03:00.0,7,12:00,581
7556126387,U,IB,1,1,305,134188,105,53:00.0,6,20:00,581
7556126524,U,IB,1,1,186,121377,135,03:00.0,1,21:00,581
7556127377,U,OB,1,1,131,137256,89,17:00.0,5,19:00,581
7556145150,U,OB,1,2,1386,HAEI26237,67,37:00.0,6,0:00,581
755614516X,U,IB,1,1,105,HAEI23307,131,54:00.0,6,20:00,581
755617321X,U,OB,1,2,1220,127169,75,45:00.0,7,22:00,615
7556181387,U,OB,1,1,150,128528,46,37:00.0,7,5:00,615
7556183917,U,OB,1,1,100,126896,26,35:00.0,3,1:00,615
7556183935,U,IB,1,1,250,138606,101,36:00.0,1,9:00,615
755619323X,U,OB,1,4,660,128515,55,54:00.0,1,7:00,615
7556193249,U,OB,1,4,630,128515,55,05:00.0,1,8:00,615
755620005X,U,OB,1,2,2200,138169,67,11:00.0,7,18:00,615
7556200114,U,OB,1,1,206,128528,46,01:00.0,7,4:00,615
7556205486,U,OB,1,4,1890,130927,31,25:00.0,5,14:00,615
7556207145,U,OB,1,1,181,130927,31,31:00.0,5,12:00,615
7556207154,U,OB,1,1,464,130927,31,59:00.0,5,13:00,615
7556212416,U,OB,1,1,298,128868,96,14:00.0,5,20:00,615
755621490X,U,CTY,1,1,100,137932,169,35:00.0,5,0:00,615
7556215101,U,IB,1,1,387,136411,111,55:00.0,5,16:00,615
7556215963,U,IB,1,1,500,290525,104,54:00.0,7,4:00,615
7556217934,U,IB,1,1,2500,290525,104,37:00.0,7,4:00,615
7556217952,U,IB,1,1,1500,127761,113,53:00.0,1,5:00,615
7556222150,U,OB,1,1,117,134638,67,17:00.0,2,7:00,615
7556225369,U,OB,1,2,1010,131327,69,09:00.0,2,16:00,615
7556225369,U,OB,1,2,1010,131327,96,39:00.0,1,9:00,615
7556225423,U,OB,1,2,1135,139511,40,16:00.0,7,4:00,615
7556228925,U,OB,1,1,238,127169,75,15:00.0,7,22:00,615
7556229228,U,OB,1,2,455,134638,67,51:00.0,2,6:00,615
7556229255,U,IB,1,1,203,135835,149,58:00.0,5,16:00,615
7556229392,U,OB,1,2,830,261362,95,37:00.0,5,10:00,615
7556229401,U,OB,1,4,1400,261362,95,38:00.0,5,10:00,615
7556230777,U,OB,1,1,402,134638,67,58:00.0,2,7:00,615
7556235790,U,OB,1,1,1140,261362,95,22:00.0,5,9:00,615
7556235855,U,OB,1,1,1025,261362,95,17:00.0,5,9:00,615
755623789X,U,OB,1,1,202,128528,46,49:00.0,7,3:00,615
7556239797,U,IB,1,1,855,127761,113,29:00.0,1,6:00,615
7556239824,U,OB,1,1,606,128868,96,25:00.0,5,20:00,615
7556245580,U,OB,1,2,1515,124111,55,47:00.0,1,22:00,615
755624559X,U,OB,1,2,615,124111,55,38:00.0,1,22:00,615
7556245609,U,OB,1,1,280,128868,96,56:00.0,5,20:00,615
7556247497,U,OB,1,1,193,124111,55,59:00.0,1,20:00,615
7556247515,U,OB,1,1,357,138169,67,12:00.0,7,17:00,615
755624779X,U,OB,1,1,295,126385,59,57:00.0,1,14:00,615
755624779X,U,OB,1,1,295,126385,31,49:00.0,1,3:00,615
7556250402,U,OB,1,2,588,138169,67,38:00.0,7,17:00,615
7556254335,U,IB,1,3,1926,132836,113,47:00.0,2,19:00,615
755625439X,U,IB,1,1,172,132836,113,07:00.0,2,19:00,615
7556254555,U,OB,1,1,309,131327,96,33:00.0,1,5:00,615
7556254573,U,OB,1,5,3803,128515,55,52:00.0,1,6:00,615
7556254591,U,OB,1,2,660,131327,96,11:00.0,1,7:00,615
7556254629,U,OB,1,1,152,131327,96,01:00.0,1,7:00,615
7556254665,U,OB,1,1,645,131327,96,06:00.0,1,7:00,615
7556254674,U,OB,1,2,976,128515,64,25:00.0,7,16:00,615
7556254701,U,OB,1,2,860,131327,96,36:00.0,1,6:00,615
7556254757,U,OB,1,15,7046,121973,86,23:00.0,2,16:00,615
7556254986,U,CTY,1,1,188,127133,194,19:00.0,7,17:00,615
7556255096,U,IB,1,2,720,139578,149,11:00.0,1,16:00,615
7556255150,U,IB,1,1,131,138606,101,32:00.0,1,9:00,615
7556257819,U,OB,1,1,1128,128528,46,04:00.0,7,4:00,615
7556258075,U,OB,1,1,165,138169,67,50:00.0,7,18:00,615
7556258075,U,OB,1,1,165,138169,57,09:00.0,7,19:00,615
7556258084,U,OB,1,1,122,138169,67,58:00.0,7,18:00,615
7556258093,U,OB,1,1,100,138169,67,04:00.0,7,19:00,615
7556258818,U,OB,1,1,78,45459,63,45:00.0,7,6:00,615
7556259862,U,IB,1,1,200,290525,104,33:00.0,7,4:00,615
7556260100,U,OB,1,1,570,261362,95,28:00.0,5,8:00,615
7556260210,U,OB,1,2,830,128528,46,13:00.0,7,4:00,615
7556261366,U,IB,1,1,386,134940,112,02:00.0,4,21:00,615
7556262071,U,OB,1,1,735,128515,55,11:00.0,1,8:00,615
7556262778,U,OB,1,1,294,130927,31,49:00.0,5,12:00,615
7556262823,U,IB,1,1,341,127761,113,55:00.0,1,4:00,615
7556262841,U,OB,1,1,185,131327,96,54:00.0,1,9:00,615
7556263328,U,OB,1,4,2120,131327,96,06:00.0,1,11:00,615
7556263447,U,OB,1,1,278,138169,67,31:00.0,7,16:00,615
7556270056,U,OB,1,1,300,126385,31,56:00.0,1,3:00,615
7556270139,U,OB,1,1,300,134638,67,34:00.0,2,7:00,615
7556270148,U,OB,1,1,1180,134638,25,26:00.0,2,9:00,615
7556270148,U,OB,1,1,1180,134638,67,52:00.0,2,7:00,615
7556270166,U,OB,1,1,75,134638,67,32:00.0,2,6:00,615
7556270285,U,OB,1,1,125,127605,78,12:00.0,6,21:00,615
7556270294,U,OB,1,1,125,127605,78,08:00.0,6,21:00,615
7556270808,U,CTY,1,1,218,R62112290,188,53:00.0,5,1:00,615
7556270918,U,OB,1,1,118,128804,60,57:00.0,4,22:00,615
7556274135,U,OB,1,7,3140,139511,40,14:00.0,7,7:00,615
7556274171,U,IB,1,3,3800,133808,123,05:00.0,3,10:00,615
7556274209,U,OB,1,1,760,131843,39,07:00.0,5,14:00,615
7556274227,U,OB,1,2,1910,131327,96,07:00.0,1,8:00,615
755627518X,U,IB,1,4,1140,127761,113,53:00.0,1,6:00,615
7556275309,U,OB,1,1,194,134638,67,46:00.0,2,7:00,615
7556275354,U,OB,1,1,20,128868,96,10:00.0,5,19:00,615
7556275940,U,OB,1,1,1604,128528,46,51:00.0,7,3:00,615
7556278901,U,OB,1,3,970,139511,40,22:00.0,7,1:00,615
7556278957,U,OB,1,1,475,139511,40,16:00.0,7,2:00,615
7556279020,U,OB,1,2,116,130927,31,28:00.0,5,14:00,615
755627914X,U,OB,1,1,370,128804,60,41:00.0,4,11:00,615
7556279240,U,OB,1,4,2275,128868,96,38:00.0,5,19:00,615
755627925X,U,OB,1,1,360,128804,60,37:00.0,4,11:00,615
7556279278,U,OB,1,3,850,128868,96,26:00.0,5,19:00,615
7556279287,U,OB,1,2,580,128868,96,05:00.0,5,19:00,615
7556279305,U,OB,1,1,276,45459,63,27:00.0,7,6:00,615
7556279350,U,OB,1,1,276,128528,46,45:00.0,7,3:00,615
7556279442,U,OB,1,3,1295,45459,63,24:00.0,7,7:00,615
7556279460,U,OB,1,2,750,127169,75,17:00.0,7,23:00,615
7556279671,U,IB,1,154,1550,127761,113,47:00.0,1,5:00,615
7556279709,U,OB,1,1,465,131327,96,29:00.0,1,5:00,615
7556281799,U,OB,1,1,304,126896,26,18:00.0,3,1:00,615
7556281871,U,OB,1,1,1261,127605,78,52:00.0,6,20:00,615
7556281880,U,OB,1,2,2195,127605,78,24:00.0,6,21:00,615
7556281936,U,IB,1,2,553,138606,101,48:00.0,1,9:00,615
7556281945,U,OB,1,1,172,132147,43,21:00.0,2,16:00,615
7556281954,U,OB,1,1,704,139982,53,13:00.0,3,16:00,615
7556282156,U,OB,1,1,136,134638,67,23:00.0,2,6:00,615
7556282165,U,OB,1,1,450,134638,67,20:00.0,2,7:00,615
7556282349,U,OB,1,3,1533,559414,96,12:00.0,1,14:00,615
7556282358,U,IB,1,5,2350,290525,104,15:00.0,7,4:00,615
7556282358,U,CTY,1,5,2350,290525,199,05:00.0,1,20:00,615
7556282367,U,OB,1,1,608,139511,40,42:00.0,7,6:00,615
7556282385,U,OB,1,2,364,139511,40,36:00.0,7,6:00,615
7556282421,U,IB,1,2,2089,128638,103,50:00.0,3,18:00,615
7556282468,U,CTY,1,2,691,131424,231,37:00.0,6,18:00,615
7556282468,U,IB,1,2,691,131424,105,26:00.0,5,2:00,615
7556287014,U,OB,1,1,331,126385,31,47:00.0,1,1:00,615
7556287903,U,IB,1,1,177,138606,101,59:00.0,1,9:00,615
7556290718,U,OB,1,4,2635,126385,31,41:00.0,1,4:00,615
7556291616,U,OB,1,1,150,139511,40,09:00.0,7,2:00,615
7556291625,U,IB,1,2,585,127761,113,20:00.0,1,5:00,615
7556291652,U,CTY,1,2,770,530810,187,18:00.0,6,0:00,615
7556291771,U,OB,1,1,167,128804,60,34:00.0,4,11:00,615
7556291964,U,OB,1,1,1550,558293,97,53:00.0,3,1:00,615
7556291964,U,OB,1,1,1550,558293,78,05:00.0,3,1:00,615
7556291982,U,OB,1,1,2,558947,31,17:00.0,2,16:00,615
7556292642,U,OB,1,1,500,558947,31,59:00.0,2,16:00,615
7556293100,U,OB,1,1,394,138169,67,22:00.0,7,19:00,615
7556293495,U,IB,1,1,381,132836,113,18:00.0,2,19:00,615
7556293578,U,OB,1,1,210,131843,39,41:00.0,5,15:00,615
7556293605,U,OB,1,1,57,131843,39,59:00.0,5,14:00,615
7556293632,U,OB,1,1,235,131843,39,17:00.0,5,14:00,615
7556293641,U,IB,1,1,115,127761,113,01:00.0,1,6:00,615
7556293641,U,OB,1,1,115,127761,27,19:00.0,3,4:00,615
7556293697,U,IB,1,1,145,127761,113,32:00.0,1,5:00,615
7556293816,U,IB,1,1,146,290525,104,22:00.0,7,4:00,615
7556294036,U,OB,1,1,150,131843,39,54:00.0,5,13:00,615
7556294054,U,OB,1,1,295,131327,96,56:00.0,1,9:00,615
7556294081,U,IB,1,1,98,132836,113,53:00.0,2,18:00,615
7556294265,U,OB,1,1,78,138169,67,24:00.0,7,16:00,615
7556294274,U,OB,1,1,110,138169,67,14:00.0,7,18:00,615
7556295897,U,OB,1,1,115,134638,67,18:00.0,2,6:00,847
7556295942,U,IB,1,3,4285,138606,101,13:00.0,1,10:00,615
7556296117,U,IB,1,1,115,131347,116,19:00.0,4,11:00,615
7556296144,U,IB,1,1,215,131347,116,20:00.0,4,12:00,615
7556296218,U,OB,1,3,1333,131843,39,25:00.0,5,15:00,615
7556296272,U,OB,1,2,649,131843,39,24:00.0,5,16:00,615
755629707X,U,IB,1,2,2140,290525,104,41:00.0,7,4:00,615
755629740X,U,OB,1,2,600,128868,96,41:00.0,5,18:00,615
7556297666,U,IB,1,1,233,138606,101,23:00.0,1,9:00,615
7556297675,U,IB,1,1,205,138606,101,43:00.0,1,9:00,615
755629784X,U,OB,1,1,125,128804,60,47:00.0,4,11:00,615
7556297877,U,OB,1,1,3,128868,96,10:00.0,5,18:00,615
7556297877,U,OB,1,1,3,128868,98,33:00.0,6,14:00,615
7556297886,U,OB,1,1,100,128868,96,55:00.0,5,18:00,615
755629795X,U,OB,1,1,236,128868,96,54:00.0,5,19:00,615
7556297996,U,OB,1,2,248,138169,67,10:00.0,7,16:00,615
7556300544,U,IB,1,1,194,131347,116,39:00.0,4,10:00,615
7556300847,U,OB,1,1,194,261362,95,06:00.0,5,10:00,615
7556300865,U,IB,1,1,300,138606,101,50:00.0,1,9:00,615
7556300883,U,OB,1,1,141,128804,60,31:00.0,4,12:00,615
755630136X,U,OB,1,3,2000,131843,39,27:00.0,5,14:00,615
7556301626,U,OB,1,2,2680,261362,95,29:00.0,5,9:00,615
7556301745,U,OB,1,2,775,128515,55,42:00.0,1,7:00,615
7556301754,U,OB,1,1,295,128515,55,26:00.0,1,7:00,615
7556301873,U,OB,1,2,768,124111,55,31:00.0,1,21:00,615
7556301900,U,OB,1,2,1665,124111,55,52:00.0,1,20:00,615
7556301974,U,IB,1,1,144,138606,101,09:00.0,1,10:00,615
7556302048,U,OB,1,2,394,127605,78,01:00.0,6,21:00,615
7556302212,U,OB,1,1,384,45459,63,00:00.0,7,8:00,615
7556302268,U,OB,1,1,932,138169,67,20:00.0,7,17:00,615
7556302268,U,OB,1,1,932,138169,57,04:00.0,7,19:00,615
755635933X,U,OB,1,1,230,134377,63,14:00.0,7,13:00,435
7556359349,U,OB,1,1,210,134377,63,08:00.0,7,13:00,435
7556360072,U,IB,1,1,325,136017,103,27:00.0,4,4:00,435
7556360081,U,IB,1,1,300,136017,103,33:00.0,4,3:00,435
755636010X,U,OB,1,1,295,134359,53,46:00.0,5,4:00,435
7556360128,U,IB,1,1,125,430909,113,17:00.0,3,15:00,435
7556360146,U,OB,1,1,509,123631,86,45:00.0,4,7:00,435
7556360155,U,OB,1,1,300,136198,32,22:00.0,3,14:00,435
7556360164,U,OB,1,1,295,211354,84,56:00.0,3,9:00,435
755636021X,U,IB,1,1,509,128065,129,36:00.0,3,3:00,435
7556360229,U,IB,1,1,165,123327,113,06:00.0,4,13:00,435
7556360265,U,IB,1,1,300,123843,150,24:00.0,5,12:00,435
7556360292,U,OB,1,1,395,291096,53,51:00.0,5,10:00,435
7556361154,U,OB,1,1,1410,125489,72,16:00.0,4,4:00,435
7556361163,U,OB,1,1,2044,125489,72,03:00.0,4,5:00,435
7556361172,U,OB,1,3,740,138970,52,22:00.0,3,3:00,435
7556361181,U,IB,1,1,370,128065,129,55:00.0,3,4:00,435
7556362052,U,OB,1,3,300,129653,34,40:00.0,7,7:00,435
7556362052,U,OB,1,3,300,129653,51,35:00.0,7,7:00,435
7556363015,U,OB,1,13,4880,126813,90,48:00.0,4,16:00,435
7556363024,U,IB,1,3,1200,132598,101,37:00.0,7,13:00,435
7556363033,U,OB,1,5,1570,430574,50,31:00.0,5,11:00,435
7556364665,U,IB,1,4,1831,139878,117,54:00.0,5,20:00,435
7556366104,U,OB,1,11,320,136198,32,59:00.0,3,13:00,435
7556370284,U,OB,1,1,668,138855,34,57:00.0,2,3:00,435
7556370284,U,IB,1,1,668,138855,125,25:00.0,1,13:00,435
7556370917,U,IB,1,1,955,430528,105,09:00.0,6,15:00,435
7556378049,U,IB,1,3,4585,126047,141,38:00.0,3,18:00,435
7556381311,U,IB,1,1,350,431218,114,24:00.0,7,19:00,435
7556382339,U,OB,1,1,120,126487,17,13:00.0,6,16:00,435
7556382357,U,OB,1,1,923,261071,86,06:00.0,4,15:00,435
7556382669,U,IB,1,2,3400,140219,117,59:00.0,1,3:00,435
7556382687,U,OB,1,1,138,134359,53,01:00.0,5,5:00,435
7556382696,U,OB,1,5,1305,137656,53,16:00.0,6,2:00,435
7556382705,U,IB,1,2,1915,903489,164,48:00.0,6,19:00,435
7556382714,U,OB,1,8,9332,126487,17,20:00.0,6,18:00,435
7556388535,U,IB,1,1,256,136017,103,37:00.0,4,2:00,435
7556388544,U,IB,1,1,500,136017,103,37:00.0,4,2:00,435
7556392944,U,OB,1,1,370,130990,60,38:00.0,3,2:00,435
7556392971,U,OB,1,1,256,130990,60,12:00.0,3,1:00,435
7556392980,U,OB,1,1,256,130990,60,57:00.0,3,0:00,435
755639299X,U,OB,1,1,256,130990,60,15:00.0,3,0:00,435
7556393009,U,IB,1,1,174,136017,103,49:00.0,4,4:00,435
7556393018,U,IB,1,1,174,136017,103,35:00.0,4,4:00,435
7556393027,U,IB,1,1,174,136017,103,36:00.0,4,4:00,435
7556393027,U,OB,1,1,174,136017,68,37:00.0,4,4:00,435
7556393045,U,OB,1,1,174,136017,30,31:00.0,4,4:00,435
7556393045,U,OB,1,1,174,136017,30,31:00.0,4,4:00,435
7556393063,U,OB,1,1,475,137656,53,25:00.0,6,3:00,435
7556393072,U,IB,1,1,174,130920,105,14:00.0,4,4:00,435
7556395932,U,OB,1,1,300,131551,95,18:00.0,7,10:00,435
7556396547,U,OB,1,3,4404,129596,51,11:00.0,5,4:00,435
7556397564,U,OB,1,2,580,132963,95,22:00.0,3,3:00,435
7556398738,U,OB,1,1,1155,123101,53,18:00.0,3,10:00,435
7556398747,U,IB,1,1,665,261039,125,44:00.0,4,3:00,435
7556398774,U,OB,1,2,1145,134832,89,50:00.0,5,10:00,435
7556398792,U,OB,1,2,579,132977,38,40:00.0,5,10:00,435
7556399324,U,OB,1,1,81,137656,53,14:00.0,6,2:00,435
7556399333,U,IB,1,1,185,132598,101,17:00.0,7,7:00,435
7556399342,U,IB,1,3,2160,430909,113,47:00.0,3,15:00,435
7556399360,U,IB,1,2,2690,123416,135,59:00.0,3,2:00,435
7556399389,U,OB,1,4,8242,430574,50,20:00.0,5,11:00,435
7556399407,U,IB,1,5,5559,431144,103,33:00.0,5,16:00,435
7556399416,U,IB,1,1,281,431144,103,38:00.0,5,16:00,435
7556399434,U,OB,1,4,2353,126487,17,09:00.0,6,19:00,435
7556399434,U,CTY,1,4,2353,126487,P   ,54:00.0,6,22:00,435
7556399443,U,IB,1,2,254,903489,164,30:00.0,6,19:00,435
7556399461,U,IB,1,1,375,127289,103,52:00.0,6,21:00,435
755639948X,U,OB,1,6,4730,131551,95,15:00.0,7,8:00,435
7556399499,U,OB,1,4,4300,131551,95,28:00.0,7,8:00,435
7556399508,U,OB,1,4,2526,138970,52,40:00.0,3,2:00,435
755639970X,U,OB,1,1,243,130990,60,20:00.0,3,1:00,435
7556399755,U,IB,1,6,240,132598,101,31:00.0,7,8:00,435
7556399764,U,OB,1,2,779,137656,53,36:00.0,6,3:00,435
7556408490,U,CTY,1,3,870,123950,173,29:00.0,6,6:00,112
7556411534,U,CTY,1,1,730,134953,188,33:00.0,2,17:00,112
7556422608,U,CTY,1,1,506,132111,188,12:00.0,6,0:00,112
7556429812,U,OB,1,3,2661,130863,38,04:00.0,4,2:00,754
755643028X,U,OB,1,2,619,131897,26,29:00.0,6,19:00,754
7556444671,U,CTY,1,3,3270,130556,189,27:00.0,7,0:00,112
7556449832,U,CTY,1,1,266,125108,173,52:00.0,1,3:00,112
7556449989,U,CTY,1,3,628,128493,195,26:00.0,6,2:00,112
7556483263,U,IB,1,1,1662,132070,164,57:00.0,1,22:00,112
7556486590,U,OB,1,2,4400,277996,17,03:00.0,5,8:00,455
7556506060,U,IB,1,2,1395,139566,133,09:00.0,7,11:00,315
7556586553,U,IB,1,3,841,139566,133,15:00.0,7,9:00,315
7556587002,U,OB,1,7,1376,132233,88,59:00.0,1,7:00,315
7556587049,U,OB,1,2,355,132233,88,51:00.0,1,6:00,315
7556587076,U,CTY,1,10,375,132233,184,01:00.0,1,7:00,315
7556587076,U,CTY,1,10,375,132233,184,01:00.0,1,7:00,315
7556587168,U,IB,1,5,255,290415,149,31:00.0,3,19:00,315
7556587177,U,IB,1,3,460,290415,149,58:00.0,3,20:00,315
7556587781,U,CTY,1,12,560,PASC533243,186,11:00.0,7,2:00,315
7556587781,U,CTY,1,12,560,PASC533243,173,48:00.0,6,9:00,315
7556587974,U,IB,1,3,360,124196,150,55:00.0,6,18:00,315
7556643836,U,CTY,1,1,215,136325,169,04:00.0,1,14:00,682
7556643836,U,CTY,1,1,215,136325,238,44:00.0,2,23:00,682
7556643890,U,CTY,1,1,165,136325,169,30:00.0,1,9:00,682
7556644038,U,CTY,1,1,170,136325,169,03:00.0,1,11:00,682
7556644101,U,OB,1,1,200,137715,89,00:00.0,4,22:00,682
7556644211,U,OB,1,7,980,137715,89,45:00.0,5,0:00,682
7556644404,U,CTY,1,3,520,134425,175,45:00.0,5,18:00,682
7556644496,U,OB,1,2,340,135813,74,50:00.0,7,3:00,682
7556644496,U,OB,1,2,340,135813,9,53:00.0,7,3:00,682
7556644532,U,OB,1,1,230,135813,74,28:00.0,7,4:00,682
7556644624,U,IB,1,7,885,136765,151,51:00.0,7,18:00,682
7556644770,U,IB,1,5,640,136765,151,51:00.0,7,18:00,682
7556644871,U,IB,1,1,110,134410,123,42:00.0,3,14:00,682
7556644945,U,IB,1,3,400,134410,123,06:00.0,3,16:00,682
7556645100,U,IB,1,1,90,127190,112,24:00.0,5,6:00,682
7556645311,U,CTY,1,9,955,211126,196,01:00.0,5,21:00,682
7556645421,U,IB,1,5,525,119354,113,56:00.0,7,12:00,682
7556645486,U,CTY,1,1,60,211126,196,01:00.0,5,19:00,682
7556645614,U,IB,1,1,80,123182,151,53:00.0,1,12:00,682
7556645650,U,IB,1,1,85,123182,151,53:00.0,1,12:00,682
7556645760,U,OB,1,4,450,122959,43,36:00.0,4,5:00,682
7556645870,U,OB,1,1,470,128622,58,41:00.0,2,3:00,682
7556646045,U,OB,1,1,120,136775,66,45:00.0,6,9:00,682
755664610X,U,OB,1,1,190,136775,66,58:00.0,6,9:00,682
7556646292,U,CTY,1,11,1780,249174,197,31:00.0,6,19:00,682
7556646411,U,OB,1,1,180,278391,39,32:00.0,1,4:00,682
7556646449,U,OB,1,1,115,133533,43,32:00.0,5,8:00,682
7556646494,U,OB,1,3,380,138406,40,21:00.0,2,7:00,682
7556646559,U,OB,1,5,1555,138406,40,50:00.0,2,6:00,682
7556646999,U,OB,1,7,915,133584,60,49:00.0,7,10:00,682
7556647035,U,OB,1,1,90,133584,60,32:00.0,7,10:00,682
755664709X,U,OB,1,1,170,133584,60,38:00.0,7,10:00,682
7556673563,U,OB,1,1,120,842029,73,43:00.0,3,1:00,422
7556674434,U,OB,1,1,230,730114,39,01:00.0,3,19:00,422
7556674443,U,OB,1,1,186,730114,39,08:00.0,3,19:00,422
7556674452,U,OB,1,1,1191,730114,39,56:00.0,3,18:00,422
7556674470,U,OB,1,9,2745,730114,78,49:00.0,3,20:00,422
755667448X,U,OB,1,2,590,841895,90,06:00.0,4,21:00,422
7556674499,U,OB,1,2,3201,559926,97,44:00.0,6,19:00,422
7556674526,U,CTY,1,7,11007,559926,173,36:00.0,6,19:00,422
7556674553,U,OB,1,1,600,841895,89,11:00.0,6,19:00,422
7556674553,U,OB,1,1,600,841895,62,12:00.0,6,19:00,422
7556674562,U,OB,1,2,718,841895,89,49:00.0,6,18:00,422
7556674571,U,OB,1,2,1046,841895,89,57:00.0,6,18:00,422
7556674580,U,OB,1,2,652,841895,89,33:00.0,6,18:00,422
755667459X,U,OB,1,1,141,841895,89,23:00.0,6,18:00,422
7556674609,U,OB,1,1,135,841895,89,27:00.0,6,18:00,422
7556674618,U,OB,1,1,660,310232,78,00:00.0,3,18:00,422
7556683317,U,OB,1,1,525,559690,54,07:00.0,4,0:00,422
7556683317,U,OB,1,1,525,559690,67,32:00.0,2,21:00,422
7556683326,U,OB,1,1,600,559690,67,11:00.0,2,21:00,422
7556683802,U,OB,1,8,1017,560486,67,09:00.0,5,22:00,422
7556683811,U,OB,1,2,530,560486,67,25:00.0,5,22:00,422
7556683820,U,OB,1,1,197,560486,67,58:00.0,5,22:00,422
7556683858,U,OB,1,2,104,559586,52,39:00.0,7,0:00,422
7556683876,U,OB,1,3,194,558453,49,29:00.0,2,19:00,422
7556683912,U,OB,1,1,236,558453,49,07:00.0,2,19:00,422
7556683921,U,OB,1,1,355,558453,49,39:00.0,2,19:00,422
7556683921,U,OB,1,1,355,558453,4,02:00.0,3,0:00,422
7556683930,U,OB,1,5,910,558453,49,55:00.0,2,19:00,422
755668394X,U,OB,1,1,213,558453,49,15:00.0,2,19:00,422
7556683959,U,OB,1,1,243,558453,34,15:00.0,3,4:00,422
7556683959,U,OB,1,1,243,558453,49,25:00.0,2,19:00,422
7556683968,U,OB,1,1,127,558453,49,11:00.0,2,19:00,422
7556683977,U,OB,1,3,215,558453,49,54:00.0,2,19:00,422
7556683986,U,OB,1,1,187,558453,49,09:00.0,2,19:00,422
7556683995,U,OB,1,1,955,558453,49,02:00.0,2,19:00,422
7556684004,U,OB,1,1,74,561048,73,06:00.0,3,19:00,422
7556684013,U,OB,1,1,84,561048,73,55:00.0,3,18:00,422
7556684022,U,OB,1,2,158,561048,73,56:00.0,3,18:00,422
7556684031,U,OB,1,3,536,561048,73,03:00.0,3,19:00,422
7556684040,U,OB,1,1,217,561048,73,44:00.0,3,18:00,422
755668416X,U,OB,1,2,748,560385,72,26:00.0,2,22:00,422
7556684179,U,OB,1,2,84,560385,72,37:00.0,2,22:00,422
7556684188,U,OB,1,1,118,560385,72,31:00.0,2,22:00,422
7556684188,U,IB,1,1,118,560385,108,44:00.0,3,1:00,422
7556684197,U,OB,1,3,525,559536,69,50:00.0,3,20:00,422
7556684215,U,OB,1,1,220,558481,72,06:00.0,4,20:00,422
7556684224,U,OB,1,1,74,558481,72,02:00.0,4,20:00,422
7556684242,U,OB,1,1,172,558481,72,59:00.0,4,19:00,422
7556684251,U,OB,1,2,260,558481,72,06:00.0,4,20:00,422
7556684289,U,OB,1,3,900,558481,72,56:00.0,4,19:00,422
7556684298,U,OB,1,3,409,560486,67,42:00.0,5,22:00,422
7556684307,U,OB,1,1,202,560231,60,16:00.0,4,21:00,422
7556684316,U,OB,1,6,515,560231,60,33:00.0,4,21:00,422
7556684325,U,OB,1,1,175,560231,60,36:00.0,4,21:00,422
7556684334,U,OB,1,1,106,560231,60,04:00.0,4,21:00,422
7556684352,U,OB,1,2,168,560231,60,24:00.0,4,21:00,422
7556684370,U,OB,1,1,174,560231,60,42:00.0,4,20:00,422
755668438X,U,OB,1,1,74,560231,60,22:00.0,4,20:00,422
7556684399,U,IB,1,2,283,842872,121,24:00.0,5,19:00,422
7556684399,U,OB,1,2,283,842872,63,38:00.0,5,18:00,422
7556684399,U,CTY,1,2,283,842872,207,34:00.0,6,3:00,422
7556684408,U,OB,1,1,201,842872,63,28:00.0,5,18:00,422
7556684417,U,OB,1,1,222,842872,63,31:00.0,5,18:00,422
7556684426,U,OB,1,4,720,842872,63,26:00.0,5,18:00,422
7556684435,U,OB,1,1,106,310753,53,50:00.0,7,1:00,422
7556684444,U,OB,1,2,141,310753,53,52:00.0,7,1:00,422
7556684453,U,OB,1,7,490,310753,53,19:00.0,7,0:00,422
7556684462,U,OB,1,1,232,310753,53,54:00.0,7,1:00,422
7556684471,U,OB,1,3,1335,310753,53,46:00.0,7,1:00,422
7556684480,U,OB,1,1,141,310753,53,07:00.0,7,0:00,422
755668449X,U,OB,1,7,457,310753,53,02:00.0,7,0:00,422
7556684518,U,OB,1,1,222,558422,75,42:00.0,2,18:00,422
7556684527,U,OB,1,1,236,558422,75,00:00.0,2,19:00,422
7556684536,U,OB,1,2,329,558422,75,58:00.0,2,18:00,422
7556684545,U,OB,1,3,273,560231,60,42:00.0,4,21:00,422
7556684554,U,OB,1,1,154,558422,75,52:00.0,2,18:00,422
7556684563,U,OB,1,8,746,558422,75,49:00.0,2,18:00,422
7556684572,U,OB,1,1,72,558422,75,39:00.0,2,18:00,422
7556684581,U,OB,1,3,472,558422,75,36:00.0,2,18:00,422
7556684590,U,OB,1,1,239,558422,75,30:00.0,2,18:00,422
7556684590,U,CTY,1,1,239,558422,199,10:00.0,3,2:00,422
755668460X,U,OB,1,32,1363,842650,26,55:00.0,3,21:00,422
7556684619,U,OB,1,1,265,842650,26,02:00.0,3,22:00,422
7556684628,U,OB,1,8,852,842650,26,20:00.0,3,21:00,422
7556684637,U,OB,1,8,600,842650,26,25:00.0,3,20:00,422
7556684655,U,OB,1,12,936,842650,26,12:00.0,3,20:00,422
7556684664,U,OB,1,1,169,842650,26,45:00.0,3,19:00,422
7556684673,U,OB,1,1,315,842650,26,44:00.0,3,19:00,422
7556684682,U,OB,1,1,185,842650,26,49:00.0,3,19:00,422
7556684691,U,OB,1,25,1485,559443,67,30:00.0,5,1:00,422
7556684700,U,OB,1,3,540,559443,67,36:00.0,5,1:00,422
755668471X,U,OB,1,11,664,559443,67,48:00.0,5,0:00,422
7556684729,U,OB,1,3,128,559443,67,33:00.0,5,0:00,422
7556684738,U,OB,1,2,236,559443,67,26:00.0,5,0:00,422
7556684747,U,OB,1,5,332,559443,67,20:00.0,5,0:00,422
7556684774,U,OB,1,1,317,559443,67,10:00.0,4,22:00,422
7556684783,U,OB,1,1,380,559443,67,02:00.0,4,22:00,422
7556684792,U,OB,1,1,169,558422,75,54:00.0,2,18:00,422
7556684801,U,OB,1,4,292,530751,60,30:00.0,3,19:00,422
7556684810,U,OB,1,10,2104,530751,60,22:00.0,3,19:00,422
755668482X,U,OB,1,1,436,530751,60,01:00.0,3,19:00,422
7556684839,U,OB,1,1,65,558629,76,53:00.0,5,5:00,422
7556684848,U,OB,1,32,2240,558629,76,58:00.0,5,4:00,422
7556684857,U,OB,1,1,84,558629,76,51:00.0,5,5:00,422
7556684866,U,OB,1,12,902,842274,46,23:00.0,5,19:00,422
7556684875,U,OB,1,1,74,842274,46,09:00.0,5,19:00,422
7556684893,U,OB,1,1,216,830967,72,43:00.0,6,19:00,422
7556684902,U,OB,1,7,377,830967,72,11:00.0,6,20:00,422
7556684911,U,OB,1,2,424,830967,72,18:00.0,6,20:00,422
7556684920,U,OB,1,1,148,830967,72,40:00.0,6,19:00,422
755668493X,U,OB,1,3,198,830967,72,52:00.0,6,19:00,422
7556684949,U,OB,1,2,354,830967,72,30:00.0,6,20:00,422
7556684958,U,OB,1,1,74,830967,72,25:00.0,6,20:00,422
7556684967,U,OB,1,2,164,830967,72,18:00.0,6,19:00,422
7556684976,U,OB,1,1,236,830967,72,24:00.0,6,19:00,422
7556685553,U,OB,1,5,920,560136,48,10:00.0,5,20:00,422
7556685562,U,OB,1,5,1763,560136,48,36:00.0,5,19:00,422
7556685571,U,OB,1,6,889,558422,88,19:00.0,7,1:00,422
7556685571,U,OB,1,6,889,558422,23,20:00.0,7,1:00,422
7556685580,U,OB,1,1,180,558422,45,09:00.0,7,2:00,422
7556685580,U,OB,1,1,180,558422,45,09:00.0,7,2:00,422
755668559X,U,OB,1,5,385,558422,88,20:00.0,7,2:00,422
7556685609,U,OB,1,1,85,558422,64,50:00.0,7,0:00,422
7556685609,U,OB,1,1,85,558422,88,49:00.0,7,0:00,422
7556685618,U,OB,1,3,1187,558422,88,37:00.0,7,0:00,422
7556685618,U,OB,1,3,1187,558422,29,38:00.0,7,0:00,422
7556685627,U,OB,1,4,188,842274,46,30:00.0,5,19:00,422
7556685636,U,OB,1,1,84,558422,12,07:00.0,7,2:00,422
7556685636,U,OB,1,1,84,558422,88,06:00.0,7,2:00,422
7556685654,U,OB,1,7,2130,558422,56,47:00.0,7,0:00,422
7556685654,U,OB,1,7,2130,558422,56,47:00.0,7,0:00,422
7556685663,U,OB,1,13,1844,559026,60,30:00.0,2,22:00,422
7556685672,U,OB,1,6,394,559026,60,15:00.0,2,22:00,422
7556685681,U,OB,1,2,195,559026,60,05:00.0,2,22:00,422
755668570X,U,OB,1,6,366,559026,60,59:00.0,2,21:00,422
7556685719,U,IB,1,4,291,559026,109,29:00.0,2,21:00,422
7556685719,U,OB,1,4,291,559026,60,27:00.0,2,21:00,422
7556685737,U,OB,1,1,107,530751,60,25:00.0,3,20:00,422
7556685746,U,OB,1,7,485,530751,60,09:00.0,3,21:00,422
7556685764,U,OB,1,1,276,530751,60,17:00.0,3,20:00,422
7556685773,U,OB,1,1,264,530751,60,13:00.0,3,20:00,422
7556685782,U,OB,1,3,885,530751,60,02:00.0,3,20:00,422
7556685791,U,OB,1,1,84,530751,60,34:00.0,3,19:00,422
7556688312,U,OB,1,3,420,842100,63,39:00.0,4,21:00,422
7556688321,U,OB,1,8,1190,821190,32,30:00.0,6,22:00,422
7556688330,U,OB,1,1,326,821190,50,15:00.0,3,21:00,422
755668834X,U,OB,1,3,525,821190,50,25:00.0,3,21:00,422
7556690310,U,CTY,1,2,1617,430441,173,32:00.0,3,18:00,422
7556690741,U,OB,1,2,707,390072,69,55:00.0,2,18:00,422
7556690750,U,OB,1,3,2530,390072,69,05:00.0,2,19:00,422
755669076X,U,OB,1,1,358,390072,69,14:00.0,2,19:00,422
7556690779,U,OB,1,1,415,390072,69,07:00.0,2,19:00,422
7556690788,U,OB,1,1,220,390072,69,56:00.0,2,18:00,422
7556690788,U,OB,1,1,220,390072,56,58:00.0,2,18:00,422
7556690797,U,OB,1,1,862,390072,69,22:00.0,2,19:00,422
7556690907,U,OB,1,1,388,531157,49,38:00.0,3,5:00,422
7556691017,U,OB,1,1,330,120863,90,15:00.0,3,19:00,422
7556691026,U,OB,1,1,413,120863,90,13:00.0,3,19:00,422
7556691035,U,OB,1,1,227,120863,90,22:00.0,3,19:00,422
7556691044,U,OB,1,1,219,120863,90,17:00.0,3,19:00,422
7556691053,U,OB,1,1,237,120863,90,20:00.0,3,19:00,422
7556691062,U,OB,1,1,313,120863,90,12:00.0,3,19:00,422
7556691071,U,OB,1,1,254,120863,90,08:00.0,3,19:00,422
7556691080,U,OB,1,1,197,120863,90,11:00.0,3,19:00,422
755669109X,U,OB,1,1,282,120863,90,53:00.0,3,18:00,422
7556691118,U,OB,1,2,915,559033,55,08:00.0,4,22:00,422
7556691127,U,OB,1,4,2857,559033,55,33:00.0,4,22:00,422
7556691145,U,OB,1,2,1296,559033,55,56:00.0,4,22:00,422
7556691163,U,OB,1,1,304,559033,55,45:00.0,4,21:00,422
7556691172,U,OB,1,2,1600,559033,55,23:00.0,4,21:00,422
7556691181,U,IB,1,1,623,530751,105,47:00.0,2,19:00,422
7556691190,U,IB,1,1,450,530751,105,50:00.0,2,19:00,422
7556691190,U,IB,1,1,450,530751,119,07:00.0,3,0:00,422
755669120X,U,IB,1,1,416,530751,167,43:00.0,3,16:00,422
755669120X,U,IB,1,1,416,530751,105,42:00.0,2,19:00,422
7556691228,U,OB,1,1,155,530751,46,09:00.0,3,20:00,422
7556691237,U,OB,1,1,151,530751,46,01:00.0,3,20:00,422
7556691246,U,OB,1,1,129,530751,46,03:00.0,3,20:00,422
7556691246,U,OB,1,1,129,530751,3,29:00.0,4,7:00,422
7556691255,U,OB,1,1,138,530751,46,11:00.0,3,20:00,422
7556691255,U,IB,1,1,138,530751,111,07:00.0,4,0:00,422
7556691264,U,OB,1,1,131,530751,46,13:00.0,3,20:00,422
7556691273,U,OB,1,1,138,530751,46,17:00.0,3,20:00,422
7556691282,U,OB,1,1,138,530751,46,15:00.0,3,20:00,422
7556691291,U,OB,1,1,119,530751,46,05:00.0,3,20:00,422
7556691300,U,OB,1,1,260,390072,69,10:00.0,2,19:00,422
755669131X,U,OB,1,4,3010,390072,69,58:00.0,2,18:00,422
755669131X,U,OB,1,4,3010,390072,57,24:00.0,2,19:00,422
7556691329,U,OB,1,1,962,120863,90,06:00.0,3,19:00,422
7556691347,U,OB,1,2,1800,120863,90,59:00.0,3,18:00,422
7556691365,U,OB,1,2,2023,120863,90,50:00.0,3,18:00,422
7556691383,U,OB,1,2,1423,120863,90,47:00.0,3,18:00,422
7556691392,U,OB,1,1,1067,120863,90,43:00.0,3,18:00,422
7556691401,U,OB,1,1,1183,120863,28,17:00.0,3,20:00,422
7556691401,U,OB,1,1,1183,120863,90,38:00.0,3,18:00,422
7556691410,U,OB,1,1,250,903915,74,41:00.0,6,3:00,422
755669142X,U,OB,1,5,3350,903915,74,02:00.0,6,4:00,422
7556691439,U,OB,1,1,700,903915,74,48:00.0,6,3:00,422
7556691448,U,OB,1,4,2150,903915,74,28:00.0,6,3:00,422
7556691457,U,OB,1,1,250,903915,74,35:00.0,6,3:00,422
7556691466,U,OB,1,1,650,903915,74,31:00.0,6,3:00,422
7556691475,U,OB,1,1,450,903915,74,17:00.0,6,3:00,422
7556691493,U,OB,1,2,1590,530751,46,00:00.0,3,20:00,422
7556691511,U,OB,1,5,2540,843236,72,02:00.0,7,12:00,422
7556691520,U,OB,1,2,1566,843236,72,46:00.0,7,10:00,422
755669153X,U,OB,1,1,464,843236,72,28:00.0,7,11:00,422
7556691549,U,OB,1,5,2905,843236,72,42:00.0,7,12:00,422
7556691558,U,OB,1,1,190,558577,58,22:00.0,4,1:00,422
7556691567,U,OB,1,1,192,558577,58,55:00.0,4,0:00,422
7556691576,U,OB,1,1,179,558577,58,18:00.0,4,1:00,422
7556691585,U,OB,1,1,218,558577,58,19:00.0,4,1:00,422
7556691603,U,OB,1,2,1283,842872,66,38:00.0,4,18:00,422
7556691612,U,OB,1,2,1796,842872,66,42:00.0,4,18:00,422
7556691621,U,OB,1,3,2246,842872,79,13:00.0,4,18:00,422
7556691621,U,OB,1,3,2246,842872,66,12:00.0,4,18:00,422
7556691630,U,OB,1,1,554,842872,66,16:00.0,4,18:00,422
755669164X,U,OB,1,1,296,842872,66,21:00.0,4,18:00,422
7556691659,U,OB,1,5,2068,842872,66,08:00.0,4,18:00,422
7556691668,U,OB,1,3,1666,310707,58,40:00.0,2,21:00,422
7556691677,U,OB,1,5,3335,310707,58,28:00.0,2,22:00,422
7556691686,U,OB,1,4,2600,310707,58,56:00.0,2,22:00,422
7556691704,U,OB,1,1,241,310707,58,06:00.0,2,22:00,422
7556691731,U,OB,1,2,1965,507989,57,20:00.0,3,23:00,422
7556691769,U,OB,1,1,180,507989,39,38:00.0,3,22:00,422
7556691778,U,OB,1,1,265,507989,39,41:00.0,3,22:00,422
7556691787,U,OB,1,1,240,507989,39,48:00.0,3,22:00,422
7556691796,U,OB,1,1,220,507989,39,36:00.0,3,22:00,422
7556696746,U,OB,1,4,3051,530091,48,17:00.0,3,22:00,422
7556696755,U,OB,1,9,6365,530091,48,56:00.0,3,22:00,422
7556696764,U,OB,1,4,1915,89542,18,56:00.0,3,21:00,422
7556696773,U,OB,1,10,6294,89542,18,51:00.0,3,22:00,422
7556696782,U,IB,1,4,2695,559414,123,54:00.0,4,22:00,422
7556697058,U,OB,1,4,5948,559033,51,29:00.0,4,2:00,422
7556697067,U,OB,1,10,9515,559033,51,50:00.0,4,2:00,422
7556697076,U,OB,1,3,5569,559033,51,18:00.0,4,2:00,422
7556703822,U,IB,1,2,2144,53343,145,31:00.0,5,2:00,422
7556703831,U,IB,1,1,1256,53343,145,08:00.0,5,2:00,422
7556703840,U,IB,1,1,593,53343,145,47:00.0,5,0:00,422
755670385X,U,IB,1,1,1870,53343,145,05:00.0,5,1:00,422
7556703869,U,IB,1,2,844,53343,145,56:00.0,5,2:00,422
7556703878,U,IB,1,2,914,53343,145,12:00.0,5,0:00,422
7556703878,U,OB,1,2,914,53343,97,13:00.0,5,0:00,422
7556703887,U,IB,1,1,252,53343,145,44:00.0,5,0:00,422
7556703896,U,IB,1,4,3051,53343,145,52:00.0,5,0:00,422
7556703905,U,IB,1,1,53,53343,145,41:00.0,5,0:00,422
7556703914,U,IB,1,2,1285,53343,145,21:00.0,5,2:00,422
7556703923,U,IB,1,4,2831,53343,145,23:00.0,5,0:00,422
7556703932,U,IB,1,1,1158,53343,145,13:00.0,5,2:00,422
7556703941,U,IB,1,2,1479,53343,145,45:00.0,5,2:00,422
7556703950,U,IB,1,1,549,53343,145,12:00.0,5,1:00,422
755670396X,U,IB,1,4,3194,53343,145,38:00.0,5,2:00,422
7556703979,U,OB,1,1,458,841940,76,22:00.0,5,22:00,422
7556703988,U,OB,1,1,1077,841940,76,24:00.0,5,22:00,422
7556704006,U,OB,1,5,4232,841940,76,02:00.0,6,0:00,422
7556704024,U,OB,1,1,428,841940,76,46:00.0,5,22:00,422
7556704042,U,OB,1,1,487,841940,76,32:00.0,5,22:00,422
7556704830,U,OB,1,1,215,353225,76,01:00.0,3,0:00,422
755670484X,U,OB,1,1,515,353225,76,49:00.0,2,22:00,422
7556704859,U,OB,1,1,440,353225,83,43:00.0,2,22:00,422
7556704859,U,OB,1,1,440,353225,76,40:00.0,2,22:00,422
7556704886,U,OB,1,4,505,353225,76,21:00.0,2,22:00,422
7556704895,U,OB,1,8,1885,353244,78,30:00.0,4,0:00,422
7556704922,U,OB,1,1,280,353244,78,49:00.0,3,22:00,422
7556704931,U,OB,1,2,184,353244,78,39:00.0,3,23:00,422
755670495X,U,OB,1,2,109,353244,78,43:00.0,3,22:00,422
7556704969,U,OB,1,1,1275,353244,78,34:00.0,3,22:00,422
7556704987,U,OB,1,1,375,558189,58,45:00.0,4,22:00,422
7556705005,U,OB,1,1,540,558189,58,02:00.0,5,0:00,422
7556705023,U,OB,1,1,95,558189,58,07:00.0,5,0:00,422
7556705032,U,OB,1,2,185,558189,58,49:00.0,4,22:00,422
7556705041,U,OB,1,2,380,558189,58,28:00.0,4,22:00,422
7556706417,U,OB,1,1,44,559935,50,21:00.0,2,21:00,422
7556706444,U,OB,1,2,69,559935,50,14:00.0,2,21:00,422
7556706453,U,OB,1,2,210,559935,50,54:00.0,2,22:00,422
7556706462,U,OB,1,1,420,559935,50,07:00.0,2,21:00,422
7556706471,U,OB,1,2,415,559935,50,26:00.0,2,22:00,422
755670649X,U,OB,1,1,974,559935,50,44:00.0,2,21:00,422
7556706509,U,OB,1,1,915,559935,50,32:00.0,2,21:00,422
7556706518,U,OB,1,1,364,559935,50,01:00.0,2,22:00,422
7556706527,U,OB,1,8,3314,89542,58,17:00.0,4,0:00,422
7556706536,U,OB,1,4,645,89542,58,23:00.0,3,22:00,422
7556706545,U,OB,1,1,44,89542,58,31:00.0,3,22:00,422
7556706554,U,OB,1,6,162,89542,58,39:00.0,3,22:00,422
7556706563,U,OB,1,2,88,89542,58,33:00.0,3,22:00,422
7556706572,U,OB,1,3,320,89542,58,04:00.0,3,22:00,422
7556706581,U,OB,1,1,106,310552,69,00:00.0,6,3:00,422
7556706590,U,OB,1,2,462,310552,69,29:00.0,6,5:00,422
755670660X,U,OB,1,5,223,310552,69,13:00.0,6,4:00,422
7556706628,U,OB,1,3,3825,310552,69,30:00.0,6,5:00,422
7556706646,U,OB,1,2,405,310552,69,47:00.0,6,5:00,422
7556706655,U,OB,1,5,1020,310552,69,41:00.0,6,5:00,422
7556706664,U,OB,1,4,140,310552,69,29:00.0,6,2:00,422
7556706673,U,OB,1,1,1275,310552,69,32:00.0,6,5:00,422
7556706682,U,OB,1,2,36,310552,69,12:00.0,6,3:00,422
7556706691,U,OB,1,1,1275,310552,69,33:00.0,6,5:00,422
7556706700,U,OB,1,2,750,310552,69,51:00.0,6,5:00,422
755670671X,U,OB,1,1,231,310552,69,48:00.0,6,1:00,422
7556706729,U,OB,1,1,390,310552,47,44:00.0,6,1:00,422
7556706729,U,OB,1,1,390,310552,69,37:00.0,6,1:00,422
7556706738,U,OB,1,2,1137,310552,69,13:00.0,6,2:00,422
7556706747,U,OB,1,2,108,310552,69,58:00.0,6,2:00,422
7556706756,U,OB,1,5,284,310552,69,47:00.0,6,2:00,422
7556706765,U,OB,1,6,365,310552,69,14:00.0,6,3:00,422
7556706783,U,OB,1,2,365,310552,69,25:00.0,6,3:00,422
7556706792,U,OB,1,1,52,310552,69,17:00.0,6,4:00,422
755670682X,U,OB,1,1,136,561048,48,23:00.0,2,21:00,422
7556706839,U,OB,1,1,106,561048,48,34:00.0,2,23:00,422
7556706848,U,OB,1,12,218,561048,48,24:00.0,2,21:00,422
7556706866,U,OB,1,1,106,561048,5,42:00.0,5,3:00,422
7556706884,U,OB,1,2,85,561048,48,41:00.0,2,23:00,422
7556706902,U,OB,1,7,1050,561048,48,25:00.0,2,22:00,422
7556706911,U,OB,1,30,629,561048,48,14:00.0,2,22:00,422
7556706920,U,OB,1,6,708,561048,48,48:00.0,2,21:00,422
755670693X,U,OB,1,1,214,561048,48,41:00.0,2,21:00,422
7556706949,U,OB,1,1,35,561048,48,13:00.0,2,21:00,422
7556706958,U,OB,1,1,180,561048,48,05:00.0,2,22:00,422
7556706958,U,OB,1,1,180,561048,54,19:00.0,3,7:00,422
7556706967,U,OB,1,1,180,561048,48,50:00.0,2,21:00,422
7556706994,U,OB,1,2,351,560751,76,45:00.0,3,22:00,422
7556707030,U,OB,1,1,415,560751,76,55:00.0,3,21:00,422
755670704X,U,OB,1,2,240,560751,76,11:00.0,3,22:00,422
7556707077,U,OB,1,1,205,251192,96,52:00.0,5,0:00,422
7556707086,U,OB,1,2,100,251192,96,38:00.0,5,0:00,422
7556707095,U,OB,1,2,30,251192,96,40:00.0,5,0:00,422
7556707104,U,OB,1,1,85,251192,96,57:00.0,5,0:00,422
7556707113,U,OB,1,1,200,251192,96,49:00.0,5,0:00,422
7556707122,U,OB,1,10,1060,251192,96,04:00.0,5,1:00,422
7556707131,U,OB,1,1,106,310707,40,00:00.0,6,1:00,422
7556707140,U,OB,1,2,205,310707,40,53:00.0,6,0:00,422
755670715X,U,OB,1,1,231,310707,40,01:00.0,6,1:00,422
7556707169,U,OB,1,1,240,310707,40,49:00.0,6,0:00,422
7556707178,U,OB,1,3,135,559536,38,02:00.0,7,10:00,422
7556707187,U,OB,1,2,216,559536,38,53:00.0,7,11:00,422
7556707196,U,OB,1,2,420,559536,38,57:00.0,7,11:00,422
7556707205,U,OB,1,1,210,559536,38,54:00.0,7,11:00,422
7556707214,U,OB,1,1,232,559536,38,48:00.0,7,9:00,422
7556707223,U,OB,1,8,3266,353225,76,32:00.0,3,0:00,422
7556707232,U,OB,1,3,356,353225,76,34:00.0,2,22:00,422
7556707250,U,OB,1,1,250,353225,76,09:00.0,2,22:00,422
755670726X,U,OB,1,2,220,353225,76,10:00.0,3,0:00,422
7556707279,U,OB,1,2,705,353225,76,36:00.0,3,0:00,422
7556707297,U,OB,1,1,15,353225,76,42:00.0,3,0:00,422
7556709387,U,OB,1,1,617,821190,39,58:00.0,5,19:00,422
7556711367,U,OB,1,11,2451,821149,67,03:00.0,2,22:00,422
7556711394,U,OB,1,1,670,127860,63,37:00.0,2,18:00,422
7556711403,U,OB,1,1,380,127860,63,39:00.0,2,18:00,422
7556711412,U,OB,1,1,380,127860,63,42:00.0,2,18:00,422
7556711421,U,OB,1,7,2660,127860,63,32:00.0,2,18:00,422
7556711430,U,OB,1,1,1400,850053,76,53:00.0,3,21:00,422
755671144X,U,OB,1,1,1500,850053,76,48:00.0,3,21:00,422
755671144X,U,OB,1,1,1500,850053,3,50:00.0,3,21:00,422
755671144X,U,OB,1,1,1500,850053,3,11:00.0,4,0:00,422
7556711468,U,OB,1,1,226,850053,62,14:00.0,4,0:00,422
7556711477,U,OB,1,1,396,353225,52,43:00.0,4,22:00,422
7556711486,U,OB,1,1,414,353225,52,37:00.0,4,22:00,422
7556711495,U,OB,1,1,403,353225,52,40:00.0,4,22:00,422
7556711504,U,OB,1,6,2725,530438,95,09:00.0,4,0:00,422
7556712137,U,OB,1,1,607,353225,52,32:00.0,4,22:00,422
7556712146,U,IB,1,1,485,353225,103,56:00.0,5,0:00,422
7556712155,U,OB,1,1,805,353225,52,30:00.0,4,22:00,422
7556713219,U,OB,1,1,635,820869,90,09:00.0,3,20:00,422
7556715529,U,OB,1,7,2160,558470,46,21:00.0,2,20:00,422
7556715538,U,OB,1,1,310,558470,46,14:00.0,2,20:00,422
7556715547,U,OB,1,1,407,558470,46,21:00.0,2,19:00,422
7556715574,U,OB,1,2,1553,560751,74,42:00.0,6,21:00,422
7556715583,U,OB,1,1,613,560751,74,22:00.0,6,21:00,422
7556715592,U,OB,1,1,635,560963,72,35:00.0,2,20:00,422
7556715601,U,OB,1,1,1063,560963,72,43:00.0,2,20:00,422
7556715610,U,OB,1,3,3235,560963,72,53:00.0,2,20:00,422
755671562X,U,OB,1,1,505,560963,72,39:00.0,2,20:00,422
7556715639,U,OB,1,1,197,560856,72,56:00.0,3,21:00,422
7556715648,U,OB,1,1,538,560856,72,27:00.0,3,22:00,422
7556715657,U,OB,1,1,466,560856,92,48:00.0,3,22:00,422
7556715657,U,OB,1,1,466,560856,72,06:00.0,3,22:00,422
7556715666,U,OB,1,6,2608,560856,72,22:00.0,3,22:00,422
7556715675,U,OB,1,1,963,843236,89,27:00.0,4,23:00,422
7556715684,U,OB,1,1,451,843236,89,11:00.0,4,23:00,422
7556715693,U,OB,1,1,405,843236,89,32:00.0,4,23:00,422
7556715720,U,OB,1,3,2080,821190,63,33:00.0,5,21:00,422
755671573X,U,OB,1,4,1932,821190,63,01:00.0,5,21:00,422
7556715749,U,OB,1,1,254,821190,63,50:00.0,5,20:00,422
7556715758,U,OB,1,1,396,57019,38,01:00.0,6,21:00,422
7556715767,U,OB,1,1,431,57019,38,30:00.0,6,21:00,422
7556715776,U,OB,1,10,6066,57019,38,05:00.0,6,22:00,422
7556715794,U,OB,1,2,1059,57019,38,35:00.0,6,21:00,422
7556715803,U,OB,1,2,972,558577,32,19:00.0,6,0:00,422
7556715821,U,OB,1,1,279,558577,32,00:00.0,6,0:00,422
7556715830,U,OB,1,1,119,558577,32,10:00.0,6,0:00,422
755671584X,U,OB,1,1,354,558577,32,30:00.0,5,22:00,422
7556715859,U,OB,1,3,1301,530751,72,53:00.0,6,21:00,422
7556715868,U,OB,1,2,548,530751,72,05:00.0,6,22:00,422
7556715877,U,OB,1,1,450,530751,72,01:00.0,6,22:00,422
7556715886,U,OB,1,2,1169,530751,72,52:00.0,6,21:00,422
7556715895,U,OB,1,1,301,530751,72,14:00.0,6,22:00,422
7556715904,U,OB,1,1,1106,821190,32,16:00.0,6,21:00,422
7556715922,U,OB,1,1,499,841940,96,49:00.0,2,21:00,422
7556715931,U,OB,1,2,855,841940,96,43:00.0,2,21:00,422
7556715940,U,OB,1,1,425,841940,96,35:00.0,2,21:00,422
755671595X,U,OB,1,3,3235,841940,96,29:00.0,2,21:00,422
7556715978,U,OB,1,5,3505,841940,96,03:00.0,2,22:00,422
7556715987,U,OB,1,1,295,841940,96,40:00.0,2,21:00,422
7556715996,U,OB,1,1,495,841940,96,26:00.0,2,22:00,422
7556716005,U,OB,1,1,505,841940,96,17:00.0,2,22:00,422
7556716014,U,OB,1,3,2195,841940,96,16:00.0,2,21:00,422
7556716023,U,OB,1,1,292,530504,53,41:00.0,3,22:00,422
7556716032,U,OB,1,3,1577,530504,53,04:00.0,3,23:00,422
7556716041,U,OB,1,1,290,530504,53,38:00.0,3,22:00,422
7556716050,U,OB,1,1,630,312365,88,21:00.0,5,0:00,422
755671606X,U,OB,1,1,350,312365,88,28:00.0,5,0:00,422
7556716079,U,OB,1,2,1200,560041,32,29:00.0,5,19:00,422
7556716088,U,OB,1,2,1420,560041,32,50:00.0,5,19:00,422
7556716097,U,OB,1,6,2949,390234,60,27:00.0,6,22:00,422
7556716106,U,OB,1,1,1007,390234,60,34:00.0,6,22:00,422
7556716115,U,OB,1,1,734,390234,60,01:00.0,6,22:00,422
7556716124,U,OB,1,1,1005,390234,60,39:00.0,6,22:00,422
7556716133,U,OB,1,1,368,390234,60,28:00.0,6,21:00,422
7556716142,U,OB,1,1,264,390234,60,45:00.0,6,20:00,422
7556716151,U,OB,1,1,172,390234,60,50:00.0,6,21:00,422
7556716160,U,OB,1,1,675,390234,60,17:00.0,6,21:00,422
7556719058,U,OB,1,1,725,821149,73,42:00.0,5,21:00,422
7556719076,U,OB,1,2,955,821149,39,57:00.0,6,22:00,422
7556719085,U,OB,1,4,5029,821149,39,35:00.0,6,22:00,422
7556719094,U,IB,1,1,500,821149,104,33:00.0,2,22:00,422
7556719103,U,OB,1,2,585,821149,55,28:00.0,4,22:00,422
7556719112,U,OB,1,5,1275,821149,55,00:00.0,4,22:00,422
7556719130,U,OB,1,14,2250,821149,90,29:00.0,2,22:00,422
7556719644,U,OB,1,1,852,559524,86,16:00.0,3,21:00,422
7556719644,U,OB,1,1,852,559524,79,29:00.0,3,22:00,422
7556719644,U,OB,1,1,852,559524,81,40:00.0,4,4:00,422
7556720625,U,OB,1,6,6190,830890,55,15:00.0,2,19:00,422
7556720643,U,OB,1,2,2375,430035,90,41:00.0,6,20:00,422
7556724080,U,OB,1,10,14500,430429,88,12:00.0,5,22:00,422
755672409X,U,OB,1,5,2585,430429,88,38:00.0,5,21:00,422
7556724695,U,OB,1,1,1062,310506,89,16:00.0,5,19:00,422
7556724713,U,OB,1,3,1165,310506,89,09:00.0,5,19:00,422
7556728590,U,OB,1,18,252,842091,53,44:00.0,6,21:00,422
755672860X,U,OB,1,1,125,842091,53,17:00.0,6,22:00,422
7556728619,U,OB,1,34,428,842091,53,53:00.0,6,21:00,422
7556728628,U,OB,1,1,773,842091,53,34:00.0,6,21:00,422
7556728637,U,OB,1,1,630,842091,53,36:00.0,6,21:00,422
7556728765,U,OB,1,4,2479,310232,38,41:00.0,5,22:00,422
7556728774,U,OB,1,9,11825,310232,81,14:00.0,6,9:00,422
7556728783,U,OB,1,1,812,842091,53,16:00.0,6,21:00,422
7556728792,U,OB,1,1,577,842091,53,22:00.0,6,21:00,422
7556734411,U,OB,1,6,3800,821149,32,13:00.0,6,21:00,422
755673443X,U,OB,1,6,3345,821149,89,22:00.0,7,0:00,422
7556734449,U,OB,1,5,1336,821149,18,13:00.0,7,6:00,422
7556734559,U,OB,1,2,833,430695,18,22:00.0,5,22:00,422
7556734568,U,OB,1,1,418,430695,18,34:00.0,5,22:00,422
7556734604,U,OB,1,5,12960,139562,67,16:00.0,2,19:00,422
7556734613,U,OB,1,1,1000,842082,63,33:00.0,6,0:00,422
7556734622,U,OB,1,3,305,842193,66,32:00.0,5,0:00,422
755673465X,U,OB,1,1,1150,842193,66,28:00.0,5,0:00,422
7556736061,U,OB,1,1,95,390229,60,07:00.0,4,2:00,422
7556736658,U,OB,1,1,315,841895,52,24:00.0,4,20:00,422
7556748601,U,OB,1,1,149,57017,76,36:00.0,6,0:00,422
7556748610,U,OB,1,1,285,504612,88,27:00.0,2,22:00,422
755674862X,U,OB,1,1,187,506945,50,30:00.0,2,19:00,422
7556748639,U,OB,1,1,125,57017,52,45:00.0,6,19:00,422
7556748648,U,OB,1,1,121,57017,52,10:00.0,6,19:00,422
7556748657,U,OB,1,1,64,57017,52,13:00.0,6,19:00,422
7556748666,U,OB,1,2,176,57017,52,53:00.0,6,20:00,422
7556748684,U,OB,1,1,65,111483,50,08:00.0,3,23:00,422
7556748693,U,OB,1,1,121,842193,89,51:00.0,5,0:00,422
7556748702,U,OB,1,1,190,842193,89,19:00.0,5,0:00,422
7556748720,U,OB,1,1,110,87955,84,17:00.0,5,22:00,422
755674873X,U,OB,1,1,180,87955,84,07:00.0,5,22:00,422
7556748749,U,OB,1,1,165,87955,84,39:00.0,5,23:00,422
7556748758,U,OB,1,1,202,87955,84,26:00.0,5,22:00,422
7556748767,U,OB,1,1,81,505669,43,03:00.0,7,2:00,422
7556748776,U,OB,1,1,125,505669,43,36:00.0,7,2:00,422
7556748776,U,OB,1,1,125,505669,86,12:00.0,7,11:00,422
7556749041,U,OB,1,1,600,842274,55,13:00.0,2,18:00,422
7556751728,U,OB,1,1,445,430233,50,47:00.0,4,21:00,422
7556754303,U,IB,1,1,1094,139517,127,58:00.0,4,20:00,422
7556754469,U,OB,1,1,485,841940,43,07:00.0,6,3:00,422
7556756247,U,OB,1,1,86,113909,46,08:00.0,4,0:00,422
7556756256,U,OB,1,1,163,97063,75,14:00.0,5,20:00,422
7556756265,U,OB,1,1,85,842274,60,27:00.0,6,21:00,422
7556756274,U,IB,1,1,127,97063,113,40:00.0,3,11:00,422
7556756283,U,IB,1,1,150,97063,113,45:00.0,3,11:00,422
7556756292,U,OB,1,1,121,113979,69,01:00.0,5,1:00,422
7556764158,U,IB,1,1,259,821149,133,09:00.0,6,2:00,422
7556764589,U,IB,1,2,1173,310707,131,14:00.0,2,19:00,422
7556764598,U,OB,1,1,588,560027,76,32:00.0,3,22:00,422
7556764607,U,OB,1,3,1500,560027,76,31:00.0,3,22:00,422
7556764616,U,OB,1,12,8877,390072,55,43:00.0,5,21:00,422
7556764625,U,OB,1,2,1213,390072,55,37:00.0,5,21:00,422
7556764634,U,OB,1,2,1048,390072,55,52:00.0,5,20:00,422
7556764643,U,OB,1,3,1641,821149,32,37:00.0,6,22:00,422
7556764652,U,OB,1,3,1903,821149,32,11:00.0,6,22:00,422
7556764661,U,IB,1,4,2275,842193,101,06:00.0,2,22:00,422
7556764670,U,IB,1,1,484,842193,101,32:00.0,2,21:00,422
755676468X,U,OB,1,3,1220,830887,75,33:00.0,3,22:00,422
755676468X,U,IB,1,3,1220,830887,111,07:00.0,4,0:00,422
7556764699,U,OB,1,1,261,730114,86,24:00.0,7,3:00,422
7556764708,U,OB,1,1,866,730114,86,18:00.0,7,3:00,422
7556764717,U,OB,1,6,2375,730114,86,09:00.0,7,4:00,422
7556764726,U,IB,1,5,2965,821149,104,31:00.0,2,22:00,422
7556764726,U,OB,1,5,2965,821149,79,04:00.0,3,0:00,422
7556764735,U,IB,1,3,1515,821149,104,24:00.0,2,22:00,422
7556764744,U,IB,1,2,800,821149,104,03:00.0,2,22:00,422
7556764753,U,IB,1,3,1974,821149,104,37:00.0,2,22:00,422
7556764753,U,OB,1,3,1974,821149,79,04:00.0,3,0:00,422
7556764771,U,OB,1,3,1711,560027,76,02:00.0,3,22:00,422
755676479X,U,IB,1,3,1510,310707,131,21:00.0,2,19:00,422
7556764809,U,OB,1,2,1140,730114,86,13:00.0,7,4:00,422
7556764818,U,OB,1,1,503,730114,86,50:00.0,7,3:00,422
7556764827,U,IB,1,1,183,821149,133,22:00.0,6,2:00,422
7556764845,U,OB,1,11,7953,390229,50,39:00.0,5,0:00,422
7556764890,U,OB,1,4,1887,390229,60,36:00.0,4,0:00,422
755676490X,U,IB,1,4,2092,730114,105,04:00.0,5,21:00,422
7556764928,U,OB,1,4,2715,830887,89,49:00.0,6,22:00,422
7556764928,U,OB,1,4,2715,830887,81,19:00.0,7,6:00,422
7556765056,U,IB,1,2,747,821149,133,06:00.0,6,2:00,422
7556765065,U,OB,1,3,1896,821149,53,04:00.0,4,21:00,422
7556765074,U,IB,1,2,1026,730114,105,58:00.0,5,20:00,422
7556765083,U,OB,1,1,217,830887,89,25:00.0,6,22:00,422
7556765092,U,OB,1,1,182,830887,89,28:00.0,6,22:00,422
7556769025,U,OB,1,2,872,830967,63,15:00.0,2,19:00,422
7556769034,U,OB,1,1,765,202373,58,21:00.0,3,18:00,422
7556771344,U,OB,1,6,16019,558194,69,55:00.0,2,22:00,422
7556771344,U,OB,1,6,16019,558194,81,59:00.0,3,8:00,422
7556771629,U,OB,1,2,4763,89542,79,28:00.0,7,0:00,422
7556771629,U,OB,1,2,4763,89542,79,28:00.0,7,0:00,422
7556772655,U,OB,1,2,3560,89542,32,34:00.0,2,22:00,422
7556772664,U,IB,1,3,5325,515334,111,28:00.0,2,21:00,422
7556772949,U,IB,1,2,3550,515334,111,21:00.0,2,21:00,422
7556773077,U,OB,1,3,5325,211467,26,48:00.0,3,21:00,422
755677348X,U,OB,1,2,3500,89542,72,09:00.0,6,1:00,422
7556773499,U,OB,1,2,3550,89542,62,35:00.0,6,22:00,422
7556773499,U,OB,1,2,3550,89542,67,34:00.0,6,22:00,422
7556773508,U,OB,1,2,3785,89542,67,50:00.0,6,22:00,422
7556773508,U,CTY,1,2,3785,89542,170,54:00.0,6,22:00,422
7556773517,U,OB,1,1,1775,89542,67,30:00.0,6,22:00,422
7556773526,U,OB,1,2,3550,89542,32,21:00.0,2,22:00,422
7556778669,U,OB,1,1,2252,561048,78,12:00.0,6,18:00,422
7556779841,U,OB,1,3,3135,531169,13,18:00.0,3,18:00,422
7556779850,U,OB,1,2,1560,531169,13,23:00.0,3,18:00,422
7556779850,U,IB,1,2,1560,531169,111,07:00.0,4,0:00,422
7556779850,U,OB,1,2,1560,531169,79,17:00.0,4,12:00,422
7556779888,U,OB,1,2,750,531169,13,56:00.0,3,18:00,422
7556779888,U,OB,1,2,750,531169,5,43:00.0,5,3:00,422
7556779897,U,OB,1,4,1120,531169,13,15:00.0,3,19:00,422
7556781803,U,OB,1,2,797,310291,52,55:00.0,2,16:00,422
7556785671,U,OB,1,3,930,842029,90,38:00.0,6,18:00,422
7556787184,U,OB,1,1,225,390236,76,46:00.0,4,23:00,422
7556787202,U,OB,1,2,917,842872,25,01:00.0,5,22:00,422
7556787202,U,OB,1,2,917,842872,25,01:00.0,5,22:00,422
7556787211,U,OB,1,2,388,89542,48,20:00.0,6,22:00,422
7556787220,U,OB,1,1,268,89542,48,06:00.0,6,22:00,422
755678723X,U,OB,1,2,436,89542,48,41:00.0,6,21:00,422
7556787249,U,OB,1,1,262,89542,48,34:00.0,6,22:00,422
7556787258,U,OB,1,1,229,531258,67,26:00.0,2,21:00,422
7556787267,U,OB,1,4,836,531258,67,17:00.0,2,21:00,422
7556787276,U,IB,1,1,198,830887,105,34:00.0,5,1:00,422
7556787285,U,OB,1,6,1214,558373,60,48:00.0,7,3:00,422
7556787294,U,OB,1,9,4286,558373,60,04:00.0,7,3:00,422
7556794040,U,OB,1,1,759,559046,26,25:00.0,3,22:00,422
755679405X,U,OB,1,9,9817,841925,84,48:00.0,5,23:00,422
7556794069,U,OB,1,2,1125,850053,39,29:00.0,6,21:00,422
7556794078,U,OB,1,2,1508,850053,39,23:00.0,6,21:00,422
7556794087,U,OB,1,1,756,903814,14,18:00.0,3,20:00,422
7556794096,U,OB,1,3,1225,559726,79,08:00.0,6,22:00,422
7556794096,U,IB,1,3,1225,559726,101,07:00.0,6,22:00,422
7556809303,U,IB,1,13,7470,530419,111,15:00.0,4,1:00,422
7556809321,U,IB,1,12,6550,530419,111,12:00.0,4,0:00,422
7556809330,U,OB,1,5,2330,558293,50,35:00.0,5,1:00,422
755680934X,U,OB,1,4,2240,560751,74,34:00.0,6,22:00,422
7556809359,U,OB,1,6,2630,842029,50,22:00.0,2,21:00,422
7556809368,U,OB,1,6,3360,903983,32,04:00.0,4,21:00,422
7556809377,U,OB,1,11,3520,310552,60,38:00.0,3,22:00,422
7556809386,U,OB,1,5,2800,559046,55,49:00.0,5,0:00,422
7556809395,U,OB,1,7,3920,430681,53,23:00.0,5,18:00,422
7556809404,U,OB,1,4,1780,430681,53,12:00.0,5,18:00,422
7556809413,U,OB,1,6,4160,310753,11,24:00.0,6,20:00,422
7556809422,U,OB,1,4,1770,841940,55,31:00.0,3,22:00,422
7556809431,U,OB,1,6,1655,530751,50,59:00.0,4,21:00,422
755680978X,U,OB,1,12,6720,559350,51,26:00.0,2,19:00,422
7556813290,U,OB,1,2,1310,730114,74,21:00.0,4,21:00,422
755681913X,U,OB,1,2,6300,842167,96,51:00.0,3,19:00,422
755681990X,U,OB,1,1,280,559833,88,11:00.0,3,19:00,422
7556819964,U,OB,1,1,172,97664,55,15:00.0,4,1:00,422
7556819973,U,OB,1,1,212,559833,88,20:00.0,3,19:00,422
7556819982,U,OB,1,1,345,559833,88,15:00.0,3,19:00,422
7556819991,U,OB,1,1,204,559833,88,29:00.0,3,19:00,422
7556820000,U,OB,1,1,339,559833,88,24:00.0,3,19:00,422
755682001X,U,OB,1,1,280,506875,63,18:00.0,3,1:00,422
7556820029,U,CTY,1,1,247,506875,O15 ,36:00.0,3,3:00,422
7556820029,U,OB,1,1,247,506875,63,11:00.0,3,1:00,422
7556820038,U,OB,1,1,324,506875,63,43:00.0,3,1:00,422
7556820047,U,OB,1,1,191,R422506875,63,47:00.0,3,1:00,422
7556828800,U,OB,1,3,2640,830890,72,36:00.0,6,18:00,422
7556829159,U,OB,1,1,435,560231,73,07:00.0,3,20:00,422
7556829168,U,OB,1,1,645,560231,73,11:00.0,3,20:00,422
7556829177,U,OB,1,1,3845,830967,53,01:00.0,5,22:00,422
7556829186,U,OB,1,1,635,830967,53,44:00.0,5,22:00,422
7556829204,U,OB,1,1,915,830967,53,37:00.0,5,22:00,422
7556829213,U,OB,1,1,420,830967,53,54:00.0,5,22:00,422
7556829231,U,OB,1,2,5150,830967,38,46:00.0,3,22:00,422
7556829240,U,OB,1,1,455,830967,30,50:00.0,3,20:00,422
7556829240,U,OB,1,1,455,830967,30,50:00.0,3,20:00,422
755682925X,U,IB,1,1,585,310506,112,09:00.0,6,0:00,422
7556829269,U,IB,1,1,760,310506,112,15:00.0,6,0:00,422
7556830167,U,OB,1,1,500,903983,32,57:00.0,4,22:00,422
7556830167,U,OB,1,1,500,903983,20,02:00.0,6,8:00,422
7556830176,U,OB,1,11,9840,903983,32,30:00.0,4,22:00,422
7556830185,U,OB,1,1,1230,903983,32,42:00.0,4,20:00,422
7556830203,U,OB,1,1,194,353223,50,40:00.0,4,21:00,422
7556830212,U,OB,1,1,204,353223,50,43:00.0,4,20:00,422
7556830230,U,OB,1,1,204,353223,50,36:00.0,4,20:00,422
755683024X,U,OB,1,1,199,353223,50,45:00.0,4,20:00,422
7556830259,U,OB,1,1,436,559143,39,09:00.0,5,21:00,422
7556841048,U,OB,1,2,500,430695,18,35:00.0,5,21:00,422
7556842184,U,IB,1,7,9220,559033,106,06:00.0,3,0:00,422
7556842184,U,IB,1,7,9220,559033,113,30:00.0,2,22:00,422
755684289X,U,OB,1,2,884,842193,51,56:00.0,6,2:00,422
7556842909,U,OB,1,5,621,842193,51,43:00.0,6,2:00,422
7556842918,U,OB,1,2,290,842193,51,48:00.0,6,1:00,422
7556842927,U,OB,1,11,2579,842193,51,17:00.0,6,2:00,422
755684531X,U,OB,1,5,2213,560027,74,14:00.0,5,1:00,422
7556845329,U,OB,1,4,2527,560027,74,40:00.0,5,1:00,422
7556845329,U,OB,1,4,2527,560027,99,28:00.0,5,2:00,422
7556845338,U,OB,1,1,287,560027,74,18:00.0,5,1:00,422
7556845347,U,OB,1,1,48,89542,72,44:00.0,6,1:00,422
7556845356,U,OB,1,4,1908,89542,72,40:00.0,6,1:00,422
7556845365,U,OB,1,1,105,89542,72,13:00.0,6,1:00,422
7556845374,U,OB,1,1,1208,89542,72,20:00.0,6,1:00,422
7556845383,U,OB,1,2,252,89542,72,57:00.0,6,1:00,422
7556845401,U,OB,1,4,3135,310707,40,44:00.0,6,0:00,422
755684542X,U,OB,1,1,193,558189,58,04:00.0,4,21:00,422
7556845448,U,OB,1,1,200,505667,89,13:00.0,6,0:00,422
7556845457,U,OB,1,1,105,841925,81,05:00.0,6,21:00,422
7556845457,U,OB,1,1,105,841925,81,05:00.0,6,21:00,422
7556845466,U,OB,1,9,3120,841925,96,11:00.0,6,22:00,422
7556845475,U,OB,1,5,655,841925,81,23:00.0,6,21:00,422
7556845475,U,OB,1,5,655,841925,81,23:00.0,6,21:00,422
7556845484,U,OB,1,1,1260,311022,97,03:00.0,4,22:00,422
7556845484,U,OB,1,1,1260,311022,97,03:00.0,4,22:00,422
7556845493,U,OB,1,1,245,311022,78,15:00.0,4,22:00,422
7556849774,U,IB,1,1,690,560856,167,43:00.0,3,16:00,422
7556849774,U,OB,1,1,690,560856,55,32:00.0,2,19:00,422
7556849792,U,OB,1,1,245,560856,55,18:00.0,2,18:00,422
7556849792,U,OB,1,1,245,560856,81,49:00.0,2,20:00,422
7556861901,U,OB,1,40,6345,118561,26,02:00.0,7,4:00,422
7556861910,U,OB,1,11,1200,118561,26,14:00.0,7,4:00,422
7556862534,U,OB,1,19,2420,310707,31,22:00.0,1,1:00,422
7556862543,U,OB,1,18,1872,310707,31,29:00.0,1,0:00,422
7556862671,U,OB,1,8,863,127712,84,53:00.0,4,0:00,422
755686269X,U,OB,1,15,1771,121724,38,50:00.0,7,4:00,422
7556862709,U,IB,1,65,1665,140160,158,06:00.0,7,19:00,422
7556862709,U,IB,1,65,1665,140160,156,23:00.0,7,19:00,422
7556862709,U,IB,1,65,1665,140160,152,21:00.0,7,19:00,422
7556862718,U,IB,1,30,721,140160,158,22:00.0,7,19:00,422
7556862763,U,OB,1,17,1861,124163,32,17:00.0,5,20:00,422
7556862781,U,OB,1,8,1179,842100,46,49:00.0,3,21:00,422
7556870674,U,OB,1,1,341,530683,31,23:00.0,2,17:00,422
7556870683,U,OB,1,1,202,530683,31,05:00.0,2,18:00,422
7556870692,U,OB,1,1,202,530683,31,08:00.0,2,18:00,422
7556870701,U,OB,1,1,281,530683,31,15:00.0,2,17:00,422
7556870710,U,OB,1,2,716,530683,31,16:00.0,2,18:00,422
755687072X,U,OB,1,1,281,530683,31,12:00.0,2,18:00,422
7556870739,U,OB,1,1,202,530683,31,21:00.0,2,18:00,422
7556870757,U,OB,1,1,415,558577,32,58:00.0,6,0:00,422
7556870766,U,OB,1,1,88,558577,32,25:00.0,6,1:00,422
7556870775,U,OB,1,1,370,558577,32,24:00.0,6,1:00,422
7556870811,U,OB,1,4,10575,89542,72,07:00.0,6,2:00,422
7556871729,U,OB,1,5,1795,132667,38,22:00.0,2,21:00,422
7556871738,U,OB,1,1,822,842167,96,59:00.0,3,20:00,422
7556871747,U,OB,1,1,1108,842167,96,24:00.0,3,20:00,422
7556871756,U,OB,1,1,1935,842167,96,08:00.0,3,21:00,422
7556871765,U,OB,1,1,330,842167,96,18:00.0,3,20:00,422
7556871774,U,OB,1,1,65,842167,96,16:00.0,3,20:00,422
7556983076,U,CTY,1,2,182,202317,174,10:00.0,4,16:00,266
7556987036,U,IB,1,1,222,136486,113,07:00.0,2,21:00,266
7556987045,U,CTY,1,1,150,127543,196,02:00.0,1,19:00,266
7556987072,U,OB,1,1,405,123032,74,29:00.0,1,5:00,266
7556987952,U,IB,1,1,420,127099,104,41:00.0,6,17:00,266
7557008632,U,CTY,1,1,1050,202317,174,25:00.0,4,15:00,266
7557025188,U,IB,1,2,1080,137678,104,20:00.0,6,1:00,266
7557027168,U,CTY,1,13,12340,135097,192,00:00.0,4,21:00,266
7557092618,U,CTY,1,2,4320,125345,169,27:00.0,3,19:00,525
7557113224,U,CTY,1,4,7360,211570,192,11:00.0,5,20:00,525
7557113251,U,IB,1,2,572,125008,135,01:00.0,4,10:00,525
7557123270,U,IB,1,1,394,137512,143,56:00.0,6,12:00,525
7557131659,U,CTY,1,4,4826,211570,192,17:00.0,5,20:00,525
7557131731,U,CTY,1,1,618,138853,194,09:00.0,1,5:00,525
7557131823,U,OB,1,1,768,140210,73,10:00.0,7,14:00,525
7557135242,U,IB,1,3,928,137512,143,26:00.0,6,13:00,525
7557147250,U,OB,1,1,295,135958,84,25:00.0,5,2:00,525
7557150312,U,IB,1,3,403,290103,129,19:00.0,5,22:00,525
7557150321,U,IB,1,2,244,290103,129,26:00.0,5,22:00,525
755716629X,U,OB,1,1,175,131402,15,30:00.0,3,13:00,525
755716629X,U,OB,1,1,175,131402,43,27:00.0,3,13:00,525
7557190417,U,IB,1,1,120,132790,116,55:00.0,4,0:00,218
7557190480,U,IB,1,13,1906,430399,112,53:00.0,4,16:00,218
7557190509,U,OB,1,11,1596,126600,96,03:00.0,4,20:00,218
7557190563,U,OB,1,10,1593,T525255364,95,11:00.0,5,4:00,218
7557190655,U,OB,1,1,120,133456,84,56:00.0,1,10:00,218
7557191095,U,IB,1,1,14,123779,133,37:00.0,4,21:00,218
7557191104,U,IB,1,5,1560,R211600269,123,03:00.0,6,0:00,218
7557301232,U,OB,1,1,188,137332,26,03:00.0,6,20:00,412
755730137X,U,OB,1,1,615,119711,52,50:00.0,6,15:00,412
7557311902,U,OB,1,2,1023,126549,95,57:00.0,4,16:00,216
755731204X,U,CTY,1,1,420,131918,195,01:00.0,5,21:00,412
7557312250,U,OB,1,20,4943,135994,22,56:00.0,1,0:00,412
7557316605,U,IB,1,1,275,140342,111,05:00.0,7,6:00,412
755731886X,U,OB,1,1,441,134221,76,13:00.0,7,4:00,412
755733734X,U,OB,1,6,1600,137647,55,27:00.0,6,8:00,412
7557337927,U,OB,1,3,375,261094,60,32:00.0,6,15:00,412
7557338596,U,OB,1,1,850,128622,58,03:00.0,2,4:00,412
7557350494,U,IB,1,1,650,132336,105,21:00.0,4,18:00,213
7557357718,U,IB,1,1,506,136440,105,44:00.0,1,12:00,213
7557367993,U,OB,1,1,334,134954,86,17:00.0,4,21:00,213
7557374777,U,OB,1,1,140,133646,87,26:00.0,4,0:00,213
7557375262,U,CTY,1,2,434,138436,168,44:00.0,3,22:00,213
7557376793,U,CTY,1,2,1800,123825,174,45:00.0,1,15:00,213
7557377462,U,IB,1,6,4810,126960,116,15:00.0,3,22:00,213
7557390534,U,OB,1,1,104,138348,96,26:00.0,5,20:00,213
7557403312,U,IB,1,1,184,119666,105,06:00.0,3,2:00,245
7557403359,U,IB,1,1,2955,136874,111,21:00.0,6,7:00,245
755742039X,U,IB,1,2,766,132336,105,27:00.0,4,18:00,213
7557420418,U,OB,1,2,6754,117716,88,29:00.0,7,7:00,213
7557420427,U,OB,1,1,785,117716,88,01:00.0,7,8:00,213
7557420436,U,OB,1,1,353,117716,88,53:00.0,7,7:00,213
7557420454,U,OB,1,1,576,140332,95,25:00.0,7,15:00,213
7557424203,U,IB,1,1,178,135236,112,45:00.0,2,20:00,213
7557424212,U,IB,1,2,1117,135236,112,12:00.0,2,21:00,213
755742501X,U,IB,1,1,457,127841,129,49:00.0,1,3:00,213
7557425422,U,OB,1,1,286,138348,96,49:00.0,5,20:00,213
7557432637,U,IB,1,1,140,202122,116,27:00.0,5,9:00,213
7557435818,U,CTY,1,3,3305,138436,168,36:00.0,3,22:00,213
7557435964,U,IB,1,2,1405,127841,129,31:00.0,1,7:00,213
755744800X,U,IB,1,1,165,127712,103,34:00.0,6,2:00,213
7557449485,U,IB,1,1,239,291219,105,40:00.0,4,3:00,213
7557449521,U,IB,1,1,215,127712,103,13:00.0,6,4:00,213
7557449577,U,OB,1,1,1135,133646,87,17:00.0,4,1:00,213
7557449577,U,OB,1,1,1135,133646,92,18:00.0,4,1:00,213
7557449595,U,OB,1,1,435,133646,87,57:00.0,4,0:00,213
7557449604,U,OB,1,1,517,139757,60,16:00.0,5,4:00,213
7557449669,U,OB,1,1,195,123836,95,52:00.0,7,1:00,213
7557449732,U,IB,1,1,485,127712,103,53:00.0,6,3:00,213
7557451703,U,IB,1,13,2055,134038,114,20:00.0,5,4:00,213
7557452318,U,OB,1,2,1100,134954,86,57:00.0,4,20:00,213
7557452318,U,IB,1,2,1100,134954,108,09:00.0,5,0:00,213
7557453849,U,IB,1,1,706,132336,105,29:00.0,4,19:00,213
7557453903,U,OB,1,1,688,140332,95,55:00.0,7,15:00,213
7557454013,U,OB,1,1,618,134279,84,07:00.0,4,2:00,213
7557454013,U,CTY,1,1,618,134279,227,26:00.0,4,8:00,213
7557454040,U,IB,1,1,287,132336,105,57:00.0,4,18:00,213
7557454179,U,OB,1,1,178,134954,86,52:00.0,4,19:00,213
755745427X,U,OB,1,1,975,140332,95,54:00.0,7,18:00,213
7557454298,U,OB,1,1,445,140332,95,13:00.0,7,17:00,213
7557454325,U,IB,1,4,2010,134476,103,29:00.0,1,8:00,213
7557454426,U,IB,1,1,608,118561,158,43:00.0,7,0:00,213
7557454435,U,IB,1,1,910,118561,158,00:00.0,7,1:00,213
7557454462,U,IB,1,3,1103,261365,103,23:00.0,1,4:00,213
7557454572,U,IB,1,1,362,291219,105,31:00.0,4,3:00,213
7557454682,U,OB,1,2,1334,123836,95,32:00.0,7,2:00,213
7557455553,U,IB,1,1,274,126960,116,39:00.0,3,22:00,213
7557455663,U,OB,1,1,620,133646,87,25:00.0,4,2:00,213
7557455690,U,OB,1,1,280,133646,87,27:00.0,4,2:00,213
7557455800,U,OB,1,1,422,139757,60,54:00.0,5,5:00,213
755745581X,U,OB,1,1,811,139757,60,28:00.0,5,6:00,213
7557455856,U,OB,1,1,247,123836,95,00:00.0,7,1:00,213
7557456002,U,IB,1,1,779,291219,105,35:00.0,4,3:00,213
7557456058,U,IB,1,1,645,136440,105,26:00.0,1,13:00,213
7557456067,U,CTY,1,1,337,123825,174,57:00.0,1,14:00,213
755745614X,U,OB,1,1,354,139757,60,52:00.0,5,2:00,213
7557456168,U,OB,1,1,310,139757,60,34:00.0,5,6:00,213
7557456543,U,IB,1,1,1400,127841,129,06:00.0,1,4:00,213
7557456552,U,IB,1,5,3260,118561,158,21:00.0,7,0:00,213
7557456599,U,IB,1,1,350,261365,103,53:00.0,1,3:00,213
7557456626,U,IB,1,1,544,261365,103,12:00.0,1,4:00,213
7557456662,U,IB,1,1,337,118295,127,17:00.0,6,1:00,213
7557456709,U,OB,1,3,2070,134038,97,29:00.0,5,6:00,213
7557456709,U,IB,1,3,2070,134038,114,14:00.0,5,1:00,213
7557456855,U,CTY,1,1,460,133646,182,57:00.0,3,23:00,213
7557458065,U,OB,1,5,7710,132373,96,46:00.0,7,5:00,213
7557459459,U,OB,1,2,770,138348,96,35:00.0,5,18:00,213
7557459540,U,CTY,1,1,240,291058,175,15:00.0,2,12:00,213
755745955X,U,CTY,1,1,467,291058,175,58:00.0,2,9:00,213
7557459587,U,OB,1,1,460,140332,95,42:00.0,7,16:00,213
7557459760,U,IB,1,1,345,132333,125,31:00.0,3,14:00,213
7557459899,U,CTY,1,2,600,138436,168,27:00.0,4,2:00,213
7557460036,U,IB,1,4,200,291219,105,26:00.0,4,4:00,213
7557460063,U,CTY,1,1,167,123916,180,19:00.0,5,2:00,213
7557460063,U,OB,1,1,167,123916,95,16:00.0,5,2:00,213
7557460310,U,IB,1,4,1700,126715,131,25:00.0,7,6:00,213
7557462052,U,OB,1,2,800,140332,95,25:00.0,7,18:00,213
7557462694,U,OB,1,1,430,138348,96,22:00.0,5,18:00,213
7557462703,U,OB,1,4,6723,138348,96,48:00.0,5,18:00,213
7557462759,U,IB,1,1,450,132333,125,42:00.0,3,14:00,213
7557462768,U,IB,1,4,4428,134476,103,05:00.0,1,8:00,213
7557462813,U,IB,1,1,400,126960,116,28:00.0,3,22:00,213
7557462887,U,IB,1,5,4687,117019,116,53:00.0,6,3:00,213
7557463060,U,IB,1,2,6930,290993,104,35:00.0,5,9:00,213
7557463529,U,CTY,1,1,242,138436,168,13:00.0,3,21:00,213
7557463583,U,OB,1,3,1405,134954,86,04:00.0,4,21:00,213
7557463601,U,IB,1,1,1930,290212,135,24:00.0,1,6:00,213
7557463648,U,CTY,1,3,535,117716,N   ,25:00.0,7,19:00,213
7557463987,U,OB,1,1,345,134059,99,31:00.0,5,12:00,213
7557464674,U,IB,1,2,1500,132336,105,32:00.0,4,18:00,213
7557466993,U,IB,1,1,766,135236,112,46:00.0,2,21:00,213
7557467049,U,IB,1,1,830,136440,105,41:00.0,1,12:00,213
7557467278,U,OB,1,1,435,123544,46,55:00.0,5,10:00,644
7557467296,U,OB,1,1,240,123544,46,30:00.0,5,12:00,644
7557467305,U,OB,1,1,605,123544,46,28:00.0,5,10:00,644
7557467323,U,OB,1,1,285,123544,46,25:00.0,5,10:00,644
7557467350,U,OB,1,1,490,136461,72,24:00.0,6,14:00,644
7557467379,U,OB,1,1,260,136461,72,19:00.0,6,14:00,644
7557467406,U,OB,1,1,395,249073,39,10:00.0,1,7:00,644
7557467451,U,OB,1,1,180,135903,51,13:00.0,5,19:00,644
7557467460,U,OB,1,1,268,121632,55,08:00.0,6,19:00,644
7557467965,U,IB,1,2,2515,135236,112,31:00.0,2,22:00,213
7557468533,U,IB,1,1,1824,136440,105,56:00.0,1,12:00,213
755746879X,U,OB,1,2,5950,133646,87,42:00.0,4,0:00,213
7557469038,U,IB,1,3,6246,290212,135,01:00.0,1,7:00,213
7557469285,U,IB,1,5,5877,134102,163,51:00.0,3,2:00,213
7557471678,U,CTY,1,1,3000,138436,168,17:00.0,4,2:00,213
7557475977,U,IB,1,1,1757,138654,125,12:00.0,1,8:00,213
7557477627,U,IB,1,2,5934,137943,164,05:00.0,4,0:00,213
7557477838,U,OB,1,6,3720,134059,99,08:00.0,5,13:00,213
7557478350,U,OB,1,2,1455,133646,87,13:00.0,4,0:00,213
7557479221,U,IB,1,14,990,202122,116,51:00.0,5,7:00,213
7557479506,U,OB,1,1,1351,134279,84,07:00.0,4,1:00,213
7557479973,U,IB,1,1,140,135236,112,48:00.0,2,22:00,213
755748001X,U,CTY,1,1,435,134197,197,03:00.0,5,19:00,213
7557480029,U,OB,1,1,270,134954,86,25:00.0,4,19:00,213
7557480175,U,CTY,1,1,240,133646,171,24:00.0,4,1:00,213
7557480175,U,CTY,1,1,240,133646,171,24:00.0,4,1:00,213
7557481962,U,IB,1,1,535,261365,103,15:00.0,1,4:00,213
7557482054,U,OB,1,1,341,138348,96,03:00.0,5,20:00,213
7557482072,U,OB,1,1,4500,117716,88,03:00.0,7,6:00,213
7557482081,U,OB,1,2,1560,138348,96,41:00.0,5,18:00,213
755748210X,U,IB,1,1,291,290212,135,11:00.0,1,7:00,213
7557482137,U,OB,1,2,1880,139567,90,15:00.0,3,8:00,213
7557485199,U,OB,1,1,1200,138348,96,55:00.0,5,18:00,213
7557485345,U,CTY,1,2,1895,127438,231,27:00.0,1,16:00,213
7557487426,U,OB,1,1,550,138348,96,16:00.0,5,19:00,213
7557489058,U,IB,1,3,4505,138654,125,54:00.0,1,7:00,213
7557489094,U,IB,1,3,9836,127841,129,19:00.0,1,4:00,213
7557489103,U,IB,1,1,1410,261365,103,40:00.0,1,3:00,213
7557489112,U,IB,1,1,580,261365,103,39:00.0,1,3:00,213
7557489159,U,OB,1,2,1863,123916,95,36:00.0,5,3:00,213
7557489397,U,OB,1,1,2420,136440,95,54:00.0,3,15:00,213
7557489415,U,OB,1,1,1930,134038,97,29:00.0,5,6:00,213
7557489415,U,IB,1,1,1930,134038,114,18:00.0,5,2:00,213
7557491065,U,IB,1,1,832,261365,103,03:00.0,1,4:00,213
7557491166,U,IB,1,3,1680,132336,105,53:00.0,4,18:00,213
7557491175,U,IB,1,1,500,132336,105,14:00.0,4,18:00,213
7557495483,U,IB,1,1,650,134476,103,13:00.0,1,7:00,213
7557495831,U,IB,1,6,5187,134505,112,33:00.0,3,1:00,213
7557498920,U,OB,1,1,990,117716,88,39:00.0,7,6:00,213
7557499077,U,IB,1,1,224,132336,105,08:00.0,4,18:00,213
7557500507,U,CTY,1,1,3116,137322,175,29:00.0,4,5:00,213
7557500534,U,CTY,1,1,1965,124196,192,34:00.0,5,11:00,213
7557500671,U,CTY,1,1,1525,125856,174,20:00.0,4,19:00,213
7557505520,U,IB,1,1,980,127712,103,38:00.0,6,4:00,213
7557510425,U,OB,1,3,3678,123916,95,36:00.0,5,4:00,213
7557510452,U,IB,1,2,1496,118561,158,08:00.0,7,1:00,213
7557510690,U,IB,1,1,280,132336,105,37:00.0,4,18:00,213
7557510764,U,CTY,1,1,560,138436,168,42:00.0,4,1:00,213
7557510791,U,IB,1,2,1711,126259,113,39:00.0,6,4:00,213
7557510892,U,IB,1,1,187,202122,116,17:00.0,5,8:00,213
7557513166,U,OB,1,2,2255,134279,84,37:00.0,4,0:00,213
7557514192,U,CTY,1,1,1136,135534,188,52:00.0,6,4:00,213
7557514257,U,OB,1,1,1309,279919,86,58:00.0,1,10:00,213
7557514266,U,OB,1,1,58,279919,86,21:00.0,1,11:00,213
7557514421,U,IB,1,2,2860,126259,113,34:00.0,6,4:00,213
755751444X,U,OB,1,1,346,134954,86,01:00.0,4,20:00,213
7557514468,U,CTY,1,1,1259,138436,168,50:00.0,3,22:00,213
7557516300,U,OB,1,1,350,134279,84,16:00.0,4,2:00,213
755751631X,U,OB,1,1,360,134279,84,13:00.0,4,2:00,213
7557516493,U,IB,1,1,222,134476,103,33:00.0,1,7:00,213
7557516612,U,OB,1,1,202,134954,86,49:00.0,4,20:00,213
7557516731,U,IB,1,2,1023,118561,158,50:00.0,7,0:00,213
7557516998,U,OB,1,1,395,123916,95,57:00.0,5,2:00,213
7557517025,U,IB,1,2,901,127712,103,07:00.0,6,3:00,213
7557517034,U,IB,1,1,730,127712,103,00:00.0,6,3:00,213
755751708X,U,CTY,1,1,274,123825,174,21:00.0,1,15:00,213
7557517135,U,IB,1,1,475,136440,105,35:00.0,1,13:00,213
7557521068,U,IB,1,5,3090,134038,114,59:00.0,5,2:00,213
755752203X,U,IB,1,2,1270,132336,105,06:00.0,4,19:00,213
7557522058,U,OB,1,2,1615,117716,88,57:00.0,7,7:00,213
7557522094,U,OB,1,2,690,138348,96,38:00.0,5,18:00,213
7557522855,U,OB,1,2,1405,123836,95,28:00.0,7,2:00,213
7557522965,U,OB,1,6,2365,139757,60,30:00.0,5,7:00,213
7557523075,U,OB,1,4,2750,123916,95,48:00.0,5,3:00,213
7557523176,U,OB,1,2,1040,138654,82,21:00.0,1,14:00,213
7557523176,U,IB,1,2,1040,138654,125,41:00.0,1,9:00,213
7557523185,U,IB,1,1,185,138654,125,55:00.0,1,8:00,213
7557523194,U,IB,1,2,1165,138654,125,37:00.0,1,9:00,213
7557524377,U,OB,1,2,1360,134279,84,21:00.0,4,2:00,213
7557524395,U,OB,1,7,6980,134279,84,57:00.0,4,1:00,213
7557526191,U,IB,1,4,9279,126715,131,07:00.0,7,7:00,213
7557526200,U,IB,1,2,765,126715,131,40:00.0,7,6:00,213
7557527401,U,OB,1,1,352,140332,95,10:00.0,7,17:00,213
7557528382,U,IB,1,1,606,132336,105,02:00.0,4,19:00,213
7557528447,U,OB,1,1,332,138348,96,06:00.0,5,20:00,213
7557528465,U,OB,1,3,2221,140332,95,53:00.0,7,16:00,213
7557535734,U,OB,1,2,824,123916,95,25:00.0,5,1:00,213
7557535817,U,IB,1,1,324,134102,163,11:00.0,3,2:00,213
7557536100,U,IB,1,4,1778,132336,105,49:00.0,4,19:00,213
7557539905,U,OB,1,1,345,123916,95,05:00.0,5,3:00,213
7557539914,U,OB,1,1,350,123916,95,59:00.0,5,3:00,213
7557540446,U,OB,1,1,125,140332,95,44:00.0,7,16:00,213
755754106X,U,OB,1,1,640,138348,96,17:00.0,5,18:00,213
7557541079,U,OB,1,1,250,140332,95,40:00.0,7,15:00,213
7557546817,U,CTY,1,1,681,125614,169,48:00.0,7,18:00,621
7557547064,U,CTY,1,1,966,125614,169,06:00.0,7,19:00,621
7557547715,U,IB,1,1,1510,136842,143,33:00.0,3,9:00,621
755755041X,U,IB,1,1,210,127369,149,58:00.0,7,1:00,621
7557550438,U,IB,1,1,639,127369,149,40:00.0,7,3:00,621
755755305X,U,CTY,1,4,7390,R326181472,174,03:00.0,1,18:00,621
7557553188,U,CTY,1,1,366,134604,168,02:00.0,4,16:00,621
7557553747,U,CTY,1,1,696,132055,195,24:00.0,3,20:00,621
7557553967,U,CTY,1,2,2045,128708,188,01:00.0,5,0:00,621
7557558751,U,IB,1,10,8225,126288,160,08:00.0,1,3:00,621
7557558798,U,CTY,1,1,680,132969,172,05:00.0,1,9:00,621
7557558834,U,IB,1,4,3707,276875,164,01:00.0,1,4:00,621
7557558908,U,CTY,1,6,6920,261071,176,48:00.0,7,4:00,621
7557562794,U,CTY,1,1,584,125831,169,01:00.0,4,14:00,621
7557562830,U,IB,1,1,640,430065,145,50:00.0,4,15:00,621
7557565122,U,CTY,1,5,5510,131040,194,53:00.0,6,8:00,621
7557572126,U,IB,1,1,585,132515,143,42:00.0,7,1:00,621
7557572135,U,IB,1,2,3304,132515,143,37:00.0,7,1:00,621
7557573987,U,CTY,1,5,7885,136957,196,38:00.0,5,13:00,621
7557621305,U,IB,1,5,2912,430065,145,14:00.0,4,19:00,621
7557621388,U,CTY,1,1,1089,136895,194,08:00.0,4,14:00,621
7557621882,U,CTY,1,2,665,290411,195,40:00.0,6,5:00,621
7557622093,U,CTY,1,4,2564,139775,174,20:00.0,3,10:00,621
7557622093,U,CTY,1,4,2564,139775,181,30:00.0,3,20:00,621
7557622093,U,CTY,1,4,2564,139775,183,37:00.0,3,10:00,621
755762268X,U,CTY,1,3,305,128658,169,48:00.0,6,14:00,621
7557623047,U,CTY,1,1,49,290411,195,23:00.0,6,5:00,621
7557623606,U,CTY,1,1,234,135212,175,00:00.0,1,6:00,621
7557624055,U,CTY,1,6,5177,128658,169,58:00.0,6,13:00,621
7557625247,U,CTY,1,1,508,131040,194,17:00.0,6,10:00,621
7557625640,U,IB,1,1,320,134741,158,45:00.0,6,1:00,621
755762598X,U,IB,1,2,568,127837,152,45:00.0,7,19:00,621
7557626071,U,CTY,1,1,116,125614,169,26:00.0,7,19:00,621
7557626190,U,CTY,1,11,10001,133220,194,56:00.0,6,21:00,621
7557626439,U,CTY,1,1,420,211132,173,19:00.0,6,15:00,621
7557626520,U,CTY,1,1,160,211132,173,24:00.0,6,14:00,621
7557626558,U,CTY,1,2,783,134759,176,08:00.0,6,23:00,621
7557626558,U,CTY,1,2,783,134759,183,28:00.0,7,16:00,621
7557626850,U,IB,1,1,345,211132,166,04:00.0,6,17:00,621
7557626850,U,CTY,1,1,345,211132,173,29:00.0,6,14:00,621
7557627272,U,CTY,1,1,1294,128819,197,29:00.0,1,22:00,621
7557627979,U,CTY,1,1,459,139775,174,32:00.0,3,10:00,621
7557628922,U,CTY,1,1,259,127679,175,10:00.0,5,18:00,621
7557629252,U,IB,1,4,2330,311022,163,54:00.0,6,18:00,621
7557629463,U,IB,1,4,1770,276875,164,13:00.0,1,5:00,621
755762972X,U,IB,1,1,1702,311022,163,56:00.0,6,18:00,621
7557629903,U,IB,1,2,836,276875,164,05:00.0,1,5:00,621
7557630078,U,IB,1,1,264,276875,164,16:00.0,1,5:00,621
7557630509,U,CTY,1,3,1456,290033,195,38:00.0,3,17:00,621
7557630509,U,CTY,1,3,1456,290033,187,57:00.0,3,18:00,621
7557630920,U,CTY,1,1,234,118856,194,57:00.0,3,18:00,621
7557631140,U,CTY,1,1,428,290033,195,31:00.0,3,18:00,621
7557634972,U,IB,1,1,1097,138629,129,15:00.0,4,11:00,621
7557635073,U,IB,1,1,343,138629,129,20:00.0,4,11:00,621
7557635174,U,IB,1,1,207,138629,129,08:00.0,4,11:00,621
7557635349,U,IB,1,4,1614,127193,141,18:00.0,5,18:00,621
7557635421,U,IB,1,1,273,202024,125,50:00.0,5,5:00,621
7557635605,U,IB,1,2,1175,202024,125,23:00.0,5,5:00,621
7557636063,U,CTY,1,1,225,132339,192,47:00.0,3,7:00,621
7557645193,U,CTY,1,1,90,132339,192,46:00.0,3,7:00,621
7557646980,U,CTY,1,1,377,131229,188,27:00.0,5,14:00,621
7557647503,U,CTY,1,1,453,290033,195,31:00.0,3,16:00,621
7557647512,U,CTY,1,1,345,290033,195,44:00.0,3,16:00,621
7557654745,U,IB,1,3,732,430065,145,05:00.0,4,16:00,621
7557654828,U,IB,1,2,337,430065,145,36:00.0,4,18:00,621
7557660557,U,IB,1,1,853,290302,163,56:00.0,1,1:00,621
7557660557,U,CTY,1,1,853,290302,179,53:00.0,2,14:00,621
7557660712,U,IB,1,2,1760,135031,158,31:00.0,1,15:00,621
7557660721,U,IB,1,1,629,135031,158,22:00.0,1,15:00,621
755766195X,U,CTY,1,1,52,128819,197,26:00.0,1,21:00,621
7557667651,U,CTY,1,1,673,123720,173,36:00.0,7,3:00,621
7557667651,U,CTY,1,1,673,123720,170,41:00.0,7,8:00,621
7557667698,U,IB,1,1,369,132969,154,05:00.0,1,8:00,621
7557667698,U,CTY,1,1,369,132969,172,23:00.0,1,6:00,621
755766778X,U,IB,1,2,720,290302,163,14:00.0,1,2:00,621
7557667808,U,CTY,1,1,145,118856,194,07:00.0,3,19:00,621
7557673050,U,CTY,1,4,7720,830887,175,50:00.0,3,14:00,621
7557676956,U,CTY,1,2,2886,131040,194,30:00.0,6,6:00,621
7557678267,U,CTY,1,1,1436,132969,172,10:00.0,1,7:00,621
7557678359,U,IB,1,1,1436,290302,163,12:00.0,1,3:00,621
7557678413,U,IB,1,2,2871,135031,158,36:00.0,1,15:00,621
7557686984,U,IB,1,1,156,135031,158,26:00.0,1,14:00,621
7557687159,U,CTY,1,2,740,139676,195,33:00.0,6,16:00,621
7557687168,U,CTY,1,4,1410,139676,195,24:00.0,6,16:00,621
7557687213,U,CTY,1,1,331,139676,195,05:00.0,6,16:00,621
7557688149,U,CTY,1,4,690,131229,188,38:00.0,5,15:00,621
7557688598,U,CTY,1,1,808,R326181472,174,06:00.0,1,18:00,621
7557691072,U,CTY,1,1,703,R326181472,174,15:00.0,1,18:00,621
7557694464,U,CTY,1,1,745,134759,176,49:00.0,6,21:00,621
7557705464,U,CTY,1,1,269,132339,192,31:00.0,3,6:00,621
7557714668,U,IB,1,1,800,430065,145,12:00.0,4,16:00,621
7557714695,U,IB,1,1,390,135031,158,13:00.0,1,16:00,621
755771882X,U,CTY,1,2,1228,131229,188,24:00.0,5,14:00,621
7557727024,U,IB,1,1,950,138727,151,22:00.0,3,9:00,621
7557755029,U,IB,1,1,127,127460,123,28:00.0,4,13:00,621
7557755927,U,CTY,1,2,4292,211132,173,37:00.0,6,15:00,621
7557766734,U,CTY,1,4,505,131229,188,57:00.0,5,12:00,621
7557766990,U,CTY,1,6,748,261071,176,56:00.0,7,4:00,621
7557767028,U,CTY,1,2,336,261071,176,10:00.0,7,5:00,621
7557785508,U,IB,1,1,353,127193,141,46:00.0,5,15:00,621
7557785517,U,IB,1,3,1332,311022,163,52:00.0,6,18:00,621
7557796416,U,IB,1,7,6045,125977,129,03:00.0,5,16:00,621
7557796443,U,CTY,1,4,2685,131229,188,49:00.0,5,13:00,621
7557798533,U,IB,1,5,4955,127369,149,43:00.0,7,3:00,621
7557798542,U,IB,1,5,5180,311022,163,36:00.0,6,18:00,621
7557798607,U,IB,1,7,7000,430065,145,05:00.0,4,17:00,621
7557798616,U,IB,1,6,5335,430065,145,29:00.0,4,17:00,621
7557798634,U,CTY,1,3,3150,131040,194,09:00.0,6,10:00,621
7557798634,U,CTY,1,3,3150,131040,183,10:00.0,6,10:00,621
7557804803,U,IB,1,2,551,290302,163,03:00.0,1,2:00,621
755780913X,U,CTY,1,1,413,261139,174,36:00.0,3,22:00,621
7557809167,U,IB,1,2,573,136729,149,01:00.0,3,22:00,621
7557810532,U,CTY,1,1,980,290033,173,11:00.0,4,6:00,621
7557810532,U,CTY,1,1,980,290033,195,18:00.0,3,16:00,621
7557813951,U,CTY,1,3,2140,134604,168,06:00.0,4,16:00,621
7557816362,U,IB,1,1,450,124178,141,18:00.0,5,16:00,621
755781639X,U,IB,1,4,820,124178,141,12:00.0,5,16:00,621
7557820928,U,IB,1,1,1290,127460,123,48:00.0,4,13:00,621
7557836218,U,IB,1,6,3170,261071,149,53:00.0,7,9:00,621
7557838867,U,CTY,1,2,903,129651,169,23:00.0,4,10:00,621
7557838995,U,IB,1,1,182,127369,149,19:00.0,7,1:00,621
7557840333,U,CTY,1,2,1824,137622,173,25:00.0,3,20:00,621
7557844816,U,IB,1,1,340,126288,149,23:00.0,1,0:00,621
7557844944,U,CTY,1,1,2320,136895,194,26:00.0,4,13:00,621
7557844953,U,CTY,1,1,150,125831,169,46:00.0,4,13:00,621
7557845494,U,CTY,1,5,7070,290411,195,22:00.0,6,4:00,621
7557845512,U,IB,1,10,14139,134741,158,23:00.0,6,2:00,621
7557845559,U,CTY,1,4,5617,123106,174,59:00.0,6,13:00,621
7557845842,U,CTY,1,5,7210,124072,187,46:00.0,3,19:00,621
7557845907,U,IB,1,16,22410,311022,163,27:00.0,6,20:00,621
7557845961,U,CTY,1,2,2842,136957,196,42:00.0,5,12:00,621
7557853331,U,CTY,1,1,1135,127679,175,13:00.0,5,17:00,621
7557853423,U,IB,1,2,4258,136729,149,01:00.0,3,21:00,621
7557860921,U,CTY,1,1,175,132055,195,08:00.0,3,21:00,621
7557860959,U,CTY,1,1,285,131229,188,24:00.0,5,15:00,621
7557866412,U,IB,1,4,1270,138629,129,10:00.0,4,14:00,621
755786644X,U,IB,1,4,1380,127369,149,16:00.0,7,5:00,621
7557866477,U,CTY,1,3,955,133220,194,40:00.0,6,19:00,621
7557871079,U,CTY,1,1,140,134759,176,10:00.0,6,22:00,621
7557871088,U,CTY,1,1,196,134759,176,43:00.0,6,21:00,621
7557873535,U,CTY,1,1,200,125614,169,49:00.0,7,16:00,621
7557874718,U,CTY,1,1,430,125614,169,56:00.0,7,16:00,621
7557878375,U,CTY,1,3,3651,129651,169,05:00.0,4,11:00,621
7557878375,U,CTY,1,3,3651,129651,183,06:00.0,4,11:00,621
7557878420,U,CTY,1,4,4867,129651,169,38:00.0,4,10:00,621
7557879062,U,IB,1,1,1217,124178,141,38:00.0,5,17:00,621
7557879080,U,IB,1,2,2434,124178,141,50:00.0,5,17:00,621
755787909X,U,IB,1,6,7300,430065,145,53:00.0,4,16:00,621
7557879145,U,IB,1,2,2434,430065,145,25:00.0,4,17:00,621
7557879163,U,CTY,1,2,2434,127460,183,55:00.0,4,22:00,621
7557879163,U,IB,1,2,2434,127460,123,12:00.0,4,18:00,621
7557879163,U,CTY,1,2,2434,127460,183,55:00.0,4,22:00,621
7557879172,U,IB,1,1,1217,127460,123,34:00.0,4,13:00,621
7557891483,U,CTY,1,8,14325,131607,220,41:00.0,1,17:00,621
7557891566,U,IB,1,1,290,138629,129,19:00.0,4,14:00,621
7557891566,U,CTY,1,1,290,138629,R403,25:00.0,4,19:00,621
7557895068,U,CTY,1,6,9820,137622,173,35:00.0,3,19:00,621
7557895838,U,CTY,1,4,1365,131551,196,10:00.0,5,5:00,621
7557896507,U,OB,1,1,294,128423,22,13:00.0,5,4:00,423
7557896635,U,OB,1,1,263,125737,55,43:00.0,5,21:00,423
7557896947,U,OB,1,1,593,133721,51,37:00.0,7,5:00,423
7557897111,U,OB,1,1,214,135485,69,15:00.0,6,10:00,423
7557953047,U,IB,1,1,61,CVEN46003,105,43:00.0,5,22:00,177
7557953101,U,IB,1,1,278,CVEN46003,105,17:00.0,5,21:00,177
7557953267,U,IB,1,3,828,135329,163,12:00.0,2,2:00,177
7557954477,U,IB,1,1,117,CVEN44615,113,24:00.0,6,10:00,177
7557968905,U,CTY,1,4,5508,CVEN44152,169,13:00.0,2,2:00,177
7558097064,U,CTY,1,1,325,127847,192,50:00.0,3,3:00,126
7558112904,U,IB,1,1,440,CVEN43549,133,25:00.0,4,20:00,126
7558122245,U,CTY,1,1,60,CVEN46008,173,00:00.0,7,10:00,126
7558122281,U,CTY,1,2,204,CVEN46008,173,44:00.0,7,12:00,126
7558122483,U,CTY,1,1,245,140111,231,38:00.0,3,14:00,126
7558131559,U,CTY,1,1,1820,CVEN46008,173,11:00.0,7,13:00,126
755814837X,U,CTY,1,1,249,CVEN44152,169,59:00.0,2,2:00,126
755814870X,U,IB,1,3,127,CVEN46003,105,12:00.0,6,2:00,126
7558233913,U,IB,1,1,351,134017,116,06:00.0,1,21:00,381
7558272431,U,CTY,1,4,2121,127512,172,24:00.0,5,3:00,211
7558274229,U,IB,1,1,1045,138713,164,17:00.0,5,21:00,211
7558274292,U,CTY,1,2,1175,124114,195,19:00.0,7,11:00,211
7558274310,U,IB,1,3,3147,136719,116,42:00.0,5,6:00,211
7558274348,U,CTY,1,10,7378,122579,192,32:00.0,7,0:00,211
7558274503,U,IB,1,2,844,133324,135,07:00.0,6,3:00,211
7558274824,U,CTY,1,7,4890,133257,197,51:00.0,6,2:00,211
755827982X,U,IB,1,2,2004,138713,164,56:00.0,5,21:00,211
7558281882,U,CTY,1,1,930,291296,173,56:00.0,6,0:00,211
7558281891,U,CTY,1,1,365,133225,194,37:00.0,1,14:00,211
7558281891,U,IB,1,1,365,133225,129,41:00.0,7,5:00,211
7558290801,U,OB,1,2,1350,133134,84,29:00.0,4,22:00,211
7558301949,U,CTY,1,2,580,133257,197,01:00.0,6,4:00,211
7558309510,U,IB,1,2,3836,430881,112,45:00.0,4,8:00,218
7558313627,U,OB,1,1,240,129593,90,22:00.0,1,6:00,218
7558315863,U,CTY,1,1,302,130844,181,48:00.0,3,18:00,218
7558315863,U,CTY,1,1,302,130844,189,39:00.0,3,18:00,218
7558315872,U,IB,1,1,1390,125675,107,09:00.0,4,11:00,218
7558316249,U,IB,1,1,128,530455,117,46:00.0,6,9:00,218
7558324351,U,IB,1,2,491,135150,101,16:00.0,3,21:00,218
7558332868,U,OB,1,1,383,T525255364,95,08:00.0,5,3:00,218
7558332913,U,IB,1,1,321,123581,111,09:00.0,5,13:00,218
755833295X,U,IB,1,1,160,568035,114,14:00.0,7,4:00,218
7558339650,U,IB,1,1,900,128880,113,47:00.0,3,21:00,218
755833988X,U,OB,1,1,423,252293,84,12:00.0,6,19:00,218
7558339935,U,IB,1,1,1062,559510,112,24:00.0,4,21:00,218
7558342950,U,IB,1,1,540,123581,111,08:00.0,5,14:00,218
7558343987,U,IB,1,1,110,140226,125,27:00.0,7,16:00,218
7558350073,U,IB,1,5,12045,559835,145,16:00.0,2,14:00,218
7558351238,U,OB,1,1,980,903811,88,50:00.0,6,20:00,218
7558359919,U,IB,1,4,1760,138713,164,41:00.0,5,19:00,211
7558359955,U,IB,1,2,700,138713,164,44:00.0,5,21:00,211
7558360148,U,CTY,1,4,1760,133451,206,55:00.0,6,1:00,211
7558360148,U,CTY,1,4,1760,133451,195,03:00.0,4,21:00,211
7558360148,U,CTY,1,4,1760,133451,235,25:00.0,5,21:00,211
7558382880,U,IB,1,4,8688,126080,149,21:00.0,1,4:00,211
7558383037,U,CTY,1,4,9240,128714,187,30:00.0,4,0:00,211
7558383091,U,CTY,1,2,3240,133451,195,24:00.0,4,21:00,211
7558383129,U,CTY,1,1,360,133451,195,44:00.0,4,20:00,211
7558383138,U,CTY,1,1,360,133451,195,55:00.0,4,20:00,211
7558383248,U,CTY,1,2,3141,125225,197,25:00.0,7,4:00,211
7558383403,U,CTY,1,3,6162,291296,173,16:00.0,6,2:00,211
7558383459,U,IB,1,2,4554,133225,129,11:00.0,7,4:00,211
7558383531,U,CTY,1,1,1350,137437,189,41:00.0,2,4:00,211
755838355X,U,CTY,1,1,2345,127512,172,52:00.0,5,1:00,211
7558383596,U,CTY,1,1,1072,126202,187,28:00.0,5,1:00,211
7558383632,U,CTY,1,2,2695,138713,196,23:00.0,5,22:00,211
7558383632,U,IB,1,2,2695,138713,164,38:00.0,5,21:00,211
755838366X,U,IB,1,1,1630,138713,164,33:00.0,5,21:00,211
7558383715,U,CTY,1,1,195,202076,189,14:00.0,1,10:00,211
7558410876,U,IB,1,1,3129,132854,143,48:00.0,6,21:00,211
7558411655,U,IB,1,2,1313,133882,163,43:00.0,3,23:00,211
7558411920,U,CTY,1,2,3692,125225,197,53:00.0,7,3:00,211
7558412746,U,CTY,1,1,67,133084,172,36:00.0,3,19:00,211
7558412892,U,CTY,1,2,440,133257,197,54:00.0,6,3:00,211
755841292X,U,CTY,1,1,208,133257,197,09:00.0,6,3:00,211
7558413424,U,IB,1,1,168,126785,131,21:00.0,4,12:00,211
7558419429,U,CTY,1,1,90,125856,174,46:00.0,4,18:00,211
7558420363,U,IB,1,1,565,126057,149,14:00.0,5,13:00,318
7558425057,U,CTY,1,2,806,137507,175,20:00.0,6,7:00,211
7558426909,U,OB,1,1,2654,138501,86,02:00.0,2,0:00,211
755842755X,U,IB,1,2,718,126080,149,44:00.0,1,4:00,211
7558427596,U,IB,1,1,924,126080,149,10:00.0,1,5:00,211
7558427816,U,CTY,1,7,2631,124114,195,04:00.0,7,11:00,211
7558428265,U,IB,1,10,1298,128530,129,34:00.0,4,7:00,211
7558433325,U,CTY,1,5,2454,133451,195,01:00.0,4,22:00,211
7558433471,U,CTY,1,1,485,133084,172,00:00.0,3,20:00,211
7558435067,U,CTY,1,1,493,122579,192,45:00.0,6,22:00,211
7558435159,U,CTY,1,1,201,135246,189,26:00.0,4,21:00,211
7558435213,U,CTY,1,1,259,291296,173,50:00.0,6,1:00,211
7558436863,U,OB,1,1,2960,126711,86,57:00.0,3,1:00,211
755843712X,U,CTY,1,1,365,124114,195,07:00.0,7,11:00,211
7558437139,U,CTY,1,1,785,116773,187,18:00.0,5,20:00,211
7558438019,U,CTY,1,1,200,202076,189,26:00.0,1,10:00,211
7558438513,U,CTY,1,2,1984,126202,187,23:00.0,5,1:00,211
7558440026,U,OB,1,1,264,138501,86,47:00.0,1,22:00,211
7558440823,U,CTY,1,1,346,133257,197,19:00.0,6,4:00,211
7558440960,U,IB,1,1,79,133225,129,56:00.0,7,6:00,211
7558445508,U,OB,1,2,1595,126711,86,50:00.0,3,4:00,211
755844702X,U,CTY,1,1,186,133257,197,06:00.0,6,4:00,211
7558447120,U,CTY,1,1,3085,131787,188,18:00.0,1,4:00,211
7558447158,U,IB,1,5,8390,125851,117,02:00.0,4,3:00,211
7558447167,U,CTY,1,1,569,132372,195,48:00.0,3,22:00,211
7558447890,U,CTY,1,1,135,131787,188,23:00.0,1,3:00,211
7558448597,U,CTY,1,2,3035,125225,197,57:00.0,7,3:00,211
7558448909,U,CTY,1,1,1824,127512,172,44:00.0,5,4:00,211
7558449210,U,CTY,1,2,490,135246,189,17:00.0,4,21:00,211
7558451778,U,CTY,1,1,113,202076,189,52:00.0,1,9:00,211
7558452281,U,CTY,1,1,1255,133084,172,42:00.0,3,19:00,211
755845252X,U,CTY,1,3,2305,132372,195,17:00.0,4,0:00,211
755845373X,U,CTY,1,3,3726,138501,198,31:00.0,2,1:00,211
7558455444,U,IB,1,1,120,126080,149,27:00.0,1,4:00,211
7558455453,U,IB,1,3,1975,261040,104,37:00.0,1,4:00,211
7558455453,U,CTY,1,3,1975,261040,191,21:00.0,1,10:00,211
7558455637,U,CTY,1,1,968,200701,192,51:00.0,4,16:00,211
7558455875,U,CTY,1,1,383,133257,197,27:00.0,6,2:00,211
755845637X,U,OB,1,2,1946,138713,94,38:00.0,6,3:00,211
755845637X,U,IB,1,2,1946,138713,164,12:00.0,5,21:00,211
7558724596,U,OB,1,1,183,291167,46,02:00.0,5,16:00,730
7558724679,U,OB,1,1,121,138725,48,47:00.0,7,21:00,730
7558725027,U,OB,1,1,150,140001,69,21:00.0,4,0:00,730
7558736348,U,OB,1,1,223,140166,38,54:00.0,3,18:00,730
7558736366,U,OB,1,1,222,130803,52,35:00.0,3,23:00,730
7558736375,U,OB,1,1,300,135152,38,30:00.0,5,4:00,730
7558736393,U,OB,1,1,487,290398,51,38:00.0,7,17:00,730
7558736402,U,OB,1,1,143,128238,26,44:00.0,6,6:00,730
7558742553,U,OB,1,1,210,126080,49,51:00.0,5,20:00,730
7558743599,U,OB,1,1,310,140166,38,22:00.0,3,19:00,730
7558743653,U,OB,1,1,150,139464,31,52:00.0,6,13:00,730
7558743662,U,OB,1,1,270,131079,46,18:00.0,5,3:00,730
7558746688,U,OB,1,1,768,126565,73,24:00.0,6,16:00,730
7558769613,U,OB,1,2,625,134799,43,45:00.0,5,12:00,730
7558769622,U,OB,1,6,2255,134799,43,50:00.0,5,12:00,730
7558769669,U,OB,1,1,695,127828,40,22:00.0,4,12:00,730
7558782400,U,OB,1,2,4220,139818,51,26:00.0,4,17:00,730
7558782465,U,OB,1,2,3260,135152,38,34:00.0,5,4:00,730
7558782465,U,OB,1,2,3260,135152,23,21:00.0,5,21:00,730
7558784710,U,OB,1,1,354,132179,22,41:00.0,1,10:00,730
7558787067,U,OB,1,1,210,139647,63,09:00.0,3,18:00,730
7558794327,U,OB,1,1,854,132864,38,40:00.0,4,4:00,730
7558794336,U,OB,1,1,790,132864,38,55:00.0,4,2:00,730
7558794372,U,OB,1,2,1542,291139,14,02:00.0,4,14:00,730
7558794390,U,OB,1,1,783,126565,73,25:00.0,6,18:00,730
755879440X,U,OB,1,1,783,290200,39,57:00.0,6,13:00,730
7558796673,U,OB,1,1,168,133791,55,17:00.0,6,4:00,730
7558798745,U,OB,1,1,1200,290398,51,43:00.0,7,18:00,730
7558799075,U,OB,1,1,2040,126080,49,50:00.0,5,23:00,730
7558799084,U,OB,1,2,3680,140379,39,38:00.0,5,21:00,730
7558799093,U,OB,1,1,640,140379,39,21:00.0,5,21:00,730
7558799111,U,OB,1,1,640,290398,51,04:00.0,7,17:00,730
7558800175,U,OB,1,1,560,132179,22,13:00.0,1,10:00,730
7558800249,U,OB,1,1,200,127521,50,13:00.0,4,19:00,730
7558800276,U,OB,1,1,259,127521,50,29:00.0,4,19:00,730
7558800285,U,OB,1,1,295,127521,50,05:00.0,4,19:00,730
755880045X,U,OB,1,1,332,140166,38,36:00.0,3,19:00,730
7558802999,U,OB,1,3,2415,139951,50,51:00.0,6,0:00,730
7558803026,U,OB,1,2,1605,139951,50,44:00.0,5,23:00,730
7558803071,U,OB,1,2,1605,139951,50,10:00.0,6,1:00,730
7558803118,U,OB,1,1,386,139951,50,56:00.0,5,23:00,730
7558803154,U,OB,1,3,2333,136896,89,49:00.0,7,19:00,730
7558803668,U,OB,1,1,325,140166,38,52:00.0,3,20:00,730
7558803695,U,OB,1,1,585,135412,89,58:00.0,1,17:00,730
7558811267,U,OB,1,1,912,125319,31,14:00.0,1,9:00,730
755882300X,U,OB,1,1,150,127521,50,29:00.0,4,18:00,730
7558823019,U,CTY,1,8,8880,127742,208,30:00.0,7,16:00,730
7558823019,U,OB,1,8,8880,127742,75,43:00.0,7,14:00,730
7558823082,U,OB,1,3,3951,135146,67,14:00.0,7,19:00,730
7558823091,U,OB,1,1,335,135146,67,28:00.0,7,18:00,730
7558823174,U,IB,1,1,30,139600,112,34:00.0,5,12:00,730
7558823201,U,OB,1,1,454,139464,31,48:00.0,6,13:00,730
7558825392,U,OB,1,1,123,135685,39,34:00.0,1,16:00,730
7558827859,U,OB,1,1,237,139464,31,13:00.0,6,13:00,730
7558827931,U,OB,1,1,207,137607,32,03:00.0,7,21:00,730
7558827996,U,OB,1,1,400,290398,51,47:00.0,7,16:00,730
7558828867,U,OB,1,3,3985,137607,32,39:00.0,7,21:00,730
7558828885,U,OB,1,1,500,291167,46,50:00.0,5,14:00,730
7558834917,U,IB,1,7,2329,140166,150,41:00.0,5,10:00,730
7558834980,U,OB,1,3,4150,290200,39,03:00.0,6,14:00,730
7558839380,U,OB,1,1,25,127521,50,31:00.0,4,17:00,730
7558839427,U,OB,1,1,39,130830,40,09:00.0,6,20:00,730
7558839472,U,OB,1,1,382,140379,39,48:00.0,5,20:00,730
7558839519,U,IB,1,1,164,139600,112,47:00.0,5,12:00,730
7558839528,U,OB,1,1,224,139464,31,02:00.0,6,14:00,730
7558839959,U,OB,1,1,81,127521,50,29:00.0,4,17:00,730
7558840004,U,OB,1,1,14,139647,63,37:00.0,3,18:00,730
7558840480,U,OB,1,6,3255,291167,46,05:00.0,5,14:00,730
7558842718,U,OB,1,3,882,130803,52,58:00.0,4,0:00,730
7558842727,U,OB,1,3,965,136207,18,41:00.0,5,5:00,730
7558842736,U,OB,1,3,882,130803,52,46:00.0,4,0:00,730
7558846045,U,OB,1,1,40,131079,46,11:00.0,5,3:00,730
7558847017,U,OB,1,1,79,130450,76,29:00.0,1,12:00,730
7558847044,U,OB,1,1,242,139951,50,04:00.0,5,23:00,730
7558847841,U,OB,1,1,388,290405,18,36:00.0,6,15:00,730
755884786X,U,OB,1,1,633,290405,18,48:00.0,6,14:00,730
7558847879,U,OB,1,1,229,290405,18,34:00.0,6,15:00,730
7558847906,U,IB,1,1,230,140342,111,06:00.0,7,8:00,730
7558847915,U,OB,1,1,350,290200,39,39:00.0,6,12:00,730
7558848263,U,IB,1,1,1140,139600,112,41:00.0,5,15:00,730
7558848281,U,IB,1,1,1021,139600,112,46:00.0,5,15:00,730
7558848290,U,IB,1,1,516,139600,112,28:00.0,5,13:00,730
7558848328,U,IB,1,1,1289,139600,112,37:00.0,5,15:00,730
7558848337,U,IB,1,1,310,139600,112,52:00.0,5,15:00,730
7558848346,U,IB,1,2,313,139600,112,49:00.0,5,15:00,730
7558848364,U,IB,1,1,513,139600,112,12:00.0,5,15:00,730
7558848400,U,CTY,1,1,1079,139600,R4  ,52:00.0,5,20:00,730
7558848400,U,IB,1,1,1079,139600,112,01:00.0,5,15:00,730
7558848676,U,OB,1,1,212,126164,49,59:00.0,4,18:00,730
7558848685,U,OB,1,1,627,126164,49,08:00.0,4,19:00,730
7558851361,U,OB,1,1,65,133715,17,21:00.0,3,17:00,730
7558851370,U,OB,1,1,35,133715,17,10:00.0,3,17:00,730
755885138X,U,OB,1,1,56,133715,17,14:00.0,3,17:00,730
7558851426,U,OB,1,1,65,133715,17,24:00.0,3,17:00,730
7558851435,U,OB,1,1,45,133715,17,18:00.0,3,17:00,730
7558851453,U,OB,1,1,40,133715,17,07:00.0,3,18:00,730
7558851471,U,OB,1,1,34,127521,50,32:00.0,4,17:00,730
7558851509,U,OB,1,1,45,127521,50,21:00.0,4,17:00,730
7558851545,U,OB,1,1,30,127521,50,33:00.0,4,17:00,730
7558851563,U,OB,1,1,43,127521,50,19:00.0,4,17:00,730
7558851590,U,OB,1,1,30,126080,49,07:00.0,5,21:00,730
7558851637,U,OB,1,1,35,126080,49,11:00.0,5,21:00,730
7558851646,U,OB,1,1,45,126080,49,06:00.0,5,21:00,730
7558851756,U,OB,1,1,45,130580,63,46:00.0,6,16:00,730
755885193X,U,OB,1,1,70,126164,49,17:00.0,4,18:00,730
7558851949,U,OB,1,1,58,126164,49,12:00.0,4,18:00,730
7558851976,U,OB,1,1,29,126164,49,16:00.0,4,18:00,730
7558852012,U,OB,1,1,38,139951,50,55:00.0,6,0:00,730
7558852068,U,OB,1,1,38,135146,67,46:00.0,7,17:00,730
7558852086,U,OB,1,1,30,135146,67,44:00.0,7,17:00,730
7558852095,U,OB,1,1,34,290398,51,04:00.0,7,17:00,730
7558852140,U,OB,1,1,34,290398,51,04:00.0,7,17:00,730
7558852178,U,OB,1,1,65,140001,69,42:00.0,3,22:00,730
7558857137,U,OB,1,3,1980,136659,43,07:00.0,4,0:00,730
7558867430,U,OB,1,3,715,127521,50,50:00.0,4,18:00,730
7558867459,U,OB,1,2,920,126164,49,48:00.0,4,19:00,730
7558867468,U,OB,1,2,1872,127828,40,43:00.0,4,12:00,730
7558939197,U,IB,1,1,140,279944,112,31:00.0,3,20:00,326
7558939334,U,IB,1,1,673,128320,151,41:00.0,2,21:00,326
7558939572,U,CTY,1,2,281,134998,169,42:00.0,7,6:00,326
7558939810,U,IB,1,2,325,127821,158,32:00.0,6,1:00,326
755894565X,U,OB,1,1,148,126385,31,06:00.0,1,1:00,615
7558945741,U,OB,1,1,254,131327,96,12:00.0,1,8:00,615
755894576X,U,OB,1,3,833,130927,31,40:00.0,5,11:00,615
7559008432,U,CTY,1,1,678,138282,210,12:00.0,3,8:00,143
7559008432,U,CTY,1,1,678,138282,169,33:00.0,2,21:00,143
7559008432,U,CTY,1,1,678,138282,235,08:00.0,3,7:00,143
7559015555,U,CTY,1,1,231,121767,174,50:00.0,5,8:00,143
7559030111,U,CTY,1,1,351,211335,197,38:00.0,6,16:00,143
7559030158,U,CTY,1,1,233,123950,173,35:00.0,6,3:00,143
7559067942,U,IB,1,2,404,124029,113,59:00.0,4,3:00,256
7559068777,U,IB,1,1,119,139876,149,13:00.0,6,19:00,256
7559071875,U,IB,1,1,295,138486,104,29:00.0,2,3:00,256
7559075211,U,IB,1,1,153,138592,133,50:00.0,5,15:00,256
7559075312,U,CTY,1,2,545,125169,175,22:00.0,2,19:00,256
7559075359,U,CTY,1,1,114,140247,208,14:00.0,6,13:00,256
755907787X,U,IB,1,1,177,137445,103,17:00.0,6,10:00,256
7559081490,U,CTY,1,2,1105,123824,189,19:00.0,5,20:00,256
7559082994,U,IB,1,1,270,139876,149,58:00.0,6,18:00,256
755908304X,U,IB,1,1,1825,127866,135,18:00.0,5,1:00,256
755908414X,U,CTY,1,1,525,135097,192,28:00.0,4,19:00,256
7559092775,U,IB,1,1,125,291085,125,33:00.0,7,13:00,256
7559094030,U,IB,1,1,245,279969,141,27:00.0,1,5:00,256
7559100841,U,IB,1,6,6150,137816,112,47:00.0,6,21:00,256
7559100951,U,IB,1,4,1110,137816,112,24:00.0,6,22:00,256
7559103757,U,IB,1,1,230,136650,112,51:00.0,6,7:00,256
7559103968,U,OB,1,1,500,140247,9,55:00.0,7,11:00,256
7559103968,U,CTY,1,1,500,140247,208,46:00.0,6,14:00,256
7559104462,U,OB,1,5,195,140045,32,38:00.0,5,14:00,433
7559124199,U,OB,1,1,380,137920,53,05:00.0,5,20:00,433
7559124208,U,OB,1,1,285,137920,53,15:00.0,5,19:00,433
7559124217,U,OB,1,1,350,137920,53,24:00.0,5,18:00,433
7559128882,U,OB,1,1,276,129725,53,10:00.0,5,14:00,433
7559128891,U,OB,1,1,322,129725,53,58:00.0,5,14:00,433
7559128900,U,OB,1,1,303,131324,14,46:00.0,5,10:00,433
7559128938,U,OB,1,1,800,134678,43,33:00.0,2,6:00,433
7559128992,U,OB,1,1,357,291219,48,10:00.0,7,5:00,433
7559129001,U,OB,1,1,334,130908,60,39:00.0,3,10:00,433
7559139709,U,OB,1,1,584,132320,49,45:00.0,3,4:00,433
7559143375,U,OB,1,3,1770,126550,32,45:00.0,5,12:00,433
7559143384,U,OB,1,5,2488,137465,69,59:00.0,6,18:00,433
7559158225,U,OB,1,2,843,123402,43,04:00.0,6,6:00,433
755915960X,U,OB,1,11,215,530683,66,29:00.0,1,15:00,433
7559159619,U,OB,1,8,215,530683,66,40:00.0,1,15:00,433
7559159628,U,OB,1,8,315,530683,66,35:00.0,1,15:00,433
7559159646,U,OB,1,1,60,134490,35,35:00.0,5,8:00,433
7559159646,U,IB,1,1,60,134490,117,48:00.0,5,4:00,433
7559159664,U,OB,1,71,1421,530856,73,42:00.0,1,15:00,433
7559159682,U,OB,1,50,1050,530856,73,19:00.0,1,16:00,433
7559159691,U,OB,1,30,750,530856,73,22:00.0,1,14:00,433
7559163826,U,OB,1,1,142,261384,50,20:00.0,3,7:00,433
7559163835,U,OB,1,1,460,261384,50,52:00.0,3,6:00,433
7559163853,U,OB,1,1,329,133913,40,28:00.0,4,1:00,433
7559163862,U,OB,1,1,170,261384,50,52:00.0,3,5:00,433
7559163880,U,OB,1,1,594,135253,32,13:00.0,3,14:00,433
7559163880,U,CTY,1,1,594,135253,N   ,04:00.0,4,3:00,433
755916389X,U,OB,1,1,443,261384,50,33:00.0,3,6:00,433
7559163927,U,OB,1,1,165,135253,32,54:00.0,3,12:00,433
7559163945,U,OB,1,1,106,261384,50,25:00.0,3,6:00,433
7559163954,U,OB,1,1,365,134468,76,03:00.0,4,8:00,433
7559163963,U,OB,1,2,750,134468,76,10:00.0,4,8:00,433
7559169701,U,OB,1,1,280,136776,50,39:00.0,7,7:00,433
7559169710,U,OB,1,1,117,139734,12,28:00.0,5,6:00,433
7559169710,U,OB,1,1,117,139734,12,28:00.0,5,6:00,433
7559171297,U,OB,1,4,3513,140045,32,19:00.0,5,14:00,433
7559171315,U,OB,1,1,375,127193,84,09:00.0,7,7:00,433
7559171351,U,OB,1,2,810,123402,43,56:00.0,6,6:00,433
755917137X,U,OB,1,1,536,128784,31,05:00.0,7,11:00,433
7559173039,U,OB,1,2,753,202565,45,45:00.0,1,15:00,433
7559173039,U,OB,1,2,753,202565,52,40:00.0,1,15:00,433
7559173762,U,OB,1,1,300,134015,72,41:00.0,4,12:00,433
7559174139,U,OB,1,1,770,279237,43,33:00.0,1,17:00,433
7559174707,U,OB,1,1,110,134678,43,02:00.0,2,9:00,433
7559175201,U,OB,1,1,60,135253,32,57:00.0,3,13:00,433
755917522X,U,OB,1,1,50,127404,53,12:00.0,4,10:00,433
7559179226,U,OB,1,1,110,137031,46,14:00.0,6,5:00,433
7559179253,U,OB,1,1,300,131137,53,04:00.0,1,9:00,433
7559179271,U,OB,1,1,330,134487,75,27:00.0,7,20:00,433
7559179318,U,OB,1,1,280,131137,53,00:00.0,1,9:00,433
7559179327,U,OB,1,1,180,125271,32,17:00.0,6,12:00,433
7559179372,U,OB,1,1,280,127860,60,46:00.0,4,6:00,433
7559179372,U,CTY,1,1,280,127860,237,16:00.0,4,22:00,433
7559179381,U,OB,1,1,384,127860,60,11:00.0,4,7:00,433
7559179419,U,OB,1,1,384,127860,60,56:00.0,4,6:00,433
7559179437,U,OB,1,8,3100,123163,74,24:00.0,6,10:00,433
7559181810,U,OB,1,1,700,131137,53,40:00.0,1,9:00,433
7559182618,U,OB,1,2,845,125240,31,40:00.0,4,13:00,433
7559184057,U,OB,1,1,605,132320,49,27:00.0,3,4:00,433
7559187530,U,OB,1,1,1948,291219,48,24:00.0,7,4:00,433
755918754X,U,OB,1,2,619,123950,18,14:00.0,4,11:00,433
7559187568,U,OB,1,42,8945,560817,86,05:00.0,7,12:00,433
7559188044,U,IB,1,4,348,128578,133,39:00.0,4,11:00,433
7559188053,U,OB,1,1,181,132278,69,09:00.0,7,10:00,433
7559188053,U,OB,1,1,181,132278,99,05:00.0,7,13:00,433
7559191600,U,OB,1,3,2793,133913,40,04:00.0,4,5:00,433
7559191629,U,OB,1,3,2793,136776,50,50:00.0,7,8:00,433
7559191638,U,OB,1,3,2793,122948,88,20:00.0,6,15:00,433
7559191656,U,OB,1,4,3724,136268,49,58:00.0,3,4:00,433
7559192334,U,IB,1,8,15928,128578,133,58:00.0,4,11:00,433
7559193737,U,OB,1,1,411,128013,29,56:00.0,7,12:00,433
7559193737,U,OB,1,1,411,128013,29,56:00.0,7,12:00,433
7559193746,U,OB,1,1,331,128013,29,56:00.0,7,12:00,433
7559193746,U,OB,1,1,331,128013,29,56:00.0,7,12:00,433
7559193939,U,OB,1,2,2340,560817,86,02:00.0,7,7:00,433
7559193948,U,OB,1,3,2800,134678,43,10:00.0,2,7:00,433
7559193993,U,OB,1,1,480,136358,60,15:00.0,4,2:00,433
7559195340,U,OB,1,1,398,530683,66,52:00.0,1,14:00,433
755919535X,U,OB,1,1,408,530683,66,45:00.0,1,13:00,433
7559195369,U,OB,1,7,7449,530683,66,18:00.0,1,17:00,433
7559195387,U,OB,1,1,920,202565,15,28:00.0,1,15:00,433
7559195387,U,OB,1,1,920,202565,15,28:00.0,1,15:00,433
7559199026,U,OB,1,2,1560,134487,75,43:00.0,7,20:00,433
7559199035,U,OB,1,2,1560,431209,26,41:00.0,7,17:00,433
7559199071,U,OB,1,1,190,559674,49,51:00.0,5,12:00,433
7559199080,U,OB,1,2,1508,559674,49,00:00.0,5,13:00,433
7559211400,U,CTY,1,1,280,125307,195,44:00.0,2,1:00,532
7559225581,U,CTY,1,1,25,137867,197,38:00.0,4,19:00,532
7559249240,U,IB,1,1,510,135982,145,29:00.0,4,15:00,532
7559266117,U,IB,1,1,400,138066,114,38:00.0,1,1:00,532
7559295139,U,CTY,1,1,420,HAEI28100,172,21:00.0,5,15:00,532
7559303250,U,IB,1,1,806,138766,163,37:00.0,1,22:00,532
7559317523,U,OB,1,2,1320,132325,48,06:00.0,5,11:00,740
755931767X,U,OB,1,3,1365,211424,31,37:00.0,2,7:00,740
7559317689,U,OB,1,1,419,211424,31,22:00.0,2,6:00,740
7559318843,U,OB,1,1,145,133813,50,28:00.0,4,3:00,740
7559318852,U,OB,1,1,149,133813,50,10:00.0,4,4:00,740
7559318861,U,OB,1,1,168,133813,50,06:00.0,4,3:00,740
7559318870,U,OB,1,1,183,133813,50,22:00.0,4,3:00,740
755931888X,U,OB,1,1,223,133813,50,24:00.0,4,3:00,740
7559319090,U,OB,1,2,800,136207,18,07:00.0,5,4:00,740
755931910X,U,OB,1,1,600,136663,32,30:00.0,1,9:00,740
7559319292,U,OB,1,1,180,136112,48,31:00.0,4,6:00,740
7559340073,U,OB,1,4,1280,130761,63,12:00.0,5,10:00,740
7559340129,U,OB,1,1,1380,136814,48,22:00.0,5,9:00,740
7559346527,U,OB,1,1,355,132818,38,35:00.0,5,1:00,740
7559347499,U,OB,1,4,1311,138474,43,31:00.0,1,7:00,740
7559347508,U,OB,1,1,890,130761,63,10:00.0,5,10:00,740
7559355904,U,OB,1,1,1400,137977,76,43:00.0,6,0:00,740
7559355922,U,OB,1,1,1600,133989,31,18:00.0,7,6:00,740
755935595X,U,OB,1,1,1200,127475,49,11:00.0,1,13:00,740
7559356299,U,OB,1,1,3335,127933,60,33:00.0,7,14:00,740
7559356308,U,OB,1,1,3305,136483,46,12:00.0,2,1:00,740
7559361157,U,OB,1,2,3600,127933,60,37:00.0,7,15:00,740
7559361202,U,OB,1,2,830,125591,18,31:00.0,1,8:00,740
755936332X,U,OB,1,1,200,132412,26,44:00.0,4,14:00,740
7559363375,U,OB,1,1,175,131649,38,46:00.0,6,7:00,740
7559363568,U,OB,1,2,997,131416,84,13:00.0,1,8:00,740
7559363631,U,OB,1,2,1298,131416,84,48:00.0,1,7:00,740
7559372092,U,OB,1,2,1082,128394,63,48:00.0,4,4:00,740
7559372101,U,OB,1,3,1151,290938,17,45:00.0,5,15:00,740
7559372110,U,OB,1,1,70,139984,58,53:00.0,1,7:00,740
7559375448,U,OB,1,1,258,137093,63,40:00.0,5,23:00,740
7559379581,U,OB,1,5,1987,132149,58,20:00.0,7,14:00,740
7559379619,U,OB,1,1,370,136746,22,27:00.0,3,13:00,740
7559379673,U,OB,1,4,1727,128364,26,39:00.0,7,12:00,740
7559379682,U,OB,1,2,536,128364,26,04:00.0,7,13:00,740
7559380645,U,OB,1,2,1330,291094,26,23:00.0,7,10:00,740
755938741X,U,OB,1,1,476,125687,50,52:00.0,2,16:00,740
7559387429,U,OB,1,5,3100,125687,50,23:00.0,2,17:00,740
7559389252,U,OB,1,4,6840,127475,49,02:00.0,1,14:00,740
7559389270,U,OB,1,7,11970,132706,51,29:00.0,1,8:00,740
7559390224,U,OB,1,1,590,131078,74,40:00.0,5,8:00,740
7559390233,U,OB,1,8,5580,131078,74,25:00.0,5,11:00,740
7559395430,U,OB,1,1,131,138332,22,44:00.0,2,13:00,740
7559395495,U,OB,1,1,306,137806,60,46:00.0,7,9:00,740
7559396512,U,OB,1,1,1307,130761,63,05:00.0,5,10:00,740
7559397071,U,OB,1,5,3304,134689,58,09:00.0,7,8:00,740
7559401215,U,OB,1,2,1420,126109,73,29:00.0,1,18:00,740
7559402508,U,OB,1,1,122,134689,58,21:00.0,7,4:00,740
7559409759,U,OB,1,1,300,125687,50,30:00.0,2,18:00,740
7559409822,U,OB,1,1,132,137806,60,16:00.0,7,14:00,740
7559409831,U,OB,1,2,3015,127475,49,35:00.0,1,13:00,740
7559424315,U,OB,1,2,3700,136551,58,37:00.0,5,13:00,740
7559426277,U,OB,1,3,3995,136551,58,54:00.0,5,11:00,740
7559439760,U,OB,1,1,242,137806,60,45:00.0,7,14:00,740
7559439816,U,OB,1,1,453,135495,60,51:00.0,1,6:00,740
7559439899,U,OB,1,2,812,128292,18,40:00.0,7,21:00,740
7559449761,U,OB,1,4,175,125687,50,08:00.0,2,16:00,740
7559449835,U,OB,1,1,630,133989,31,50:00.0,7,6:00,740
7559449844,U,OB,1,4,100,137977,76,06:00.0,6,2:00,740
7559449853,U,OB,1,6,150,133989,31,59:00.0,7,7:00,740
7559449862,U,OB,1,5,125,133989,31,59:00.0,7,7:00,740
7559449871,U,OB,1,3,75,133989,31,59:00.0,7,7:00,740
7559449909,U,OB,1,1,430,134699,58,55:00.0,6,2:00,740
7559449927,U,OB,1,1,220,127933,60,29:00.0,7,15:00,740
7559449936,U,OB,1,1,360,127933,60,24:00.0,7,15:00,740
7559470506,U,OB,1,1,217,137806,60,45:00.0,7,14:00,740
7559476711,U,CTY,1,1,365,128849,203,35:00.0,1,20:00,740
7559485219,U,OB,1,1,436,138332,22,45:00.0,2,12:00,740
7559485356,U,OB,1,1,555,139984,58,27:00.0,1,8:00,740
7559485448,U,OB,1,1,444,131824,51,11:00.0,1,8:00,740
755948553X,U,OB,1,1,371,125591,18,33:00.0,1,8:00,740
7559494614,U,OB,1,4,2034,136042,32,45:00.0,7,10:00,740
7559497364,U,OB,1,4,3742,134689,58,27:00.0,7,6:00,740
7559498419,U,OB,1,1,1170,131130,46,33:00.0,4,17:00,740
7559500224,U,OB,1,2,461,134368,48,12:00.0,4,16:00,740
755950170X,U,OB,1,1,51,132021,17,48:00.0,6,17:00,740
7559501719,U,OB,1,1,60,134121,48,54:00.0,2,6:00,740
7559501755,U,OB,1,1,51,127475,49,49:00.0,1,12:00,740
755950181X,U,OB,1,1,205,131824,51,30:00.0,1,6:00,740
7559501847,U,OB,1,1,320,211424,31,20:00.0,2,6:00,740
7559502323,U,OB,1,1,172,138491,50,28:00.0,5,2:00,740
7559519346,U,IB,1,2,620,211275,113,30:00.0,7,7:00,108
7559519400,U,IB,1,1,1921,128435,116,51:00.0,4,0:00,108
7559547524,U,CTY,1,4,6985,128293,175,59:00.0,5,18:00,135
7559555417,U,IB,1,5,2194,CVEN45772,103,57:00.0,6,9:00,135
7559555444,U,IB,1,4,6700,CVEN45772,103,03:00.0,6,10:00,135
7559557415,U,CTY,1,1,425,138867,196,02:00.0,6,14:00,135
7559557424,U,CTY,1,1,425,138867,196,00:00.0,6,14:00,135
755957441X,U,IB,1,1,360,131375,117,09:00.0,6,15:00,135
7559579305,U,OB,1,6,9860,CVEN45352,89,05:00.0,5,14:00,135
7559584008,U,CTY,1,2,776,132773,204,25:00.0,7,13:00,135
7559584008,U,CTY,1,2,776,132773,176,08:00.0,6,18:00,135
7559584017,U,CTY,1,2,1087,132773,176,07:00.0,6,18:00,135
7559584017,U,CTY,1,2,1087,132773,204,24:00.0,7,13:00,135
7559585135,U,CTY,1,5,1595,CVEN44708,194,02:00.0,1,20:00,135
755958717X,U,OB,1,17,11741,CVEN44129,97,48:00.0,7,21:00,135
755962600X,U,OB,1,5,220,560490,72,36:00.0,7,6:00,414
755962754X,U,OB,1,1,680,132138,76,28:00.0,1,5:00,414
7559627604,U,OB,1,1,680,130450,76,25:00.0,1,10:00,414
7559627687,U,OB,1,1,220,130450,76,20:00.0,1,14:00,414
7559646506,U,CTY,1,1,321,136221,173,35:00.0,1,19:00,414
755964745X,U,OB,1,2,410,132299,18,17:00.0,7,14:00,414
7559647478,U,OB,1,2,1300,132299,18,48:00.0,7,14:00,414
7559647651,U,OB,1,1,900,136884,52,08:00.0,5,19:00,414
7559649229,U,OB,1,2,3080,132299,18,25:00.0,7,15:00,414
7559649366,U,IB,1,1,184,134549,104,27:00.0,7,12:00,414
7559649384,U,IB,1,4,5095,134549,104,04:00.0,7,15:00,414
7559649467,U,OB,1,8,360,128622,58,34:00.0,2,3:00,414
755964976X,U,OB,1,43,1273,130712,14,23:00.0,7,18:00,414
7559650163,U,OB,1,5,850,130738,48,57:00.0,2,16:00,414
7559650172,U,OB,1,1,360,126714,39,24:00.0,3,14:00,414
7559650219,U,OB,1,2,260,138421,63,50:00.0,7,10:00,414
7559651070,U,OB,1,1,468,138115,73,37:00.0,5,2:00,414
7559651117,U,OB,1,1,450,138115,73,15:00.0,5,3:00,414
7559707015,U,IB,1,1,1425,136348,150,53:00.0,7,21:00,243
7559707089,U,IB,1,1,2250,125619,143,58:00.0,1,13:00,243
7559707318,U,CTY,1,2,3200,140147,175,23:00.0,7,0:00,243
7559707390,U,CTY,1,1,1425,126990,188,29:00.0,7,3:00,243
7559708023,U,OB,1,2,4500,125587,88,13:00.0,6,0:00,243
7559708023,U,CTY,1,2,4500,125587,238,38:00.0,6,19:00,243
7559708106,U,IB,1,1,1800,125833,145,18:00.0,6,21:00,243
7559708115,U,IB,1,1,1800,125833,145,24:00.0,6,21:00,243
755970817X,U,IB,1,2,2900,138531,129,44:00.0,7,21:00,243
755970817X,U,CTY,1,2,2900,138531,P   ,08:00.0,1,4:00,243
755970861X,U,OB,1,1,2400,124581,96,27:00.0,6,10:00,243
7559708748,U,CTY,1,2,3200,281341,236,59:00.0,4,22:00,243
7559708930,U,IB,1,1,2000,125671,117,42:00.0,4,22:00,243
7559712928,U,OB,1,1,754,125587,88,57:00.0,5,23:00,243
7559712955,U,IB,1,1,158,138531,129,57:00.0,7,22:00,243
7559714531,U,CTY,1,5,1024,140147,175,11:00.0,7,0:00,243
7559717988,U,OB,1,1,70,125587,88,16:00.0,6,0:00,243
7559718024,U,IB,1,1,70,135919,131,02:00.0,4,3:00,243
7559719528,U,CTY,1,18,336,121486,192,59:00.0,5,2:00,243
7559731581,U,OB,1,1,310,124581,96,16:00.0,6,8:00,243
7559733561,U,CTY,1,1,144,126990,188,03:00.0,7,0:00,243
755973358X,U,CTY,1,1,170,126990,188,45:00.0,7,1:00,243
755973985X,U,IB,1,2,320,137893,125,19:00.0,3,21:00,243
7559741234,U,CTY,1,2,900,126990,188,20:00.0,7,5:00,243
7559741710,U,CTY,1,2,2515,211023,K   ,12:00.0,1,7:00,243
7559742471,U,IB,1,22,18500,137095,117,09:00.0,4,4:00,243
755974304X,U,IB,1,6,4707,135615,104,42:00.0,4,2:00,243
7559743068,U,OB,1,7,7530,129190,86,19:00.0,5,3:00,243
7559743095,U,IB,1,4,5180,135615,104,13:00.0,4,4:00,243
7559743095,U,CTY,1,4,5180,135615,224,52:00.0,5,9:00,243
7559743315,U,IB,1,1,1000,132779,103,56:00.0,6,19:00,243
7559743324,U,IB,1,1,2105,125276,116,33:00.0,1,8:00,243
7559743360,U,IB,1,1,604,135322,117,39:00.0,1,7:00,243
7559743434,U,OB,1,3,802,125848,99,02:00.0,5,23:00,243
7559749190,U,IB,1,1,490,125833,145,53:00.0,6,19:00,243
7559749787,U,OB,1,1,395,124470,96,14:00.0,1,11:00,243
7559749796,U,OB,1,1,400,124470,96,54:00.0,1,8:00,243
7559749805,U,OB,1,1,415,124470,96,49:00.0,1,10:00,243
7559774427,U,IB,1,2,3528,128333,103,02:00.0,5,22:00,557
7559776526,U,IB,1,2,172,136695,151,44:00.0,6,17:00,557
7559776535,U,IB,1,12,6438,136695,151,01:00.0,6,17:00,557
7559776562,U,CTY,1,5,2590,127088,223,39:00.0,7,1:00,557
7559776618,U,CTY,1,11,1415,127088,223,30:00.0,7,1:00,557
7559776654,U,CTY,1,3,280,139526,237,17:00.0,5,20:00,557
7559776654,U,CTY,1,3,280,139526,197,08:00.0,4,20:00,557
7559776672,U,CTY,1,7,2734,138943,194,11:00.0,1,19:00,557
7559776719,U,CTY,1,8,2686,130948,223,38:00.0,3,0:00,557
7559776966,U,IB,1,1,250,134290,151,12:00.0,2,1:00,557
7559779918,U,OB,1,4,8081,261071,52,53:00.0,2,17:00,557
7559779936,U,OB,1,4,6536,125595,76,58:00.0,2,1:00,557
755978715X,U,OB,1,7,7742,134218,31,09:00.0,3,16:00,557
755978814X,U,OB,1,2,4807,136157,88,37:00.0,7,14:00,557
7559791046,U,IB,1,1,150,126813,101,15:00.0,5,10:00,557
7559792824,U,CTY,1,4,3140,135143,189,09:00.0,3,18:00,557
755979287X,U,IB,1,2,520,128333,103,27:00.0,5,20:00,557
7559796032,U,CTY,1,1,1353,139468,172,45:00.0,7,20:00,557
7559796225,U,OB,1,5,3600,138823,39,51:00.0,3,17:00,557
7559800982,U,IB,1,2,1468,127882,123,55:00.0,1,21:00,557
7559801321,U,IB,1,1,1630,137659,114,21:00.0,5,21:00,557
7559801469,U,CTY,1,3,2555,123932,195,05:00.0,7,22:00,557
7559808536,U,IB,1,1,687,128333,103,21:00.0,5,21:00,557
7559889550,U,IB,1,8,1455,136051,133,39:00.0,1,3:00,594
7559889606,U,IB,1,8,1125,134290,151,55:00.0,2,1:00,594
7559896471,U,IB,1,1,740,132184,145,25:00.0,6,3:00,594
7559896480,U,IB,1,1,756,134879,125,24:00.0,7,10:00,594
7559897910,U,CTY,1,11,329,202584,192,54:00.0,7,18:00,594
756010759X,U,OB,1,1,1840,136623,69,15:00.0,7,2:00,455
7560107618,U,OB,1,1,275,124313,46,27:00.0,5,15:00,455
7560107690,U,OB,1,1,520,290832,17,17:00.0,7,18:00,455
7560108058,U,OB,1,3,2681,211007,31,23:00.0,3,17:00,455
7560108076,U,IB,1,1,52,137352,101,15:00.0,6,3:00,455
7560108094,U,OB,1,1,766,138220,32,53:00.0,1,8:00,455
7560108121,U,OB,1,1,410,127489,26,57:00.0,3,22:00,455
7560108130,U,OB,1,1,203,127011,38,41:00.0,6,18:00,455
7560108159,U,OB,1,2,1640,136439,43,31:00.0,7,7:00,455
7560108213,U,OB,1,1,340,127011,38,02:00.0,6,19:00,455
7560108222,U,OB,1,1,515,127011,38,34:00.0,6,18:00,455
7560108296,U,OB,1,3,2681,211007,31,23:00.0,3,17:00,455
7560109818,U,OB,1,1,128,291042,73,11:00.0,1,0:00,455
7560109845,U,OB,1,1,144,291042,73,06:00.0,1,0:00,455
7560109973,U,IB,1,5,1265,138544,105,43:00.0,3,16:00,455
7560109982,U,OB,1,1,150,135275,43,39:00.0,4,0:00,455
7560116582,U,OB,1,3,1490,136439,43,50:00.0,7,5:00,455
756011782X,U,OB,1,4,2700,134176,89,41:00.0,1,6:00,455
7560118580,U,OB,1,3,2460,135090,65,55:00.0,1,10:00,455
7560118609,U,OB,1,3,2048,138220,32,53:00.0,1,6:00,455
7560118910,U,OB,1,1,1200,138557,50,03:00.0,5,3:00,455
7560134824,U,OB,1,1,214,126638,52,44:00.0,2,3:00,455
7560134889,U,OB,1,1,281,140430,76,31:00.0,4,19:00,455
7560142057,U,OB,1,3,1948,134020,40,54:00.0,4,1:00,455
7560142506,U,CTY,1,9,6131,121290,203,21:00.0,6,11:00,455
7560142506,U,OB,1,9,6131,121290,73,01:00.0,6,1:00,455
7560144798,U,OB,1,2,575,140430,76,52:00.0,4,18:00,455
7560144843,U,OB,1,1,585,140127,46,16:00.0,7,11:00,455
7560148657,U,OB,1,4,1755,38422,67,21:00.0,1,11:00,455
7560148675,U,OB,1,1,328,138557,50,49:00.0,5,2:00,455
7560180492,U,OB,1,5,2250,842029,75,47:00.0,2,19:00,422
7560180501,U,OB,1,6,2625,842029,75,05:00.0,2,20:00,422
7560180510,U,OB,1,9,3965,842029,75,20:00.0,2,19:00,422
756018052X,U,OB,1,6,2605,842029,75,01:00.0,2,19:00,422
7560180539,U,OB,1,8,3500,842029,75,46:00.0,2,18:00,422
7560180548,U,OB,1,9,4010,842029,75,17:00.0,2,18:00,422
7560180557,U,OB,1,5,2175,530683,90,50:00.0,2,22:00,422
7560180575,U,OB,1,6,2605,530683,90,37:00.0,2,22:00,422
7560180584,U,OB,1,6,2620,530683,90,46:00.0,2,21:00,422
7560180593,U,OB,1,8,3495,530683,90,22:00.0,2,20:00,422
7560180602,U,OB,1,7,3040,559680,76,05:00.0,3,8:00,422
7560180611,U,OB,1,9,3980,559680,76,50:00.0,3,7:00,422
7560180620,U,OB,1,10,4355,559680,76,11:00.0,3,9:00,422
756018063X,U,OB,1,6,2680,559680,76,02:00.0,3,9:00,422
7560180649,U,OB,1,9,3965,559680,76,25:00.0,3,8:00,422
7560180658,U,OB,1,6,2640,559680,76,44:00.0,3,8:00,422
7560180667,U,OB,1,8,3520,559680,76,31:00.0,3,7:00,422
7560180676,U,OB,1,5,2155,559680,76,45:00.0,3,6:00,422
756018074X,U,OB,1,7,3040,689091,89,32:00.0,3,21:00,422
7560180831,U,IB,1,6,2615,558470,103,30:00.0,3,22:00,422
7560180869,U,OB,1,7,4945,842872,88,16:00.0,4,2:00,422
7560180887,U,OB,1,6,1835,842872,88,27:00.0,4,1:00,422
7560180887,U,OB,1,6,1835,842872,81,14:00.0,4,7:00,422
7560180914,U,IB,1,11,2530,558470,103,04:00.0,4,0:00,422
7560180923,U,IB,1,6,1280,558470,103,51:00.0,3,22:00,422
7560180941,U,OB,1,1,327,842872,88,27:00.0,4,0:00,422
7560180979,U,OB,1,3,1158,505665,67,56:00.0,4,18:00,422
7560181006,U,OB,1,2,796,505665,67,18:00.0,4,19:00,422
7560181015,U,OB,1,6,2595,505665,67,42:00.0,4,20:00,422
7560181024,U,OB,1,1,62,505665,67,46:00.0,4,20:00,422
7560181033,U,OB,1,1,453,505665,67,51:00.0,4,20:00,422
7560181042,U,OB,1,1,453,505665,67,54:00.0,4,20:00,422
7560181060,U,OB,1,2,281,505665,67,15:00.0,4,18:00,422
756018107X,U,OB,1,6,1290,505665,67,30:00.0,4,19:00,422
7560181089,U,OB,1,6,1300,505665,67,37:00.0,4,18:00,422
7560181098,U,OB,1,2,356,505665,67,09:00.0,4,18:00,422
7560181107,U,OB,1,1,453,505665,67,06:00.0,4,18:00,422
7560181125,U,OB,1,4,1715,505665,67,09:00.0,4,20:00,422
7560181134,U,OB,1,9,1855,505665,67,16:00.0,4,20:00,422
7560181152,U,OB,1,3,1359,561048,49,07:00.0,4,22:00,422
7560181161,U,OB,1,7,3025,561048,49,54:00.0,4,22:00,422
756018118X,U,OB,1,8,3505,561048,49,58:00.0,4,21:00,422
7560181208,U,OB,1,1,189,561048,49,28:00.0,4,21:00,422
7560181217,U,OB,1,2,412,561048,49,15:00.0,4,21:00,422
7560181235,U,OB,1,5,2162,561048,49,26:00.0,4,21:00,422
7560181271,U,OB,1,1,453,559935,88,05:00.0,5,0:00,422
7560181280,U,OB,1,2,906,559935,88,11:00.0,5,0:00,422
7560181309,U,OB,1,1,453,559935,88,20:00.0,5,0:00,422
7560181318,U,OB,1,3,1015,559935,88,27:00.0,5,0:00,422
7560181428,U,OB,1,4,1872,112054,79,07:00.0,6,11:00,422
7560181428,U,OB,1,4,1872,112054,72,38:00.0,6,9:00,422
7560181437,U,OB,1,1,385,112054,72,02:00.0,6,10:00,422
7560181446,U,OB,1,3,513,112054,72,02:00.0,6,11:00,422
7560181455,U,OB,1,1,453,112054,72,55:00.0,6,13:00,422
7560181464,U,OB,1,1,453,112054,72,30:00.0,6,12:00,422
7560181473,U,OB,1,1,152,112054,72,31:00.0,6,12:00,422
7560181482,U,OB,1,1,453,112054,72,46:00.0,6,9:00,422
7560181491,U,OB,1,2,484,112054,72,52:00.0,6,9:00,422
7560181500,U,OB,1,1,453,112054,72,27:00.0,6,13:00,422
756018151X,U,OB,1,1,453,112054,72,53:00.0,6,13:00,422
7560181529,U,OB,1,2,664,112054,72,51:00.0,6,12:00,422
7560181538,U,OB,1,1,453,112054,72,43:00.0,6,13:00,422
7560181547,U,OB,1,1,189,112054,72,41:00.0,6,13:00,422
7560181556,U,OB,1,1,453,112054,72,47:00.0,6,13:00,422
7560181565,U,OB,1,3,1359,112054,72,30:00.0,6,12:00,422
7560181574,U,OB,1,2,906,112054,72,42:00.0,6,12:00,422
7560181583,U,OB,1,1,453,112054,72,48:00.0,6,9:00,422
7560181592,U,OB,1,1,423,112054,72,50:00.0,6,9:00,422
7560181592,U,OB,1,1,423,112054,79,07:00.0,6,11:00,422
7560181601,U,OB,1,3,1359,112054,72,13:00.0,6,12:00,422
7560181610,U,OB,1,1,453,112054,72,56:00.0,6,9:00,422
7560181639,U,OB,1,1,453,112054,72,50:00.0,6,13:00,422
7560181648,U,OB,1,2,906,112054,72,50:00.0,6,10:00,422
7560181657,U,OB,1,1,297,112054,72,05:00.0,6,10:00,422
7560181666,U,OB,1,1,585,112054,72,08:00.0,6,10:00,422
7560181675,U,OB,1,1,187,112054,72,15:00.0,6,11:00,422
7560181684,U,OB,1,1,453,112054,72,03:00.0,6,9:00,422
7560181693,U,OB,1,1,152,112054,72,59:00.0,6,8:00,422
7560181702,U,OB,1,1,453,112054,72,13:00.0,6,9:00,422
7560181711,U,OB,1,1,453,112054,72,11:00.0,6,9:00,422
7560181720,U,OB,1,2,681,112054,72,34:00.0,6,9:00,422
756018173X,U,OB,1,1,152,112054,72,25:00.0,6,9:00,422
7560181886,U,IB,1,17,9455,120863,151,25:00.0,7,0:00,422
7560181895,U,IB,1,1,453,120863,151,02:00.0,7,0:00,422
7560181931,U,IB,1,7,905,505665,104,38:00.0,2,21:00,422
7560181940,U,IB,1,4,2292,505665,104,00:00.0,2,22:00,422
756018195X,U,IB,1,1,207,505665,104,02:00.0,2,22:00,422
7560181969,U,IB,1,2,986,505665,104,54:00.0,2,21:00,422
7560181978,U,IB,1,4,670,505665,104,34:00.0,2,21:00,422
7560181996,U,IB,1,2,730,505665,104,54:00.0,2,19:00,422
7560182005,U,IB,1,4,944,505665,104,02:00.0,2,21:00,422
7560182014,U,IB,1,4,650,505665,104,14:00.0,2,20:00,422
7560182023,U,IB,1,1,187,505665,104,23:00.0,2,20:00,422
7560182032,U,IB,1,14,7310,559026,157,54:00.0,2,20:00,422
7560182041,U,OB,1,2,1170,559026,66,19:00.0,3,22:00,422
7560182050,U,OB,1,4,1908,559026,66,28:00.0,3,22:00,422
756018206X,U,OB,1,2,906,559026,66,17:00.0,3,22:00,422
7560182142,U,OB,1,2,738,530429,76,14:00.0,4,21:00,422
7560182151,U,OB,1,1,369,530429,76,27:00.0,4,21:00,422
7560182160,U,OB,1,1,333,530429,76,25:00.0,4,21:00,422
756018217X,U,OB,1,2,954,530429,76,47:00.0,4,21:00,422
7560182189,U,OB,1,2,666,530429,76,17:00.0,4,21:00,422
7560182198,U,OB,1,9,3630,530429,76,11:00.0,4,22:00,422
7560182207,U,OB,1,1,297,530429,76,14:00.0,4,22:00,422
7560182216,U,OB,1,2,660,530429,76,20:00.0,4,21:00,422
7560182225,U,OB,1,1,115,530429,76,37:00.0,4,21:00,422
7560182234,U,IB,1,1,96,530429,157,36:00.0,4,21:00,422
7560182234,U,OB,1,1,96,530429,76,35:00.0,4,21:00,422
7560182261,U,OB,1,2,906,530429,76,44:00.0,4,21:00,422
7560182270,U,OB,1,2,906,530429,76,29:00.0,4,21:00,422
756018228X,U,OB,1,1,453,530429,76,15:00.0,4,20:00,422
7560182299,U,OB,1,3,1359,530429,76,19:00.0,4,20:00,422
7560182308,U,OB,1,2,906,530429,76,59:00.0,4,19:00,422
7560182317,U,OB,1,2,906,530429,76,06:00.0,4,20:00,422
7560182326,U,OB,1,2,906,530429,76,03:00.0,4,20:00,422
7560182335,U,OB,1,3,1359,530429,76,08:00.0,4,20:00,422
7560182344,U,OB,1,4,2055,530429,76,12:00.0,4,20:00,422
7560182353,U,OB,1,3,1359,530429,76,20:00.0,4,20:00,422
7560182371,U,IB,1,3,1340,903344,101,42:00.0,5,4:00,422
7560182380,U,IB,1,2,915,903344,101,37:00.0,5,4:00,422
756018239X,U,IB,1,2,664,903344,101,37:00.0,5,1:00,422
7560182409,U,IB,1,4,1618,903344,101,31:00.0,5,4:00,422
7560182418,U,IB,1,8,4192,903344,101,12:00.0,5,4:00,422
7560182427,U,IB,1,1,477,903344,101,26:00.0,5,2:00,422
7560182436,U,IB,1,1,567,903344,101,24:00.0,5,4:00,422
7560182445,U,IB,1,1,453,903344,101,25:00.0,5,1:00,422
7560182463,U,IB,1,3,1359,903344,101,30:00.0,5,2:00,422
7560182472,U,IB,1,2,906,903344,101,14:00.0,5,4:00,422
7560182481,U,IB,1,2,906,903344,101,40:00.0,5,3:00,422
7560182490,U,IB,1,2,906,903344,101,35:00.0,5,3:00,422
756018250X,U,IB,1,2,906,903344,101,47:00.0,5,3:00,422
7560182519,U,IB,1,2,830,903344,101,39:00.0,5,2:00,422
7560182528,U,IB,1,2,906,903344,101,43:00.0,5,1:00,422
7560182537,U,IB,1,7,2551,903344,101,00:00.0,5,2:00,422
7560182546,U,IB,1,2,906,903344,101,47:00.0,5,2:00,422
7560182555,U,IB,1,4,1637,903344,101,23:00.0,5,4:00,422
7560182600,U,IB,1,2,906,903344,101,03:00.0,5,1:00,422
756018261X,U,IB,1,7,2250,903344,101,47:00.0,5,0:00,422
7560182629,U,OB,1,2,1098,10166,78,59:00.0,6,7:00,422
7560182638,U,OB,1,2,906,10166,78,50:00.0,6,7:00,422
7560182647,U,OB,1,3,1285,10166,78,25:00.0,6,7:00,422
7560182656,U,OB,1,2,774,10166,78,54:00.0,6,7:00,422
7560182665,U,OB,1,1,453,10166,78,17:00.0,6,7:00,422
7560182674,U,OB,1,1,215,10166,78,59:00.0,6,6:00,422
7560182683,U,OB,1,1,275,10166,78,30:00.0,6,6:00,422
7560182692,U,OB,1,1,96,10166,78,01:00.0,6,6:00,422
756018283X,U,OB,1,3,836,390047,95,26:00.0,3,0:00,422
7560182849,U,OB,1,1,453,390047,95,27:00.0,3,0:00,422
7560182858,U,OB,1,2,772,390047,95,17:00.0,3,1:00,422
7560182867,U,OB,1,3,1359,390047,95,27:00.0,3,1:00,422
7560182876,U,OB,1,4,1980,390047,95,57:00.0,3,1:00,422
7560182885,U,OB,1,4,1812,390047,95,01:00.0,3,2:00,422
7560182894,U,OB,1,3,1177,390047,95,59:00.0,3,0:00,422
7560182903,U,OB,1,1,453,390047,95,46:00.0,3,0:00,422
7560182912,U,IB,1,2,954,390047,107,16:00.0,3,0:00,422
7560182912,U,OB,1,2,954,390047,95,10:00.0,3,0:00,422
7560182921,U,IB,1,1,453,390047,107,16:00.0,3,0:00,422
7560182921,U,OB,1,1,453,390047,95,10:00.0,3,0:00,422
7560182977,U,OB,1,1,315,560856,14,25:00.0,3,23:00,422
7560182986,U,OB,1,4,1875,560856,14,37:00.0,3,23:00,422
7560183004,U,IB,1,2,906,79962,101,50:00.0,5,2:00,422
7560183013,U,IB,1,2,906,R447079962,101,23:00.0,5,5:00,422
7560183022,U,IB,1,3,1359,79962,101,25:00.0,5,3:00,422
7560183031,U,IB,1,4,3022,79962,101,27:00.0,5,4:00,422
7560183040,U,IB,1,5,2310,79962,101,29:00.0,5,5:00,422
756018305X,U,IB,1,1,453,79962,101,18:00.0,5,1:00,422
7560183069,U,IB,1,2,485,79962,101,34:00.0,5,2:00,422
7560183078,U,IB,1,2,695,79962,101,57:00.0,5,1:00,422
7560183087,U,IB,1,13,3755,R447079962,101,18:00.0,5,5:00,422
7560183105,U,IB,1,3,1248,79962,101,13:00.0,5,4:00,422
7560183114,U,IB,1,1,453,79962,101,29:00.0,5,4:00,422
7560183123,U,IB,1,2,774,79962,101,20:00.0,5,0:00,422
7560183132,U,IB,1,2,990,79962,156,29:00.0,5,0:00,422
7560183132,U,IB,1,2,990,79962,101,26:00.0,5,0:00,422
7560183132,U,IB,1,2,990,79962,156,37:00.0,5,1:00,422
7560183141,U,IB,1,2,684,79962,101,32:00.0,5,0:00,422
7560183150,U,IB,1,5,2250,79962,101,55:00.0,5,0:00,422
756018316X,U,IB,1,2,906,79962,101,06:00.0,5,1:00,422
7560183179,U,IB,1,2,906,79962,101,14:00.0,5,1:00,422
7560183188,U,IB,1,3,816,79962,101,27:00.0,5,1:00,422
7560183197,U,OB,1,2,906,57002,52,14:00.0,5,20:00,422
7560183206,U,OB,1,2,906,57002,52,11:00.0,5,20:00,422
7560183215,U,OB,1,2,906,57002,52,03:00.0,5,20:00,422
7560183224,U,OB,1,2,906,57002,52,19:00.0,5,20:00,422
7560183233,U,OB,1,2,906,57002,52,24:00.0,5,19:00,422
7560183242,U,OB,1,2,906,57002,52,16:00.0,5,19:00,422
7560183251,U,OB,1,2,906,57002,52,04:00.0,5,19:00,422
7560183260,U,OB,1,2,906,57002,52,12:00.0,5,19:00,422
756018327X,U,OB,1,2,906,57002,52,01:00.0,5,19:00,422
7560183289,U,OB,1,2,906,57002,52,58:00.0,5,18:00,422
7560183298,U,OB,1,1,453,57002,52,02:00.0,5,18:00,422
7560183307,U,OB,1,2,906,57002,52,51:00.0,5,18:00,422
7560183316,U,OB,1,2,906,57002,52,54:00.0,5,18:00,422
7560183325,U,OB,1,3,1359,57002,52,40:00.0,5,18:00,422
7560183334,U,OB,1,6,3126,57002,52,47:00.0,5,18:00,422
7560183343,U,OB,1,1,453,57002,52,31:00.0,5,18:00,422
7560183352,U,OB,1,3,1359,57002,52,23:00.0,5,18:00,422
7560183361,U,OB,1,1,453,57002,52,15:00.0,5,18:00,422
7560183370,U,OB,1,1,453,57002,52,18:00.0,5,18:00,422
756018338X,U,OB,1,1,453,57002,52,57:00.0,5,17:00,422
7560183399,U,OB,1,2,774,57002,52,20:00.0,5,17:00,422
7560183408,U,OB,1,2,906,57002,52,11:00.0,5,18:00,422
7560183417,U,OB,1,4,1812,57002,52,43:00.0,5,17:00,422
7560183426,U,OB,1,2,906,57002,52,47:00.0,5,17:00,422
7560183435,U,OB,1,2,906,57002,52,51:00.0,5,17:00,422
7560183444,U,OB,1,2,906,57002,52,06:00.0,5,18:00,422
7560183453,U,OB,1,1,531,57002,52,29:00.0,5,17:00,422
7560183462,U,OB,1,1,585,57002,52,32:00.0,5,17:00,422
7560183518,U,OB,1,1,453,57002,52,01:00.0,5,17:00,422
7560183527,U,OB,1,2,754,57002,52,17:00.0,5,17:00,422
7560183581,U,OB,1,2,647,530504,31,44:00.0,5,22:00,422
7560183637,U,OB,1,1,187,530504,31,37:00.0,5,21:00,422
7560183646,U,OB,1,1,187,530504,31,48:00.0,5,21:00,422
7560183655,U,OB,1,3,997,530504,31,10:00.0,5,22:00,422
7560183664,U,OB,1,1,400,530504,31,28:00.0,5,21:00,422
7560183673,U,OB,1,1,495,530504,31,17:00.0,5,21:00,422
7560183682,U,OB,1,10,3430,530504,31,06:00.0,5,22:00,422
7560183700,U,OB,1,13,4760,530504,31,08:00.0,6,0:00,422
756018371X,U,OB,1,1,170,558189,48,16:00.0,6,1:00,422
7560183729,U,OB,1,2,646,558189,48,52:00.0,6,1:00,422
7560183738,U,OB,1,1,333,558189,48,42:00.0,6,1:00,422
7560183747,U,OB,1,2,990,558189,48,25:00.0,6,2:00,422
7560183756,U,OB,1,1,453,558189,48,23:00.0,6,0:00,422
7560183765,U,OB,1,5,2673,558189,48,09:00.0,6,4:00,422
7560183783,U,OB,1,1,164,558189,48,13:00.0,6,0:00,422
7560183792,U,OB,1,10,5346,558189,48,47:00.0,6,3:00,422
7560183801,U,OB,1,4,2220,558189,48,41:00.0,6,3:00,422
7560183810,U,OB,1,3,1359,558189,48,09:00.0,6,2:00,422
756018382X,U,OB,1,3,1359,558189,48,19:00.0,6,2:00,422
7560183839,U,OB,1,2,906,113979,66,19:00.0,7,0:00,422
7560183848,U,OB,1,2,906,113979,66,32:00.0,7,0:00,422
7560183857,U,OB,1,9,4893,113979,66,27:00.0,7,0:00,422
7560183866,U,OB,1,9,1955,113979,66,31:00.0,7,0:00,422
7560183884,U,OB,1,8,4440,113979,66,34:00.0,7,0:00,422
7560183902,U,OB,1,6,1865,113979,66,16:00.0,7,0:00,422
756018393X,U,OB,1,2,906,113979,66,24:00.0,7,0:00,422
7560183949,U,OB,1,6,3126,113979,66,28:00.0,7,0:00,422
7560183958,U,OB,1,7,3579,113979,66,16:00.0,7,0:00,422
7560183967,U,OB,1,1,130,113979,66,27:00.0,6,20:00,422
7560183976,U,OB,1,3,461,843236,74,54:00.0,6,22:00,422
7560183985,U,OB,1,7,2723,843236,74,08:00.0,7,1:00,422
7560183994,U,IB,1,12,4670,843236,162,05:00.0,7,0:00,422
7560184003,U,OB,1,20,8120,843236,74,10:00.0,7,1:00,422
7560184012,U,OB,1,2,684,843236,74,49:00.0,6,20:00,422
7560184021,U,OB,1,1,513,843236,74,17:00.0,6,21:00,422
7560184030,U,OB,1,2,720,843236,74,09:00.0,6,21:00,422
7560184030,U,OB,1,2,720,843236,36,50:00.0,7,0:00,422
756018404X,U,OB,1,2,990,843236,74,43:00.0,6,22:00,422
7560184059,U,OB,1,1,186,843236,74,18:00.0,6,22:00,422
7560184077,U,OB,1,5,884,843236,74,24:00.0,6,22:00,422
7560184086,U,OB,1,1,549,843236,74,47:00.0,6,21:00,422
7560184095,U,IB,1,2,936,904284,105,11:00.0,2,21:00,422
7560184104,U,IB,1,1,459,904284,105,06:00.0,2,21:00,422
7560184113,U,IB,1,2,700,904284,105,37:00.0,3,0:00,422
7560184122,U,OB,1,2,521,903983,39,36:00.0,7,2:00,422
7560184131,U,OB,1,3,1032,903983,39,48:00.0,7,2:00,422
7560184140,U,IB,1,3,890,904284,105,38:00.0,2,22:00,422
756018415X,U,IB,1,2,906,904284,105,50:00.0,2,21:00,422
7560184169,U,OB,1,3,1359,903983,39,51:00.0,6,22:00,422
7560184187,U,OB,1,4,1812,903983,39,30:00.0,7,0:00,422
7560184196,U,OB,1,12,6252,903983,39,24:00.0,7,1:00,422
7560184205,U,OB,1,8,4032,903983,39,17:00.0,7,1:00,422
7560184214,U,OB,1,5,2673,903983,39,31:00.0,7,2:00,422
7560184232,U,IB,1,2,921,904284,105,42:00.0,2,23:00,422
7560184241,U,OB,1,3,1051,903983,39,55:00.0,7,2:00,422
7560184250,U,OB,1,3,1177,903983,39,24:00.0,6,22:00,422
756018426X,U,OB,1,5,2673,310552,50,16:00.0,1,4:00,422
7560184288,U,OB,1,8,4440,310552,50,41:00.0,1,5:00,422
7560184297,U,OB,1,4,2220,310552,50,54:00.0,1,3:00,422
7560184306,U,OB,1,8,4032,310552,50,09:00.0,1,5:00,422
7560184306,U,OB,1,8,4032,310552,30,10:00.0,2,9:00,422
7560184315,U,OB,1,8,4440,310552,50,17:00.0,1,3:00,422
7560184324,U,OB,1,6,3126,310552,50,43:00.0,1,6:00,422
7560184333,U,OB,1,8,4032,310552,50,04:00.0,1,6:00,422
7560184351,U,OB,1,4,2220,310552,50,04:00.0,1,5:00,422
7560184360,U,OB,1,3,1359,559033,75,10:00.0,2,17:00,422
756018437X,U,OB,1,4,1812,559033,75,20:00.0,2,17:00,422
7560184389,U,OB,1,4,1812,559033,75,42:00.0,2,17:00,422
7560184398,U,OB,1,6,3126,559033,75,07:00.0,2,18:00,422
7560184407,U,OB,1,7,3579,559033,75,24:00.0,2,18:00,422
7560184416,U,OB,1,8,4032,559033,75,48:00.0,2,18:00,422
7560184425,U,OB,1,8,4032,559033,75,57:00.0,2,18:00,422
7560184434,U,OB,1,8,4440,559033,75,22:00.0,2,19:00,422
7560184443,U,OB,1,8,4440,559033,75,34:00.0,2,19:00,422
7560184452,U,OB,1,8,4032,506945,18,17:00.0,2,19:00,422
7560184461,U,OB,1,11,2350,506945,18,58:00.0,2,20:00,422
7560184470,U,OB,1,1,139,506945,18,38:00.0,2,18:00,422
756018448X,U,OB,1,7,3579,506945,18,19:00.0,2,20:00,422
7560184499,U,OB,1,10,2020,506945,18,03:00.0,2,21:00,422
7560184508,U,OB,1,6,1697,506945,18,42:00.0,2,19:00,422
7560184517,U,OB,1,4,2220,506945,18,01:00.0,2,20:00,422
7560184526,U,OB,1,5,2673,506945,18,40:00.0,2,20:00,422
7560184535,U,OB,1,6,3126,506945,18,06:00.0,2,21:00,422
7560184553,U,IB,1,3,1046,904284,105,42:00.0,2,22:00,422
7560184562,U,OB,1,1,139,904284,87,13:00.0,3,0:00,422
7560184562,U,IB,1,1,139,904284,105,03:00.0,2,21:00,422
7560184571,U,IB,1,1,55,904284,105,58:00.0,2,20:00,422
7560184580,U,IB,1,7,1135,904284,105,19:00.0,3,0:00,422
756018459X,U,IB,1,7,1425,904284,105,36:00.0,3,0:00,422
7560184618,U,IB,1,1,171,904284,105,03:00.0,2,22:00,422
7560184636,U,IB,1,6,1310,904284,105,33:00.0,3,0:00,422
7560184645,U,IB,1,2,1214,904284,100,34:00.0,3,2:00,422
7560184645,U,IB,1,2,1214,904284,105,18:00.0,2,22:00,422
7560184654,U,IB,1,6,3126,904284,105,11:00.0,3,0:00,422
7560184681,U,OB,1,1,330,843351,63,32:00.0,4,0:00,422
7560184690,U,OB,1,1,585,843351,63,06:00.0,4,0:00,422
756018470X,U,OB,1,1,505,843351,63,27:00.0,4,0:00,422
7560184719,U,OB,1,1,510,843351,63,21:00.0,4,0:00,422
7560184728,U,OB,1,2,745,843351,63,25:00.0,3,21:00,422
7560184737,U,OB,1,2,720,843351,63,50:00.0,3,21:00,422
7560184746,U,OB,1,1,390,843351,63,35:00.0,3,21:00,422
7560184755,U,OB,1,1,645,843351,63,05:00.0,3,22:00,422
7560184764,U,OB,1,1,460,843351,63,55:00.0,3,21:00,422
7560184782,U,OB,1,2,990,843351,63,13:00.0,3,22:00,422
7560184791,U,OB,1,4,2029,843351,63,30:00.0,3,22:00,422
7560184800,U,OB,1,1,240,843351,63,45:00.0,3,20:00,422
756018481X,U,OB,1,2,1210,843351,63,56:00.0,3,22:00,422
7560184829,U,OB,1,3,1185,843351,63,49:00.0,3,22:00,422
7560184847,U,OB,1,3,511,505667,63,03:00.0,5,2:00,422
7560184856,U,OB,1,2,923,505667,63,49:00.0,5,1:00,422
7560184865,U,OB,1,3,1014,505667,63,34:00.0,5,1:00,422
7560184874,U,OB,1,2,700,505667,63,25:00.0,5,2:00,422
7560184883,U,OB,1,3,1086,505667,63,57:00.0,5,1:00,422
7560184892,U,OB,1,8,3674,505667,63,36:00.0,5,4:00,422
7560184901,U,OB,1,11,3685,505667,63,06:00.0,5,1:00,422
7560184910,U,OB,1,9,3039,505667,63,43:00.0,5,0:00,422
756018492X,U,OB,1,6,1923,505667,63,06:00.0,5,0:00,422
7560184948,U,OB,1,2,756,211715,78,38:00.0,6,1:00,422
7560184957,U,OB,1,1,351,211715,78,13:00.0,6,1:00,422
7560184966,U,OB,1,2,485,211715,78,25:00.0,6,2:00,422
7560184993,U,OB,1,3,464,842100,63,26:00.0,5,21:00,422
7560185020,U,OB,1,18,6295,842100,63,53:00.0,5,19:00,422
7560185067,U,OB,1,1,333,211715,78,55:00.0,6,1:00,422
7560185076,U,OB,1,1,531,211715,78,59:00.0,6,1:00,422
7560185085,U,OB,1,2,865,211715,78,14:00.0,6,2:00,422
7560185094,U,OB,1,3,1280,211715,78,17:00.0,6,6:00,422
7560185094,U,OB,1,3,1280,211715,81,59:00.0,6,9:00,422
7560185103,U,OB,1,3,1325,211715,78,33:00.0,6,6:00,422
7560185112,U,OB,1,5,2170,211715,78,26:00.0,6,6:00,422
7560185121,U,OB,1,2,718,211715,78,05:00.0,6,2:00,422
7560185130,U,OB,1,2,556,211715,78,45:00.0,6,1:00,422
756018514X,U,OB,1,2,682,211715,78,48:00.0,6,1:00,422
7560185159,U,OB,1,2,990,211715,78,28:00.0,6,1:00,422
7560185168,U,IB,1,2,990,211715,109,22:00.0,6,1:00,422
7560185177,U,OB,1,1,441,211715,78,20:00.0,6,1:00,422
7560216233,U,IB,1,1,273,139791,158,15:00.0,4,22:00,303
7560241432,U,IB,1,1,110,135237,164,37:00.0,2,1:00,318
7560268099,U,CTY,1,1,140,118481,192,03:00.0,6,14:00,303
7560268373,U,IB,1,1,79,136530,145,58:00.0,3,18:00,303
7560268438,U,IB,1,2,595,136530,145,01:00.0,3,19:00,303
7560268447,U,IB,1,3,945,136530,161,29:00.0,4,3:00,303
7560268447,U,IB,1,3,945,136530,145,00:00.0,3,19:00,303
7560269015,U,CTY,1,1,216,137855,189,24:00.0,1,20:00,303
7560269024,U,CTY,1,1,175,137855,189,26:00.0,1,20:00,303
7560269170,U,CTY,1,1,265,130451,194,56:00.0,6,17:00,303
7560269170,U,CTY,1,1,265,130451,194,01:00.0,1,15:00,303
7560269318,U,CTY,1,3,1180,125240,174,34:00.0,6,22:00,303
7560272690,U,IB,1,1,180,134428,163,05:00.0,6,18:00,303
7560293233,U,CTY,1,1,945,128031,197,07:00.0,5,16:00,303
7560293655,U,CTY,1,8,1324,131209,197,47:00.0,6,15:00,303
7560296313,U,CTY,1,1,279,137671,175,30:00.0,4,10:00,303
756029679X,U,CTY,1,1,209,122835,187,36:00.0,3,13:00,303
7560296863,U,IB,1,1,86,121487,164,35:00.0,7,18:00,303
7560296872,U,IB,1,1,294,136940,111,33:00.0,4,22:00,303
7560302107,U,IB,1,1,400,133251,125,40:00.0,4,16:00,303
7560302134,U,IB,1,1,234,133251,125,41:00.0,4,15:00,303
7560316169,U,CTY,1,2,680,128031,197,52:00.0,5,16:00,303
7560316241,U,CTY,1,1,550,121916,174,58:00.0,6,14:00,303
7560318479,U,CTY,1,1,366,138882,187,45:00.0,7,6:00,303
7560318643,U,CTY,1,4,1412,139927,188,46:00.0,2,12:00,303
7560319047,U,CTY,1,1,686,121584,196,18:00.0,7,22:00,303
7560322383,U,IB,1,6,372,135867,104,27:00.0,5,13:00,303
7560322392,U,IB,1,6,430,135867,104,51:00.0,5,13:00,303
756033254X,U,CTY,1,1,550,138050,196,01:00.0,3,20:00,303
7560332577,U,CTY,1,2,580,138050,196,13:00.0,3,20:00,303
756035993X,U,IB,1,1,945,133105,158,36:00.0,7,15:00,303
7560359949,U,IB,1,2,1440,133105,158,42:00.0,7,15:00,303
7560384084,U,CTY,1,1,191,136132,169,02:00.0,6,17:00,303
7560384093,U,CTY,1,1,191,136132,169,07:00.0,6,17:00,303
7560413600,U,CTY,1,1,515,131209,197,12:00.0,6,15:00,303
7560413692,U,CTY,1,1,462,261315,174,46:00.0,3,13:00,303
7560413701,U,CTY,1,1,845,261315,174,14:00.0,3,13:00,303
7560419605,U,CTY,1,2,580,130451,194,43:00.0,6,16:00,303
7560419623,U,CTY,1,2,580,130451,194,32:00.0,6,16:00,303
7560419632,U,CTY,1,2,580,130451,194,25:00.0,6,16:00,303
7560419641,U,CTY,1,2,580,130451,194,56:00.0,6,18:00,303
7560419679,U,CTY,1,2,580,130451,194,59:00.0,6,18:00,303
7560495276,U,IB,1,3,1267,137980,123,08:00.0,6,21:00,523
7560495761,U,CTY,1,1,534,134897,188,34:00.0,5,19:00,523
7560495799,U,IB,1,1,125,133386,131,50:00.0,7,15:00,523
7560495808,U,IB,1,1,135,133386,131,26:00.0,7,16:00,523
7560495817,U,IB,1,1,120,133386,131,30:00.0,7,16:00,523
7560495963,U,IB,1,1,251,137980,123,56:00.0,6,20:00,523
7560501189,U,IB,1,1,4200,134479,152,15:00.0,1,10:00,523
7560501564,U,IB,1,1,1190,134479,152,53:00.0,1,11:00,523
7560501582,U,IB,1,1,1190,134479,152,45:00.0,1,11:00,523
7560501647,U,IB,1,1,514,117815,135,35:00.0,5,6:00,523
7560501656,U,IB,1,1,394,117815,135,30:00.0,5,6:00,523
7560501701,U,IB,1,1,747,135543,163,12:00.0,7,0:00,523
7560501710,U,IB,1,1,573,134145,151,22:00.0,2,6:00,523
756050172X,U,IB,1,1,220,135543,163,12:00.0,7,0:00,523
7560501849,U,IB,1,1,226,135543,163,12:00.0,7,0:00,523
7560501867,U,IB,1,2,1401,128435,125,29:00.0,2,15:00,523
7560501995,U,CTY,1,1,680,131309,231,21:00.0,6,9:00,523
7560501995,U,IB,1,1,680,131309,111,13:00.0,5,12:00,523
7560502260,U,IB,1,3,1536,124126,141,14:00.0,5,13:00,523
756050238X,U,CTY,1,1,205,133072,169,09:00.0,7,11:00,523
7560502444,U,CTY,1,1,380,133072,169,28:00.0,7,11:00,523
7560520062,U,IB,1,6,6300,559295,135,41:00.0,3,22:00,523
7560520071,U,CTY,1,2,2600,133072,169,55:00.0,7,11:00,523
7560520080,U,IB,1,2,2060,530697,131,49:00.0,4,17:00,523
7560520897,U,IB,1,6,12758,137165,123,07:00.0,1,19:00,523
7560520924,U,IB,1,5,11230,128435,125,50:00.0,2,13:00,523
7560520951,U,CTY,1,6,12623,129756,208,22:00.0,3,7:00,523
7560520960,U,IB,1,1,2116,129756,129,05:00.0,1,22:00,523
7560521007,U,CTY,1,2,4663,121678,168,04:00.0,2,4:00,523
7560521025,U,CTY,1,6,8953,129553,168,45:00.0,2,13:00,523
756052306X,U,CTY,1,1,380,134897,188,53:00.0,5,19:00,523
756053802X,U,CTY,1,1,387,133072,169,38:00.0,7,11:00,523
7560542603,U,CTY,1,1,200,133072,169,58:00.0,7,10:00,515
7560542677,U,CTY,1,1,370,133072,169,20:00.0,7,9:00,515
7560543319,U,IB,1,2,1057,134479,152,49:00.0,1,9:00,515
7560549937,U,IB,1,1,320,134314,141,33:00.0,6,15:00,515
7560559433,U,IB,1,1,160,133291,105,36:00.0,7,1:00,515
7560565447,U,IB,1,1,138,134314,141,08:00.0,6,15:00,515
756056552X,U,IB,1,1,290,134314,141,30:00.0,6,15:00,515
7560605258,U,IB,1,1,5400,353210,158,35:00.0,5,14:00,515
7560656765,U,IB,1,1,325,135735,131,39:00.0,7,19:00,515
7560660541,U,IB,1,1,275,135735,131,36:00.0,7,19:00,515
7560680278,U,IB,1,1,100,558206,125,53:00.0,5,19:00,515
7560719831,U,CTY,1,2,1520,CVEN44708,194,20:00.0,1,20:00,165
7560740282,U,OB,1,7,7315,CVEN45352,89,41:00.0,5,3:00,184
7560751118,U,OB,1,5,655,121293,53,24:00.0,1,13:00,556
7560751181,U,OB,1,2,190,128892,52,01:00.0,6,19:00,556
7560751190,U,OB,1,2,280,128892,52,06:00.0,6,19:00,556
7560751255,U,OB,1,1,53,291213,72,26:00.0,7,6:00,556
7560751291,U,IB,1,1,188,132582,123,10:00.0,1,5:00,556
7560751365,U,IB,1,2,196,132582,123,58:00.0,1,6:00,556
7560770660,U,IB,1,5,1600,121924,123,52:00.0,6,5:00,556
756077529X,U,IB,1,2,288,137284,101,03:00.0,3,1:00,556
7560775428,U,IB,1,1,70,137284,101,31:00.0,3,0:00,556
7560775437,U,IB,1,1,69,137284,101,34:00.0,3,0:00,556
7560775473,U,OB,1,1,189,122948,78,13:00.0,7,10:00,556
7560775482,U,OB,1,1,69,122948,78,24:00.0,7,9:00,556
7560775491,U,OB,1,2,195,122948,78,32:00.0,7,9:00,556
7560779287,U,OB,1,1,800,138745,78,12:00.0,7,12:00,556
756078046X,U,OB,1,1,61,135453,86,28:00.0,6,16:00,556
7560780488,U,OB,1,2,224,135453,86,03:00.0,6,18:00,556
7560780497,U,OB,1,1,234,135453,86,59:00.0,6,17:00,556
7560780506,U,OB,1,1,153,135453,86,01:00.0,6,18:00,556
7560780533,U,OB,1,2,160,135453,86,59:00.0,6,17:00,556
7560780634,U,OB,1,1,53,139944,89,18:00.0,1,14:00,556
7560780753,U,OB,1,1,180,139944,89,06:00.0,1,14:00,556
7560782531,U,OB,1,6,5151,123489,40,50:00.0,2,7:00,556
7560782569,U,OB,1,1,261,139746,66,11:00.0,5,10:00,556
7560782679,U,OB,1,1,165,125808,88,41:00.0,7,10:00,556
7560782724,U,IB,1,2,2378,135616,101,21:00.0,2,15:00,556
756078354X,U,OB,1,1,670,140148,22,59:00.0,5,18:00,556
7560783586,U,IB,1,2,1324,131827,129,55:00.0,6,21:00,556
7560783640,U,IB,1,1,1071,131827,129,49:00.0,6,21:00,556
7560795347,U,OB,1,1,485,132660,40,05:00.0,5,15:00,556
7560795356,U,OB,1,4,1180,138134,49,13:00.0,2,13:00,556
7560795374,U,OB,1,4,273,136511,17,49:00.0,4,18:00,556
7560795383,U,OB,1,5,410,136511,17,01:00.0,4,19:00,556
7560795576,U,IB,1,1,1197,121924,123,07:00.0,6,12:00,556
7560796483,U,IB,1,1,74,127490,127,24:00.0,7,1:00,556
7560799747,U,IB,1,1,70,132582,123,23:00.0,1,5:00,556
7560806960,U,OB,1,2,1171,122948,78,59:00.0,7,8:00,556
7560810031,U,IB,1,2,370,121924,123,05:00.0,6,6:00,556
7560810087,U,OB,1,4,220,127039,76,46:00.0,5,9:00,556
7560810417,U,IB,1,2,359,138874,111,06:00.0,2,8:00,556
7560810682,U,IB,1,1,105,138791,104,18:00.0,1,19:00,556
7560810765,U,OB,1,2,276,123489,40,49:00.0,2,8:00,556
7560810884,U,OB,1,1,69,123489,40,50:00.0,2,8:00,556
7560810949,U,OB,1,1,53,127039,76,25:00.0,5,10:00,556
7560810958,U,OB,1,2,160,127039,76,29:00.0,5,10:00,556
7560810994,U,OB,1,1,179,127039,76,22:00.0,5,10:00,556
7560811059,U,OB,1,1,135,127039,76,41:00.0,5,8:00,556
7560811068,U,OB,1,1,220,127039,76,32:00.0,5,8:00,556
7560811122,U,OB,1,1,55,132352,18,37:00.0,7,14:00,556
7560811187,U,OB,1,1,146,136427,22,47:00.0,1,3:00,556
7560811324,U,OB,1,1,61,127039,76,16:00.0,5,10:00,556
7560811452,U,IB,1,1,122,121924,123,28:00.0,6,6:00,556
7560811517,U,OB,1,1,49,139944,89,16:00.0,1,14:00,556
7560811553,U,IB,1,3,429,134941,113,34:00.0,2,7:00,556
7560811562,U,IB,1,3,346,135616,101,16:00.0,3,0:00,556
7560811562,U,OB,1,3,346,135616,81,58:00.0,3,8:00,556
7560811562,U,CTY,1,3,346,135616,B29 ,23:00.0,3,4:00,556
7560811571,U,IB,1,4,258,135616,101,43:00.0,3,1:00,556
7560811618,U,IB,1,1,56,134941,113,17:00.0,2,8:00,556
7560811627,U,IB,1,1,61,135616,101,57:00.0,3,0:00,556
7560811645,U,IB,1,2,142,134941,113,24:00.0,2,7:00,556
7560811773,U,IB,1,4,590,135616,101,54:00.0,2,15:00,556
7560811838,U,IB,1,1,82,135616,101,33:00.0,2,15:00,556
7560811892,U,IB,1,1,234,134941,113,27:00.0,2,6:00,556
7560811910,U,OB,1,4,138,131037,95,44:00.0,5,16:00,556
756081192X,U,OB,1,1,207,131037,95,42:00.0,5,16:00,556
7560811939,U,OB,1,1,207,131037,95,40:00.0,5,16:00,556
7560811975,U,OB,1,1,122,131037,95,37:00.0,5,16:00,556
7560812076,U,OB,1,1,55,131037,95,49:00.0,5,15:00,556
7560812121,U,OB,1,1,122,131037,95,28:00.0,5,14:00,556
7560812186,U,OB,1,1,136,131037,95,51:00.0,5,15:00,556
7560812240,U,OB,1,6,544,131037,95,48:00.0,5,16:00,556
7560812543,U,OB,1,2,186,127490,86,10:00.0,7,11:00,556
7560812543,U,IB,1,2,186,127490,127,28:00.0,7,0:00,556
7560812644,U,IB,1,3,313,127490,127,43:00.0,7,1:00,556
7560812653,U,IB,1,2,245,127490,127,54:00.0,7,0:00,556
7560812727,U,IB,1,1,104,131827,129,42:00.0,6,21:00,556
7560813039,U,IB,1,1,138,127490,127,21:00.0,7,1:00,556
7560813322,U,OB,1,3,184,126398,95,56:00.0,2,18:00,556
7560813378,U,OB,1,1,138,126398,95,19:00.0,2,18:00,556
7560813405,U,OB,1,1,83,138134,49,47:00.0,2,14:00,556
7560813423,U,OB,1,4,440,138134,49,45:00.0,2,14:00,556
7560813497,U,OB,1,1,205,130744,88,56:00.0,5,8:00,556
7560816503,U,OB,1,1,180,123489,40,16:00.0,2,8:00,556
7560816503,U,OB,1,1,180,123489,87,47:00.0,2,21:00,556
7560816586,U,OB,1,1,570,136085,66,44:00.0,1,20:00,556
7560821563,U,OB,1,1,71,119394,32,42:00.0,2,15:00,556
7560821976,U,IB,1,2,422,123652,111,21:00.0,3,0:00,556
7560822461,U,IB,1,1,196,123652,111,03:00.0,3,0:00,556
756082248X,U,IB,1,8,1851,137284,101,21:00.0,3,2:00,556
7560832765,U,CTY,1,3,810,138066,189,20:00.0,3,7:00,556
7560833169,U,OB,1,1,75,119394,32,00:00.0,2,16:00,556
7560834599,U,OB,1,1,70,119394,32,09:00.0,2,15:00,556
7560834626,U,CTY,1,1,64,138066,189,30:00.0,3,3:00,556
7560860934,U,OB,1,1,1400,132352,18,35:00.0,7,13:00,556
7560861109,U,OB,1,4,2875,126398,95,51:00.0,2,18:00,556
7560865307,U,OB,1,1,174,123489,40,26:00.0,2,8:00,556
7560865426,U,OB,1,1,172,127039,76,54:00.0,5,10:00,556
7560865527,U,IB,1,1,240,134941,113,10:00.0,2,7:00,556
7560874262,U,OB,1,2,284,134130,95,26:00.0,6,12:00,556
7560874318,U,OB,1,1,69,134130,95,50:00.0,6,11:00,556
7560874345,U,OB,1,1,132,134130,95,49:00.0,6,11:00,556
7560874446,U,OB,1,1,279,122948,78,19:00.0,7,10:00,556
7560874491,U,OB,1,4,250,122948,78,46:00.0,7,10:00,556
7560883291,U,OB,1,2,815,122948,78,49:00.0,7,7:00,556
756088331X,U,OB,1,3,1320,122948,78,04:00.0,7,8:00,556
7560883329,U,CTY,1,2,1050,249390,187,31:00.0,1,13:00,556
7560883410,U,OB,1,1,440,132352,18,45:00.0,7,14:00,556
7560883439,U,OB,1,3,1033,126398,95,34:00.0,2,19:00,556
7560883448,U,OB,1,1,720,127419,76,47:00.0,4,22:00,556
7560883475,U,OB,1,3,1220,129851,55,38:00.0,2,14:00,556
7560883722,U,IB,1,1,390,132582,123,19:00.0,1,7:00,556
756088375X,U,IB,1,1,720,45562,103,25:00.0,4,10:00,556
7560889790,U,OB,1,1,207,291213,72,32:00.0,7,6:00,556
7560889929,U,IB,1,2,71,138791,104,38:00.0,1,20:00,556
7560889983,U,IB,1,1,101,138791,104,14:00.0,1,19:00,556
7560890286,U,OB,1,1,138,121293,53,28:00.0,1,12:00,556
7560890331,U,IB,1,1,138,123652,111,27:00.0,2,22:00,556
7560890414,U,OB,1,1,138,128892,52,16:00.0,6,19:00,556
7560890414,U,CTY,1,1,138,128892,186,17:00.0,6,20:00,556
7560895025,U,OB,1,1,1095,137797,72,01:00.0,4,17:00,556
7560900644,U,OB,1,1,107,138353,40,55:00.0,3,21:00,556
7560904741,U,OB,1,1,147,126398,95,38:00.0,2,18:00,556
7560907345,U,IB,1,2,757,137284,101,47:00.0,2,23:00,556
7560907363,U,OB,1,6,3440,119394,32,35:00.0,2,8:00,556
756091004X,U,IB,1,1,892,45562,103,30:00.0,4,12:00,556
7560935936,U,OB,1,7,7915,138134,49,10:00.0,2,14:00,556
7560997673,U,IB,1,2,344,45562,103,41:00.0,4,12:00,556
7560997682,U,IB,1,1,210,45562,103,41:00.0,4,13:00,556
7560997700,U,IB,1,3,555,45562,103,46:00.0,4,13:00,556
7560997756,U,OB,1,2,366,139746,66,11:00.0,5,13:00,556
7561025530,U,CTY,1,1,95,290791,187,25:00.0,7,18:00,625
7561025586,U,CTY,1,1,186,290791,187,37:00.0,7,19:00,625
7561025788,U,CTY,1,13,6723,132532,197,38:00.0,3,11:00,625
7561026511,U,CTY,1,2,213,124100,188,47:00.0,4,13:00,625
7561026520,U,CTY,1,1,86,124100,188,43:00.0,4,12:00,625
7561026594,U,CTY,1,1,75,124100,188,50:00.0,4,13:00,625
7561027685,U,CTY,1,1,238,131595,196,22:00.0,3,4:00,625
7561027721,U,CTY,1,1,130,131595,196,27:00.0,3,4:00,625
7561034844,U,IB,1,7,2560,138766,163,11:00.0,2,1:00,625
756103489X,U,CTY,1,4,1940,530503,187,45:00.0,7,5:00,625
7561051362,U,CTY,1,2,2245,135997,195,22:00.0,5,19:00,625
7561059071,U,CTY,1,4,1430,123553,192,24:00.0,6,1:00,625
7561059127,U,CTY,1,7,2500,131208,173,30:00.0,3,14:00,625
7561063022,U,CTY,1,1,316,130640,194,41:00.0,5,0:00,625
756106371X,U,CTY,1,1,450,136637,192,41:00.0,4,13:00,625
756106371X,U,CTY,1,1,450,136637,172,58:00.0,4,13:00,625
7561063756,U,IB,1,1,162,127688,123,38:00.0,5,13:00,625
7561066937,U,CTY,1,1,351,124100,188,06:00.0,4,14:00,625
7561067487,U,CTY,1,1,180,137462,188,59:00.0,6,15:00,625
7561068587,U,CTY,1,1,349,137640,195,37:00.0,1,16:00,625
7561068614,U,CTY,1,1,327,135912,192,41:00.0,4,19:00,625
7561068632,U,CTY,1,1,377,135912,192,39:00.0,4,19:00,625
7561072134,U,CTY,1,1,294,135912,235,15:00.0,6,11:00,625
7561093914,U,CTY,1,3,2441,138851,194,01:00.0,2,16:00,625
7561100918,U,CTY,1,1,97,133108,194,54:00.0,2,8:00,625
7561102622,U,IB,1,5,1980,131263,145,06:00.0,2,4:00,625
7561103338,U,CTY,1,5,2160,133126,175,22:00.0,7,19:00,625
7561104391,U,CTY,1,4,1750,132405,189,52:00.0,6,0:00,625
7561109599,U,CTY,1,2,1065,131595,196,18:00.0,3,4:00,625
7561109727,U,CTY,1,2,835,123790,169,36:00.0,2,4:00,625
7561151536,U,CTY,1,2,670,137284,189,49:00.0,2,12:00,830
7561151536,U,CTY,1,2,670,137284,233,50:00.0,2,12:00,830
7561159034,U,CTY,1,1,300,136990,189,29:00.0,2,16:00,830
7561164626,U,CTY,1,1,222,119870,169,31:00.0,3,3:00,830
7561167192,U,CTY,1,1,980,121768,188,59:00.0,1,20:00,830
7561167257,U,CTY,1,1,210,122585,173,26:00.0,3,3:00,830
7561169017,U,IB,1,1,377,135903,151,20:00.0,3,3:00,830
7561171437,U,CTY,1,1,1232,137462,188,02:00.0,6,16:00,830
7561171464,U,CTY,1,1,395,137876,187,42:00.0,3,13:00,830
7561215372,U,CTY,1,1,306,138146,169,41:00.0,2,11:00,830
7561216903,U,CTY,1,1,203,127712,187,01:00.0,6,20:00,830
7561216930,U,CTY,1,5,2050,290901,168,59:00.0,1,6:00,830
756121694X,U,CTY,1,1,269,290901,168,42:00.0,1,9:00,830
7561216977,U,CTY,1,2,677,128490,195,46:00.0,2,12:00,830
7561216986,U,IB,1,1,336,128138,164,53:00.0,2,3:00,830
7561246832,U,CTY,1,1,273,430868,172,37:00.0,4,12:00,830
7561246841,U,CTY,1,1,273,530699,197,27:00.0,4,22:00,830
7561247135,U,CTY,1,1,264,TTMS750524,189,47:00.0,2,18:00,830
7561247144,U,IB,1,1,264,261190,143,09:00.0,2,0:00,830
7561247162,U,IB,1,1,264,290868,143,40:00.0,3,20:00,830
7561247171,U,IB,1,1,264,131621,143,30:00.0,6,16:00,830
7561259610,U,CTY,1,2,697,135253,192,20:00.0,3,1:00,830
7561260151,U,CTY,1,3,1050,TTMS144654,194,25:00.0,2,13:00,830
7561262333,U,CTY,1,6,164,261165,195,38:00.0,2,21:00,830
7561262342,U,CTY,1,3,760,137493,192,16:00.0,2,15:00,830
7561264158,U,CTY,1,1,230,135253,192,32:00.0,2,22:00,830
7561264185,U,IB,1,4,1600,132897,127,01:00.0,1,0:00,830
7561268300,U,CTY,1,11,15965,127712,216,30:00.0,1,8:00,830
7561272655,U,CTY,1,1,248,430868,172,35:00.0,4,12:00,830
7561272655,U,CTY,1,1,248,430868,170,25:00.0,4,19:00,830
7561274332,U,CTY,1,1,355,135995,189,02:00.0,6,1:00,830
7561274424,U,IB,1,1,622,123809,141,57:00.0,6,16:00,830
7561274498,U,CTY,1,1,387,125192,173,08:00.0,4,21:00,830
7561274617,U,CTY,1,1,757,130640,194,07:00.0,5,2:00,830
7561351965,U,CTY,1,5,9,137284,189,15:00.0,2,14:00,830
7561351983,U,CTY,1,3,5,137284,189,31:00.0,2,14:00,830
7561352212,U,CTY,1,5,2240,138318,197,41:00.0,2,18:00,830
7561353386,U,CTY,1,1,150,121768,188,03:00.0,1,21:00,830
7561367228,U,CTY,1,1,167,135698,188,42:00.0,2,21:00,830
7561384855,U,CTY,1,3,1302,123790,169,01:00.0,2,3:00,830
7561393848,U,CTY,1,132,227,290791,187,16:00.0,7,21:00,830
756139393X,U,CTY,1,126,217,290791,187,05:00.0,7,20:00,830
7561401905,U,CTY,1,2,610,134055,195,24:00.0,3,20:00,830
756145278X,U,IB,1,1,154,128138,164,20:00.0,2,6:00,830
7561453156,U,CTY,1,1,160,133108,194,51:00.0,2,8:00,830
7561453275,U,CTY,1,1,157,123790,169,29:00.0,2,2:00,830
7561453320,U,CTY,1,1,168,128490,195,59:00.0,2,11:00,830
7561453504,U,CTY,1,1,150,128490,195,04:00.0,2,11:00,830
7561453852,U,CTY,1,1,160,126510,169,33:00.0,3,6:00,830
7561453917,U,CTY,1,1,170,126510,169,33:00.0,3,3:00,830
7561454476,U,CTY,1,1,47,126510,169,47:00.0,3,5:00,830
7561457904,U,CTY,1,1,150,TTMS144654,194,25:00.0,2,15:00,830
7561458308,U,CTY,1,1,150,128065,173,58:00.0,6,15:00,830
7561459417,U,CTY,1,1,102,128065,173,33:00.0,6,16:00,830
7561459976,U,CTY,1,1,47,124248,168,00:00.0,3,19:00,830
7561459994,U,CTY,1,1,47,124248,168,38:00.0,3,18:00,830
7561463734,U,CTY,1,1,38,138146,169,49:00.0,2,16:00,830
7561463990,U,CTY,1,1,47,124248,168,17:00.0,3,19:00,830
7561467887,U,IB,1,1,47,131621,143,15:00.0,6,13:00,830
7561468152,U,CTY,1,1,47,137397,176,05:00.0,6,22:00,830
7561468455,U,CTY,1,1,47,132230,168,31:00.0,1,3:00,830
7561469519,U,OB,1,1,154,130644,49,34:00.0,6,2:00,830
7561482627,U,CTY,1,1,169,124248,168,03:00.0,3,20:00,830
7561483002,U,CTY,1,1,169,TTMS750524,189,53:00.0,2,18:00,830
7561483965,U,IB,1,1,301,140134,158,23:00.0,4,13:00,830
7561504847,U,CTY,1,1,1080,127771,190,52:00.0,6,0:00,830
7561504847,U,CTY,1,1,1080,127771,187,45:00.0,5,22:00,830
7561531889,U,CTY,1,1,360,TTMS910552,192,47:00.0,2,20:00,830
756156003X,U,CTY,1,1,682,132230,168,23:00.0,1,3:00,830
7561560177,U,CTY,1,2,810,290791,187,24:00.0,7,21:00,830
756156036X,U,CTY,1,1,495,138851,194,56:00.0,2,16:00,830
7561625856,U,OB,1,6,2880,127653,55,48:00.0,4,11:00,644
7561625874,U,OB,1,1,314,127653,55,00:00.0,4,13:00,644
7561625883,U,OB,1,1,235,127653,55,05:00.0,4,13:00,644
7561625892,U,OB,1,1,316,127653,55,16:00.0,4,13:00,644
7561625901,U,OB,1,1,224,127653,55,55:00.0,4,12:00,644
756162691X,U,OB,1,1,290,559026,22,45:00.0,5,0:00,644
7561626929,U,OB,1,2,1615,559026,22,53:00.0,5,0:00,644
7561626938,U,CTY,1,1,285,559026,181,57:00.0,5,0:00,644
7561626938,U,OB,1,1,285,559026,22,34:00.0,5,0:00,644
7561626956,U,OB,1,1,293,559026,22,40:00.0,5,0:00,644
7561626965,U,OB,1,1,292,559026,22,45:00.0,5,0:00,644
7561626974,U,OB,1,1,108,559026,22,38:00.0,5,0:00,644
7561627001,U,OB,1,1,1280,559026,22,40:00.0,5,1:00,644
7561627230,U,OB,1,2,1345,126618,51,38:00.0,5,9:00,644
7561627259,U,OB,1,1,270,126618,51,30:00.0,5,9:00,644
7561631796,U,OB,1,1,230,126618,51,16:00.0,5,11:00,644
7561631805,U,OB,1,1,255,126618,51,24:00.0,5,11:00,644
7561631814,U,OB,1,2,1335,290574,73,16:00.0,6,14:00,644
7561631823,U,OB,1,1,295,290574,73,21:00.0,6,11:00,644
756163186X,U,OB,1,1,265,290574,73,17:00.0,6,8:00,644
7561631879,U,OB,1,1,575,130947,43,50:00.0,3,10:00,644
7561631924,U,OB,1,1,290,121684,74,09:00.0,4,10:00,644
7561631951,U,OB,1,1,240,118534,73,40:00.0,4,8:00,644
7561631960,U,OB,1,1,205,118534,73,26:00.0,4,9:00,644
756163197X,U,OB,1,1,260,118534,73,32:00.0,4,9:00,644
7561631989,U,OB,1,1,285,123544,46,41:00.0,5,12:00,644
7561632025,U,OB,1,1,520,130947,43,39:00.0,3,10:00,644
7561632052,U,OB,1,1,955,130947,43,58:00.0,3,10:00,644
7561632061,U,OB,1,1,315,130947,43,20:00.0,3,10:00,644
756163208X,U,OB,1,1,240,132875,66,22:00.0,1,8:00,644
7561632099,U,OB,1,1,245,132875,66,41:00.0,1,8:00,644
7561632126,U,OB,1,1,395,132875,66,18:00.0,1,8:00,644
7561632135,U,OB,1,1,615,130947,43,45:00.0,3,10:00,644
7561632153,U,OB,1,1,510,130947,43,54:00.0,3,10:00,644
7561632162,U,OB,1,1,600,130947,43,24:00.0,3,10:00,644
7561632209,U,OB,1,1,225,121684,74,53:00.0,4,9:00,644
7561632218,U,OB,1,1,270,121684,74,04:00.0,4,11:00,644
7561632236,U,OB,1,1,370,118534,73,23:00.0,4,9:00,644
7561634519,U,OB,1,3,1000,136546,69,40:00.0,5,11:00,644
7561634528,U,OB,1,3,2500,136546,69,28:00.0,5,11:00,644
7561634537,U,CTY,1,12,12102,139548,223,45:00.0,5,7:00,644
7561634537,U,OB,1,12,12102,139548,53,08:00.0,4,14:00,644
7561634582,U,OB,1,1,225,123517,53,58:00.0,4,9:00,644
7561634591,U,OB,1,2,1305,123517,53,23:00.0,4,11:00,644
7561634600,U,OB,1,1,310,123517,53,26:00.0,4,12:00,644
756163461X,U,OB,1,1,495,123517,53,32:00.0,4,12:00,644
7561634638,U,OB,1,2,835,123517,53,30:00.0,4,12:00,644
7561634647,U,OB,1,1,275,123517,53,29:00.0,4,10:00,644
7561634656,U,OB,1,2,533,138594,74,58:00.0,4,13:00,644
756163659X,U,OB,1,1,334,130793,53,32:00.0,6,16:00,644
7561636609,U,OB,1,2,759,249073,39,44:00.0,1,6:00,644
7561636609,U,OB,1,2,759,249073,6,35:00.0,1,7:00,644
7561636627,U,OB,1,1,320,138730,31,18:00.0,5,11:00,644
7561636636,U,OB,1,1,85,137424,66,04:00.0,6,7:00,644
7561640513,U,OB,1,7,5414,132184,96,22:00.0,4,9:00,644
7561640522,U,OB,1,1,2460,132184,96,57:00.0,4,9:00,644
7561640531,U,OB,1,1,345,132184,96,38:00.0,3,18:00,644
756164055X,U,OB,1,1,164,132184,96,15:00.0,3,18:00,644
7561640569,U,OB,1,3,2820,132184,96,49:00.0,4,10:00,644
7561641036,U,OB,1,1,600,290014,69,01:00.0,6,11:00,644
7561641045,U,OB,1,1,142,290014,69,58:00.0,6,10:00,644
7561641054,U,IB,1,3,1755,128663,105,33:00.0,7,18:00,644
7561641063,U,OB,1,7,4350,130793,53,58:00.0,6,18:00,644
7561641072,U,OB,1,2,1308,132184,96,29:00.0,3,18:00,644
7561641090,U,OB,1,2,595,132184,96,50:00.0,4,8:00,644
7561641274,U,OB,1,1,1040,290574,73,51:00.0,6,7:00,644
7561644363,U,OB,1,7,330,136349,51,08:00.0,7,17:00,644
7561644372,U,OB,1,1,40,137424,66,49:00.0,6,6:00,644
7561644381,U,OB,1,1,374,249377,48,14:00.0,7,12:00,644
7561645189,U,OB,1,1,380,249377,48,50:00.0,7,11:00,644
7561646967,U,OB,1,1,195,138144,67,48:00.0,4,12:00,644
7561646976,U,OB,1,1,200,139548,53,25:00.0,4,13:00,644
7561646994,U,OB,1,2,575,121632,55,46:00.0,6,19:00,644
7561648186,U,OB,1,1,605,131077,89,35:00.0,3,12:00,644
7561648195,U,OB,1,2,1670,131077,89,51:00.0,3,12:00,644
7561648204,U,OB,1,1,1550,131077,89,47:00.0,3,12:00,644
7561648231,U,OB,1,1,1000,127491,95,29:00.0,5,8:00,644
7561648240,U,OB,1,2,3165,127491,95,16:00.0,5,8:00,644
7561661294,U,OB,1,1,1835,127491,95,10:00.0,5,8:00,644
7561661303,U,OB,1,1,1657,127613,75,37:00.0,5,4:00,644
7561661312,U,OB,1,2,2380,139548,53,49:00.0,4,13:00,644
7561661321,U,OB,1,1,932,127613,75,32:00.0,5,4:00,644
7561661330,U,OB,1,1,1030,558869,60,24:00.0,6,1:00,644
756166134X,U,OB,1,2,1795,135511,74,15:00.0,7,14:00,644
7561661368,U,OB,1,1,670,135511,74,43:00.0,7,13:00,644
7561661404,U,OB,1,1,670,211511,76,29:00.0,4,12:00,644
7561661413,U,OB,1,1,867,137129,45,17:00.0,5,9:00,644
7561661413,U,OB,1,1,867,137129,66,13:00.0,5,8:00,644
7561661422,U,OB,1,1,867,128918,55,32:00.0,7,21:00,644
7561661431,U,OB,1,1,1379,126232,5,57:00.0,3,17:00,644
7561661431,U,OB,1,1,1379,126232,67,54:00.0,3,6:00,644
7561661440,U,OB,1,1,932,121722,48,39:00.0,3,9:00,644
7561661469,U,OB,1,1,867,126232,67,55:00.0,3,6:00,644
7561662037,U,OB,1,1,394,126232,67,42:00.0,3,6:00,644
7561662055,U,OB,1,2,788,126232,67,22:00.0,3,6:00,644
7561662257,U,OB,1,4,1690,126232,67,38:00.0,3,6:00,644
756166233X,U,OB,1,1,486,131529,84,00:00.0,3,8:00,644
7561662358,U,OB,1,1,885,126618,51,51:00.0,5,11:00,644
7561662376,U,OB,1,1,513,136349,51,15:00.0,7,18:00,644
7561662486,U,OB,1,4,2190,136349,51,28:00.0,7,18:00,644
7561662504,U,OB,1,1,1360,139875,52,23:00.0,7,3:00,644
7561671589,U,OB,1,4,230,131077,89,29:00.0,3,11:00,644
7561671607,U,OB,1,1,227,138144,67,11:00.0,4,13:00,644
7561671616,U,OB,1,1,745,138144,67,45:00.0,4,12:00,644
7561671634,U,OB,1,1,289,129491,67,33:00.0,3,10:00,644
7561671643,U,OB,1,1,289,129491,67,30:00.0,3,10:00,644
7561673531,U,OB,1,1,185,138144,67,16:00.0,4,13:00,644
756167575X,U,OB,1,12,504,131077,89,37:00.0,3,11:00,644
756167630X,U,OB,1,1,335,127512,43,01:00.0,1,3:00,644
7561676346,U,OB,1,2,780,121722,48,12:00.0,3,10:00,644
7561676355,U,OB,1,1,290,121722,48,47:00.0,3,10:00,644
7561676391,U,OB,1,1,340,132675,69,32:00.0,4,10:00,644
7561676447,U,OB,1,1,400,119040,69,32:00.0,5,12:00,644
7561676465,U,OB,1,1,580,119040,69,15:00.0,5,13:00,644
7561676474,U,OB,1,1,367,137424,91,18:00.0,6,14:00,644
7561676474,U,OB,1,1,367,137424,66,37:00.0,6,7:00,644
7561676501,U,IB,1,1,369,130654,105,01:00.0,7,14:00,644
7561676557,U,OB,1,2,1060,131507,40,48:00.0,7,16:00,644
7561676575,U,OB,1,3,1780,131507,40,42:00.0,7,15:00,644
7561676593,U,OB,1,1,285,127512,43,53:00.0,1,2:00,644
7561676611,U,OB,1,1,255,127512,43,47:00.0,1,2:00,644
7561676620,U,OB,1,1,660,121722,48,10:00.0,3,11:00,644
7561676649,U,OB,1,1,225,132675,69,35:00.0,4,10:00,644
7561676667,U,OB,1,1,480,130617,43,30:00.0,5,1:00,644
7561676676,U,OB,1,1,310,126232,67,02:00.0,3,6:00,644
7561676694,U,OB,1,1,670,132675,69,25:00.0,4,10:00,644
7561676721,U,OB,1,1,465,132675,69,10:00.0,4,11:00,644
7561676759,U,OB,1,2,865,130617,43,37:00.0,5,1:00,644
7561676795,U,OB,1,1,260,136461,72,08:00.0,6,14:00,644
7561676822,U,OB,1,1,265,249073,39,58:00.0,1,6:00,644
7561676840,U,OB,1,1,485,136660,50,16:00.0,3,18:00,644
7561676914,U,OB,1,2,1005,127653,55,26:00.0,4,9:00,644
7561676941,U,OB,1,1,215,202186,53,03:00.0,4,16:00,644
7561676988,U,OB,1,1,280,135903,51,18:00.0,5,19:00,644
7561676997,U,OB,1,2,1205,135903,51,06:00.0,5,19:00,644
7561677006,U,OB,1,1,290,135903,51,00:00.0,5,19:00,644
7561677262,U,OB,1,1,720,136546,69,58:00.0,5,9:00,644
7561677271,U,OB,1,1,430,131507,40,52:00.0,7,17:00,644
7561677280,U,OB,1,2,1285,131507,40,21:00.0,7,17:00,644
7561677309,U,OB,1,2,3363,131507,40,40:00.0,7,17:00,644
7561677446,U,OB,1,1,120,291267,63,20:00.0,6,8:00,644
7561677455,U,OB,1,4,9480,130654,93,08:00.0,7,14:00,644
7561677455,U,IB,1,4,9480,130654,105,06:00.0,7,14:00,644
7561677464,U,IB,1,1,50,130654,105,58:00.0,7,12:00,644
7561677473,U,OB,1,1,790,138730,31,56:00.0,5,10:00,644
7561677473,U,OB,1,1,790,138730,97,59:00.0,5,10:00,644
7561677482,U,OB,1,1,411,128918,55,31:00.0,7,20:00,644
7561677500,U,OB,1,5,8241,121632,55,09:00.0,6,20:00,644
7561677500,U,CTY,1,5,8241,121632,232,26:00.0,1,17:00,644
7561680012,U,OB,1,6,2625,137093,55,09:00.0,6,14:00,644
7561680021,U,OB,1,1,899,137093,55,13:00.0,6,14:00,644
7561680030,U,OB,1,1,300,137093,47,28:00.0,6,15:00,644
7561680030,U,OB,1,1,300,137093,47,28:00.0,6,15:00,644
756168004X,U,OB,1,1,534,137093,55,30:00.0,6,15:00,644
7561680059,U,OB,1,1,594,137093,55,11:00.0,6,15:00,644
7561680077,U,OB,1,5,12475,127351,50,42:00.0,6,16:00,644
7561680122,U,OB,1,1,1250,137093,55,57:00.0,6,14:00,644
7561680131,U,OB,1,1,1960,137093,55,51:00.0,6,14:00,644
7561680140,U,OB,1,1,290,137093,55,08:00.0,6,15:00,644
756168015X,U,OB,1,1,290,137093,55,44:00.0,6,14:00,644
7561680169,U,OB,1,2,595,137093,55,27:00.0,6,15:00,644
7561680178,U,OB,1,1,300,137093,55,44:00.0,6,13:00,644
7561680187,U,OB,1,1,573,137093,55,53:00.0,6,13:00,644
7561680205,U,OB,1,1,103,126232,67,53:00.0,3,5:00,644
7561680214,U,OB,1,1,265,126232,67,23:00.0,3,5:00,644
7561680223,U,OB,1,2,407,121722,48,01:00.0,3,11:00,644
7561680232,U,OB,1,1,224,121722,48,05:00.0,3,11:00,644
7561680672,U,OB,1,4,1191,131077,89,14:00.0,3,11:00,644
7561680690,U,OB,1,1,159,131529,84,53:00.0,3,8:00,644
756168070X,U,OB,1,1,206,131529,84,51:00.0,3,9:00,644
7561680719,U,OB,1,1,184,131529,84,54:00.0,3,8:00,644
7561680728,U,OB,1,3,1389,131529,84,30:00.0,3,8:00,644
7561680746,U,OB,1,1,185,290014,69,08:00.0,6,14:00,644
7561680755,U,OB,1,1,1040,136461,72,40:00.0,6,13:00,644
7561681213,U,OB,1,1,125,127491,95,02:00.0,5,9:00,644
7561681231,U,OB,1,3,5416,127491,95,59:00.0,5,8:00,644
756168125X,U,IB,1,2,1300,130932,125,28:00.0,3,16:00,644
7561681534,U,OB,1,1,288,129491,67,13:00.0,3,9:00,644
7561681543,U,OB,1,1,299,125939,67,46:00.0,3,20:00,644
7561681552,U,OB,1,2,1235,130947,43,29:00.0,3,9:00,644
7561681570,U,OB,1,1,172,129491,67,05:00.0,3,9:00,644
7561681599,U,OB,1,2,655,130947,43,34:00.0,3,8:00,644
7561681608,U,OB,1,1,154,129491,67,03:00.0,3,9:00,644
7561681626,U,OB,1,1,485,129491,67,10:00.0,3,9:00,644
7561681635,U,OB,1,1,410,130947,43,27:00.0,3,8:00,644
7561681644,U,OB,1,2,915,130947,43,01:00.0,3,10:00,644
7561681680,U,OB,1,1,415,130947,43,53:00.0,3,8:00,644
7561681718,U,OB,1,6,4314,134298,60,41:00.0,4,7:00,644
7561682001,U,OB,1,1,203,290014,69,43:00.0,6,12:00,644
7561682268,U,OB,1,1,778,138189,43,57:00.0,7,12:00,644
7561682277,U,OB,1,1,300,138189,43,50:00.0,7,12:00,644
7561682295,U,OB,1,2,628,129491,67,43:00.0,3,9:00,644
7561682304,U,OB,1,1,625,139548,53,59:00.0,4,14:00,644
7561682322,U,OB,1,1,2260,133210,67,44:00.0,5,20:00,644
7561682340,U,OB,1,8,15330,558869,60,50:00.0,6,1:00,644
7561682396,U,OB,1,6,7911,132492,50,29:00.0,5,17:00,644
7561682405,U,OB,1,1,615,137093,55,28:00.0,6,14:00,644
7561682414,U,OB,1,5,9530,132492,50,13:00.0,5,18:00,644
7561682432,U,OB,1,1,120,132492,50,18:00.0,5,17:00,644
7561682441,U,OB,1,1,1250,132492,50,34:00.0,5,16:00,644
7561682479,U,OB,1,2,1064,132492,50,31:00.0,5,16:00,644
7561682479,U,OB,1,2,1064,132492,45,02:00.0,5,19:00,644
7561682488,U,OB,1,2,1110,127351,50,20:00.0,6,16:00,644
7561682497,U,OB,1,2,1671,137093,55,33:00.0,6,13:00,644
7561682506,U,OB,1,1,155,558869,60,04:00.0,6,2:00,644
756168301X,U,OB,1,1,477,281163,52,14:00.0,5,7:00,644
7561683029,U,OB,1,7,5150,131507,40,15:00.0,7,16:00,644
7561683038,U,OB,1,1,134,128918,55,21:00.0,7,21:00,644
7561683047,U,OB,1,1,244,136349,51,10:00.0,7,18:00,644
7561683056,U,OB,1,1,221,128918,55,49:00.0,7,20:00,644
7561683074,U,OB,1,1,70,136349,51,35:00.0,7,16:00,644
7561683092,U,OB,1,4,2920,128918,55,46:00.0,7,20:00,644
7561683101,U,OB,1,3,394,128918,55,53:00.0,7,20:00,644
7561684284,U,OB,1,5,6530,118534,73,20:00.0,4,10:00,644
7561684293,U,OB,1,5,6550,118534,73,47:00.0,4,10:00,644
7561684477,U,OB,1,5,6510,118534,73,30:00.0,4,10:00,644
7561684495,U,OB,1,1,410,131304,78,27:00.0,6,0:00,644
7561686778,U,OB,1,3,585,291267,63,29:00.0,6,11:00,644
7561686796,U,OB,1,1,1350,136804,74,31:00.0,7,20:00,644
756168928X,U,OB,1,1,2366,133640,95,40:00.0,3,9:00,644
7561689308,U,OB,1,1,154,559026,22,44:00.0,5,0:00,644
7561689317,U,OB,1,1,290,559026,22,53:00.0,5,0:00,644
7561689326,U,OB,1,1,783,559026,22,42:00.0,5,1:00,644
7561689353,U,OB,1,5,9530,559026,22,56:00.0,5,0:00,644
7561689409,U,OB,1,1,310,559026,22,39:00.0,5,1:00,644
7561689418,U,OB,1,1,1250,559026,22,41:00.0,5,0:00,644
7561691205,U,OB,1,2,339,131529,84,53:00.0,3,7:00,644
7561691297,U,OB,1,1,280,131304,78,16:00.0,6,0:00,644
7561691306,U,OB,1,1,237,131304,78,24:00.0,6,0:00,644
7561691764,U,OB,1,1,1520,290014,69,28:00.0,6,11:00,644
7561691847,U,OB,1,2,1265,133161,43,02:00.0,6,19:00,644
7561691874,U,OB,1,1,543,290014,69,25:00.0,6,11:00,644
7561691883,U,OB,1,1,394,133161,43,41:00.0,6,18:00,644
7561691892,U,OB,1,1,560,133161,43,40:00.0,6,18:00,644
7561691901,U,OB,1,1,1365,290014,69,34:00.0,6,11:00,644
756169192X,U,CTY,1,3,1740,290014,R4  ,45:00.0,6,18:00,644
756169192X,U,OB,1,3,1740,290014,69,50:00.0,6,13:00,644
7561691939,U,OB,1,1,615,290014,69,18:00.0,6,11:00,644
7561691948,U,OB,1,1,315,133161,43,57:00.0,6,18:00,644
7561691966,U,OB,1,1,160,290014,69,07:00.0,6,11:00,644
756169302X,U,OB,1,1,360,130947,43,29:00.0,3,8:00,644
7561693039,U,OB,1,1,328,136546,69,10:00.0,5,10:00,644
7561693057,U,OB,1,1,742,136461,72,41:00.0,6,12:00,644
7561693066,U,OB,1,1,79,249073,39,37:00.0,1,2:00,644
7561693093,U,OB,1,1,156,249073,39,39:00.0,1,2:00,644
7561693102,U,OB,1,1,202,139743,67,31:00.0,3,8:00,644
7561693111,U,OB,1,1,184,139743,67,17:00.0,3,8:00,644
7561693120,U,OB,1,1,165,139743,67,30:00.0,3,8:00,644
7561693149,U,OB,1,1,142,202186,53,13:00.0,4,16:00,644
7561693167,U,OB,1,1,212,281163,52,49:00.0,5,9:00,644
7561693194,U,OB,1,1,101,127512,43,12:00.0,1,1:00,644
7561693203,U,OB,1,1,152,132675,69,19:00.0,4,8:00,644
7561693212,U,OB,1,1,134,132675,69,25:00.0,4,8:00,644
7561693221,U,OB,1,1,218,138730,31,38:00.0,5,10:00,644
7561693230,U,OB,1,1,196,138730,31,54:00.0,5,10:00,644
756169324X,U,OB,1,1,90,138730,31,30:00.0,5,11:00,644
7561693259,U,OB,1,1,76,138730,31,39:00.0,5,10:00,644
7561693652,U,OB,1,1,144,131529,84,05:00.0,3,10:00,644
756169368X,U,OB,1,1,280,123517,53,49:00.0,4,10:00,644
7561693699,U,OB,1,1,145,123517,53,53:00.0,4,9:00,644
7561693708,U,OB,1,1,118,126618,51,58:00.0,5,9:00,644
7561693735,U,OB,1,1,82,138189,43,09:00.0,7,14:00,644
7561693771,U,OB,1,1,113,127512,43,43:00.0,1,2:00,644
756169401X,U,OB,1,1,572,124019,48,03:00.0,4,8:00,644
7561694029,U,OB,1,1,180,123517,53,56:00.0,4,9:00,644
7561694038,U,OB,1,1,219,139743,67,32:00.0,3,8:00,644
7561694056,U,IB,1,2,562,130654,105,09:00.0,7,11:00,644
7561694056,U,OB,1,2,562,130654,61,10:00.0,7,11:00,644
7561694276,U,OB,1,1,243,138730,31,24:00.0,5,10:00,644
7561694285,U,CTY,1,1,90,130654,191,11:00.0,7,12:00,644
7561694285,U,IB,1,1,90,130654,105,09:00.0,7,12:00,644
7561694294,U,IB,1,1,176,130654,105,40:00.0,7,12:00,644
7561695174,U,OB,1,2,1575,559087,46,38:00.0,7,20:00,644
7561695183,U,OB,1,1,717,559087,46,02:00.0,7,20:00,644
7561695192,U,OB,1,1,840,559087,46,06:00.0,7,20:00,644
7561695201,U,OB,1,3,2154,559087,46,23:00.0,7,20:00,644
7561695210,U,OB,1,2,1680,559087,46,39:00.0,7,20:00,644
756169522X,U,OB,1,3,2415,559087,46,20:00.0,7,20:00,644
7561695239,U,OB,1,1,681,559087,46,50:00.0,7,19:00,644
7561695412,U,OB,1,1,752,128918,55,57:00.0,7,21:00,644
7561695421,U,OB,1,4,2632,904116,52,12:00.0,7,20:00,644
7561695430,U,OB,1,1,712,904116,52,00:00.0,7,20:00,644
756169544X,U,OB,1,2,1270,904116,52,07:00.0,7,20:00,644
7561695459,U,OB,1,1,657,904116,52,37:00.0,7,19:00,644
7561695468,U,OB,1,3,1905,904116,52,53:00.0,7,19:00,644
7561695477,U,OB,1,1,635,904116,52,44:00.0,7,19:00,644
7561695486,U,OB,1,1,705,904116,52,02:00.0,7,20:00,644
7561699693,U,OB,1,2,670,202186,53,56:00.0,4,15:00,644
7561699711,U,OB,1,1,390,118534,73,45:00.0,4,8:00,644
7561700032,U,OB,1,7,9731,202186,53,37:00.0,4,17:00,644
7561700032,U,CTY,1,7,9731,202186,225,31:00.0,5,7:00,644
756170006X,U,OB,1,1,510,121632,55,31:00.0,6,20:00,644
7561700079,U,OB,1,2,2000,136624,53,51:00.0,6,15:00,644
7561700088,U,OB,1,1,116,136349,51,46:00.0,7,18:00,644
7561700252,U,OB,1,1,220,121632,55,39:00.0,6,18:00,644
7561700537,U,IB,1,1,1210,128663,105,19:00.0,7,18:00,644
7561700546,U,IB,1,1,443,128663,105,23:00.0,7,18:00,644
7561700555,U,OB,1,2,2752,132875,66,15:00.0,1,7:00,644
7561700582,U,OB,1,1,480,129875,39,09:00.0,4,19:00,644
7561700600,U,OB,1,1,164,126076,49,45:00.0,7,13:00,644
7561701260,U,OB,1,3,2173,130617,43,22:00.0,5,2:00,644
7561701536,U,OB,1,1,292,291267,63,30:00.0,6,10:00,644
7561701554,U,OB,1,1,89,291267,63,25:00.0,6,8:00,644
7561701563,U,OB,1,3,1072,291267,63,09:00.0,6,8:00,644
7561701756,U,OB,1,7,2214,291267,63,05:00.0,6,9:00,644
7561701792,U,OB,1,1,146,123067,46,35:00.0,6,17:00,644
7561701810,U,OB,1,2,680,290014,69,11:00.0,6,13:00,644
7561701994,U,OB,1,1,343,123067,46,39:00.0,6,17:00,644
7561702021,U,OB,1,1,394,129491,67,39:00.0,3,10:00,644
7561702030,U,OB,1,2,788,129491,67,43:00.0,3,10:00,644
756170204X,U,OB,1,1,394,129491,67,02:00.0,3,11:00,644
7561702059,U,OB,1,1,394,129491,67,01:00.0,3,11:00,644
7561702077,U,OB,1,5,2006,121684,74,51:00.0,4,10:00,644
7561702517,U,OB,1,1,364,558869,60,10:00.0,6,4:00,644
7561702526,U,OB,1,4,3840,558869,60,03:00.0,6,3:00,644
7561702562,U,OB,1,2,1290,139548,53,00:00.0,4,16:00,644
7561702571,U,OB,1,1,661,139548,53,04:00.0,4,16:00,644
7561702580,U,OB,1,1,413,139548,53,06:00.0,4,16:00,644
756170259X,U,OB,1,2,1291,139548,53,51:00.0,4,15:00,644
7561702609,U,OB,1,1,413,139548,53,05:00.0,4,16:00,644
7561702618,U,OB,1,1,723,139548,53,47:00.0,4,15:00,644
7561702627,U,OB,1,2,1135,139548,53,59:00.0,4,13:00,644
7561702654,U,OB,1,1,40,125939,67,57:00.0,3,21:00,644
7561702719,U,OB,1,1,250,290766,18,32:00.0,1,11:00,644
7561702737,U,OB,1,4,6030,290014,69,56:00.0,6,11:00,644
7561703020,U,OB,1,2,1080,119040,69,31:00.0,5,12:00,644
7561703058,U,OB,1,1,350,119040,69,51:00.0,5,12:00,644
7561703076,U,OB,1,1,540,119040,69,35:00.0,5,12:00,644
7561703094,U,OB,1,1,480,119040,69,06:00.0,5,13:00,644
7561703103,U,OB,1,1,327,137424,66,25:00.0,6,7:00,644
7561703112,U,OB,1,1,766,137424,66,05:00.0,6,8:00,644
7561703130,U,OB,1,1,510,137424,66,34:00.0,6,7:00,644
756170314X,U,OB,1,1,327,137424,66,39:00.0,6,7:00,644
7561703159,U,IB,1,1,374,130654,105,51:00.0,7,13:00,644
7561703204,U,OB,1,1,486,130654,91,03:00.0,7,14:00,644
7561703204,U,OB,1,1,486,130654,91,03:00.0,7,14:00,644
7561703269,U,OB,1,5,12685,139738,38,14:00.0,3,15:00,644
7561703278,U,OB,1,1,530,125939,67,19:00.0,3,21:00,644
7561703287,U,OB,1,1,294,125939,67,04:00.0,3,21:00,644
7561703296,U,OB,1,1,296,125939,67,06:00.0,3,21:00,644
7561703323,U,OB,1,1,290,125939,67,17:00.0,3,21:00,644
7561703332,U,OB,1,2,2681,139738,38,42:00.0,3,15:00,644
7561703341,U,OB,1,1,545,139738,38,58:00.0,3,14:00,644
7561703341,U,IB,1,1,545,139738,106,02:00.0,4,5:00,644
7561703350,U,OB,1,1,576,139738,38,47:00.0,3,14:00,644
756170336X,U,OB,1,3,5573,139738,38,36:00.0,3,15:00,644
7561703424,U,OB,1,1,1325,125939,67,09:00.0,3,21:00,644
7561703772,U,OB,1,1,1309,130617,43,25:00.0,5,2:00,644
7561703828,U,OB,1,1,468,130617,43,27:00.0,5,2:00,644
7561703855,U,OB,1,3,2891,119040,69,01:00.0,5,13:00,644
7561703882,U,OB,1,1,1040,119040,69,48:00.0,5,10:00,644
7561703891,U,OB,1,1,1040,119040,69,54:00.0,5,12:00,644
7561704616,U,OB,1,4,4415,127512,43,45:00.0,1,3:00,644
7561704762,U,OB,1,4,957,281163,52,22:00.0,5,10:00,644
7561704771,U,OB,1,3,1366,281163,52,31:00.0,5,10:00,644
7561704780,U,OB,1,1,89,281163,52,58:00.0,5,9:00,644
7561704836,U,OB,1,4,696,132675,69,08:00.0,4,11:00,644
7561704845,U,OB,1,1,189,138730,31,49:00.0,5,11:00,644
7561704854,U,OB,1,1,145,138730,31,34:00.0,5,11:00,644
7561705835,U,OB,1,1,79,134298,60,09:00.0,4,9:00,644
7561705844,U,OB,1,1,220,136660,50,33:00.0,3,18:00,644
7561705862,U,OB,1,1,188,136660,50,35:00.0,3,18:00,644
7561705871,U,OB,1,1,203,136660,50,39:00.0,3,18:00,644
7561706055,U,OB,1,14,10745,131529,84,28:00.0,3,10:00,644
7561706073,U,OB,1,5,3824,138594,74,07:00.0,4,14:00,644
7561706082,U,CTY,1,6,2383,559026,P12 ,32:00.0,5,2:00,644
7561706082,U,OB,1,6,2383,559026,22,26:00.0,5,0:00,644
7561706091,U,OB,1,4,6620,131304,78,09:00.0,6,1:00,644
7561706129,U,OB,1,4,3296,290014,69,05:00.0,6,13:00,644
7561706138,U,OB,1,1,255,129491,67,21:00.0,3,11:00,644
7561706147,U,OB,1,1,228,121632,55,53:00.0,6,20:00,644
7561706156,U,OB,1,1,277,121632,55,56:00.0,6,20:00,644
7561706165,U,OB,1,2,554,121632,55,51:00.0,6,20:00,644
7561706183,U,OB,1,3,668,121632,55,13:00.0,6,21:00,644
7561706201,U,OB,1,1,342,121632,55,42:00.0,6,20:00,644
7561706210,U,OB,1,1,304,121632,55,05:00.0,6,21:00,644
756170776X,U,OB,1,1,436,133640,95,04:00.0,3,8:00,644
7561707779,U,OB,1,1,867,133640,95,53:00.0,3,8:00,644
7561707806,U,OB,1,3,3704,125939,67,36:00.0,3,21:00,644
7561707815,U,OB,1,1,867,558869,60,44:00.0,5,23:00,644
7561707824,U,OB,1,1,670,135511,74,52:00.0,7,13:00,644
7561707842,U,OB,1,1,436,139743,67,30:00.0,3,9:00,644
7561707851,U,OB,1,1,1265,139743,67,55:00.0,3,9:00,644
7561707860,U,OB,1,3,1155,134298,60,16:00.0,4,8:00,644
7561707898,U,OB,1,1,405,281163,52,18:00.0,5,7:00,644
7561707916,U,OB,1,2,1340,137129,66,21:00.0,5,8:00,644
7561707925,U,OB,1,1,867,128918,55,29:00.0,7,21:00,644
7561707952,U,OB,1,1,605,132675,69,25:00.0,4,10:00,644
7561707961,U,OB,1,1,670,126076,49,38:00.0,7,14:00,644
756170798X,U,OB,1,1,1657,126076,49,26:00.0,7,14:00,644
7561707999,U,OB,1,2,692,126076,49,07:00.0,7,14:00,644
7561708008,U,OB,1,1,265,126076,49,53:00.0,7,13:00,644
7561708026,U,IB,1,2,1629,133623,101,07:00.0,5,18:00,644
7561708053,U,OB,1,2,2208,123067,46,33:00.0,6,17:00,644
756170809X,U,OB,1,1,710,130947,43,42:00.0,3,8:00,644
7561708109,U,OB,1,2,3480,139738,38,51:00.0,3,15:00,644
7561708127,U,OB,1,2,1779,118534,73,52:00.0,4,8:00,644
7561708237,U,OB,1,1,1355,123544,46,29:00.0,5,13:00,644
7561708329,U,OB,1,1,1200,131304,78,24:00.0,5,23:00,644
7561708410,U,IB,1,2,2365,136584,163,17:00.0,4,10:00,644
756170842X,U,OB,1,1,894,117368,52,30:00.0,3,19:00,644
7561708466,U,OB,1,1,1112,211511,76,55:00.0,4,11:00,644
7561708466,U,OB,1,1,1112,211511,37,26:00.0,4,12:00,644
7561708475,U,OB,1,2,1524,211511,76,51:00.0,4,11:00,644
7561709016,U,OB,1,1,100,281163,52,24:00.0,5,8:00,644
7561709034,U,CTY,1,1,153,136624,C18 ,38:00.0,7,17:00,644
7561709034,U,OB,1,1,153,136624,53,21:00.0,6,15:00,644
7561709043,U,OB,1,1,2000,136624,53,10:00.0,6,15:00,644
7561709052,U,OB,1,2,3020,136624,53,27:00.0,6,15:00,644
7561709061,U,OB,1,1,1338,139875,52,46:00.0,7,3:00,644
756170908X,U,OB,1,1,290,136624,53,14:00.0,6,15:00,644
7561709099,U,OB,1,1,540,136624,53,08:00.0,6,15:00,644
7561709108,U,OB,1,1,352,136624,53,26:00.0,6,14:00,644
7561709117,U,OB,1,5,6230,136624,53,38:00.0,6,15:00,644
7561709126,U,OB,1,6,12975,139875,52,42:00.0,7,3:00,644
7561709144,U,OB,1,1,323,139875,52,45:00.0,7,3:00,644
7561709153,U,OB,1,1,163,139875,52,45:00.0,7,3:00,644
7561709171,U,OB,1,1,270,139875,52,44:00.0,7,3:00,644
7561709180,U,OB,1,2,826,139875,52,50:00.0,7,3:00,644
756170919X,U,OB,1,1,296,139875,52,48:00.0,7,3:00,644
7561709382,U,OB,1,1,84,138594,74,33:00.0,4,13:00,644
756170941X,U,OB,1,4,4035,124019,48,06:00.0,4,9:00,644
7561709786,U,OB,1,3,2190,124019,48,02:00.0,4,10:00,644
7561709822,U,OB,1,3,2655,136660,50,09:00.0,3,18:00,644
7561710015,U,IB,1,1,1250,211171,135,04:00.0,4,14:00,644
7561710024,U,IB,1,2,2165,211171,135,22:00.0,4,14:00,644
7561710042,U,OB,1,1,343,127613,75,17:00.0,5,3:00,644
756171007X,U,OB,1,1,552,136461,72,46:00.0,6,12:00,644
7561710089,U,OB,1,1,1365,131495,14,51:00.0,7,18:00,644
7561710107,U,OB,1,1,1100,131495,14,24:00.0,7,18:00,644
7561710253,U,OB,1,2,2100,136461,72,21:00.0,6,12:00,644
7561712536,U,OB,1,1,625,138144,67,50:00.0,4,13:00,644
7561712554,U,OB,1,5,2830,138144,67,09:00.0,4,14:00,644
7561712581,U,OB,1,1,180,126618,51,48:00.0,5,9:00,644
7561712619,U,OB,1,7,3672,133161,43,13:00.0,6,18:00,644
7561712637,U,OB,1,8,1560,290574,73,09:00.0,6,11:00,644
7561712646,U,OB,1,2,1330,138189,43,01:00.0,7,14:00,644
7561712646,U,OB,1,2,1330,138189,91,37:00.0,1,6:00,644
7561712655,U,OB,1,1,290,138189,43,58:00.0,7,12:00,644
7561712682,U,OB,1,1,585,138189,43,04:00.0,7,14:00,644
7561712691,U,CTY,1,5,2555,138189,P12 ,44:00.0,1,6:00,644
7561712691,U,OB,1,5,2555,138189,43,24:00.0,7,14:00,644
7561712700,U,OB,1,1,164,121684,74,32:00.0,4,10:00,644
7561712729,U,OB,1,1,187,138189,43,42:00.0,7,12:00,644
7561712738,U,OB,1,5,2975,138189,43,17:00.0,7,13:00,644
7561712747,U,OB,1,1,1280,138189,43,52:00.0,7,13:00,644
7561712765,U,OB,1,1,845,126618,51,23:00.0,5,10:00,644
7561712774,U,OB,1,4,1985,126618,51,26:00.0,5,10:00,644
7561712792,U,OB,1,2,1065,126618,51,51:00.0,5,9:00,644
7561712801,U,OB,1,1,620,126618,51,35:00.0,5,10:00,644
7561712810,U,OB,1,2,1100,133161,43,03:00.0,6,19:00,644
756171282X,U,OB,1,2,1230,133161,43,03:00.0,6,19:00,644
7561712839,U,OB,1,3,940,133161,43,16:00.0,6,19:00,644
7561712848,U,OB,1,1,255,133161,43,22:00.0,6,18:00,644
7561712857,U,OB,1,12,4480,133161,43,09:00.0,6,19:00,644
7561712866,U,IB,1,4,488,128663,105,14:00.0,7,18:00,644
7561712875,U,OB,1,3,1325,129491,67,19:00.0,3,10:00,644
7561712884,U,OB,1,6,2260,129491,67,24:00.0,3,10:00,644
7561712893,U,OB,1,1,485,129491,67,47:00.0,3,9:00,644
7561712902,U,OB,1,3,1785,129491,67,21:00.0,3,10:00,644
7561712911,U,OB,1,3,560,129491,67,30:00.0,3,9:00,644
7561712958,U,OB,1,1,420,127613,75,09:00.0,5,11:00,644
7561712976,U,OB,1,4,3800,127613,75,56:00.0,5,4:00,644
7561713021,U,OB,1,3,3550,133210,67,09:00.0,5,22:00,644
7561713030,U,OB,1,5,1310,133210,67,36:00.0,5,22:00,644
756171304X,U,OB,1,2,895,133210,67,15:00.0,5,21:00,644
7561713059,U,OB,1,1,795,133210,67,33:00.0,5,22:00,644
7561713068,U,OB,1,3,1735,133210,67,26:00.0,5,21:00,644
7561713077,U,OB,1,1,495,127351,50,26:00.0,6,17:00,644
7561713086,U,OB,1,4,2835,127351,50,21:00.0,6,18:00,644
7561713095,U,OB,1,2,1480,127351,50,43:00.0,6,18:00,644
7561713104,U,OB,1,1,370,127351,50,46:00.0,6,18:00,644
7561713113,U,OB,1,1,1240,559087,46,10:00.0,7,18:00,644
7561713122,U,OB,1,2,2255,559087,46,06:00.0,7,18:00,644
7561713122,U,OB,1,2,2255,559087,99,50:00.0,1,9:00,644
7561713131,U,OB,1,1,1735,559087,46,21:00.0,7,18:00,644
7561713140,U,OB,1,1,1100,136660,50,56:00.0,3,17:00,644
756171315X,U,OB,1,3,1055,136660,50,58:00.0,3,17:00,644
7561713169,U,OB,1,3,2495,136660,50,46:00.0,3,17:00,644
7561713178,U,OB,1,2,1490,127653,55,47:00.0,4,9:00,644
7561713187,U,OB,1,2,3200,202186,53,53:00.0,4,17:00,644
7561713196,U,OB,1,2,385,127653,55,00:00.0,4,10:00,644
7561713205,U,OB,1,2,1295,127653,55,41:00.0,4,9:00,644
7561713214,U,OB,1,5,1890,127653,55,33:00.0,4,10:00,644
7561713232,U,OB,1,3,1110,281163,52,52:00.0,5,7:00,644
7561713241,U,OB,1,2,655,281163,52,30:00.0,5,7:00,644
7561713250,U,OB,1,1,1030,281163,52,31:00.0,5,8:00,644
756171326X,U,OB,1,1,395,121632,55,15:00.0,6,18:00,644
7561713279,U,OB,1,2,1285,136349,51,13:00.0,7,19:00,644
7561713297,U,OB,1,3,1270,136349,51,03:00.0,7,18:00,644
7561713306,U,OB,1,2,950,126232,67,25:00.0,3,5:00,644
7561713315,U,OB,1,1,795,136349,51,16:00.0,7,17:00,644
7561713324,U,OB,1,6,1734,136349,51,16:00.0,7,17:00,644
7561713333,U,OB,1,2,1120,129559,51,11:00.0,3,20:00,644
7561713342,U,OB,1,1,1890,129559,51,22:00.0,3,20:00,644
7561713351,U,OB,1,1,430,129559,51,54:00.0,3,19:00,644
7561713360,U,OB,1,2,1530,123905,76,11:00.0,4,15:00,644
756171337X,U,OB,1,2,3250,123905,76,16:00.0,4,15:00,644
7561713389,U,OB,1,4,1775,132675,69,30:00.0,4,8:00,644
7561713398,U,OB,1,1,635,281163,52,36:00.0,5,8:00,644
7561713407,U,OB,1,1,1895,119040,69,13:00.0,5,9:00,644
7561713416,U,OB,1,2,1160,119040,69,43:00.0,5,8:00,644
7561713425,U,OB,1,3,1370,119040,69,49:00.0,5,8:00,644
7561713434,U,OB,1,1,220,119040,69,45:00.0,5,8:00,644
7561713443,U,OB,1,1,1020,137424,66,47:00.0,6,6:00,644
7561713452,U,OB,1,4,2695,291267,63,02:00.0,6,11:00,644
7561713470,U,OB,1,2,2100,249377,48,34:00.0,7,11:00,644
7561715268,U,OB,1,4,7635,559026,22,18:00.0,5,0:00,644
7561715277,U,OB,1,4,7460,559026,22,01:00.0,5,0:00,644
7561715286,U,OB,1,1,259,124019,48,18:00.0,4,8:00,644
7561715295,U,OB,1,2,770,124019,48,53:00.0,4,8:00,644
7561716029,U,OB,1,1,435,121684,74,35:00.0,4,8:00,644
7561716047,U,OB,1,2,649,121684,74,32:00.0,4,11:00,644
7561716056,U,OB,1,1,189,121684,74,57:00.0,4,10:00,644
7561716056,U,OB,1,1,189,121684,62,03:00.0,4,13:00,644
7561716074,U,OB,1,1,231,121684,74,22:00.0,4,11:00,644
7561716092,U,OB,1,2,739,121684,74,12:00.0,4,11:00,644
7561716101,U,OB,1,1,211,118534,73,30:00.0,4,8:00,644
756171612X,U,OB,1,1,405,121684,74,22:00.0,4,10:00,644
7561716139,U,OB,1,1,85,121684,74,28:00.0,4,11:00,644
7561716157,U,OB,1,1,1035,127613,75,19:00.0,5,3:00,644
7561716166,U,IB,1,1,640,211171,135,58:00.0,4,13:00,644
7561716166,U,IB,1,1,640,211171,109,26:00.0,4,15:00,644
7561716175,U,IB,1,1,1250,211171,135,36:00.0,4,14:00,644
7561716184,U,IB,1,6,12675,211171,135,35:00.0,4,14:00,644
7561716193,U,IB,1,2,1160,211171,135,14:00.0,4,14:00,644
7561716202,U,IB,1,1,2745,211171,135,17:00.0,4,14:00,644
7561716220,U,OB,1,1,1030,121684,74,16:00.0,4,10:00,644
7561716249,U,OB,1,3,5870,125939,67,36:00.0,3,22:00,644
7561716258,U,OB,1,1,245,139738,38,46:00.0,3,15:00,644
7561716359,U,OB,1,1,1331,132184,96,52:00.0,4,10:00,644
7561716377,U,OB,1,1,110,132184,96,10:00.0,3,18:00,644
7561716395,U,OB,1,1,461,127653,55,17:00.0,4,11:00,644
7561716422,U,OB,1,1,393,121632,55,18:00.0,6,18:00,644
7561716431,U,OB,1,1,1000,136624,53,42:00.0,6,15:00,644
7561716440,U,OB,1,1,446,136349,51,10:00.0,7,19:00,644
756171645X,U,OB,1,1,1300,136349,51,54:00.0,7,18:00,644
7561716469,U,OB,1,4,4685,129559,51,34:00.0,3,21:00,644
7561716478,U,OB,1,1,189,121722,48,35:00.0,3,9:00,644
7561716487,U,OB,1,2,1050,132675,69,52:00.0,4,8:00,644
7561716496,U,OB,1,1,536,132675,69,25:00.0,4,9:00,644
7561716761,U,OB,1,1,510,138189,43,21:00.0,7,14:00,644
7561716808,U,IB,1,1,736,130932,125,50:00.0,3,17:00,644
7561716817,U,IB,1,5,8708,130932,125,46:00.0,3,17:00,644
7561716862,U,OB,1,3,4465,211026,40,37:00.0,3,14:00,644
7561716871,U,OB,1,6,4535,211026,40,56:00.0,3,14:00,644
7561716909,U,OB,1,2,2890,123905,76,28:00.0,4,15:00,644
7561716927,U,OB,1,2,1628,126076,49,02:00.0,7,16:00,644
7561716936,U,OB,1,2,2279,126076,49,52:00.0,7,15:00,644
7561717587,U,OB,1,1,645,126618,51,31:00.0,5,11:00,644
7561717641,U,OB,1,1,288,126618,51,35:00.0,5,11:00,644
7561717697,U,IB,1,1,336,128663,105,11:00.0,7,19:00,644
7561717724,U,OB,1,1,660,130947,43,19:00.0,3,9:00,644
7561717816,U,OB,1,1,676,136546,69,12:00.0,5,11:00,644
7561717825,U,OB,1,1,582,135903,51,46:00.0,5,19:00,644
7561717843,U,OB,1,2,890,130793,53,44:00.0,6,18:00,644
7561717870,U,OB,1,1,368,559087,46,43:00.0,7,19:00,644
756171788X,U,OB,1,1,430,559087,46,40:00.0,7,19:00,644
7561717917,U,OB,1,2,244,135903,51,11:00.0,5,20:00,644
7561717926,U,OB,1,1,240,135903,51,27:00.0,5,19:00,644
7561717953,U,OB,1,2,980,135903,51,52:00.0,5,19:00,644
7561717980,U,OB,1,2,453,121632,55,39:00.0,6,20:00,644
7561718018,U,OB,1,1,288,136349,51,09:00.0,7,20:00,644
7561718137,U,OB,1,1,432,136804,74,43:00.0,7,19:00,644
7561718155,U,OB,1,1,287,136804,74,43:00.0,7,19:00,644
7561718173,U,OB,1,5,4909,136804,56,46:00.0,7,20:00,644
7561718173,U,OB,1,5,4909,136804,74,45:00.0,7,20:00,644
7561718274,U,OB,1,1,1100,127653,55,39:00.0,4,10:00,644
7561718348,U,OB,1,1,1395,121632,55,25:00.0,6,18:00,644
7561718375,U,OB,1,1,645,136349,51,09:00.0,7,20:00,644
7561718402,U,OB,1,1,697,129875,39,25:00.0,4,20:00,644
7561718420,U,OB,1,1,736,129875,39,10:00.0,4,20:00,644
7561718449,U,OB,1,1,675,137424,66,16:00.0,6,8:00,644
7561718467,U,OB,1,2,984,136804,74,49:00.0,7,20:00,644
7561718485,U,OB,1,3,2903,136804,74,14:00.0,7,19:00,644
7561718797,U,IB,1,2,1515,133623,101,45:00.0,5,17:00,644
7561718824,U,OB,1,1,1000,130947,43,05:00.0,3,10:00,644
7561718833,U,OB,1,2,1830,130947,43,26:00.0,3,9:00,644
7561718851,U,OB,1,1,779,121684,74,53:00.0,4,8:00,644
7561718889,U,OB,1,1,677,121684,74,49:00.0,4,8:00,644
7561718898,U,OB,1,1,700,127613,75,30:00.0,5,3:00,644
7561718907,U,OB,1,1,1500,127613,75,34:00.0,5,3:00,644
7561718916,U,OB,1,1,1200,127613,75,18:00.0,5,4:00,644
7561718925,U,OB,1,1,660,136546,69,48:00.0,5,10:00,644
7561718934,U,OB,1,3,2001,559087,46,15:00.0,7,18:00,644
7561718943,U,OB,1,2,830,136546,69,42:00.0,5,10:00,644
7561718999,U,OB,1,1,744,135903,51,23:00.0,5,19:00,644
7561720052,U,OB,1,1,550,131529,84,16:00.0,3,8:00,644
7561720070,U,OB,1,1,300,131529,84,22:00.0,3,8:00,644
7561720584,U,OB,1,3,2460,127653,55,58:00.0,4,11:00,644
7561720593,U,OB,1,3,1995,127653,55,39:00.0,4,11:00,644
7561720703,U,OB,1,1,236,291267,63,44:00.0,6,10:00,644
7561722519,U,OB,1,1,394,127653,55,51:00.0,4,12:00,644
7561722546,U,OB,1,2,2553,131495,14,44:00.0,7,19:00,644
7561722573,U,OB,1,1,736,249073,39,24:00.0,1,2:00,644
7561722582,U,OB,1,1,185,130793,53,12:00.0,6,19:00,644
7561722591,U,OB,1,2,625,130793,53,18:00.0,6,19:00,644
7561722600,U,OB,1,2,2890,130793,53,20:00.0,6,19:00,644
756172261X,U,OB,1,1,370,136546,69,08:00.0,5,10:00,644
7561722638,U,OB,1,2,4562,136546,69,55:00.0,5,11:00,644
7561722647,U,OB,1,2,2440,136546,69,20:00.0,5,11:00,644
7561722656,U,OB,1,1,95,136546,69,32:00.0,5,11:00,644
7561722692,U,OB,1,1,290,126618,51,54:00.0,5,8:00,644
7561722921,U,OB,1,5,2402,137424,66,30:00.0,6,8:00,644
7561722959,U,OB,1,4,5540,132675,69,01:00.0,4,11:00,644
7561722968,U,OB,1,1,229,132675,69,51:00.0,4,10:00,644
7561722986,U,OB,1,2,4410,132675,69,59:00.0,4,8:00,644
7561723004,U,OB,1,3,5013,132675,69,14:00.0,4,10:00,644
7561723096,U,OB,1,1,170,119040,69,35:00.0,5,9:00,644
7561723105,U,OB,1,1,80,126232,67,36:00.0,3,5:00,644
7561723114,U,OB,1,1,195,126232,67,32:00.0,3,5:00,644
7561723132,U,OB,1,4,3770,135903,51,48:00.0,5,18:00,644
7561723141,U,OB,1,1,290,137129,66,48:00.0,5,7:00,644
756172316X,U,OB,1,1,1250,137129,66,04:00.0,5,8:00,644
7561723179,U,OB,1,1,285,137129,66,32:00.0,5,7:00,644
7561723188,U,OB,1,1,316,137129,66,56:00.0,5,7:00,644
7561723197,U,OB,1,1,1250,137129,66,59:00.0,5,7:00,644
7561723206,U,OB,1,2,2170,135903,51,52:00.0,5,18:00,644
7561723224,U,OB,1,5,5000,137129,29,39:00.0,5,7:00,644
7561723224,U,OB,1,5,5000,137129,66,30:00.0,5,7:00,644
7561723233,U,OB,1,1,530,137129,66,38:00.0,5,7:00,644
7561723242,U,OB,1,1,290,137129,66,21:00.0,5,7:00,644
7561740512,U,OB,1,1,503,121632,55,59:00.0,6,20:00,644
7561740732,U,OB,1,1,573,127512,43,00:00.0,1,4:00,644
756174076X,U,OB,1,1,600,127512,43,35:00.0,1,2:00,644
7561741008,U,OB,1,2,2705,127512,43,54:00.0,1,3:00,644
7561741026,U,OB,1,1,25,119040,69,35:00.0,5,10:00,644
7561741035,U,OB,1,1,209,119040,69,11:00.0,5,10:00,644
7561741053,U,OB,1,1,347,119040,69,49:00.0,5,10:00,644
7561741062,U,OB,1,1,223,119040,69,37:00.0,5,11:00,644
7561742034,U,OB,1,2,488,137424,66,21:00.0,6,8:00,644
7561745096,U,OB,1,2,992,130617,43,00:00.0,5,2:00,644
7561745105,U,OB,1,1,160,132675,69,04:00.0,4,11:00,644
7561745132,U,OB,1,1,178,130617,43,45:00.0,5,1:00,644
7561745150,U,OB,1,1,154,132675,69,47:00.0,4,8:00,644
756174516X,U,OB,1,1,91,130617,43,22:00.0,5,1:00,644
7561745260,U,OB,1,1,543,291267,63,08:00.0,6,9:00,644
756174527X,U,OB,1,2,386,291267,63,20:00.0,6,9:00,644
7561745289,U,OB,1,5,6596,291267,63,17:00.0,6,11:00,644
7561745307,U,OB,1,1,530,291267,63,21:00.0,6,10:00,644
7561745316,U,OB,1,1,180,291267,63,58:00.0,6,8:00,644
7561745325,U,OB,1,1,180,291267,63,19:00.0,6,10:00,644
7561745334,U,OB,1,1,540,291267,63,14:00.0,6,10:00,644
7561745343,U,OB,1,1,320,291267,63,08:00.0,6,10:00,644
7561745352,U,IB,1,2,356,130654,105,10:00.0,7,14:00,644
7561745361,U,OB,1,1,322,136804,74,33:00.0,7,20:00,644
7561745370,U,OB,1,4,1861,136804,74,43:00.0,7,20:00,644
7561745399,U,OB,1,1,218,249377,48,28:00.0,7,11:00,644
7561745417,U,OB,1,1,325,249377,48,42:00.0,7,11:00,644
7561745444,U,OB,1,1,219,249377,48,44:00.0,7,11:00,644
7561745453,U,OB,1,3,955,249377,48,24:00.0,7,11:00,644
7561749799,U,OB,1,1,199,136804,74,18:00.0,7,19:00,644
7561749808,U,OB,1,1,71,136804,74,52:00.0,7,19:00,644
7561761266,U,IB,1,1,985,130654,105,04:00.0,7,11:00,644
7561761284,U,OB,1,8,1015,136804,74,28:00.0,7,20:00,644
7561767765,U,OB,1,1,400,126232,67,23:00.0,3,6:00,644
7561768764,U,OB,1,2,1318,904116,52,24:00.0,7,18:00,644
7561768773,U,OB,1,1,1445,904116,52,27:00.0,7,18:00,644
7561768782,U,OB,1,1,575,904116,52,16:00.0,7,18:00,644
756177002X,U,OB,1,1,408,133210,67,42:00.0,5,22:00,644
7561770048,U,OB,1,1,1485,136546,69,27:00.0,5,9:00,644
7561770057,U,OB,1,1,185,136546,69,57:00.0,5,8:00,644
7561770066,U,OB,1,1,160,136546,69,39:00.0,5,9:00,644
7561770075,U,OB,1,1,135,136546,69,30:00.0,5,9:00,644
7561770084,U,OB,1,2,1650,136546,69,17:00.0,5,9:00,644
7561770102,U,OB,1,1,554,132492,50,26:00.0,5,16:00,644
7561770120,U,OB,1,1,540,136546,69,25:00.0,5,9:00,644
7561770167,U,OB,1,15,6835,131495,14,42:00.0,7,20:00,644
7561770194,U,OB,1,1,625,127653,55,37:00.0,4,9:00,644
7561770221,U,OB,1,1,674,136349,51,26:00.0,7,16:00,644
7561770230,U,OB,1,1,950,128918,55,34:00.0,7,20:00,644
7561770259,U,OB,1,1,252,129559,51,02:00.0,3,20:00,644
7561770277,U,OB,1,1,528,127351,50,56:00.0,6,17:00,644
7561770277,U,IB,1,1,528,127351,108,57:00.0,6,17:00,644
7561770295,U,OB,1,1,696,127351,50,50:00.0,6,18:00,644
7561770331,U,OB,1,2,920,127351,50,15:00.0,6,18:00,644
7561770396,U,OB,1,5,2496,135903,51,21:00.0,5,20:00,644
7561770405,U,OB,1,6,3085,135903,51,23:00.0,5,20:00,644
7561770497,U,OB,1,5,2499,138730,31,57:00.0,5,11:00,644
7561772266,U,OB,1,1,285,136349,51,21:00.0,7,16:00,644
7561772275,U,OB,1,1,1100,129559,51,49:00.0,3,19:00,644
7561772293,U,OB,1,7,3156,138730,31,25:00.0,5,13:00,644
7561772302,U,OB,1,2,895,138730,31,44:00.0,5,12:00,644
7561772540,U,CTY,1,2,4228,211511,193,07:00.0,4,12:00,644
7561772540,U,OB,1,2,4228,211511,76,03:00.0,4,12:00,644
756177255X,U,OB,1,1,2114,211511,76,28:00.0,4,12:00,644
756177255X,U,OB,1,1,2114,211511,70,28:00.0,4,14:00,644
756177266X,U,OB,1,1,2114,137129,66,29:00.0,5,8:00,644
7561772679,U,OB,1,1,2114,137129,66,26:00.0,5,8:00,644
7561772706,U,OB,1,1,2114,288003,46,24:00.0,6,11:00,644
7561772715,U,OB,1,2,3225,137129,66,55:00.0,5,8:00,644
7561772724,U,OB,1,6,12685,288003,46,39:00.0,6,10:00,644
7561772751,U,OB,1,2,4228,288003,46,22:00.0,6,11:00,644
7561772807,U,OB,1,1,2114,288003,46,20:00.0,6,11:00,644
7561772816,U,OB,1,1,2114,288003,46,28:00.0,6,11:00,644
7561772834,U,OB,1,1,2114,126232,67,46:00.0,3,7:00,644
7561772843,U,OB,1,1,2114,126232,67,50:00.0,3,7:00,644
7561772861,U,OB,1,3,6343,126232,67,15:00.0,3,7:00,644
7561772908,U,OB,1,1,2114,126232,67,19:00.0,3,7:00,644
7561773036,U,OB,1,1,1325,531254,67,57:00.0,4,23:00,644
7561773045,U,OB,1,3,4920,531254,45,51:00.0,5,3:00,644
7561773081,U,OB,1,4,3625,559636,14,15:00.0,6,1:00,644
7561773090,U,OB,1,3,3150,559636,14,46:00.0,5,23:00,644
756177310X,U,OB,1,4,4358,559636,14,59:00.0,6,0:00,644
7561773119,U,OB,1,1,285,559636,14,02:00.0,6,1:00,644
7561773137,U,OB,1,2,1412,904116,52,57:00.0,7,18:00,644
7561773173,U,OB,1,1,290,904116,52,37:00.0,7,18:00,644
7561773191,U,OB,1,1,290,904116,52,40:00.0,7,18:00,644
7561773200,U,OB,1,1,617,904116,52,29:00.0,7,18:00,644
7561773238,U,OB,1,1,300,904116,52,32:00.0,7,18:00,644
7561774769,U,OB,1,1,290,531254,67,57:00.0,5,0:00,644
7561774778,U,OB,1,1,292,531254,67,59:00.0,5,0:00,644
7561774787,U,OB,1,1,1325,531254,67,50:00.0,5,0:00,644
7561774796,U,OB,1,1,1325,531254,67,15:00.0,5,0:00,644
7561774805,U,OB,1,1,290,531254,67,54:00.0,5,0:00,644
7561774814,U,OB,1,1,290,531254,67,55:00.0,5,0:00,644
7561774823,U,OB,1,1,290,531254,67,10:00.0,5,0:00,644
7561774832,U,OB,1,1,290,531254,67,06:00.0,5,0:00,644
7561774841,U,OB,1,1,290,531254,67,04:00.0,5,0:00,644
756177486X,U,OB,1,3,4350,531254,67,13:00.0,5,0:00,644
7561774915,U,OB,1,1,296,531254,67,45:00.0,5,0:00,644
7561774933,U,OB,1,2,1100,531254,67,02:00.0,4,23:00,644
7561774951,U,OB,1,1,305,531254,67,39:00.0,4,22:00,644
7561774960,U,OB,1,1,790,531254,67,08:00.0,4,23:00,644
7561774960,U,CTY,1,1,790,531254,P   ,18:00.0,5,13:00,644
7561774989,U,OB,1,2,2595,531254,97,00:00.0,5,1:00,644
7561774989,U,OB,1,2,2595,531254,97,00:00.0,5,1:00,644
7561910078,U,OB,1,5,5394,138684,39,56:00.0,3,1:00,409
7561910087,U,OB,1,1,180,125332,49,59:00.0,4,11:00,409
7561910096,U,OB,1,1,120,125332,49,26:00.0,4,11:00,409
7561910132,U,OB,1,2,800,130549,63,17:00.0,4,13:00,409
7561910141,U,OB,1,1,450,130549,63,45:00.0,4,13:00,409
7561910150,U,OB,1,1,265,125332,49,05:00.0,4,12:00,409
756191016X,U,OB,1,2,1200,130549,63,42:00.0,4,13:00,409
7561910179,U,OB,1,1,75,125332,49,57:00.0,4,10:00,409
7561910619,U,OB,1,1,460,135238,52,52:00.0,6,9:00,409
7561910628,U,OB,1,2,900,138271,49,23:00.0,5,17:00,409
7561910637,U,OB,1,1,200,138271,49,40:00.0,5,16:00,409
7561910655,U,OB,1,15,1660,558981,51,31:00.0,4,5:00,409
7561912011,U,OB,1,12,2104,133748,26,45:00.0,6,0:00,409
7561913102,U,OB,1,1,561,430637,51,49:00.0,4,7:00,409
7561913149,U,OB,1,2,1422,124574,60,17:00.0,6,2:00,409
7561913185,U,OB,1,6,4150,136842,39,55:00.0,5,6:00,409
7561913221,U,OB,1,1,615,133748,26,04:00.0,5,22:00,409
756191346X,U,OB,1,1,194,430637,51,20:00.0,4,7:00,409
7561913479,U,OB,1,9,2175,430637,51,13:00.0,4,8:00,409
7561913497,U,OB,1,1,18,133193,49,31:00.0,6,6:00,409
7561913506,U,OB,1,1,556,276775,85,47:00.0,1,14:00,409
7561913506,U,OB,1,1,556,276775,63,02:00.0,1,10:00,409
7561913515,U,OB,1,6,6000,130549,63,36:00.0,4,11:00,409
7561913551,U,OB,1,1,225,136263,75,52:00.0,6,8:00,409
7561913589,U,OB,1,2,614,430951,53,04:00.0,5,12:00,409
7561913607,U,OB,1,1,1485,133193,49,28:00.0,6,11:00,409
7561913616,U,OB,1,1,710,137528,49,34:00.0,7,13:00,409
7561913616,U,CTY,1,1,710,137528,P   ,14:00.0,1,0:00,409
7561913661,U,OB,1,5,1745,133352,73,06:00.0,6,10:00,409
756191368X,U,OB,1,4,2030,133748,26,41:00.0,5,22:00,409
7561913717,U,OB,1,1,750,136419,53,36:00.0,3,4:00,409
7561913726,U,OB,1,2,1600,133432,46,24:00.0,3,2:00,409
7561915540,U,OB,1,4,1830,135232,50,41:00.0,7,12:00,409
7561919060,U,OB,1,1,288,128828,73,31:00.0,5,7:00,409
756191907X,U,OB,1,1,1200,134483,51,40:00.0,4,5:00,409
7561919702,U,OB,1,1,728,125602,67,38:00.0,3,21:00,409
756191973X,U,OB,1,1,170,134846,53,50:00.0,7,11:00,409
7561919758,U,OB,1,4,2775,132108,52,13:00.0,5,7:00,409
7561921518,U,OB,1,2,917,133432,46,57:00.0,3,2:00,409
7561921765,U,OB,1,2,650,133193,49,52:00.0,6,5:00,409
7561921801,U,OB,1,1,765,133193,49,10:00.0,6,8:00,409
7561921810,U,OB,1,11,3296,261307,60,52:00.0,3,3:00,409
7561921839,U,OB,1,3,2360,126046,52,31:00.0,5,10:00,409
7561922360,U,OB,1,1,199,137528,49,10:00.0,7,11:00,409
756192237X,U,OB,1,1,190,139487,52,32:00.0,7,8:00,409
7561923608,U,OB,1,17,92,134863,32,05:00.0,5,13:00,409
7561924744,U,OB,1,4,2341,137541,38,03:00.0,3,3:00,409
7561924762,U,OB,1,85,2540,135192,10,43:00.0,1,10:00,409
7561924780,U,OB,1,33,825,135192,10,18:00.0,1,10:00,409
7561926266,U,OB,1,1,1359,132813,31,29:00.0,6,6:00,409
756192743X,U,OB,1,1,200,139487,52,25:00.0,7,10:00,409
7561927449,U,OB,1,3,330,134846,53,33:00.0,7,12:00,409
7561927833,U,OB,1,1,155,136263,75,47:00.0,6,10:00,409
7561927842,U,OB,1,1,145,134168,51,44:00.0,4,12:00,409
7561927851,U,OB,1,1,245,138271,49,52:00.0,5,15:00,409
7561927889,U,OB,1,1,180,290980,38,42:00.0,4,19:00,409
7561927907,U,OB,1,1,465,135629,76,55:00.0,6,15:00,409
7561927934,U,OB,1,1,475,134846,53,28:00.0,7,12:00,409
7561927943,U,OB,1,1,736,249290,51,38:00.0,3,6:00,409
7561927952,U,OB,1,1,395,126046,52,22:00.0,5,10:00,409
7561927961,U,OB,1,1,392,127381,38,05:00.0,7,11:00,409
7561927970,U,OB,1,1,285,127381,38,22:00.0,7,11:00,409
756192963X,U,OB,1,1,1152,125332,49,17:00.0,4,13:00,409
7561929649,U,OB,1,3,837,125332,49,44:00.0,4,12:00,409
7561929676,U,CTY,1,3,2110,125332,_UNK,01:00.0,5,6:00,409
7561929676,U,OB,1,3,2110,125332,49,37:00.0,4,13:00,409
7561929685,U,OB,1,2,905,430637,51,43:00.0,4,6:00,409
7561929694,U,OB,1,3,2424,430637,51,38:00.0,4,5:00,409
7561929703,U,OB,1,4,2815,430637,51,24:00.0,4,5:00,409
7561929712,U,OB,1,2,880,430637,51,11:00.0,4,5:00,409
756192974X,U,OB,1,1,92,136263,62,02:00.0,6,12:00,409
756192974X,U,OB,1,1,92,136263,75,01:00.0,6,12:00,409
7561929777,U,OB,1,6,4723,124574,60,08:00.0,6,3:00,409
7561929786,U,OB,1,1,108,124574,60,51:00.0,6,1:00,409
7561929813,U,OB,1,2,1359,276775,63,19:00.0,1,14:00,409
7561929822,U,OB,1,20,3490,276775,63,05:00.0,1,15:00,409
7561929923,U,OB,1,13,4090,134168,51,03:00.0,4,14:00,409
7561929932,U,OB,1,1,92,125933,55,06:00.0,5,17:00,409
7561929941,U,OB,1,1,92,125933,55,03:00.0,5,17:00,409
7561929950,U,OB,1,7,2180,125933,55,20:00.0,5,17:00,409
756192996X,U,OB,1,2,775,125933,55,43:00.0,5,16:00,409
7561929979,U,OB,1,1,778,125933,55,31:00.0,5,16:00,409
7561929988,U,OB,1,1,598,125933,55,37:00.0,5,16:00,409
7561929997,U,OB,1,2,1338,125933,55,51:00.0,5,16:00,409
7561930006,U,OB,1,3,1569,125933,55,11:00.0,5,17:00,409
7561932738,U,OB,1,1,190,558981,51,29:00.0,4,6:00,409
7561933288,U,OB,1,2,1547,133193,49,37:00.0,6,12:00,409
7561933297,U,OB,1,3,1385,133193,49,41:00.0,6,11:00,409
7561933306,U,OB,1,1,216,133193,49,40:00.0,6,6:00,409
7561933315,U,OB,1,2,1247,133193,49,23:00.0,6,8:00,409
7561933324,U,OB,1,1,72,134700,72,22:00.0,3,7:00,409
7561933333,U,OB,1,1,307,134700,72,45:00.0,3,7:00,409
7561933342,U,OB,1,1,294,134700,72,29:00.0,3,7:00,409
7561933351,U,OB,1,2,1251,134700,72,20:00.0,3,4:00,409
7561933360,U,OB,1,2,1025,134700,72,40:00.0,3,7:00,409
7561933407,U,OB,1,1,224,558981,51,25:00.0,4,4:00,409
7561933425,U,OB,1,1,113,133247,51,28:00.0,5,6:00,409
7561933434,U,OB,1,2,1510,133748,26,24:00.0,6,0:00,409
7561933443,U,OB,1,2,803,133748,26,40:00.0,6,0:00,409
7561933452,U,OB,1,1,229,135866,52,31:00.0,6,1:00,409
7561933470,U,OB,1,4,1886,137541,38,16:00.0,3,5:00,409
756193348X,U,OB,1,1,156,137541,38,56:00.0,3,4:00,409
7561933499,U,OB,1,1,698,137541,38,53:00.0,3,4:00,409
7561933508,U,OB,1,1,645,137541,38,04:00.0,3,5:00,409
7561933517,U,OB,1,1,137,137541,38,06:00.0,3,5:00,409
7561933526,U,OB,1,1,271,137541,38,12:00.0,3,5:00,409
7561933535,U,OB,1,1,245,290600,55,07:00.0,5,14:00,409
756193359X,U,OB,1,1,267,132813,31,55:00.0,6,6:00,409
7561934269,U,OB,1,2,735,135232,50,20:00.0,7,11:00,409
7561934278,U,OB,1,4,1130,135232,50,02:00.0,7,11:00,409
7561941895,U,OB,1,4,2800,130549,63,47:00.0,4,12:00,409
7561941904,U,OB,1,1,500,135238,52,01:00.0,6,9:00,409
7561941913,U,OB,1,1,350,136419,53,49:00.0,3,4:00,409
756194195X,U,OB,1,2,1900,137541,38,05:00.0,3,2:00,409
7561941969,U,OB,1,1,1400,135206,50,56:00.0,4,7:00,409
7561941996,U,OB,1,1,750,127381,38,28:00.0,7,10:00,409
7561942537,U,OB,1,2,912,136419,53,18:00.0,3,3:00,409
7561942546,U,OB,1,1,506,136512,31,58:00.0,4,3:00,409
7561942564,U,OB,1,1,690,136419,53,27:00.0,3,3:00,409
7561942573,U,OB,1,1,667,290600,55,16:00.0,5,13:00,409
7561942885,U,OB,1,1,526,138684,39,28:00.0,3,0:00,409
7561942894,U,OB,1,1,849,290775,51,42:00.0,3,9:00,409
7561942912,U,OB,1,5,3100,130549,63,28:00.0,4,11:00,409
756194294X,U,OB,1,2,974,136419,53,38:00.0,3,5:00,409
756194294X,U,CTY,1,2,974,136419,231,54:00.0,6,18:00,409
7561942959,U,OB,1,1,180,136842,39,35:00.0,5,7:00,409
7561942968,U,OB,1,2,1383,138271,49,56:00.0,5,15:00,409
7561942977,U,OB,1,1,990,558981,51,16:00.0,4,11:00,409
7561942986,U,OB,1,1,435,558981,51,27:00.0,4,10:00,409
7561942995,U,OB,1,1,500,558981,51,57:00.0,4,5:00,409
7561943810,U,OB,1,2,1001,136419,53,46:00.0,3,3:00,409
7561943866,U,OB,1,9,10750,132813,31,34:00.0,6,7:00,409
7561944095,U,OB,1,1,180,134863,32,55:00.0,5,10:00,409
7561944113,U,OB,1,1,1400,134863,32,34:00.0,5,10:00,409
7561944131,U,OB,1,6,2325,136419,53,13:00.0,3,3:00,409
7561944169,U,OB,1,1,175,138271,49,45:00.0,5,17:00,409
7561944187,U,OB,1,10,14905,430951,53,51:00.0,5,14:00,409
7561944196,U,OB,1,3,1575,430951,53,18:00.0,5,17:00,409
7561944764,U,OB,1,10,5796,131113,40,05:00.0,6,10:00,409
7561945754,U,OB,1,1,285,134483,51,53:00.0,4,6:00,409
7561947835,U,OB,1,1,655,131113,40,46:00.0,6,6:00,409
7561947853,U,OB,1,1,270,133193,49,21:00.0,6,11:00,409
7561947880,U,OB,1,1,210,134700,72,56:00.0,3,3:00,409
756194789X,U,OB,1,1,1130,134700,72,12:00.0,3,3:00,409
756194789X,U,CTY,1,1,1130,134700,R205,38:00.0,3,12:00,409
756194976X,U,OB,1,6,2400,137528,49,04:00.0,7,11:00,409
756194976X,U,CTY,1,6,2400,137528,208,20:00.0,7,11:00,409
7561949797,U,OB,1,2,360,138271,49,30:00.0,5,16:00,409
7561949806,U,OB,1,2,1300,138271,49,37:00.0,5,16:00,409
7561949815,U,OB,1,1,190,138271,49,14:00.0,5,16:00,409
7561949824,U,OB,1,1,515,129798,67,43:00.0,4,2:00,409
7561949851,U,OB,1,1,550,128594,55,53:00.0,5,12:00,409
7561949860,U,OB,1,1,110,128828,73,18:00.0,5,6:00,409
756194987X,U,OB,1,2,425,128828,73,40:00.0,5,5:00,409
7561949889,U,OB,1,1,295,128594,55,24:00.0,5,11:00,409
7561949907,U,OB,1,1,20,130549,63,19:00.0,4,13:00,409
756195053X,U,OB,1,1,780,135629,76,35:00.0,6,14:00,409
756195097X,U,OB,1,1,1072,134863,32,26:00.0,5,10:00,409
7561950998,U,OB,1,2,3890,137276,38,51:00.0,7,18:00,409
7561951007,U,OB,1,1,1780,137276,38,53:00.0,7,18:00,409
7561951694,U,OB,1,1,330,135629,76,54:00.0,6,20:00,409
7561951703,U,OB,1,1,496,139487,52,40:00.0,7,8:00,409
7561951712,U,OB,1,1,300,249290,51,56:00.0,3,4:00,409
7561951721,U,OB,1,1,290,132108,52,16:00.0,5,6:00,409
7561952859,U,OB,1,1,990,136419,53,23:00.0,3,3:00,409
7561952868,U,OB,1,1,1082,134168,51,52:00.0,4,12:00,409
7561953079,U,OB,1,97,2037,130450,76,25:00.0,1,11:00,409
7561953519,U,OB,1,2,1005,127381,38,50:00.0,7,10:00,409
7561954233,U,OB,1,1,1923,290775,51,54:00.0,3,8:00,409
7561954242,U,OB,1,8,2813,290775,51,12:00.0,3,9:00,409
7561954801,U,OB,1,8,3135,128594,55,38:00.0,5,12:00,409
7561954810,U,OB,1,2,316,134425,50,06:00.0,7,16:00,409
756195482X,U,OB,1,10,3480,123499,26,24:00.0,6,3:00,409
7561954839,U,OB,1,1,190,133432,46,51:00.0,3,2:00,409
7561954848,U,OB,1,4,1683,430951,53,00:00.0,5,14:00,409
7561954857,U,OB,1,6,2620,430951,53,00:00.0,5,16:00,409
7561954875,U,OB,1,6,2050,129798,67,30:00.0,4,8:00,409
7561954884,U,OB,1,1,190,280629,55,48:00.0,4,9:00,409
7561954902,U,OB,1,2,431,290980,38,34:00.0,4,19:00,409
7561954911,U,OB,1,2,1140,137528,49,10:00.0,7,14:00,409
7561954920,U,OB,1,1,231,137528,49,27:00.0,7,15:00,409
756195493X,U,OB,1,2,355,137528,49,59:00.0,7,13:00,409
7561954949,U,OB,1,2,935,137528,49,05:00.0,7,14:00,409
7561954958,U,OB,1,1,190,137528,49,30:00.0,7,13:00,409
7561954976,U,OB,1,1,525,290980,38,49:00.0,4,18:00,409
7561954985,U,OB,1,1,158,134295,63,51:00.0,5,5:00,409
7561954994,U,OB,1,4,1170,135232,50,45:00.0,7,11:00,409
7561955003,U,OB,1,9,2560,133352,73,50:00.0,6,8:00,409
7561958303,U,OB,1,1,165,135206,50,50:00.0,4,7:00,409
7561958321,U,OB,1,5,8015,135206,50,30:00.0,4,9:00,409
7561958330,U,OB,1,1,560,132813,31,31:00.0,6,7:00,409
7561958368,U,OB,1,1,2360,126046,52,17:00.0,5,10:00,409
7561958386,U,OB,1,1,824,126046,52,19:00.0,5,10:00,409
7561958431,U,OB,1,1,1680,135866,52,12:00.0,6,1:00,409
7561958588,U,OB,1,1,1280,280629,55,25:00.0,4,11:00,409
7561958597,U,OB,1,1,185,138684,39,19:00.0,3,2:00,409
7561970706,U,IB,1,1,1045,842100,111,07:00.0,2,21:00,422
7561970715,U,IB,1,1,242,842100,111,19:00.0,2,21:00,422
7561970724,U,IB,1,3,895,842100,111,00:00.0,2,21:00,422
7561970733,U,IB,1,1,242,842100,111,15:00.0,2,21:00,422
7561970733,U,IB,1,1,242,842100,154,39:00.0,2,22:00,422
7561970742,U,IB,1,1,602,842100,111,55:00.0,2,20:00,422
7561970751,U,OB,1,2,540,599375,95,47:00.0,3,20:00,422
7561970760,U,OB,1,2,1175,599375,95,06:00.0,3,21:00,422
756197077X,U,OB,1,2,842,599375,95,54:00.0,3,20:00,422
7561970789,U,OB,1,1,290,599375,95,02:00.0,3,21:00,422
7561970825,U,OB,1,2,900,10422,76,55:00.0,2,21:00,422
7561970852,U,OB,1,1,355,10422,76,17:00.0,2,22:00,422
756197088X,U,OB,1,1,311,10422,76,30:00.0,2,22:00,422
7561970899,U,OB,1,1,415,560856,72,51:00.0,3,22:00,422
7561970917,U,OB,1,1,815,560856,72,47:00.0,3,22:00,422
7561970926,U,OB,1,2,1225,560856,72,55:00.0,3,22:00,422
7561970980,U,OB,1,2,191,561048,50,19:00.0,4,18:00,422
756197099X,U,OB,1,1,311,561048,50,27:00.0,4,18:00,422
7561971036,U,OB,1,1,285,842091,74,12:00.0,3,20:00,422
7561971045,U,OB,1,1,300,842091,74,54:00.0,3,20:00,422
7561971054,U,OB,1,5,1550,842091,74,52:00.0,3,20:00,422
7561971063,U,OB,1,5,2940,842091,74,21:00.0,3,20:00,422
7561971072,U,OB,1,2,400,842091,74,59:00.0,3,20:00,422
7561971081,U,OB,1,1,235,842091,74,29:00.0,3,19:00,422
7561971090,U,OB,1,1,815,842091,74,26:00.0,3,20:00,422
756197110X,U,OB,1,1,575,842091,74,44:00.0,3,20:00,422
7561971119,U,OB,1,1,380,842029,89,32:00.0,4,21:00,422
7561971128,U,OB,1,1,295,842029,89,35:00.0,4,21:00,422
7561971146,U,OB,1,2,1220,842082,63,46:00.0,6,0:00,422
7561971155,U,OB,1,1,815,842082,63,47:00.0,6,0:00,422
7561971173,U,OB,1,2,832,842082,63,48:00.0,6,0:00,422
7561971182,U,OB,1,1,602,841895,89,18:00.0,6,18:00,422
7561971247,U,OB,1,3,615,560041,32,59:00.0,5,20:00,422
7561971256,U,OB,1,4,1010,560041,32,54:00.0,5,20:00,422
7561971265,U,IB,1,1,1125,353210,103,48:00.0,6,21:00,422
7562071053,U,OB,1,11,4425,133250,10,07:00.0,2,14:00,653
7562071796,U,CTY,1,6,7955,139837,175,36:00.0,3,19:00,653
7562072025,U,OB,1,3,1067,261082,40,16:00.0,5,22:00,653
7562072117,U,OB,1,1,540,261082,40,12:00.0,5,22:00,653
7562072391,U,OB,1,8,5880,140365,74,24:00.0,2,2:00,653
756207285X,U,IB,1,11,3634,135821,123,03:00.0,7,18:00,653
7562072905,U,OB,1,2,1192,138423,84,40:00.0,7,0:00,653
7562072905,U,OB,1,2,1192,138423,40,07:00.0,6,17:00,653
7562072997,U,OB,1,9,9526,138423,40,17:00.0,6,17:00,653
7562073280,U,OB,1,2,720,129751,63,17:00.0,7,15:00,653
7562073354,U,OB,1,3,614,136660,50,29:00.0,3,18:00,653
7562073547,U,IB,1,2,750,133720,135,05:00.0,3,3:00,653
7562073556,U,OB,1,1,410,290218,46,18:00.0,1,22:00,653
7562073601,U,OB,1,1,390,290218,46,46:00.0,1,19:00,653
7562073639,U,IB,1,6,1790,140230,149,29:00.0,3,0:00,653
7562073758,U,OB,1,5,736,126896,26,01:00.0,3,2:00,653
7562074701,U,IB,1,9,5436,136167,117,19:00.0,2,9:00,653
7562074802,U,IB,1,2,777,136322,164,22:00.0,2,13:00,653
7562074959,U,OB,1,1,180,135469,88,31:00.0,1,12:00,653
756209892X,U,OB,1,1,170,131995,66,55:00.0,7,19:00,402
7562098948,U,OB,1,1,1300,119186,55,46:00.0,7,3:00,402
7562104850,U,OB,1,1,569,131372,46,52:00.0,6,21:00,402
7562104879,U,OB,1,1,297,123105,18,20:00.0,5,8:00,402
7562106684,U,OB,1,1,260,137647,55,11:00.0,6,4:00,684
7562108426,U,IB,1,1,325,138351,149,21:00.0,4,10:00,402
7562108444,U,IB,1,1,145,138351,149,05:00.0,4,10:00,402
7562108453,U,CTY,1,1,100,136632,174,28:00.0,4,12:00,402
7562117363,U,OB,1,5,590,134629,74,00:00.0,6,11:00,402
7562127337,U,CTY,1,3,4117,135370,197,21:00.0,1,19:00,402
7562127373,U,IB,1,1,1132,125262,150,27:00.0,5,16:00,402
7562135064,U,OB,1,1,291,202347,60,58:00.0,4,12:00,402
7562136467,U,OB,1,3,1010,132377,52,53:00.0,6,5:00,402
7562136687,U,CTY,1,2,11,127068,173,10:00.0,7,11:00,402
7562136788,U,CTY,1,1,1800,134389,187,16:00.0,5,15:00,402
7562141325,U,OB,1,1,365,261260,17,16:00.0,1,6:00,402
7562141399,U,OB,1,2,1195,139865,5,10:00.0,3,14:00,402
7562141399,U,OB,1,2,1195,139865,78,56:00.0,3,13:00,402
7562141480,U,OB,1,1,210,136884,52,05:00.0,5,19:00,402
7562141518,U,OB,1,1,393,132377,52,55:00.0,6,2:00,402
7562141628,U,OB,1,1,820,261094,60,15:00.0,6,14:00,402
7562141673,U,OB,1,1,380,128751,32,02:00.0,3,14:00,402
7562141682,U,OB,1,1,425,136550,17,14:00.0,3,12:00,402
7562141691,U,OB,1,2,1565,128751,32,56:00.0,3,14:00,402
7562141729,U,OB,1,1,220,136207,18,07:00.0,5,5:00,402
7562144001,U,OB,1,1,1045,128641,22,24:00.0,5,18:00,402
7562145056,U,OB,1,1,268,119711,52,26:00.0,6,15:00,402
7562145101,U,OB,1,1,360,131685,51,16:00.0,7,21:00,402
7562145193,U,OB,1,1,267,202347,60,17:00.0,4,14:00,402
756214523X,U,OB,1,1,506,124616,49,22:00.0,6,0:00,402
7562146358,U,OB,1,1,345,136484,17,59:00.0,4,9:00,402
7562150684,U,OB,1,10,2500,261260,17,14:00.0,1,8:00,402
7562159237,U,IB,1,1,298,431022,103,50:00.0,3,18:00,402
7562166533,U,OB,1,2,106,211022,58,59:00.0,6,12:00,402
7562166560,U,CTY,1,2,895,135370,197,34:00.0,1,18:00,402
7562167689,U,OB,1,1,53,124272,73,44:00.0,3,21:00,402
7562168019,U,OB,1,2,21,139865,78,42:00.0,3,15:00,402
7562180779,U,OB,1,7,6255,123105,18,40:00.0,5,8:00,402
7562198278,U,IB,1,1,62,129832,123,41:00.0,6,18:00,402
7562198516,U,OB,1,1,146,261094,60,18:00.0,6,17:00,402
7562199268,U,OB,1,1,331,132021,17,58:00.0,6,17:00,402
7562199771,U,CTY,1,1,300,136632,174,40:00.0,4,12:00,402
7562217867,U,OB,1,1,2065,290348,46,15:00.0,5,1:00,402
756221794X,U,IB,1,1,2305,431022,103,44:00.0,3,19:00,402
7562219351,U,IB,1,2,960,131733,141,11:00.0,6,15:00,402
7562219360,U,OB,1,1,225,134629,74,13:00.0,6,11:00,402
7562219389,U,OB,1,1,405,134629,74,52:00.0,6,10:00,402
7562219499,U,CTY,1,1,275,290993,187,12:00.0,7,19:00,402
7562222981,U,OB,1,1,596,137352,67,09:00.0,7,1:00,402
7562256587,U,OB,1,2,1327,202206,39,10:00.0,3,9:00,402
7562256614,U,OB,1,1,1728,119711,52,16:00.0,6,18:00,402
7562281703,U,OB,1,2,580,202347,60,20:00.0,4,13:00,402
7562287589,U,CTY,1,1,109,132595,237,35:00.0,3,21:00,402
7562287589,U,CTY,1,1,109,132595,238,04:00.0,2,22:00,402
7562287589,U,OB,1,1,109,132595,14,11:00.0,7,19:00,402
7562287726,U,OB,1,1,110,128641,22,18:00.0,5,20:00,402
7562298295,U,IB,1,2,72,140003,135,09:00.0,7,14:00,402
7562298331,U,OB,1,1,11,560490,72,04:00.0,7,7:00,402
7562300706,U,OB,1,2,2198,124272,73,35:00.0,3,20:00,402
7562300724,U,OB,1,4,3128,202347,60,07:00.0,4,14:00,402
7562301274,U,OB,1,1,365,139865,78,50:00.0,3,15:00,402
7562304969,U,OB,1,1,90,202347,60,27:00.0,4,15:00,402
7562307618,U,OB,1,1,1185,135088,13,58:00.0,1,6:00,402
7562307993,U,OB,1,1,317,123460,58,06:00.0,6,7:00,402
7562308534,U,IB,1,3,971,140342,111,52:00.0,7,6:00,402
7562320084,U,OB,1,1,660,132138,76,44:00.0,7,17:00,402
756232662X,U,OB,1,1,452,135088,13,49:00.0,1,6:00,402
7562328866,U,OB,1,1,165,278516,74,28:00.0,6,0:00,402
7562328884,U,IB,1,1,860,131733,141,13:00.0,6,15:00,402
7562332276,U,OB,1,1,1036,R621801606,40,54:00.0,5,10:00,402
756233234X,U,OB,1,1,655,137007,39,32:00.0,7,8:00,402
7562333046,U,OB,1,1,912,131995,66,45:00.0,7,19:00,402
7562333055,U,OB,1,5,4815,136746,22,14:00.0,3,12:00,402
756233355X,U,CTY,1,1,1525,123824,169,16:00.0,4,3:00,402
7562333724,U,OB,1,1,1183,121588,32,17:00.0,7,22:00,402
7562333751,U,OB,1,2,1697,136746,22,44:00.0,3,12:00,402
7562333825,U,OB,1,1,345,126812,55,16:00.0,1,6:00,402
7562333980,U,OB,1,2,831,130450,76,05:00.0,1,13:00,402
756233663X,U,CTY,1,2,790,123824,169,10:00.0,4,3:00,402
7562336649,U,OB,1,1,634,124272,73,16:00.0,3,21:00,402
7562336685,U,IB,1,1,191,431022,103,05:00.0,4,1:00,402
7562337657,U,OB,1,1,207,130450,76,22:00.0,1,12:00,402
7562338546,U,OB,1,1,830,123460,58,07:00.0,6,4:00,402
7562338600,U,IB,1,1,541,431022,103,50:00.0,3,19:00,402
7562341451,U,OB,1,2,960,130450,76,42:00.0,1,12:00,402
7562344394,U,OB,1,206,1093,249172,60,31:00.0,5,14:00,402
7562344495,U,CTY,1,1,635,123824,169,03:00.0,4,3:00,402
7562483324,U,OB,1,5,346,124159,90,09:00.0,1,21:00,182
756248447X,U,OB,1,4,347,131945,96,00:00.0,4,0:00,182
7562484635,U,IB,1,2,353,127866,135,03:00.0,5,2:00,182
7562484635,U,CTY,1,2,353,127866,226,54:00.0,3,9:00,182
7562485836,U,IB,1,6,643,137393,164,34:00.0,5,22:00,182
7562485881,U,OB,1,5,248,133828,51,39:00.0,4,1:00,182
7562486038,U,IB,1,3,303,129883,127,33:00.0,6,0:00,182
7562486541,U,IB,1,1,132,137393,164,52:00.0,5,20:00,182
7562486853,U,IB,1,3,380,139876,149,26:00.0,6,19:00,182
7562487129,U,IB,1,3,380,139876,149,26:00.0,6,19:00,182
7562487751,U,CTY,1,9,746,430385,187,21:00.0,2,22:00,182
7562488723,U,CTY,1,9,788,127543,196,42:00.0,1,17:00,182
7562488999,U,CTY,1,3,380,430385,187,10:00.0,2,19:00,182
7562489136,U,OB,1,3,336,129611,88,16:00.0,2,11:00,182
7562489154,U,CTY,1,3,239,125169,175,02:00.0,2,19:00,182
7562489219,U,CTY,1,5,560,125169,175,10:00.0,2,19:00,182
7562489621,U,CTY,1,2,360,125169,175,08:00.0,2,19:00,182
7562489823,U,CTY,1,10,864,430385,187,14:00.0,2,19:00,182
7562489989,U,CTY,1,1,104,123824,189,29:00.0,5,19:00,182
7562490328,U,IB,1,3,364,136874,143,50:00.0,3,20:00,182
7562490465,U,IB,1,12,896,136874,143,53:00.0,3,20:00,182
7562491015,U,IB,1,9,746,132797,141,51:00.0,4,13:00,182
7562491675,U,CTY,1,6,990,130954,188,42:00.0,6,14:00,182
7562492528,U,CTY,1,6,601,130954,188,32:00.0,6,6:00,182
7562492903,U,CTY,1,3,338,130954,188,20:00.0,6,9:00,182
7562493325,U,CTY,1,8,560,130954,188,30:00.0,6,10:00,182
7562493527,U,IB,1,9,746,130935,102,12:00.0,1,11:00,182
7562493527,U,IB,1,9,746,130935,143,13:00.0,1,7:00,182
756249393X,U,CTY,1,3,410,140247,208,15:00.0,6,15:00,182
756249393X,U,CTY,1,3,410,140247,238,22:00.0,6,15:00,182
7562494113,U,CTY,1,6,398,290014,174,31:00.0,6,13:00,182
7562494470,U,CTY,1,5,482,290014,174,16:00.0,6,13:00,182
7562495332,U,CTY,1,9,616,211511,168,58:00.0,2,16:00,182
7562495781,U,IB,1,1,135,139690,114,24:00.0,1,11:00,182
7562496158,U,CTY,1,3,323,211511,168,58:00.0,2,16:00,182
7562496378,U,CTY,1,10,864,211511,210,00:00.0,4,14:00,182
7562496378,U,CTY,1,10,864,211511,238,40:00.0,3,21:00,182
7562496378,U,CTY,1,10,864,211511,168,24:00.0,2,17:00,182
756249778X,U,IB,1,12,780,139690,114,47:00.0,1,10:00,182
7562497936,U,IB,1,2,253,135062,143,02:00.0,6,12:00,182
7562498082,U,IB,1,12,903,139690,114,58:00.0,1,10:00,182
7562498311,U,IB,1,5,487,136650,112,42:00.0,6,7:00,182
7562498459,U,IB,1,7,804,139690,114,33:00.0,1,11:00,182
7562498908,U,IB,1,3,128,125302,104,58:00.0,7,1:00,182
7562498917,U,IB,1,1,129,139690,114,44:00.0,1,9:00,182
7562499595,U,IB,1,5,248,136650,102,18:00.0,6,8:00,182
7562499595,U,IB,1,5,248,136650,112,49:00.0,6,6:00,182
7562499604,U,CTY,1,6,417,138990,194,02:00.0,5,19:00,182
7562500264,U,IB,1,4,216,136650,112,53:00.0,6,6:00,182
7562500264,U,CTY,1,4,216,136650,231,08:00.0,6,19:00,182
7562500942,U,CTY,1,4,384,136191,196,24:00.0,6,19:00,182
7562504399,U,CTY,1,10,708,138010,238,07:00.0,4,20:00,182
7562504399,U,CTY,1,10,708,138010,194,23:00.0,4,13:00,182
7562504637,U,IB,1,25,1470,137445,103,03:00.0,6,11:00,182
7562504857,U,IB,1,3,277,125220,164,02:00.0,6,10:00,182
7562504857,U,CTY,1,3,277,125220,238,36:00.0,6,18:00,182
7562505461,U,IB,1,12,797,137445,103,54:00.0,6,10:00,182
7562505847,U,IB,1,3,338,249147,125,36:00.0,6,21:00,182
7562505939,U,IB,1,1,145,137445,103,06:00.0,6,10:00,182
756250713X,U,IB,1,5,602,249147,125,57:00.0,6,20:00,182
7562507524,U,CTY,1,1,175,135080,174,45:00.0,7,5:00,182
7562669792,U,CTY,1,3,150,140262,187,15:00.0,6,15:00,123
7562672075,U,CTY,1,3,2189,CVEN44786,235,47:00.0,4,11:00,123
7562672075,U,CTY,1,3,2189,CVEN44786,233,31:00.0,3,14:00,123
7562672075,U,CTY,1,3,2189,CVEN44786,168,32:00.0,1,21:00,123
7562675916,U,CTY,1,2,420,130752,238,00:00.0,4,22:00,123
7562677768,U,OB,1,1,125,290021,87,53:00.0,1,6:00,123
756267983X,U,CTY,1,1,186,290757,197,19:00.0,7,7:00,123
7562679894,U,CTY,1,4,288,133626,192,44:00.0,6,17:00,123
7562681728,U,CTY,1,1,2910,133626,192,08:00.0,6,18:00,123
7562699456,U,CTY,1,1,270,138164,187,45:00.0,2,3:00,123
7562699941,U,CTY,1,1,221,138558,173,52:00.0,4,1:00,123
7562701041,U,OB,1,2,1421,290021,87,25:00.0,1,7:00,123
7562701189,U,CTY,1,1,125,132650,196,07:00.0,6,11:00,123
7562701198,U,CTY,1,1,1745,132650,196,33:00.0,6,18:00,123
7562704222,U,CTY,1,2,393,138164,187,55:00.0,2,13:00,123
7562707064,U,CTY,1,4,2352,140262,187,41:00.0,6,14:00,123
7562707073,U,CTY,1,1,2088,140262,187,11:00.0,6,15:00,123
7562707082,U,CTY,1,2,1198,261251,168,07:00.0,6,1:00,123
7562707239,U,OB,1,1,340,135599,96,41:00.0,4,4:00,123
7562707248,U,OB,1,10,3468,135599,96,44:00.0,4,6:00,123
7562708696,U,CTY,1,3,1480,128211,196,33:00.0,5,4:00,123
7562709823,U,OB,1,1,953,135599,96,38:00.0,4,4:00,123
756270986X,U,OB,1,3,218,135599,96,21:00.0,4,6:00,123
7562712335,U,CTY,1,1,450,132400,189,45:00.0,7,12:00,123
7562717880,U,IB,1,1,302,134403,125,36:00.0,1,15:00,123
7562718275,U,IB,1,1,1230,125564,141,41:00.0,6,23:00,123
7562731190,U,CTY,1,2,335,132650,196,19:00.0,6,16:00,123
7562731300,U,OB,1,1,255,138444,87,52:00.0,1,20:00,123
7562733089,U,CTY,1,6,2855,138704,192,09:00.0,2,20:00,123
756274110X,U,IB,1,1,306,125564,141,49:00.0,6,23:00,123
7562744033,U,CTY,1,1,667,137976,172,55:00.0,7,12:00,123
7562744042,U,IB,1,1,875,134403,125,21:00.0,1,15:00,123
7562745463,U,IB,1,1,965,134403,125,55:00.0,1,15:00,123
7562756362,U,CTY,1,8,7020,136399,194,02:00.0,6,8:00,123
7562760780,U,CTY,1,1,240,132400,189,54:00.0,7,11:00,123
7562761074,U,CTY,1,1,1550,140262,187,44:00.0,6,14:00,123
7562761184,U,CTY,1,9,13735,131824,189,29:00.0,2,8:00,123
7562763063,U,CTY,1,1,376,290757,197,18:00.0,7,7:00,123
7562763678,U,IB,1,4,5880,128150,135,48:00.0,2,20:00,123
7562764080,U,CTY,1,9,14704,127860,218,34:00.0,7,19:00,123
756276431X,U,CTY,1,2,1535,128690,195,14:00.0,7,11:00,123
7562764347,U,IB,1,2,1514,127860,112,39:00.0,7,10:00,123
756276706X,U,IB,1,2,1373,128150,135,12:00.0,2,22:00,123
7562767142,U,IB,1,2,1675,135523,117,42:00.0,5,8:00,123
7562767775,U,CTY,1,228,1097,128211,196,18:00.0,5,5:00,123
7562771699,U,IB,1,66,1010,128799,116,05:00.0,6,4:00,123
7562777464,U,IB,1,1,260,431080,117,29:00.0,1,21:00,123
7562777794,U,CTY,1,4,2160,137976,172,44:00.0,7,12:00,123
7562778481,U,CTY,1,5,6374,290757,197,20:00.0,7,6:00,123
756277850X,U,OB,1,8,14171,136032,90,42:00.0,3,9:00,123
7562779673,U,IB,1,6,10559,138549,141,10:00.0,5,9:00,123
7562779839,U,IB,1,2,1495,132176,112,44:00.0,6,0:00,123
7562780535,U,CTY,1,1,430,132650,196,48:00.0,6,17:00,123
7562800820,U,CTY,1,5,5561,138164,187,38:00.0,2,3:00,123
7562802526,U,IB,1,14,11175,125564,141,07:00.0,7,2:00,123
7562803965,U,OB,1,3,1667,132358,49,41:00.0,4,22:00,123
7562804699,U,CTY,1,1,713,132301,188,35:00.0,6,5:00,123
7562804717,U,IB,1,5,3426,137723,143,12:00.0,1,2:00,123
7562804845,U,CTY,1,4,2775,126885,231,31:00.0,3,21:00,123
7562805000,U,CTY,1,1,594,137976,172,28:00.0,7,12:00,123
7562805139,U,CTY,1,9,6020,140393,172,26:00.0,5,11:00,123
7562807485,U,CTY,1,1,80,132400,189,29:00.0,7,11:00,123
7562808722,U,CTY,1,1,180,138558,173,40:00.0,4,15:00,123
7562808731,U,IB,1,1,157,128150,135,55:00.0,2,19:00,123
756281546X,U,IB,1,6,8221,137691,141,17:00.0,1,18:00,123
7562815735,U,CTY,1,2,1065,138704,192,59:00.0,2,21:00,123
756288377X,U,OB,1,3,350,137360,86,05:00.0,2,1:00,851
7562883798,U,CTY,1,4,805,125291,197,30:00.0,2,12:00,851
7562883816,U,IB,1,7,950,133378,135,40:00.0,3,18:00,851
7562883834,U,IB,1,2,650,125619,158,17:00.0,7,20:00,851
7562883843,U,CTY,1,2,650,118561,168,43:00.0,7,4:00,851
7562883852,U,OB,1,3,650,128751,32,05:00.0,3,16:00,851
7562883870,U,CTY,1,6,650,127502,174,02:00.0,3,7:00,851
7562883908,U,IB,1,2,650,118845,141,44:00.0,6,11:00,851
7562883917,U,CTY,1,2,650,131917,194,19:00.0,1,9:00,851
7562883926,U,IB,1,1,650,140274,163,23:00.0,3,8:00,851
7562883944,U,CTY,1,5,650,127762,195,23:00.0,3,9:00,851
7562883971,U,CTY,1,2,650,291263,196,32:00.0,6,6:00,851
7562883980,U,CTY,1,2,650,125828,195,43:00.0,7,6:00,851
7562906229,U,CTY,1,1,1315,137723,176,45:00.0,2,8:00,851
7562911078,U,OB,1,1,150,128751,32,07:00.0,3,14:00,851
7562923517,U,IB,1,1,288,125619,158,02:00.0,7,19:00,851
7562923553,U,CTY,1,1,675,134642,176,47:00.0,6,17:00,851
7562923553,U,CTY,1,1,675,134642,202,45:00.0,2,2:00,851
756292359X,U,CTY,1,1,392,134642,176,43:00.0,6,16:00,851
7562923609,U,IB,1,1,452,125619,158,41:00.0,7,18:00,851
7562925010,U,CTY,1,1,86,125035,188,18:00.0,7,17:00,851
7562925176,U,IB,1,3,879,133806,129,55:00.0,3,6:00,851
7562937523,U,CTY,1,8,7270,134642,176,57:00.0,6,19:00,851
7562937523,U,CTY,1,8,7270,134642,217,24:00.0,7,22:00,851
7562937550,U,CTY,1,1,1179,124297,197,27:00.0,2,10:00,851
756293756X,U,IB,1,8,7674,132139,141,53:00.0,1,1:00,851
756293756X,U,CTY,1,8,7674,132139,227,09:00.0,2,11:00,851
7562937588,U,CTY,1,7,6111,125828,195,14:00.0,7,8:00,851
7562950806,U,CTY,1,3,2375,134642,176,44:00.0,6,18:00,851
7562957076,U,OB,1,1,611,126561,96,47:00.0,6,6:00,851
7562968379,U,IB,1,4,1509,140274,163,08:00.0,3,8:00,851
7562968406,U,IB,1,11,3540,133806,129,44:00.0,3,6:00,851
7562969533,U,IB,1,1,402,131183,143,38:00.0,5,16:00,851
7562985869,U,CTY,1,1,452,131026,174,32:00.0,7,7:00,851
7562985923,U,IB,1,1,675,132139,141,10:00.0,1,0:00,851
7562987189,U,CTY,1,1,432,125291,197,13:00.0,2,11:00,851
7562987216,U,CTY,1,1,1116,125994,196,48:00.0,5,15:00,851
7562987225,U,CTY,1,1,2170,125994,196,56:00.0,5,15:00,851
7562987234,U,CTY,1,1,350,125994,196,55:00.0,5,15:00,851
7562995255,U,CTY,1,1,1228,132671,189,28:00.0,6,2:00,851
7563010646,U,IB,1,5,5896,134811,135,29:00.0,6,16:00,851
7563028731,U,IB,1,3,740,211275,113,23:00.0,7,5:00,108
7563033333,U,IB,1,2,805,128435,116,58:00.0,3,22:00,108
7563035286,U,IB,1,1,264,134583,143,04:00.0,1,16:00,108
7563035387,U,OB,1,1,246,127260,90,15:00.0,7,13:00,108
7563035396,U,OB,1,1,529,127260,90,08:00.0,7,9:00,108
7563035423,U,IB,1,1,610,128287,111,44:00.0,1,19:00,108
7563064436,U,IB,1,5,3505,431080,117,25:00.0,1,22:00,108
7563064445,U,IB,1,5,2050,132182,104,43:00.0,3,2:00,108
7563064481,U,IB,1,6,4303,135914,104,39:00.0,1,7:00,108
756306692X,U,OB,1,11,11030,211083,90,21:00.0,2,8:00,108
7563067168,U,OB,1,1,682,131445,86,30:00.0,3,13:00,108
7563067177,U,IB,1,1,463,128435,116,13:00.0,4,0:00,108
7563080981,U,IB,1,1,725,135914,104,19:00.0,1,6:00,108
7563087801,U,IB,1,7,3399,137656,164,02:00.0,3,20:00,108
7563087839,U,IB,1,3,1110,130551,127,36:00.0,2,18:00,108
7563095135,U,OB,1,1,585,135973,95,00:00.0,7,4:00,108
7563120765,U,IB,1,1,410,129473,114,46:00.0,5,4:00,108
7563120848,U,CTY,1,2,673,131445,231,50:00.0,3,21:00,108
7563120848,U,OB,1,2,673,131445,86,16:00.0,3,13:00,108
7563120884,U,IB,1,1,742,137150,116,03:00.0,2,22:00,108
7563123726,U,IB,1,2,280,128435,116,15:00.0,4,1:00,108
7563130656,U,IB,1,6,3803,130551,127,52:00.0,2,19:00,108
7563135871,U,IB,1,1,239,130515,113,56:00.0,4,15:00,108
756313600X,U,IB,1,1,204,129473,114,13:00.0,5,5:00,108
756314040X,U,IB,1,6,2324,130515,113,55:00.0,4,16:00,108
7563145120,U,IB,1,1,695,128287,111,52:00.0,1,19:00,108
7563162309,U,OB,1,1,556,135914,93,40:00.0,2,11:00,108
7563162309,U,IB,1,1,556,135914,104,00:00.0,1,8:00,108
7563170274,U,IB,1,4,2500,129921,112,52:00.0,1,17:00,108
7563174647,U,IB,1,1,900,128287,111,56:00.0,1,21:00,108
7563185207,U,IB,1,1,507,132835,125,59:00.0,7,9:00,108
7563198800,U,CTY,1,1,220,126864,175,18:00.0,1,18:00,108
756323137X,U,OB,1,1,152,135636,50,57:00.0,5,4:00,411
7563231398,U,OB,1,1,235,280868,89,05:00.0,5,22:00,411
7563231461,U,OB,1,1,435,129622,17,02:00.0,5,16:00,411
756323148X,U,OB,1,1,125,132522,26,13:00.0,7,7:00,411
7563231526,U,OB,1,1,723,280868,89,55:00.0,5,21:00,411
7563231580,U,OB,1,4,1085,278731,49,34:00.0,3,11:00,411
7563231609,U,OB,1,1,145,290395,31,30:00.0,5,22:00,411
7563231672,U,OB,1,1,440,280868,89,45:00.0,5,20:00,411
7563234267,U,OB,1,1,315,139653,87,21:00.0,6,10:00,411
7563234276,U,OB,1,1,345,139653,87,22:00.0,6,11:00,411
7563234330,U,OB,1,1,413,139653,87,31:00.0,6,10:00,411
756323665X,U,OB,1,2,805,123901,69,36:00.0,5,16:00,411
7563236705,U,OB,1,1,171,137023,69,22:00.0,1,3:00,411
7563237136,U,OB,1,1,245,132838,69,12:00.0,6,13:00,411
7563237181,U,OB,1,1,221,280868,89,32:00.0,5,22:00,411
7563237190,U,OB,1,1,285,129863,43,29:00.0,7,8:00,411
7563237237,U,OB,1,1,110,129622,17,10:00.0,5,16:00,411
7563237722,U,OB,1,1,851,132838,69,15:00.0,6,13:00,411
7563237778,U,OB,1,1,420,280868,89,34:00.0,5,21:00,411
7563237796,U,OB,1,8,3063,202088,60,16:00.0,6,13:00,411
7563237850,U,OB,1,1,1560,130449,58,54:00.0,6,20:00,411
7563237924,U,OB,1,1,95,122418,52,52:00.0,5,21:00,411
7563238016,U,OB,1,1,365,133012,39,53:00.0,7,18:00,411
7563238108,U,OB,1,1,90,133012,39,20:00.0,7,18:00,411
7563238263,U,OB,1,1,139,133012,39,44:00.0,7,18:00,411
7563238391,U,OB,1,2,66,122418,52,52:00.0,5,21:00,411
756323841X,U,OB,1,2,22,122418,52,52:00.0,5,21:00,411
7563238438,U,OB,1,1,540,129622,17,11:00.0,5,19:00,411
7563239794,U,OB,1,1,100,121937,55,41:00.0,6,7:00,411
7563239803,U,OB,1,1,325,121937,55,48:00.0,6,6:00,411
7563239812,U,OB,1,1,72,121937,55,41:00.0,6,6:00,411
7563239913,U,OB,1,2,1120,136720,38,09:00.0,7,5:00,411
756324149X,U,OB,1,1,80,133233,63,53:00.0,4,9:00,411
7563242910,U,OB,1,1,330,280868,89,25:00.0,5,22:00,411
7563242966,U,OB,1,1,195,129622,17,08:00.0,5,16:00,411
7563244488,U,OB,1,1,295,128551,43,11:00.0,2,18:00,411
7563254002,U,OB,1,1,600,128551,43,14:00.0,2,17:00,411
7563254617,U,OB,1,1,200,128551,43,31:00.0,2,17:00,411
7563254635,U,OB,1,1,800,129503,51,57:00.0,7,17:00,411
7563254644,U,OB,1,1,315,291140,46,14:00.0,1,8:00,411
7563254662,U,OB,1,1,1200,291140,46,02:00.0,1,8:00,411
756325469X,U,OB,1,1,200,129503,51,16:00.0,7,16:00,411
7563254709,U,OB,1,1,200,129503,51,04:00.0,7,18:00,411
7563254718,U,OB,1,1,200,129503,51,16:00.0,7,18:00,411
7563254727,U,OB,1,1,200,291140,46,32:00.0,1,8:00,411
7563254736,U,OB,1,1,400,129542,43,14:00.0,3,18:00,411
7563254745,U,OB,1,1,250,136911,67,53:00.0,4,16:00,411
7563254754,U,OB,1,1,260,136911,67,50:00.0,4,16:00,411
7563261931,U,IB,1,25,195,136417,101,13:00.0,1,3:00,411
756326195X,U,OB,1,2,375,211778,17,14:00.0,4,9:00,411
7563262638,U,IB,1,16,1254,135193,150,16:00.0,4,15:00,411
7563262665,U,CTY,1,1,1250,126227,O16 ,34:00.0,3,15:00,411
7563262665,U,OB,1,1,1250,126227,53,27:00.0,3,13:00,411
7563262674,U,OB,1,4,251,134612,49,49:00.0,3,15:00,411
7563268174,U,OB,1,3,2335,123272,55,46:00.0,3,7:00,411
7563272601,U,OB,1,1,260,136911,67,47:00.0,4,16:00,411
7563272610,U,OB,1,1,216,127740,50,26:00.0,3,6:00,411
756327262X,U,OB,1,1,10,131938,38,09:00.0,4,10:00,411
7563272648,U,OB,1,1,200,131938,33,03:00.0,4,12:00,411
7563272648,U,OB,1,1,200,131938,38,25:00.0,4,10:00,411
7563272657,U,OB,1,1,740,R621615905,69,32:00.0,5,21:00,411
7563272666,U,OB,1,1,200,130521,51,30:00.0,3,8:00,411
7563272675,U,OB,1,1,200,124238,55,43:00.0,3,8:00,411
7563272684,U,OB,1,1,175,130449,58,04:00.0,6,21:00,411
7563272693,U,OB,1,1,200,135025,39,36:00.0,6,22:00,411
7563272702,U,OB,1,1,200,130521,51,25:00.0,3,8:00,411
7563272711,U,OB,1,1,200,135025,39,29:00.0,6,22:00,411
7563272720,U,OB,1,1,200,136720,38,56:00.0,7,3:00,411
756327273X,U,OB,1,1,400,119073,55,42:00.0,7,16:00,411
7563272749,U,OB,1,1,200,136720,38,57:00.0,7,3:00,411
7563272758,U,OB,1,1,200,135025,39,31:00.0,6,22:00,411
7563279019,U,OB,1,3,3930,126288,46,00:00.0,5,14:00,411
7563284050,U,OB,1,1,174,132838,69,40:00.0,6,9:00,411
7563291467,U,OB,1,1,120,280868,89,30:00.0,5,21:00,411
7563295023,U,OB,1,1,54,119623,49,12:00.0,1,21:00,411
7563295041,U,OB,1,1,205,119623,49,31:00.0,1,20:00,411
7563303392,U,IB,1,3,475,291148,164,42:00.0,5,16:00,411
7563306014,U,OB,1,2,810,126171,52,36:00.0,4,9:00,411
7563306151,U,OB,1,1,605,135636,50,35:00.0,5,6:00,411
7563306216,U,OB,1,4,1750,136988,73,24:00.0,5,14:00,411
7563306252,U,OB,1,1,643,135636,50,07:00.0,5,5:00,411
7563306261,U,OB,1,1,160,121937,55,37:00.0,6,8:00,411
7563306270,U,OB,1,1,300,137849,40,11:00.0,1,7:00,411
7563306326,U,OB,1,1,307,121937,55,59:00.0,6,7:00,411
7563306380,U,OB,1,1,100,122820,52,26:00.0,7,21:00,411
7563306436,U,OB,1,1,490,278731,49,14:00.0,3,10:00,411
756330903X,U,OB,1,3,2240,127477,86,44:00.0,6,7:00,411
756331981X,U,OB,1,1,555,122907,50,43:00.0,1,17:00,411
7563319838,U,OB,1,1,435,202256,74,59:00.0,3,8:00,411
7563319993,U,OB,1,1,505,132676,78,17:00.0,6,16:00,411
7563320159,U,OB,1,1,675,123272,55,36:00.0,3,6:00,411
7563321441,U,OB,1,1,1331,128551,43,52:00.0,2,16:00,411
7563321955,U,OB,1,1,274,135636,50,29:00.0,5,5:00,411
7563321973,U,OB,1,1,1719,135636,50,16:00.0,5,5:00,411
756333235X,U,OB,1,10,500,R621615905,69,25:00.0,5,18:00,411
7563332378,U,OB,1,3,3035,132674,72,27:00.0,4,14:00,411
7563332414,U,OB,1,1,950,132674,72,40:00.0,4,13:00,411
7563332423,U,OB,1,2,3768,130482,26,08:00.0,3,11:00,411
7563332441,U,OB,1,1,1462,134612,49,36:00.0,3,16:00,411
7563340334,U,OB,1,5,3295,134040,51,48:00.0,7,10:00,411
7563346339,U,OB,1,2,2700,126145,49,37:00.0,3,17:00,411
7563379907,U,OB,1,1,551,132676,78,04:00.0,6,16:00,411
7563383802,U,OB,1,1,178,137603,39,49:00.0,7,20:00,411
7563385957,U,OB,1,1,361,128551,43,51:00.0,2,16:00,411
7563393565,U,OB,1,6,1552,122820,52,28:00.0,1,0:00,411
7563393601,U,OB,1,2,605,126171,52,54:00.0,4,9:00,411
7563394124,U,OB,1,2,1349,123901,69,58:00.0,5,13:00,411
7563394234,U,OB,1,1,570,135509,52,54:00.0,5,14:00,411
7563395581,U,OB,1,1,1177,139636,40,56:00.0,3,14:00,411
7563395590,U,OB,1,2,1126,129863,43,27:00.0,7,10:00,411
7563396241,U,OB,1,1,224,R621615905,69,39:00.0,5,20:00,411
7563396250,U,OB,1,1,314,R621615905,69,55:00.0,5,20:00,411
7563396434,U,OB,1,1,127,123237,40,58:00.0,6,6:00,411
7563407773,U,OB,1,1,938,125881,63,03:00.0,4,20:00,411
7563412925,U,OB,1,1,48,129573,52,20:00.0,4,7:00,411
7563412952,U,OB,1,1,115,126227,53,35:00.0,3,13:00,411
7563413264,U,OB,1,1,212,136908,39,54:00.0,7,10:00,411
756341452X,U,OB,1,3,8890,139697,49,20:00.0,3,16:00,411
7563414539,U,OB,1,1,244,129542,43,18:00.0,3,16:00,411
7563414593,U,OB,1,2,1000,129503,51,58:00.0,7,19:00,411
7563418288,U,OB,1,1,995,119073,55,02:00.0,7,18:00,411
7563421478,U,OB,1,1,193,126283,49,55:00.0,7,11:00,411
756342178X,U,OB,1,1,86,290300,43,18:00.0,4,4:00,411
7563468484,U,CTY,1,2,120,123154,207,00:00.0,1,10:00,149
7563468484,U,OB,1,2,120,123154,76,44:00.0,7,6:00,149
7563472884,U,IB,1,1,80,136167,117,50:00.0,2,1:00,149
7563499513,U,OB,1,2,2600,559259,84,28:00.0,7,18:00,149
7563501879,U,IB,1,1,190,136411,111,30:00.0,5,21:00,149
7563820567,U,OB,1,3,6320,134638,67,37:00.0,2,7:00,615
756389995X,U,OB,1,3,3606,124137,32,53:00.0,4,22:00,521
7563900005,U,IB,1,6,8734,119548,116,24:00.0,6,6:00,521
7563900088,U,IB,1,2,2172,127801,111,41:00.0,4,17:00,521
7563900115,U,OB,1,1,1888,133578,76,50:00.0,4,5:00,521
7563900151,U,OB,1,2,3354,138432,46,05:00.0,6,22:00,521
7563900308,U,OB,1,1,1729,127948,31,06:00.0,1,4:00,521
7563900344,U,IB,1,2,2565,134673,133,11:00.0,4,6:00,521
7563900472,U,OB,1,4,8257,118732,46,09:00.0,7,15:00,521
7563900546,U,OB,1,1,1894,140148,22,56:00.0,5,21:00,521
7563900600,U,OB,1,1,1729,140148,22,10:00.0,5,20:00,521
7563927469,U,OB,1,1,339,558293,78,10:00.0,3,5:00,688
7563963374,U,CTY,1,1,568,135463,188,13:00.0,1,13:00,347
7563963457,U,CTY,1,1,600,138767,196,23:00.0,2,10:00,347
7563963484,U,IB,1,1,2720,123804,149,21:00.0,5,20:00,347
7563966573,U,CTY,1,1,401,126260,187,46:00.0,1,13:00,326
756396826X,U,CTY,1,1,401,139787,169,37:00.0,1,15:00,326
7563968461,U,IB,1,1,747,135194,145,44:00.0,7,3:00,326
7563971716,U,IB,1,2,3360,126855,143,19:00.0,7,14:00,326
7563971871,U,IB,1,2,1260,139792,145,56:00.0,4,21:00,326
7563971972,U,CTY,1,1,429,137603,174,52:00.0,5,0:00,326
7563972257,U,CTY,1,1,550,132816,195,03:00.0,1,18:00,326
7563976262,U,IB,1,1,293,129764,141,24:00.0,5,15:00,326
7563982157,U,CTY,1,1,13,290164,187,00:00.0,4,20:00,326
7563982660,U,CTY,1,1,13,118856,194,11:00.0,3,18:00,326
7563982945,U,CTY,1,2,43,132816,195,00:00.0,1,19:00,326
7563983046,U,IB,1,16,848,122611,143,05:00.0,4,22:00,326
7563983311,U,IB,1,1,24,131940,133,27:00.0,6,2:00,326
7563985740,U,IB,1,1,63,139700,164,27:00.0,1,16:00,326
7564006018,U,CTY,1,1,545,138485,174,24:00.0,6,8:00,326
7564011435,U,CTY,1,1,252,132816,195,07:00.0,1,18:00,326
7564016522,U,CTY,1,4,1915,131940,191,57:00.0,6,0:00,326
7564016522,U,IB,1,4,1915,131940,133,56:00.0,6,0:00,326
7564018511,U,IB,1,4,1847,130528,127,45:00.0,6,17:00,326
7564018778,U,CTY,1,5,2113,123740,194,27:00.0,5,10:00,326
7564019034,U,IB,1,2,715,128320,151,29:00.0,2,19:00,326
7564019281,U,CTY,1,1,53,127610,191,54:00.0,1,1:00,326
7564019281,U,IB,1,1,53,127610,164,56:00.0,1,0:00,326
7564019290,U,CTY,1,1,133,127610,191,54:00.0,1,1:00,326
7564019290,U,IB,1,1,133,127610,164,56:00.0,1,0:00,326
7564028283,U,CTY,1,1,563,135089,237,17:00.0,2,12:00,326
7564028283,U,CTY,1,1,563,135089,187,48:00.0,6,8:00,326
7564035406,U,CTY,1,4,5326,290164,187,19:00.0,4,18:00,326
7564035442,U,CTY,1,1,890,136417,191,52:00.0,5,12:00,326
7564035442,U,CTY,1,1,890,136417,175,50:00.0,5,12:00,326
7564035451,U,CTY,1,1,1105,124352,194,31:00.0,6,1:00,326
7564038807,U,IB,1,1,260,133349,149,12:00.0,7,13:00,326
7564039420,U,IB,1,1,107,123514,145,58:00.0,5,5:00,326
7564041501,U,IB,1,1,1954,133648,151,38:00.0,1,6:00,326
7564045719,U,CTY,1,1,700,134998,169,05:00.0,7,7:00,326
7564052263,U,CTY,1,1,3400,136280,197,59:00.0,4,9:00,326
7564053309,U,CTY,1,2,3124,137603,174,48:00.0,5,1:00,326
7564053327,U,CTY,1,2,3124,137603,174,50:00.0,5,1:00,326
7564056562,U,CTY,1,1,310,137603,174,06:00.0,5,2:00,326
7564056571,U,CTY,1,1,390,127821,225,52:00.0,6,6:00,326
7564056571,U,IB,1,1,390,127821,158,29:00.0,6,1:00,326
7564070110,U,OB,1,1,140,136419,53,12:00.0,3,2:00,326
7564075437,U,CTY,1,1,98,136280,197,22:00.0,4,10:00,326
7564075574,U,CTY,1,1,129,133472,199,06:00.0,1,20:00,326
7564075574,U,CTY,1,1,129,133472,188,23:00.0,6,21:00,326
7564085721,U,CTY,1,1,166,128281,176,46:00.0,4,21:00,326
7564088408,U,CTY,1,1,232,128437,188,01:00.0,7,23:00,326
7564090644,U,CTY,1,1,1230,126260,187,37:00.0,1,12:00,326
7564095897,U,IB,1,2,1281,126855,143,09:00.0,7,14:00,326
7564099343,U,IB,1,14,13405,121317,123,27:00.0,2,15:00,326
7564101644,U,IB,1,2,1600,123757,163,42:00.0,5,1:00,326
7564101882,U,IB,1,5,1500,131507,150,29:00.0,3,22:00,326
7564101983,U,IB,1,1,155,133648,151,10:00.0,1,6:00,326
7564102277,U,CTY,1,1,35,126260,187,50:00.0,1,12:00,326
7564102955,U,CTY,1,1,230,133648,238,14:00.0,5,20:00,326
7564102955,U,CTY,1,1,230,133648,205,42:00.0,2,9:00,326
7564102955,U,IB,1,1,230,133648,151,36:00.0,1,5:00,326
7564158321,U,CTY,1,2,225,119435,188,00:00.0,6,13:00,326
7564158330,U,IB,1,1,150,131940,156,55:00.0,5,23:00,326
7564159073,U,CTY,1,4,1305,136280,197,47:00.0,4,10:00,326
7564174574,U,CTY,1,1,223,133936,168,27:00.0,6,21:00,326
7564174574,U,IB,1,1,223,133936,125,47:00.0,6,20:00,326
7564174711,U,CTY,1,1,205,137603,174,49:00.0,5,0:00,326
7564188838,U,CTY,1,1,1523,124352,194,00:00.0,6,2:00,326
7564188847,U,CTY,1,1,1708,124352,194,54:00.0,6,1:00,326
7564232865,U,IB,1,1,200,133577,163,39:00.0,7,14:00,381
7564235431,U,IB,1,2,1397,137417,143,31:00.0,6,1:00,381
7564241629,U,IB,1,2,3240,128609,145,36:00.0,1,17:00,381
7564248842,U,IB,1,1,1127,131559,143,16:00.0,5,8:00,381
7564262931,U,IB,1,1,632,136649,129,28:00.0,4,3:00,381
7564263308,U,IB,1,1,777,133635,113,14:00.0,6,2:00,381
7564265681,U,IB,1,1,140,132292,145,19:00.0,6,3:00,381
7564272456,U,IB,1,1,1446,137724,149,55:00.0,4,0:00,381
7564272465,U,IB,1,2,1846,137986,116,33:00.0,4,19:00,381
7564272721,U,CTY,1,2,4585,132333,189,51:00.0,6,12:00,381
7564273538,U,IB,1,3,1334,137694,111,46:00.0,2,11:00,381
7564273574,U,IB,1,1,173,127970,149,19:00.0,7,6:00,381
7564273583,U,IB,1,1,1937,137694,111,43:00.0,2,11:00,381
7564273720,U,IB,1,1,594,261205,127,45:00.0,4,6:00,381
756427373X,U,IB,1,1,1389,261205,127,52:00.0,4,6:00,381
7564273749,U,CTY,1,1,709,138842,187,57:00.0,4,7:00,381
7564276407,U,IB,1,2,4583,132650,150,24:00.0,4,21:00,381
7564276434,U,CTY,1,1,600,138842,187,23:00.0,4,9:00,381
7564281164,U,CTY,1,1,840,132333,189,39:00.0,6,12:00,381
7564288049,U,IB,1,4,2864,126610,121,08:00.0,5,6:00,381
7564288049,U,IB,1,4,2864,126610,151,39:00.0,4,22:00,381
7564288121,U,IB,1,1,878,126610,151,02:00.0,4,22:00,381
7564289286,U,CTY,1,1,245,138418,174,36:00.0,6,22:00,381
7564289295,U,CTY,1,1,617,138418,174,46:00.0,6,22:00,381
756428935X,U,CTY,1,1,543,138418,174,36:00.0,6,21:00,381
7564289450,U,IB,1,4,1516,140093,143,01:00.0,1,20:00,381
756428946X,U,IB,1,3,1088,140093,143,12:00.0,1,19:00,381
7564289780,U,IB,1,2,800,137986,116,28:00.0,4,19:00,381
756429496X,U,IB,1,3,550,132650,150,44:00.0,4,19:00,381
7564297462,U,IB,1,1,276,132650,150,22:00.0,4,21:00,381
7564299819,U,CTY,1,1,1800,138598,169,38:00.0,6,14:00,381
7564299828,U,CTY,1,3,2094,130450,174,58:00.0,4,20:00,381
7564299855,U,IB,1,1,711,126610,151,43:00.0,4,21:00,381
7564309169,U,IB,1,1,856,132072,127,39:00.0,2,0:00,381
7564309398,U,IB,1,1,633,132292,145,06:00.0,6,2:00,381
7564309544,U,CTY,1,1,931,138598,169,35:00.0,6,14:00,381
7564309663,U,IB,1,1,1170,131932,123,53:00.0,7,19:00,381
7564309782,U,IB,1,1,796,140093,143,24:00.0,1,18:00,381
7564309892,U,IB,1,1,475,132292,145,38:00.0,6,1:00,381
7564310882,U,IB,1,3,1112,135111,163,51:00.0,1,21:00,381
7564310891,U,IB,1,5,1758,135111,163,52:00.0,1,22:00,381
7564311203,U,IB,1,3,1158,125445,118,02:00.0,1,10:00,381
7564311203,U,IB,1,3,1158,125445,116,00:00.0,1,8:00,381
7564311212,U,IB,1,6,1832,125445,116,27:00.0,1,7:00,381
7564311221,U,IB,1,4,1187,125445,116,46:00.0,1,7:00,381
7564311230,U,IB,1,5,1230,125445,116,00:00.0,1,7:00,381
756431124X,U,IB,1,3,921,125445,116,54:00.0,1,7:00,381
7564351014,U,IB,1,4,625,131926,143,42:00.0,1,16:00,347
756435106X,U,IB,1,2,187,131926,143,43:00.0,1,16:00,347
7564351079,U,IB,1,2,353,131926,143,22:00.0,1,16:00,347
7564351088,U,IB,1,4,555,131926,143,42:00.0,1,16:00,347
7564351097,U,IB,1,8,1000,131926,143,42:00.0,1,16:00,347
7564351124,U,IB,1,1,560,131926,143,22:00.0,1,16:00,347
7564351133,U,IB,1,2,471,131926,143,22:00.0,1,16:00,347
7564351142,U,IB,1,2,212,131926,143,42:00.0,1,16:00,347
756435150X,U,IB,1,6,1007,131926,143,40:00.0,1,16:00,347
7564351537,U,IB,1,1,179,131926,143,25:00.0,1,14:00,347
7564351537,U,OB,1,1,179,131926,75,32:00.0,2,10:00,347
7564351582,U,IB,1,8,1183,131926,143,44:00.0,1,18:00,347
756435161X,U,IB,1,4,799,131926,143,44:00.0,1,18:00,347
7564351629,U,IB,1,2,212,131926,143,35:00.0,1,17:00,347
7564351656,U,IB,1,4,516,131926,143,44:00.0,1,18:00,347
7564351692,U,IB,1,4,399,131926,143,34:00.0,1,17:00,347
7564351701,U,IB,1,8,1462,131926,143,34:00.0,1,17:00,347
7564351710,U,IB,1,8,667,131926,143,35:00.0,1,17:00,347
756435172X,U,IB,1,2,232,131926,143,43:00.0,1,18:00,347
7564351739,U,IB,1,1,187,131926,143,43:00.0,1,18:00,347
7564352233,U,IB,1,2,471,131926,143,42:00.0,1,16:00,347
7564352233,U,OB,1,2,471,131926,39,21:00.0,5,2:00,347
7564352352,U,IB,1,2,388,131926,143,39:00.0,1,16:00,347
756435238X,U,IB,1,1,242,131926,143,43:00.0,1,16:00,347
7564352408,U,IB,1,2,503,131926,143,39:00.0,1,16:00,347
7564352554,U,IB,1,1,231,131926,143,43:00.0,1,18:00,347
7564353618,U,IB,1,2,443,119977,129,43:00.0,2,6:00,347
7564353654,U,IB,1,4,777,119977,129,44:00.0,2,6:00,347
7564353663,U,IB,1,4,550,119977,129,47:00.0,2,6:00,347
756435370X,U,IB,1,4,734,119977,129,47:00.0,2,6:00,347
7564353719,U,IB,1,2,293,119977,129,42:00.0,2,6:00,347
7564353728,U,IB,1,2,210,119977,129,47:00.0,2,6:00,347
7564353737,U,IB,1,2,467,119977,129,45:00.0,2,6:00,347
7564353829,U,IB,1,2,483,119977,129,47:00.0,2,6:00,347
7564353910,U,IB,1,6,1061,119977,129,47:00.0,2,6:00,347
7564354121,U,IB,1,2,121,126436,141,58:00.0,2,11:00,347
7564354130,U,CTY,1,1,495,126436,177,12:00.0,2,10:00,347
7564354130,U,IB,1,1,495,126436,141,11:00.0,2,10:00,347
7564354159,U,IB,1,2,289,126436,141,57:00.0,2,11:00,347
7564354168,U,IB,1,2,236,126436,141,58:00.0,2,11:00,347
7564354177,U,CTY,1,5,635,126436,183,54:00.0,2,10:00,347
7564354177,U,IB,1,5,635,126436,141,53:00.0,2,10:00,347
7564354186,U,IB,1,5,586,126436,141,53:00.0,2,10:00,347
7564354186,U,CTY,1,5,586,126436,183,54:00.0,2,10:00,347
7564354195,U,IB,1,3,468,126436,141,21:00.0,2,11:00,347
7564354204,U,IB,1,1,138,126436,141,21:00.0,2,11:00,347
7564354213,U,IB,1,2,187,126436,141,21:00.0,2,11:00,347
756435447X,U,IB,1,6,903,126436,141,37:00.0,2,10:00,347
7564354489,U,IB,1,1,187,126436,166,46:00.0,2,11:00,347
7564354489,U,IB,1,1,187,126436,166,46:00.0,2,11:00,347
7564354498,U,IB,1,6,1391,126436,141,34:00.0,2,10:00,347
7564354498,U,IB,1,6,1391,126436,166,36:00.0,2,10:00,347
7564354570,U,IB,1,1,83,126436,141,13:00.0,2,7:00,347
7564354608,U,IB,1,2,274,126436,141,33:00.0,2,13:00,347
7564354617,U,IB,1,1,330,126436,141,11:00.0,2,12:00,347
7564354635,U,IB,1,2,212,126436,141,33:00.0,2,13:00,347
7564354644,U,CTY,1,4,578,126436,191,46:00.0,2,10:00,347
7564354644,U,IB,1,4,578,126436,141,45:00.0,2,10:00,347
7564354653,U,IB,1,2,516,126436,141,33:00.0,2,13:00,347
7564354671,U,IB,1,3,545,126436,160,50:00.0,2,10:00,347
7564354671,U,IB,1,3,545,126436,141,49:00.0,2,10:00,347
7564354718,U,CTY,1,6,1078,126436,191,19:00.0,2,10:00,347
7564354718,U,IB,1,6,1078,126436,141,16:00.0,2,10:00,347
7564354727,U,IB,1,2,206,126436,141,32:00.0,2,13:00,347
7564354745,U,IB,1,4,869,126436,160,50:00.0,2,10:00,347
7564354745,U,IB,1,4,869,126436,141,49:00.0,2,10:00,347
7564354837,U,OB,1,1,474,133095,38,46:00.0,6,14:00,347
7564354846,U,OB,1,2,666,133095,38,46:00.0,6,14:00,347
7564355149,U,CTY,1,4,655,126436,191,46:00.0,2,10:00,347
7564355149,U,IB,1,4,655,126436,141,45:00.0,2,10:00,347
7564355515,U,IB,1,2,187,126436,141,58:00.0,2,11:00,347
7564355533,U,IB,1,2,212,126436,141,22:00.0,2,11:00,347
7564355616,U,IB,1,2,121,126436,141,57:00.0,2,11:00,347
7564355634,U,IB,1,8,1064,126436,153,42:00.0,2,10:00,347
7564355634,U,IB,1,8,1064,126436,141,41:00.0,2,10:00,347
7564355652,U,IB,1,1,302,126436,166,46:00.0,2,11:00,347
7564355652,U,IB,1,1,302,126436,166,46:00.0,2,11:00,347
7564355726,U,IB,1,2,369,126436,141,33:00.0,2,13:00,347
7564355809,U,IB,1,2,271,126436,141,33:00.0,2,13:00,347
7564355863,U,IB,1,2,187,126436,141,57:00.0,2,11:00,347
7564355872,U,IB,1,2,234,126436,141,58:00.0,2,11:00,347
7564355890,U,IB,1,2,538,126436,141,33:00.0,2,13:00,347
7564355928,U,IB,1,2,187,126436,118,10:00.0,2,12:00,347
7564355928,U,IB,1,2,187,126436,141,07:00.0,2,12:00,347
7564355964,U,IB,1,2,369,126436,141,10:00.0,2,13:00,347
7564391485,U,IB,1,2,1509,130948,103,15:00.0,2,11:00,521
7564393557,U,OB,1,1,325,137941,88,16:00.0,5,4:00,521
7564393649,U,OB,1,1,140,137941,88,04:00.0,5,3:00,521
7564401028,U,OB,1,1,40,133578,76,44:00.0,4,3:00,521
7564401156,U,OB,1,1,30,211184,95,49:00.0,1,22:00,521
7564434037,U,OB,1,1,143,131853,40,45:00.0,4,23:00,521
7564434046,U,OB,1,2,1002,138854,49,26:00.0,5,5:00,521
756444313X,U,OB,1,1,298,138745,78,44:00.0,7,12:00,504
7564443149,U,CTY,1,1,3450,138066,189,41:00.0,3,5:00,504
7564443176,U,OB,1,1,260,131853,40,18:00.0,5,0:00,504
7564443212,U,OB,1,1,291,45505,55,19:00.0,6,22:00,504
7564443221,U,OB,1,1,437,45505,55,25:00.0,6,22:00,504
7564449446,U,IB,1,1,750,130948,103,19:00.0,2,11:00,521
7564449455,U,OB,1,7,7813,134428,14,14:00.0,1,8:00,521
7564455624,U,OB,1,1,979,131011,72,25:00.0,1,21:00,521
7564456257,U,OB,1,1,188,135215,67,30:00.0,6,15:00,521
7564456971,U,OB,1,1,50,128416,40,13:00.0,7,15:00,521
7564461353,U,IB,1,1,150,131836,101,04:00.0,7,0:00,521
7564462480,U,OB,1,1,927,126921,38,49:00.0,6,5:00,521
7564468128,U,IB,1,1,1585,130708,111,56:00.0,2,6:00,521
7564469026,U,OB,1,1,165,133578,76,29:00.0,4,7:00,521
7564471244,U,OB,1,3,1555,133078,88,36:00.0,4,9:00,521
7564493336,U,OB,1,1,40,131853,40,12:00.0,5,1:00,521
7564493767,U,OB,1,1,50,126921,38,36:00.0,6,5:00,521
7564493776,U,OB,1,1,50,126921,38,36:00.0,6,5:00,521
7564501889,U,IB,1,3,439,130708,111,43:00.0,2,6:00,521
7564501889,U,OB,1,3,439,130708,87,27:00.0,2,22:00,521
7564501898,U,OB,1,3,695,133578,76,21:00.0,4,10:00,521
7564501916,U,OB,1,3,205,133578,76,19:00.0,4,6:00,521
7564501943,U,OB,1,3,322,138432,46,44:00.0,6,21:00,521
7564502017,U,OB,1,2,164,127948,31,17:00.0,1,4:00,521
7564511046,U,OB,1,1,159,140148,22,09:00.0,5,22:00,521
756451826X,U,IB,1,1,1270,134703,113,17:00.0,4,20:00,521
7564527041,U,OB,1,6,6365,140074,89,51:00.0,5,6:00,521
7564527041,U,IB,1,6,6365,140074,115,21:00.0,5,11:00,521
7564531937,U,OB,1,1,506,125891,51,46:00.0,6,3:00,521
7564542488,U,OB,1,2,2455,134428,14,01:00.0,1,9:00,521
7564549243,U,IB,1,1,3648,131836,101,08:00.0,7,0:00,521
756454928X,U,OB,1,1,634,137797,72,22:00.0,4,15:00,521
7564549537,U,IB,1,1,3600,127801,111,54:00.0,4,17:00,521
7564558236,U,OB,1,1,125,127948,31,53:00.0,1,3:00,521
7564562755,U,IB,1,1,382,130708,111,51:00.0,2,6:00,521
7564630158,U,IB,1,1,110,530091,151,11:00.0,1,9:00,216
7564630369,U,OB,1,1,455,132096,95,30:00.0,4,9:00,216
7564770040,U,OB,1,2,462,558947,31,19:00.0,2,18:00,653
7564772121,U,IB,1,1,99,132136,113,46:00.0,2,2:00,653
7564772790,U,OB,1,1,450,129927,65,58:00.0,6,15:00,653
7564772790,U,OB,1,1,450,129927,31,57:00.0,6,15:00,653
7564773762,U,IB,1,1,300,123603,141,41:00.0,7,6:00,653
7564774038,U,OB,1,1,1414,558986,52,11:00.0,3,3:00,653
7564774303,U,OB,1,1,291,128325,52,48:00.0,4,6:00,653
7564806432,U,CTY,1,2,3810,PASC634516,168,44:00.0,2,7:00,388
7564806432,U,IB,1,2,3810,PASC634516,167,07:00.0,3,4:00,388
7564824344,U,CTY,1,1,12,138636,189,20:00.0,6,23:00,347
7564828872,U,CTY,1,1,150,134172,175,45:00.0,2,4:00,347
7564841376,U,IB,1,1,112,290752,155,59:00.0,1,12:00,347
7564841376,U,IB,1,1,112,290752,111,47:00.0,1,7:00,347
7564841495,U,CTY,1,1,152,136419,169,32:00.0,7,3:00,347
7564841596,U,CTY,1,1,152,138636,189,47:00.0,6,23:00,347
7564855905,U,IB,1,2,1680,136999,150,55:00.0,2,22:00,347
7564855905,U,CTY,1,2,1680,136999,187,21:00.0,3,0:00,347
7564859342,U,CTY,1,3,1279,135463,188,10:00.0,1,16:00,347
7564859351,U,CTY,1,5,2517,135463,188,30:00.0,1,15:00,347
756485937X,U,CTY,1,1,400,134172,175,32:00.0,2,4:00,347
7564859443,U,IB,1,3,2301,130917,143,42:00.0,1,7:00,347
7564861194,U,CTY,1,2,1752,128127,168,30:00.0,5,10:00,347
7564863908,U,CTY,1,2,890,211329,169,07:00.0,3,8:00,347
7564863926,U,CTY,1,3,1565,129893,174,28:00.0,5,20:00,347
7564865008,U,IB,1,1,433,132232,158,47:00.0,1,11:00,347
7564871058,U,IB,1,1,92,129624,150,43:00.0,6,18:00,347
7564873808,U,CTY,1,2,1027,131109,175,56:00.0,7,12:00,347
7564873909,U,CTY,1,2,1759,128127,168,06:00.0,5,11:00,347
7564873936,U,CTY,1,1,800,128127,168,06:00.0,5,10:00,347
7564874816,U,CTY,1,1,160,140300,174,23:00.0,4,9:00,347
7564884927,U,CTY,1,4,2249,131109,205,02:00.0,2,10:00,347
756488709X,U,CTY,1,2,2372,137858,169,38:00.0,5,7:00,347
7564887136,U,IB,1,1,367,127618,143,00:00.0,1,13:00,347
7564887154,U,CTY,1,1,225,121910,188,37:00.0,2,19:00,347
7564891857,U,CTY,1,1,344,129893,174,39:00.0,5,19:00,347
7564892874,U,CTY,1,6,4285,137858,169,18:00.0,5,9:00,347
7564893415,U,IB,1,1,1743,119962,135,24:00.0,2,11:00,347
7564893507,U,IB,1,1,526,131735,141,40:00.0,6,17:00,347
7564894919,U,IB,1,1,885,202751,143,22:00.0,7,12:00,347
7564894982,U,CTY,1,2,2874,133804,187,56:00.0,6,7:00,347
7564895698,U,CTY,1,1,774,127177,197,06:00.0,4,12:00,347
7564895716,U,CTY,1,2,1257,127177,197,30:00.0,4,11:00,347
7564896587,U,IB,1,1,914,115866,164,43:00.0,1,19:00,347
7564896596,U,CTY,1,1,914,131852,175,53:00.0,1,13:00,347
7564896614,U,IB,1,2,1828,115866,164,39:00.0,1,19:00,347
7564903223,U,IB,1,3,1217,140310,151,11:00.0,3,15:00,347
7564923032,U,IB,1,1,2045,136999,150,20:00.0,2,22:00,347
7564925140,U,IB,1,1,1017,291125,151,11:00.0,5,21:00,347
7564926076,U,CTY,1,3,3645,128127,168,50:00.0,5,6:00,347
7564926112,U,IB,1,4,1619,129565,149,08:00.0,5,0:00,347
7564926177,U,IB,1,2,880,132232,158,11:00.0,1,12:00,347
7564926406,U,IB,1,1,443,131735,141,38:00.0,6,17:00,347
7564929807,U,CTY,1,2,1795,261308,174,47:00.0,6,17:00,347
7564929807,U,CTY,1,2,1795,261308,231,30:00.0,7,3:00,347
7564929843,U,IB,1,2,436,131078,145,24:00.0,6,18:00,347
7564929852,U,IB,1,1,624,131078,145,54:00.0,6,17:00,347
756493131X,U,CTY,1,1,129,137858,169,31:00.0,5,8:00,347
7564935141,U,IB,1,1,64,137777,149,26:00.0,3,22:00,347
756493516X,U,IB,1,1,456,127618,143,04:00.0,1,14:00,347
7564940055,U,IB,1,1,330,137314,141,54:00.0,3,1:00,347
7564947791,U,CTY,1,1,485,128046,188,05:00.0,1,1:00,347
7564947892,U,IB,1,2,1304,134236,145,21:00.0,7,14:00,347
7564948112,U,IB,1,1,773,128046,152,49:00.0,6,17:00,347
7564948451,U,CTY,1,1,424,131852,175,52:00.0,1,15:00,347
7564951688,U,CTY,1,4,2328,127177,197,11:00.0,4,12:00,347
7564955931,U,IB,1,2,978,290752,111,35:00.0,1,7:00,347
7564957646,U,CTY,1,5,3985,130776,174,03:00.0,6,21:00,347
7564957985,U,IB,1,1,175,131306,151,39:00.0,4,22:00,347
7564958187,U,OB,1,2,8760,134692,96,06:00.0,2,20:00,347
756495837X,U,CTY,1,1,242,124153,173,51:00.0,2,20:00,347
7564958535,U,CTY,1,1,942,121910,188,56:00.0,2,19:00,347
7564958609,U,CTY,1,1,2020,121910,188,34:00.0,2,19:00,347
7564958672,U,IB,1,2,3510,129565,149,27:00.0,4,22:00,347
7564958764,U,IB,1,3,3720,127618,143,54:00.0,1,12:00,347
7564959561,U,IB,1,2,376,123804,149,09:00.0,5,20:00,347
756495980X,U,CTY,1,6,1230,128873,175,32:00.0,1,5:00,347
7564960634,U,CTY,1,1,2110,134172,175,01:00.0,2,3:00,347
7564961038,U,IB,1,1,550,119962,135,11:00.0,2,14:00,347
7564961092,U,CTY,1,1,486,41167,169,41:00.0,7,13:00,347
7564961110,U,CTY,1,2,4080,128040,169,46:00.0,5,21:00,347
7564962861,U,CTY,1,1,420,131820,172,20:00.0,1,15:00,347
7564963119,U,IB,1,2,1157,137416,153,52:00.0,5,12:00,347
7564963119,U,CTY,1,2,1157,137416,187,36:00.0,5,8:00,347
7564963155,U,CTY,1,5,9000,136419,169,50:00.0,7,3:00,347
7564963191,U,IB,1,1,2080,119962,135,22:00.0,2,11:00,347
7564963247,U,CTY,1,8,7250,131522,189,39:00.0,7,22:00,347
7564965483,U,CTY,1,1,494,127177,197,48:00.0,4,11:00,347
7564967445,U,CTY,1,1,445,115866,174,12:00.0,4,13:00,347
7564968637,U,IB,1,1,750,134787,135,28:00.0,4,17:00,347
7564969389,U,CTY,1,1,251,128174,197,25:00.0,2,13:00,347
7564969389,U,CTY,1,1,251,128174,P   ,56:00.0,2,20:00,347
7564973623,U,IB,1,1,755,138428,145,42:00.0,2,18:00,347
7564973751,U,CTY,1,1,542,131522,189,24:00.0,7,22:00,347
7564976099,U,IB,1,1,932,131735,141,26:00.0,6,16:00,347
7564976539,U,CTY,1,3,4127,211043,175,48:00.0,3,21:00,347
7564976649,U,CTY,1,2,279,138636,189,29:00.0,6,22:00,347
7564977547,U,CTY,1,1,1637,129893,174,18:00.0,5,18:00,347
7564978270,U,CTY,1,1,178,138767,196,29:00.0,2,9:00,347
7564979040,U,CTY,1,1,745,128040,169,37:00.0,5,22:00,347
7564979224,U,IB,1,2,1295,119962,135,44:00.0,2,10:00,347
7564983074,U,IB,1,2,737,135278,163,42:00.0,1,7:00,347
7564983487,U,CTY,1,2,432,130965,172,04:00.0,2,22:00,347
7564983651,U,CTY,1,3,523,121910,188,23:00.0,2,20:00,347
7564983716,U,CTY,1,4,815,121910,188,24:00.0,2,20:00,347
7564983817,U,OB,1,1,155,134692,96,29:00.0,2,20:00,347
7564984192,U,CTY,1,2,455,134172,175,28:00.0,2,2:00,347
7564984376,U,CTY,1,1,246,278601,169,16:00.0,3,22:00,347
7564985449,U,IB,1,1,375,132346,135,09:00.0,7,2:00,347
7564985467,U,CTY,1,1,161,133804,187,20:00.0,6,8:00,347
7564985485,U,CTY,1,1,341,131522,189,34:00.0,7,21:00,347
7564990370,U,CTY,1,3,3945,131820,172,51:00.0,1,15:00,347
7564990408,U,IB,1,1,1740,134787,135,17:00.0,4,16:00,347
7564990637,U,IB,1,2,620,137777,149,33:00.0,3,21:00,347
7564992278,U,CTY,1,1,7,278601,169,30:00.0,4,1:00,347
7564992314,U,CTY,1,1,444,278601,169,35:00.0,3,22:00,347
7564992415,U,CTY,1,1,242,133804,187,32:00.0,6,9:00,347
7564992507,U,IB,1,1,164,119962,135,38:00.0,2,13:00,347
7564992671,U,CTY,1,1,690,558695,169,17:00.0,7,8:00,347
756499302X,U,IB,1,1,290,130455,145,32:00.0,4,13:00,347
7564993093,U,CTY,1,1,100,138636,189,37:00.0,6,23:00,347
7564993111,U,CTY,1,1,100,131109,175,59:00.0,7,11:00,347
7564994267,U,CTY,1,1,465,133804,187,41:00.0,6,7:00,347
7564994276,U,CTY,1,2,764,133804,187,56:00.0,6,8:00,347
7564994321,U,IB,1,1,1558,202751,143,18:00.0,7,14:00,347
7564994377,U,IB,1,5,4425,134236,145,23:00.0,7,13:00,347
7564994469,U,CTY,1,4,3880,130965,172,16:00.0,2,21:00,347
7564996265,U,CTY,1,3,1275,134172,205,10:00.0,2,22:00,347
7564996265,U,CTY,1,3,1275,134172,175,14:00.0,2,5:00,347
7564996292,U,IB,1,3,1605,128543,149,20:00.0,1,13:00,347
7564996604,U,CTY,1,1,952,131109,175,16:00.0,7,12:00,347
7564997145,U,CTY,1,5,2310,121910,188,44:00.0,2,19:00,347
7564997291,U,IB,1,1,334,134599,127,40:00.0,1,6:00,347
756499742X,U,CTY,1,1,150,202373,173,48:00.0,2,0:00,347
7564997850,U,IB,1,1,742,128543,149,20:00.0,1,14:00,347
7564998218,U,CTY,1,3,6326,139779,176,18:00.0,6,14:00,347
7564998584,U,IB,1,1,385,128543,149,27:00.0,1,13:00,347
7564998620,U,IB,1,1,747,134236,145,25:00.0,7,15:00,347
7565003709,U,CTY,1,1,1547,129893,174,42:00.0,5,19:00,347
7565004589,U,CTY,1,1,526,138636,231,07:00.0,2,22:00,347
7565004589,U,CTY,1,1,526,138636,189,07:00.0,6,23:00,347
7565004625,U,CTY,1,1,244,138636,212,45:00.0,2,2:00,347
7565004625,U,CTY,1,1,244,138636,189,22:00.0,6,23:00,347
7565005981,U,IB,1,1,1124,134599,127,53:00.0,1,6:00,347
756500655X,U,IB,1,1,816,134270,145,17:00.0,5,13:00,347
7565006578,U,CTY,1,1,550,128040,169,32:00.0,5,21:00,347
7565006632,U,IB,1,2,135,202751,143,18:00.0,7,12:00,347
7565006641,U,IB,1,1,362,202751,143,13:00.0,7,11:00,347
7565006760,U,IB,1,1,288,123804,149,46:00.0,5,18:00,347
7565007292,U,CTY,1,1,385,133387,195,04:00.0,4,15:00,347
756500853X,U,CTY,1,1,148,131852,O   ,19:00.0,2,7:00,347
756500853X,U,CTY,1,1,148,131852,175,49:00.0,1,15:00,347
7565012298,U,CTY,1,1,284,134172,175,17:00.0,2,2:00,347
756501249X,U,IB,1,1,730,119962,162,42:00.0,2,12:00,347
756501249X,U,IB,1,1,730,119962,135,46:00.0,2,11:00,347
7565012810,U,IB,1,1,375,131735,141,26:00.0,6,17:00,347
7565013416,U,CTY,1,3,2713,137416,187,10:00.0,5,9:00,347
7565013535,U,CTY,1,1,90,128873,175,21:00.0,1,4:00,347
7565013562,U,CTY,1,1,143,135463,188,01:00.0,1,16:00,347
7565013957,U,CTY,1,1,225,131109,175,01:00.0,7,13:00,347
7565016532,U,IB,1,3,5265,134236,145,55:00.0,7,14:00,347
756502261X,U,CTY,1,1,825,128040,169,28:00.0,5,21:00,347
7565022710,U,CTY,1,1,1436,202373,173,42:00.0,2,1:00,347
7565025269,U,IB,1,2,2634,131735,141,18:00.0,6,17:00,347
7565027642,U,CTY,1,1,600,138636,189,06:00.0,6,22:00,347
7565028147,U,IB,1,5,2790,138428,145,17:00.0,2,20:00,347
7565028210,U,IB,1,2,1845,211043,166,38:00.0,3,21:00,347
7565028210,U,CTY,1,2,1845,211043,175,37:00.0,3,21:00,347
756502822X,U,IB,1,5,2310,138428,145,20:00.0,2,20:00,347
7565028266,U,CTY,1,5,2054,211043,175,07:00.0,3,21:00,347
7565028302,U,CTY,1,9,2165,129508,195,06:00.0,3,22:00,347
7565028531,U,CTY,1,2,4070,130776,174,14:00.0,6,21:00,347
7565028596,U,CTY,1,7,3990,124153,173,14:00.0,2,21:00,347
7565028843,U,IB,1,2,2630,131078,145,20:00.0,6,18:00,347
7565044710,U,IB,1,1,526,138297,141,09:00.0,4,2:00,347
7565050403,U,CTY,1,1,1404,133387,195,41:00.0,4,17:00,347
7565051934,U,CTY,1,3,2125,131109,175,33:00.0,7,13:00,347
7565051943,U,CTY,1,1,245,131109,175,12:00.0,7,14:00,347
756505539X,U,CTY,1,2,1156,133804,187,41:00.0,6,6:00,347
7565055436,U,IB,1,5,603,128046,152,55:00.0,6,17:00,347
7565055481,U,CTY,1,2,379,136419,169,21:00.0,7,3:00,347
7565055600,U,CTY,1,2,303,129624,E27 ,59:00.0,6,16:00,347
7565055665,U,IB,1,2,280,128543,149,02:00.0,1,13:00,347
7565055739,U,IB,1,2,372,128543,149,02:00.0,1,13:00,347
7565055775,U,IB,1,2,260,138428,145,59:00.0,2,16:00,347
7565055811,U,IB,1,1,355,138428,145,33:00.0,2,18:00,347
756505594X,U,IB,1,2,272,134270,145,46:00.0,5,12:00,347
7565055995,U,CTY,1,2,822,139875,172,22:00.0,6,12:00,347
756505605X,U,CTY,1,2,310,139875,172,19:00.0,6,13:00,347
7565056572,U,CTY,1,3,1166,121910,188,10:00.0,2,20:00,347
7565056628,U,IB,1,2,370,136999,150,36:00.0,2,22:00,347
7565056655,U,IB,1,3,1406,136999,150,28:00.0,2,22:00,347
7565056738,U,CTY,1,2,371,130776,174,09:00.0,6,20:00,347
7565056792,U,IB,1,1,784,130776,166,02:00.0,6,20:00,347
7565056792,U,IB,1,1,784,130776,166,02:00.0,6,20:00,347
7565057095,U,CTY,1,2,326,138767,196,34:00.0,2,9:00,347
7565057131,U,IB,1,4,1658,135520,158,39:00.0,2,4:00,347
7565057306,U,CTY,1,2,562,129893,174,47:00.0,5,19:00,347
7565071413,U,IB,1,1,850,129565,149,50:00.0,4,22:00,347
7565071469,U,IB,1,4,1940,119977,129,53:00.0,2,6:00,347
7565074282,U,IB,1,2,139,119962,135,09:00.0,2,14:00,347
7565074668,U,IB,1,1,546,134565,112,06:00.0,5,11:00,347
7565074740,U,CTY,1,2,984,139875,172,51:00.0,6,14:00,347
7565074796,U,IB,1,1,435,138428,145,44:00.0,2,16:00,347
7565077445,U,IB,1,9,5995,129565,149,42:00.0,5,0:00,347
7565077490,U,CTY,1,1,721,130776,174,01:00.0,6,20:00,347
7565079939,U,IB,1,2,755,290752,111,18:00.0,1,5:00,347
7565081414,U,CTY,1,1,447,PASC634534,197,14:00.0,1,5:00,336
7565081982,U,CTY,1,1,272,PASC634013,195,50:00.0,6,7:00,336
7565087280,U,IB,1,1,346,138297,141,20:00.0,4,2:00,347
7565087491,U,CTY,1,1,2046,138767,196,44:00.0,2,9:00,347
7565091296,U,IB,1,1,145,134565,161,44:00.0,5,8:00,347
7565091296,U,IB,1,1,145,134565,161,44:00.0,5,8:00,347
7565091350,U,IB,1,1,300,138428,145,56:00.0,2,18:00,347
7565091900,U,IB,1,1,346,119977,129,11:00.0,2,2:00,347
7565091956,U,IB,1,1,450,134236,145,29:00.0,7,15:00,347
7565091992,U,CTY,1,1,143,137858,169,24:00.0,5,6:00,347
7565094852,U,CTY,1,1,794,131109,175,13:00.0,7,14:00,347
7565099784,U,CTY,1,1,810,131522,189,02:00.0,7,21:00,347
7565100013,U,IB,1,1,328,134787,135,30:00.0,4,16:00,347
7565100316,U,IB,1,1,827,127618,143,09:00.0,1,14:00,347
7565100839,U,CTY,1,4,2126,128046,188,53:00.0,1,1:00,347
7565101865,U,CTY,1,1,486,130776,174,50:00.0,6,20:00,347
756510214X,U,CTY,1,8,3810,211329,169,15:00.0,3,7:00,347
7565102222,U,CTY,1,1,620,133804,187,45:00.0,6,6:00,347
7565102222,U,CTY,1,1,620,133804,203,56:00.0,6,10:00,347
7565104139,U,IB,1,1,214,128543,149,13:00.0,1,14:00,347
7565104166,U,IB,1,1,1420,138428,145,50:00.0,2,18:00,347
7565105174,U,CTY,1,2,1042,134172,175,26:00.0,2,5:00,347
7565105248,U,IB,1,1,232,136842,143,58:00.0,3,6:00,347
7565110041,U,CTY,1,2,3220,121413,172,10:00.0,1,0:00,347
7565115633,U,IB,1,1,1225,126436,141,36:00.0,2,6:00,347
7565115651,U,IB,1,6,12684,124215,125,20:00.0,4,13:00,347
7565121629,U,CTY,1,1,198,135463,188,15:00.0,1,15:00,347
7565121665,U,IB,1,2,778,125149,151,51:00.0,3,20:00,347
7565121674,U,IB,1,2,953,125149,151,17:00.0,3,21:00,347
7565121683,U,CTY,1,1,178,130965,172,02:00.0,2,21:00,347
7565121683,U,IB,1,1,178,130965,158,43:00.0,3,0:00,347
7565122242,U,CTY,1,3,986,133804,187,05:00.0,6,10:00,347
7565123571,U,CTY,1,1,173,131522,189,46:00.0,7,22:00,347
7565147744,U,IB,1,5,2620,132158,141,44:00.0,3,22:00,347
7565147809,U,IB,1,1,390,134565,112,59:00.0,5,9:00,347
7565148038,U,CTY,1,1,520,133387,195,34:00.0,4,17:00,347
7565148478,U,CTY,1,3,1600,202373,173,55:00.0,2,0:00,347
7565164042,U,IB,1,1,1713,202751,143,09:00.0,7,12:00,347
7565183119,U,IB,1,2,1725,290752,111,36:00.0,1,6:00,347
7565183274,U,CTY,1,3,1660,211329,169,47:00.0,3,7:00,347
7565187097,U,IB,1,1,845,128543,149,41:00.0,1,13:00,347
7565187225,U,CTY,1,1,409,128127,168,35:00.0,5,7:00,347
756518750X,U,CTY,1,1,793,130917,211,20:00.0,1,7:00,347
756518750X,U,IB,1,1,793,130917,143,18:00.0,1,6:00,347
7565200279,U,CTY,1,1,1502,134172,175,48:00.0,2,4:00,347
7565200499,U,CTY,1,1,101,261308,174,29:00.0,6,17:00,347
7565203880,U,CTY,1,1,466,128174,197,32:00.0,3,8:00,347
7565213111,U,CTY,1,1,289,115866,174,05:00.0,4,13:00,347
7565213120,U,IB,1,1,708,134787,135,37:00.0,4,18:00,347
7565214276,U,IB,1,1,515,202751,143,06:00.0,7,14:00,347
7565219895,U,CTY,1,4,4333,131522,189,00:00.0,7,22:00,347
7565219931,U,CTY,1,1,260,128040,169,51:00.0,5,21:00,347
7565220106,U,CTY,1,2,3065,131522,189,39:00.0,7,21:00,347
7565220380,U,CTY,1,1,495,128174,197,18:00.0,2,14:00,347
7565220427,U,CTY,1,1,333,138636,189,32:00.0,7,0:00,347
7565222627,U,IB,1,1,282,122359,164,29:00.0,1,7:00,347
7565222910,U,IB,1,1,730,127618,143,05:00.0,1,13:00,347
7565226495,U,CTY,1,1,190,211329,169,24:00.0,3,7:00,347
7565231124,U,IB,1,1,143,130917,143,42:00.0,1,6:00,347
7565231243,U,IB,1,1,426,137777,149,35:00.0,3,21:00,347
7565232361,U,CTY,1,1,10,128873,175,29:00.0,1,4:00,347
7565232417,U,IB,1,1,700,124215,125,56:00.0,4,14:00,347
7565234772,U,IB,1,1,1060,134787,135,15:00.0,4,17:00,347
7565234790,U,IB,1,5,4580,202024,125,30:00.0,5,6:00,347
7565235497,U,IB,1,2,748,290752,111,59:00.0,1,7:00,347
7565236294,U,IB,1,1,692,202751,143,12:00.0,7,14:00,347
7565236303,U,IB,1,2,1968,202751,143,34:00.0,7,13:00,347
7565236359,U,CTY,1,1,711,137858,169,27:00.0,5,8:00,347
7565236440,U,CTY,1,1,592,128040,169,40:00.0,5,22:00,347
7565236478,U,IB,1,1,580,134270,145,51:00.0,5,9:00,347
7565236487,U,CTY,1,1,877,128040,169,33:00.0,5,22:00,347
7565236651,U,CTY,1,1,308,140300,174,41:00.0,4,9:00,347
7565236743,U,CTY,1,1,858,128174,197,13:00.0,2,14:00,347
7565236761,U,IB,1,2,2499,125149,151,53:00.0,3,21:00,347
7565237055,U,CTY,1,1,745,128127,168,20:00.0,5,8:00,347
7565237073,U,CTY,1,1,535,128127,168,04:00.0,5,8:00,347
7565237147,U,CTY,1,1,710,138636,189,43:00.0,7,0:00,347
7565238970,U,IB,1,5,2038,131926,143,47:00.0,1,13:00,347
7565250401,U,CTY,1,2,318,133387,195,49:00.0,4,14:00,347
7565255178,U,CTY,1,2,212,128127,168,39:00.0,5,9:00,347
7565256406,U,IB,1,3,4427,134565,112,58:00.0,5,10:00,347
7565258588,U,IB,1,2,3035,202751,143,49:00.0,7,13:00,347
7565261549,U,CTY,1,1,1660,128127,168,58:00.0,5,9:00,347
756526208X,U,CTY,1,2,710,131522,189,57:00.0,7,22:00,347
7565262209,U,CTY,1,2,642,131820,233,50:00.0,2,22:00,347
7565262510,U,IB,1,1,618,124215,125,41:00.0,4,13:00,347
7565262620,U,IB,1,1,801,123804,149,49:00.0,5,19:00,347
7565262694,U,IB,1,1,699,123804,149,36:00.0,5,19:00,347
7565262703,U,IB,1,1,656,123804,149,31:00.0,5,19:00,347
7565263161,U,CTY,1,1,706,133804,187,03:00.0,6,7:00,347
7565263226,U,CTY,1,1,890,133804,187,18:00.0,6,7:00,347
7565263886,U,IB,1,1,62,134787,135,41:00.0,4,18:00,347
7565285821,U,IB,1,2,803,135278,163,41:00.0,1,8:00,347
7565286005,U,IB,1,5,6301,131109,115,40:00.0,7,16:00,347
7565286005,U,CTY,1,5,6301,131109,175,47:00.0,7,13:00,347
7565286133,U,CTY,1,1,276,140300,174,33:00.0,4,9:00,347
7565286225,U,IB,1,4,1335,261168,117,56:00.0,7,16:00,347
7565292715,U,IB,1,1,538,290752,111,40:00.0,1,4:00,347
7565302202,U,OB,1,1,44,134124,39,11:00.0,4,10:00,347
756531752X,U,OB,1,1,154,140304,14,36:00.0,5,10:00,415
7565317557,U,OB,1,1,187,140304,14,08:00.0,5,11:00,415
7565317620,U,OB,1,2,473,140304,14,30:00.0,5,11:00,415
7565317676,U,OB,1,1,220,134828,48,53:00.0,6,12:00,415
7565317685,U,OB,1,1,176,134031,75,29:00.0,7,4:00,415
7565317703,U,OB,1,1,198,134828,48,03:00.0,6,13:00,415
7565317721,U,OB,1,1,154,134828,48,59:00.0,6,12:00,415
7565317759,U,OB,1,1,220,134828,48,52:00.0,6,11:00,415
7565317768,U,OB,1,1,848,202173,26,50:00.0,5,12:00,415
7565318015,U,OB,1,1,654,134290,58,22:00.0,5,8:00,415
7565318033,U,OB,1,1,260,134828,48,20:00.0,6,13:00,415
7565318767,U,OB,1,1,154,132856,18,45:00.0,6,19:00,415
7565318776,U,OB,1,1,220,132856,18,32:00.0,6,18:00,415
7565318803,U,OB,1,1,198,132856,18,28:00.0,6,18:00,415
7565318821,U,OB,1,1,308,132856,18,04:00.0,6,20:00,415
7565318830,U,OB,1,1,176,132856,18,55:00.0,6,19:00,415
7565318868,U,OB,1,1,173,132856,18,20:00.0,6,19:00,415
7565318877,U,IB,1,1,500,127056,152,06:00.0,7,11:00,415
7565318904,U,OB,1,2,1242,123872,67,58:00.0,7,13:00,415
7565318931,U,OB,1,1,402,123872,67,54:00.0,7,13:00,415
756531895X,U,OB,1,1,2475,137474,40,57:00.0,4,13:00,415
7565319023,U,OB,1,5,3086,127513,26,12:00.0,4,15:00,415
7565319097,U,OB,1,1,108,249234,14,38:00.0,4,10:00,415
7565319133,U,OB,1,1,136,202173,26,09:00.0,5,11:00,415
7565319216,U,OB,1,1,136,140254,18,21:00.0,7,10:00,415
7565319243,U,OB,1,1,203,117039,32,11:00.0,3,11:00,415
7565319252,U,CTY,1,1,615,135993,200,53:00.0,2,13:00,415
7565319252,U,OB,1,1,615,135993,58,33:00.0,2,8:00,415
7565319317,U,OB,1,1,132,140254,18,25:00.0,7,10:00,415
7565321764,U,OB,1,1,121,121771,47,32:00.0,1,13:00,415
7565321791,U,OB,1,1,112,132010,39,16:00.0,2,1:00,415
7565321800,U,OB,1,10,660,132010,39,31:00.0,2,2:00,415
7565321829,U,OB,1,1,132,132010,39,19:00.0,2,1:00,415
7565321856,U,OB,1,10,1520,128337,40,05:00.0,5,11:00,415
7565322020,U,OB,1,2,1430,128337,40,47:00.0,5,10:00,415
756532203X,U,OB,1,1,92,129803,43,45:00.0,3,11:00,415
7565322058,U,OB,1,1,109,129803,43,48:00.0,3,11:00,415
7565322076,U,OB,1,1,95,131477,17,39:00.0,7,8:00,415
7565322287,U,OB,1,12,1644,137474,40,04:00.0,4,15:00,415
7565322296,U,OB,1,3,285,137474,40,08:00.0,4,15:00,415
7565322323,U,OB,1,1,132,137474,40,27:00.0,4,14:00,415
7565322341,U,OB,1,5,622,125113,22,27:00.0,6,10:00,415
7565322388,U,OB,1,7,4275,140254,18,21:00.0,7,11:00,415
7565322397,U,OB,1,2,355,125113,22,48:00.0,6,10:00,415
756532280X,U,OB,1,1,110,131001,28,58:00.0,3,8:00,415
7565322819,U,OB,1,1,350,131001,28,50:00.0,3,8:00,415
7565322828,U,OB,1,1,350,850203,18,31:00.0,6,9:00,415
7565322864,U,OB,1,2,220,45587,51,34:00.0,4,7:00,415
7565322891,U,OB,1,1,92,128771,32,52:00.0,4,5:00,415
7565322900,U,OB,1,1,134,125342,32,10:00.0,6,11:00,415
756532291X,U,OB,1,1,150,129803,43,50:00.0,3,11:00,415
7565322965,U,OB,1,2,268,136336,40,43:00.0,4,9:00,415
7565323001,U,OB,1,1,330,140304,14,15:00.0,5,11:00,415
756532401X,U,OB,1,3,630,125342,32,36:00.0,6,21:00,415
7565324047,U,IB,1,1,1190,127056,152,21:00.0,7,10:00,415
7565324092,U,OB,1,1,435,125342,32,40:00.0,6,22:00,415
756532412X,U,OB,1,1,182,123872,67,24:00.0,7,12:00,415
7565324148,U,OB,1,1,144,124164,13,14:00.0,3,8:00,415
7565324166,U,OB,1,1,182,123872,67,16:00.0,7,12:00,415
7565324193,U,OB,1,1,183,124164,13,08:00.0,3,8:00,415
7565324220,U,OB,1,1,136,129803,43,19:00.0,3,12:00,415
7565324258,U,OB,1,1,310,124164,13,02:00.0,3,10:00,415
7565324312,U,OB,1,1,147,128771,32,25:00.0,4,5:00,415
7565324368,U,OB,1,1,80,128771,32,06:00.0,4,5:00,415
7565324395,U,OB,1,1,203,128337,40,48:00.0,5,7:00,415
7565324422,U,OB,1,3,659,128771,32,59:00.0,4,4:00,415
7565324431,U,OB,1,1,101,125342,32,04:00.0,6,22:00,415
7565324469,U,OB,1,1,140,125342,32,57:00.0,6,20:00,415
7565324505,U,OB,1,1,273,125342,32,12:00.0,6,21:00,415
7565324514,U,OB,1,1,575,134999,60,29:00.0,3,10:00,415
7565324523,U,OB,1,1,521,134999,60,26:00.0,3,10:00,415
7565324550,U,OB,1,1,135,134999,60,20:00.0,3,12:00,415
7565324624,U,OB,1,1,180,135748,26,08:00.0,4,8:00,415
7565324633,U,OB,1,1,180,135748,26,35:00.0,4,8:00,415
7565324689,U,OB,1,1,45,136491,22,53:00.0,5,6:00,415
7565324734,U,OB,1,1,158,135748,26,21:00.0,4,8:00,415
7565324844,U,OB,1,1,169,125113,22,09:00.0,6,10:00,415
7565324853,U,OB,1,1,765,125113,22,55:00.0,6,7:00,415
7565324862,U,OB,1,1,236,125113,22,04:00.0,6,11:00,415
7565324909,U,OB,1,1,110,202173,26,44:00.0,5,12:00,415
7565324963,U,OB,1,1,219,136647,49,44:00.0,5,16:00,415
7565325376,U,OB,1,1,202,132206,18,13:00.0,5,7:00,415
7565325385,U,OB,1,2,514,132206,30,16:00.0,5,16:00,415
7565325385,U,OB,1,2,514,132206,18,49:00.0,5,7:00,415
7565325394,U,OB,1,1,312,134325,50,14:00.0,3,7:00,415
7565325394,U,OB,1,1,312,134325,27,12:00.0,3,10:00,415
7565325403,U,OB,1,1,324,128337,40,50:00.0,5,9:00,415
7565325412,U,OB,1,1,775,132856,18,09:00.0,6,17:00,415
7565325421,U,OB,1,1,737,137474,40,55:00.0,4,13:00,415
7565325430,U,OB,1,1,209,140254,18,16:00.0,7,11:00,415
7565328840,U,OB,1,3,6248,134999,60,26:00.0,3,12:00,415
7565328878,U,OB,1,1,796,132856,18,52:00.0,6,19:00,415
7565328950,U,OB,1,1,1241,134031,75,57:00.0,7,4:00,415
756532896X,U,OB,1,1,1241,134031,75,49:00.0,7,3:00,415
7565328979,U,OB,1,1,500,134031,75,55:00.0,7,3:00,415
7565328988,U,OB,1,2,670,134031,75,43:00.0,7,3:00,415
7565329042,U,OB,1,1,176,140254,18,54:00.0,7,10:00,415
7565329060,U,OB,1,1,264,140254,18,02:00.0,7,11:00,415
7565329116,U,OB,1,1,220,140254,18,47:00.0,7,10:00,415
7565329309,U,OB,1,2,856,41204,18,22:00.0,7,7:00,415
7565329327,U,OB,1,3,3600,131477,17,37:00.0,7,8:00,415
7565330142,U,OB,1,1,215,136647,49,48:00.0,5,16:00,415
7565330472,U,OB,1,1,195,124038,46,06:00.0,3,7:00,415
7565330481,U,OB,1,1,295,45587,51,10:00.0,4,8:00,415
7565330490,U,OB,1,1,476,128337,40,26:00.0,5,10:00,415
756533050X,U,OB,1,1,163,128337,40,09:00.0,5,10:00,415
7565330519,U,OB,1,1,73,131001,28,17:00.0,3,8:00,415
7565330537,U,OB,1,1,174,131001,28,34:00.0,3,8:00,415
7565330546,U,OB,1,1,445,131001,28,36:00.0,3,8:00,415
7565330555,U,OB,1,1,322,128337,40,43:00.0,5,10:00,415
7565330564,U,OB,1,1,268,128337,40,08:00.0,5,10:00,415
7565330573,U,OB,1,1,307,134470,39,19:00.0,7,2:00,415
7565330582,U,OB,1,1,160,129803,43,19:00.0,3,7:00,415
7565330591,U,OB,1,1,464,134290,58,47:00.0,5,7:00,415
7565330600,U,OB,1,1,282,134290,58,38:00.0,5,9:00,415
756533061X,U,OB,1,1,182,134290,58,40:00.0,5,7:00,415
7565330629,U,OB,1,1,146,134828,48,11:00.0,6,13:00,415
7565330638,U,OB,1,1,427,117039,32,54:00.0,3,12:00,415
7565330647,U,OB,1,1,70,127513,26,26:00.0,4,9:00,415
7565330647,U,OB,1,1,70,127513,47,36:00.0,4,10:00,415
7565330656,U,OB,1,1,224,136647,49,27:00.0,5,16:00,415
7565330665,U,OB,1,1,509,202173,26,07:00.0,5,10:00,415
7565331976,U,OB,1,1,140,135748,26,33:00.0,4,8:00,415
7565333570,U,OB,1,1,829,127513,26,34:00.0,4,9:00,415
7565333617,U,OB,1,4,6640,41172,17,13:00.0,5,8:00,415
7565334268,U,OB,1,1,350,124038,46,55:00.0,3,7:00,415
7565334286,U,OB,1,2,2650,124038,46,30:00.0,3,7:00,415
7565334313,U,OB,1,1,488,124164,13,29:00.0,3,8:00,415
7565334524,U,OB,1,1,540,136182,60,50:00.0,6,7:00,415
7565334589,U,OB,1,1,328,132010,39,00:00.0,2,1:00,415
7565334598,U,OB,1,3,3855,132010,39,45:00.0,2,0:00,415
756533468X,U,OB,1,1,414,128337,40,41:00.0,5,10:00,415
7565334699,U,OB,1,1,447,127056,34,57:00.0,7,11:00,415
7565334699,U,IB,1,1,447,127056,152,49:00.0,7,11:00,415
7565334991,U,OB,1,1,305,139748,49,01:00.0,5,8:00,415
756533578X,U,OB,1,1,285,124038,46,57:00.0,3,6:00,415
7565336100,U,OB,1,1,468,134290,58,55:00.0,5,7:00,415
7565336129,U,OB,1,1,721,134290,58,48:00.0,5,7:00,415
7565336138,U,OB,1,1,392,134031,75,32:00.0,7,3:00,415
7565336147,U,OB,1,1,272,117039,32,47:00.0,3,12:00,415
7565336156,U,OB,1,1,258,136647,49,11:00.0,5,16:00,415
7565339896,U,OB,1,1,116,133668,52,49:00.0,3,6:00,415
7565339905,U,OB,1,1,1215,135748,26,53:00.0,4,7:00,415
7565339914,U,OB,1,1,102,135748,26,34:00.0,4,7:00,415
7565339923,U,OB,1,1,168,135748,26,44:00.0,4,7:00,415
7565339932,U,OB,1,1,275,135748,26,46:00.0,4,7:00,415
7565339997,U,OB,1,1,226,134325,50,09:00.0,3,7:00,415
7565340006,U,OB,1,1,287,128771,32,33:00.0,4,5:00,415
7565340024,U,OB,1,1,139,128771,32,38:00.0,4,5:00,415
7565340051,U,OB,1,1,398,128337,40,50:00.0,5,7:00,415
7565340116,U,OB,1,1,117,129803,43,11:00.0,3,7:00,415
7565340125,U,OB,1,2,869,124164,13,49:00.0,3,8:00,415
7565340161,U,OB,1,1,305,136336,40,33:00.0,4,9:00,415
7565340170,U,OB,1,1,445,129803,43,05:00.0,3,7:00,415
7565340226,U,OB,1,3,425,140304,14,32:00.0,5,10:00,415
7565340244,U,OB,1,1,205,129697,39,21:00.0,6,8:00,415
7565340253,U,OB,1,2,414,129697,39,41:00.0,6,8:00,415
7565340271,U,OB,1,1,115,117039,32,53:00.0,3,10:00,415
7565340318,U,OB,1,1,55,202173,26,22:00.0,5,10:00,415
7565340345,U,OB,1,2,408,137647,14,09:00.0,6,12:00,415
756534040X,U,OB,1,1,106,125113,22,15:00.0,6,10:00,415
7565342031,U,OB,1,6,1948,134828,48,16:00.0,6,14:00,415
7565346101,U,OB,1,1,232,133668,52,33:00.0,3,7:00,415
756534612X,U,OB,1,1,185,132206,18,57:00.0,5,6:00,415
7565346166,U,OB,1,1,660,136182,60,05:00.0,6,10:00,415
7565346184,U,OB,1,8,8775,136182,60,14:00.0,6,10:00,415
7565346220,U,OB,1,1,408,136982,18,05:00.0,5,11:00,415
756534623X,U,OB,1,1,232,136982,18,36:00.0,5,11:00,415
7565346249,U,OB,1,2,455,136982,18,03:00.0,5,12:00,415
7565346258,U,OB,1,1,188,136982,18,35:00.0,5,12:00,415
7565346267,U,OB,1,1,638,136491,22,10:00.0,5,7:00,415
7565346285,U,OB,1,1,792,139748,49,38:00.0,5,7:00,415
7565346321,U,OB,1,1,220,136491,22,39:00.0,5,6:00,415
756534634X,U,OB,1,1,396,136491,22,45:00.0,5,6:00,415
7565346359,U,OB,1,1,264,139748,49,29:00.0,5,7:00,415
7565346404,U,OB,1,1,220,136491,22,02:00.0,5,7:00,415
7565346431,U,OB,1,1,242,127122,48,53:00.0,7,9:00,415
7565346496,U,CTY,1,1,445,136842,231,31:00.0,5,21:00,415
7565346496,U,CTY,1,1,445,136842,238,03:00.0,3,22:00,415
7565346606,U,OB,1,1,365,134999,60,52:00.0,3,10:00,415
7565346642,U,OB,1,2,1525,45587,51,21:00.0,4,7:00,415
7565346642,U,CTY,1,2,1525,45587,R4  ,59:00.0,4,10:00,415
7565346651,U,OB,1,1,730,45587,51,17:00.0,4,7:00,415
7565346689,U,OB,1,1,905,45587,51,19:00.0,4,6:00,415
7565346752,U,OB,1,1,280,137474,40,01:00.0,4,14:00,415
7565346761,U,OB,1,1,2085,133668,52,40:00.0,3,7:00,415
756534854X,U,OB,1,1,88,290916,46,38:00.0,5,6:00,415
7565348577,U,OB,1,1,56,116842,53,20:00.0,6,7:00,415
7565348586,U,OB,1,1,160,116842,53,18:00.0,6,7:00,415
7565348604,U,OB,1,1,140,290916,46,07:00.0,5,7:00,415
7565348613,U,OB,1,1,135,290916,46,58:00.0,5,6:00,415
7565348678,U,OB,1,1,13,116842,53,04:00.0,6,7:00,415
7565348732,U,OB,1,6,2470,134325,50,52:00.0,3,6:00,415
7565348750,U,OB,1,1,211,127122,9,05:00.0,7,8:00,415
7565348750,U,OB,1,1,211,127122,48,57:00.0,7,7:00,415
7565348860,U,OB,1,2,462,129803,43,49:00.0,3,12:00,415
7565348898,U,OB,1,2,2400,129803,43,32:00.0,3,12:00,415
7565348970,U,OB,1,2,160,45587,51,06:00.0,4,8:00,415
7565349044,U,OB,1,1,360,129697,39,11:00.0,6,10:00,415
7565349053,U,OB,1,1,175,134031,75,24:00.0,7,3:00,415
7565349062,U,OB,1,1,1241,134290,58,32:00.0,5,8:00,415
7565349080,U,OB,1,1,130,139748,49,18:00.0,5,8:00,415
7565349127,U,OB,1,1,100,134999,60,21:00.0,3,11:00,415
7565349145,U,OB,1,1,100,133668,52,54:00.0,3,7:00,415
756534920X,U,OB,1,1,280,133668,52,04:00.0,3,8:00,415
7565349219,U,OB,1,1,280,134999,60,23:00.0,3,11:00,415
7565349228,U,OB,1,1,240,134999,60,10:00.0,3,11:00,415
7565349520,U,OB,1,4,8420,131477,17,23:00.0,7,9:00,415
7565349558,U,OB,1,5,10525,117039,32,51:00.0,3,11:00,415
7565349603,U,OB,1,4,8420,126708,43,59:00.0,3,7:00,415
7565349612,U,OB,1,2,4250,137474,40,45:00.0,4,13:00,415
756534964X,U,OB,1,1,2716,137474,40,58:00.0,4,13:00,415
7565349722,U,OB,1,2,4210,41172,17,35:00.0,5,8:00,415
756534975X,U,OB,1,6,10540,41172,17,33:00.0,5,8:00,415
756534975X,U,OB,1,6,10540,41172,47,34:00.0,5,8:00,415
7565350382,U,OB,1,1,165,127122,48,25:00.0,7,8:00,415
7565350391,U,OB,1,1,99,127122,48,05:00.0,7,10:00,415
7565350400,U,OB,1,1,198,132010,39,06:00.0,2,1:00,415
7565350429,U,OB,1,2,1092,127122,48,16:00.0,7,10:00,415
7565350474,U,OB,1,1,1241,128771,32,06:00.0,4,6:00,415
7565350483,U,OB,1,1,300,134325,50,24:00.0,3,8:00,415
7565350501,U,OB,1,1,325,134290,58,25:00.0,5,6:00,415
756535096X,U,OB,1,1,435,134325,50,10:00.0,3,8:00,415
7565351639,U,OB,1,1,402,132206,18,23:00.0,5,8:00,415
7565351648,U,OB,1,1,196,132206,18,26:00.0,5,7:00,415
7565351657,U,OB,1,1,231,135748,26,53:00.0,4,6:00,415
7565351666,U,OB,1,1,243,135748,26,18:00.0,4,7:00,415
7565351684,U,OB,1,1,137,135748,26,02:00.0,4,7:00,415
7565351711,U,OB,1,1,275,116842,53,17:00.0,6,7:00,415
7565351749,U,OB,1,1,325,124038,46,42:00.0,3,6:00,415
7565351776,U,OB,1,1,640,124038,46,48:00.0,3,6:00,415
7565351803,U,OB,1,1,218,45587,51,24:00.0,4,7:00,415
7565351812,U,OB,1,1,190,128337,40,12:00.0,5,10:00,415
7565351821,U,OB,1,1,268,128337,40,32:00.0,5,10:00,415
7565351830,U,OB,1,1,236,128337,40,05:00.0,5,10:00,415
756535184X,U,OB,1,1,446,128337,40,01:00.0,5,10:00,415
7565351886,U,OB,1,1,204,140304,14,13:00.0,5,11:00,415
7565351895,U,OB,1,1,221,140304,14,24:00.0,5,10:00,415
7565351904,U,OB,1,2,2251,131477,17,04:00.0,7,9:00,415
7565351922,U,OB,1,1,183,117039,32,00:00.0,3,12:00,415
7565351931,U,OB,1,1,479,137474,40,02:00.0,4,14:00,415
756535195X,U,OB,1,1,203,202173,26,46:00.0,5,12:00,415
7565351978,U,OB,1,1,179,125113,22,44:00.0,6,7:00,415
7565351987,U,OB,1,1,235,140254,18,19:00.0,7,11:00,415
7565352546,U,OB,1,2,1155,125342,32,11:00.0,6,22:00,415
7565352784,U,OB,1,2,2158,134999,60,32:00.0,3,12:00,415
7565352885,U,OB,1,6,7375,135748,26,16:00.0,4,7:00,415
7565352912,U,OB,1,2,3015,136491,22,42:00.0,5,7:00,415
7565352968,U,OB,1,7,15115,116842,53,39:00.0,6,8:00,415
7565353004,U,OB,1,4,5430,127122,48,17:00.0,7,8:00,415
7565354297,U,OB,1,1,1065,136336,40,43:00.0,4,7:00,415
7565354306,U,OB,1,1,1241,136336,40,30:00.0,4,9:00,415
7565354333,U,OB,1,2,2928,134828,23,47:00.0,6,13:00,415
7565354333,U,OB,1,2,2928,134828,47,34:00.0,6,14:00,415
7565354333,U,OB,1,2,2928,134828,48,34:00.0,6,11:00,415
7565354452,U,OB,1,1,1165,127513,26,46:00.0,4,15:00,415
7565354461,U,OB,1,1,1370,127513,26,58:00.0,4,15:00,415
7565354470,U,OB,1,1,1241,127513,26,05:00.0,4,10:00,415
7565354508,U,OB,1,3,1162,125113,22,07:00.0,6,10:00,415
7565354865,U,OB,1,1,180,134999,60,49:00.0,3,10:00,415
7565354883,U,OB,1,1,180,134999,60,45:00.0,3,10:00,415
7565354901,U,OB,1,1,180,134999,60,39:00.0,3,12:00,415
7565354939,U,OB,1,1,180,134999,60,35:00.0,3,10:00,415
7565354948,U,OB,1,1,180,134999,60,20:00.0,3,10:00,415
7565354993,U,OB,1,1,180,134999,60,16:00.0,3,10:00,415
7565357321,U,OB,1,3,3375,136182,60,46:00.0,6,7:00,415
7565357321,U,CTY,1,3,3375,136182,206,49:00.0,2,21:00,415
7565357368,U,OB,1,5,5666,123186,43,08:00.0,2,17:00,415
7565357386,U,OB,1,4,1552,123186,43,58:00.0,2,17:00,415
7565357422,U,OB,1,1,961,123186,43,57:00.0,2,17:00,415
7565359467,U,OB,1,8,4595,850203,18,50:00.0,6,8:00,415
7565359494,U,OB,1,4,1750,116842,53,42:00.0,6,7:00,415
7565359961,U,OB,1,3,2494,125342,32,55:00.0,6,21:00,415
7565359999,U,OB,1,3,3834,134031,75,16:00.0,7,5:00,415
7565360008,U,OB,1,3,3834,129697,39,38:00.0,6,7:00,415
756536427X,U,IB,1,1,2105,127056,152,27:00.0,7,10:00,415
7565364289,U,OB,1,3,6315,124164,13,16:00.0,3,9:00,415
7565364298,U,OB,1,5,10525,129803,43,26:00.0,3,7:00,415
7565364343,U,OB,1,3,6125,133688,14,45:00.0,4,6:00,415
7565364352,U,OB,1,2,4210,133688,14,20:00.0,4,8:00,415
7565364370,U,OB,1,3,6315,133688,14,15:00.0,4,8:00,415
756536438X,U,CTY,1,2,4210,133688,231,13:00.0,4,21:00,415
756536438X,U,OB,1,2,4210,133688,14,07:00.0,4,8:00,415
756536438X,U,CTY,1,2,4210,133688,237,29:00.0,5,19:00,415
7565364408,U,OB,1,2,4058,126708,43,36:00.0,3,7:00,415
7565364426,U,OB,1,3,8270,129697,39,10:00.0,6,11:00,415
7565364462,U,OB,1,1,2105,131477,17,00:00.0,7,9:00,415
7565364471,U,OB,1,1,2105,131477,17,50:00.0,7,8:00,415
7565364691,U,OB,1,1,700,139748,49,55:00.0,5,6:00,415
756536471X,U,OB,1,2,810,132010,39,52:00.0,2,0:00,415
7565364738,U,OB,1,1,63,127122,48,08:00.0,7,10:00,415
7565364747,U,OB,1,2,1000,128337,40,01:00.0,5,11:00,415
7565371686,U,IB,1,1,740,140074,103,44:00.0,3,15:00,216
7565371731,U,IB,1,1,648,279026,112,33:00.0,6,5:00,216
7565371850,U,IB,1,1,521,279026,112,56:00.0,6,8:00,216
7565372043,U,IB,1,1,487,127111,104,19:00.0,7,7:00,216
7565372180,U,OB,1,1,400,132096,95,34:00.0,4,9:00,216
7565372281,U,IB,1,2,616,133452,143,29:00.0,7,19:00,216
7565372328,U,OB,1,1,1033,137535,92,02:00.0,7,18:00,216
7565372328,U,OB,1,1,1033,137535,95,00:00.0,7,18:00,216
7565372400,U,OB,1,1,455,137535,92,01:00.0,7,18:00,216
7565372400,U,OB,1,1,455,137535,92,01:00.0,7,18:00,216
7565372447,U,IB,1,2,1558,129562,135,10:00.0,6,15:00,216
7565500523,U,OB,1,3,4815,127109,26,06:00.0,3,16:00,447
7565500532,U,OB,1,3,4705,127109,26,52:00.0,3,15:00,447
7565500579,U,OB,1,1,1537,140036,31,56:00.0,4,10:00,447
7565500588,U,OB,1,7,2655,127109,26,29:00.0,3,15:00,447
7565500597,U,OB,1,2,3135,119372,66,50:00.0,5,6:00,447
7565500597,U,OB,1,2,3135,119372,27,18:00.0,5,10:00,447
7565500606,U,OB,1,2,3145,119372,66,57:00.0,5,6:00,447
7565500615,U,OB,1,2,3135,119372,66,00:00.0,5,7:00,447
7565500624,U,OB,1,2,3185,119372,66,39:00.0,5,7:00,447
7565500633,U,OB,1,1,1145,119372,66,18:00.0,5,7:00,447
7565500642,U,OB,1,1,1140,119372,66,25:00.0,5,7:00,447
7565500651,U,OB,1,1,1089,119372,66,06:00.0,5,7:00,447
7565500660,U,OB,1,2,3315,249121,48,24:00.0,6,11:00,447
756550067X,U,OB,1,3,4612,249121,48,45:00.0,6,12:00,447
7565500689,U,OB,1,1,1180,249121,48,32:00.0,6,12:00,447
7565500698,U,OB,1,2,3160,123659,60,00:00.0,3,7:00,447
7565500707,U,OB,1,3,4245,123659,60,37:00.0,3,6:00,447
7565500716,U,OB,1,2,3155,123659,60,27:00.0,3,7:00,447
7565500725,U,OB,1,2,3160,123659,60,53:00.0,3,6:00,447
7565500734,U,OB,1,1,1537,123659,60,56:00.0,3,6:00,447
7565500743,U,OB,1,1,1145,123659,60,03:00.0,3,7:00,447
7565500752,U,OB,1,1,1537,132561,89,04:00.0,5,17:00,447
7565500761,U,OB,1,1,1537,132561,89,01:00.0,5,17:00,447
7565500761,U,OB,1,1,1537,132561,29,13:00.0,5,21:00,447
7565500770,U,OB,1,1,1537,125622,39,58:00.0,4,9:00,447
756550078X,U,OB,1,2,3074,132561,89,56:00.0,5,16:00,447
7565500799,U,OB,1,5,7686,132561,89,51:00.0,5,16:00,447
7565500808,U,OB,1,1,1089,125622,39,43:00.0,4,9:00,447
7565500817,U,OB,1,1,1537,124297,55,18:00.0,7,16:00,447
7565500826,U,OB,1,1,1537,249254,18,38:00.0,1,10:00,447
7565500835,U,OB,1,1,1089,124297,55,06:00.0,7,16:00,447
7565500844,U,OB,1,1,1537,138460,66,20:00.0,3,2:00,447
7565500853,U,OB,1,1,1537,138460,66,33:00.0,3,2:00,447
7565500862,U,OB,1,1,1537,138460,66,02:00.0,3,3:00,447
7565500871,U,OB,1,2,3074,138460,66,20:00.0,3,2:00,447
7565500871,U,OB,1,2,3074,138460,58,20:00.0,3,3:00,447
7565500880,U,OB,1,2,3074,119854,67,43:00.0,5,13:00,447
756550089X,U,OB,1,4,6355,122911,72,54:00.0,5,9:00,447
7565500909,U,OB,1,3,4765,119854,67,13:00.0,5,13:00,447
7565500918,U,OB,1,4,6350,122911,72,44:00.0,5,7:00,447
7565500927,U,OB,1,2,3074,122911,72,30:00.0,5,6:00,447
7565500936,U,IB,1,1,1537,249336,101,58:00.0,6,20:00,447
7565500954,U,OB,1,1,1089,119854,67,37:00.0,5,13:00,447
7565500963,U,OB,1,1,1537,132168,60,59:00.0,1,12:00,447
7565500972,U,IB,1,2,1164,249336,101,48:00.0,6,20:00,447
7565500981,U,IB,1,2,1104,249336,101,35:00.0,6,20:00,447
7565500990,U,IB,1,1,1089,249336,101,10:00.0,6,21:00,447
756550100X,U,IB,1,1,1089,249336,101,28:00.0,6,21:00,447
7565501019,U,OB,1,3,4612,560041,67,46:00.0,3,19:00,447
7565501028,U,OB,1,2,3074,560041,67,57:00.0,3,19:00,447
7565501037,U,OB,1,1,1537,R42287955,75,39:00.0,4,10:00,447
7565501046,U,OB,1,6,9425,133591,51,16:00.0,5,14:00,447
7565501064,U,OB,1,4,6350,133591,51,34:00.0,5,14:00,447
7565501073,U,OB,1,8,12590,R447120863,75,57:00.0,5,14:00,447
7565501082,U,OB,1,9,14145,137452,74,28:00.0,5,23:00,447
7565501091,U,OB,1,7,11180,R42287955,75,38:00.0,4,15:00,447
7565501100,U,OB,1,4,6450,130769,66,17:00.0,7,14:00,447
756550111X,U,OB,1,1,1089,137452,74,12:00.0,6,0:00,447
7565501147,U,OB,1,1,1089,R447120863,75,08:00.0,5,16:00,447
7565501165,U,OB,1,3,2469,130769,66,08:00.0,7,13:00,447
7565501174,U,OB,1,3,2720,130769,66,27:00.0,7,13:00,447
7565501183,U,OB,1,1,1089,130769,66,54:00.0,7,13:00,447
7565501192,U,OB,1,1,1089,130769,66,00:00.0,7,14:00,447
7565530773,U,CTY,1,1,190,128079,196,08:00.0,2,6:00,830
7565530829,U,CTY,1,1,265,134434,192,52:00.0,2,16:00,830
7565530865,U,CTY,1,1,443,137876,187,05:00.0,3,13:00,830
7565530865,U,CTY,1,1,443,137876,237,30:00.0,3,21:00,830
7565530910,U,IB,1,1,273,125429,143,52:00.0,7,14:00,830
756553312X,U,IB,1,1,355,530109,141,22:00.0,3,0:00,896
7565565598,U,CTY,1,1,200,135897,192,59:00.0,4,6:00,896
7565565625,U,CTY,1,1,200,261081,192,32:00.0,3,7:00,896
7565569329,U,IB,1,1,134,132504,150,07:00.0,5,6:00,896
756557085X,U,IB,1,1,53,132897,127,20:00.0,7,21:00,896
7565570878,U,IB,1,1,505,132897,127,51:00.0,7,21:00,896
7565570887,U,CTY,1,1,160,140322,176,42:00.0,7,8:00,896
7565570905,U,IB,1,1,31,132897,127,20:00.0,7,21:00,896
7565570941,U,CTY,1,1,33,140322,176,35:00.0,7,8:00,896
7565572234,U,IB,1,4,1242,129296,158,10:00.0,3,7:00,896
7565591291,U,CTY,1,3,7000,133126,175,21:00.0,7,19:00,896
7565630727,U,IB,1,1,325,138291,135,37:00.0,2,5:00,896
7565642066,U,CTY,1,1,600,138430,169,14:00.0,5,1:00,896
7565642120,U,CTY,1,1,591,132093,237,27:00.0,3,19:00,896
7565642120,U,CTY,1,1,591,132093,187,26:00.0,3,19:00,896
7565643541,U,CTY,1,3,266,138430,169,08:00.0,5,1:00,896
7565643990,U,CTY,1,1,350,TTMS144654,194,31:00.0,2,12:00,896
7565647676,U,CTY,1,1,500,124100,188,13:00.0,4,12:00,896
7565647685,U,IB,1,1,465,121815,151,51:00.0,5,7:00,896
7565650783,U,CTY,1,2,232,261081,192,54:00.0,3,8:00,896
756567304X,U,CTY,1,1,245,136637,192,02:00.0,4,13:00,896
7565673746,U,CTY,1,2,1540,135997,195,42:00.0,5,19:00,896
7565673791,U,IB,1,5,2403,290654,143,24:00.0,2,19:00,896
7565727581,U,IB,1,1,678,TTMS910575,151,19:00.0,3,21:00,896
7565727700,U,CTY,1,1,416,138430,169,28:00.0,5,1:00,896
7565727747,U,CTY,1,1,529,138028,176,16:00.0,4,4:00,896
7565727958,U,CTY,1,1,290,132130,189,39:00.0,4,13:00,896
7565728003,U,CTY,1,1,85,124100,188,20:00.0,4,12:00,896
7565729049,U,IB,1,2,2415,132655,164,15:00.0,5,2:00,896
7565729350,U,CTY,1,1,445,132093,187,40:00.0,3,21:00,896
7565729460,U,IB,1,1,190,290654,143,32:00.0,2,18:00,896
7565730744,U,CTY,1,1,1075,135897,192,41:00.0,4,7:00,896
7565730753,U,CTY,1,1,120,135897,192,22:00.0,4,6:00,896
756573090X,U,CTY,1,2,1010,137397,176,10:00.0,6,22:00,896
7565730919,U,CTY,1,3,2340,137397,176,38:00.0,6,21:00,896
7565731074,U,IB,1,1,635,530109,141,15:00.0,3,0:00,896
7565733018,U,CTY,1,1,1158,130546,187,11:00.0,2,14:00,896
7565737234,U,CTY,1,1,165,137397,176,44:00.0,6,20:00,896
7565737519,U,CTY,1,1,122,137397,176,23:00.0,6,21:00,896
7565737528,U,CTY,1,1,244,137397,176,59:00.0,6,20:00,896
756573904X,U,IB,1,2,440,TTMS910575,151,55:00.0,3,18:00,896
7565739068,U,CTY,1,1,540,128437,188,24:00.0,7,20:00,896
7565739095,U,IB,1,1,200,TTMS910575,151,10:00.0,3,21:00,896
7565740305,U,OB,1,1,615,127135,78,55:00.0,4,14:00,896
7565740323,U,CTY,1,1,131,530699,197,52:00.0,4,18:00,896
756574168X,U,CTY,1,1,334,137397,176,37:00.0,6,20:00,896
7565742074,U,CTY,1,1,178,261081,192,22:00.0,3,7:00,896
7565742166,U,CTY,1,1,208,125269,195,00:00.0,2,0:00,896
7565742249,U,IB,1,3,81,TTMS910575,151,33:00.0,3,19:00,896
7565749215,U,CTY,1,1,162,126097,E24 ,58:00.0,3,14:00,896
7565749260,U,CTY,1,1,503,261081,192,35:00.0,3,6:00,896
7565757777,U,CTY,1,1,370,132093,187,24:00.0,3,21:00,896
7565757786,U,CTY,1,1,315,132093,187,23:00.0,3,21:00,896
7565758033,U,CTY,1,1,505,138430,169,04:00.0,5,2:00,896
7565758601,U,CTY,1,1,1739,137462,188,11:00.0,6,16:00,896
7565759986,U,CTY,1,1,375,261081,192,53:00.0,3,6:00,896
7565761021,U,IB,1,1,284,530109,141,53:00.0,2,21:00,896
7565761250,U,CTY,1,1,245,137397,176,21:00.0,6,20:00,896
7565770858,U,IB,1,1,187,127688,123,34:00.0,5,11:00,896
7565773011,U,IB,1,4,10920,138291,135,01:00.0,2,6:00,896
7565773020,U,IB,1,1,1805,138291,135,39:00.0,2,4:00,896
7565774185,U,CTY,1,2,488,126510,169,13:00.0,3,5:00,896
7565774194,U,CTY,1,2,488,126510,169,34:00.0,3,5:00,896
7565774616,U,CTY,1,1,185,132093,187,00:00.0,3,19:00,896
7565776715,U,CTY,1,4,2879,138318,197,47:00.0,2,19:00,896
756577688X,U,IB,1,2,890,127688,123,50:00.0,5,13:00,896
7565777283,U,IB,1,1,254,129296,158,49:00.0,3,6:00,896
7565777292,U,IB,1,3,2797,129296,158,45:00.0,3,5:00,896
7565779602,U,CTY,1,1,714,124100,188,58:00.0,4,13:00,896
756578689X,U,IB,1,1,424,129296,158,23:00.0,3,6:00,896
7565795058,U,CTY,1,1,167,126097,196,41:00.0,4,6:00,896
7565801474,U,IB,1,4,1788,138291,135,22:00.0,2,8:00,896
7565801474,U,CTY,1,4,1788,138291,173,32:00.0,3,18:00,896
7565815857,U,IB,1,1,328,530109,141,28:00.0,3,0:00,896
7565825591,U,CTY,1,1,280,261081,192,45:00.0,3,6:00,896
7565827847,U,CTY,1,1,534,119870,169,23:00.0,3,4:00,896
7565829827,U,CTY,1,1,476,133108,194,41:00.0,2,8:00,896
7565829836,U,CTY,1,1,225,133108,194,32:00.0,2,8:00,896
7565830267,U,CTY,1,1,546,135836,187,29:00.0,2,16:00,896
7565835610,U,IB,1,1,375,138291,135,45:00.0,2,7:00,896
7565835895,U,CTY,1,1,190,138146,169,21:00.0,2,14:00,896
7565838764,U,CTY,1,1,375,135897,192,15:00.0,4,6:00,896
7565838829,U,CTY,1,4,1930,135897,192,49:00.0,4,6:00,896
7565838838,U,IB,1,3,1765,134434,137,26:00.0,2,20:00,896
7565838838,U,CTY,1,3,1765,134434,192,44:00.0,2,17:00,896
7565842046,U,CTY,1,1,180,124100,188,31:00.0,4,12:00,896
7565842055,U,CTY,1,1,55,124100,188,13:00.0,4,12:00,896
7565842091,U,CTY,1,1,47,132130,189,09:00.0,4,12:00,896
7565842147,U,CTY,1,1,480,132130,189,44:00.0,4,13:00,896
7565842156,U,CTY,1,1,270,124100,188,12:00.0,4,11:00,896
756584376X,U,CTY,1,2,995,137397,176,34:00.0,6,20:00,896
7565843779,U,CTY,1,1,225,137397,176,31:00.0,6,20:00,896
7565850323,U,IB,1,1,404,132504,150,37:00.0,5,5:00,896
7565850718,U,IB,1,2,2404,138291,135,11:00.0,2,7:00,896
7565853459,U,CTY,1,3,1900,126097,196,06:00.0,4,7:00,896
7565854348,U,CTY,1,1,474,126097,196,19:00.0,4,7:00,896
756585597X,U,CTY,1,1,456,TTMS910552,192,18:00.0,3,1:00,896
7565856932,U,CTY,1,1,500,126097,196,23:00.0,4,8:00,896
756585751X,U,CTY,1,2,610,133108,194,34:00.0,2,8:00,896
7565857556,U,CTY,1,1,468,126097,196,47:00.0,4,6:00,896
7565857684,U,IB,1,2,1008,128138,164,13:00.0,2,6:00,896
7565865595,U,IB,1,1,250,TTMS910575,151,04:00.0,3,21:00,896
7565865916,U,IB,1,4,1608,290654,143,58:00.0,2,19:00,896
7565866291,U,IB,1,1,295,290654,143,12:00.0,2,20:00,896
756586840X,U,IB,1,3,4365,136426,145,55:00.0,1,21:00,896
7565868556,U,IB,1,1,373,290654,143,08:00.0,2,20:00,896
7565868565,U,IB,1,1,31,290654,143,07:00.0,2,20:00,896
7565868583,U,IB,1,2,530,290654,143,03:00.0,2,20:00,896
7565868648,U,IB,1,1,205,290654,143,15:00.0,2,20:00,896
7565868648,U,CTY,1,1,205,290654,168,07:00.0,2,21:00,896
7565869582,U,CTY,1,2,1723,132093,231,38:00.0,3,21:00,896
7565869582,U,CTY,1,2,1723,132093,231,38:00.0,3,21:00,896
7565872020,U,CTY,1,2,488,137876,187,14:00.0,3,13:00,896
7565872020,U,CTY,1,2,488,137876,235,21:00.0,3,13:00,896
7565880106,U,CTY,1,1,395,126097,196,34:00.0,4,6:00,896
7565885368,U,CTY,1,1,430,261081,192,01:00.0,3,7:00,896
7565885377,U,CTY,1,1,405,TTMS750524,189,55:00.0,2,8:00,896
7565885431,U,IB,1,1,255,290654,143,34:00.0,2,18:00,896
7565885469,U,CTY,1,1,345,132093,231,38:00.0,3,20:00,896
7565885469,U,CTY,1,1,345,132093,231,38:00.0,3,20:00,896
7565885651,U,IB,1,1,340,138291,135,24:00.0,2,7:00,896
7565889052,U,CTY,1,5,1320,261081,192,32:00.0,3,8:00,896
7565892179,U,CTY,1,1,45,124100,188,35:00.0,4,12:00,896
7565892224,U,CTY,1,1,45,124100,188,53:00.0,4,13:00,896
7565892224,U,CTY,1,1,45,124100,238,06:00.0,5,21:00,896
7565895652,U,IB,1,1,290,290654,143,39:00.0,2,18:00,896
7565898970,U,CTY,1,2,1054,123790,169,36:00.0,2,1:00,896
7565904829,U,CTY,1,2,900,132093,187,17:00.0,3,21:00,896
7565909934,U,CTY,1,2,643,138291,207,53:00.0,3,8:00,896
7565909934,U,IB,1,2,643,138291,135,58:00.0,2,7:00,896
7565928524,U,CTY,1,1,444,137397,176,25:00.0,6,20:00,896
7565933539,U,IB,1,1,107,129296,158,47:00.0,3,6:00,896
7565933649,U,IB,1,1,132,127688,123,00:00.0,5,14:00,896
7565933667,U,CTY,1,3,758,138430,169,23:00.0,5,4:00,896
7565941825,U,CTY,1,1,395,126097,196,51:00.0,4,6:00,896
7565941935,U,CTY,1,2,726,261081,192,46:00.0,3,8:00,896
7565942036,U,CTY,1,1,566,125269,195,29:00.0,2,0:00,896
7565942687,U,IB,1,1,635,128138,164,04:00.0,2,6:00,896
7565942687,U,IB,1,1,635,128138,137,26:00.0,2,19:00,896
7565954713,U,CTY,1,1,333,132093,187,03:00.0,3,19:00,896
7565954713,U,CTY,1,1,333,132093,170,57:00.0,3,20:00,896
7565962808,U,CTY,1,1,139,135253,192,55:00.0,2,21:00,896
7565962954,U,CTY,1,4,2938,138430,169,54:00.0,5,4:00,896
7565962963,U,CTY,1,1,339,138430,169,39:00.0,5,3:00,896
7565976347,U,CTY,1,2,1030,132093,187,19:00.0,3,21:00,896
7565976374,U,CTY,1,1,375,132093,187,05:00.0,3,21:00,896
7565976401,U,IB,1,2,705,TTMS910575,151,54:00.0,3,22:00,896
7565977153,U,CTY,1,8,3285,130546,187,11:00.0,2,14:00,896
7565977804,U,CTY,1,1,548,135897,192,59:00.0,4,8:00,896
7565977840,U,IB,1,1,559,127688,123,09:00.0,5,13:00,896
7565977988,U,CTY,1,4,2009,TTMS750524,189,14:00.0,2,18:00,896
7565977988,U,IB,1,4,2009,TTMS750524,137,12:00.0,2,19:00,896
7565978089,U,CTY,1,1,327,TTMS910552,192,50:00.0,3,0:00,896
7565978089,U,CTY,1,1,327,TTMS910552,223,35:00.0,6,16:00,896
7565978098,U,CTY,1,1,560,TTMS910552,192,45:00.0,3,0:00,896
7565980325,U,CTY,1,1,284,125269,195,22:00.0,1,21:00,896
7565980783,U,CTY,1,1,574,138028,176,22:00.0,4,3:00,896
7565981360,U,CTY,1,2,1496,132093,233,33:00.0,3,21:00,896
7565981360,U,CTY,1,2,1496,132093,187,32:00.0,3,21:00,896
7565982350,U,CTY,1,1,185,118361,194,22:00.0,3,16:00,896
7565983075,U,IB,1,1,522,128138,164,39:00.0,2,6:00,896
7565992250,U,IB,1,2,856,290654,143,22:00.0,2,20:00,896
7565992288,U,CTY,1,3,1130,261081,192,22:00.0,3,6:00,896
7565992333,U,CTY,1,3,549,261081,192,27:00.0,3,8:00,896
7565992389,U,CTY,1,1,209,135897,192,54:00.0,4,8:00,896
7565992416,U,CTY,1,2,376,135897,192,13:00.0,4,9:00,896
7565992499,U,CTY,1,1,73,135698,188,13:00.0,2,22:00,896
7565992535,U,CTY,1,3,1430,123790,169,48:00.0,2,0:00,896
7565993525,U,CTY,1,1,230,121402,189,54:00.0,2,6:00,896
7565993525,U,CTY,1,1,230,121402,170,04:00.0,2,7:00,896
756599358X,U,CTY,1,1,515,121402,189,27:00.0,2,7:00,896
7565993617,U,CTY,1,1,245,121402,189,30:00.0,2,7:00,896
7565993626,U,CTY,1,1,31,121402,189,37:00.0,2,6:00,896
7565993626,U,CTY,1,1,31,121402,170,12:00.0,2,7:00,896
7565993635,U,CTY,1,1,35,121402,189,16:00.0,2,7:00,896
7565993644,U,CTY,1,1,33,130882,175,32:00.0,2,7:00,896
7565993680,U,CTY,1,1,440,277828,197,54:00.0,2,7:00,896
7565999227,U,CTY,1,1,155,135836,187,32:00.0,2,16:00,896
7566002563,U,IB,1,1,199,TTMS910575,151,41:00.0,3,21:00,896
7566005607,U,CTY,1,2,2650,137397,176,05:00.0,6,21:00,896
756600568X,U,CTY,1,1,446,430868,172,21:00.0,4,17:00,896
7566006707,U,CTY,1,3,86,135997,195,15:00.0,5,21:00,896
7566006716,U,CTY,1,2,1174,137397,176,48:00.0,6,20:00,896
7566008512,U,IB,1,6,10953,530109,141,09:00.0,3,0:00,896
7566016010,U,OB,1,1,1520,137007,39,55:00.0,7,9:00,401
7566019714,U,IB,1,2,488,127688,123,46:00.0,5,13:00,896
7566019723,U,IB,1,2,488,127688,123,45:00.0,5,11:00,896
7566022574,U,CTY,1,1,225,136637,192,09:00.0,4,12:00,896
756602262X,U,IB,1,4,3180,129296,158,56:00.0,3,3:00,896
7566024801,U,CTY,1,2,980,129296,170,57:00.0,3,3:00,896
7566024801,U,IB,1,2,980,129296,158,33:00.0,3,3:00,896
7566164099,U,IB,1,1,359,125111,158,44:00.0,1,10:00,859
756616419X,U,IB,1,1,83,125111,158,15:00.0,1,10:00,859
7566164438,U,IB,1,1,107,558206,125,09:00.0,5,21:00,859
756616496X,U,IB,1,1,1157,131309,111,29:00.0,5,10:00,859
756616496X,U,CTY,1,1,1157,131309,186,37:00.0,5,10:00,859
7566165143,U,IB,1,1,201,134314,141,26:00.0,6,15:00,859
7566165895,U,CTY,1,1,543,134897,188,45:00.0,5,19:00,859
7566165895,U,CTY,1,1,543,134897,210,46:00.0,5,19:00,859
7566166326,U,IB,1,1,187,133386,131,39:00.0,7,15:00,859
7566166463,U,CTY,1,12,298,129553,168,26:00.0,2,13:00,859
7566166629,U,IB,1,1,579,559295,135,09:00.0,4,0:00,859
7566166656,U,IB,1,1,147,559295,135,58:00.0,3,21:00,859
7566166820,U,IB,1,1,583,353210,158,45:00.0,5,12:00,859
7566167013,U,IB,1,1,273,135735,131,45:00.0,7,19:00,859
7566201517,U,IB,1,1,3610,136876,129,23:00.0,1,10:00,804
7566201737,U,IB,1,1,188,135636,116,28:00.0,2,8:00,804
7566241786,U,IB,1,9,1395,135725,151,04:00.0,7,19:00,804
7566242051,U,OB,1,1,642,137436,97,05:00.0,6,16:00,804
7566242051,U,IB,1,1,642,137436,119,03:00.0,6,16:00,804
7566242089,U,IB,1,1,290,131829,143,34:00.0,3,11:00,804
7566242134,U,OB,1,6,829,138176,96,11:00.0,6,6:00,804
7566242152,U,IB,1,1,752,135636,116,47:00.0,2,8:00,804
7566242199,U,IB,1,8,2960,131829,143,09:00.0,3,12:00,804
7566242235,U,IB,1,1,230,131651,141,58:00.0,1,12:00,804
7566242253,U,IB,1,3,1127,135636,116,33:00.0,2,8:00,804
7566244069,U,IB,1,1,1615,202228,123,20:00.0,7,0:00,804
7566244078,U,IB,1,7,2390,140202,151,27:00.0,2,15:00,804
7566244132,U,IB,1,2,1100,140202,151,06:00.0,2,14:00,804
7566244141,U,IB,1,10,1778,140202,151,04:00.0,2,14:00,804
7566244150,U,IB,1,2,409,140202,151,05:00.0,2,14:00,804
756624427X,U,IB,1,7,954,261091,151,00:00.0,5,22:00,804
7566244334,U,IB,1,2,877,261091,151,41:00.0,6,0:00,804
7566244343,U,IB,1,1,215,134784,123,53:00.0,5,6:00,804
7566244361,U,IB,1,3,1138,132855,113,52:00.0,7,11:00,804
7566244370,U,IB,1,1,188,132855,113,06:00.0,7,12:00,804
7566244408,U,IB,1,3,1147,132855,113,49:00.0,7,11:00,804
7566244435,U,IB,1,4,760,138875,105,05:00.0,1,8:00,804
7566244462,U,IB,1,1,342,138875,105,48:00.0,1,7:00,804
7566244619,U,IB,1,2,369,132525,111,08:00.0,5,22:00,804
7566244682,U,IB,1,1,945,132525,111,13:00.0,5,22:00,804
7566244700,U,IB,1,4,759,202228,123,25:00.0,7,0:00,804
7566244729,U,IB,1,2,613,135907,113,48:00.0,5,20:00,804
7566244756,U,IB,1,9,2570,131591,129,51:00.0,7,9:00,804
7566244810,U,IB,1,1,1045,117815,135,41:00.0,5,6:00,804
756624482X,U,IB,1,10,2297,134784,123,03:00.0,5,9:00,804
7566244839,U,IB,1,1,275,136567,117,19:00.0,4,16:00,804
7566244848,U,IB,1,9,2721,129515,129,35:00.0,1,16:00,804
7566244875,U,IB,1,2,1305,129515,129,20:00.0,1,17:00,804
7566244875,U,CTY,1,2,1305,129515,N15 ,22:00.0,2,14:00,804
7566279790,U,OB,1,1,120,202347,60,50:00.0,4,12:00,414
7566280176,U,OB,1,1,146,127322,66,54:00.0,6,14:00,414
7566280515,U,IB,1,2,285,121519,141,20:00.0,6,0:00,414
7566281761,U,OB,1,4,1365,138115,73,01:00.0,5,7:00,414
7566281770,U,OB,1,1,1350,138115,73,28:00.0,5,3:00,414
7566282028,U,OB,1,1,20,128131,51,32:00.0,2,9:00,414
7566282046,U,IB,1,1,220,431022,103,33:00.0,3,18:00,414
7566282302,U,IB,1,1,650,121519,141,25:00.0,6,0:00,414
7566285896,U,OB,1,1,9,290056,76,50:00.0,4,1:00,414
756628728X,U,OB,1,1,206,126714,39,20:00.0,3,14:00,414
756628728X,U,OB,1,1,206,126714,64,04:00.0,3,15:00,414
7566288783,U,IB,1,1,128,140342,111,07:00.0,7,6:00,414
7566291771,U,OB,1,1,1255,134984,26,36:00.0,5,13:00,414
7566296611,U,OB,1,1,162,134048,67,04:00.0,4,2:00,414
7566298519,U,IB,1,37,1300,140003,135,13:00.0,7,10:00,414
7566300645,U,OB,1,1,146,41204,66,58:00.0,3,11:00,414
7566313010,U,OB,1,1,250,134984,26,16:00.0,5,14:00,414
756631302X,U,OB,1,1,250,134984,26,14:00.0,5,14:00,414
7566315596,U,OB,1,5,4305,131416,84,07:00.0,1,9:00,414
7566315641,U,OB,1,4,3195,132138,76,18:00.0,1,4:00,414
7566315688,U,OB,1,3,2415,119711,52,11:00.0,6,15:00,414
7566315715,U,CTY,1,1,1275,127068,173,24:00.0,7,9:00,414
7566315733,U,IB,1,3,2355,125003,113,43:00.0,6,5:00,414
7566317237,U,OB,1,1,42,122959,43,51:00.0,4,5:00,414
7566318236,U,IB,1,1,150,431022,103,21:00.0,4,0:00,414
7566323855,U,OB,1,2,4480,132299,18,34:00.0,7,14:00,414
756632391X,U,OB,1,2,4070,131203,58,41:00.0,4,0:00,414
7566323947,U,IB,1,1,1940,128575,104,07:00.0,5,16:00,414
7566358148,U,CTY,1,3,445,135119,188,15:00.0,1,10:00,309
7566358276,U,CTY,1,3,133,PASC175379,188,08:00.0,5,11:00,309
7566358359,U,IB,1,2,116,PASC634013,143,17:00.0,5,16:00,309
7566369377,U,CTY,1,1,299,116843,169,15:00.0,5,9:00,250
7566369386,U,CTY,1,1,398,135534,188,01:00.0,6,8:00,250
7566374464,U,CTY,1,2,1440,121584,196,46:00.0,7,21:00,250
7566402148,U,CTY,1,1,165,T402217967,187,43:00.0,5,1:00,250
756641697X,U,IB,1,1,2044,128076,163,10:00.0,3,0:00,250
7566419133,U,IB,1,1,1290,290019,163,34:00.0,6,9:00,250
7566419308,U,CTY,1,1,678,134974,187,41:00.0,4,0:00,250
7566419555,U,IB,1,1,1877,134835,143,12:00.0,4,13:00,250
7566425421,U,IB,1,1,348,129678,151,58:00.0,7,9:00,250
7566425430,U,IB,1,1,196,129678,151,05:00.0,7,8:00,250
7566442700,U,CTY,1,1,50,125240,174,11:00.0,6,18:00,250
7566445616,U,IB,1,1,838,T402218929,145,51:00.0,5,12:00,250
7566445634,U,CTY,1,1,323,121144,194,59:00.0,6,11:00,250
7566453581,U,CTY,1,1,220,138928,175,39:00.0,6,16:00,250
7566453774,U,CTY,1,2,3122,137855,189,23:00.0,1,21:00,250
7566453783,U,CTY,1,6,5574,137855,189,14:00.0,1,21:00,250
7566454636,U,CTY,1,1,314,133757,225,58:00.0,5,12:00,250
7566456515,U,CTY,1,2,1245,131845,197,02:00.0,2,5:00,250
7566456607,U,CTY,1,1,129,249257,175,46:00.0,5,11:00,250
7566456735,U,CTY,1,1,140,202525,172,44:00.0,3,13:00,250
7566456955,U,CTY,1,1,455,132845,187,29:00.0,7,13:00,250
7566528208,U,CTY,1,1,280,137197,168,39:00.0,3,22:00,266
7566528318,U,IB,1,1,575,136486,113,52:00.0,2,20:00,266
756652840X,U,CTY,1,4,2389,137932,169,18:00.0,5,2:00,653
7566528491,U,IB,1,2,1290,137678,104,04:00.0,5,21:00,266
7566528556,U,CTY,1,1,845,127543,196,35:00.0,1,18:00,266
756652862X,U,CTY,1,3,1950,127543,196,18:00.0,1,19:00,266
7566528749,U,IB,1,1,248,138348,129,20:00.0,4,0:00,653
7566528812,U,OB,1,1,580,128893,89,48:00.0,3,20:00,266
7566528821,U,OB,1,1,439,128893,89,26:00.0,3,21:00,266
7566528830,U,OB,1,1,263,128893,89,30:00.0,3,21:00,266
756652884X,U,IB,1,1,594,133513,111,51:00.0,3,20:00,266
756652895X,U,OB,1,1,280,125153,86,33:00.0,4,15:00,266
7566529106,U,IB,1,6,1788,140034,151,43:00.0,5,20:00,266
7566529160,U,OB,1,1,414,128853,26,47:00.0,4,6:00,266
756652917X,U,OB,1,1,380,123032,74,50:00.0,1,8:00,266
7566529344,U,CTY,1,1,240,126202,187,06:00.0,5,3:00,266
7566529472,U,IB,1,1,390,278893,112,49:00.0,3,22:00,266
7566529481,U,OB,1,5,3495,211526,63,16:00.0,4,1:00,653
7566529537,U,IB,1,2,1070,132653,131,31:00.0,6,4:00,266
7566529647,U,IB,1,1,476,202245,117,56:00.0,6,16:00,266
756652972X,U,IB,1,1,720,131479,125,01:00.0,1,22:00,266
7566529912,U,CTY,1,1,389,202317,174,58:00.0,4,13:00,266
7566553719,U,IB,1,3,520,123603,141,58:00.0,7,6:00,653
7566582218,U,CTY,1,2,870,137976,218,05:00.0,7,18:00,123
7566582218,U,CTY,1,2,870,137976,172,02:00.0,7,14:00,123
7566582263,U,CTY,1,4,2269,137976,235,22:00.0,7,12:00,123
7566582263,U,CTY,1,4,2269,137976,172,09:00.0,7,12:00,123
7566582263,U,CTY,1,4,2269,137976,205,58:00.0,2,21:00,123
7566582759,U,CTY,1,7,4829,127860,218,03:00.0,7,20:00,123
7566583657,U,IB,1,3,1896,125564,141,37:00.0,7,0:00,123
7566583794,U,IB,1,1,410,125564,141,02:00.0,6,23:00,123
7566686873,U,CTY,1,1,215,132904,175,47:00.0,7,6:00,809
7566687176,U,CTY,1,1,168,130908,197,42:00.0,7,15:00,809
7566687203,U,CTY,1,1,252,130908,197,02:00.0,7,17:00,809
7566687221,U,CTY,1,3,1497,290332,192,46:00.0,7,15:00,809
7566687396,U,IB,1,1,466,137528,127,31:00.0,3,11:00,809
7566691300,U,CTY,1,1,155,135317,187,48:00.0,5,19:00,809
756669208X,U,IB,1,2,40,131923,129,21:00.0,7,3:00,809
7566692620,U,IB,1,1,1313,131118,164,59:00.0,4,1:00,809
7566692649,U,IB,1,1,84,126994,141,19:00.0,2,17:00,809
7566696892,U,IB,1,1,226,134111,141,44:00.0,4,19:00,809
7566701788,U,CTY,1,4,1207,132414,174,30:00.0,5,0:00,809
756670187X,U,CTY,1,1,214,135923,173,40:00.0,1,9:00,809
7566702109,U,CTY,1,1,369,126655,194,29:00.0,5,16:00,809
7566702136,U,CTY,1,1,220,126655,194,28:00.0,5,16:00,809
7566710761,U,IB,1,6,2168,131118,164,08:00.0,4,2:00,809
7566710844,U,CTY,1,3,330,135317,187,18:00.0,5,18:00,809
7566711293,U,CTY,1,1,299,135317,187,44:00.0,5,19:00,809
7566711320,U,CTY,1,3,1022,135317,187,54:00.0,5,19:00,809
7566711376,U,CTY,1,1,510,135317,187,59:00.0,5,18:00,809
7566711385,U,CTY,1,2,821,135317,187,16:00.0,5,20:00,809
7566711459,U,CTY,1,1,529,130908,197,26:00.0,7,14:00,809
756671155X,U,IB,1,1,489,132669,164,18:00.0,3,16:00,809
7566711697,U,IB,1,4,1712,125809,145,57:00.0,7,7:00,809
7566711789,U,IB,1,6,5095,131923,129,56:00.0,7,6:00,809
7566716353,U,IB,1,1,540,139017,133,14:00.0,6,8:00,809
7566717215,U,IB,1,1,160,261345,145,08:00.0,4,21:00,809
7566720533,U,CTY,1,4,1488,130908,197,39:00.0,7,17:00,809
7566720652,U,CTY,1,1,240,130908,197,17:00.0,7,16:00,809
7566721249,U,IB,1,2,426,134111,141,05:00.0,4,20:00,809
7566721258,U,IB,1,2,1200,134111,141,40:00.0,4,20:00,809
7566730718,U,CTY,1,1,384,135923,173,14:00.0,1,8:00,809
756673674X,U,IB,1,1,100,137528,127,08:00.0,3,9:00,809
7566738023,U,IB,1,9,3555,211026,129,12:00.0,1,11:00,809
7566738106,U,IB,1,4,1184,136913,151,28:00.0,3,0:00,809
7566738115,U,IB,1,7,1942,136913,151,46:00.0,3,0:00,809
756673839X,U,IB,1,2,462,128770,158,53:00.0,7,13:00,809
7566739994,U,IB,1,1,510,134111,141,46:00.0,4,19:00,809
7566743799,U,CTY,1,1,125,127303,194,48:00.0,7,19:00,809
7566743817,U,IB,1,1,100,134111,141,58:00.0,4,16:00,809
7566743918,U,IB,1,1,75,134111,141,58:00.0,4,18:00,809
7566744165,U,IB,1,1,100,131923,129,17:00.0,7,3:00,809
756675126X,U,IB,1,2,1028,134111,141,34:00.0,4,16:00,809
7566756640,U,IB,1,1,405,134111,141,58:00.0,4,19:00,809
7566756741,U,IB,1,1,3360,130862,158,11:00.0,3,11:00,809
756675830X,U,CTY,1,1,465,127388,172,37:00.0,5,6:00,809
7566772527,U,CTY,1,2,960,127388,172,31:00.0,5,6:00,809
7566773636,U,OB,1,1,570,138587,31,55:00.0,4,3:00,809
7566781336,U,IB,1,2,900,130990,164,20:00.0,1,13:00,809
7566781372,U,IB,1,1,75,130862,158,15:00.0,3,11:00,809
7566781381,U,IB,1,2,1300,136913,151,34:00.0,3,1:00,809
7566781491,U,IB,1,1,75,137579,117,19:00.0,5,9:00,809
7566781529,U,IB,1,1,300,130448,151,43:00.0,2,12:00,809
7566781565,U,IB,1,1,50,130480,143,59:00.0,7,21:00,809
7566781601,U,IB,1,1,150,130480,143,36:00.0,7,22:00,809
7566781648,U,IB,1,1,150,130480,143,47:00.0,7,22:00,809
7567914107,U,OB,1,2,335,135412,89,08:00.0,1,20:00,418
7567914208,U,OB,1,5,2929,134048,67,41:00.0,4,2:00,418
7567914244,U,CTY,1,6,12355,137641,188,45:00.0,4,0:00,418
756791451X,U,OB,1,2,546,R621801606,40,53:00.0,5,12:00,418
756791462X,U,OB,1,1,220,138421,63,00:00.0,7,13:00,418
7567914776,U,OB,1,2,700,125319,31,55:00.0,1,10:00,418
7567915225,U,OB,1,2,305,133819,58,55:00.0,7,22:00,418
756791528X,U,CTY,1,9,8705,558556,194,26:00.0,1,2:00,418
7567915427,U,OB,1,4,1333,125430,9,52:00.0,4,5:00,418
7567915427,U,OB,1,4,1333,125430,32,51:00.0,4,5:00,418
7568020430,U,OB,1,1,686,131463,95,57:00.0,6,17:00,145
756802099X,U,IB,1,1,870,261280,127,31:00.0,5,19:00,145
7568021182,U,OB,1,1,725,127560,89,34:00.0,3,1:00,145
7568027407,U,OB,1,1,363,127560,89,25:00.0,3,1:00,145
7568038553,U,IB,1,3,2355,128923,112,02:00.0,1,22:00,145
7568038562,U,IB,1,1,512,128923,112,49:00.0,1,21:00,145
7568038782,U,IB,1,3,1581,128923,112,34:00.0,1,20:00,145
7568038883,U,IB,1,2,4026,128359,129,51:00.0,5,14:00,145
7568042540,U,IB,1,2,537,128359,129,55:00.0,5,14:00,145
756804255X,U,IB,1,1,97,128359,129,45:00.0,5,14:00,145
7568042569,U,IB,1,1,348,128923,112,16:00.0,1,21:00,145
7568042578,U,IB,1,1,282,128923,112,22:00.0,1,21:00,145
7568042596,U,OB,1,1,175,127560,89,44:00.0,3,1:00,145
7568042623,U,IB,1,1,482,131701,114,07:00.0,3,1:00,145
7568042623,U,OB,1,1,482,131701,94,37:00.0,3,3:00,145
7568042632,U,IB,1,1,390,131701,114,03:00.0,3,1:00,145
7568042641,U,IB,1,1,506,131701,114,12:00.0,3,1:00,145
7568042650,U,OB,1,1,268,131463,95,52:00.0,6,17:00,145
7568042697,U,OB,1,1,128,131463,95,38:00.0,6,13:00,145
7568042706,U,IB,1,1,579,127779,101,03:00.0,7,21:00,145
7568045575,U,IB,1,1,924,127779,101,57:00.0,7,20:00,145
7568045584,U,IB,1,7,13842,127779,101,30:00.0,7,19:00,145
7568045730,U,OB,1,1,494,127560,89,21:00.0,3,3:00,145
7568045759,U,IB,1,2,3341,128923,112,33:00.0,1,21:00,145
7568061058,U,IB,1,1,425,127779,101,08:00.0,7,21:00,145
7568061231,U,OB,1,1,745,131463,95,02:00.0,6,14:00,145
7568063166,U,IB,1,1,172,127779,101,31:00.0,7,19:00,145
7568063808,U,OB,1,1,1265,202465,78,47:00.0,4,4:00,145
7568215790,U,IB,1,1,1200,135321,114,58:00.0,6,16:00,145
7568215828,U,IB,1,1,225,135781,117,44:00.0,6,21:00,145
7568216340,U,IB,1,10,5351,124395,104,57:00.0,4,16:00,145
7568216488,U,IB,1,4,1395,128359,129,21:00.0,5,15:00,145
7568219027,U,IB,1,1,328,134249,104,00:00.0,3,19:00,145
7568219265,U,OB,1,3,1206,124395,94,57:00.0,4,17:00,145
7568219265,U,IB,1,3,1206,124395,104,56:00.0,4,16:00,145
7568219301,U,IB,1,1,1210,125006,103,02:00.0,7,18:00,145
7568220520,U,IB,1,1,144,134249,104,20:00.0,3,18:00,145
7568220621,U,IB,1,2,2770,128359,129,38:00.0,5,14:00,145
7568220677,U,IB,1,1,249,128923,112,19:00.0,1,18:00,145
7568220713,U,IB,1,2,2763,128923,112,17:00.0,1,18:00,145
7568221043,U,IB,1,1,1225,127779,101,16:00.0,7,21:00,145
7568221052,U,IB,1,1,1005,127779,101,15:00.0,7,21:00,145
7568221932,U,OB,1,1,1865,202465,78,45:00.0,4,5:00,145
7568222006,U,OB,1,4,1597,127560,89,16:00.0,3,2:00,145
7568223445,U,IB,1,2,800,134249,104,24:00.0,3,18:00,145
7568225654,U,IB,1,3,1110,128439,104,38:00.0,2,8:00,145
7568225728,U,IB,1,2,1725,135781,117,39:00.0,6,22:00,145
7568225755,U,IB,1,2,1455,135781,117,07:00.0,7,0:00,145
7568229064,U,OB,1,3,463,202465,78,57:00.0,4,5:00,145
7568231190,U,IB,1,4,6435,135321,114,07:00.0,6,18:00,145
756823131X,U,IB,1,1,250,131701,114,31:00.0,3,0:00,145
7568231466,U,IB,1,1,416,138387,149,44:00.0,5,10:00,145
7568231594,U,OB,1,1,2146,127560,89,35:00.0,3,3:00,145
7568231722,U,IB,1,4,1480,125006,103,32:00.0,7,18:00,145
7568233639,U,IB,1,1,300,128439,104,03:00.0,2,8:00,145
7568233648,U,IB,1,2,830,128439,104,08:00.0,2,8:00,145
7568233657,U,IB,1,1,320,128439,104,10:00.0,2,8:00,145
7568233675,U,IB,1,1,230,132038,103,27:00.0,5,5:00,145
7568233702,U,IB,1,3,5518,132038,103,16:00.0,5,5:00,145
7568233711,U,IB,1,1,472,124395,104,51:00.0,4,16:00,145
756823384X,U,IB,1,1,555,128359,129,38:00.0,5,16:00,145
7568233877,U,IB,1,1,277,128359,129,12:00.0,5,16:00,145
7568237543,U,IB,1,1,596,132038,103,02:00.0,5,4:00,145
7568237617,U,IB,1,3,1900,128439,104,01:00.0,2,8:00,145
7568237846,U,IB,1,1,731,134249,104,00:00.0,3,18:00,145
756823824X,U,IB,1,1,400,126928,103,46:00.0,5,0:00,145
7568238322,U,IB,1,1,1385,128439,104,01:00.0,2,7:00,145
756824000X,U,IB,1,1,595,128439,104,07:00.0,2,7:00,145
756824187X,U,IB,1,1,88,124395,104,46:00.0,4,16:00,145
7568241916,U,IB,1,1,480,132038,103,25:00.0,5,3:00,145
7568242080,U,IB,1,1,88,126928,103,32:00.0,5,0:00,145
7568242080,U,CTY,1,1,88,126928,P   ,34:00.0,5,4:00,145
7568242172,U,IB,1,1,392,290789,103,12:00.0,1,11:00,145
7568242172,U,IB,1,1,392,290789,108,32:00.0,2,21:00,145
7568242181,U,IB,1,1,168,290789,108,33:00.0,2,21:00,145
7568242181,U,IB,1,1,168,290789,103,14:00.0,1,11:00,145
7568248763,U,IB,1,2,2028,126928,103,01:00.0,5,0:00,145
7568248790,U,IB,1,1,211,126928,103,07:00.0,5,0:00,145
7568248828,U,IB,1,1,782,126928,103,09:00.0,5,0:00,145
7568248864,U,IB,1,1,1696,135321,114,01:00.0,6,17:00,145
7568249048,U,IB,1,2,3510,128439,104,26:00.0,2,6:00,145
7568249057,U,IB,1,1,265,128439,104,49:00.0,2,6:00,145
7568249102,U,IB,1,2,2914,124395,104,08:00.0,4,16:00,145
7568249120,U,IB,1,1,395,124395,104,03:00.0,4,16:00,145
7568249158,U,IB,1,2,1586,124395,104,12:00.0,4,16:00,145
7568249277,U,IB,1,1,245,125006,103,23:00.0,7,6:00,145
7568249304,U,IB,1,1,202,125006,103,22:00.0,7,6:00,145
7568249313,U,IB,1,1,567,125006,103,24:00.0,7,19:00,145
7568249387,U,IB,1,1,390,125006,103,13:00.0,7,18:00,145
7568249423,U,IB,1,7,10109,134249,104,01:00.0,3,19:00,145
7568249818,U,IB,1,1,935,128439,104,29:00.0,2,6:00,145
7568249872,U,IB,1,6,4585,138970,151,49:00.0,7,21:00,145
756825089X,U,OB,1,1,150,127560,89,46:00.0,3,3:00,145
7568251459,U,IB,1,1,240,128923,112,07:00.0,1,21:00,145
7568251522,U,IB,1,1,150,125006,103,26:00.0,7,18:00,145
7568251569,U,OB,1,1,98,131463,95,07:00.0,6,18:00,145
7568252292,U,OB,1,1,129,202465,78,31:00.0,4,6:00,145
7568252348,U,IB,1,1,220,127779,101,09:00.0,7,18:00,145
7568252696,U,CTY,1,1,240,128439,180,20:00.0,2,6:00,145
7568252696,U,CTY,1,1,240,128439,180,20:00.0,2,6:00,145
7568252943,U,IB,1,1,308,128923,112,21:00.0,1,21:00,145
7568253300,U,IB,1,1,145,135321,114,03:00.0,6,22:00,145
7568253466,U,OB,1,1,123,202465,78,31:00.0,4,3:00,145
756825353X,U,IB,1,1,500,135321,114,00:00.0,6,22:00,145
7568254676,U,IB,1,4,6385,131701,114,26:00.0,3,1:00,145
7568262578,U,IB,1,15,140,135321,114,29:00.0,6,17:00,145
7568262751,U,IB,1,61,550,137723,143,23:00.0,1,2:00,145
7568262870,U,IB,1,1,227,135781,117,28:00.0,6,21:00,145
7568263191,U,IB,1,31,277,128923,112,51:00.0,1,20:00,145
7568263247,U,OB,1,14,180,131463,95,53:00.0,6,15:00,145
7568263411,U,IB,1,39,363,127779,101,51:00.0,7,20:00,145
7568263907,U,OB,1,92,2485,131463,95,51:00.0,6,16:00,145
7568270617,U,IB,1,1,690,135321,114,48:00.0,6,19:00,145
7568270635,U,IB,1,1,538,135781,110,25:00.0,6,22:00,145
7568270635,U,IB,1,1,538,135781,117,00:00.0,6,22:00,145
7568273064,U,OB,1,2,1710,127560,89,15:00.0,3,4:00,145
7568273156,U,OB,1,1,1842,202465,78,57:00.0,4,3:00,145
7568273156,U,IB,1,1,1842,202465,109,12:00.0,4,4:00,145
7568275960,U,IB,1,1,198,128081,114,17:00.0,4,0:00,145
7568278867,U,IB,1,2,237,126928,103,55:00.0,4,22:00,145
7568283029,U,IB,1,1,482,131701,114,32:00.0,3,1:00,145
7568283074,U,OB,1,1,43,202465,78,25:00.0,4,6:00,145
7568283083,U,OB,1,1,253,131463,95,07:00.0,6,16:00,145
7568283258,U,IB,1,3,1692,127779,101,51:00.0,7,18:00,145
7568283514,U,OB,1,1,324,127560,89,18:00.0,3,3:00,145
7568283541,U,IB,1,2,566,131701,114,40:00.0,3,1:00,145
7568284037,U,CTY,1,1,324,131463,231,29:00.0,6,18:00,145
7568284037,U,OB,1,1,324,131463,95,00:00.0,6,16:00,145
7568284046,U,CTY,1,2,523,131463,231,29:00.0,6,18:00,145
7568284046,U,OB,1,2,523,131463,95,00:00.0,6,16:00,145
7568284807,U,IB,1,1,605,135321,114,19:00.0,6,16:00,145
7568284816,U,IB,1,1,122,135321,114,54:00.0,6,16:00,145
7568284825,U,IB,1,1,420,135321,114,52:00.0,6,16:00,145
7568285705,U,IB,1,1,4629,280883,123,22:00.0,7,11:00,145
7568285723,U,IB,1,2,7383,280883,123,29:00.0,7,11:00,145
7568290114,U,IB,1,1,440,128081,114,12:00.0,4,0:00,145
7568290783,U,IB,1,5,2207,135321,114,44:00.0,6,21:00,145
7568290875,U,IB,1,1,875,290148,113,36:00.0,1,9:00,145
7568290920,U,IB,1,1,196,290789,103,43:00.0,1,10:00,145
7568293560,U,IB,1,1,194,128081,114,29:00.0,3,22:00,145
7568293589,U,IB,1,1,491,132038,103,49:00.0,5,4:00,145
7568294386,U,CTY,1,1,254,138558,173,26:00.0,4,1:00,145
7568294404,U,IB,1,1,80,131701,114,26:00.0,3,0:00,145
7568294871,U,IB,1,4,2392,128081,114,26:00.0,3,22:00,145
7568298135,U,IB,1,1,500,291071,114,28:00.0,4,23:00,145
7568301022,U,IB,1,1,263,134249,104,30:00.0,3,18:00,145
7568301150,U,IB,1,1,290,124395,104,31:00.0,4,16:00,145
7568301206,U,IB,1,1,505,124395,104,21:00.0,4,15:00,145
7568304827,U,IB,1,1,295,128081,114,31:00.0,3,22:00,145
7568311115,U,OB,1,1,559,127560,89,04:00.0,3,5:00,145
7568311243,U,IB,1,2,1457,131701,114,41:00.0,3,0:00,145
7568317055,U,CTY,1,4,3595,124322,192,55:00.0,7,6:00,145
7568319145,U,IB,1,3,7605,290789,103,40:00.0,1,10:00,145
7568319255,U,IB,1,2,4905,135781,117,48:00.0,6,21:00,145
7568329889,U,IB,1,1,905,290148,113,25:00.0,1,9:00,145
7568330071,U,IB,1,2,1655,126928,103,38:00.0,4,23:00,145
7568330392,U,IB,1,2,1505,126928,103,48:00.0,4,22:00,145
7568337039,U,IB,1,4,6630,128081,114,09:00.0,4,1:00,145
7568337048,U,IB,1,1,908,131701,114,53:00.0,3,0:00,145
7568350980,U,IB,1,2,1305,131701,114,36:00.0,3,0:00,145
7568365940,U,IB,1,2,1852,124395,104,33:00.0,4,16:00,145
7568366528,U,IB,1,1,578,128359,129,59:00.0,5,15:00,145
7568366674,U,IB,1,1,569,124395,104,42:00.0,4,15:00,145
7568366701,U,IB,1,1,600,135321,114,39:00.0,6,17:00,145
7568367527,U,IB,1,1,855,135781,117,14:00.0,6,21:00,145
7568370158,U,IB,1,10,5141,125006,103,54:00.0,7,18:00,145
7568370423,U,IB,1,2,3280,128439,104,37:00.0,2,7:00,145
7568370928,U,CTY,1,10,3047,290148,212,13:00.0,4,13:00,145
7568373631,U,IB,1,2,990,135781,117,11:00.0,7,0:00,145
7568373851,U,IB,1,2,1376,128359,129,07:00.0,5,16:00,145
7568373889,U,IB,1,3,1430,128923,112,32:00.0,1,18:00,145
7568377418,U,OB,1,1,1120,127560,89,07:00.0,3,5:00,145
7568379773,U,IB,1,1,233,128359,129,47:00.0,5,15:00,145
7568380305,U,IB,1,1,102,280883,123,32:00.0,7,7:00,145
7568382597,U,IB,1,1,600,126928,103,59:00.0,4,22:00,145
7568382725,U,IB,1,3,2257,132038,103,12:00.0,5,5:00,145
7568385347,U,IB,1,1,1760,128439,104,55:00.0,2,6:00,145
7568385356,U,IB,1,3,564,127860,112,37:00.0,7,10:00,145
756838542X,U,CTY,1,1,752,131463,231,29:00.0,6,18:00,145
756838542X,U,OB,1,1,752,131463,95,04:00.0,6,18:00,145
7568388261,U,IB,1,2,4500,124395,104,51:00.0,4,15:00,145
7568388481,U,IB,1,1,380,135321,114,41:00.0,6,16:00,145
7568391608,U,OB,1,2,1172,131463,95,28:00.0,6,18:00,145
7568391745,U,IB,1,1,265,128150,135,32:00.0,2,20:00,145
7568391929,U,IB,1,3,3794,125006,103,20:00.0,7,19:00,145
7568391947,U,IB,1,1,220,125006,103,05:00.0,7,19:00,145
7568393321,U,IB,1,1,509,135321,114,05:00.0,6,19:00,145
7568394192,U,IB,1,2,2004,290789,103,17:00.0,1,11:00,145
7568395458,U,OB,1,1,2289,131701,94,50:00.0,3,3:00,145
7568395458,U,IB,1,1,2289,131701,114,16:00.0,3,1:00,145
7568395824,U,OB,1,3,628,127560,89,21:00.0,3,5:00,145
7568397620,U,IB,1,2,1575,134249,104,28:00.0,3,18:00,145
756839851X,U,IB,1,1,1900,126928,103,14:00.0,5,0:00,145
7568398583,U,IB,1,3,7381,126928,103,30:00.0,5,0:00,145
7568399793,U,IB,1,1,423,128923,112,27:00.0,1,19:00,145
756839994X,U,OB,1,1,525,131463,95,08:00.0,6,18:00,145
7568399959,U,OB,1,1,430,131463,95,59:00.0,6,17:00,145
7568403057,U,CTY,1,1,245,124322,192,01:00.0,7,9:00,145
7568403295,U,OB,1,2,770,130712,14,52:00.0,7,19:00,145
7568403405,U,IB,1,2,1645,290148,113,03:00.0,1,8:00,145
7568404294,U,IB,1,9,1915,127779,101,16:00.0,7,19:00,145
7568404945,U,IB,1,2,904,125006,103,35:00.0,7,6:00,145
7568405064,U,IB,1,7,2198,126928,103,58:00.0,5,0:00,145
7568405165,U,IB,1,2,1175,280883,123,37:00.0,7,7:00,145
7568405174,U,IB,1,3,1355,135781,117,34:00.0,6,22:00,145
7568406247,U,CTY,1,2,930,137976,172,18:00.0,7,14:00,145
7568406833,U,CTY,1,1,200,136399,194,16:00.0,6,8:00,145
7568415330,U,OB,1,1,300,127560,89,47:00.0,3,1:00,145
7568415698,U,OB,1,75,1925,560225,14,52:00.0,7,6:00,447
7568415707,U,OB,1,3,1325,129533,52,32:00.0,7,4:00,447
7568417705,U,OB,1,1,560,R42210422,22,26:00.0,3,10:00,447
7568417732,U,OB,1,1,2160,290356,32,44:00.0,4,0:00,447
7568417741,U,OB,1,2,515,560225,14,13:00.0,7,4:00,447
7568417750,U,OB,1,1,1150,560225,14,54:00.0,6,14:00,447
7568422013,U,IB,1,155,4515,132236,143,46:00.0,4,13:00,447
7568422013,U,CTY,1,155,4515,132236,193,47:00.0,4,13:00,447
7568422022,U,IB,1,76,1666,135952,103,19:00.0,6,21:00,447
7568422224,U,IB,1,53,1440,842167,101,34:00.0,7,11:00,447
7568422242,U,IB,1,78,1892,123553,152,25:00.0,5,4:00,447
7568423169,U,IB,1,1,110,122670,123,05:00.0,4,16:00,447
7568423178,U,OB,1,3,3010,128133,67,17:00.0,3,3:00,447
7568423187,U,OB,1,1,844,430526,89,02:00.0,4,3:00,447
7568423205,U,IB,1,8,1508,122670,123,22:00.0,4,15:00,447
7568423214,U,OB,1,6,1215,559586,69,08:00.0,4,1:00,447
7568423241,U,OB,1,6,1675,R621200,88,44:00.0,5,11:00,447
7568423250,U,OB,1,2,1071,R621200,88,56:00.0,5,10:00,447
7568423389,U,OB,1,10,1815,R447120863,75,16:00.0,5,12:00,447
7568423398,U,OB,1,1,493,261389,43,28:00.0,5,12:00,447
7568423407,U,OB,1,4,4110,R447120863,75,01:00.0,5,14:00,447
7568423425,U,OB,1,4,4016,530636,75,04:00.0,6,21:00,447
7568423434,U,OB,1,2,1575,135013,46,27:00.0,7,8:00,447
7568423443,U,OB,1,1,510,135013,46,26:00.0,7,8:00,447
7568423517,U,OB,1,6,983,R621200,88,37:00.0,5,11:00,447
7568423526,U,OB,1,1,1165,249121,48,57:00.0,6,11:00,447
7568423535,U,OB,1,3,1606,249121,48,47:00.0,6,11:00,447
7568423544,U,OB,1,1,150,249121,48,01:00.0,6,12:00,447
7568423553,U,OB,1,6,1414,830959,78,42:00.0,1,2:00,447
7568423553,U,OB,1,6,1414,830959,81,01:00.0,1,5:00,447
7568423562,U,OB,1,13,3063,830959,78,00:00.0,1,3:00,447
7568423571,U,OB,1,2,1425,830959,78,42:00.0,1,0:00,447
7568423580,U,OB,1,2,2070,126998,72,30:00.0,3,0:00,447
756842359X,U,OB,1,1,535,126998,72,26:00.0,3,0:00,447
7568423609,U,OB,1,5,1396,R411587174,89,28:00.0,4,6:00,447
7568423618,U,OB,1,1,761,R411587174,89,25:00.0,4,4:00,447
7568423627,U,OB,1,2,375,R411587174,89,31:00.0,4,6:00,447
7568423636,U,OB,1,4,961,R411587174,89,34:00.0,4,4:00,447
7568423645,U,OB,1,1,502,R411587174,89,12:00.0,4,6:00,447
7568423654,U,OB,1,1,470,R411587174,89,31:00.0,4,5:00,447
7568423663,U,OB,1,1,1105,128281,22,46:00.0,6,15:00,447
7568423672,U,OB,1,4,3160,430695,74,10:00.0,5,13:00,447
7568423672,U,OB,1,4,3160,430695,30,12:00.0,5,13:00,447
7568423681,U,OB,1,1,180,430035,63,42:00.0,5,12:00,447
7568423690,U,OB,1,10,2356,124072,38,29:00.0,7,2:00,447
756842370X,U,OB,1,3,3115,310316,78,50:00.0,6,15:00,447
7568423719,U,OB,1,1,382,126500,58,29:00.0,1,6:00,447
7568423728,U,OB,1,1,130,126500,58,20:00.0,1,6:00,447
7568423737,U,OB,1,4,1682,126500,58,17:00.0,1,4:00,447
7568423746,U,OB,1,1,192,126500,58,23:00.0,1,6:00,447
7568423755,U,OB,1,1,185,126500,58,58:00.0,1,6:00,447
7568423764,U,OB,1,1,192,558194,67,49:00.0,3,0:00,447
7568423773,U,OB,1,1,74,558194,67,44:00.0,3,0:00,447
7568423782,U,OB,1,1,74,558194,67,14:00.0,3,2:00,447
7568423791,U,OB,1,1,74,558194,67,42:00.0,3,0:00,447
7568423800,U,OB,1,4,4640,R42287955,75,46:00.0,4,15:00,447
756842381X,U,OB,1,2,1280,132772,28,19:00.0,5,4:00,447
756842381X,U,OB,1,2,1280,132772,51,53:00.0,5,3:00,447
7568423829,U,OB,1,4,2011,132772,51,11:00.0,5,4:00,447
7568423847,U,OB,1,2,645,430060,86,42:00.0,6,11:00,447
7568423856,U,OB,1,3,3135,430060,86,51:00.0,6,11:00,447
7568423865,U,IB,1,1,186,139874,111,53:00.0,1,3:00,447
7568423874,U,OB,1,3,2075,130624,53,48:00.0,1,11:00,447
7568423883,U,OB,1,6,1925,130624,53,29:00.0,1,12:00,447
7568423892,U,IB,1,5,1150,139874,111,12:00.0,1,4:00,447
7568423901,U,OB,1,5,1065,126502,48,56:00.0,3,2:00,447
7568423910,U,OB,1,1,130,126502,48,25:00.0,3,1:00,447
7568423910,U,OB,1,1,130,126502,81,58:00.0,3,8:00,447
756842392X,U,IB,1,4,4175,126264,125,45:00.0,4,1:00,447
7568423939,U,OB,1,1,374,126301,90,21:00.0,4,5:00,447
7568423948,U,OB,1,4,2011,126301,90,43:00.0,4,6:00,447
7568423957,U,OB,1,1,761,126301,90,15:00.0,4,5:00,447
7568423966,U,OB,1,1,360,126301,90,48:00.0,4,6:00,447
7568423975,U,OB,1,3,725,126301,90,46:00.0,4,6:00,447
7568423984,U,OB,1,5,1240,261389,43,53:00.0,5,12:00,447
7568423993,U,OB,1,2,480,261389,43,05:00.0,5,13:00,447
7568424002,U,OB,1,5,738,261389,43,44:00.0,5,12:00,447
7568424745,U,OB,1,1,340,132772,51,16:00.0,5,4:00,447
7568424754,U,OB,1,2,1643,132772,51,47:00.0,5,3:00,447
7568425414,U,OB,1,1,253,126301,90,28:00.0,4,6:00,447
7568425423,U,OB,1,1,848,121101,69,19:00.0,4,3:00,447
7568425432,U,IB,1,5,1180,126264,125,30:00.0,4,0:00,447
7568425450,U,OB,1,1,45,124072,38,10:00.0,7,1:00,447
756842546X,U,OB,1,1,160,137865,76,44:00.0,6,6:00,447
7568425479,U,OB,1,2,300,124072,38,13:00.0,7,1:00,447
7568425488,U,OB,1,16,8000,124072,38,26:00.0,7,1:00,447
7568425506,U,OB,1,2,705,137865,76,57:00.0,6,6:00,447
756842601X,U,IB,1,2,6970,132970,145,41:00.0,4,0:00,447
7568426029,U,OB,1,1,332,558847,49,31:00.0,4,6:00,447
7568426038,U,OB,1,10,5215,530717,63,07:00.0,1,10:00,447
7568426047,U,OB,1,1,716,134163,40,57:00.0,5,7:00,447
7568426056,U,OB,1,1,1200,134163,40,05:00.0,5,8:00,447
7568426065,U,OB,1,6,210,122911,72,51:00.0,5,7:00,447
7568426083,U,OB,1,1,475,R44779962,72,33:00.0,4,0:00,447
7568426092,U,OB,1,1,440,125225,73,20:00.0,3,1:00,447
7568426092,U,OB,1,1,440,125225,73,20:00.0,3,1:00,447
7568426101,U,OB,1,1,810,830959,79,35:00.0,1,11:00,447
7568426101,U,OB,1,1,810,830959,78,16:00.0,7,18:00,447
7568427028,U,OB,1,7,11050,R447120863,75,36:00.0,5,18:00,447
7568430777,U,OB,1,1,399,R411587174,89,39:00.0,4,6:00,447
7568433399,U,OB,1,1,231,134672,66,23:00.0,7,8:00,447
7568433408,U,OB,1,1,331,128281,22,05:00.0,6,16:00,447
7568433426,U,OB,1,1,481,128281,22,01:00.0,6,18:00,447
7568433435,U,OB,1,1,373,128281,22,54:00.0,6,17:00,447
7568433453,U,OB,1,1,448,530717,63,29:00.0,1,7:00,447
7568433462,U,OB,1,1,90,R42287955,75,07:00.0,4,9:00,447
7568433471,U,OB,1,1,235,R44790060,50,08:00.0,6,13:00,447
7568433480,U,OB,1,1,304,130864,53,39:00.0,7,10:00,447
756843349X,U,OB,1,1,440,130864,53,48:00.0,7,10:00,447
7568433509,U,OB,1,1,200,130864,53,43:00.0,7,10:00,447
7568434012,U,OB,1,1,276,138316,78,58:00.0,5,7:00,447
7568434021,U,OB,1,1,583,R44790060,50,24:00.0,6,10:00,447
7568434030,U,OB,1,1,291,130864,53,25:00.0,7,11:00,447
756843404X,U,OB,1,1,254,130864,53,45:00.0,7,11:00,447
7568434059,U,OB,1,1,520,130864,53,52:00.0,7,11:00,447
7568434068,U,OB,1,1,670,130864,53,06:00.0,7,11:00,447
7568434654,U,OB,1,1,160,138429,52,48:00.0,3,10:00,447
7568434663,U,OB,1,2,186,138429,52,52:00.0,3,10:00,447
7568434672,U,OB,1,1,100,138429,52,39:00.0,3,10:00,447
7568434681,U,OB,1,1,188,138429,52,44:00.0,3,10:00,447
7568434690,U,OB,1,1,277,131810,73,17:00.0,3,4:00,447
756843470X,U,OB,1,1,224,131810,73,11:00.0,3,4:00,447
7568434719,U,OB,1,2,449,131810,73,13:00.0,3,4:00,447
7568434728,U,OB,1,18,4038,138429,52,10:00.0,3,11:00,447
7568434737,U,OB,1,2,418,131810,73,22:00.0,3,4:00,447
7568434746,U,OB,1,3,3642,131810,73,49:00.0,3,6:00,447
7568437505,U,OB,1,1,175,560225,14,39:00.0,6,14:00,447
7568438266,U,OB,1,1,300,132816,73,29:00.0,4,13:00,447
7568438266,U,OB,1,1,300,132816,24,40:00.0,4,15:00,447
7568438275,U,OB,1,2,186,132816,73,42:00.0,4,13:00,447
7568438275,U,IB,1,2,186,132816,111,55:00.0,7,14:00,447
7568438284,U,OB,1,1,224,134002,75,06:00.0,4,8:00,447
7568438293,U,OB,1,4,738,134002,22,51:00.0,4,10:00,447
7568438293,U,OB,1,4,738,134002,75,58:00.0,4,7:00,447
7568438302,U,OB,1,3,554,134002,75,15:00.0,4,8:00,447
7568438311,U,OB,1,4,738,134002,75,12:00.0,4,8:00,447
7568438320,U,OB,1,1,225,134002,75,04:00.0,4,8:00,447
756843833X,U,IB,1,1,773,132236,143,01:00.0,4,11:00,447
756843833X,U,OB,1,1,773,132236,37,26:00.0,4,12:00,447
7568438349,U,OB,1,1,350,132816,73,53:00.0,4,12:00,447
7568438358,U,OB,1,2,240,132772,51,43:00.0,5,3:00,447
7568438367,U,OB,1,2,200,132772,51,06:00.0,5,5:00,447
7568438376,U,OB,1,1,674,122911,72,08:00.0,5,8:00,447
7568438385,U,OB,1,1,173,132772,51,39:00.0,5,3:00,447
7568438394,U,OB,1,1,185,122911,72,23:00.0,5,7:00,447
7568438403,U,OB,1,5,923,122911,72,52:00.0,5,6:00,447
7568438412,U,OB,1,7,1530,122911,72,16:00.0,5,7:00,447
7568438421,U,OB,1,2,369,122911,72,27:00.0,5,7:00,447
7568438430,U,OB,1,10,7195,261351,48,05:00.0,5,14:00,447
756843844X,U,OB,1,4,2670,261351,48,18:00.0,5,14:00,447
7568438459,U,OB,1,3,4065,261351,48,24:00.0,5,14:00,447
7568438468,U,OB,1,4,4017,R447120863,74,03:00.0,6,7:00,447
7568438477,U,OB,1,1,158,R447120863,74,52:00.0,6,6:00,447
7568438486,U,OB,1,1,162,126686,75,40:00.0,6,12:00,447
7568438495,U,OB,1,1,100,126686,75,29:00.0,6,12:00,447
7568438760,U,OB,1,1,270,211059,69,33:00.0,3,10:00,447
756843877X,U,OB,1,2,186,211059,69,39:00.0,3,12:00,447
7568438798,U,OB,1,1,377,128133,67,48:00.0,3,2:00,447
7568438807,U,OB,1,2,3232,211059,69,49:00.0,3,10:00,447
7568438816,U,OB,1,1,760,211059,69,41:00.0,3,10:00,447
7568438825,U,OB,1,1,835,211059,69,45:00.0,3,10:00,447
7568438834,U,IB,1,1,749,122670,123,10:00.0,4,16:00,447
7568438843,U,OB,1,1,100,290356,32,39:00.0,4,0:00,447
7568438852,U,OB,1,2,186,290356,32,41:00.0,4,1:00,447
7568438861,U,OB,1,1,160,290356,32,41:00.0,4,1:00,447
7568438870,U,OB,1,1,40,290356,32,47:00.0,4,0:00,447
756843888X,U,OB,1,2,418,290356,32,51:00.0,4,0:00,447
7568438926,U,OB,1,1,100,136883,58,31:00.0,5,3:00,447
7568438935,U,OB,1,4,1290,136883,58,35:00.0,5,4:00,447
7568438944,U,OB,1,6,1935,136883,58,23:00.0,5,9:00,447
7568438953,U,OB,1,6,1935,136883,58,11:00.0,5,8:00,447
7568438962,U,OB,1,2,200,123100,40,12:00.0,6,3:00,447
7568438971,U,OB,1,6,1346,123100,40,51:00.0,6,3:00,447
7568438980,U,OB,1,1,773,560225,14,46:00.0,6,14:00,447
756843899X,U,OB,1,1,284,126998,72,04:00.0,3,1:00,447
7568439009,U,OB,1,1,187,126998,72,59:00.0,3,0:00,447
7568439402,U,OB,1,1,285,830959,78,01:00.0,7,19:00,447
7568439411,U,OB,1,2,186,830959,78,06:00.0,7,19:00,447
7568439420,U,OB,1,1,400,830959,78,39:00.0,7,18:00,447
756843943X,U,OB,1,1,153,134672,66,16:00.0,7,6:00,447
7568439449,U,OB,1,1,75,134672,66,13:00.0,7,10:00,447
7568439458,U,OB,1,3,2028,134672,66,34:00.0,7,10:00,447
7568439467,U,OB,1,1,613,353225,40,45:00.0,1,12:00,447
7568439476,U,OB,1,1,695,134672,66,16:00.0,7,10:00,447
7568439476,U,OB,1,1,695,134672,10,56:00.0,7,10:00,447
7568439485,U,OB,1,2,200,126998,72,37:00.0,3,1:00,447
7568439494,U,OB,1,1,160,126998,72,39:00.0,3,1:00,447
7568439503,U,OB,1,1,142,126998,72,43:00.0,3,0:00,447
756843976X,U,OB,1,1,154,130624,53,16:00.0,1,13:00,447
7568439797,U,OB,1,1,345,130624,53,06:00.0,1,13:00,447
7568439806,U,IB,1,1,876,R44787995,111,43:00.0,7,14:00,447
7568440017,U,OB,1,2,1175,126998,72,03:00.0,3,1:00,447
7568440026,U,OB,1,2,645,126998,72,46:00.0,3,0:00,447
7568440035,U,OB,1,2,200,128281,22,14:00.0,6,16:00,447
7568440044,U,OB,1,1,224,137871,63,25:00.0,7,1:00,447
7568440062,U,OB,1,1,880,430035,63,47:00.0,5,13:00,447
7568440264,U,OB,1,1,785,137897,86,47:00.0,6,18:00,447
7568440273,U,OB,1,1,220,137897,86,14:00.0,6,18:00,447
7568440291,U,OB,1,1,160,137897,86,28:00.0,6,18:00,447
7568440300,U,OB,1,1,400,137897,86,52:00.0,6,18:00,447
756844031X,U,OB,1,7,1460,137897,86,53:00.0,6,19:00,447
7568440329,U,OB,1,1,315,137897,86,20:00.0,6,19:00,447
7568440338,U,OB,1,2,435,137897,86,24:00.0,6,19:00,447
7568440347,U,OB,1,6,1535,137897,86,56:00.0,6,20:00,447
7568440356,U,OB,1,4,970,137897,86,11:00.0,6,21:00,447
7568440356,U,OB,1,4,970,137897,66,49:00.0,7,9:00,447
7568440365,U,OB,1,4,985,137897,86,42:00.0,6,20:00,447
7568440374,U,OB,1,8,2000,137897,86,08:00.0,6,21:00,447
7568440383,U,OB,1,16,3940,137897,86,35:00.0,6,20:00,447
7568440392,U,OB,1,2,200,125994,46,10:00.0,1,7:00,447
7568440401,U,OB,1,3,4204,125994,46,40:00.0,1,6:00,447
7568440410,U,OB,1,1,595,125994,46,35:00.0,1,7:00,447
756844042X,U,OB,1,1,629,125994,46,36:00.0,1,7:00,447
7568440448,U,OB,1,1,206,126500,91,06:00.0,1,4:00,447
7568440448,U,OB,1,1,206,126500,58,05:00.0,1,4:00,447
7568440457,U,OB,1,4,738,126500,58,37:00.0,1,3:00,447
7568440466,U,OB,1,4,738,126500,58,33:00.0,1,3:00,447
7568440475,U,OB,1,1,206,126500,58,22:00.0,1,3:00,447
7568440484,U,OB,1,1,185,126500,58,11:00.0,1,4:00,447
7568440493,U,OB,1,4,3150,126500,58,26:00.0,1,4:00,447
7568440502,U,OB,1,2,1527,131810,73,00:00.0,3,7:00,447
7568445580,U,OB,1,1,175,135995,53,49:00.0,5,2:00,447
756844559X,U,OB,1,1,171,135995,53,46:00.0,5,2:00,447
7568445609,U,OB,1,1,166,121101,69,56:00.0,4,1:00,447
7568446296,U,OB,1,1,355,560225,14,10:00.0,7,7:00,447
7568446305,U,OB,1,4,1560,560225,14,03:00.0,7,7:00,447
7568446314,U,OB,1,2,605,560225,14,17:00.0,7,7:00,447
7568446323,U,OB,1,4,2245,129533,52,19:00.0,7,3:00,447
7568446332,U,OB,1,1,496,129533,52,47:00.0,7,3:00,447
7568446341,U,OB,1,7,4730,132816,73,26:00.0,4,13:00,447
756844636X,U,IB,1,3,1332,139874,111,25:00.0,1,4:00,447
7568446763,U,OB,1,4,64,R42210422,22,24:00.0,3,13:00,447
7568446772,U,OB,1,3,45,129533,52,53:00.0,7,3:00,447
7568446781,U,OB,1,8,96,131810,73,37:00.0,3,7:00,447
7568446790,U,OB,1,9,135,131810,73,09:00.0,3,7:00,447
7568446790,U,CTY,1,9,135,131810,N5  ,28:00.0,3,11:00,447
756844680X,U,OB,1,12,192,131810,73,18:00.0,3,7:00,447
7568446819,U,IB,1,50,250,132236,143,08:00.0,4,15:00,447
7568446828,U,OB,1,4,76,121101,69,18:00.0,4,2:00,447
7568450723,U,OB,1,2,7803,530636,75,19:00.0,6,14:00,447
7568450732,U,OB,1,1,1100,530636,75,04:00.0,6,14:00,447
7568450741,U,IB,1,2,7359,132970,145,55:00.0,4,0:00,447
7568452510,U,OB,1,4,3810,R42287955,75,50:00.0,4,15:00,447
756845252X,U,OB,1,1,1048,430060,86,26:00.0,6,9:00,447
7568452539,U,OB,1,1,1385,430060,86,30:00.0,6,9:00,447
7568452548,U,OB,1,1,105,430060,86,05:00.0,6,11:00,447
7568452557,U,IB,1,1,2236,135952,103,27:00.0,6,18:00,447
7568452566,U,OB,1,4,9969,430060,86,18:00.0,6,11:00,447
7568452575,U,IB,1,2,4435,135952,103,24:00.0,6,18:00,447
7568452593,U,OB,1,3,11395,138316,78,29:00.0,5,7:00,447
7568452602,U,OB,1,1,2675,135013,46,16:00.0,7,8:00,447
7568452602,U,OB,1,1,2675,135013,81,30:00.0,7,9:00,447
7568453060,U,OB,1,2,4209,559586,69,51:00.0,4,0:00,447
756845307X,U,OB,1,2,500,559586,69,00:00.0,4,2:00,447
7568453089,U,OB,1,1,335,119426,63,26:00.0,5,3:00,447
7568453098,U,OB,1,13,7822,830959,78,12:00.0,7,20:00,447
7568453098,U,OB,1,13,7822,830959,79,15:00.0,1,12:00,447
7568453107,U,OB,1,1,160,353225,40,20:00.0,1,12:00,447
7568453116,U,OB,1,1,190,353225,79,19:00.0,1,12:00,447
7568453116,U,OB,1,1,190,353225,40,02:00.0,1,12:00,447
7568453125,U,OB,1,1,190,830959,78,03:00.0,7,18:00,447
7568453143,U,OB,1,1,180,353225,40,32:00.0,1,12:00,447
7568453152,U,OB,1,1,600,125225,73,54:00.0,3,0:00,447
7568453161,U,OB,1,1,835,R411587174,89,53:00.0,4,4:00,447
7568453170,U,OB,1,1,360,R411587174,89,25:00.0,4,3:00,447
756845318X,U,OB,1,2,4900,137871,63,04:00.0,7,1:00,447
7568453199,U,OB,1,1,230,430035,63,10:00.0,5,12:00,447
7568453208,U,OB,1,1,190,430035,63,28:00.0,5,13:00,447
7568453217,U,OB,1,1,160,430035,63,32:00.0,5,13:00,447
7568453217,U,IB,1,1,160,430035,119,23:00.0,6,14:00,447
7568453226,U,OB,1,1,190,430035,63,26:00.0,5,13:00,447
7568453235,U,OB,1,1,761,430035,63,16:00.0,5,13:00,447
7568453244,U,IB,1,1,300,430675,103,47:00.0,5,9:00,447
7568453253,U,OB,1,1,1590,126500,58,06:00.0,1,7:00,447
7568455765,U,OB,1,1,120,R44790060,50,38:00.0,6,12:00,447
7568455774,U,OB,1,10,2525,R44790060,50,03:00.0,6,12:00,447
7568456113,U,OB,1,1,970,430926,58,27:00.0,3,6:00,447
7568456122,U,OB,1,1,500,430926,58,20:00.0,3,6:00,447
7568456131,U,OB,1,1,995,430926,58,39:00.0,3,6:00,447
7568456140,U,OB,1,1,235,249121,48,14:00.0,6,10:00,447
756845615X,U,OB,1,1,445,123100,40,07:00.0,6,4:00,447
7568456178,U,OB,1,1,151,560225,14,29:00.0,6,14:00,447
7568456187,U,OB,1,1,800,353225,40,50:00.0,1,12:00,447
7568456196,U,OB,1,1,400,R44779962,72,24:00.0,4,0:00,447
7568456205,U,OB,1,1,121,R44779962,72,27:00.0,4,0:00,447
7568456214,U,OB,1,1,368,138428,46,08:00.0,6,11:00,447
7568456223,U,OB,1,3,759,310316,78,08:00.0,6,16:00,447
7568456241,U,OB,1,2,1350,310316,78,20:00.0,6,16:00,447
7568456250,U,OB,1,3,2072,310316,78,16:00.0,6,16:00,447
7568456407,U,OB,1,2,228,281030,49,12:00.0,3,11:00,447
7568456416,U,OB,1,8,1085,281030,49,52:00.0,3,11:00,447
7568456425,U,OB,1,1,685,R42287955,75,05:00.0,4,15:00,447
7568456434,U,OB,1,1,2250,R42287955,75,01:00.0,4,15:00,447
7568456452,U,OB,1,1,45,530717,63,13:00.0,1,8:00,447
7568456461,U,OB,1,2,2643,530717,63,51:00.0,1,9:00,447
7568456470,U,OB,1,1,310,R447120863,75,12:00.0,5,14:00,447
756845648X,U,OB,1,2,938,R447120863,75,16:00.0,5,16:00,447
7568456499,U,OB,1,1,663,138316,78,32:00.0,5,6:00,447
7568458093,U,OB,1,1,413,137452,74,58:00.0,5,21:00,447
7568458102,U,OB,1,1,400,137452,74,51:00.0,5,21:00,447
7568458111,U,OB,1,1,715,137452,74,49:00.0,5,22:00,447
7568458120,U,OB,1,1,598,137452,74,36:00.0,5,22:00,447
756845813X,U,OB,1,1,160,130769,66,34:00.0,7,11:00,447
7568458149,U,OB,1,1,100,130769,66,52:00.0,7,11:00,447
7568458158,U,OB,1,4,2055,130769,66,06:00.0,7,14:00,447
7568458167,U,OB,1,4,2080,130769,66,51:00.0,7,13:00,447
7568458176,U,OB,1,1,692,130769,66,01:00.0,7,12:00,447
7568458185,U,OB,1,1,230,130864,53,45:00.0,7,8:00,447
7568458194,U,OB,1,4,5040,130864,53,21:00.0,7,10:00,447
7568458203,U,OB,1,2,180,130864,53,50:00.0,7,8:00,447
7568458212,U,OB,1,2,540,130864,53,05:00.0,7,9:00,447
7568458221,U,OB,1,1,19,130864,53,24:00.0,7,10:00,447
7568458230,U,OB,1,10,2243,130864,53,36:00.0,7,10:00,447
7568458259,U,OB,1,1,862,130864,53,51:00.0,7,10:00,447
7568458396,U,IB,1,1,160,126264,125,26:00.0,4,1:00,447
7568458405,U,IB,1,2,430,126264,125,25:00.0,4,1:00,447
7568458414,U,IB,1,1,160,126264,125,04:00.0,4,1:00,447
7568458432,U,OB,1,7,1461,290976,51,23:00.0,3,12:00,447
7568458441,U,OB,1,3,300,R42287955,75,32:00.0,4,6:00,447
7568458450,U,OB,1,1,160,R42287955,75,46:00.0,4,6:00,447
756845846X,U,OB,1,8,1890,R42287955,75,19:00.0,4,7:00,447
7568458488,U,OB,1,8,2025,R42287955,75,00:00.0,4,8:00,447
7568458497,U,OB,1,12,2692,R42287955,75,40:00.0,4,8:00,447
7568458506,U,OB,1,2,1404,R42287955,75,14:00.0,4,9:00,447
7568458726,U,OB,1,1,400,430060,86,53:00.0,6,10:00,447
7568458744,U,OB,1,1,285,430060,86,55:00.0,6,11:00,447
7568458762,U,OB,1,1,598,R42287955,75,11:00.0,4,9:00,447
7568461788,U,OB,1,3,1285,133591,51,35:00.0,5,14:00,447
7568461797,U,OB,1,3,1215,133591,51,30:00.0,5,11:00,447
7568461797,U,OB,1,3,1215,133591,27,43:00.0,5,11:00,447
7568461806,U,OB,1,3,990,133591,51,52:00.0,5,13:00,447
7568461815,U,OB,1,3,1385,133591,51,10:00.0,5,12:00,447
7568461824,U,OB,1,1,380,R447120863,75,23:00.0,5,14:00,447
7568462008,U,OB,1,2,665,530717,63,16:00.0,1,8:00,447
7568462017,U,OB,1,1,345,530717,63,26:00.0,1,7:00,447
7568462026,U,CTY,1,4,1720,138908,DP  ,05:00.0,6,12:00,447
7568462035,U,OB,1,1,220,135434,67,43:00.0,3,2:00,447
7568462044,U,OB,1,1,165,135434,67,59:00.0,3,2:00,447
7568462053,U,OB,1,1,580,R44790060,50,55:00.0,6,12:00,447
7568462062,U,OB,1,8,2500,R44790060,50,10:00.0,6,14:00,447
7568462228,U,OB,1,1,440,530717,63,31:00.0,1,7:00,447
7568462237,U,OB,1,1,310,530717,63,20:00.0,1,8:00,447
7568462264,U,OB,1,3,1100,119426,3,42:00.0,5,6:00,447
7568462264,U,OB,1,3,1100,119426,63,19:00.0,5,4:00,447
7568462273,U,OB,1,5,1980,119426,63,21:00.0,5,4:00,447
7568462282,U,OB,1,3,1400,119426,63,54:00.0,5,3:00,447
7568462291,U,OB,1,3,1365,119426,63,06:00.0,5,4:00,447
7568462300,U,OB,1,3,1285,249121,48,51:00.0,6,10:00,447
756846231X,U,OB,1,2,550,249121,48,39:00.0,6,10:00,447
7568462329,U,OB,1,3,800,134672,66,05:00.0,7,10:00,447
7568462338,U,OB,1,1,450,134672,66,17:00.0,7,9:00,447
7568462347,U,OB,1,1,220,134672,66,59:00.0,7,9:00,447
7568462356,U,OB,1,1,599,134672,66,38:00.0,7,6:00,447
7568462365,U,OB,1,4,1590,128281,22,53:00.0,6,16:00,447
7568462374,U,OB,1,3,1085,128281,22,32:00.0,6,16:00,447
7568462383,U,OB,1,4,1590,128281,22,01:00.0,6,18:00,447
7568462392,U,OB,1,3,1325,128281,22,41:00.0,6,17:00,447
7568462401,U,OB,1,2,630,128281,22,39:00.0,6,16:00,447
7568462410,U,OB,1,2,710,124072,38,03:00.0,7,1:00,447
7568462439,U,OB,1,2,590,131810,73,24:00.0,3,6:00,447
7568462448,U,OB,1,2,660,131810,73,32:00.0,3,6:00,447
7568462457,U,OB,1,1,260,131810,73,39:00.0,3,6:00,447
7568462466,U,OB,1,1,195,131810,73,36:00.0,3,6:00,447
7568462475,U,OB,1,6,2165,211421,72,33:00.0,5,13:00,447
7568462484,U,OB,1,3,860,261351,48,48:00.0,5,12:00,447
7568462493,U,OB,1,4,1100,261351,48,50:00.0,5,12:00,447
7568462502,U,OB,1,4,1475,261351,48,40:00.0,5,12:00,447
7568509647,U,OB,1,1,461,531169,26,44:00.0,5,21:00,422
7568509656,U,OB,1,1,295,560856,72,39:00.0,3,20:00,422
7568509692,U,IB,1,1,1080,390047,119,24:00.0,2,22:00,422
7568509692,U,OB,1,1,1080,390047,95,19:00.0,2,22:00,422
7568510352,U,OB,1,6,6915,390072,74,11:00.0,3,20:00,422
7568510352,U,IB,1,6,6915,390072,119,39:00.0,3,20:00,422
7568510361,U,OB,1,1,223,531169,26,27:00.0,5,21:00,422
7568510370,U,OB,1,1,1280,531169,26,21:00.0,5,21:00,422
756851038X,U,OB,1,1,800,531169,83,35:00.0,5,21:00,422
756851038X,U,OB,1,1,800,531169,26,32:00.0,5,21:00,422
7568510399,U,IB,1,3,3260,430890,117,31:00.0,6,21:00,422
7568510408,U,IB,1,3,3130,430890,117,14:00.0,6,21:00,422
7568510408,U,CTY,1,3,3130,430890,N19 ,58:00.0,7,16:00,422
7568510426,U,OB,1,1,508,559046,55,51:00.0,4,22:00,422
7568510435,U,OB,1,1,168,842082,63,29:00.0,5,22:00,422
7568510444,U,OB,1,1,105,842082,63,27:00.0,5,22:00,422
7568510453,U,OB,1,2,1280,830887,55,28:00.0,5,21:00,422
7568529510,U,OB,1,2,645,133112,95,58:00.0,7,17:00,202
7568529566,U,IB,1,1,288,530418,123,24:00.0,1,4:00,202
7568529584,U,IB,1,1,295,530418,123,02:00.0,1,5:00,202
7568529593,U,IB,1,1,362,530418,123,38:00.0,1,3:00,202
7568529602,U,IB,1,1,228,530418,123,14:00.0,1,3:00,202
7568529611,U,IB,1,1,303,530418,123,21:00.0,1,3:00,202
7568529620,U,IB,1,2,474,530418,123,30:00.0,1,1:00,202
756852963X,U,IB,1,1,170,530418,123,26:00.0,1,3:00,202
7568529649,U,IB,1,3,912,530418,123,01:00.0,1,4:00,202
7568529658,U,IB,1,1,180,200693,114,39:00.0,4,5:00,202
7568529703,U,IB,1,1,375,200693,114,43:00.0,4,5:00,202
7568529712,U,IB,1,1,206,200693,114,47:00.0,4,5:00,202
7568529730,U,IB,1,6,2536,132854,117,03:00.0,5,8:00,202
7568530015,U,IB,1,1,387,139796,103,40:00.0,6,7:00,202
7568530024,U,IB,1,2,454,139796,103,38:00.0,6,7:00,202
7568530033,U,OB,1,1,420,558422,72,03:00.0,1,3:00,202
7568530042,U,OB,1,4,1770,558422,72,21:00.0,1,3:00,202
7568530042,U,OB,1,4,1770,558422,36,18:00.0,1,5:00,202
7568530051,U,OB,1,2,840,558422,72,33:00.0,1,2:00,202
7568530060,U,CTY,1,1,545,558422,235,26:00.0,2,22:00,202
756853007X,U,OB,1,1,295,558422,72,45:00.0,1,2:00,202
7568530089,U,OB,1,1,415,558422,72,41:00.0,1,2:00,202
7568530107,U,OB,1,2,1460,558422,72,59:00.0,1,1:00,202
7568530116,U,OB,1,3,1175,558422,72,26:00.0,1,2:00,202
7568530161,U,IB,1,1,293,138149,103,49:00.0,4,12:00,202
7568530199,U,IB,1,1,217,138149,103,54:00.0,4,12:00,202
7568530199,U,IB,1,1,217,138149,162,48:00.0,4,13:00,202
7568530226,U,IB,1,2,530,278823,135,57:00.0,5,7:00,202
7568530235,U,OB,1,3,909,130634,55,41:00.0,5,3:00,202
7568530904,U,IB,1,2,990,126966,116,16:00.0,5,1:00,202
7568531041,U,OB,1,1,70,123681,75,00:00.0,3,6:00,202
7568531050,U,OB,1,1,270,123681,75,10:00.0,3,6:00,202
7568531079,U,OB,1,1,520,123084,78,38:00.0,5,1:00,202
7568531115,U,IB,1,1,585,138046,125,00:00.0,4,17:00,202
7568531124,U,IB,1,1,530,138046,125,55:00.0,4,16:00,202
7568531142,U,OB,1,1,795,127759,53,23:00.0,3,1:00,202
7568531151,U,OB,1,1,130,127759,53,02:00.0,3,2:00,202
756853117X,U,IB,1,8,4740,138149,103,00:00.0,4,15:00,202
7568531189,U,IB,1,6,2000,138149,103,01:00.0,4,15:00,202
7568531207,U,OB,1,8,8095,249333,67,34:00.0,6,15:00,202
7568531216,U,OB,1,1,100,127356,90,20:00.0,6,9:00,202
7568531234,U,OB,1,1,1025,136611,46,29:00.0,3,7:00,202
7568531252,U,IB,1,1,265,132854,117,17:00.0,5,8:00,202
7568531261,U,OB,1,1,85,202373,78,39:00.0,6,13:00,202
7568532132,U,IB,1,1,116,129911,127,09:00.0,6,10:00,202
7568532150,U,IB,1,1,100,138046,125,34:00.0,4,17:00,202
7568534983,U,CTY,1,1,4400,132230,171,01:00.0,7,21:00,202
7568534983,U,OB,1,1,4400,132230,63,58:00.0,7,20:00,202
7568535048,U,CTY,1,1,245,123598,172,16:00.0,6,18:00,202
7568535048,U,OB,1,1,245,123598,54,17:00.0,6,18:00,202
7568535057,U,OB,1,1,145,135696,86,59:00.0,6,12:00,202
7568535075,U,IB,1,1,315,530418,123,44:00.0,1,2:00,202
7568535084,U,OB,1,1,300,136611,46,14:00.0,3,7:00,202
7568535093,U,OB,1,1,490,202373,78,16:00.0,6,12:00,202
7568535111,U,OB,1,1,278,136611,46,18:00.0,3,7:00,202
756853513X,U,OB,1,1,160,202373,78,22:00.0,6,12:00,202
7568535149,U,CTY,1,1,610,132854,205,24:00.0,5,17:00,202
7568535149,U,IB,1,1,610,132854,117,37:00.0,5,7:00,202
7568535158,U,IB,1,1,1365,136369,121,56:00.0,6,20:00,202
7568535158,U,IB,1,1,1365,136369,121,56:00.0,6,20:00,202
7568535167,U,OB,1,1,703,202373,78,46:00.0,6,12:00,202
7568535286,U,OB,1,1,1375,123681,75,35:00.0,3,6:00,202
7568535369,U,OB,1,1,245,130443,88,57:00.0,6,9:00,202
7568535396,U,OB,1,1,329,132518,63,00:00.0,7,9:00,202
7568535423,U,IB,1,2,2140,139796,103,25:00.0,6,4:00,202
7568535432,U,IB,1,1,1120,530418,123,25:00.0,1,1:00,202
7568535441,U,OB,1,1,185,136611,46,43:00.0,3,7:00,202
7568535479,U,IB,1,1,269,138149,103,24:00.0,4,14:00,202
7568535488,U,OB,1,1,235,127356,90,46:00.0,6,10:00,202
7568537028,U,OB,1,1,201,132230,63,56:00.0,7,20:00,202
7568539109,U,OB,1,1,640,126351,55,28:00.0,4,4:00,202
7568539127,U,OB,1,1,140,122795,66,26:00.0,3,4:00,202
7568539145,U,OB,1,1,240,126351,59,25:00.0,4,3:00,202
7568539145,U,OB,1,1,240,126351,57,08:00.0,4,3:00,202
7568539145,U,OB,1,1,240,126351,55,10:00.0,4,2:00,202
7568539163,U,OB,1,3,620,430510,73,49:00.0,7,8:00,202
7568539172,U,CTY,1,1,240,123598,172,24:00.0,6,18:00,202
7568539190,U,OB,1,1,240,430510,73,05:00.0,7,9:00,202
7568539246,U,OB,1,1,182,430510,73,27:00.0,7,6:00,202
7568539282,U,IB,1,1,148,138046,125,59:00.0,4,15:00,202
7568539291,U,IB,1,1,148,138046,125,53:00.0,4,15:00,202
756853931X,U,IB,1,1,182,261094,141,28:00.0,5,6:00,202
7568539365,U,OB,1,3,1035,132518,63,46:00.0,7,7:00,202
7568539401,U,IB,1,1,240,139796,103,49:00.0,6,3:00,202
756853942X,U,OB,1,1,458,132518,63,24:00.0,7,6:00,202
7568539439,U,OB,1,1,182,127759,53,16:00.0,3,1:00,202
7568539484,U,OB,1,1,240,130634,55,20:00.0,5,3:00,202
7568539493,U,OB,1,1,419,127356,90,14:00.0,6,11:00,202
7568539502,U,IB,1,2,595,530418,123,03:00.0,1,3:00,202
7568539520,U,IB,1,1,346,138430,133,49:00.0,4,3:00,202
7568539567,U,IB,1,2,1163,138430,133,58:00.0,4,3:00,202
7568539594,U,OB,1,2,940,132230,63,25:00.0,7,21:00,202
7568539603,U,IB,1,1,300,138430,133,36:00.0,4,3:00,202
756853964X,U,OB,1,4,1240,132230,63,18:00.0,7,21:00,202
7568541051,U,IB,1,1,95,138046,125,29:00.0,4,17:00,202
756854107X,U,IB,1,3,1145,138046,125,48:00.0,4,18:00,202
7568541107,U,OB,1,1,100,122780,84,51:00.0,5,1:00,202
7568541318,U,OB,1,3,920,135696,86,40:00.0,6,12:00,202
7568541336,U,OB,1,5,2180,135696,86,50:00.0,6,12:00,202
7568541345,U,OB,1,1,188,135696,86,31:00.0,6,13:00,202
7568541354,U,OB,1,2,588,135696,86,35:00.0,6,13:00,202
7568541372,U,OB,1,6,1920,135696,86,45:00.0,6,13:00,202
7568541381,U,OB,1,4,873,135696,86,15:00.0,6,13:00,202
7568541390,U,CTY,1,2,522,135696,231,40:00.0,6,18:00,202
7568541390,U,CTY,1,2,522,135696,222,12:00.0,7,18:00,202
7568541390,U,OB,1,2,522,135696,86,08:00.0,6,13:00,202
7568541428,U,OB,1,2,815,135696,86,54:00.0,6,12:00,202
7568541455,U,OB,1,1,324,430510,73,17:00.0,7,7:00,202
7568541464,U,OB,1,1,518,430510,73,38:00.0,7,7:00,202
7568541473,U,OB,1,4,2928,430510,73,24:00.0,7,8:00,202
7568541491,U,IB,1,2,595,139796,103,46:00.0,6,7:00,202
7568541500,U,IB,1,1,192,139796,103,42:00.0,6,7:00,202
7568542665,U,IB,1,2,524,132854,117,40:00.0,5,8:00,202
7568542701,U,OB,1,1,425,132518,63,31:00.0,7,9:00,202
7568542710,U,OB,1,1,680,132518,63,09:00.0,7,10:00,202
7568543536,U,IB,1,1,235,126966,116,53:00.0,5,1:00,202
7568543545,U,IB,1,1,248,126966,116,04:00.0,5,2:00,202
7568543563,U,IB,1,1,248,126966,116,20:00.0,5,2:00,202
7568543563,U,CTY,1,1,248,126966,231,41:00.0,5,19:00,202
7568543581,U,OB,1,2,1900,122780,84,43:00.0,5,1:00,202
7568543590,U,OB,1,1,950,122780,84,28:00.0,5,1:00,202
756854360X,U,OB,1,2,1198,122780,84,54:00.0,5,2:00,202
7568543619,U,OB,1,2,718,122780,84,14:00.0,5,1:00,202
7568543628,U,OB,1,1,515,122780,84,49:00.0,5,1:00,202
7568543637,U,IB,1,1,470,126966,116,58:00.0,5,1:00,202
7568543664,U,IB,1,1,258,126966,116,25:00.0,5,2:00,202
7568543682,U,IB,1,1,248,126966,116,40:00.0,5,3:00,202
7568543691,U,IB,1,2,412,126966,116,04:00.0,5,3:00,202
7568543729,U,IB,1,1,470,126966,116,07:00.0,5,3:00,202
7568543738,U,IB,1,1,248,126966,116,39:00.0,5,2:00,202
7568543756,U,IB,1,1,197,126966,116,22:00.0,5,3:00,202
7568543774,U,OB,1,1,452,127356,90,15:00.0,6,9:00,202
7568543884,U,IB,1,3,792,530418,123,24:00.0,1,5:00,202
7568543911,U,IB,1,6,4699,530418,123,15:00.0,1,4:00,202
7568543920,U,IB,1,2,773,530418,123,54:00.0,1,2:00,202
756854393X,U,OB,1,11,4266,290035,96,56:00.0,7,3:00,202
7568543949,U,OB,1,3,1080,290035,96,13:00.0,7,4:00,202
7568543958,U,OB,1,2,411,290035,96,36:00.0,7,6:00,202
7568543967,U,OB,1,2,435,290035,96,46:00.0,7,5:00,202
7568543976,U,OB,1,1,420,290035,96,18:00.0,7,4:00,202
7568543994,U,OB,1,1,299,290035,59,26:00.0,7,4:00,202
7568543994,U,OB,1,1,299,290035,96,19:00.0,7,4:00,202
7568544773,U,OB,1,1,675,136611,46,41:00.0,3,7:00,202
7568544782,U,OB,1,1,1865,136611,46,11:00.0,3,8:00,202
7568544800,U,OB,1,1,899,136611,5,57:00.0,3,17:00,202
7568544800,U,OB,1,1,899,136611,46,53:00.0,3,7:00,202
756854481X,U,IB,1,1,425,128653,135,57:00.0,5,8:00,202
7568544856,U,IB,1,1,507,128653,135,07:00.0,5,9:00,202
7568544874,U,OB,1,1,507,290035,96,48:00.0,7,3:00,202
7568545397,U,OB,1,2,1020,124047,99,24:00.0,3,8:00,202
7568545397,U,OB,1,2,1020,124047,86,55:00.0,3,2:00,202
7568545442,U,OB,1,1,48,122780,84,51:00.0,5,0:00,202
7568545460,U,OB,1,3,8195,135696,86,23:00.0,6,13:00,202
7568546286,U,OB,1,7,4948,127759,53,59:00.0,3,1:00,202
7568546304,U,OB,1,5,6401,123008,46,48:00.0,4,11:00,202
7568546313,U,OB,1,7,5857,123008,46,57:00.0,4,11:00,202
7568548019,U,OB,1,2,772,430510,73,20:00.0,7,10:00,202
7568548046,U,IB,1,1,235,129911,127,50:00.0,6,7:00,202
7568548064,U,IB,1,1,245,129911,127,24:00.0,6,7:00,202
7568548073,U,IB,1,3,2020,131335,114,31:00.0,6,6:00,202
7568548091,U,IB,1,1,250,131335,156,20:00.0,6,9:00,202
7568548091,U,IB,1,1,250,131335,114,03:00.0,6,6:00,202
7568548129,U,IB,1,2,1215,138046,125,39:00.0,4,21:00,202
7568548138,U,IB,1,2,870,138046,125,59:00.0,4,21:00,202
7568548156,U,IB,1,1,277,261094,141,18:00.0,5,6:00,202
7568548174,U,OB,1,2,1239,130443,88,42:00.0,6,9:00,202
7568548210,U,OB,1,1,364,132518,63,15:00.0,7,6:00,202
7568548275,U,OB,1,3,3033,353223,84,53:00.0,7,12:00,202
7568548284,U,OB,1,2,1222,353223,84,59:00.0,7,12:00,202
7568548311,U,OB,1,2,735,127759,53,06:00.0,3,1:00,202
7568548320,U,OB,1,1,214,127759,53,05:00.0,3,3:00,202
7568548349,U,OB,1,1,102,281072,86,03:00.0,4,15:00,202
7568548358,U,OB,1,1,315,281072,86,38:00.0,4,16:00,202
7568548367,U,OB,1,1,310,281072,86,54:00.0,4,15:00,202
7568548376,U,OB,1,1,69,281072,86,30:00.0,4,16:00,202
7568548412,U,OB,1,1,506,249333,67,41:00.0,6,18:00,202
7568548421,U,OB,1,4,2070,249333,67,09:00.0,6,16:00,202
756854844X,U,OB,1,1,487,249333,67,43:00.0,6,18:00,202
7568548459,U,IB,1,4,4464,200693,114,56:00.0,4,2:00,202
7568548468,U,OB,1,1,670,200693,97,06:00.0,4,3:00,202
7568548468,U,IB,1,1,670,200693,114,05:00.0,4,3:00,202
7568548495,U,OB,1,1,235,200693,97,38:00.0,4,2:00,202
7568548495,U,OB,1,1,235,200693,97,38:00.0,4,2:00,202
7568550008,U,OB,1,1,546,127759,53,09:00.0,3,1:00,202
7568550704,U,OB,1,2,265,140385,88,18:00.0,4,18:00,202
7568552556,U,OB,1,102,1033,132743,51,36:00.0,5,19:00,202
7568552565,U,OB,1,90,942,132743,51,11:00.0,5,19:00,202
7568552574,U,OB,1,86,903,132743,51,34:00.0,5,18:00,202
7568552592,U,OB,1,60,635,136063,72,30:00.0,1,4:00,202
7568552601,U,OB,1,44,457,136063,72,15:00.0,1,8:00,202
7568552610,U,OB,1,2,415,138148,84,02:00.0,4,11:00,202
7568561026,U,IB,1,1,248,126966,116,43:00.0,5,3:00,202
7568561035,U,IB,1,1,248,126966,116,46:00.0,5,3:00,202
7568561044,U,IB,1,1,165,126966,116,36:00.0,5,3:00,202
7568561062,U,IB,1,1,307,126966,116,59:00.0,5,2:00,202
7568561109,U,OB,1,1,385,558422,72,00:00.0,1,3:00,202
7568561118,U,OB,1,1,305,558422,72,07:00.0,1,3:00,202
7568561127,U,OB,1,2,1050,558422,72,13:00.0,1,3:00,202
7568561145,U,OB,1,1,315,558422,72,53:00.0,1,1:00,202
7568561163,U,OB,1,1,370,558422,72,26:00.0,1,1:00,202
7568561172,U,OB,1,1,380,558422,72,19:00.0,1,1:00,202
7568561181,U,OB,1,1,250,558422,72,57:00.0,1,1:00,202
7568561190,U,OB,1,3,1240,558422,72,16:00.0,1,2:00,202
7568562932,U,OB,1,1,274,430510,73,23:00.0,7,10:00,202
7568562941,U,OB,1,1,874,130443,88,32:00.0,6,9:00,202
7568562950,U,OB,1,3,2622,132518,63,47:00.0,7,9:00,202
756856296X,U,OB,1,3,2622,136183,67,52:00.0,1,9:00,202
7568562979,U,IB,1,1,664,200693,114,22:00.0,4,5:00,202
7568563051,U,OB,1,3,1325,123681,75,17:00.0,3,7:00,202
7568563060,U,IB,1,5,2400,261094,141,41:00.0,5,6:00,202
7568563089,U,OB,1,7,2525,130443,88,35:00.0,6,8:00,202
7568563125,U,OB,1,7,2065,281072,86,52:00.0,4,16:00,202
756856318X,U,OB,1,1,441,127356,90,23:00.0,6,9:00,202
7568563199,U,OB,1,7,3317,127356,90,55:00.0,6,9:00,202
7568563217,U,OB,1,1,295,136183,67,58:00.0,1,9:00,202
7568563226,U,OB,1,1,295,136183,67,02:00.0,1,10:00,202
7568563235,U,IB,1,1,295,530418,123,53:00.0,1,1:00,202
7568563244,U,OB,1,1,295,136183,67,20:00.0,1,10:00,202
7568563482,U,OB,1,3,1140,126351,55,17:00.0,4,7:00,202
7568563491,U,IB,1,3,1105,126966,116,27:00.0,5,6:00,202
7568563940,U,OB,1,2,2176,133112,95,09:00.0,7,20:00,202
756856395X,U,OB,1,2,2250,133112,95,18:00.0,7,18:00,202
7568563969,U,IB,1,1,255,200693,114,24:00.0,4,3:00,202
7568563978,U,OB,1,1,345,200693,54,45:00.0,4,4:00,202
7568563978,U,OB,1,1,345,200693,54,45:00.0,4,4:00,202
7568563987,U,IB,1,1,350,200693,114,40:00.0,4,4:00,202
7568564519,U,IB,1,1,155,126966,116,26:00.0,5,3:00,202
7568564528,U,IB,1,1,174,126966,116,48:00.0,5,2:00,202
7568564546,U,IB,1,1,322,126966,116,15:00.0,5,3:00,202
7568564564,U,IB,1,1,248,126966,116,30:00.0,5,2:00,202
7568564573,U,IB,1,1,248,126966,116,33:00.0,5,2:00,202
7568564582,U,IB,1,1,344,126966,116,50:00.0,5,3:00,202
7568564591,U,IB,1,1,283,126966,116,01:00.0,5,4:00,202
7568564600,U,IB,1,2,524,126966,116,07:00.0,5,4:00,202
756856461X,U,OB,1,1,201,430510,73,15:00.0,7,7:00,202
7568564629,U,OB,1,1,262,430510,73,44:00.0,7,7:00,202
7568564638,U,OB,1,1,248,430510,73,29:00.0,7,6:00,202
7568564647,U,OB,1,1,470,430510,73,36:00.0,7,6:00,202
7568564656,U,OB,1,2,521,430510,73,33:00.0,7,7:00,202
7568564665,U,OB,1,1,309,430510,73,11:00.0,7,7:00,202
7568564674,U,OB,1,1,286,430510,73,55:00.0,7,6:00,202
7568564683,U,OB,1,4,1551,430510,73,07:00.0,7,8:00,202
7568564692,U,IB,1,3,830,139796,103,19:00.0,6,7:00,202
7568564701,U,IB,1,1,369,139796,103,25:00.0,6,5:00,202
7568564710,U,IB,1,1,194,139796,103,34:00.0,6,7:00,202
7568564739,U,OB,1,16,8185,558422,72,11:00.0,1,1:00,202
7568566553,U,OB,1,2,1160,126351,59,19:00.0,4,3:00,202
7568566553,U,OB,1,2,1160,126351,59,19:00.0,4,3:00,202
7568566562,U,OB,1,1,256,126351,55,10:00.0,4,3:00,202
7568566571,U,OB,1,1,190,126351,61,12:00.0,4,3:00,202
7568566571,U,OB,1,1,190,126351,61,12:00.0,4,3:00,202
7568566580,U,OB,1,1,196,126351,61,18:00.0,4,4:00,202
7568566580,U,OB,1,1,196,126351,55,15:00.0,4,4:00,202
756856659X,U,OB,1,1,270,126351,55,26:00.0,4,6:00,202
7568566609,U,OB,1,1,150,126351,55,14:00.0,4,6:00,202
7568566627,U,OB,1,1,499,126351,54,22:00.0,4,3:00,202
7568566627,U,OB,1,1,499,126351,54,22:00.0,4,3:00,202
7568566636,U,OB,1,1,171,126351,59,25:00.0,4,3:00,202
7568566636,U,OB,1,1,171,126351,59,25:00.0,4,3:00,202
7568566645,U,OB,1,1,261,126351,55,42:00.0,4,6:00,202
7568566654,U,OB,1,1,208,126351,55,32:00.0,4,6:00,202
7568566663,U,OB,1,1,296,126351,55,36:00.0,4,6:00,202
7568566672,U,OB,1,1,370,126351,55,52:00.0,4,6:00,202
7568566681,U,OB,1,1,313,126351,55,28:00.0,4,6:00,202
7568566690,U,OB,1,1,402,126351,55,09:00.0,4,7:00,202
7568566719,U,IB,1,2,973,139796,103,24:00.0,6,6:00,202
7568566746,U,IB,1,1,408,139796,103,19:00.0,6,5:00,202
7568566764,U,IB,1,1,188,139796,103,11:00.0,6,5:00,202
7568566773,U,IB,1,1,497,139796,103,15:00.0,6,5:00,202
7568566791,U,IB,1,1,288,139796,103,31:00.0,6,4:00,202
7568566829,U,IB,1,1,259,139796,103,18:00.0,6,6:00,202
7568566838,U,IB,1,1,364,139796,103,47:00.0,6,4:00,202
7568566847,U,IB,1,1,172,139796,103,53:00.0,6,5:00,202
7568566856,U,IB,1,1,164,139796,103,23:00.0,6,5:00,202
7568566865,U,IB,1,1,325,139796,103,57:00.0,6,5:00,202
7568566874,U,OB,1,2,835,130634,55,45:00.0,5,4:00,202
7568566883,U,OB,1,1,1140,130634,55,32:00.0,5,5:00,202
7568566901,U,OB,1,1,420,130634,55,26:00.0,5,5:00,202
7568566910,U,OB,1,1,320,130634,55,32:00.0,5,4:00,202
756856692X,U,OB,1,1,150,130634,55,33:00.0,5,7:00,202
7568566957,U,OB,1,2,845,130634,55,24:00.0,5,5:00,202
7568566966,U,OB,1,1,285,130634,55,41:00.0,5,7:00,202
7568566984,U,OB,1,1,186,130634,55,35:00.0,5,7:00,202
7568567002,U,OB,1,1,171,130634,55,37:00.0,5,7:00,202
7568567020,U,OB,1,1,285,130634,55,24:00.0,5,6:00,202
7568571521,U,IB,1,1,994,138149,103,09:00.0,4,13:00,202
7568571559,U,OB,1,1,356,133112,95,04:00.0,7,18:00,202
7568571640,U,IB,1,3,1130,138430,133,44:00.0,4,5:00,202
756857165X,U,IB,1,4,1405,138430,133,53:00.0,4,4:00,202
7568571669,U,IB,1,2,825,138430,133,03:00.0,4,4:00,202
7568571678,U,IB,1,3,818,200693,114,22:00.0,4,3:00,202
7568573016,U,IB,1,1,62,136369,113,33:00.0,6,21:00,202
7568573025,U,IB,1,1,488,132854,117,19:00.0,5,8:00,202
7568573099,U,OB,1,1,1045,249333,67,53:00.0,6,18:00,202
7568573117,U,OB,1,5,6385,127356,90,56:00.0,6,10:00,202
7568573126,U,IB,1,1,300,129911,127,37:00.0,6,6:00,202
7568573135,U,OB,1,1,1100,136221,86,39:00.0,4,3:00,202
7568573144,U,OB,1,1,760,136221,86,16:00.0,4,4:00,202
7568573795,U,OB,1,1,742,126351,55,07:00.0,4,7:00,202
756857385X,U,OB,1,2,1140,122780,84,29:00.0,5,2:00,202
756857396X,U,OB,1,5,3821,R202507869,38,15:00.0,6,3:00,202
7568573979,U,OB,1,14,8606,R202507869,38,26:00.0,6,2:00,202
7568573988,U,OB,1,6,5077,R202507869,38,08:00.0,6,3:00,202
7568583511,U,IB,1,1,100,133291,105,51:00.0,7,1:00,531
7568589525,U,CTY,1,1,908,133072,169,04:00.0,7,9:00,531
7568589819,U,CTY,1,3,2384,134897,188,14:00.0,5,19:00,531
7568590075,U,IB,1,1,336,131385,101,04:00.0,5,5:00,531
7568590185,U,IB,1,1,205,353210,158,54:00.0,5,14:00,531
7568590286,U,IB,1,1,443,353210,158,42:00.0,5,18:00,531
7568590946,U,CTY,1,1,232,134897,188,42:00.0,5,19:00,531
7568591871,U,IB,1,1,186,134479,152,19:00.0,1,13:00,531
7568591963,U,IB,1,1,911,134479,152,31:00.0,1,13:00,531
756859200X,U,IB,1,2,1145,134479,152,27:00.0,1,13:00,531
7568592486,U,IB,1,6,7959,131385,101,28:00.0,5,5:00,531
7568592531,U,IB,1,2,1305,137980,123,57:00.0,6,10:00,531
7568601084,U,IB,1,2,3612,125111,158,52:00.0,1,10:00,531
7568601185,U,IB,1,1,1600,131309,111,48:00.0,5,9:00,531
7568601524,U,IB,1,4,2050,281030,125,59:00.0,1,21:00,531
7568601551,U,CTY,1,11,3760,134897,188,02:00.0,5,19:00,531
7568603531,U,IB,1,2,264,117815,135,43:00.0,5,7:00,531
7568605172,U,IB,1,1,174,125111,158,42:00.0,1,11:00,531
7568607134,U,CTY,1,1,144,121678,168,21:00.0,2,5:00,531
7568610535,U,IB,1,1,203,117815,135,14:00.0,5,7:00,531
7568610609,U,CTY,1,1,206,261029,175,35:00.0,5,6:00,531
7568610645,U,IB,1,1,371,137319,145,13:00.0,6,10:00,531
7568611543,U,IB,1,1,280,261341,135,23:00.0,1,12:00,531
7568611635,U,IB,1,2,1792,261341,135,00:00.0,1,13:00,531
7568611718,U,CTY,1,1,295,131137,173,56:00.0,5,8:00,531
7568611736,U,CTY,1,1,334,131137,173,19:00.0,5,9:00,531
7568611846,U,IB,1,1,350,137822,133,13:00.0,5,7:00,531
756861191X,U,IB,1,1,409,131309,119,57:00.0,5,11:00,531
756861191X,U,IB,1,1,409,131309,119,57:00.0,5,11:00,531
7568615247,U,IB,1,3,1153,117815,135,34:00.0,5,7:00,531
7568637384,U,CTY,1,1,560,116869,192,40:00.0,7,2:00,531
7568637384,U,CTY,1,1,560,116869,191,41:00.0,7,2:00,531
7568637411,U,IB,1,1,277,561112,135,04:00.0,7,15:00,531
756864073X,U,IB,1,4,5205,134314,141,25:00.0,6,16:00,531
7568640922,U,CTY,1,1,1148,133491,176,16:00.0,6,14:00,531
7568643690,U,IB,1,10,6071,558206,125,50:00.0,5,19:00,531
7568643847,U,IB,1,4,1942,353210,158,18:00.0,5,19:00,531
756864403X,U,IB,1,5,2880,135735,131,17:00.0,7,20:00,531
7568646267,U,IB,1,2,1035,281030,125,22:00.0,2,0:00,531
7568646368,U,IB,1,1,986,281030,125,51:00.0,1,22:00,531
7568646624,U,OB,1,1,490,HAEI26237,67,44:00.0,5,18:00,531
7568646770,U,CTY,1,1,954,121678,168,37:00.0,2,5:00,531
7568646918,U,IB,1,1,879,353210,158,58:00.0,5,18:00,531
7568646945,U,IB,1,1,248,353210,158,23:00.0,5,19:00,531
756864733X,U,IB,1,1,370,137319,145,40:00.0,6,10:00,531
7568647468,U,CTY,1,1,694,261029,175,47:00.0,5,7:00,531
756864854X,U,IB,1,1,129,558206,125,57:00.0,5,18:00,531
7568649567,U,IB,1,1,1660,117815,135,03:00.0,5,8:00,531
7568649576,U,IB,1,1,175,117815,135,58:00.0,5,7:00,531
7568649594,U,IB,1,1,1430,134479,156,02:00.0,1,15:00,531
7568649594,U,IB,1,1,1430,134479,152,01:00.0,1,10:00,531
7568652088,U,IB,1,1,240,117815,135,44:00.0,5,5:00,531
7568652160,U,CTY,1,2,1140,261029,175,19:00.0,5,7:00,531
7568653985,U,CTY,1,1,640,134897,188,05:00.0,5,19:00,531
756865404X,U,IB,1,5,2155,261341,135,58:00.0,1,11:00,531
7568654241,U,CTY,1,1,720,133072,169,57:00.0,7,8:00,531
7568655112,U,IB,1,366,2687,137165,123,06:00.0,1,22:00,531
7568655159,U,IB,1,212,1529,125111,158,33:00.0,1,12:00,531
7568658504,U,IB,1,1,205,353210,158,10:00.0,5,19:00,531
7568665544,U,IB,1,7,7696,124126,141,31:00.0,5,13:00,531
7568698003,U,OB,1,1,139,135412,89,29:00.0,1,17:00,683
7568698030,U,OB,1,1,137,132433,38,02:00.0,3,23:00,683
7568698948,U,OB,1,1,1354,128622,58,02:00.0,2,2:00,683
7568698984,U,OB,1,1,612,261235,74,44:00.0,6,3:00,683
7568699067,U,OB,1,1,512,261235,74,04:00.0,6,4:00,683
7568699085,U,OB,1,1,730,124616,49,03:00.0,5,23:00,683
7568699130,U,OB,1,1,821,261235,74,46:00.0,6,3:00,683
7568699159,U,OB,1,1,620,261235,74,00:00.0,6,4:00,683
7568699168,U,OB,1,1,400,261235,74,22:00.0,6,4:00,683
7568699177,U,OB,1,1,380,261235,74,17:00.0,6,4:00,683
7568699186,U,OB,1,1,220,261235,74,16:00.0,6,4:00,683
756869925X,U,CTY,1,1,611,126914,176,42:00.0,1,12:00,683
7568699397,U,OB,1,1,621,135088,13,55:00.0,1,6:00,683
7568699525,U,OB,1,1,651,138115,73,50:00.0,5,1:00,683
7568707133,U,IB,1,1,345,140312,149,39:00.0,2,8:00,881
7568707409,U,IB,1,1,399,140312,149,38:00.0,2,9:00,881
7568707793,U,CTY,1,7,3245,124375,188,09:00.0,3,14:00,881
7568707876,U,IB,1,1,309,129515,113,34:00.0,4,6:00,881
7568708004,U,IB,1,2,780,131485,158,38:00.0,7,10:00,881
7568742077,U,CTY,1,1,175,121768,188,18:00.0,2,6:00,830
7568742104,U,CTY,1,1,95,136637,192,52:00.0,4,11:00,830
7568742636,U,IB,1,1,192,133291,105,31:00.0,7,1:00,830
7568802146,U,OB,1,1,153,128129,84,55:00.0,1,16:00,525
7568920744,U,CTY,1,1,97,252236,187,34:00.0,4,5:00,402
7568920771,U,CTY,1,4,1305,252236,187,44:00.0,4,6:00,402
7569182526,U,CTY,1,1,292,117243,175,28:00.0,1,18:00,845
7569182535,U,CTY,1,1,252,137791,169,19:00.0,2,8:00,845
7569182764,U,CTY,1,1,252,HAEI25458,188,10:00.0,4,18:00,845
7569182773,U,CTY,1,1,299,125621,197,34:00.0,3,18:00,845
7569182791,U,CTY,1,1,252,117243,175,31:00.0,1,18:00,845
756918281X,U,IB,1,1,252,121397,151,40:00.0,6,6:00,845
7569189584,U,CTY,1,1,77,139630,192,05:00.0,7,5:00,845
7569189602,U,CTY,1,1,150,139630,192,04:00.0,7,5:00,845
7569189840,U,CTY,1,1,125,133126,175,12:00.0,7,20:00,845
7569189914,U,CTY,1,1,155,133126,175,10:00.0,7,20:00,845
7569189988,U,OB,1,1,145,HAEI27814,73,48:00.0,5,18:00,845
756919007X,U,IB,1,1,110,HAEI23005,117,06:00.0,7,12:00,845
7569199264,U,CTY,1,1,299,291132,174,27:00.0,3,1:00,845
7569199300,U,CTY,1,1,252,HAEI28100,172,19:00.0,5,18:00,845
7569199338,U,CTY,1,1,252,HAEI25934,192,23:00.0,1,0:00,845
7569199347,U,CTY,1,1,252,HAEI25934,192,11:00.0,1,2:00,845
7569199356,U,CTY,1,1,252,139630,192,00:00.0,7,5:00,845
7569199383,U,IB,1,1,252,291247,145,38:00.0,5,3:00,845
7569199392,U,IB,1,1,252,131617,158,17:00.0,4,11:00,845
7569199439,U,CTY,1,1,299,128398,173,51:00.0,5,14:00,845
7569199475,U,CTY,1,1,252,125307,195,42:00.0,2,1:00,845
7569201134,U,OB,1,1,668,249014,67,21:00.0,6,4:00,187
7569201152,U,CTY,1,2,1400,132857,205,55:00.0,2,8:00,187
7569201152,U,OB,1,2,1400,132857,84,53:00.0,1,20:00,187
7569205653,U,OB,1,1,341,132272,78,52:00.0,5,4:00,187
7569205938,U,OB,1,1,560,132272,78,46:00.0,5,7:00,187
7569206378,U,OB,1,4,2900,136022,96,56:00.0,4,2:00,187
7569206441,U,OB,1,10,8600,136349,78,02:00.0,1,15:00,187
7569208100,U,CTY,1,1,355,138867,196,42:00.0,6,13:00,187
7569210035,U,IB,1,1,400,131389,103,03:00.0,4,2:00,187
7569212830,U,CTY,1,1,210,135875,204,30:00.0,7,13:00,187
7569212830,U,OB,1,1,210,135875,88,31:00.0,7,0:00,187
7569214233,U,IB,1,1,930,128436,111,30:00.0,4,3:00,187
7569218909,U,IB,1,2,850,202443,104,51:00.0,3,9:00,187
7569222905,U,IB,1,1,442,131800,105,18:00.0,2,18:00,187
756922461X,U,IB,1,1,800,129905,104,20:00.0,2,15:00,187
7569226068,U,OB,1,2,1480,132857,84,20:00.0,2,0:00,187
7569226077,U,IB,1,3,2235,131389,103,22:00.0,4,2:00,187
7569227020,U,IB,1,1,1000,131955,113,28:00.0,5,11:00,187
7569228295,U,IB,1,1,905,CVEN44615,113,34:00.0,6,10:00,187
7569228551,U,OB,1,1,473,249014,67,13:00.0,6,3:00,187
7569228634,U,IB,1,1,460,131389,103,07:00.0,4,2:00,187
756922868X,U,IB,1,1,221,131955,113,48:00.0,5,10:00,187
7569229606,U,OB,1,1,200,136349,78,17:00.0,1,21:00,187
7569239890,U,CTY,1,1,160,131800,222,16:00.0,4,2:00,187
7569239890,U,IB,1,1,160,131800,105,53:00.0,2,19:00,187
7569240175,U,OB,1,1,1102,136349,78,15:00.0,1,15:00,187
7569242310,U,IB,1,1,630,131955,113,37:00.0,5,9:00,187
7569243383,U,OB,1,1,311,132272,78,06:00.0,5,7:00,187
7569254879,U,CTY,1,1,325,131838,196,59:00.0,4,8:00,187
756925651X,U,IB,1,1,550,131389,103,31:00.0,4,2:00,187
7569259095,U,OB,1,1,148,290001,91,00:00.0,3,0:00,187
7569259131,U,IB,1,1,86,290001,103,30:00.0,3,0:00,187
7569263082,U,OB,1,1,112,135875,88,20:00.0,7,2:00,187
7569264512,U,OB,1,1,917,132272,78,32:00.0,5,7:00,187
7569264568,U,OB,1,2,499,136349,78,40:00.0,1,14:00,187
7569264678,U,IB,1,2,536,136719,116,39:00.0,5,8:00,187
7569267776,U,IB,1,1,353,129905,104,00:00.0,2,14:00,187
756927026X,U,IB,1,3,3504,131389,103,40:00.0,4,5:00,187
7569270993,U,IB,1,1,900,202443,104,23:00.0,3,11:00,187
7569277180,U,IB,1,1,620,202443,104,18:00.0,3,9:00,187
7569277319,U,IB,1,2,1150,129905,104,01:00.0,2,16:00,187
7569278455,U,IB,1,1,305,131800,105,46:00.0,2,17:00,187
7569278500,U,IB,1,1,400,129905,104,55:00.0,2,14:00,187
7569280399,U,CTY,1,1,69,125856,174,12:00.0,4,19:00,187
7569280435,U,IB,1,1,316,CVEN46003,105,23:00.0,5,17:00,187
7569283744,U,IB,1,1,450,131389,103,48:00.0,4,3:00,187
7569284909,U,IB,1,1,1075,290001,103,26:00.0,3,1:00,187
7569284918,U,IB,1,3,56,290001,103,29:00.0,3,1:00,187
7569284927,U,IB,1,1,1500,131955,113,19:00.0,5,10:00,187
7569284954,U,IB,1,1,60,131955,113,32:00.0,5,11:00,187
7569284963,U,IB,1,1,180,131955,113,03:00.0,5,11:00,187
7569286155,U,IB,1,1,100,131800,105,54:00.0,2,17:00,187
7569286696,U,IB,1,1,680,202443,104,58:00.0,3,9:00,187
7569286714,U,OB,1,2,3712,132272,78,40:00.0,5,6:00,187
7569286723,U,OB,1,3,5290,136349,78,37:00.0,1,22:00,187
7569286750,U,IB,1,1,580,129905,104,41:00.0,2,15:00,187
7569292205,U,OB,1,1,600,249014,67,40:00.0,6,3:00,187
756929248X,U,OB,1,1,200,132857,84,05:00.0,2,0:00,187
7569292782,U,IB,1,1,210,128436,111,48:00.0,4,3:00,187
7569293231,U,OB,1,4,37,136349,78,41:00.0,1,21:00,187
7569293231,U,CTY,1,4,37,136349,205,28:00.0,2,22:00,187
7569293231,U,CTY,1,4,37,136349,214,35:00.0,3,11:00,187
7569293974,U,OB,1,1,629,136349,78,53:00.0,1,20:00,187
7569294369,U,OB,1,1,233,135875,88,24:00.0,7,1:00,187
7569297191,U,IB,1,1,160,290001,103,36:00.0,2,22:00,187
7569297247,U,IB,1,1,601,128530,129,40:00.0,4,8:00,187
7569297283,U,IB,1,2,550,131389,103,48:00.0,4,3:00,187
756929743X,U,IB,1,1,760,129905,104,15:00.0,2,16:00,187
7569298787,U,IB,1,1,250,290001,103,29:00.0,3,0:00,187
7569299795,U,IB,1,1,1000,132854,143,36:00.0,6,21:00,187
756929985X,U,IB,1,1,700,131800,105,09:00.0,2,20:00,187
7569299869,U,IB,1,1,3,131800,105,22:00.0,2,20:00,187
7569299878,U,IB,1,1,100,131800,105,07:00.0,2,20:00,187
7569299887,U,IB,1,1,60,131800,105,05:00.0,2,20:00,187
7569304709,U,IB,1,2,750,131800,105,58:00.0,2,19:00,187
756930491X,U,OB,1,1,120,132272,78,37:00.0,5,7:00,187
7569312665,U,OB,1,2,551,249014,67,24:00.0,6,3:00,187
7569313435,U,IB,1,1,750,CVEN44615,113,42:00.0,6,10:00,187
756931349X,U,IB,1,1,454,127555,112,08:00.0,6,17:00,187
7569313646,U,IB,1,2,1434,127385,110,16:00.0,6,7:00,187
7569313646,U,IB,1,2,1434,127385,110,16:00.0,6,7:00,187
7569313756,U,IB,1,7,11420,202443,104,53:00.0,3,10:00,187
7569315507,U,IB,1,1,1075,128436,111,17:00.0,4,4:00,187
7569321712,U,IB,1,1,740,290001,103,05:00.0,3,1:00,187
7569326379,U,OB,1,1,353,CVEN45352,89,53:00.0,5,4:00,187
7569338551,U,IB,1,1,230,131389,103,02:00.0,4,2:00,187
7569338616,U,IB,1,3,650,127555,112,59:00.0,6,16:00,187
7569341420,U,IB,1,1,238,131955,113,07:00.0,5,11:00,187
7569341494,U,IB,1,3,3361,127555,112,09:00.0,6,16:00,187
7569341595,U,IB,1,1,243,128436,111,27:00.0,4,4:00,187
7569341797,U,IB,1,2,3340,131389,103,35:00.0,4,3:00,187
7569341889,U,IB,1,1,152,131389,103,23:00.0,4,4:00,187
7569341961,U,OB,1,1,172,136022,96,18:00.0,4,4:00,187
7569376126,U,CTY,1,1,150,132508,189,42:00.0,3,3:00,783
7569379031,U,CTY,1,1,180,136637,192,53:00.0,4,12:00,783
7569386053,U,IB,1,1,405,137108,125,00:00.0,2,21:00,783
7569386071,U,IB,1,2,594,119664,135,18:00.0,3,1:00,783
7569394651,U,IB,1,373,2794,129780,133,30:00.0,5,6:00,783
7569394651,U,IB,1,373,2794,129780,137,56:00.0,5,6:00,783
7569403002,U,IB,1,26,9155,123918,129,44:00.0,5,6:00,783
756940886X,U,IB,1,5,2891,133850,163,19:00.0,5,14:00,783
7569434069,U,OB,1,17,5040,290336,90,10:00.0,7,16:00,783
7569480709,U,IB,1,1,156,124038,141,12:00.0,4,15:00,783
7569480718,U,IB,1,1,190,124038,141,51:00.0,4,14:00,783
7569481149,U,CTY,1,1,171,202186,168,37:00.0,1,16:00,783
7569487758,U,IB,1,1,385,136095,143,48:00.0,6,1:00,783
7569487969,U,CTY,1,3,893,132508,189,52:00.0,3,3:00,783
7569490059,U,CTY,1,1,760,130654,187,24:00.0,2,22:00,783
7569589030,U,IB,1,2,1008,126264,125,45:00.0,4,11:00,556
7569694567,U,IB,1,1,489,136649,129,10:00.0,4,5:00,381
7569694677,U,IB,1,1,753,136649,129,54:00.0,4,2:00,381
7569694722,U,IB,1,1,380,136649,129,39:00.0,4,4:00,381
7569694924,U,IB,1,1,489,136649,129,59:00.0,4,2:00,381
7569694933,U,IB,1,1,489,136649,129,08:00.0,4,5:00,381
7569694942,U,IB,1,1,489,136649,129,15:00.0,4,5:00,381
7569694989,U,IB,1,1,61,136649,129,38:00.0,4,3:00,381
7569695557,U,IB,1,1,269,136649,129,16:00.0,4,3:00,381
7569695721,U,CTY,1,3,2020,138598,169,46:00.0,6,13:00,381
7569695878,U,IB,1,6,1556,128044,103,15:00.0,7,6:00,381
7569696271,U,IB,1,1,1427,125445,116,15:00.0,1,6:00,381
7569696280,U,IB,1,1,609,280728,131,13:00.0,1,7:00,381
7569696345,U,IB,1,1,466,280728,131,28:00.0,1,7:00,381
7569696363,U,IB,1,1,315,133362,145,37:00.0,1,14:00,381
7569696372,U,IB,1,1,323,280728,131,23:00.0,1,7:00,381
7569696455,U,IB,1,1,1427,133362,145,42:00.0,1,7:00,381
7569696610,U,IB,1,1,275,128044,103,43:00.0,7,2:00,381
7569696702,U,IB,1,2,314,128044,103,15:00.0,7,3:00,381
756969673X,U,IB,1,2,299,128044,103,50:00.0,7,3:00,381
7569696830,U,IB,1,1,203,128044,103,38:00.0,7,1:00,381
7569696931,U,IB,1,1,171,128888,145,38:00.0,7,7:00,381
7569696940,U,IB,1,3,957,131932,123,42:00.0,7,21:00,381
756969695X,U,IB,1,1,1427,131932,123,17:00.0,7,20:00,381
7569697106,U,IB,1,1,489,133362,145,44:00.0,1,14:00,381
7569697115,U,IB,1,1,489,280728,131,39:00.0,1,6:00,381
7569697124,U,IB,1,1,489,280728,131,34:00.0,1,5:00,381
7569697133,U,IB,1,1,489,280728,131,44:00.0,1,5:00,381
7569697142,U,IB,1,1,489,133362,145,19:00.0,1,14:00,381
7569697151,U,IB,1,1,489,133362,145,47:00.0,1,14:00,381
7569697160,U,IB,1,1,489,133362,145,08:00.0,1,14:00,381
756969717X,U,IB,1,2,848,280728,131,28:00.0,1,6:00,381
7569697189,U,IB,1,1,488,280728,131,05:00.0,1,7:00,381
7569697198,U,IB,1,1,488,280728,131,35:00.0,1,5:00,381
7569697207,U,IB,1,1,488,280728,131,31:00.0,1,5:00,381
7569697225,U,IB,1,1,488,280728,131,38:00.0,1,6:00,381
7569697234,U,IB,1,1,488,280728,131,16:00.0,1,7:00,381
756969728X,U,IB,1,1,488,280728,131,36:00.0,1,5:00,381
7569697436,U,IB,1,1,488,280728,131,37:00.0,1,6:00,381
7569697445,U,IB,1,2,848,280728,131,11:00.0,1,7:00,381
7569697454,U,IB,1,1,488,280728,131,35:00.0,1,6:00,381
7569697656,U,IB,1,2,923,131932,123,19:00.0,7,21:00,381
7569697793,U,IB,1,2,1135,133005,116,55:00.0,1,12:00,381
7569697894,U,IB,1,2,1298,131932,123,29:00.0,7,21:00,381
7569697959,U,IB,1,1,130,128888,145,40:00.0,7,10:00,381
7569698316,U,IB,1,2,851,136649,129,21:00.0,4,5:00,381
7569698325,U,IB,1,1,489,136649,129,48:00.0,4,6:00,381
7569698334,U,IB,1,1,489,136649,129,00:00.0,4,5:00,381
7569698352,U,IB,1,1,489,136649,129,03:00.0,4,3:00,381
7569698361,U,IB,1,1,489,136649,129,43:00.0,4,4:00,381
7569698370,U,IB,1,1,489,136649,154,53:00.0,4,4:00,381
7569698370,U,IB,1,1,489,136649,154,53:00.0,4,4:00,381
7569698370,U,IB,1,1,489,136649,129,36:00.0,4,4:00,381
756969838X,U,IB,1,1,812,136649,129,32:00.0,4,4:00,381
7569698518,U,IB,1,1,489,136649,129,19:00.0,4,5:00,381
7569698536,U,IB,1,1,489,136649,129,05:00.0,4,5:00,381
7569699214,U,CTY,1,3,1379,118683,197,35:00.0,1,6:00,381
756969926X,U,IB,1,1,205,135658,127,37:00.0,5,7:00,381
7569699279,U,IB,1,1,240,135658,127,39:00.0,5,7:00,381
7569699324,U,IB,1,1,89,135658,127,36:00.0,5,7:00,381
7569699645,U,IB,1,1,353,128888,145,38:00.0,7,10:00,381
756969970X,U,IB,1,1,219,133520,145,35:00.0,1,7:00,381
7569700451,U,IB,1,3,44,135658,127,35:00.0,5,5:00,381
756970047X,U,IB,1,3,255,135658,127,41:00.0,5,7:00,381
7569701194,U,IB,1,1,670,135658,127,28:00.0,5,7:00,381
7569701560,U,IB,1,1,1734,127524,129,43:00.0,1,10:00,381
756970157X,U,IB,1,2,1783,127524,129,50:00.0,1,8:00,381
7569701589,U,IB,1,2,1219,132665,135,34:00.0,1,10:00,381
7569701625,U,IB,1,1,466,132665,135,48:00.0,1,8:00,381
7569701780,U,IB,1,2,1193,132665,135,37:00.0,1,10:00,381
756970179X,U,IB,1,1,614,127524,129,39:00.0,1,9:00,381
7569701809,U,IB,1,1,409,127524,129,37:00.0,1,8:00,381
7569701982,U,IB,1,1,988,127524,129,47:00.0,1,8:00,381
7569702047,U,CTY,1,1,565,138418,174,54:00.0,6,22:00,381
7569702047,U,IB,1,1,565,138418,163,46:00.0,7,8:00,381
7569702211,U,IB,1,2,933,128888,145,35:00.0,7,10:00,381
7569702220,U,CTY,1,1,420,136417,175,47:00.0,5,13:00,381
7569702312,U,CTY,1,2,691,136417,175,07:00.0,5,14:00,381
7569703028,U,IB,1,1,436,138418,163,46:00.0,7,8:00,381
7569703037,U,IB,1,1,165,138418,163,46:00.0,7,8:00,381
7569703037,U,CTY,1,1,165,138418,174,57:00.0,6,23:00,381
7569703210,U,CTY,1,1,610,128363,172,35:00.0,7,18:00,381
7569703239,U,CTY,1,4,1259,128363,172,32:00.0,7,18:00,381
7569710993,U,CTY,1,2,1440,125240,174,03:00.0,7,0:00,324
7569711049,U,CTY,1,1,1246,118588,169,58:00.0,4,13:00,324
7569711296,U,CTY,1,2,995,134281,194,18:00.0,7,20:00,324
7569850006,U,IB,1,1,132,125426,151,42:00.0,1,13:00,246
7569862647,U,IB,1,10,495,130938,111,34:00.0,5,0:00,246
7569867110,U,IB,1,1,149,135091,114,27:00.0,7,4:00,246
7569867148,U,IB,1,1,130,135091,114,20:00.0,7,3:00,246
7569867166,U,IB,1,1,240,125426,151,36:00.0,1,13:00,246
7569867211,U,IB,1,1,98,125426,151,23:00.0,1,12:00,246
756986745X,U,IB,1,1,128,127974,117,48:00.0,6,19:00,246
7569869485,U,CTY,1,1,545,138115,195,23:00.0,1,10:00,246
756987196X,U,CTY,1,2,1695,291200,188,08:00.0,5,23:00,246
7569886003,U,IB,1,4,7161,130938,111,25:00.0,4,21:00,246
7569887460,U,OB,1,1,234,138746,96,41:00.0,5,8:00,246
7569887525,U,CTY,1,1,612,137936,187,34:00.0,6,21:00,246
756989715X,U,CTY,1,4,1780,290977,197,25:00.0,3,14:00,377
7569897324,U,IB,1,3,2314,129663,158,30:00.0,3,13:00,842
7590009287,U,CTY,1,2,1715,202317,174,53:00.0,4,15:00,205
7590010432,U,IB,1,2,1479,290987,112,27:00.0,4,18:00,205
7590016473,U,IB,1,1,1010,123162,114,28:00.0,7,3:00,205
7590016794,U,CTY,1,1,403,130954,188,23:00.0,6,7:00,205
7590020278,U,IB,1,3,1809,127866,135,53:00.0,5,0:00,205
7590020278,U,IB,1,3,1809,127866,100,54:00.0,5,0:00,205
7590020287,U,IB,1,1,242,127866,135,06:00.0,5,0:00,205
7590020287,U,IB,1,1,242,127866,135,07:00.0,5,0:00,205
7590020296,U,CTY,1,1,288,130908,197,36:00.0,7,14:00,205
7590023320,U,IB,1,1,1325,130917,143,34:00.0,1,7:00,347
7590023349,U,IB,1,5,2807,134787,135,19:00.0,4,19:00,347
7590023468,U,IB,1,1,505,136842,143,02:00.0,3,7:00,347
7590033139,U,CTY,1,4,6506,125499,187,06:00.0,4,15:00,205
7590033193,U,IB,1,1,1637,137816,112,07:00.0,6,22:00,205
7590033202,U,CTY,1,24,3220,430385,187,43:00.0,2,22:00,205
7590033202,U,IB,1,24,3220,430385,100,51:00.0,3,1:00,205
7590047044,U,IB,1,1,246,138592,133,13:00.0,5,15:00,205
7590048135,U,IB,1,1,8250,134885,123,41:00.0,1,4:00,205
7590048474,U,IB,1,3,3867,129883,127,50:00.0,6,0:00,205
7590048483,U,IB,1,9,15013,137393,164,42:00.0,5,22:00,205
7590048548,U,CTY,1,3,5197,45300,168,59:00.0,4,21:00,205
7590048721,U,IB,1,1,4552,126486,149,29:00.0,6,22:00,205
7590048730,U,IB,1,3,7058,249147,125,06:00.0,6,22:00,205
7590059777,U,IB,1,1,1170,139876,149,44:00.0,6,21:00,205
7590059822,U,IB,1,1,213,139876,149,49:00.0,6,21:00,205
7590059997,U,IB,1,1,300,136650,112,21:00.0,6,6:00,205
759007041X,U,IB,1,1,195,135793,123,22:00.0,1,10:00,205
7590092290,U,CTY,1,2,1010,125169,175,00:00.0,2,19:00,205
7590102814,U,IB,1,2,2278,138814,114,58:00.0,7,22:00,205
7590102814,U,CTY,1,2,2278,138814,223,23:00.0,1,19:00,205
7590102879,U,CTY,1,2,2278,211511,168,54:00.0,2,14:00,205
7590102951,U,IB,1,1,1130,290987,112,14:00.0,4,18:00,205
759011914X,U,IB,1,2,593,127444,113,42:00.0,2,8:00,205
7590130626,U,IB,1,1,195,138486,104,07:00.0,2,1:00,205
7590140205,U,IB,1,2,252,132797,141,58:00.0,4,12:00,205
7590140791,U,CTY,1,3,780,140247,208,25:00.0,6,16:00,205
7590140865,U,IB,1,1,827,291085,125,57:00.0,7,19:00,205
7590145045,U,IB,1,1,454,126120,164,38:00.0,4,17:00,205
7590145119,U,IB,1,1,450,127866,135,12:00.0,5,0:00,205
7590145283,U,IB,1,1,265,138592,133,29:00.0,5,15:00,205
7590145348,U,CTY,1,1,220,130954,233,45:00.0,6,19:00,205
7590145348,U,CTY,1,1,220,130954,188,06:00.0,6,10:00,205
7590145348,U,CTY,1,1,220,130954,233,51:00.0,3,21:00,205
7590146044,U,CTY,1,1,465,136650,233,24:00.0,3,19:00,205
7590146044,U,IB,1,1,465,136650,112,48:00.0,6,8:00,205
7590147346,U,IB,1,1,280,135793,123,45:00.0,1,10:00,205
7590147510,U,IB,1,2,1105,139876,149,48:00.0,6,20:00,205
7590147712,U,IB,1,1,340,138592,133,31:00.0,5,15:00,205
7590148354,U,CTY,1,1,466,131149,197,03:00.0,1,1:00,205
7590148428,U,IB,1,1,367,126120,164,08:00.0,4,17:00,205
7590148702,U,IB,1,2,792,137072,101,19:00.0,5,21:00,205
7590148749,U,IB,1,1,287,136650,112,36:00.0,6,8:00,205
7590148812,U,IB,1,1,222,290987,112,50:00.0,4,18:00,205
759014884X,U,IB,1,1,160,125220,164,06:00.0,6,6:00,205
7590149692,U,IB,1,1,188,136650,112,41:00.0,6,8:00,205
7590180905,U,OB,1,2,2182,122359,26,39:00.0,4,19:00,432
7590180932,U,OB,1,2,1724,126169,40,51:00.0,3,13:00,432
7590181015,U,OB,1,1,750,129772,53,27:00.0,3,3:00,432
7590181042,U,OB,1,1,515,261046,58,17:00.0,3,12:00,432
7590181060,U,OB,1,1,1342,137672,32,00:00.0,3,6:00,432
7590181116,U,OB,1,2,825,122359,26,32:00.0,4,19:00,432
7590181125,U,OB,1,1,196,129772,53,43:00.0,3,4:00,432
7590181244,U,OB,1,2,1825,126169,40,47:00.0,3,13:00,432
7590181271,U,OB,1,7,4175,261046,58,25:00.0,3,12:00,432
7590181491,U,IB,1,3,1195,290209,111,15:00.0,4,12:00,432
7590181565,U,IB,1,1,322,290209,111,20:00.0,4,13:00,432
7590181895,U,OB,1,3,2821,137416,38,45:00.0,1,12:00,432
7590181969,U,OB,1,3,3175,137416,38,16:00.0,1,11:00,432
7590182050,U,OB,1,2,1754,137416,38,21:00.0,1,12:00,432
7590182252,U,OB,1,1,955,133870,75,43:00.0,3,17:00,432
7590182270,U,OB,1,3,1220,138318,40,54:00.0,4,14:00,432
7590182317,U,OB,1,2,1180,133103,38,16:00.0,3,9:00,432
7590182418,U,OB,1,2,1146,126091,48,51:00.0,5,13:00,432
7590182427,U,OB,1,3,1525,138318,40,53:00.0,4,14:00,432
7590182463,U,OB,1,2,730,135155,53,42:00.0,5,6:00,432
7590182546,U,OB,1,1,920,138318,40,56:00.0,4,14:00,432
7590182546,U,OB,1,1,920,138318,28,38:00.0,4,15:00,432
7590182674,U,OB,1,1,287,132412,43,50:00.0,6,17:00,432
7590182701,U,OB,1,4,4356,135252,48,06:00.0,6,8:00,432
7590182930,U,OB,1,1,596,137854,74,28:00.0,3,9:00,432
7590182959,U,OB,1,1,765,128754,32,30:00.0,3,5:00,432
7590182968,U,OB,1,1,247,131685,55,51:00.0,3,4:00,432
7590182995,U,OB,1,2,1215,126278,52,12:00.0,3,7:00,432
7590183040,U,OB,1,1,645,131685,55,31:00.0,3,3:00,432
7590183123,U,OB,1,2,1476,132845,51,45:00.0,4,22:00,432
7590183179,U,OB,1,5,2615,137854,74,28:00.0,3,9:00,432
7590183188,U,OB,1,2,2554,119291,55,49:00.0,4,4:00,432
7590183197,U,OB,1,1,735,119291,55,10:00.0,4,5:00,432
7590183242,U,OB,1,1,245,131685,55,18:00.0,3,5:00,432
7590183260,U,OB,1,2,2485,126165,69,31:00.0,4,9:00,432
7590183417,U,OB,1,1,472,132845,51,53:00.0,4,22:00,432
7590183435,U,OB,1,2,1310,126165,69,54:00.0,4,9:00,432
7590183444,U,OB,1,1,964,128475,49,58:00.0,4,12:00,432
7590183572,U,OB,1,1,1185,126165,69,57:00.0,4,9:00,432
7590183619,U,OB,1,1,302,118255,76,11:00.0,5,16:00,432
7590183783,U,OB,1,2,1150,116843,19,51:00.0,1,11:00,432
7590183783,U,OB,1,2,1150,116843,84,31:00.0,7,7:00,432
7590183783,U,CTY,1,2,1150,116843,R206,16:00.0,7,16:00,432
7590183839,U,OB,1,3,2050,116843,84,14:00.0,7,8:00,432
7590184077,U,OB,1,1,865,116843,84,46:00.0,7,7:00,432
7590184297,U,IB,1,1,893,126914,127,15:00.0,3,1:00,432
7590184389,U,OB,1,2,3596,842510,40,46:00.0,7,12:00,432
7590184470,U,OB,1,2,2663,128483,58,26:00.0,5,10:00,432
7590184526,U,OB,1,3,1875,530691,53,54:00.0,5,16:00,432
759018492X,U,OB,1,1,500,431001,69,37:00.0,7,21:00,432
7590222173,U,CTY,1,1,243,TTMS910552,192,44:00.0,3,0:00,822
7590437470,U,OB,1,4,880,125182,38,42:00.0,2,1:00,525
7590437571,U,CTY,1,1,567,130657,235,34:00.0,2,21:00,525
7590437636,U,CTY,1,5,1100,128863,196,51:00.0,5,3:00,525
759043781X,U,CTY,1,5,1194,128863,196,30:00.0,5,6:00,525
7590437883,U,CTY,1,28,10486,125761,209,42:00.0,1,22:00,525
7590437901,U,IB,1,4,735,137512,143,24:00.0,6,12:00,525
7590437939,U,CTY,1,5,1962,125761,209,55:00.0,1,21:00,525
7590437975,U,OB,1,2,835,128129,84,38:00.0,1,15:00,525
7590438002,U,OB,1,2,635,128129,84,37:00.0,1,20:00,525
7590438002,U,CTY,1,2,635,128129,235,24:00.0,3,21:00,525
7590438103,U,OB,1,6,792,202296,43,31:00.0,7,0:00,525
7590438222,U,OB,1,1,289,128129,84,31:00.0,1,16:00,525
759043825X,U,OB,1,1,57,128129,84,51:00.0,1,19:00,525
7590438314,U,CTY,1,7,3033,211570,192,20:00.0,5,22:00,525
7590438599,U,OB,1,3,730,290937,14,05:00.0,7,12:00,525
7590438680,U,IB,1,1,25,136642,164,26:00.0,3,3:00,525
7590438900,U,CTY,1,2,880,138853,209,06:00.0,1,5:00,525
7590438900,U,CTY,1,2,880,138853,194,04:00.0,1,5:00,525
7590438929,U,CTY,1,1,174,135958,236,00:00.0,5,6:00,525
7590438929,U,OB,1,1,174,135958,84,05:00.0,4,21:00,525
7590438983,U,CTY,1,12,2958,138853,216,02:00.0,1,21:00,525
7590439185,U,OB,1,4,2294,138604,38,13:00.0,5,15:00,525
7590439212,U,OB,1,2,1154,132575,11,58:00.0,1,9:00,525
7590439221,U,CTY,1,6,1286,HAEI23255,175,30:00.0,7,18:00,525
7590439268,U,CTY,1,2,387,138853,194,00:00.0,1,5:00,525
7590439396,U,CTY,1,1,73,130828,235,30:00.0,2,10:00,525
7590439396,U,CTY,1,1,73,130828,172,01:00.0,1,10:00,525
7590439652,U,CTY,1,5,951,123843,194,20:00.0,3,3:00,525
759043968X,U,CTY,1,6,1117,123843,194,14:00.0,3,2:00,525
7590439708,U,CTY,1,1,507,123843,194,03:00.0,3,2:00,525
7590439809,U,IB,1,9,3697,135492,141,45:00.0,7,12:00,525
7590440000,U,CTY,1,4,1655,123733,194,29:00.0,7,13:00,525
7590465273,U,OB,1,1,974,133257,26,46:00.0,5,7:00,473
7590465329,U,OB,1,2,1625,138705,76,44:00.0,1,22:00,473
7590466108,U,OB,1,1,300,128714,86,32:00.0,2,21:00,473
7590466281,U,IB,1,1,373,132364,143,25:00.0,6,15:00,473
759047004X,U,OB,1,1,40,291042,73,18:00.0,1,1:00,473
7590470059,U,OB,1,1,160,136623,69,15:00.0,7,1:00,473
7590470068,U,OB,1,1,295,133642,53,16:00.0,6,18:00,473
7590470398,U,OB,1,4,12340,128714,86,37:00.0,2,21:00,473
7590470407,U,OB,1,2,2290,128714,86,17:00.0,2,21:00,473
7590470425,U,OB,1,1,225,134176,89,56:00.0,1,4:00,473
7590470764,U,OB,1,3,1110,138834,14,40:00.0,7,2:00,473
7590472010,U,CTY,1,5,12200,140134,199,45:00.0,4,15:00,473
7590472010,U,IB,1,5,12200,140134,158,13:00.0,4,13:00,473
7590475723,U,OB,1,1,365,130455,84,06:00.0,6,14:00,473
7590475732,U,OB,1,1,575,130455,84,23:00.0,6,13:00,473
7590478033,U,OB,1,2,1080,130455,84,36:00.0,6,13:00,473
7590478098,U,OB,1,2,5986,136061,48,48:00.0,4,4:00,473
7590478125,U,OB,1,2,2180,277996,17,27:00.0,5,7:00,473
7590478152,U,CTY,1,4,6410,135500,169,09:00.0,7,21:00,473
7590478161,U,OB,1,2,784,130515,40,47:00.0,4,0:00,473
7590484550,U,IB,1,6,1560,136922,141,36:00.0,1,13:00,473
759048456X,U,OB,1,1,200,278972,74,08:00.0,2,4:00,473
759049050X,U,OB,1,3,3270,140358,26,07:00.0,4,21:00,473
7590495927,U,IB,1,1,236,140134,158,28:00.0,4,13:00,473
7590495963,U,IB,1,3,1728,137352,101,01:00.0,6,4:00,473
7590496082,U,OB,1,3,1737,125328,32,23:00.0,7,22:00,473
7590496129,U,OB,1,1,277,130515,40,04:00.0,4,1:00,473
7590496129,U,OB,1,1,277,130515,5,50:00.0,4,14:00,473
7590496138,U,OB,1,4,2296,138854,49,27:00.0,5,2:00,473
7590497054,U,OB,1,1,2569,125836,75,00:00.0,1,16:00,473
7590497128,U,OB,1,2,754,136439,43,56:00.0,7,3:00,473
7590497155,U,OB,1,1,2746,130515,5,50:00.0,4,14:00,473
7590497155,U,OB,1,1,2746,130515,6,51:00.0,4,14:00,473
7590497155,U,OB,1,1,2746,130515,40,14:00.0,4,1:00,473
7590498044,U,OB,1,5,12200,124081,32,36:00.0,6,3:00,473
7590501537,U,OB,1,1,111,128714,86,34:00.0,2,21:00,473
7590502224,U,OB,1,1,192,125836,75,30:00.0,1,16:00,473
7590502417,U,OB,1,1,259,277996,17,45:00.0,5,7:00,473
7590503535,U,OB,1,1,163,38422,67,11:00.0,1,7:00,473
7590503535,U,OB,1,1,163,38422,13,07:00.0,2,13:00,473
7590503544,U,OB,1,1,312,126638,52,54:00.0,2,3:00,473
7590504819,U,OB,1,1,1585,119275,50,45:00.0,5,14:00,473
7590518147,U,IB,1,1,640,125186,101,36:00.0,4,13:00,122
7590518320,U,CTY,1,1,205,128691,196,37:00.0,2,17:00,122
7590519247,U,CTY,1,1,137,135972,192,48:00.0,6,2:00,122
7590523160,U,IB,1,2,2270,137761,114,29:00.0,6,13:00,122
7590530027,U,CTY,1,2,1206,123950,173,09:00.0,6,6:00,122
7590530072,U,CTY,1,1,634,130650,173,20:00.0,4,4:00,122
759053010X,U,CTY,1,1,526,132816,197,50:00.0,6,1:00,122
759053010X,U,CTY,1,1,526,132816,235,13:00.0,3,0:00,122
7590530155,U,CTY,1,3,1561,125588,168,51:00.0,1,19:00,122
759053021X,U,CTY,1,1,1012,134705,231,02:00.0,4,20:00,122
759053021X,U,CTY,1,1,1012,134705,192,06:00.0,7,4:00,122
7590532840,U,CTY,1,1,1344,131324,195,44:00.0,2,15:00,122
7590535866,U,CTY,1,1,150,133417,187,52:00.0,1,20:00,122
7590539377,U,CTY,1,7,1709,249122,172,33:00.0,4,18:00,122
7590548442,U,CTY,1,2,402,137129,172,17:00.0,2,5:00,122
7590549212,U,CTY,1,1,107,134402,176,00:00.0,4,9:00,122
7590563155,U,CTY,1,2,650,126500,192,02:00.0,5,15:00,122
7590563229,U,IB,1,1,363,135099,164,53:00.0,5,3:00,122
7590565649,U,CTY,1,1,300,211335,197,29:00.0,6,16:00,122
7590623902,U,IB,1,1,500,132369,149,28:00.0,5,18:00,122
7590623920,U,CTY,1,2,750,129537,196,32:00.0,7,19:00,122
7590632969,U,IB,1,2,983,126080,149,19:00.0,1,3:00,122
7590633005,U,CTY,1,1,517,131324,231,36:00.0,3,21:00,122
7590641273,U,IB,1,1,550,125186,101,37:00.0,4,13:00,122
7590687336,U,CTY,1,1,694,139877,172,27:00.0,7,22:00,261
7590696704,U,IB,1,1,528,261214,125,21:00.0,6,7:00,261
7590698821,U,IB,1,1,855,133535,129,27:00.0,6,1:00,261
7590698886,U,CTY,1,1,125,137647,173,01:00.0,2,9:00,261
7590700738,U,CTY,1,2,752,127154,196,11:00.0,4,0:00,261
7590700985,U,CTY,1,1,292,127154,196,36:00.0,4,0:00,261
7590701279,U,CTY,1,5,4566,127154,196,51:00.0,4,0:00,261
7590701535,U,CTY,1,1,1717,133671,175,24:00.0,6,0:00,261
7590701782,U,IB,1,8,9484,127209,149,08:00.0,5,22:00,261
7590702076,U,CTY,1,1,113,126570,188,20:00.0,3,6:00,138
7590702112,U,IB,1,1,303,132648,133,24:00.0,3,21:00,261
7590702278,U,IB,1,1,191,132648,133,17:00.0,3,21:00,261
7590702287,U,IB,1,1,792,132648,133,19:00.0,3,21:00,261
7590702314,U,IB,1,1,600,132648,133,27:00.0,3,21:00,261
7590702332,U,IB,1,5,2391,125101,163,48:00.0,4,22:00,261
759070236X,U,IB,1,1,210,125101,163,57:00.0,4,22:00,261
7590702433,U,IB,1,1,606,132648,133,26:00.0,3,21:00,261
7590702534,U,IB,1,2,502,125101,163,07:00.0,4,23:00,261
7590702974,U,IB,1,3,451,134629,113,33:00.0,5,5:00,261
7590702983,U,IB,1,4,4880,134629,113,48:00.0,5,5:00,261
7590733581,U,CTY,1,16,10225,249107,176,56:00.0,4,15:00,875
7590743867,U,CTY,1,1,177,127154,196,24:00.0,3,22:00,261
7590773841,U,CTY,1,10,7202,137099,213,44:00.0,1,19:00,163
7590800351,U,CTY,1,1,165,137099,197,31:00.0,1,15:00,163
7590805173,U,CTY,1,1,75,138164,187,26:00.0,2,3:00,163
7590805256,U,CTY,1,1,155,138164,187,42:00.0,2,2:00,163
7590805678,U,CTY,1,1,50,132301,188,16:00.0,6,8:00,163
7590805732,U,CTY,1,1,318,140393,172,07:00.0,5,5:00,163
7590805916,U,CTY,1,1,53,140262,187,18:00.0,6,15:00,163
7590806109,U,CTY,1,1,535,261005,197,09:00.0,5,11:00,163
7590806118,U,CTY,1,1,76,140262,187,33:00.0,6,13:00,163
7590806475,U,IB,1,1,135,261280,127,38:00.0,5,18:00,163
7590806549,U,CTY,1,1,111,261005,197,04:00.0,5,11:00,163
7590806558,U,CTY,1,1,465,132301,216,07:00.0,6,8:00,160
7590806558,U,CTY,1,1,465,132301,188,12:00.0,6,6:00,160
7590806567,U,CTY,1,1,170,126885,174,33:00.0,1,0:00,163
7590806823,U,IB,1,1,150,140037,112,55:00.0,3,9:00,163
7590806823,U,CTY,1,1,150,140037,225,20:00.0,4,8:00,163
759080697X,U,IB,1,1,319,137691,141,06:00.0,1,17:00,163
7590870248,U,CTY,1,2,33,138044,176,13:00.0,4,19:00,324
7590870302,U,CTY,1,3,30,291200,188,32:00.0,5,23:00,324
759087044X,U,CTY,1,1,20,291200,188,53:00.0,6,1:00,324
7590870614,U,CTY,1,3,40,125240,174,46:00.0,6,16:00,324
7590870899,U,CTY,1,1,20,125579,188,25:00.0,7,18:00,324
7590871842,U,CTY,1,1,90,140163,175,27:00.0,5,22:00,324
7590871916,U,CTY,1,1,40,140163,175,29:00.0,5,22:00,324
7590871970,U,CTY,1,1,53,139826,168,21:00.0,7,1:00,324
7590872888,U,CTY,1,3,59,135534,188,45:00.0,6,7:00,324
7590873209,U,CTY,1,2,80,139006,231,38:00.0,1,2:00,324
7590873209,U,IB,1,2,80,139006,145,39:00.0,7,9:00,324
7590874208,U,CTY,1,5,65,126106,189,43:00.0,7,3:00,324
7590874271,U,CTY,1,1,28,121584,196,35:00.0,7,20:00,324
7591017610,U,CTY,1,1,170,137469,175,58:00.0,3,13:00,324
7591061711,U,CTY,1,2,1744,126281,192,33:00.0,4,12:00,324
759106184X,U,CTY,1,1,117,126106,189,30:00.0,7,4:00,324
7591070558,U,IB,1,1,979,128234,116,33:00.0,7,18:00,216
7591070576,U,IB,1,1,96,279026,112,20:00.0,6,8:00,216
7591072336,U,IB,1,1,500,842650,158,48:00.0,5,20:00,324
7591074352,U,CTY,1,3,1919,137855,189,55:00.0,1,20:00,324
7591076231,U,IB,1,1,211,842650,158,36:00.0,5,22:00,324
7591079156,U,CTY,1,1,726,132416,197,13:00.0,4,0:00,324
7591079192,U,CTY,1,4,2360,249257,175,02:00.0,5,13:00,324
7591079210,U,CTY,1,9,4121,127450,189,29:00.0,5,12:00,324
7591092466,U,CTY,1,2,1309,291200,188,17:00.0,6,1:00,324
7591093052,U,IB,1,1,561,121231,149,52:00.0,4,15:00,324
7591093382,U,CTY,1,2,267,261315,174,06:00.0,3,8:00,324
7591093391,U,IB,1,1,1385,T402218929,145,03:00.0,5,15:00,324
759109638X,U,CTY,1,1,150,291200,188,50:00.0,6,1:00,324
7591097865,U,IB,1,1,500,124078,116,18:00.0,4,9:00,324
7591097874,U,IB,1,1,500,124078,116,14:00.0,4,9:00,324
7591097883,U,IB,1,1,500,124078,116,15:00.0,4,10:00,324
7591097892,U,IB,1,1,555,124078,116,41:00.0,4,9:00,324
7591100249,U,IB,1,1,1165,T402218929,145,04:00.0,5,15:00,324
7591100258,U,CTY,1,1,250,132065,187,51:00.0,4,15:00,324
7591100368,U,CTY,1,1,194,133221,192,44:00.0,7,16:00,324
7591103585,U,CTY,1,2,735,T402218947,189,04:00.0,4,12:00,324
7591103594,U,CTY,1,7,2285,T402218947,189,39:00.0,4,11:00,324
7591103832,U,IB,1,3,1237,126748,163,01:00.0,2,20:00,324
7591104007,U,CTY,1,14,6955,130514,196,28:00.0,4,15:00,324
7591212568,U,CTY,1,2,1020,135088,228,30:00.0,2,13:00,682
7591216748,U,IB,1,1,475,127190,112,20:00.0,5,4:00,682
759121969X,U,OB,1,1,772,137715,89,53:00.0,4,22:00,682
7591219938,U,IB,1,1,445,136765,151,34:00.0,7,18:00,682
7591223779,U,OB,1,1,1740,137715,89,06:00.0,5,1:00,682
7591224062,U,IB,1,1,220,291209,133,48:00.0,6,21:00,682
7591226767,U,CTY,1,1,452,136325,169,34:00.0,1,10:00,682
7591226767,U,OB,1,1,452,136325,25,40:00.0,2,20:00,682
7591226794,U,CTY,1,1,152,136325,169,45:00.0,1,8:00,682
7591227142,U,OB,1,1,110,135813,74,38:00.0,7,4:00,682
7591227353,U,IB,1,1,107,136765,151,11:00.0,7,19:00,682
7591227591,U,IB,1,1,142,127190,112,12:00.0,5,4:00,682
7591227665,U,IB,1,1,541,127190,112,18:00.0,5,4:00,682
7591227665,U,OB,1,1,541,127190,41,01:00.0,5,16:00,682
7591227674,U,IB,1,1,176,119354,113,50:00.0,7,13:00,682
7591227748,U,IB,1,1,87,119354,113,15:00.0,7,12:00,682
7591227930,U,OB,1,1,56,202627,75,15:00.0,5,10:00,682
7591228206,U,OB,1,2,708,278391,39,24:00.0,1,5:00,682
7591228224,U,OB,1,1,300,278391,39,58:00.0,1,5:00,682
7591228224,U,OB,1,1,300,278391,65,38:00.0,1,10:00,682
7591228682,U,CTY,1,1,485,139950,173,43:00.0,7,10:00,682
7591229443,U,OB,1,1,270,133533,43,37:00.0,5,3:00,682
7591232909,U,IB,1,1,786,127190,112,10:00.0,5,5:00,682
7591235044,U,CTY,1,1,360,136325,169,03:00.0,1,14:00,682
7591235127,U,OB,1,1,180,261235,74,25:00.0,6,1:00,682
7591236786,U,IB,1,4,248,127190,112,29:00.0,5,3:00,682
759123685X,U,IB,1,4,520,291209,133,38:00.0,6,21:00,682
7591237143,U,IB,1,1,180,123182,151,24:00.0,1,13:00,682
759123762X,U,OB,1,2,530,137715,89,17:00.0,4,22:00,682
7591238023,U,OB,1,19,6290,133584,60,25:00.0,7,13:00,682
7591238308,U,OB,1,2,474,132433,38,06:00.0,4,1:00,682
7591238317,U,OB,1,1,326,202627,75,09:00.0,5,10:00,682
7591238326,U,OB,1,2,493,202627,75,09:00.0,5,9:00,682
7591238335,U,OB,1,3,1049,202627,75,27:00.0,5,8:00,682
7591238344,U,OB,1,1,636,202627,75,11:00.0,5,8:00,682
7591238353,U,OB,1,2,894,202627,75,22:00.0,5,9:00,682
7591238362,U,OB,1,3,774,202627,75,18:00.0,5,11:00,682
7591238436,U,OB,1,2,404,138406,40,36:00.0,2,10:00,682
7591238445,U,OB,1,2,975,133533,43,15:00.0,5,8:00,682
7591238463,U,OB,1,1,532,133533,43,03:00.0,5,8:00,682
7591238481,U,OB,1,15,7156,138406,40,46:00.0,2,10:00,682
7591239197,U,CTY,1,12,1730,139950,173,54:00.0,7,11:00,682
7591241287,U,OB,1,1,2120,202627,75,16:00.0,5,3:00,682
7591241763,U,IB,1,1,546,119354,113,12:00.0,7,11:00,682
7591242158,U,CTY,1,1,100,136325,169,40:00.0,1,10:00,682
7591243276,U,IB,1,1,540,430285,127,14:00.0,2,12:00,682
7591244578,U,CTY,1,2,3000,249174,197,06:00.0,6,19:00,682
7591244578,U,CTY,1,2,3000,249174,231,49:00.0,1,18:00,682
7591245054,U,IB,1,1,231,123182,151,21:00.0,1,13:00,682
7591245283,U,IB,1,2,425,134410,123,58:00.0,3,14:00,682
7591246118,U,CTY,1,1,375,126338,189,37:00.0,3,21:00,682
7591246127,U,CTY,1,2,650,126338,189,46:00.0,3,21:00,682
7591246219,U,OB,1,2,333,136775,66,04:00.0,6,10:00,682
7591246365,U,IB,1,5,2500,123182,151,09:00.0,1,14:00,682
7591246576,U,OB,1,9,1440,127939,13,11:00.0,5,3:00,682
7591247281,U,IB,1,1,165,291209,133,00:00.0,6,22:00,682
7591248529,U,CTY,1,1,750,211126,196,27:00.0,5,19:00,682
7591249665,U,CTY,1,2,6800,134425,175,21:00.0,5,19:00,682
7591249867,U,IB,1,4,170,136765,151,45:00.0,7,17:00,682
7591249903,U,OB,1,2,42,139452,69,15:00.0,4,3:00,682
7591249921,U,IB,1,3,3120,127190,112,41:00.0,5,4:00,682
7591250013,U,OB,1,1,2015,290056,76,54:00.0,4,0:00,682
7591260050,U,CTY,1,1,97,136325,169,53:00.0,1,10:00,682
759126743X,U,IB,1,1,62,127190,112,59:00.0,5,4:00,682
7591273398,U,CTY,1,3,2124,134425,175,53:00.0,5,19:00,682
7591273425,U,IB,1,4,2900,134410,123,10:00.0,3,14:00,682
7591273434,U,IB,1,3,2100,134410,123,10:00.0,3,14:00,682
7591273461,U,OB,1,4,2225,136775,66,59:00.0,6,8:00,682
759127348X,U,OB,1,3,1960,136484,17,30:00.0,4,13:00,682
7591273499,U,OB,1,4,2200,133533,43,24:00.0,5,9:00,682
7591307709,U,CTY,1,8,10815,211126,196,26:00.0,5,20:00,682
7591312237,U,OB,1,1,550,134048,67,59:00.0,4,2:00,682
7591317021,U,CTY,1,2,519,135813,231,04:00.0,2,20:00,682
7591317205,U,OB,1,4,862,202627,75,05:00.0,5,6:00,682
7591317214,U,IB,1,1,363,134410,123,43:00.0,3,15:00,682
7591317214,U,CTY,1,1,363,134410,205,48:00.0,5,2:00,682
7591318020,U,IB,1,1,250,291209,133,35:00.0,6,22:00,682
7591324099,U,CTY,1,1,104,211126,196,24:00.0,5,19:00,682
7591335263,U,OB,1,4,2200,135813,74,14:00.0,7,5:00,682
7591337409,U,OB,1,1,105,202627,75,40:00.0,5,2:00,682
7591337427,U,OB,1,1,104,202627,75,45:00.0,5,2:00,682
7591337555,U,OB,1,1,1218,140179,49,18:00.0,4,10:00,682
7591337573,U,OB,1,1,106,558986,52,20:00.0,3,6:00,682
7591337701,U,OB,1,1,115,133533,43,48:00.0,5,8:00,682
7591342211,U,CTY,1,1,236,136325,169,45:00.0,1,9:00,682
7591342321,U,OB,1,1,512,132138,76,24:00.0,1,3:00,682
7591343358,U,OB,1,2,1029,202627,75,06:00.0,5,3:00,682
7591345511,U,CTY,1,1,90,138948,172,46:00.0,4,22:00,682
759135048X,U,OB,1,1,282,202627,75,42:00.0,5,3:00,682
7591350883,U,IB,1,1,210,291209,133,48:00.0,6,22:00,682
7591353056,U,CTY,1,4,8530,134425,175,06:00.0,5,19:00,682
7591353139,U,OB,1,2,2686,135813,74,26:00.0,7,5:00,682
7591353175,U,OB,1,1,218,135813,74,36:00.0,7,5:00,682
7591353220,U,OB,1,2,1912,135813,74,34:00.0,7,5:00,682
7591353413,U,OB,1,2,943,123182,89,49:00.0,1,15:00,682
7591353413,U,IB,1,2,943,123182,151,41:00.0,1,13:00,682
7591353615,U,CTY,1,1,275,249174,197,02:00.0,6,19:00,682
7591353725,U,CTY,1,1,257,249174,197,06:00.0,6,18:00,682
7591353752,U,IB,1,2,128,125176,145,02:00.0,3,15:00,682
7591353799,U,OB,1,1,756,278391,39,42:00.0,1,4:00,682
7591362112,U,OB,1,4,5041,136775,66,03:00.0,6,8:00,682
7591377155,U,CTY,1,3,785,136775,231,28:00.0,3,0:00,682
7591377155,U,OB,1,3,785,136775,66,08:00.0,6,8:00,682
759138931X,U,OB,1,2,875,278391,39,17:00.0,1,4:00,682
7591389383,U,IB,1,5,2035,291209,133,59:00.0,6,23:00,682
7591389410,U,IB,1,9,3045,291209,133,04:00.0,7,1:00,682
7591397404,U,OB,1,1,510,137715,89,36:00.0,5,0:00,682
7591410961,U,OB,1,1,172,278391,39,07:00.0,1,6:00,682
759142121X,U,OB,1,2,858,136775,66,51:00.0,6,7:00,682
7591422127,U,OB,1,5,1287,139452,69,10:00.0,4,4:00,682
759142352X,U,OB,1,1,19,133533,43,35:00.0,5,6:00,682
7591423869,U,IB,1,1,251,119354,113,19:00.0,7,12:00,682
7591423878,U,IB,1,4,2841,119354,113,23:00.0,7,12:00,682
7591424336,U,CTY,1,5,4603,126338,189,25:00.0,3,22:00,682
7591427847,U,CTY,1,1,125,136325,169,24:00.0,1,12:00,682
7591430918,U,OB,1,2,3619,137715,89,47:00.0,5,3:00,682
7591432063,U,IB,1,2,620,136765,151,09:00.0,7,18:00,682
7591432072,U,IB,1,2,620,136765,151,56:00.0,7,17:00,682
7591432090,U,IB,1,2,620,134410,123,47:00.0,3,14:00,682
7591432119,U,IB,1,1,210,134410,123,53:00.0,3,14:00,682
7591432265,U,IB,1,1,420,123182,151,38:00.0,1,13:00,682
7591432292,U,CTY,1,1,255,126338,189,59:00.0,3,20:00,682
7591432357,U,CTY,1,2,620,202627,236,05:00.0,2,10:00,682
7591432357,U,OB,1,2,620,202627,75,42:00.0,5,10:00,682
7591432357,U,CTY,1,2,620,202627,231,06:00.0,5,21:00,682
7591432393,U,CTY,1,1,360,126338,233,18:00.0,4,1:00,682
7591432393,U,CTY,1,1,360,126338,233,18:00.0,4,1:00,682
7591432393,U,CTY,1,1,360,126338,231,53:00.0,4,21:00,682
7591432393,U,CTY,1,1,360,126338,189,03:00.0,3,21:00,682
7591432458,U,OB,1,1,310,202627,75,27:00.0,5,10:00,682
7591440616,U,OB,1,5,1473,137715,89,03:00.0,5,3:00,682
7591440661,U,OB,1,4,1481,137715,89,07:00.0,5,3:00,682
7591440735,U,CTY,1,2,262,135813,231,00:00.0,2,20:00,682
7591440744,U,CTY,1,1,114,136325,169,38:00.0,1,8:00,682
7591440744,U,OB,1,1,114,136325,25,40:00.0,2,20:00,682
759144519X,U,IB,1,2,560,134410,123,54:00.0,3,13:00,682
7591445566,U,CTY,1,1,485,136325,169,00:00.0,1,13:00,682
7591448022,U,OB,1,1,1105,138421,63,40:00.0,7,12:00,682
7591448774,U,OB,1,1,425,134221,76,34:00.0,7,3:00,682
7591452413,U,OB,1,2,915,278391,39,01:00.0,1,5:00,682
7591452532,U,OB,1,1,800,135813,74,21:00.0,7,4:00,682
7591452579,U,OB,1,1,630,135813,74,50:00.0,7,4:00,682
7591460315,U,IB,1,7,860,128638,103,10:00.0,3,20:00,682
7591479381,U,IB,1,1,2,290591,104,11:00.0,5,14:00,122
7591479639,U,CTY,1,1,39,127847,192,46:00.0,3,4:00,122
759153440X,U,CTY,1,3,150,139837,175,37:00.0,3,20:00,653
7591534437,U,CTY,1,1,100,139837,175,01:00.0,3,21:00,653
7591534455,U,CTY,1,4,192,137932,169,22:00.0,5,1:00,653
7591534529,U,OB,1,5,174,133143,58,27:00.0,5,1:00,653
7591534565,U,OB,1,2,88,559414,96,23:00.0,1,18:00,653
7591534583,U,OB,1,1,230,123154,76,31:00.0,7,6:00,653
759153462X,U,OB,1,3,55,261060,53,49:00.0,3,7:00,653
7591534657,U,OB,1,3,225,559414,96,51:00.0,1,13:00,653
7591534684,U,IB,1,1,255,134633,149,43:00.0,1,20:00,653
759153473X,U,IB,1,3,85,132333,125,36:00.0,3,13:00,653
7591534794,U,OB,1,1,178,125306,31,46:00.0,6,5:00,653
759153484X,U,OB,1,1,143,129751,63,13:00.0,7,19:00,653
7591534913,U,IB,1,2,48,122644,104,03:00.0,1,8:00,653
7591535005,U,OB,1,1,14,135088,95,45:00.0,3,21:00,653
7591535032,U,OB,1,1,99,135088,95,52:00.0,3,21:00,653
7591535079,U,OB,1,1,350,122370,84,37:00.0,6,3:00,653
7591535088,U,IB,1,4,93,123603,141,43:00.0,7,7:00,653
7591535097,U,IB,1,2,76,123603,141,32:00.0,7,7:00,653
7591535133,U,IB,1,1,92,123603,141,19:00.0,7,6:00,653
7591535207,U,IB,1,1,94,136167,117,44:00.0,2,3:00,653
7591607596,U,CTY,1,1,132,290768,187,26:00.0,3,4:00,881
7591608063,U,IB,1,1,250,140312,149,04:00.0,2,9:00,881
7591608128,U,IB,1,1,193,140312,149,15:00.0,2,8:00,881
7591608200,U,IB,1,2,229,134626,123,42:00.0,2,16:00,881
7591608200,U,IB,1,2,229,134626,121,56:00.0,2,16:00,881
7591608247,U,IB,1,1,188,131280,141,53:00.0,3,10:00,881
7591608274,U,IB,1,1,171,279944,112,48:00.0,3,18:00,881
7591608283,U,IB,1,1,81,279944,112,43:00.0,3,18:00,881
7591608577,U,IB,1,1,205,128668,127,40:00.0,5,13:00,881
759160865X,U,IB,1,1,82,134188,151,51:00.0,5,15:00,881
7591608714,U,IB,1,1,102,134188,151,24:00.0,5,14:00,881
7591609219,U,IB,1,1,202,131674,152,23:00.0,6,13:00,881
7591609365,U,IB,1,1,193,261042,149,27:00.0,3,18:00,881
7591609520,U,IB,1,1,233,132636,145,50:00.0,1,9:00,881
759160953X,U,IB,1,1,190,261042,149,29:00.0,3,18:00,881
7591609897,U,IB,1,1,416,139699,164,06:00.0,1,18:00,881
7591610548,U,IB,1,1,396,136114,145,24:00.0,7,21:00,881
7591684816,U,CTY,1,1,172,130521,168,24:00.0,5,12:00,840
7591684834,U,CTY,1,1,155,130521,168,18:00.0,5,14:00,840
7591684935,U,IB,1,1,370,136426,145,53:00.0,1,21:00,840
7591687676,U,IB,1,3,2201,129663,158,39:00.0,3,13:00,840
7591691288,U,IB,1,1,290,138766,163,30:00.0,1,21:00,840
7591691571,U,IB,1,1,113,134479,152,04:00.0,1,11:00,840
7591691654,U,IB,1,1,168,134479,152,56:00.0,1,10:00,840
7591691672,U,IB,1,1,334,125111,158,17:00.0,1,14:00,840
7591694478,U,IB,1,1,300,136922,141,55:00.0,1,12:00,840
7591694550,U,OB,1,1,134,134755,66,26:00.0,6,2:00,840
7591707622,U,CTY,1,1,1270,119931,175,11:00.0,2,20:00,840
7591707824,U,CTY,1,2,4145,124021,172,33:00.0,3,5:00,840
7591708053,U,CTY,1,1,650,HAEI28100,172,11:00.0,5,18:00,840
759170842X,U,IB,1,8,8250,132147,129,38:00.0,4,16:00,840
7591708951,U,IB,1,1,49,HAEI23307,131,24:00.0,6,19:00,840
7591711124,U,IB,1,1,75,134479,152,28:00.0,1,10:00,840
7591711299,U,OB,1,1,300,136623,88,04:00.0,3,21:00,840
7591711436,U,IB,1,2,800,134735,143,01:00.0,3,16:00,840
7591714653,U,CTY,1,1,250,137791,169,53:00.0,2,6:00,840
7591714671,U,CTY,1,1,250,137791,169,31:00.0,2,6:00,840
7591714727,U,IB,1,1,250,138766,163,41:00.0,1,22:00,840
7591714736,U,CTY,1,1,250,137791,169,07:00.0,2,7:00,840
7591714745,U,CTY,1,1,250,137791,169,59:00.0,2,7:00,840
7591715497,U,IB,1,1,135,135543,163,37:00.0,7,0:00,840
7591715652,U,CTY,1,1,170,129628,194,56:00.0,4,12:00,840
7591721336,U,IB,1,6,4245,132793,151,03:00.0,7,9:00,315
7591721648,U,CTY,1,1,225,127296,175,58:00.0,4,12:00,315
7591721931,U,IB,1,1,441,124196,150,47:00.0,6,19:00,315
7591726616,U,CTY,1,1,220,134974,187,57:00.0,4,0:00,315
7591726625,U,IB,1,1,507,PASC175379,151,41:00.0,2,19:00,315
7591726845,U,IB,1,1,165,128130,143,39:00.0,6,10:00,315
7591731236,U,CTY,1,1,153,261307,196,22:00.0,6,3:00,315
7591731355,U,CTY,1,1,780,261307,196,28:00.0,6,3:00,315
7591731465,U,IB,1,1,973,290415,149,14:00.0,3,18:00,315
7591731584,U,IB,1,1,840,290415,149,09:00.0,3,18:00,315
7591731611,U,CTY,1,1,641,138999,187,20:00.0,5,10:00,315
7591731649,U,CTY,1,6,4210,138999,187,40:00.0,5,12:00,315
7591747049,U,IB,1,1,202,133387,149,45:00.0,5,20:00,315
7591747112,U,CTY,1,1,630,135747,197,20:00.0,7,10:00,315
7591747177,U,IB,1,1,703,133387,149,15:00.0,5,20:00,315
7591747186,U,IB,1,1,210,133387,149,56:00.0,5,18:00,315
7591747231,U,CTY,1,1,640,134974,187,36:00.0,4,0:00,315
7591750798,U,IB,1,1,201,135237,164,04:00.0,2,4:00,315
7591757407,U,CTY,1,2,370,127920,195,31:00.0,3,0:00,315
7591760469,U,IB,1,1,2422,124196,150,20:00.0,6,20:00,315
7591760936,U,CTY,1,1,290,560074,175,49:00.0,1,19:00,315
7591764346,U,IB,1,1,465,133387,149,29:00.0,5,20:00,315
7591764988,U,CTY,1,1,1075,560074,175,53:00.0,1,20:00,315
7591769516,U,IB,1,1,77,135237,164,12:00.0,2,4:00,315
7591769525,U,IB,1,1,86,135237,164,07:00.0,2,4:00,315
7591769983,U,CTY,1,1,1075,202154,195,26:00.0,6,18:00,315
7591770084,U,CTY,1,2,1225,131541,194,17:00.0,4,1:00,315
7591770167,U,CTY,1,1,275,127165,173,02:00.0,4,10:00,315
7591770194,U,IB,1,1,340,261088,149,18:00.0,5,6:00,315
7591770313,U,IB,1,1,362,129678,151,05:00.0,7,10:00,315
7591770506,U,CTY,1,1,425,202154,195,30:00.0,6,18:00,315
7591770699,U,CTY,1,1,459,135119,188,47:00.0,1,11:00,315
7591770708,U,IB,1,8,2984,126091,141,01:00.0,1,12:00,315
7591770708,U,OB,1,8,2984,126091,75,32:00.0,2,10:00,315
7591771532,U,CTY,1,1,863,290245,197,54:00.0,6,14:00,315
7591773164,U,IB,1,2,755,128130,143,54:00.0,6,10:00,315
7591773402,U,CTY,1,3,1962,131541,194,30:00.0,4,2:00,315
7591774356,U,CTY,1,1,375,131541,194,09:00.0,4,1:00,315
7591775804,U,CTY,1,6,3070,136776,173,07:00.0,1,14:00,315
7591778426,U,IB,1,1,373,133387,153,46:00.0,5,19:00,315
7591778426,U,IB,1,1,373,133387,149,21:00.0,5,18:00,315
7591782597,U,CTY,1,2,1322,128285,195,19:00.0,5,14:00,315
7591782624,U,CTY,1,2,954,127165,173,53:00.0,4,10:00,315
7591782660,U,CTY,1,2,1502,127716,197,56:00.0,4,22:00,315
7591782716,U,CTY,1,3,2366,127296,175,37:00.0,4,14:00,315
7591786373,U,CTY,1,1,2061,136776,173,54:00.0,1,13:00,315
7591786382,U,CTY,1,1,1579,136776,173,35:00.0,1,12:00,315
7591787904,U,CTY,1,7,946,134948,175,29:00.0,3,1:00,315
759178806X,U,CTY,1,1,203,127165,173,35:00.0,4,11:00,315
7591788142,U,CTY,1,2,844,261307,196,12:00.0,6,6:00,315
7591788252,U,IB,1,11,8815,134743,151,43:00.0,7,2:00,315
7591788564,U,IB,1,2,563,T402218929,145,29:00.0,5,12:00,315
7591788591,U,CTY,1,1,1142,121144,191,45:00.0,6,12:00,315
7591788591,U,CTY,1,1,1142,121144,194,44:00.0,6,12:00,315
7591788629,U,IB,1,1,309,133387,149,26:00.0,5,18:00,315
7591789233,U,CTY,1,4,988,132233,O1  ,52:00.0,1,17:00,315
7591789233,U,OB,1,4,988,132233,88,35:00.0,1,7:00,315
7591789251,U,IB,1,1,696,290415,149,47:00.0,3,19:00,315
7591791186,U,CTY,1,3,2666,128285,195,28:00.0,5,12:00,315
759179125X,U,CTY,1,2,3000,131541,194,02:00.0,4,1:00,315
7591792827,U,IB,1,3,830,133387,149,05:00.0,5,20:00,315
7591793267,U,CTY,1,1,630,127165,173,30:00.0,4,10:00,315
7591795027,U,CTY,1,3,1416,138044,176,02:00.0,4,19:00,315
7591795036,U,CTY,1,1,58,131332,172,26:00.0,4,19:00,315
7591795779,U,CTY,1,2,2738,PASC533243,168,20:00.0,7,5:00,315
759179653X,U,IB,1,1,200,290415,149,42:00.0,3,19:00,315
7591796549,U,IB,1,2,2140,290415,149,23:00.0,3,19:00,315
7591800444,U,IB,1,7,4640,202322,152,33:00.0,6,18:00,315
7591800691,U,IB,1,8,5695,131953,164,37:00.0,1,21:00,315
7591801360,U,CTY,1,1,458,128285,195,55:00.0,5,13:00,315
7591801452,U,IB,1,3,6255,125848,151,24:00.0,5,6:00,315
7591801672,U,CTY,1,1,650,123794,174,27:00.0,7,17:00,315
7591803194,U,IB,1,1,173,133387,149,03:00.0,5,19:00,315
7591803259,U,CTY,1,1,267,123794,174,39:00.0,7,16:00,315
7591810308,U,IB,1,5,4055,PASC33311,145,32:00.0,4,9:00,315
7591810335,U,CTY,1,1,417,127296,175,43:00.0,4,14:00,315
7591812829,U,CTY,1,1,185,PASC533243,173,48:00.0,6,6:00,315
7591923736,U,IB,1,2,805,139566,133,49:00.0,7,10:00,315
7591924212,U,OB,1,2,1316,132233,88,00:00.0,1,8:00,315
7591925065,U,CTY,1,1,764,127920,195,53:00.0,3,1:00,315
759192512X,U,CTY,1,2,1157,290245,197,31:00.0,6,14:00,315
7591925139,U,CTY,1,2,772,290245,197,36:00.0,6,14:00,315
7591937540,U,CTY,1,1,1638,123794,174,32:00.0,7,16:00,315
7591951768,U,IB,1,1,1448,128130,143,59:00.0,6,10:00,315
7591966342,U,CTY,1,1,583,127165,173,41:00.0,4,10:00,315
7591966398,U,CTY,1,3,1990,127165,173,11:00.0,4,12:00,315
7591966407,U,CTY,1,6,4610,127165,173,58:00.0,4,11:00,315
7591967049,U,IB,1,4,2580,124196,150,09:00.0,6,20:00,315
7591967085,U,IB,1,2,1580,202322,152,19:00.0,6,18:00,315
7592022974,U,IB,1,1,359,290415,149,37:00.0,3,18:00,315
7592022983,U,OB,1,1,185,132233,88,34:00.0,1,6:00,315
759202324X,U,CTY,1,1,2171,138044,176,10:00.0,4,19:00,315
7592023809,U,CTY,1,2,175,131332,172,03:00.0,4,19:00,315
7592023982,U,CTY,1,3,385,116843,169,10:00.0,5,8:00,315
759202401X,U,CTY,1,1,115,131541,194,45:00.0,4,0:00,315
7592024029,U,CTY,1,1,151,131541,194,46:00.0,4,0:00,315
7592024092,U,CTY,1,2,296,127296,175,06:00.0,4,14:00,315
7592024101,U,CTY,1,1,118,125161,195,52:00.0,5,16:00,315
7592026027,U,IB,1,3,502,133387,149,48:00.0,5,18:00,315
7592026072,U,CTY,1,10,2855,261307,198,40:00.0,6,16:00,315
7592026072,U,CTY,1,10,2855,261307,196,16:00.0,6,4:00,315
7592026090,U,CTY,1,2,650,127296,175,33:00.0,4,14:00,315
759202610X,U,CTY,1,4,1137,116843,169,59:00.0,5,9:00,315
7592026229,U,CTY,1,2,436,290245,197,03:00.0,6,14:00,315
7592027300,U,CTY,1,4,4876,PASC634516,173,36:00.0,2,13:00,315
7592027612,U,CTY,1,4,3338,121144,194,29:00.0,6,12:00,315
7592027659,U,CTY,1,3,2572,133221,192,32:00.0,7,16:00,315
7592027814,U,CTY,1,3,3598,PASC634516,173,31:00.0,2,12:00,315
7592027850,U,IB,1,2,1138,135237,164,11:00.0,2,1:00,315
7592027960,U,CTY,1,1,1043,125579,188,37:00.0,7,18:00,315
7592029794,U,CTY,1,1,544,560074,175,55:00.0,1,17:00,315
7592033570,U,CTY,1,3,4940,131541,194,33:00.0,4,1:00,315
759203380X,U,IB,1,2,3098,133387,149,20:00.0,5,19:00,315
7592041023,U,CTY,1,3,531,136776,173,58:00.0,1,13:00,315
7592041032,U,CTY,1,2,580,138044,176,08:00.0,4,19:00,315
759204106X,U,CTY,1,2,651,129523,172,26:00.0,4,16:00,315
7592041097,U,IB,1,2,401,129678,151,17:00.0,7,11:00,315
7592041124,U,CTY,1,1,125,202154,195,40:00.0,6,18:00,315
7592041189,U,IB,1,2,365,133387,149,39:00.0,5,18:00,315
7592041490,U,CTY,1,6,2005,131845,197,42:00.0,2,0:00,315
7592044947,U,CTY,1,1,210,261307,196,06:00.0,6,6:00,315
7592048090,U,CTY,1,5,8845,127920,195,25:00.0,3,3:00,315
7592048732,U,CTY,1,1,75,127165,173,09:00.0,4,10:00,315
7592048824,U,OB,1,1,600,132233,88,56:00.0,1,7:00,315
7592048842,U,OB,1,4,2440,132233,88,09:00.0,1,8:00,315
7592048860,U,OB,1,1,130,132233,88,46:00.0,1,6:00,315
7592048970,U,CTY,1,2,195,127716,197,49:00.0,4,22:00,315
7592053527,U,IB,1,1,300,133387,149,50:00.0,5,20:00,315
759205382X,U,CTY,1,3,1095,290114,169,59:00.0,1,11:00,315
7592054609,U,CTY,1,1,188,138044,176,55:00.0,4,18:00,315
7592064188,U,CTY,1,1,624,135534,188,56:00.0,6,7:00,315
7592064188,U,CTY,1,1,624,135534,200,11:00.0,6,16:00,315
7592068074,U,CTY,1,1,255,261307,196,46:00.0,6,5:00,315
7592068110,U,CTY,1,1,165,132065,187,57:00.0,4,16:00,315
7592069385,U,CTY,1,1,3165,135708,169,50:00.0,6,3:00,315
7592069486,U,IB,1,1,650,133387,149,41:00.0,5,19:00,315
7592070182,U,CTY,1,6,6292,TNUE56177,188,27:00.0,1,2:00,315
759207527X,U,CTY,1,1,829,TNUE56177,188,06:00.0,1,3:00,315
7592075765,U,OB,1,1,1025,132233,88,05:00.0,1,8:00,315
7592076517,U,CTY,1,1,1465,127920,195,02:00.0,3,1:00,315
759207670X,U,IB,1,1,600,128130,143,50:00.0,6,10:00,315
7592076800,U,IB,1,1,588,128130,143,46:00.0,6,10:00,315
759208990X,U,CTY,1,1,728,261307,196,32:00.0,6,6:00,315
7592089964,U,CTY,1,1,360,261307,196,29:00.0,6,4:00,315
7592090148,U,CTY,1,1,1400,131845,197,50:00.0,1,22:00,315
7592094712,U,CTY,1,3,7000,261307,196,23:00.0,6,6:00,315
7592100652,U,CTY,1,1,1400,127165,173,24:00.0,4,10:00,315
7592100726,U,IB,1,3,5191,131953,164,44:00.0,1,20:00,315
7592100919,U,CTY,1,1,295,127920,195,50:00.0,3,0:00,315
7592102073,U,CTY,1,1,1980,261307,196,37:00.0,6,4:00,315
7592102082,U,CTY,1,1,540,261307,196,15:00.0,6,5:00,315
7592106006,U,CTY,1,2,7800,135900,187,58:00.0,2,22:00,315
7592108114,U,CTY,1,3,3389,131332,172,56:00.0,4,18:00,315
7592110929,U,IB,1,1,780,133387,149,29:00.0,5,18:00,315
7592111497,U,CTY,1,1,84,430973,172,29:00.0,6,18:00,324
7592116007,U,IB,1,1,384,131953,164,07:00.0,1,20:00,315
7592116281,U,CTY,1,4,2981,123794,174,54:00.0,7,16:00,315
7592116346,U,CTY,1,4,4125,290301,180,01:00.0,2,9:00,315
7592116346,U,CTY,1,4,4125,290301,194,53:00.0,2,8:00,315
7592116364,U,IB,1,4,3800,135624,141,38:00.0,4,9:00,315
7592116447,U,CTY,1,5,11880,131541,194,22:00.0,4,3:00,315
7592116611,U,IB,1,1,478,290415,149,57:00.0,3,19:00,315
7592117987,U,CTY,1,5,5305,290245,197,22:00.0,6,14:00,315
7592207114,U,IB,1,30,4350,130947,143,36:00.0,6,16:00,313
7592207242,U,CTY,1,10,3266,560074,176,36:00.0,2,11:00,313
7592207343,U,IB,1,3,3445,135505,127,36:00.0,7,7:00,313
7592212046,U,IB,1,1,830,140045,143,35:00.0,1,5:00,313
7592212082,U,CTY,1,1,210,126763,173,58:00.0,1,9:00,313
7592212641,U,IB,1,2,260,130545,141,56:00.0,4,22:00,313
7592214879,U,CTY,1,6,12720,135614,169,43:00.0,3,23:00,313
7592215474,U,IB,1,17,965,132793,118,06:00.0,1,18:00,313
7592215483,U,IB,1,2,52,132793,151,23:00.0,7,9:00,313
7592226840,U,CTY,1,2,450,124347,175,06:00.0,5,4:00,313
7592226914,U,IB,1,1,305,135237,164,39:00.0,2,1:00,313
7592227253,U,CTY,1,1,2650,139894,197,29:00.0,1,2:00,313
7592228317,U,CTY,1,1,122,290414,173,13:00.0,3,0:00,313
7592244422,U,CTY,1,1,88,132052,175,21:00.0,7,2:00,313
7592244431,U,CTY,1,1,150,132052,175,15:00.0,7,2:00,313
7592244469,U,CTY,1,1,115,132236,188,03:00.0,1,20:00,313
7592245861,U,CTY,1,1,710,132236,188,01:00.0,1,21:00,313
7592247356,U,CTY,1,1,212,125201,194,06:00.0,1,5:00,313
7592253240,U,CTY,1,1,265,135614,169,27:00.0,4,0:00,313
7592253543,U,IB,1,1,228,122579,112,58:00.0,1,4:00,313
7592253543,U,CTY,1,1,228,122579,212,02:00.0,1,5:00,313
7592253819,U,CTY,1,1,306,132052,175,35:00.0,7,2:00,313
759225402X,U,CTY,1,1,940,135614,169,43:00.0,4,0:00,313
7592254048,U,CTY,1,2,300,135614,169,37:00.0,4,0:00,313
7592254396,U,IB,1,1,150,130545,141,58:00.0,5,3:00,313
7592254515,U,CTY,1,3,3002,139894,197,22:00.0,1,2:00,313
7592255038,U,CTY,1,1,193,138097,194,09:00.0,5,11:00,313
7592255386,U,IB,1,1,610,135505,127,45:00.0,7,7:00,313
7592255469,U,IB,1,1,400,135505,127,21:00.0,7,8:00,313
759225556X,U,IB,1,1,570,130545,141,14:00.0,5,4:00,313
759225567X,U,CTY,1,1,366,132052,175,17:00.0,7,1:00,313
7592255761,U,IB,1,1,385,135505,127,43:00.0,7,8:00,313
7592256587,U,CTY,1,1,275,132052,175,07:00.0,7,2:00,313
7592256688,U,IB,1,1,380,130545,141,52:00.0,5,0:00,313
7592257238,U,CTY,1,1,605,125201,194,45:00.0,1,3:00,313
7592266550,U,IB,1,1,210,126998,143,20:00.0,5,18:00,313
7592275287,U,CTY,1,7,4600,132052,175,58:00.0,7,2:00,313
7592275314,U,CTY,1,10,75,138184,196,07:00.0,5,22:00,313
7592284435,U,IB,1,1,202,PASC634013,143,59:00.0,5,14:00,313
7592284462,U,CTY,1,1,226,138097,194,40:00.0,5,6:00,313
7592299386,U,CTY,1,1,1200,560074,175,56:00.0,1,20:00,313
7592299440,U,IB,1,1,1600,130769,151,10:00.0,7,4:00,313
7592308094,U,CTY,1,2,1585,PASC634516,168,00:00.0,2,8:00,313
7592311201,U,CTY,1,1,541,138184,196,51:00.0,5,21:00,313
7592313502,U,CTY,1,1,75,130754,168,22:00.0,5,3:00,313
7592328105,U,IB,1,1,176,130545,141,34:00.0,5,3:00,313
7592332047,U,IB,1,1,232,140045,143,53:00.0,1,10:00,313
7592332065,U,CTY,1,1,327,560074,175,00:00.0,1,21:00,313
7592347391,U,IB,1,1,256,130545,141,46:00.0,5,0:00,313
7592468611,U,CTY,1,1,348,PASC634516,173,34:00.0,2,15:00,313
7592469455,U,CTY,1,1,385,138184,196,13:00.0,5,22:00,313
7592469610,U,CTY,1,1,409,132052,175,05:00.0,7,1:00,313
7592469684,U,CTY,1,2,536,136178,188,10:00.0,5,22:00,313
7592470106,U,IB,1,1,280,130769,151,02:00.0,7,6:00,313
7592476816,U,CTY,1,1,100,290414,173,04:00.0,3,0:00,313
7592486395,U,CTY,1,1,185,132052,175,21:00.0,7,1:00,313
759249679X,U,IB,1,1,725,130769,151,44:00.0,7,6:00,313
7592508065,U,CTY,1,3,2081,130762,194,36:00.0,5,11:00,313
7592508157,U,CTY,1,1,123,280391,196,37:00.0,7,8:00,313
7592510182,U,CTY,1,1,110,125201,194,11:00.0,1,5:00,313
7592510613,U,IB,1,1,277,140045,143,50:00.0,1,7:00,313
7592511989,U,IB,1,1,880,125848,151,25:00.0,5,8:00,313
7592518378,U,IB,1,1,397,130769,151,19:00.0,7,3:00,313
7592525683,U,CTY,1,1,307,TNUE56177,188,02:00.0,1,1:00,313
7592535060,U,CTY,1,1,222,PASC634534,183,19:00.0,1,4:00,313
7592535060,U,CTY,1,1,222,PASC634534,172,18:00.0,1,4:00,313
7592535107,U,CTY,1,1,148,PASC634534,183,22:00.0,1,8:00,313
7592535107,U,CTY,1,1,148,PASC634534,183,22:00.0,1,8:00,313
7592535143,U,IB,1,1,324,135556,145,07:00.0,4,14:00,313
7592535199,U,CTY,1,5,4582,138184,196,37:00.0,5,21:00,313
7592535280,U,CTY,1,1,287,139894,197,44:00.0,1,1:00,313
759253529X,U,CTY,1,1,170,139894,197,18:00.0,1,1:00,313
7592535336,U,CTY,1,3,2424,126763,173,00:00.0,1,11:00,313
7592535354,U,CTY,1,3,1073,126763,173,11:00.0,1,10:00,313
7592535419,U,CTY,1,1,253,PASC175379,175,16:00.0,5,9:00,313
7592535437,U,CTY,1,1,100,PASC175379,175,43:00.0,5,10:00,313
7592535482,U,CTY,1,1,496,130762,194,41:00.0,5,10:00,313
7592535574,U,CTY,1,1,172,130762,194,28:00.0,5,10:00,313
7592535583,U,CTY,1,1,305,PASC634013,195,31:00.0,6,8:00,313
7592535610,U,CTY,1,1,359,131160,189,41:00.0,6,3:00,313
759253562X,U,CTY,1,1,392,131160,189,42:00.0,6,4:00,313
7592535675,U,CTY,1,1,101,290114,169,26:00.0,1,8:00,313
7592535702,U,IB,1,1,98,130545,141,03:00.0,5,0:00,313
7592535711,U,IB,1,1,130,PASC33311,145,39:00.0,4,3:00,313
7592535886,U,IB,1,1,148,PASC634013,143,29:00.0,5,10:00,313
7592541716,U,IB,1,1,380,140045,143,08:00.0,1,7:00,313
7592555942,U,CTY,1,1,300,PASC634516,173,22:00.0,2,12:00,313
7592568868,U,IB,1,4,1360,135556,145,10:00.0,4,14:00,313
7592572397,U,IB,1,2,200,132535,129,07:00.0,4,13:00,313
7592575908,U,CTY,1,1,1470,131218,169,51:00.0,6,9:00,313
7592576310,U,CTY,1,1,300,130762,194,52:00.0,5,11:00,313
7592582562,U,CTY,1,3,4500,139894,197,06:00.0,1,2:00,313
7592583828,U,IB,1,1,238,122579,112,10:00.0,1,4:00,313
7592583873,U,CTY,1,1,172,PASC634534,183,23:00.0,1,8:00,313
7592583873,U,CTY,1,1,172,PASC634534,172,22:00.0,1,8:00,313
7592583947,U,IB,1,1,118,135556,145,09:00.0,4,15:00,313
7592584670,U,CTY,1,2,2952,139894,197,22:00.0,1,1:00,313
7592584818,U,CTY,1,1,150,129660,197,05:00.0,6,15:00,313
7592589034,U,CTY,1,1,435,126763,173,02:00.0,1,10:00,313
7592589043,U,IB,1,1,145,140045,143,41:00.0,1,8:00,313
7592589135,U,CTY,1,1,545,135614,169,52:00.0,3,23:00,313
7592589180,U,CTY,1,1,350,135614,169,48:00.0,3,23:00,313
7592589209,U,CTY,1,1,415,130762,194,38:00.0,5,10:00,313
7592589218,U,CTY,1,1,275,130762,194,51:00.0,5,10:00,313
7592589254,U,IB,1,1,180,130545,141,44:00.0,5,0:00,313
7592589474,U,CTY,1,1,165,131218,169,36:00.0,6,6:00,313
7592589593,U,CTY,1,1,245,132052,175,48:00.0,7,1:00,313
7592591573,U,CTY,1,4,1300,PASC175379,188,28:00.0,7,11:00,313
7592603141,U,CTY,1,4,745,130762,194,48:00.0,5,10:00,313
7592603765,U,IB,1,1,381,PASC33311,145,14:00.0,4,10:00,313
7592662972,U,CTY,1,3,4306,138097,194,24:00.0,5,7:00,313
7592670957,U,CTY,1,2,3113,132052,175,30:00.0,7,1:00,313
7592674540,U,CTY,1,1,230,280391,196,12:00.0,7,7:00,313
7592674614,U,IB,1,1,90,135505,127,11:00.0,7,7:00,313
7592674614,U,CTY,1,1,90,135505,183,39:00.0,7,7:00,313
7592675586,U,CTY,1,1,60,560074,175,20:00.0,1,21:00,313
7592676237,U,CTY,1,4,5985,132236,188,10:00.0,1,20:00,313
7592682947,U,IB,1,1,342,125848,151,52:00.0,5,7:00,313
7592696908,U,IB,1,1,175,122579,112,22:00.0,1,3:00,313
7592696935,U,IB,1,1,50,122579,112,33:00.0,1,3:00,313
7592805175,U,OB,1,1,74,129903,96,00:00.0,5,11:00,246
7592805202,U,OB,1,1,74,129903,96,02:00.0,5,11:00,246
759280534X,U,OB,1,1,74,129903,96,31:00.0,5,11:00,246
7592805377,U,OB,1,1,74,129903,96,26:00.0,5,11:00,246
7592805386,U,CTY,1,1,74,126251,173,53:00.0,5,3:00,246
7592805395,U,OB,1,1,74,129903,96,20:00.0,5,11:00,246
7592805413,U,OB,1,1,74,129903,96,15:00.0,5,11:00,246
7592915532,U,CTY,1,1,2288,530699,197,25:00.0,4,21:00,830
7592918879,U,CTY,1,3,734,290901,168,51:00.0,1,6:00,830
7592920199,U,CTY,1,2,1130,133317,197,20:00.0,3,19:00,830
759292381X,U,IB,1,1,200,128138,164,46:00.0,2,3:00,830
7592923948,U,IB,1,1,326,126699,133,32:00.0,6,2:00,830
7592924186,U,CTY,1,1,211,128065,173,52:00.0,6,15:00,830
7592924873,U,OB,1,1,855,138705,89,14:00.0,6,7:00,830
7592936771,U,IB,1,2,1414,127688,123,31:00.0,5,12:00,830
7592937440,U,IB,1,1,407,132897,127,22:00.0,1,0:00,830
7592950806,U,CTY,1,4,2725,122585,173,21:00.0,3,5:00,830
7592955105,U,CTY,1,1,236,136990,189,50:00.0,2,18:00,830
7592966289,U,CTY,1,17,2653,121402,217,24:00.0,2,22:00,830
7592966307,U,CTY,1,4,518,138987,175,41:00.0,2,22:00,830
7592970588,U,CTY,1,5,1685,134255,189,39:00.0,6,16:00,830
7592983119,U,CTY,1,1,706,119870,169,55:00.0,3,3:00,830
7592988700,U,CTY,1,2,1525,127771,187,49:00.0,5,23:00,830
7592997657,U,IB,1,1,54,133004,164,39:00.0,2,22:00,830
7592998079,U,CTY,1,1,157,126510,170,27:00.0,3,3:00,830
7592998079,U,CTY,1,1,157,126510,170,27:00.0,3,3:00,830
7592998115,U,CTY,1,1,258,132935,174,32:00.0,2,22:00,830
7592998234,U,IB,1,1,915,131900,158,30:00.0,3,6:00,830
7592998472,U,CTY,1,1,148,137324,174,28:00.0,3,3:00,830
759300147X,U,CTY,1,2,2355,125192,173,15:00.0,4,22:00,830
7593002479,U,CTY,1,5,2705,134255,189,04:00.0,6,19:00,830
7593003312,U,CTY,1,1,420,138851,194,38:00.0,2,15:00,830
7593003743,U,CTY,1,2,510,138851,194,45:00.0,2,16:00,830
7593009041,U,CTY,1,1,51,125269,195,17:00.0,2,0:00,830
7593044901,U,CTY,1,2,1150,430868,172,09:00.0,4,13:00,830
7593045231,U,IB,1,1,770,127688,123,25:00.0,5,12:00,830
7593051465,U,CTY,1,4,2253,128490,195,39:00.0,2,11:00,830
759305306X,U,OB,1,1,160,138705,89,06:00.0,6,7:00,830
7593060696,U,CTY,1,1,184,TTMS750524,189,14:00.0,2,13:00,830
7593080698,U,IB,1,1,272,125429,143,50:00.0,7,13:00,830
7593089332,U,CTY,1,1,120,530699,197,45:00.0,4,22:00,830
7593094228,U,CTY,1,1,287,136990,189,43:00.0,2,17:00,830
7593094291,U,CTY,1,1,10,123067,195,50:00.0,3,7:00,830
759309442X,U,CTY,1,1,240,135995,189,31:00.0,6,0:00,830
7593094695,U,IB,1,1,17,132655,164,44:00.0,5,0:00,830
7593103046,U,CTY,1,2,700,430868,172,05:00.0,4,18:00,830
7593103192,U,CTY,1,2,1570,530699,197,19:00.0,4,20:00,830
759310333X,U,CTY,1,2,1325,125269,195,35:00.0,1,22:00,830
7593104137,U,CTY,1,1,105,133317,197,24:00.0,3,19:00,830
7593104247,U,IB,1,1,246,131621,143,38:00.0,6,16:00,830
7593107006,U,CTY,1,3,915,430868,172,29:00.0,4,13:00,830
7593118821,U,IB,1,1,220,261064,151,06:00.0,7,14:00,830
7593120527,U,IB,1,1,154,125429,143,36:00.0,7,13:00,830
7593127805,U,CTY,1,1,368,128079,196,55:00.0,1,19:00,830
7593127823,U,IB,1,1,428,124058,145,51:00.0,4,6:00,830
7593127832,U,CTY,1,1,571,138436,168,23:00.0,3,22:00,830
7593127850,U,CTY,1,3,1449,TTMS910552,192,41:00.0,2,22:00,830
759314777X,U,CTY,1,1,573,128079,233,34:00.0,4,0:00,830
759314777X,U,CTY,1,1,573,128079,233,34:00.0,4,0:00,830
759314777X,U,CTY,1,1,573,128079,196,22:00.0,1,19:00,830
7593152436,U,IB,1,1,196,128138,164,05:00.0,2,4:00,830
7593152564,U,CTY,1,1,191,135698,188,22:00.0,2,21:00,830
759315283X,U,IB,1,1,163,126070,152,16:00.0,2,22:00,830
7593152849,U,IB,1,1,142,126070,152,12:00.0,2,22:00,830
7593152867,U,CTY,1,1,249,135698,188,26:00.0,2,21:00,830
7593152894,U,CTY,1,3,903,135995,189,37:00.0,6,0:00,830
7593168276,U,CTY,1,1,195,137640,195,07:00.0,1,16:00,830
7593168294,U,CTY,1,2,150,132230,168,46:00.0,1,0:00,830
7593168303,U,CTY,1,1,100,125269,195,38:00.0,1,21:00,830
7593168312,U,CTY,1,1,100,135912,192,53:00.0,4,21:00,830
7593172263,U,CTY,1,4,906,125192,173,22:00.0,4,21:00,830
7593175105,U,CTY,1,1,375,134055,195,38:00.0,3,19:00,830
7593175150,U,CTY,1,1,505,124100,188,18:00.0,4,13:00,830
7593185656,U,CTY,1,1,357,290901,168,39:00.0,1,7:00,830
7593185674,U,CTY,1,4,446,290901,168,57:00.0,1,6:00,830
7593185692,U,CTY,1,1,315,290901,168,37:00.0,1,8:00,830
7593185701,U,CTY,1,1,651,290901,168,18:00.0,1,7:00,830
7593185739,U,IB,1,1,840,128138,164,00:00.0,2,4:00,830
7593214622,U,CTY,1,1,184,136990,189,41:00.0,2,16:00,830
7593218362,U,CTY,1,1,179,137284,189,20:00.0,2,13:00,830
7593246980,U,CTY,1,1,175,136990,189,54:00.0,2,16:00,830
7593253012,U,CTY,1,2,358,131595,196,31:00.0,3,6:00,830
7593290587,U,IB,1,1,31,131621,143,30:00.0,6,15:00,830
7593345468,U,CTY,1,1,500,132889,187,41:00.0,5,0:00,511
7593364296,U,IB,1,1,470,129596,164,07:00.0,3,6:00,511
7593364305,U,CTY,1,1,432,129596,231,18:00.0,4,20:00,511
7593364305,U,IB,1,1,432,129596,164,40:00.0,3,4:00,511
7593364305,U,CTY,1,1,432,129596,235,56:00.0,5,19:00,511
7593364305,U,CTY,1,1,432,129596,230,16:00.0,5,3:00,511
7593364314,U,OB,1,1,432,125722,51,11:00.0,1,10:00,511
7593364323,U,CTY,1,1,475,129596,231,03:00.0,4,7:00,511
7593364323,U,IB,1,1,475,129596,164,38:00.0,3,3:00,511
7593364341,U,IB,1,1,475,125722,164,00:00.0,3,6:00,511
759336436X,U,CTY,1,1,470,129596,233,47:00.0,3,21:00,511
759336436X,U,IB,1,1,470,129596,164,52:00.0,3,6:00,511
759336436X,U,CTY,1,1,470,129596,231,13:00.0,4,20:00,511
7593367971,U,OB,1,1,167,134548,84,12:00.0,2,4:00,511
7593370135,U,CTY,1,1,345,139728,168,06:00.0,1,9:00,511
7593370218,U,CTY,1,1,130,139728,168,51:00.0,1,8:00,511
7593371574,U,CTY,1,4,152,249342,172,31:00.0,4,1:00,511
759338647X,U,IB,1,5,2896,136702,103,48:00.0,5,7:00,511
7593397085,U,CTY,1,2,1756,431077,173,51:00.0,7,22:00,511
7593404648,U,OB,1,2,360,211720,73,43:00.0,6,16:00,511
7593411147,U,CTY,1,1,394,HAEI25934,192,55:00.0,1,2:00,511
7593411201,U,CTY,1,2,1027,127112,189,00:00.0,7,19:00,511
7593412622,U,OB,1,1,203,125722,51,53:00.0,1,13:00,511
7593420991,U,IB,1,1,97,140420,125,38:00.0,5,5:00,511
7593422742,U,IB,1,1,117,290769,121,05:00.0,6,22:00,511
7593422742,U,IB,1,1,117,290769,129,03:00.0,6,14:00,511
7593431369,U,CTY,1,3,1845,261353,197,08:00.0,5,7:00,511
7593431378,U,CTY,1,1,325,290735,195,05:00.0,4,13:00,511
7593431405,U,CTY,1,2,990,290735,195,18:00.0,4,13:00,511
7593432294,U,CTY,1,1,495,290735,195,12:00.0,4,13:00,511
7593468668,U,IB,1,2,120,127404,127,11:00.0,1,14:00,525
7593473966,U,OB,1,1,81,131836,89,55:00.0,4,21:00,525
7593473975,U,OB,1,1,20,131836,89,51:00.0,4,21:00,525
7593474002,U,OB,1,5,132,131836,89,43:00.0,4,21:00,525
7593474130,U,OB,1,1,385,131836,89,41:00.0,4,19:00,525
7593474168,U,OB,1,1,142,131836,89,07:00.0,4,20:00,525
7593474305,U,OB,1,1,490,131836,89,52:00.0,4,19:00,525
7593474498,U,IB,1,1,355,261138,145,56:00.0,5,2:00,525
7593475093,U,IB,1,1,615,135492,141,21:00.0,7,9:00,525
7593475149,U,IB,1,1,116,135492,141,28:00.0,7,9:00,525
7593475185,U,IB,1,3,78,135492,141,23:00.0,7,12:00,525
7593478384,U,IB,1,6,4903,128869,151,27:00.0,7,22:00,511
7593478458,U,CTY,1,22,257,131131,187,25:00.0,7,10:00,511
7593478669,U,CTY,1,140,1274,133203,197,54:00.0,1,19:00,511
7593478925,U,CTY,1,1,642,139580,173,27:00.0,6,13:00,511
7593481868,U,CTY,1,60,2070,134079,205,41:00.0,4,7:00,511
7593492821,U,OB,1,1,665,136229,15,29:00.0,4,6:00,525
7593492821,U,OB,1,1,665,136229,15,29:00.0,4,6:00,525
7593492969,U,OB,1,1,120,280407,90,49:00.0,5,7:00,525
759349691X,U,CTY,1,1,38,HAEI25458,188,40:00.0,4,20:00,525
7593497048,U,OB,1,1,20,135958,84,29:00.0,4,19:00,525
759350296X,U,IB,1,1,22,136229,101,27:00.0,4,5:00,525
7593518011,U,CTY,1,1,193,290735,195,55:00.0,4,9:00,511
7593519203,U,IB,1,2,550,290328,116,52:00.0,6,7:00,511
7593556493,U,IB,1,1,185,290328,116,42:00.0,6,7:00,511
7593567576,U,IB,1,1,266,123834,127,31:00.0,4,15:00,511
7593567603,U,OB,1,1,229,126859,78,03:00.0,1,14:00,511
7593568593,U,CTY,1,1,655,137452,194,26:00.0,2,8:00,511
7593570409,U,CTY,1,132,2388,139518,169,50:00.0,4,5:00,511
7593570582,U,CTY,1,5,7106,125795,169,55:00.0,6,21:00,511
7593583690,U,CTY,1,2,716,127112,189,06:00.0,7,19:00,511
7593584278,U,IB,1,2,770,124080,133,03:00.0,7,16:00,511
7593584516,U,OB,1,2,720,134548,84,17:00.0,2,3:00,511
7593584534,U,IB,1,2,929,128759,125,52:00.0,1,9:00,511
7593603894,U,CTY,1,1,95,127112,189,54:00.0,7,15:00,511
7593603959,U,IB,1,1,391,126278,164,20:00.0,6,1:00,511
7593603986,U,CTY,1,1,625,139580,173,03:00.0,6,11:00,511
7593604408,U,OB,1,1,435,133810,88,05:00.0,1,13:00,511
7593607607,U,IB,1,1,1580,140420,125,17:00.0,5,5:00,511
7593613143,U,OB,1,3,81,125722,51,00:00.0,1,14:00,511
7593613143,U,OB,1,3,81,125722,44,09:00.0,2,15:00,511
7593613226,U,IB,1,2,130,136702,103,59:00.0,5,6:00,511
7593619312,U,OB,1,1,337,125722,51,47:00.0,1,12:00,511
7593626399,U,IB,1,1,505,136702,103,59:00.0,5,3:00,511
7593628525,U,CTY,1,1,682,139912,174,50:00.0,5,14:00,511
7593634593,U,IB,1,1,243,249079,145,34:00.0,7,22:00,511
7593634602,U,IB,1,2,356,249079,145,21:00.0,7,22:00,511
759364277X,U,CTY,1,1,595,125795,169,51:00.0,6,22:00,511
7593649434,U,CTY,1,2,402,139728,236,06:00.0,4,22:00,511
7593649470,U,OB,1,1,136,133810,88,52:00.0,1,12:00,511
7593658041,U,CTY,1,7,1846,290980,168,48:00.0,4,16:00,511
7593658445,U,CTY,1,3,1160,127112,222,31:00.0,7,17:00,511
7593658445,U,CTY,1,3,1160,127112,189,05:00.0,7,16:00,511
7593665631,U,CTY,1,4,822,127112,189,56:00.0,7,15:00,511
7593668051,U,CTY,1,2,825,139580,173,41:00.0,6,13:00,511
7593681289,U,CTY,1,1,408,139728,238,44:00.0,3,21:00,511
7593681289,U,CTY,1,1,408,139728,168,59:00.0,1,6:00,511
7593681810,U,IB,1,1,1052,140420,125,46:00.0,5,5:00,511
7593691748,U,CTY,1,3,5900,131131,187,10:00.0,7,10:00,511
7593706304,U,CTY,1,1,516,132889,187,32:00.0,5,0:00,511
7593706331,U,CTY,1,1,85,132889,187,59:00.0,5,0:00,511
7593726645,U,OB,1,3,5890,134548,84,28:00.0,2,4:00,511
7593731815,U,CTY,1,1,810,279944,187,23:00.0,7,3:00,511
7593740377,U,OB,1,1,167,133810,88,01:00.0,1,13:00,511
7593744346,U,OB,1,4,60,126859,78,41:00.0,1,12:00,511
759374573X,U,CTY,1,1,377,431077,173,45:00.0,7,17:00,511
7593747920,U,CTY,1,2,1290,279944,187,39:00.0,7,2:00,511
7593755694,U,CTY,1,1,355,261353,197,51:00.0,5,6:00,511
7593755712,U,CTY,1,1,435,261353,197,23:00.0,5,6:00,511
7593816369,U,CTY,1,1,175,134402,176,20:00.0,4,10:00,158
7593816836,U,IB,1,1,275,137761,114,51:00.0,6,10:00,158
7593866538,U,IB,1,2,933,135237,164,01:00.0,2,2:00,318
7593866610,U,OB,1,12,279,128854,86,06:00.0,3,15:00,318
7593866675,U,IB,1,5,2225,126057,149,50:00.0,5,15:00,318
7593866720,U,IB,1,100,1955,126057,149,53:00.0,5,13:00,318
7593866767,U,IB,1,10,261,126057,149,56:00.0,5,13:00,318
7593866877,U,CTY,1,3,1400,281030,189,24:00.0,6,19:00,318
7593867050,U,CTY,1,3,1127,125296,196,17:00.0,4,21:00,318
759386706X,U,CTY,1,1,394,125296,196,33:00.0,4,21:00,318
7593867079,U,CTY,1,2,1044,125296,196,35:00.0,4,21:00,318
7593867097,U,CTY,1,1,661,125036,174,24:00.0,6,0:00,318
7593867133,U,CTY,1,1,355,125036,174,03:00.0,5,22:00,318
7593867198,U,CTY,1,2,984,125036,174,44:00.0,5,21:00,318
7593867362,U,CTY,1,3,1447,124058,174,03:00.0,6,22:00,318
7593867528,U,IB,1,2,664,128503,127,57:00.0,4,16:00,318
7593867555,U,IB,1,1,559,128503,127,57:00.0,4,15:00,318
7593867665,U,CTY,1,6,3456,119363,168,37:00.0,7,10:00,318
7593867692,U,IB,1,2,1110,135956,163,35:00.0,5,13:00,318
7593867784,U,CTY,1,2,1071,124081,169,52:00.0,7,7:00,318
7593867876,U,CTY,1,2,974,140291,173,22:00.0,7,15:00,318
7593867930,U,CTY,1,4,1810,140291,173,51:00.0,7,14:00,318
759386794X,U,CTY,1,2,638,140291,173,52:00.0,7,15:00,318
7593868370,U,CTY,1,2,914,132756,189,41:00.0,7,20:00,318
7593892305,U,IB,1,1,378,279969,141,22:00.0,1,3:00,266
759390270X,U,IB,1,1,595,136486,113,55:00.0,2,22:00,266
7593907173,U,OB,1,1,1351,128893,89,50:00.0,3,20:00,266
7593907182,U,IB,1,1,975,140034,151,02:00.0,5,20:00,266
7593914177,U,OB,1,6,5720,124159,90,41:00.0,1,20:00,266
7593914204,U,IB,1,2,1958,131553,117,47:00.0,2,17:00,266
7593917412,U,CTY,1,1,174,138990,194,57:00.0,5,18:00,266
7593917495,U,CTY,1,1,239,138990,194,51:00.0,5,18:00,266
7593917926,U,IB,1,1,523,132653,131,26:00.0,6,5:00,266
7593917935,U,IB,1,1,678,132653,131,50:00.0,6,4:00,266
7593918779,U,IB,1,3,5575,136486,113,19:00.0,2,22:00,266
7593918806,U,IB,1,1,380,129883,127,30:00.0,6,1:00,266
7593919008,U,OB,1,2,1490,125153,86,08:00.0,4,15:00,266
7593919044,U,OB,1,1,650,125153,86,03:00.0,4,15:00,266
7593919053,U,OB,1,1,230,125153,86,02:00.0,4,13:00,266
7593919127,U,IB,1,5,4770,127099,104,25:00.0,6,18:00,266
7593927303,U,CTY,1,1,170,138990,194,08:00.0,5,19:00,266
7593932482,U,CTY,1,2,72,137413,205,27:00.0,2,12:00,266
7593932812,U,IB,1,3,551,125220,164,45:00.0,6,2:00,266
7593933216,U,OB,1,1,177,123032,74,47:00.0,1,3:00,266
7593933225,U,OB,1,1,708,123032,74,07:00.0,1,4:00,266
7593933234,U,OB,1,1,250,123032,74,29:00.0,1,3:00,266
7593933252,U,OB,1,1,391,123032,74,00:00.0,1,6:00,266
7593935508,U,IB,1,1,109,137678,104,03:00.0,6,1:00,266
759393746X,U,CTY,1,1,176,138990,194,48:00.0,5,18:00,266
7593944849,U,OB,1,2,3340,123032,74,31:00.0,1,5:00,266
7593957874,U,IB,1,2,1943,130591,101,09:00.0,5,22:00,266
7593957901,U,IB,1,2,2067,133513,111,20:00.0,3,21:00,266
7593959598,U,IB,1,1,712,136650,112,09:00.0,6,7:00,266
7593959744,U,CTY,1,1,758,135080,174,32:00.0,7,7:00,266
7593963740,U,IB,1,1,262,131479,125,41:00.0,1,21:00,266
7593969433,U,CTY,1,2,1486,290014,174,33:00.0,6,13:00,266
7593983275,U,CTY,1,7,500,125153,231,12:00.0,4,21:00,266
7593983275,U,OB,1,7,500,125153,86,18:00.0,4,14:00,266
7593996740,U,IB,1,1,161,127610,164,51:00.0,7,20:00,375
7594079379,U,CTY,1,8,13209,135385,222,04:00.0,6,10:00,375
7594079388,U,IB,1,9,11490,135385,125,56:00.0,6,2:00,375
7594085712,U,CTY,1,3,3435,PASC634516,168,40:00.0,2,8:00,375
7594099893,U,CTY,1,1,493,249234,172,45:00.0,5,13:00,375
7594100279,U,IB,1,2,2048,128839,152,17:00.0,4,14:00,375
7594101745,U,CTY,1,2,1881,136417,236,11:00.0,5,21:00,375
7594101745,U,CTY,1,2,1881,136417,175,15:00.0,5,14:00,375
7594107786,U,CTY,1,3,4454,126260,187,02:00.0,1,14:00,375
7594110233,U,CTY,1,11,9893,124352,213,34:00.0,6,21:00,375
7594110738,U,IB,1,9,15000,131494,152,15:00.0,5,16:00,375
7594111580,U,CTY,1,1,206,135089,187,38:00.0,6,7:00,375
7594113598,U,IB,1,2,2080,135194,145,33:00.0,7,6:00,375
7594114330,U,IB,1,2,1552,131559,143,18:00.0,5,6:00,375
7594114532,U,CTY,1,1,500,261007,176,40:00.0,4,13:00,375
7594122232,U,IB,1,5,8380,128839,152,21:00.0,4,13:00,375
7594124322,U,IB,1,9,11769,133043,149,07:00.0,6,22:00,375
7594124331,U,IB,1,3,4546,133043,149,15:00.0,6,20:00,375
7594124331,U,CTY,1,3,4546,133043,218,05:00.0,1,22:00,375
759413238X,U,IB,1,1,563,128320,151,31:00.0,2,21:00,375
7594142894,U,OB,1,1,475,125429,90,40:00.0,4,7:00,679
7594158267,U,IB,1,1,138,132136,113,05:00.0,2,3:00,679
7594158606,U,OB,1,1,226,559259,84,00:00.0,7,18:00,679
759415867X,U,OB,1,1,370,132147,43,20:00.0,2,16:00,679
7594164638,U,IB,1,1,247,122644,104,27:00.0,1,6:00,679
7594164876,U,IB,1,11,3743,131874,135,11:00.0,2,15:00,679
7594182119,U,OB,1,1,242,211526,63,58:00.0,3,23:00,679
7594195905,U,OB,1,1,215,138295,40,55:00.0,7,9:00,679
7594196033,U,CTY,1,12,5625,R62112290,188,27:00.0,5,4:00,679
7594208371,U,CTY,1,1,3,261009,169,34:00.0,1,15:00,679
7594208380,U,OB,1,2,560,558947,31,47:00.0,2,18:00,679
7594208519,U,CTY,1,2,1115,127259,194,43:00.0,7,0:00,679
7594208600,U,OB,1,1,310,140365,74,18:00.0,2,0:00,679
7594208674,U,IB,1,1,200,131347,116,32:00.0,4,5:00,679
759420872X,U,IB,1,1,210,140113,141,22:00.0,6,22:00,679
7594208766,U,OB,1,2,970,559414,54,36:00.0,1,20:00,679
7594208766,U,OB,1,2,970,559414,96,56:00.0,1,19:00,679
7594208849,U,IB,1,7,4138,140230,149,40:00.0,3,1:00,679
7594208867,U,IB,1,1,290,136584,163,07:00.0,4,11:00,679
7594223378,U,IB,1,2,2870,132136,113,15:00.0,2,1:00,679
759422346X,U,IB,1,1,1710,140113,141,44:00.0,6,21:00,679
7594223616,U,OB,1,1,132,137367,38,15:00.0,2,19:00,679
7594223634,U,OB,1,1,418,137367,38,15:00.0,2,19:00,679
7594224276,U,IB,1,1,1575,125751,104,40:00.0,3,1:00,679
7594224285,U,IB,1,1,1354,125751,104,42:00.0,3,1:00,679
7594224330,U,IB,1,4,6703,125751,104,38:00.0,3,1:00,679
7594232618,U,CTY,1,2,720,530810,187,36:00.0,6,4:00,679
759423380X,U,IB,1,1,1140,128743,127,03:00.0,5,8:00,679
7594235395,U,OB,1,1,245,558986,52,59:00.0,3,2:00,679
7594235651,U,IB,1,1,820,261214,125,06:00.0,6,1:00,679
7594236055,U,OB,1,3,1135,124329,52,13:00.0,7,16:00,679
759423710X,U,IB,1,2,515,125751,104,26:00.0,3,2:00,679
7594353068,U,CTY,1,1,310,127296,175,07:00.0,4,13:00,315
759438384X,U,IB,1,1,280,290415,149,45:00.0,3,20:00,315
759438846X,U,IB,1,2,2372,133387,149,39:00.0,5,20:00,315
7594390293,U,CTY,1,2,3401,PASC634534,187,11:00.0,1,18:00,315
7594390349,U,CTY,1,1,1695,127920,195,59:00.0,3,2:00,315
7594390495,U,IB,1,1,1485,124196,150,23:00.0,6,18:00,315
7594482170,U,IB,1,1,352,125434,129,15:00.0,7,0:00,218
7594483977,U,OB,1,2,1329,133456,84,45:00.0,1,10:00,218
7594483986,U,IB,1,2,1517,134545,112,27:00.0,1,4:00,218
759448405X,U,OB,1,9,10484,126600,96,17:00.0,4,21:00,218
7594484289,U,IB,1,1,604,123581,111,19:00.0,5,14:00,218
7594484361,U,IB,1,1,541,131285,105,35:00.0,7,1:00,218
7594484471,U,IB,1,3,3006,131285,105,40:00.0,7,1:00,218
7594484572,U,IB,1,3,4657,123239,101,01:00.0,6,16:00,218
7594484619,U,IB,1,8,8866,123239,101,45:00.0,6,15:00,218
7594484747,U,IB,1,1,1035,134545,112,57:00.0,1,3:00,218
7594484756,U,OB,1,6,6075,133456,84,37:00.0,1,10:00,218
7594484920,U,IB,1,1,499,134545,112,52:00.0,1,4:00,218
7594484958,U,IB,1,2,468,125675,107,08:00.0,4,11:00,218
7594484967,U,IB,1,1,418,430881,112,53:00.0,4,8:00,218
7594484976,U,IB,1,2,1330,125675,107,09:00.0,4,11:00,218
7594485021,U,OB,1,1,1302,131399,96,10:00.0,3,18:00,218
7594485250,U,OB,1,2,2470,122243,89,46:00.0,6,0:00,218
7594485288,U,OB,1,5,5900,122243,89,54:00.0,6,2:00,218
7594485297,U,OB,1,1,463,122243,89,58:00.0,5,22:00,218
7594485306,U,CTY,1,3,1762,559146,222,14:00.0,5,1:00,218
7594485306,U,IB,1,3,1762,559146,149,16:00.0,5,0:00,218
7594485324,U,OB,1,7,6970,119372,84,19:00.0,4,19:00,218
7594485526,U,OB,1,2,497,252293,84,37:00.0,6,15:00,218
7594485535,U,OB,1,1,664,252293,84,52:00.0,6,17:00,218
7594485544,U,OB,1,1,664,252293,84,24:00.0,6,16:00,218
7594485800,U,OB,1,1,352,127603,96,29:00.0,6,4:00,218
7594485829,U,OB,1,4,4514,127603,96,14:00.0,6,6:00,218
7594485838,U,OB,1,1,454,127603,96,32:00.0,6,4:00,218
7594486011,U,IB,1,2,1500,135159,116,58:00.0,1,2:00,218
7594486076,U,OB,1,6,6554,559443,96,29:00.0,7,15:00,218
7594486094,U,OB,1,1,690,559443,96,04:00.0,7,15:00,218
7594486094,U,CTY,1,1,690,559443,182,15:00.0,7,15:00,218
7594486278,U,IB,1,4,5393,R218192043,114,27:00.0,1,11:00,218
7594486305,U,IB,1,5,5094,R218192043,114,27:00.0,1,11:00,218
7594486350,U,OB,1,3,1735,559443,96,35:00.0,7,18:00,218
7594486388,U,OB,1,2,2154,559443,96,25:00.0,7,15:00,218
7594486534,U,IB,1,3,1785,R218616870,103,34:00.0,3,22:00,218
7594486745,U,IB,1,6,6756,132013,116,44:00.0,4,5:00,218
7594486900,U,IB,1,1,316,118791,114,15:00.0,5,4:00,218
7594487111,U,IB,1,10,12535,559510,112,16:00.0,4,19:00,218
7594487120,U,IB,1,2,2163,R218191522,103,37:00.0,5,22:00,218
759448713X,U,IB,1,2,2163,R218191522,103,41:00.0,5,22:00,218
7594487185,U,IB,1,3,2658,559510,112,55:00.0,4,18:00,218
7594487387,U,IB,1,1,419,R218191522,103,27:00.0,5,21:00,218
7594487515,U,IB,1,1,300,137072,101,42:00.0,5,21:00,218
759448757X,U,IB,1,2,1017,530455,117,25:00.0,6,10:00,218
7594487607,U,OB,1,1,511,430917,94,50:00.0,3,3:00,218
7594487607,U,OB,1,1,511,430917,89,46:00.0,2,12:00,218
7594487699,U,IB,1,9,9220,R218181347,131,18:00.0,5,20:00,218
7594487708,U,IB,1,1,1346,R218181347,131,56:00.0,5,18:00,218
7594487780,U,OB,1,8,9320,430917,89,55:00.0,2,9:00,218
759448779X,U,OB,1,3,2430,430917,89,55:00.0,2,9:00,218
7594488047,U,CTY,1,1,451,904116,189,54:00.0,7,9:00,218
7594488065,U,OB,1,1,313,135935,89,00:00.0,6,14:00,218
7594488148,U,OB,1,1,606,119040,90,39:00.0,6,16:00,218
7594488211,U,OB,1,1,1250,119040,90,25:00.0,6,15:00,218
7594488312,U,OB,1,2,1585,119040,90,55:00.0,6,16:00,218
7594488330,U,IB,1,1,1346,R218191534,114,31:00.0,2,18:00,218
7594488330,U,OB,1,1,1346,R218191534,82,27:00.0,3,1:00,218
7594488395,U,IB,1,1,1159,390044,111,19:00.0,3,12:00,218
759448845X,U,IB,1,3,2061,390044,111,40:00.0,3,11:00,218
7594488799,U,IB,1,5,408,130550,164,28:00.0,1,5:00,218
7594488853,U,IB,1,1,1121,130550,164,28:00.0,1,4:00,218
7594488853,U,CTY,1,1,1121,130550,181,44:00.0,1,8:00,218
7594489183,U,IB,1,2,1414,559835,145,55:00.0,2,12:00,218
7594489201,U,OB,1,1,1217,559835,93,33:00.0,2,11:00,218
7594489201,U,IB,1,1,1217,559835,145,00:00.0,2,11:00,218
7594489367,U,OB,1,1,360,290149,88,15:00.0,3,21:00,218
7594489376,U,IB,1,4,3380,134163,143,29:00.0,4,19:00,218
7594489504,U,OB,1,1,312,290149,88,34:00.0,3,20:00,218
759448977X,U,OB,1,1,625,290149,88,44:00.0,3,21:00,218
7594489807,U,IB,1,1,498,136417,101,59:00.0,4,0:00,218
759448988X,U,OB,1,4,3180,290149,88,37:00.0,3,21:00,218
7594490054,U,IB,1,2,1417,127746,127,58:00.0,5,6:00,218
7594490714,U,IB,1,1,1081,R211600269,123,14:00.0,5,22:00,218
7594490806,U,CTY,1,1,312,130752,172,11:00.0,6,8:00,218
7594491071,U,IB,1,3,1633,R211600269,123,37:00.0,5,23:00,218
759449109X,U,IB,1,1,304,R211600269,123,05:00.0,6,1:00,218
7594491109,U,IB,1,4,4183,R211600269,123,56:00.0,6,0:00,218
7594491127,U,IB,1,2,2127,R211600269,123,44:00.0,6,0:00,218
7594491145,U,IB,1,6,4334,R211600269,123,05:00.0,6,1:00,218
7594491356,U,CTY,1,2,1460,130752,172,37:00.0,6,8:00,218
7594491365,U,IB,1,2,1559,131477,101,21:00.0,5,19:00,218
7594491401,U,OB,1,1,602,135081,96,43:00.0,7,22:00,218
7594491448,U,OB,1,1,976,135081,96,53:00.0,7,22:00,218
7594491511,U,CTY,1,1,1256,T415634691,192,25:00.0,7,10:00,218
7594491549,U,IB,1,7,7570,132453,105,55:00.0,7,0:00,218
7594491567,U,CTY,1,1,740,T415634691,192,13:00.0,7,10:00,218
7594491603,U,CTY,1,2,1274,T415634691,192,11:00.0,7,10:00,218
7594491722,U,IB,1,1,308,132453,105,38:00.0,7,2:00,218
7594491740,U,IB,1,2,1690,132453,105,25:00.0,7,2:00,218
7594491778,U,IB,1,1,331,132453,105,04:00.0,7,3:00,218
7594560647,U,OB,1,3,2370,133578,76,22:00.0,4,9:00,521
7594560656,U,OB,1,1,150,138217,53,50:00.0,6,4:00,754
7594560674,U,IB,1,5,7770,129897,111,22:00.0,3,6:00,245
759456072X,U,IB,1,5,7805,136695,150,20:00.0,3,20:00,245
7594561810,U,OB,1,1,726,842082,7,01:00.0,6,18:00,422
7594603794,U,IB,1,1,359,134743,151,11:00.0,7,1:00,370
7594603812,U,CTY,1,2,965,PASC634516,168,53:00.0,2,6:00,370
759460395X,U,CTY,1,2,1607,119660,204,15:00.0,6,16:00,370
7594676367,U,IB,1,1,304,137723,143,03:00.0,7,21:00,237
7594677090,U,IB,1,2,670,132359,127,26:00.0,3,4:00,237
7594681014,U,OB,1,3,920,290021,87,16:00.0,1,14:00,237
7594681032,U,CTY,1,1,150,128211,196,43:00.0,5,4:00,237
759468106X,U,CTY,1,1,100,128211,196,01:00.0,5,5:00,237
7594687376,U,OB,1,1,90,290100,76,50:00.0,5,22:00,237
7594687486,U,OB,1,1,85,290100,76,24:00.0,5,22:00,237
7594688485,U,IB,1,1,185,261280,127,55:00.0,5,18:00,237
7594688521,U,CTY,1,1,244,290757,197,01:00.0,7,7:00,237
759468887X,U,CTY,1,1,190,138704,192,16:00.0,2,21:00,237
7594700255,U,CTY,1,1,257,279981,169,19:00.0,2,22:00,237
7594700365,U,CTY,1,1,211,128211,196,49:00.0,5,4:00,237
7594701831,U,IB,1,1,250,291071,114,53:00.0,4,20:00,237
7594708844,U,CTY,1,3,1264,136399,194,27:00.0,6,9:00,237
7594712108,U,CTY,1,1,275,138704,192,52:00.0,2,21:00,237
7594712209,U,CTY,1,1,52,138704,192,23:00.0,2,21:00,237
7594717397,U,CTY,1,2,1215,126885,174,01:00.0,1,2:00,237
7594718369,U,CTY,1,1,110,290757,197,33:00.0,7,4:00,237
7594781316,U,CTY,1,1,68,132416,197,22:00.0,4,1:00,324
7594781370,U,CTY,1,10,1148,132416,197,39:00.0,4,1:00,324
7594781471,U,IB,1,1,470,134835,143,34:00.0,4,12:00,324
7594781893,U,CTY,1,3,1005,132075,175,01:00.0,2,1:00,324
7594793288,U,CTY,1,7,5956,118908,187,19:00.0,1,12:00,324
759479414X,U,CTY,1,1,525,136412,195,02:00.0,1,6:00,324
7594795836,U,IB,1,2,3457,134835,143,08:00.0,4,15:00,324
7594795845,U,CTY,1,1,1380,131332,172,37:00.0,4,22:00,324
759479590X,U,IB,1,1,1070,134824,149,52:00.0,3,13:00,324
7594800676,U,IB,1,3,6150,290019,163,24:00.0,6,10:00,324
7594800712,U,CTY,1,1,562,132845,187,07:00.0,7,10:00,324
7594804535,U,CTY,1,1,154,133757,225,03:00.0,5,13:00,324
7594804939,U,CTY,1,1,168,133757,225,48:00.0,5,11:00,324
7594805103,U,CTY,1,2,834,125775,194,31:00.0,2,1:00,324
7594805718,U,CTY,1,3,900,136412,195,37:00.0,1,4:00,324
7594805736,U,CTY,1,1,156,125579,188,57:00.0,7,20:00,324
7594805772,U,CTY,1,7,1970,125579,188,42:00.0,7,20:00,324
7594805956,U,IB,1,4,1568,131662,116,10:00.0,5,4:00,324
7594806039,U,IB,1,1,157,135378,158,42:00.0,5,3:00,324
7594807029,U,IB,1,3,1080,124078,116,35:00.0,4,11:00,324
7594807139,U,IB,1,1,202,124078,116,35:00.0,4,11:00,324
7594807175,U,IB,1,5,695,124078,116,35:00.0,4,11:00,324
7594812711,U,CTY,1,1,339,140163,233,50:00.0,5,23:00,324
7594812758,U,IB,1,1,525,124078,116,40:00.0,4,11:00,324
7594821410,U,CTY,1,1,555,132416,177,58:00.0,4,5:00,324
7594821410,U,CTY,1,1,555,132416,197,28:00.0,3,22:00,324
759497729X,U,CTY,1,1,58,131332,172,10:00.0,4,20:00,324
7594980773,U,CTY,1,1,236,140163,175,19:00.0,5,22:00,324
7594983330,U,IB,1,1,540,139006,145,56:00.0,7,8:00,324
7594983359,U,CTY,1,2,626,133221,192,39:00.0,7,16:00,324
7594990655,U,CTY,1,1,250,132416,197,20:00.0,4,0:00,324
7594991571,U,CTY,1,1,265,127450,189,59:00.0,5,11:00,324
7594991681,U,IB,1,1,352,904236,151,23:00.0,6,12:00,324
7594994092,U,CTY,1,1,140,137855,189,40:00.0,1,20:00,324
7594994698,U,CTY,1,8,1330,291200,188,49:00.0,6,0:00,324
7594994752,U,CTY,1,1,181,291200,188,52:00.0,5,20:00,324
7594998355,U,CTY,1,1,289,T402218947,189,23:00.0,4,10:00,324
7594998831,U,CTY,1,1,297,261315,174,04:00.0,3,8:00,324
759499907X,U,CTY,1,1,210,135731,197,35:00.0,5,12:00,324
7595012509,U,CTY,1,1,320,T402218947,189,14:00.0,4,10:00,324
7595022151,U,IB,1,2,1256,904236,151,25:00.0,6,12:00,324
7595036379,U,CTY,1,7,1996,126618,196,54:00.0,2,18:00,112
7595036451,U,CTY,1,1,732,123950,173,29:00.0,6,3:00,112
7595065978,U,CTY,1,4,10200,131324,195,23:00.0,2,15:00,112
7595065978,U,CTY,1,4,10200,131324,235,29:00.0,3,5:00,112
7595070560,U,IB,1,6,5895,CVEN45559,151,58:00.0,6,3:00,112
7595071826,U,CTY,1,15,10940,128595,194,33:00.0,7,17:00,112
7595071954,U,CTY,1,5,5117,125108,173,55:00.0,1,3:00,112
7595125039,U,CTY,1,83,961,135109,196,18:00.0,4,4:00,112
7595153372,U,CTY,1,4,8200,128493,195,06:00.0,6,2:00,112
7595188655,U,OB,1,1,112,130449,58,35:00.0,6,21:00,411
7595246652,U,OB,1,23,540,126714,39,11:00.0,3,14:00,402
7595246890,U,OB,1,3,4917,132433,38,57:00.0,3,22:00,402
7595247184,U,CTY,1,1,384,126511,188,44:00.0,4,16:00,402
7595247579,U,OB,1,4,81,132377,52,19:00.0,6,5:00,402
7595247624,U,OB,1,3,2379,136884,52,31:00.0,5,16:00,402
7595247752,U,OB,1,8,10240,132299,18,55:00.0,7,15:00,402
7595247853,U,OB,1,1,595,132377,52,17:00.0,6,5:00,402
7595248138,U,OB,1,1,420,127525,50,21:00.0,1,6:00,402
7595248192,U,OB,1,173,3810,128105,76,58:00.0,7,21:00,402
7595248477,U,OB,1,1,1175,202347,60,54:00.0,4,13:00,402
7595248614,U,OB,1,1,85,119711,52,50:00.0,6,16:00,402
7595248751,U,OB,1,2,2820,134221,76,07:00.0,7,7:00,402
7595248760,U,OB,1,6,8345,132021,17,23:00.0,6,18:00,402
7595248899,U,OB,1,1,230,131995,66,16:00.0,7,22:00,402
7595248908,U,OB,1,1,125,131995,66,15:00.0,7,22:00,402
7595248917,U,OB,1,1,184,131995,66,15:00.0,7,22:00,402
7595248926,U,OB,1,2,600,131995,66,15:00.0,7,22:00,402
7595248944,U,CTY,1,1,223,126914,176,54:00.0,1,11:00,402
7595248953,U,OB,1,1,290,131995,66,14:00.0,7,19:00,402
7595249018,U,OB,1,1,480,131995,66,15:00.0,7,22:00,402
7595249081,U,OB,1,1,80,131995,66,15:00.0,7,22:00,402
7595249256,U,IB,1,1,985,140342,111,58:00.0,7,8:00,402
7595249265,U,IB,1,1,1485,140342,111,58:00.0,7,8:00,402
7595249274,U,IB,1,1,420,140342,111,01:00.0,7,9:00,402
7595249283,U,IB,1,1,330,140003,135,00:00.0,7,10:00,402
7595303129,U,CTY,1,5,1715,121768,188,40:00.0,2,8:00,830
7595304467,U,IB,1,5,2315,128138,164,20:00.0,2,12:00,830
7595304815,U,CTY,1,6,2520,127771,187,17:00.0,6,0:00,830
7595305300,U,IB,1,1,240,126070,152,30:00.0,2,22:00,830
7595306658,U,CTY,1,4,2195,137640,195,15:00.0,1,18:00,830
7595307235,U,CTY,1,6,3005,137284,189,18:00.0,2,14:00,830
7595307583,U,CTY,1,1,343,530699,197,30:00.0,4,22:00,830
7595307648,U,IB,1,16,2363,TTMS910575,151,00:00.0,4,0:00,830
7595307702,U,IB,1,5,990,TTMS910575,151,44:00.0,3,22:00,830
759530795X,U,CTY,1,3,1455,290791,187,55:00.0,7,19:00,830
7595409719,U,IB,1,1,345,118550,129,41:00.0,7,19:00,647
7595410433,U,OB,1,1,230,138295,40,52:00.0,7,8:00,647
7595410772,U,IB,1,1,150,261214,125,35:00.0,6,0:00,647
7595411102,U,OB,1,1,163,129751,63,30:00.0,7,19:00,647
7595411259,U,IB,1,2,540,136584,163,59:00.0,4,10:00,647
759541146X,U,OB,1,3,1257,558986,52,30:00.0,3,2:00,647
7595411872,U,OB,1,7,363,135826,74,01:00.0,4,12:00,647
7595412936,U,CTY,1,1,66,132136,201,11:00.0,2,3:00,647
7595412936,U,CTY,1,1,66,132136,201,11:00.0,2,3:00,647
7595413165,U,OB,1,6,292,125429,65,10:00.0,4,7:00,647
7595413165,U,OB,1,6,292,125429,90,09:00.0,4,7:00,647
7595413210,U,OB,1,1,292,125429,65,15:00.0,4,7:00,647
7595413210,U,OB,1,1,292,125429,65,15:00.0,4,7:00,647
7595418921,U,OB,1,1,181,135826,74,24:00.0,4,13:00,647
759541894X,U,OB,1,1,165,135826,74,46:00.0,4,12:00,647
7595419536,U,IB,1,1,325,123603,141,39:00.0,7,6:00,647
7595453288,U,CTY,1,1,390,128325,196,11:00.0,2,2:00,153
7595453288,U,CTY,1,1,390,128325,238,12:00.0,3,22:00,153
7595453306,U,CTY,1,1,369,128325,238,12:00.0,3,22:00,153
7595453306,U,CTY,1,1,369,128325,196,12:00.0,2,2:00,153
7595453351,U,CTY,1,1,620,128325,196,53:00.0,2,2:00,153
7595455937,U,IB,1,4,2650,125186,101,37:00.0,4,13:00,153
7595464416,U,CTY,1,1,1228,134953,188,44:00.0,2,14:00,153
7595488194,U,CTY,1,1,222,121767,174,16:00.0,5,11:00,153
7595496233,U,CTY,1,1,1202,128578,208,12:00.0,7,1:00,153
7595496233,U,CTY,1,1,1202,128578,195,19:00.0,6,10:00,153
7595506793,U,CTY,1,4,6160,138837,192,41:00.0,1,20:00,153
7595506820,U,CTY,1,1,860,202127,197,41:00.0,2,0:00,153
7595506876,U,IB,1,1,444,133481,145,56:00.0,6,9:00,153
7595506885,U,IB,1,5,6440,133481,145,10:00.0,6,13:00,153
7595508425,U,CTY,1,1,740,136973,188,22:00.0,7,4:00,153
7595508443,U,CTY,1,2,2700,128325,196,55:00.0,2,1:00,153
7595508829,U,IB,1,3,153,125186,101,37:00.0,4,13:00,153
759552025X,U,CTY,1,3,1109,127912,196,12:00.0,4,7:00,153
7595521809,U,CTY,1,1,390,127912,196,57:00.0,4,4:00,153
7595522047,U,CTY,1,1,185,132111,188,08:00.0,6,1:00,153
7595529536,U,IB,1,3,965,123681,141,37:00.0,4,8:00,153
7595534275,U,CTY,1,1,414,127912,196,22:00.0,4,7:00,153
7595539930,U,CTY,1,1,564,249243,195,35:00.0,4,23:00,153
7595539986,U,IB,1,2,2361,125186,101,37:00.0,4,13:00,153
7595540197,U,CTY,1,1,831,136973,188,47:00.0,7,4:00,153
7595540206,U,CTY,1,3,2612,136973,188,34:00.0,7,5:00,153
7595545349,U,CTY,1,10,6335,129537,196,14:00.0,7,19:00,153
7595601265,U,CTY,1,2,1504,126813,168,28:00.0,2,1:00,819
7595601375,U,IB,1,1,1209,127385,127,54:00.0,6,17:00,819
7595601384,U,IB,1,1,898,127385,127,48:00.0,6,17:00,819
7595601449,U,IB,1,1,621,127385,127,40:00.0,6,15:00,819
7595601458,U,IB,1,1,379,127385,127,00:00.0,6,17:00,819
7595601476,U,IB,1,1,380,127385,127,42:00.0,6,16:00,819
7595603777,U,IB,1,1,205,123302,141,31:00.0,3,16:00,819
7595609286,U,IB,1,1,270,291203,133,59:00.0,1,22:00,819
7595609643,U,IB,1,1,270,123302,141,03:00.0,3,16:00,819
7595609753,U,CTY,1,7,9425,130644,169,26:00.0,6,15:00,819
7595613181,U,IB,1,2,950,135237,164,48:00.0,2,3:00,819
7595614979,U,CTY,1,1,762,126260,187,49:00.0,1,12:00,819
7595615125,U,IB,1,3,1509,252427,131,59:00.0,5,2:00,819
7595615143,U,IB,1,2,914,PASC33311,145,56:00.0,4,7:00,819
7595617352,U,CTY,1,1,213,130644,169,59:00.0,6,12:00,819
7595617361,U,CTY,1,1,128,130644,169,35:00.0,6,13:00,819
7595619781,U,IB,1,1,100,126240,163,49:00.0,5,7:00,819
7595619790,U,IB,1,1,194,125844,141,30:00.0,7,10:00,819
7595619846,U,IB,1,1,402,126240,163,27:00.0,5,6:00,819
759561991X,U,CTY,1,1,240,132190,173,28:00.0,3,18:00,819
7595619929,U,IB,1,1,406,131487,163,26:00.0,7,2:00,819
7595619956,U,IB,1,1,188,131487,163,26:00.0,7,2:00,819
759562002X,U,IB,1,1,150,568031,164,11:00.0,2,20:00,819
7595620048,U,IB,1,1,108,291203,133,17:00.0,1,22:00,819
7595620066,U,IB,1,1,142,291203,133,43:00.0,1,22:00,819
7595620102,U,IB,1,1,302,291203,133,34:00.0,1,21:00,819
7595620120,U,CTY,1,1,480,558295,192,02:00.0,4,16:00,819
7595620176,U,CTY,1,1,216,558295,192,04:00.0,4,16:00,819
7595620230,U,IB,1,3,600,125844,141,06:00.0,7,11:00,819
7595624603,U,IB,1,2,1465,123898,152,16:00.0,4,22:00,819
7595625373,U,IB,1,1,306,131487,163,26:00.0,7,4:00,819
7595632294,U,IB,1,1,100,128291,101,46:00.0,4,16:00,819
7595632321,U,IB,1,1,522,128291,101,35:00.0,4,15:00,819
759563234X,U,IB,1,1,88,128291,101,23:00.0,4,15:00,819
7595632377,U,IB,1,1,378,132216,164,05:00.0,3,13:00,819
7595632413,U,IB,1,1,250,128291,101,26:00.0,4,15:00,819
7595635154,U,IB,1,1,169,123898,152,04:00.0,4,21:00,819
7595635181,U,IB,1,1,453,261064,151,05:00.0,7,11:00,819
7595635190,U,IB,1,1,709,261064,151,54:00.0,7,7:00,819
7595637390,U,CTY,1,7,4653,126813,168,44:00.0,2,0:00,819
7595637455,U,CTY,1,4,2531,558295,192,18:00.0,4,16:00,819
7595638968,U,CTY,1,1,405,130644,169,15:00.0,6,13:00,819
7595638968,U,CTY,1,1,405,130644,J   ,18:00.0,6,15:00,819
7595648033,U,IB,1,1,255,291203,133,49:00.0,2,1:00,819
7595648042,U,CTY,1,1,295,131641,174,39:00.0,3,19:00,819
7595648051,U,IB,1,1,535,128291,101,17:00.0,4,17:00,819
759565390X,U,IB,1,2,1275,127385,127,19:00.0,6,19:00,819
7595654065,U,IB,1,1,880,126699,133,37:00.0,6,1:00,819
7595654157,U,IB,1,111,2145,291203,133,30:00.0,2,2:00,819
7595654175,U,IB,1,10,480,291203,133,54:00.0,2,1:00,819
759565434X,U,IB,1,3,2890,568031,164,10:00.0,2,18:00,819
7595654550,U,IB,1,2,587,131487,163,56:00.0,7,3:00,819
7595654660,U,IB,1,1,420,123898,152,48:00.0,4,18:00,819
759565676X,U,IB,1,1,54,125844,141,56:00.0,7,10:00,819
7595661260,U,CTY,1,1,385,136233,169,00:00.0,3,21:00,819
7595661260,U,IB,1,1,385,136233,165,43:00.0,4,3:00,819
7595661307,U,IB,1,1,1048,261064,151,21:00.0,7,9:00,819
7595678146,U,IB,1,1,1295,129503,129,16:00.0,1,4:00,819
7595678229,U,IB,1,1,530,134694,143,23:00.0,5,15:00,819
7595678247,U,IB,1,1,320,125347,133,53:00.0,3,2:00,819
7595682409,U,IB,1,1,390,135237,164,08:00.0,2,3:00,819
7595683206,U,CTY,1,2,1957,125901,168,20:00.0,4,12:00,819
7595683289,U,CTY,1,3,7309,135508,175,21:00.0,1,5:00,819
7595690329,U,CTY,1,1,220,126813,168,28:00.0,1,23:00,819
7595695874,U,IB,1,1,180,132216,156,27:00.0,3,13:00,819
7595695874,U,IB,1,1,180,132216,164,08:00.0,3,12:00,819
7595698267,U,IB,1,1,335,134963,151,54:00.0,3,12:00,819
7595704564,U,IB,1,1,244,132216,164,17:00.0,3,11:00,819
759570461X,U,CTY,1,1,719,249091,169,54:00.0,3,10:00,819
7595704629,U,CTY,1,1,244,249091,169,40:00.0,3,10:00,819
7595704757,U,CTY,1,1,510,249091,169,22:00.0,3,10:00,819
7595705509,U,IB,1,1,272,530367,125,11:00.0,5,8:00,819
7595705536,U,IB,1,1,284,530367,125,16:00.0,5,8:00,819
759570560X,U,IB,1,1,345,530367,125,21:00.0,5,8:00,819
7595705628,U,IB,1,1,427,530367,125,22:00.0,5,8:00,819
7595705637,U,IB,1,1,303,530367,125,14:00.0,5,8:00,819
7595705738,U,IB,1,1,205,129503,129,25:00.0,1,7:00,819
7595705747,U,IB,1,1,395,129503,129,19:00.0,1,6:00,819
7595705774,U,IB,1,1,315,129503,129,37:00.0,1,7:00,819
7595705792,U,IB,1,1,270,129503,129,27:00.0,1,6:00,819
7595706012,U,IB,1,1,285,129503,129,34:00.0,1,6:00,819
7595711137,U,CTY,1,1,630,132190,173,35:00.0,3,16:00,819
7595711247,U,IB,1,1,669,125844,141,51:00.0,7,10:00,819
759571451X,U,IB,1,1,156,129739,135,27:00.0,6,3:00,819
7595714758,U,CTY,1,1,141,131641,174,12:00.0,3,20:00,819
7595714758,U,CTY,1,1,141,131641,174,04:00.0,3,20:00,819
7595715418,U,IB,1,1,164,123302,141,37:00.0,3,16:00,819
7595717517,U,IB,1,3,1566,134963,151,24:00.0,3,13:00,819
7595717526,U,IB,1,1,330,125347,133,57:00.0,3,2:00,819
7595718736,U,CTY,1,2,1560,125161,195,23:00.0,5,19:00,819
7595718736,U,CTY,1,2,1560,125161,220,09:00.0,6,7:00,819
7595724025,U,CTY,1,1,323,126813,168,58:00.0,2,1:00,819
7595726528,U,CTY,1,1,282,130644,169,03:00.0,6,13:00,819
7595726528,U,CTY,1,1,282,130644,237,48:00.0,6,17:00,819
7595726591,U,CTY,1,3,467,249091,169,52:00.0,3,14:00,819
759572661X,U,IB,1,1,905,123302,141,39:00.0,3,16:00,819
7595727343,U,IB,1,1,220,530367,125,58:00.0,5,8:00,819
7595727399,U,IB,1,1,865,126699,133,15:00.0,6,1:00,819
7595730120,U,CTY,1,2,344,135047,175,20:00.0,6,19:00,819
7595731624,U,IB,1,1,375,530367,125,06:00.0,5,7:00,819
7595731642,U,IB,1,1,300,530367,125,11:00.0,5,7:00,819
7595731707,U,IB,1,1,1522,128291,101,00:00.0,4,15:00,819
7595733229,U,IB,1,2,1279,139787,141,06:00.0,6,19:00,819
7595734549,U,IB,1,1,437,123302,141,32:00.0,3,16:00,819
7595734594,U,IB,1,1,188,134963,151,00:00.0,3,14:00,819
7595734769,U,IB,1,2,66,126240,163,57:00.0,5,6:00,819
7595738260,U,CTY,1,1,338,126813,168,04:00.0,2,0:00,819
7595741616,U,CTY,1,1,138,131641,174,16:00.0,3,19:00,819
7595745246,U,IB,1,1,2726,291203,133,56:00.0,2,0:00,819
7595745998,U,IB,1,2,2030,135624,141,43:00.0,4,10:00,819
7595747280,U,IB,1,2,1657,134963,151,14:00.0,3,13:00,819
7595747309,U,CTY,1,2,940,131641,174,26:00.0,3,18:00,819
7595747684,U,IB,1,1,251,530367,125,57:00.0,5,6:00,819
7595747702,U,IB,1,1,411,125347,133,32:00.0,3,4:00,819
7595747720,U,IB,1,1,307,127385,127,46:00.0,6,17:00,819
7595747758,U,IB,1,1,270,129739,135,23:00.0,6,3:00,819
7595749289,U,CTY,1,1,645,530434,173,49:00.0,2,19:00,819
7595749289,U,IB,1,1,645,530434,167,40:00.0,3,16:00,819
7595749298,U,IB,1,1,630,125347,133,03:00.0,3,3:00,819
7595749298,U,IB,1,1,630,125347,167,41:00.0,3,16:00,819
7595749325,U,IB,1,1,281,530367,125,51:00.0,5,8:00,819
7595749334,U,IB,1,4,5240,132216,164,06:00.0,3,11:00,819
7595749370,U,IB,1,1,230,132216,164,30:00.0,3,10:00,819
759574938X,U,IB,1,1,150,132216,155,04:00.0,3,14:00,819
759574938X,U,IB,1,1,150,132216,164,00:00.0,3,10:00,819
7595749399,U,IB,1,1,630,132216,164,00:00.0,3,11:00,819
7595749408,U,IB,1,1,373,132216,164,45:00.0,3,10:00,819
7595749408,U,IB,1,1,373,132216,167,40:00.0,3,16:00,819
7595749426,U,IB,1,1,172,134694,143,09:00.0,5,14:00,819
7595749435,U,IB,1,1,260,134694,143,08:00.0,5,14:00,819
7595749480,U,CTY,1,1,466,136233,169,12:00.0,3,18:00,819
7595749700,U,IB,1,2,2122,134963,151,11:00.0,3,13:00,819
7595749729,U,IB,1,1,246,134963,151,57:00.0,3,12:00,819
759575477X,U,IB,1,3,1523,252427,131,01:00.0,5,0:00,819
7595754798,U,IB,1,3,1621,252427,131,48:00.0,5,0:00,819
7595764826,U,CTY,1,2,2500,119849,195,42:00.0,7,16:00,819
7595765028,U,IB,1,1,319,291203,133,54:00.0,2,0:00,819
7595765037,U,IB,1,3,1434,291203,133,43:00.0,2,2:00,819
7595765037,U,CTY,1,3,1434,291203,L19 ,00:00.0,2,22:00,819
7595772755,U,IB,1,1,162,127385,127,39:00.0,6,19:00,819
759577303X,U,CTY,1,1,649,127770,197,59:00.0,3,16:00,819
7595773058,U,CTY,1,2,1210,127770,197,56:00.0,3,16:00,819
7595773067,U,CTY,1,1,345,127770,194,55:00.0,3,14:00,819
7595773103,U,CTY,1,1,512,127770,197,47:00.0,3,16:00,819
7595773112,U,CTY,1,2,811,127770,197,41:00.0,3,16:00,819
7595776019,U,IB,1,1,768,123898,152,59:00.0,4,19:00,819
7595776028,U,CTY,1,1,595,123898,191,16:00.0,4,20:00,819
7595776028,U,CTY,1,1,595,123898,191,16:00.0,4,20:00,819
7595776091,U,IB,1,1,857,123898,152,54:00.0,4,19:00,819
7595777788,U,IB,1,4,1260,129739,135,31:00.0,6,2:00,819
7595777806,U,IB,1,4,1318,129739,135,15:00.0,6,3:00,819
7595777815,U,IB,1,5,1616,127385,127,50:00.0,6,20:00,819
7595777833,U,IB,1,4,1173,129739,135,40:00.0,6,3:00,819
759577787X,U,CTY,1,4,2535,530434,173,18:00.0,2,20:00,819
7595777889,U,CTY,1,2,1201,530434,173,59:00.0,2,19:00,819
7595777898,U,CTY,1,2,1310,530434,173,35:00.0,2,19:00,819
7595777916,U,CTY,1,1,349,530434,173,43:00.0,2,19:00,819
7595777925,U,CTY,1,7,4555,530434,173,02:00.0,2,20:00,819
7595778026,U,IB,1,3,1474,530367,125,22:00.0,5,9:00,819
7595778044,U,CTY,1,8,5780,530434,173,46:00.0,2,18:00,819
7595778136,U,CTY,1,1,354,530434,173,50:00.0,2,13:00,819
7595778255,U,IB,1,3,1346,530367,125,16:00.0,5,9:00,819
7595778273,U,CTY,1,3,2294,249091,169,16:00.0,3,11:00,819
7595778338,U,IB,1,4,1309,126699,133,11:00.0,6,1:00,819
759577842X,U,IB,1,3,824,132216,164,56:00.0,3,12:00,819
7595778457,U,IB,1,3,1020,126699,133,31:00.0,6,1:00,819
7595778466,U,IB,1,4,2140,132216,164,27:00.0,3,10:00,819
7595778484,U,IB,1,6,2069,132216,164,29:00.0,3,12:00,819
7595778493,U,IB,1,5,3724,530367,125,29:00.0,5,6:00,819
7595778576,U,IB,1,6,2642,134694,143,47:00.0,5,15:00,819
7595778594,U,IB,1,6,2485,134694,143,30:00.0,5,15:00,819
7595778612,U,CTY,1,7,3132,130644,169,57:00.0,6,14:00,819
759577864X,U,CTY,1,1,315,130644,169,41:00.0,6,12:00,819
7595779043,U,CTY,1,2,469,136233,169,35:00.0,3,18:00,819
7595779263,U,IB,1,3,994,126240,163,18:00.0,5,7:00,819
7595779319,U,IB,1,5,1965,126240,163,01:00.0,5,8:00,819
7595779328,U,CTY,1,6,1679,136233,169,54:00.0,3,19:00,819
7595779474,U,IB,1,1,450,125844,141,37:00.0,7,12:00,819
7595779483,U,IB,1,4,2573,125844,141,16:00.0,7,13:00,819
7595779575,U,CTY,1,3,2335,132190,173,38:00.0,3,15:00,819
7595779584,U,IB,1,5,2625,123898,152,51:00.0,4,19:00,819
7595779620,U,IB,1,1,310,252427,131,43:00.0,5,4:00,819
7595779649,U,IB,1,3,2071,252427,131,22:00.0,5,6:00,819
7595779667,U,IB,1,1,281,252427,131,39:00.0,5,4:00,819
7595779730,U,CTY,1,5,504,127770,197,47:00.0,3,18:00,819
759577974X,U,CTY,1,4,424,127770,197,20:00.0,3,18:00,819
7595779887,U,IB,1,2,1048,261064,151,36:00.0,7,8:00,819
7595779896,U,IB,1,1,650,261064,151,40:00.0,7,6:00,819
7595779923,U,IB,1,9,3461,261064,151,28:00.0,7,11:00,819
7595781481,U,CTY,1,1,397,126813,168,13:00.0,2,1:00,819
7595781564,U,CTY,1,1,339,131641,174,34:00.0,3,18:00,819
7595781582,U,IB,1,1,504,129739,135,35:00.0,6,3:00,819
7595781582,U,IB,1,1,504,129739,156,21:00.0,6,9:00,819
7595782179,U,IB,1,1,317,139787,141,09:00.0,6,19:00,819
7595782783,U,IB,1,1,188,530367,125,57:00.0,5,7:00,819
7595782792,U,IB,1,1,158,530367,125,03:00.0,5,8:00,819
759578282X,U,IB,1,1,224,530367,125,08:00.0,5,8:00,819
7595782848,U,IB,1,2,544,530367,125,41:00.0,5,7:00,819
7595782884,U,IB,1,1,254,530367,125,39:00.0,5,7:00,819
7595782976,U,CTY,1,2,660,135047,175,24:00.0,6,19:00,819
7595782994,U,CTY,1,1,60,135047,175,07:00.0,6,19:00,819
7595783012,U,IB,1,1,133,125347,133,21:00.0,3,3:00,819
7595783021,U,IB,1,1,133,125347,133,20:00.0,3,3:00,819
7595783077,U,IB,1,1,72,125347,133,17:00.0,3,3:00,819
7595783086,U,IB,1,2,408,127385,127,12:00.0,6,18:00,819
7595783095,U,IB,1,3,624,127385,127,07:00.0,6,18:00,819
7595783104,U,IB,1,1,200,127385,127,09:00.0,6,18:00,819
7595783140,U,IB,1,1,224,125347,133,13:00.0,3,3:00,819
7595783223,U,IB,1,1,204,125347,133,16:00.0,3,5:00,819
759578326X,U,CTY,1,1,176,135047,175,27:00.0,6,19:00,819
7595783279,U,CTY,1,2,266,135047,175,10:00.0,6,19:00,819
7595783389,U,IB,1,1,110,291203,133,04:00.0,2,2:00,819
7595783398,U,IB,1,1,390,568031,164,20:00.0,2,20:00,819
7595783416,U,IB,1,8,3280,568031,164,47:00.0,2,20:00,819
7595783434,U,IB,1,3,1325,568031,164,48:00.0,2,20:00,819
7595783452,U,IB,1,2,432,291203,133,31:00.0,1,22:00,819
7595783755,U,CTY,1,1,152,131641,174,57:00.0,3,14:00,819
7595784599,U,IB,1,1,199,131487,163,00:00.0,7,3:00,819
7595784626,U,CTY,1,4,2236,127770,197,17:00.0,3,18:00,819
7595786799,U,IB,1,1,510,127770,154,20:00.0,3,20:00,819
7595786799,U,CTY,1,1,510,127770,197,40:00.0,3,17:00,819
7595786826,U,IB,1,1,300,252427,131,19:00.0,5,8:00,819
7595788054,U,IB,1,1,310,126240,163,05:00.0,5,7:00,819
7595827324,U,OB,1,18,207,140190,66,21:00.0,7,6:00,245
7595827333,U,OB,1,1,122,133770,84,08:00.0,3,14:00,245
7595827351,U,OB,1,9,2865,133770,84,06:00.0,3,14:00,245
759582737X,U,IB,1,3,500,133160,113,41:00.0,4,21:00,245
7595827398,U,IB,1,3,970,133160,113,35:00.0,4,21:00,245
7595827434,U,IB,1,9,4000,138958,103,15:00.0,6,16:00,245
7595829387,U,IB,1,3,520,129897,110,43:00.0,3,6:00,245
7595829387,U,IB,1,3,520,129897,111,30:00.0,3,6:00,245
7595829405,U,OB,1,3,4480,131468,78,30:00.0,7,15:00,245
7595829414,U,OB,1,1,687,131468,78,53:00.0,7,15:00,245
7595829432,U,CTY,1,1,91,123328,168,17:00.0,6,3:00,245
7595829441,U,IB,1,3,563,131894,103,42:00.0,5,3:00,245
759582946X,U,IB,1,1,61,124021,101,08:00.0,5,13:00,245
7595829479,U,OB,1,4,535,136240,84,31:00.0,5,12:00,245
7595829524,U,OB,1,1,860,131040,53,22:00.0,1,15:00,245
759583001X,U,OB,1,2,620,128502,96,53:00.0,4,13:00,245
7595830047,U,IB,1,2,3490,128291,105,21:00.0,7,6:00,245
7595830514,U,IB,1,9,8000,R621919186,117,23:00.0,5,13:00,245
7595831019,U,CTY,1,11,2025,118632,213,26:00.0,5,12:00,245
7595831807,U,IB,1,1,287,290733,125,32:00.0,1,2:00,245
7595833181,U,CTY,1,4,278,T24553173,217,49:00.0,6,13:00,245
7595835381,U,OB,1,1,265,128502,96,29:00.0,4,12:00,245
759583540X,U,IB,1,1,256,128311,111,38:00.0,3,10:00,245
7595835446,U,IB,1,2,1432,128311,111,43:00.0,3,10:00,245
7595835455,U,IB,1,1,220,128311,111,38:00.0,3,9:00,245
7595835464,U,OB,1,3,1173,128502,96,47:00.0,4,12:00,245
7595835491,U,OB,1,1,515,128502,96,21:00.0,4,13:00,245
7595835500,U,OB,1,1,150,128502,96,56:00.0,4,12:00,245
7595835592,U,IB,1,1,1483,127088,116,59:00.0,6,10:00,245
7595835601,U,IB,1,1,1103,127088,116,36:00.0,6,11:00,245
7595835767,U,OB,1,1,237,131468,78,04:00.0,7,15:00,245
7595835821,U,OB,1,4,2835,138450,53,23:00.0,4,7:00,245
7595835830,U,OB,1,2,785,138450,53,13:00.0,4,4:00,245
759583584X,U,OB,1,2,705,138450,53,30:00.0,4,3:00,245
7595835886,U,OB,1,1,281,138450,53,16:00.0,4,4:00,245
7595835895,U,OB,1,1,365,138450,53,53:00.0,4,3:00,245
7595835913,U,OB,1,1,270,138450,53,34:00.0,4,7:00,245
7595835922,U,OB,1,2,955,138450,53,47:00.0,4,7:00,245
7595835931,U,OB,1,1,272,138450,53,25:00.0,4,3:00,245
7595835940,U,OB,1,1,365,138450,53,15:00.0,4,3:00,245
7595835969,U,OB,1,1,195,138450,53,20:00.0,4,8:00,245
7595835978,U,OB,1,1,248,136006,75,17:00.0,4,7:00,245
7595835987,U,OB,1,2,649,136006,75,59:00.0,4,7:00,245
7595835996,U,OB,1,1,178,136006,75,25:00.0,4,8:00,245
7595836014,U,OB,1,1,195,135997,55,58:00.0,6,15:00,245
7595836023,U,OB,1,1,365,135997,55,56:00.0,6,15:00,245
7595836050,U,OB,1,1,245,131468,78,17:00.0,7,15:00,245
7595836124,U,OB,1,1,255,125996,52,44:00.0,1,11:00,245
7595836189,U,OB,1,1,188,138450,53,40:00.0,4,7:00,245
7595836207,U,OB,1,2,207,136006,75,17:00.0,4,8:00,245
7595836216,U,OB,1,1,363,136006,75,20:00.0,4,7:00,245
7595836225,U,OB,1,1,307,136006,62,03:00.0,4,13:00,245
7595836225,U,OB,1,1,307,136006,75,01:00.0,4,7:00,245
7595836564,U,OB,1,1,226,139805,55,48:00.0,5,4:00,245
7595836573,U,OB,1,1,2126,124058,89,30:00.0,7,3:00,245
7595837013,U,OB,1,2,954,128502,96,18:00.0,4,13:00,245
7595837150,U,CTY,1,3,1939,136805,212,19:00.0,6,11:00,245
7595837150,U,IB,1,3,1939,136805,123,43:00.0,6,5:00,245
759583716X,U,CTY,1,1,121,123328,168,17:00.0,6,12:00,245
7595837179,U,CTY,1,1,596,123328,168,53:00.0,6,3:00,245
7595837188,U,CTY,1,1,243,123328,168,59:00.0,6,6:00,245
7595837188,U,OB,1,1,243,123328,57,17:00.0,6,13:00,245
7595837197,U,IB,1,1,276,132640,112,05:00.0,3,5:00,245
7595837206,U,CTY,1,1,124,123328,168,09:00.0,6,12:00,245
7595837215,U,CTY,1,1,578,123328,168,33:00.0,6,7:00,245
7595837233,U,CTY,1,1,290,123328,168,23:00.0,6,12:00,245
7595837242,U,IB,1,1,280,132640,112,02:00.0,3,5:00,245
7595837251,U,IB,1,6,2230,132640,112,58:00.0,3,4:00,245
7595840268,U,OB,1,1,260,135997,55,18:00.0,6,16:00,245
7595840277,U,OB,1,1,354,291198,86,57:00.0,7,8:00,245
7595840286,U,OB,1,1,284,291198,86,37:00.0,7,9:00,245
7595840295,U,OB,1,4,1470,291159,69,09:00.0,3,16:00,245
7595840304,U,OB,1,1,230,291198,86,26:00.0,7,6:00,245
7595840313,U,OB,1,1,264,125843,75,28:00.0,3,15:00,245
7595840340,U,OB,1,1,227,125843,75,20:00.0,3,15:00,245
7595840387,U,OB,1,2,417,125843,75,39:00.0,3,15:00,245
7595840396,U,OB,1,1,402,125843,75,47:00.0,3,15:00,245
7595840414,U,OB,1,1,274,291159,69,30:00.0,3,15:00,245
7595840423,U,IB,1,1,145,135383,101,13:00.0,3,5:00,245
7595840441,U,OB,1,1,233,291159,69,19:00.0,3,14:00,245
759584046X,U,OB,1,2,592,291159,69,33:00.0,3,15:00,245
7595840479,U,OB,1,2,2040,291159,69,17:00.0,3,15:00,245
7595840488,U,OB,1,2,687,291159,69,38:00.0,3,15:00,245
7595840497,U,OB,1,3,1322,291159,69,55:00.0,3,14:00,245
7595840506,U,OB,1,1,284,291159,69,56:00.0,3,15:00,245
7595840524,U,OB,1,1,327,138450,53,42:00.0,4,8:00,245
7595840542,U,OB,1,1,193,136006,75,03:00.0,4,7:00,245
7595840560,U,OB,1,1,197,T24553173,75,17:00.0,5,17:00,245
759584057X,U,OB,1,1,289,T24553173,75,32:00.0,5,16:00,245
7595840589,U,OB,1,1,196,T24553173,75,44:00.0,5,14:00,245
7595840598,U,OB,1,1,270,T24553173,75,54:00.0,5,15:00,245
7595840652,U,OB,1,1,251,T24553173,75,58:00.0,5,15:00,245
7595840661,U,OB,1,3,1495,T24553173,75,59:00.0,5,14:00,245
759584068X,U,OB,1,1,407,138363,78,42:00.0,5,5:00,245
7595840699,U,OB,1,1,320,291198,86,57:00.0,7,6:00,245
7595840735,U,OB,1,1,203,291198,86,23:00.0,7,6:00,245
7595840753,U,OB,1,2,795,291198,86,50:00.0,7,9:00,245
7595840762,U,OB,1,1,214,128901,89,11:00.0,4,14:00,245
7595840780,U,OB,1,1,156,128901,89,35:00.0,4,15:00,245
7595840818,U,OB,1,1,236,128901,87,40:00.0,4,17:00,245
7595840827,U,OB,1,1,168,128901,89,03:00.0,4,14:00,245
7595840836,U,OB,1,1,217,128901,87,40:00.0,4,17:00,245
7595840854,U,OB,1,1,334,128901,87,39:00.0,4,17:00,245
7595840872,U,OB,1,2,544,128901,87,39:00.0,4,17:00,245
7595840881,U,OB,1,1,354,128901,87,39:00.0,4,17:00,245
7595840890,U,OB,1,1,214,128901,89,58:00.0,4,15:00,245
7595840919,U,OB,1,1,223,138497,63,16:00.0,4,3:00,245
7595840937,U,IB,1,1,130,133057,104,12:00.0,6,9:00,245
7595840946,U,IB,1,1,213,133057,104,08:00.0,6,9:00,245
7595840955,U,IB,1,2,844,133057,104,53:00.0,6,8:00,245
7595841000,U,IB,1,1,228,133057,104,16:00.0,6,9:00,245
759584101X,U,IB,1,2,375,133160,156,28:00.0,4,21:00,245
759584101X,U,IB,1,2,375,133160,113,49:00.0,4,20:00,245
7595841029,U,IB,1,1,278,133160,113,10:00.0,4,22:00,245
7595841038,U,OB,1,1,176,131615,84,35:00.0,4,3:00,245
7595841056,U,OB,1,1,255,139805,55,15:00.0,5,6:00,245
7595841083,U,OB,1,1,245,139805,55,11:00.0,5,6:00,245
7595841092,U,OB,1,1,245,139805,55,28:00.0,5,6:00,245
7595841101,U,OB,1,1,266,139805,55,26:00.0,5,6:00,245
7595841110,U,OB,1,1,332,139805,55,32:00.0,5,6:00,245
7595841157,U,IB,1,1,213,138958,103,51:00.0,6,18:00,245
7595841166,U,IB,1,1,330,138958,103,49:00.0,6,17:00,245
7595841175,U,IB,1,1,695,138958,103,01:00.0,6,18:00,245
7595841193,U,IB,1,1,255,138958,103,04:00.0,6,18:00,245
7595841211,U,IB,1,1,410,138958,103,10:00.0,6,18:00,245
7595841249,U,IB,1,1,365,138958,103,20:00.0,6,18:00,245
7595841258,U,IB,1,1,310,138958,103,58:00.0,6,17:00,245
7595841267,U,OB,1,1,576,128566,53,37:00.0,3,7:00,245
7595841294,U,OB,1,1,126,128566,53,50:00.0,3,11:00,245
7595841303,U,OB,1,1,194,128566,53,37:00.0,3,4:00,245
7595841321,U,OB,1,1,309,128566,53,42:00.0,3,8:00,245
7595841330,U,OB,1,4,2540,128566,53,23:00.0,3,8:00,245
7595841359,U,OB,1,1,405,133770,84,08:00.0,3,13:00,245
7595841368,U,OB,1,1,280,133770,84,01:00.0,3,13:00,245
7595841377,U,OB,1,4,541,132545,57,32:00.0,3,15:00,245
7595841377,U,OB,1,4,541,132545,55,12:00.0,3,14:00,245
7595841395,U,OB,1,4,3720,133770,84,58:00.0,3,12:00,245
7595841496,U,OB,1,1,278,128566,53,29:00.0,3,6:00,245
7595841505,U,OB,1,1,600,128566,53,06:00.0,3,5:00,245
7595841514,U,IB,1,1,335,138958,103,38:00.0,6,18:00,245
759584156X,U,IB,1,1,475,138958,103,28:00.0,6,18:00,245
7595841579,U,IB,1,1,355,138958,103,35:00.0,6,18:00,245
7595841660,U,OB,1,1,803,390205,51,38:00.0,7,16:00,245
7595841689,U,OB,1,1,405,390205,51,49:00.0,7,14:00,245
7595841698,U,OB,1,1,230,390205,51,14:00.0,7,17:00,245
7595841707,U,OB,1,1,435,390205,51,07:00.0,7,16:00,245
7595841743,U,OB,1,2,367,390205,51,17:00.0,7,14:00,245
7595843512,U,OB,1,1,255,133170,55,32:00.0,4,10:00,245
7595843530,U,OB,1,1,310,133170,55,49:00.0,4,10:00,245
759584354X,U,OB,1,1,290,133170,55,45:00.0,4,10:00,245
7595843604,U,OB,1,2,667,133170,55,25:00.0,4,11:00,245
7595843613,U,OB,1,1,169,133170,55,09:00.0,4,11:00,245
7595843622,U,OB,1,1,240,133170,55,30:00.0,4,13:00,245
7595843631,U,OB,1,1,212,133170,55,00:00.0,4,11:00,245
759584365X,U,OB,1,1,265,133170,55,16:00.0,4,11:00,245
7595843678,U,OB,1,1,237,133170,55,20:00.0,4,11:00,245
7595843678,U,OB,1,1,237,133170,57,46:00.0,4,11:00,245
7595843687,U,OB,1,1,562,133170,55,31:00.0,4,11:00,245
7595843723,U,OB,1,1,460,133170,55,52:00.0,4,12:00,245
7595843741,U,OB,1,1,239,133170,55,40:00.0,4,11:00,245
7595843779,U,OB,1,1,218,133755,57,41:00.0,3,12:00,245
7595843779,U,OB,1,1,218,133755,57,41:00.0,3,12:00,245
7595843815,U,OB,1,1,332,133755,75,21:00.0,3,13:00,245
7595843851,U,OB,1,1,309,133170,55,10:00.0,4,13:00,245
7595843925,U,OB,1,1,234,133170,55,51:00.0,4,11:00,245
7595843943,U,OB,1,1,213,133170,55,52:00.0,4,11:00,245
7595843952,U,OB,1,1,203,133170,55,42:00.0,4,12:00,245
759584398X,U,OB,1,1,217,133170,55,58:00.0,4,12:00,245
7595843999,U,OB,1,1,189,133170,55,37:00.0,4,12:00,245
7595844017,U,OB,1,1,195,133755,75,15:00.0,3,15:00,245
7595844026,U,OB,1,1,479,133755,75,29:00.0,3,14:00,245
7595844044,U,OB,1,1,337,133755,75,23:00.0,3,14:00,245
7595844071,U,OB,1,1,408,133755,75,17:00.0,3,15:00,245
7595844127,U,OB,1,1,250,133755,75,10:00.0,3,15:00,245
7595844136,U,OB,1,1,231,133755,75,07:00.0,3,14:00,245
7595844145,U,OB,1,1,464,280969,55,17:00.0,3,13:00,245
7595844154,U,OB,1,1,300,280969,55,10:00.0,3,13:00,245
7595844163,U,OB,1,1,223,280969,55,50:00.0,3,13:00,245
7595844181,U,OB,1,2,833,280969,55,18:00.0,3,14:00,245
7595844190,U,OB,1,1,220,280969,54,54:00.0,3,13:00,245
7595844190,U,OB,1,1,220,280969,54,54:00.0,3,13:00,245
759584420X,U,OB,1,1,350,280969,55,57:00.0,3,13:00,245
7595844228,U,IB,1,1,211,280969,166,26:00.0,3,13:00,245
7595844228,U,OB,1,1,211,280969,55,21:00.0,3,13:00,245
7595844237,U,OB,1,1,180,280969,55,04:00.0,3,13:00,245
7595844392,U,OB,1,1,210,133755,75,10:00.0,3,13:00,245
7595844401,U,OB,1,1,173,133755,75,00:00.0,3,13:00,245
7595844439,U,OB,1,1,306,133755,29,04:00.0,3,13:00,245
7595844439,U,OB,1,1,306,133755,29,04:00.0,3,13:00,245
7595844466,U,OB,1,1,594,133755,75,54:00.0,3,12:00,245
7595844502,U,OB,1,1,720,133755,75,48:00.0,3,12:00,245
7595846015,U,OB,1,1,63,132545,55,35:00.0,3,18:00,245
7595846024,U,OB,1,2,660,133770,84,11:00.0,3,13:00,245
7595846033,U,OB,1,5,590,132545,55,44:00.0,3,18:00,245
7595846262,U,IB,1,1,620,133160,113,53:00.0,4,21:00,245
7595846271,U,IB,1,4,492,133160,113,03:00.0,4,22:00,245
7595846318,U,OB,1,1,211,131615,84,30:00.0,4,3:00,245
7595846336,U,OB,1,1,258,131615,84,26:00.0,4,3:00,245
7595846345,U,OB,1,1,225,131615,84,46:00.0,4,3:00,245
7595846363,U,OB,1,2,785,131615,84,18:00.0,4,7:00,245
7595846381,U,OB,1,1,209,131615,84,10:00.0,4,4:00,245
7595846390,U,OB,1,1,275,131615,84,47:00.0,4,3:00,245
759584640X,U,OB,1,1,216,139805,55,58:00.0,5,5:00,245
7595846419,U,OB,1,1,410,139805,55,48:00.0,5,5:00,245
7595846428,U,OB,1,1,307,139805,55,57:00.0,5,5:00,245
7595846455,U,OB,1,1,199,139805,55,00:00.0,5,6:00,245
7595846473,U,OB,1,1,301,139805,55,20:00.0,5,6:00,245
7595846482,U,OB,1,1,50,139805,55,14:00.0,5,6:00,245
7595846491,U,OB,1,1,99,139805,55,09:00.0,5,6:00,245
7595846500,U,OB,1,1,228,139805,55,37:00.0,5,6:00,245
7595846538,U,OB,1,1,120,133755,75,45:00.0,3,12:00,245
7595846556,U,OB,1,1,165,133755,75,43:00.0,3,13:00,245
7595846565,U,OB,1,1,260,133755,75,39:00.0,3,13:00,245
7595846583,U,OB,1,1,345,133755,75,03:00.0,3,14:00,245
7595846592,U,OB,1,1,220,133755,75,54:00.0,3,13:00,245
7595846657,U,OB,1,1,181,133755,75,04:00.0,3,15:00,245
7595846666,U,OB,1,1,262,280969,55,42:00.0,3,13:00,245
7595846675,U,OB,1,2,1404,280969,55,06:00.0,3,14:00,245
7595846693,U,OB,1,1,204,280969,55,43:00.0,3,12:00,245
7595846702,U,OB,1,1,78,280969,55,29:00.0,3,13:00,245
7595846711,U,OB,1,1,91,280969,55,12:00.0,3,13:00,245
7595846720,U,OB,1,1,238,280969,55,52:00.0,3,13:00,245
7595846749,U,OB,1,1,302,291198,86,02:00.0,7,7:00,245
7595846776,U,OB,1,2,620,135997,55,30:00.0,6,16:00,245
7595846803,U,OB,1,1,398,135997,55,15:00.0,6,16:00,245
7595846812,U,OB,1,1,457,135997,55,39:00.0,6,16:00,245
7595846821,U,OB,1,1,359,135997,55,32:00.0,6,16:00,245
759584684X,U,OB,1,1,205,135997,55,33:00.0,6,16:00,245
7595846859,U,OB,1,2,1540,135997,55,06:00.0,6,17:00,245
7595846859,U,IB,1,2,1540,135997,102,59:00.0,6,22:00,245
7595846868,U,OB,1,2,1510,135997,55,00:00.0,6,17:00,245
7595846886,U,OB,1,1,215,135997,55,45:00.0,6,16:00,245
7595846895,U,OB,1,1,240,135997,55,48:00.0,6,16:00,245
7595846904,U,OB,1,1,320,135997,55,53:00.0,6,16:00,245
7595846922,U,OB,1,2,429,T24553173,75,23:00.0,5,16:00,245
7595846940,U,OB,1,1,163,T24553173,75,04:00.0,5,16:00,245
7595846987,U,OB,1,1,283,T24553173,75,03:00.0,5,17:00,245
7595847023,U,OB,1,1,199,291159,69,03:00.0,3,16:00,245
7595847032,U,OB,1,1,297,128901,89,07:00.0,4,14:00,245
7595847050,U,OB,1,1,256,128901,89,12:00.0,4,14:00,245
7595847079,U,OB,1,1,178,128901,89,00:00.0,4,15:00,245
7595848206,U,OB,1,1,220,136002,86,27:00.0,4,4:00,245
7595848215,U,IB,1,2,880,128291,105,27:00.0,7,7:00,245
7595848224,U,IB,1,3,1282,128291,105,23:00.0,7,7:00,245
7595848233,U,IB,1,2,828,128291,105,16:00.0,7,7:00,245
7595848242,U,IB,1,2,1145,126018,112,34:00.0,7,1:00,245
7595848289,U,OB,1,2,984,136990,60,27:00.0,5,6:00,245
7595848307,U,OB,1,1,425,136990,60,12:00.0,5,6:00,245
7595848325,U,OB,1,1,282,136990,60,57:00.0,5,5:00,245
7595848325,U,CTY,1,1,282,136990,193,20:00.0,5,7:00,245
759584838X,U,OB,1,2,676,136990,60,25:00.0,5,6:00,245
7595848426,U,OB,1,1,225,136990,60,18:00.0,5,6:00,245
7595848435,U,OB,1,1,350,136990,60,02:00.0,5,6:00,245
7595848444,U,OB,1,1,120,136990,60,48:00.0,5,5:00,245
759584849X,U,OB,1,1,321,135997,55,57:00.0,6,15:00,245
7595848509,U,OB,1,1,345,135997,55,21:00.0,6,16:00,245
7595852698,U,IB,1,2,370,128311,111,37:00.0,3,13:00,245
7595852716,U,IB,1,1,170,128311,111,29:00.0,3,11:00,245
7595852725,U,IB,1,1,165,128311,111,09:00.0,3,14:00,245
7595852770,U,IB,1,1,304,128311,111,13:00.0,3,14:00,245
7595852853,U,IB,1,2,830,128311,111,23:00.0,3,12:00,245
7595852909,U,IB,1,2,355,128311,111,38:00.0,3,11:00,245
7595852918,U,IB,1,1,195,128311,111,26:00.0,3,11:00,245
7595852945,U,IB,1,4,755,128311,111,34:00.0,3,13:00,245
759585300X,U,OB,1,1,180,133170,55,11:00.0,4,10:00,245
7595853019,U,OB,1,1,185,133170,55,25:00.0,4,10:00,245
7595853082,U,IB,1,1,180,R621919186,117,08:00.0,5,11:00,245
7595853091,U,IB,1,1,185,R621919186,117,16:00.0,5,11:00,245
7595853100,U,IB,1,1,175,R621919186,117,11:00.0,5,11:00,245
7595853129,U,IB,1,1,180,R621919186,117,57:00.0,5,10:00,245
7595853138,U,IB,1,1,185,R621919186,117,00:00.0,5,11:00,245
7595853147,U,IB,1,2,237,R621919186,117,19:00.0,5,12:00,245
7595853156,U,IB,1,2,355,R621919186,117,27:00.0,5,10:00,245
7595853201,U,IB,1,1,180,136805,123,16:00.0,6,4:00,245
7595853210,U,IB,1,1,165,136805,123,06:00.0,6,4:00,245
7595853239,U,IB,1,2,365,136805,123,21:00.0,6,4:00,245
7595853248,U,IB,1,1,185,136805,123,55:00.0,6,4:00,245
7595857015,U,IB,1,1,216,136805,123,12:00.0,6,4:00,245
7595857015,U,IB,1,1,216,136805,156,05:00.0,6,9:00,245
7595857024,U,IB,1,4,1278,136805,123,57:00.0,6,4:00,245
7595857033,U,IB,1,2,360,136805,123,11:00.0,6,5:00,245
7595857042,U,IB,1,1,180,136805,123,04:00.0,6,5:00,245
759585707X,U,OB,1,1,105,131468,78,50:00.0,7,15:00,245
7595857208,U,IB,1,2,350,128663,104,40:00.0,5,6:00,245
7595857235,U,IB,1,1,320,128663,104,00:00.0,5,7:00,245
7595857244,U,OB,1,1,300,T24553173,75,24:00.0,5,14:00,245
7595857318,U,OB,1,1,250,132545,55,46:00.0,3,18:00,245
7595857363,U,OB,1,1,299,128566,53,15:00.0,3,3:00,245
7595857381,U,OB,1,1,245,132545,55,30:00.0,3,19:00,245
7595857390,U,OB,1,1,152,128566,53,06:00.0,3,6:00,245
759585740X,U,OB,1,1,168,128566,53,20:00.0,3,3:00,245
7595857538,U,OB,1,1,320,131615,84,23:00.0,4,5:00,245
7595857547,U,OB,1,2,1070,131615,84,26:00.0,4,5:00,245
7595857776,U,OB,1,1,230,291198,86,40:00.0,7,9:00,245
7595857776,U,OB,1,1,230,291198,59,24:00.0,7,12:00,245
7595857785,U,OB,1,2,575,291198,86,56:00.0,7,9:00,245
7595857803,U,OB,1,1,239,138497,63,17:00.0,4,4:00,245
7595857830,U,OB,1,1,174,138497,63,27:00.0,4,4:00,245
759585784X,U,OB,1,1,250,138497,63,56:00.0,4,3:00,245
7595857859,U,OB,1,1,250,138497,63,56:00.0,4,4:00,245
7595857886,U,OB,1,3,2355,125843,75,11:00.0,3,16:00,245
7595857904,U,OB,1,1,260,125843,75,15:00.0,3,16:00,245
7595857913,U,OB,1,2,740,125843,75,24:00.0,3,16:00,245
7595857931,U,OB,1,1,355,125843,75,31:00.0,3,16:00,245
7595857940,U,OB,1,1,176,125843,75,32:00.0,3,15:00,245
759585795X,U,OB,1,1,230,125843,75,59:00.0,3,16:00,245
7595857969,U,OB,1,1,258,125843,75,33:00.0,3,16:00,245
7595857978,U,OB,1,1,215,125843,75,41:00.0,3,16:00,245
7595857987,U,OB,1,1,215,125843,75,50:00.0,3,16:00,245
7595857996,U,OB,1,1,280,125843,75,07:00.0,3,15:00,245
7595858032,U,OB,1,1,416,291198,86,52:00.0,7,8:00,245
759585806X,U,OB,1,1,270,291198,86,44:00.0,7,8:00,245
7595858079,U,OB,1,1,309,291198,86,12:00.0,7,8:00,245
7595858097,U,OB,1,2,505,291198,86,18:00.0,7,8:00,245
7595858106,U,OB,1,1,500,291198,86,43:00.0,7,7:00,245
7595858115,U,OB,1,1,200,291198,86,02:00.0,7,8:00,245
759585817X,U,OB,1,1,215,291198,86,15:00.0,7,7:00,245
7595858189,U,OB,1,1,216,291198,86,33:00.0,7,6:00,245
7595858198,U,OB,1,1,260,291198,86,30:00.0,7,6:00,245
7595858207,U,OB,1,2,1195,291198,86,44:00.0,7,9:00,245
7595858216,U,OB,1,1,290,138497,63,39:00.0,4,4:00,245
7595858225,U,OB,1,1,295,138497,63,11:00.0,4,4:00,245
7595858243,U,OB,1,1,161,138497,63,45:00.0,4,4:00,245
7595858261,U,OB,1,1,232,136006,75,03:00.0,4,8:00,245
759585828X,U,OB,1,1,238,136006,75,39:00.0,4,7:00,245
7595858299,U,IB,1,1,280,128136,112,52:00.0,6,6:00,245
7595858326,U,IB,1,1,205,128136,112,49:00.0,6,6:00,245
7595858344,U,IB,1,1,330,128136,112,26:00.0,6,8:00,245
7595858519,U,OB,1,1,377,136006,75,58:00.0,4,7:00,245
7595858537,U,OB,1,1,409,136006,75,09:00.0,4,8:00,245
7595858582,U,OB,1,2,615,136006,75,15:00.0,4,8:00,245
7595858600,U,IB,1,1,186,128136,112,35:00.0,6,8:00,245
759585861X,U,IB,1,1,200,128136,112,12:00.0,6,8:00,245
7595858629,U,IB,1,1,215,128136,112,21:00.0,6,8:00,245
7595858647,U,IB,1,1,147,128136,112,12:00.0,6,7:00,245
7595858665,U,IB,1,1,255,128136,112,07:00.0,6,7:00,245
7595858701,U,IB,1,1,200,128136,112,40:00.0,6,8:00,245
7595858710,U,IB,1,1,161,128136,112,22:00.0,6,7:00,245
7595858739,U,IB,1,1,420,128136,112,06:00.0,6,8:00,245
7595858748,U,IB,1,1,244,128136,112,37:00.0,6,7:00,245
7595858793,U,OB,1,1,263,136006,75,34:00.0,4,7:00,245
759585883X,U,OB,1,1,200,138363,78,55:00.0,5,5:00,245
7595858849,U,OB,1,1,200,138363,78,48:00.0,5,5:00,245
7595858867,U,OB,1,1,223,128901,89,22:00.0,4,12:00,245
7595858876,U,IB,1,1,136,136874,111,23:00.0,6,8:00,245
7595858885,U,IB,1,1,136,136874,111,19:00.0,6,9:00,245
7595858903,U,IB,1,2,470,136874,111,14:00.0,6,7:00,245
7595858921,U,IB,1,4,2710,136874,111,20:00.0,6,10:00,245
7595858930,U,IB,1,1,595,135383,101,15:00.0,3,6:00,245
7595858968,U,IB,1,1,180,135383,101,30:00.0,3,6:00,245
7595858977,U,IB,1,4,2778,135383,101,58:00.0,3,5:00,245
7595858986,U,IB,1,2,1571,135383,101,01:00.0,3,6:00,245
7595858995,U,IB,1,1,160,139580,135,23:00.0,3,7:00,245
7595859013,U,IB,1,1,229,135383,101,05:00.0,3,6:00,245
7595859040,U,IB,1,1,219,128311,111,29:00.0,3,13:00,245
7595859040,U,OB,1,1,219,128311,95,21:00.0,3,15:00,245
7595859069,U,IB,1,8,5370,136805,123,32:00.0,6,5:00,245
7595859087,U,IB,1,1,122,139580,135,41:00.0,3,6:00,245
7595859096,U,IB,1,1,122,139580,135,21:00.0,3,7:00,245
7595859105,U,IB,1,1,201,135383,101,39:00.0,3,6:00,245
7595859114,U,IB,1,1,240,135383,101,52:00.0,3,6:00,245
7595859123,U,OB,1,1,200,128901,89,26:00.0,4,12:00,245
7595859141,U,IB,1,1,107,127088,116,12:00.0,6,11:00,245
7595859150,U,OB,1,1,160,136002,86,22:00.0,4,4:00,245
759585916X,U,IB,1,1,105,125077,103,17:00.0,5,13:00,245
7595859179,U,IB,1,1,248,125077,103,26:00.0,5,13:00,245
7595859188,U,OB,1,1,276,132124,96,12:00.0,6,18:00,245
7595859197,U,OB,1,2,1402,132124,96,17:00.0,6,18:00,245
7595859197,U,CTY,1,2,1402,132124,181,19:00.0,6,18:00,245
7595859197,U,CTY,1,2,1402,132124,_UNK,06:00.0,7,7:00,245
7595859206,U,IB,1,1,396,138958,103,42:00.0,6,16:00,245
7595859215,U,IB,1,1,145,138958,103,25:00.0,6,16:00,245
7595859233,U,IB,1,1,103,138958,103,21:00.0,6,16:00,245
759585938X,U,IB,1,1,395,430204,117,48:00.0,4,3:00,245
7595859426,U,IB,1,2,1555,290733,125,50:00.0,1,2:00,245
7595861058,U,CTY,1,6,490,T24553173,217,41:00.0,6,13:00,245
759586125X,U,OB,1,1,465,131468,78,18:00.0,7,16:00,245
7595863615,U,OB,1,3,1530,133755,75,59:00.0,3,14:00,245
7595863642,U,OB,1,1,360,133755,75,47:00.0,3,13:00,245
759586367X,U,OB,1,1,182,133755,75,37:00.0,3,13:00,245
7595863698,U,OB,1,1,260,133755,75,29:00.0,3,13:00,245
7595863963,U,OB,1,1,210,133755,75,21:00.0,3,15:00,245
7595863972,U,OB,1,1,265,133755,75,09:00.0,3,14:00,245
7595863981,U,OB,1,1,252,133755,75,58:00.0,3,13:00,245
7595863990,U,OB,1,1,189,133755,75,07:00.0,3,15:00,245
759586400X,U,OB,1,1,160,133755,75,25:00.0,3,13:00,245
7595864019,U,OB,1,1,265,133755,75,52:00.0,3,14:00,245
7595864037,U,OB,1,1,380,133755,75,51:00.0,3,13:00,245
7595864046,U,OB,1,1,415,136990,60,08:00.0,5,3:00,245
7595864064,U,OB,1,1,240,136990,60,52:00.0,5,2:00,245
7595864073,U,OB,1,5,2095,136990,60,31:00.0,5,3:00,245
7595864082,U,OB,1,1,420,136990,60,17:00.0,5,3:00,245
759586411X,U,OB,1,2,650,136990,60,39:00.0,5,2:00,245
7595864129,U,OB,1,1,210,136990,60,23:00.0,5,3:00,245
7595864138,U,OB,1,1,222,136990,60,57:00.0,5,2:00,245
7595864183,U,OB,1,1,249,136990,60,33:00.0,5,2:00,245
7595864192,U,OB,1,1,277,136990,60,47:00.0,5,2:00,245
7595864210,U,OB,1,1,205,136990,60,19:00.0,5,3:00,245
759586422X,U,OB,1,2,795,135997,55,49:00.0,6,15:00,245
7595864248,U,OB,1,3,1845,135997,55,46:00.0,6,15:00,245
7595864257,U,CTY,1,2,1155,123328,168,45:00.0,6,3:00,245
7595864807,U,OB,1,1,166,135997,55,02:00.0,6,16:00,245
7595864816,U,OB,1,1,210,135997,55,33:00.0,6,15:00,245
7595864834,U,OB,1,1,316,135997,55,32:00.0,6,15:00,245
7595864926,U,OB,1,1,250,125996,52,57:00.0,1,11:00,245
7595864953,U,OB,1,1,306,125996,52,49:00.0,1,11:00,245
759586499X,U,OB,1,1,221,131468,78,13:00.0,7,15:00,245
7595867126,U,IB,1,24,3480,430204,117,01:00.0,4,8:00,245
7595867135,U,IB,1,5,940,124021,101,01:00.0,5,14:00,245
7595867144,U,IB,1,8,5638,124021,101,42:00.0,5,13:00,245
7595867162,U,CTY,1,1,100,123328,168,41:00.0,6,12:00,245
7595867171,U,CTY,1,1,170,123328,168,50:00.0,6,12:00,245
7595867180,U,CTY,1,1,465,123328,168,58:00.0,6,12:00,245
7595867209,U,CTY,1,1,350,123328,168,30:00.0,6,12:00,245
7595867218,U,CTY,1,1,100,123328,168,27:00.0,6,12:00,245
7595867245,U,CTY,1,1,700,123328,168,46:00.0,6,12:00,245
7595875605,U,OB,1,2,527,138450,53,59:00.0,4,7:00,245
7595875614,U,OB,1,1,199,280969,55,33:00.0,3,13:00,245
7595875641,U,OB,1,1,177,136006,75,06:00.0,4,8:00,245
759587566X,U,OB,1,1,388,138450,53,55:00.0,4,7:00,245
7595875679,U,OB,1,1,685,138450,53,11:00.0,4,8:00,245
7595875688,U,OB,1,1,218,138450,53,20:00.0,4,3:00,245
7595875697,U,OB,1,2,340,138450,53,28:00.0,4,8:00,245
7595875706,U,OB,1,1,236,138450,53,16:00.0,4,8:00,245
7595875715,U,OB,1,1,229,138450,53,18:00.0,4,8:00,245
7595875733,U,OB,1,1,337,138450,53,40:00.0,4,8:00,245
7595875742,U,OB,1,1,194,138450,53,02:00.0,4,8:00,245
7595875751,U,OB,1,1,203,138450,53,51:00.0,4,7:00,245
7595887970,U,OB,1,1,446,127198,88,32:00.0,6,4:00,245
759588798X,U,OB,1,2,1200,132124,96,06:00.0,6,20:00,245
7595888008,U,OB,1,2,250,132124,96,32:00.0,6,19:00,245
7595892765,U,IB,1,2,625,133160,113,05:00.0,4,21:00,245
7595892774,U,IB,1,1,600,133160,113,05:00.0,4,22:00,245
7595892792,U,IB,1,2,1200,125077,103,25:00.0,5,12:00,245
7595893829,U,OB,1,1,580,131468,78,28:00.0,7,16:00,245
7595893847,U,OB,1,1,475,138497,63,23:00.0,4,3:00,245
7595893874,U,OB,1,1,660,132124,96,07:00.0,6,19:00,245
7595893874,U,IB,1,1,660,132124,166,09:00.0,6,19:00,245
7595893883,U,OB,1,1,730,132124,96,27:00.0,6,19:00,245
7595893901,U,OB,1,1,693,132124,96,24:00.0,6,19:00,245
7595894177,U,CTY,1,7,5200,T24553173,217,26:00.0,6,21:00,245
7595894213,U,IB,1,1,1112,139580,135,27:00.0,3,7:00,245
7595894222,U,OB,1,6,2235,135500,59,41:00.0,5,10:00,245
7595894222,U,OB,1,6,2235,135500,90,40:00.0,5,10:00,245
7595895075,U,OB,1,8,13070,131040,53,46:00.0,1,14:00,245
7595895167,U,IB,1,1,962,430204,117,54:00.0,4,6:00,245
7595895176,U,IB,1,1,1265,430204,117,55:00.0,4,6:00,245
7595895194,U,IB,1,1,905,430204,117,49:00.0,4,6:00,245
7595895203,U,IB,1,1,642,131894,103,04:00.0,5,3:00,245
7595895212,U,IB,1,1,573,131894,103,16:00.0,5,4:00,245
7595896285,U,IB,1,1,1055,127543,105,37:00.0,4,2:00,245
7595896321,U,IB,1,1,1625,127543,105,50:00.0,4,2:00,245
759589634X,U,IB,1,1,397,136874,111,39:00.0,6,8:00,245
7595896368,U,IB,1,3,5190,136874,111,43:00.0,6,7:00,245
7595896377,U,OB,1,5,9015,134361,50,21:00.0,4,7:00,245
7595896377,U,OB,1,5,9015,134361,59,22:00.0,4,7:00,245
7595896413,U,IB,1,1,1153,133791,117,09:00.0,3,3:00,245
7595896422,U,IB,1,1,1901,133791,117,06:00.0,3,3:00,245
759589645X,U,OB,1,1,2400,139805,55,32:00.0,5,5:00,245
7595896487,U,OB,1,3,5935,139805,55,06:00.0,5,5:00,245
7595896505,U,OB,1,2,2820,127198,88,36:00.0,6,4:00,245
7595897046,U,OB,1,1,190,135500,90,06:00.0,5,7:00,245
7595897046,U,CTY,1,1,190,135500,231,07:00.0,5,7:00,245
7595897248,U,OB,1,1,245,135500,90,39:00.0,5,9:00,245
7595897349,U,IB,1,13,3875,126461,113,32:00.0,7,4:00,245
7595897403,U,OB,1,14,3505,125996,52,30:00.0,1,11:00,245
7595897495,U,IB,1,2,2232,R621919186,117,21:00.0,5,10:00,245
7595897504,U,OB,1,1,661,133170,55,23:00.0,4,10:00,245
759590151X,U,IB,1,1,281,125077,103,01:00.0,5,14:00,245
7595904544,U,IB,1,1,80,125077,103,58:00.0,5,13:00,245
7595904553,U,CTY,1,6,1080,118632,213,13:00.0,5,13:00,245
7595904746,U,IB,1,5,1220,133791,117,58:00.0,3,3:00,245
7595907276,U,OB,1,1,245,138497,63,03:00.0,4,5:00,245
7595907294,U,OB,1,1,325,138497,63,42:00.0,4,4:00,245
7595907330,U,OB,1,1,340,138497,63,50:00.0,4,4:00,245
759590734X,U,OB,1,1,230,125843,75,52:00.0,3,15:00,245
7595907368,U,OB,1,1,171,125843,75,55:00.0,3,14:00,245
7595907377,U,OB,1,1,62,125843,75,00:00.0,3,14:00,245
7595907386,U,OB,1,1,228,125843,75,01:00.0,3,16:00,245
7595907422,U,OB,1,1,375,134361,50,22:00.0,4,6:00,245
7595907440,U,OB,1,1,255,128901,87,40:00.0,4,17:00,245
7595907478,U,OB,1,2,605,128901,87,40:00.0,4,17:00,245
7595907496,U,OB,1,1,390,128901,89,21:00.0,4,16:00,245
7595907505,U,OB,1,2,600,128901,89,02:00.0,4,16:00,245
7595907514,U,OB,1,1,360,125843,75,47:00.0,3,16:00,245
7595907514,U,OB,1,1,360,125843,54,09:00.0,3,18:00,245
7595907523,U,OB,1,1,423,125843,75,43:00.0,3,15:00,245
759590756X,U,OB,1,1,685,134361,50,18:00.0,4,6:00,245
7595907588,U,OB,1,1,225,128901,87,40:00.0,4,17:00,245
7595907597,U,OB,1,1,265,128901,87,40:00.0,4,17:00,245
7595907606,U,OB,1,2,1075,134361,50,29:00.0,4,6:00,245
7595907624,U,OB,1,1,215,128901,87,40:00.0,4,17:00,245
7595907633,U,OB,1,1,310,128901,87,40:00.0,4,17:00,245
7595907651,U,OB,1,1,510,128901,89,26:00.0,4,16:00,245
7595907761,U,IB,1,2,2160,133057,104,57:00.0,6,7:00,245
7595907808,U,IB,1,1,301,133057,104,25:00.0,6,7:00,245
7595907835,U,IB,1,1,985,126018,112,52:00.0,7,2:00,245
7595907835,U,CTY,1,1,985,126018,R517,28:00.0,7,10:00,245
7595907871,U,IB,1,2,620,133057,104,20:00.0,6,7:00,245
7595907880,U,IB,1,1,575,133057,104,14:00.0,6,7:00,245
759590789X,U,IB,1,1,210,133057,104,57:00.0,6,6:00,245
7595907936,U,IB,1,1,355,126018,112,48:00.0,7,1:00,245
7595907945,U,IB,1,1,360,126018,112,26:00.0,7,2:00,245
7595907963,U,OB,1,1,250,128566,53,38:00.0,3,3:00,245
759590800X,U,OB,1,1,280,128566,53,11:00.0,3,4:00,245
7595908019,U,OB,1,4,480,140190,66,48:00.0,7,9:00,245
7595908028,U,OB,1,4,480,140190,66,06:00.0,7,8:00,245
7595908037,U,OB,1,2,240,140190,66,59:00.0,7,9:00,245
7595908037,U,OB,1,2,240,140190,69,47:00.0,1,9:00,245
7595908046,U,OB,1,2,435,140190,54,02:00.0,7,10:00,245
7595908046,U,OB,1,2,435,140190,66,01:00.0,7,10:00,245
759590811X,U,OB,1,1,325,140190,66,55:00.0,7,6:00,245
7595908174,U,OB,1,1,276,140190,66,33:00.0,7,8:00,245
7595908183,U,IB,1,1,240,128291,105,37:00.0,7,5:00,245
7595908266,U,OB,1,2,410,128566,53,00:00.0,3,11:00,245
7595908311,U,OB,1,1,160,128566,53,57:00.0,3,11:00,245
7595908320,U,OB,1,2,415,128566,53,37:00.0,3,12:00,245
759590833X,U,OB,1,1,235,128566,5,58:00.0,3,17:00,245
759590833X,U,OB,1,1,235,128566,53,24:00.0,3,11:00,245
7595908385,U,OB,1,1,320,128566,53,43:00.0,3,12:00,245
7595908403,U,OB,1,1,270,128566,53,48:00.0,3,12:00,245
7595908430,U,OB,1,2,960,128566,53,33:00.0,3,12:00,245
759590844X,U,OB,1,1,245,128566,53,41:00.0,3,12:00,245
7595908468,U,OB,1,2,620,131615,84,46:00.0,4,4:00,245
7595908477,U,OB,1,1,215,131615,84,12:00.0,4,4:00,245
7595908486,U,OB,1,1,205,131615,84,54:00.0,4,4:00,245
7595908522,U,OB,1,1,240,131615,84,04:00.0,4,5:00,245
7595908540,U,OB,1,1,335,131615,84,46:00.0,4,6:00,245
759590855X,U,OB,1,1,305,131615,84,38:00.0,4,3:00,245
7595908578,U,OB,1,1,166,131615,84,57:00.0,4,3:00,245
7595908614,U,OB,1,1,240,131615,84,49:00.0,4,4:00,245
7595908641,U,OB,1,1,360,131615,84,59:00.0,4,4:00,245
7595908688,U,OB,1,1,225,131615,84,21:00.0,4,6:00,245
7595908706,U,OB,1,1,220,131615,84,35:00.0,4,6:00,245
7595908733,U,OB,1,1,275,131615,84,30:00.0,4,6:00,245
759590877X,U,OB,1,1,215,131615,84,21:00.0,4,5:00,245
7595908798,U,OB,1,1,270,131615,84,25:00.0,4,6:00,245
7595908807,U,OB,1,1,167,131615,84,41:00.0,4,5:00,245
7595909366,U,OB,1,3,2130,390205,51,01:00.0,7,18:00,245
7595909393,U,OB,1,2,920,390205,51,15:00.0,7,17:00,245
7595912473,U,OB,1,1,490,124058,89,17:00.0,7,3:00,245
7595912482,U,IB,1,1,218,128291,105,50:00.0,7,7:00,245
7595912482,U,CTY,1,1,218,128291,R517,27:00.0,7,10:00,245
7595912491,U,IB,1,2,1652,128291,105,47:00.0,7,7:00,245
7595912500,U,IB,1,1,637,128291,105,45:00.0,7,7:00,245
7595912776,U,OB,1,1,210,136002,86,20:00.0,4,4:00,245
7595913757,U,OB,1,5,3348,127198,88,34:00.0,6,6:00,245
7595917295,U,IB,1,2,1259,129897,111,12:00.0,3,7:00,245
7595917313,U,IB,1,7,3895,129897,111,19:00.0,3,7:00,245
7595917331,U,OB,1,2,900,138363,78,07:00.0,5,8:00,245
759591735X,U,OB,1,1,165,138363,78,22:00.0,5,6:00,245
7595917378,U,OB,1,2,310,138363,78,30:00.0,5,6:00,245
7595917387,U,OB,1,1,240,138363,78,39:00.0,5,6:00,245
7595917405,U,OB,1,1,130,138363,78,25:00.0,5,6:00,245
7595917414,U,OB,1,1,90,138363,78,00:00.0,5,8:00,245
7595917423,U,OB,1,1,240,138363,78,36:00.0,5,6:00,245
7595917432,U,OB,1,1,250,138363,78,53:00.0,5,7:00,245
7595917441,U,OB,1,1,80,138363,78,32:00.0,5,6:00,245
7595917450,U,OB,1,2,802,138363,78,12:00.0,5,8:00,245
759591746X,U,IB,1,2,681,139580,135,10:00.0,3,8:00,245
7595917643,U,IB,1,2,1685,128156,133,24:00.0,5,5:00,245
7595917652,U,OB,1,1,450,135500,90,03:00.0,5,7:00,245
7595917699,U,CTY,1,8,2809,121384,189,44:00.0,7,15:00,245
7595918074,U,OB,1,1,1079,136002,86,16:00.0,4,4:00,245
7595918092,U,IB,1,1,3646,125077,103,31:00.0,5,13:00,245
7595918101,U,IB,1,1,526,125077,103,55:00.0,5,13:00,245
7595918110,U,CTY,1,1,67,118632,213,02:00.0,5,11:00,245
759591812X,U,OB,1,5,4129,127198,88,56:00.0,6,6:00,245
7595918202,U,CTY,1,5,271,118632,213,46:00.0,5,10:00,245
7595918249,U,IB,1,1,185,128291,105,43:00.0,7,6:00,245
7595918258,U,OB,1,1,350,127088,62,56:00.0,6,11:00,245
7595918258,U,OB,1,1,350,127088,62,56:00.0,6,11:00,245
7595921769,U,OB,1,1,1037,136002,86,40:00.0,4,3:00,245
7595921778,U,OB,1,7,3045,132124,96,45:00.0,6,19:00,245
7596002298,U,CTY,1,1,387,133890,190,30:00.0,4,0:00,455
7596002417,U,OB,1,1,677,560280,69,56:00.0,4,14:00,455
7596002426,U,OB,1,1,202,560280,69,34:00.0,4,14:00,455
7596002435,U,OB,1,1,418,560280,69,43:00.0,4,14:00,455
7596002444,U,OB,1,1,840,560280,69,44:00.0,4,14:00,455
7596002453,U,OB,1,2,715,560280,69,32:00.0,4,14:00,455
7596002619,U,IB,1,1,294,137352,101,26:00.0,6,3:00,455
7596002673,U,OB,1,1,1062,121290,73,13:00.0,5,21:00,455
7596002774,U,OB,1,1,400,291042,73,22:00.0,1,1:00,455
7596002783,U,OB,1,1,902,291042,73,15:00.0,1,2:00,455
7596002893,U,OB,1,1,399,135275,43,51:00.0,4,1:00,455
7596002911,U,OB,1,2,955,135275,43,20:00.0,4,2:00,455
7596002920,U,OB,1,1,595,135275,43,06:00.0,4,0:00,455
7596002949,U,OB,1,2,752,135275,43,12:00.0,4,2:00,455
759600304X,U,OB,1,2,1108,560140,32,58:00.0,5,20:00,455
7596003059,U,OB,1,1,582,138834,14,46:00.0,7,3:00,455
7596003068,U,OB,1,1,805,138834,34,47:00.0,7,7:00,455
7596003068,U,OB,1,1,805,138834,14,00:00.0,7,4:00,455
7596003086,U,OB,1,1,695,140370,63,50:00.0,6,1:00,455
7596003187,U,OB,1,7,8170,125328,32,23:00.0,7,22:00,455
7596003223,U,OB,1,2,1340,125328,32,36:00.0,7,22:00,455
7596003306,U,OB,1,1,199,134218,31,54:00.0,3,15:00,455
7596003324,U,OB,1,1,636,126323,72,59:00.0,4,19:00,455
7596003333,U,OB,1,6,6230,124313,46,59:00.0,5,15:00,455
7596003416,U,OB,1,9,8630,136162,84,30:00.0,6,20:00,455
7596003553,U,OB,1,1,620,132358,49,36:00.0,4,21:00,455
7596003746,U,OB,1,5,3995,136173,49,21:00.0,1,0:00,455
7596003764,U,OB,1,1,764,132358,49,32:00.0,4,21:00,455
7596003901,U,IB,1,1,451,132364,143,37:00.0,6,13:00,455
759605276X,U,IB,1,1,47,PASC634013,143,48:00.0,5,14:00,272
759609489X,U,IB,1,1,160,290019,163,19:00.0,6,9:00,272
759609489X,U,CTY,1,1,160,290019,183,23:00.0,6,12:00,272
7596095073,U,CTY,1,3,415,290117,188,15:00.0,3,14:00,272
7596101343,U,CTY,1,1,465,137855,189,33:00.0,1,19:00,272
759610149X,U,CTY,1,3,1415,135708,169,40:00.0,6,6:00,272
7596128028,U,CTY,1,1,372,126281,192,23:00.0,4,12:00,272
7596130017,U,CTY,1,1,275,202196,192,38:00.0,2,14:00,272
759613559X,U,IB,1,1,135,125848,151,50:00.0,5,6:00,272
759618762X,U,CTY,1,1,500,128129,169,35:00.0,4,8:00,272
7596187693,U,CTY,1,1,137,135534,188,05:00.0,6,7:00,272
7596187720,U,CTY,1,1,129,135534,188,02:00.0,6,7:00,272
7596188270,U,CTY,1,31,7110,131662,230,58:00.0,5,15:00,272
7596188775,U,CTY,1,4,710,138134,188,02:00.0,2,19:00,272
7596192872,U,IB,1,16,5380,135378,158,56:00.0,5,5:00,272
759619466X,U,CTY,1,3,552,132845,187,48:00.0,7,12:00,272
7596194944,U,CTY,1,1,263,125775,194,32:00.0,1,22:00,272
7596194962,U,CTY,1,1,227,125775,194,29:00.0,1,22:00,272
7596198749,U,IB,1,1,450,129678,151,15:00.0,7,13:00,272
7596199555,U,IB,1,1,213,290019,163,33:00.0,6,11:00,272
7596200554,U,CTY,1,4,2491,121144,194,07:00.0,6,14:00,272
7596200554,U,CTY,1,4,2491,121144,218,21:00.0,7,0:00,272
7596202516,U,IB,1,1,800,45495,145,52:00.0,4,16:00,272
7596202534,U,CTY,1,3,2369,134948,175,40:00.0,3,1:00,272
7596202763,U,IB,1,5,900,132523,158,52:00.0,6,10:00,272
7596203625,U,CTY,1,1,235,135747,197,48:00.0,7,9:00,272
7596203634,U,CTY,1,1,285,132075,175,08:00.0,2,3:00,272
7596203634,U,CTY,1,1,285,132075,233,23:00.0,3,14:00,272
7596203634,U,CTY,1,1,285,132075,235,35:00.0,4,8:00,272
7596203634,U,CTY,1,1,285,132075,204,57:00.0,4,8:00,272
7596204249,U,CTY,1,1,145,125775,194,12:00.0,2,0:00,272
759620478X,U,IB,1,2,576,R621615927,105,00:00.0,5,11:00,272
7596205082,U,CTY,1,1,131,132845,187,57:00.0,7,13:00,272
7596205522,U,CTY,1,1,395,118908,187,35:00.0,1,13:00,272
759620918X,U,CTY,1,8,418,118908,187,44:00.0,1,13:00,272
7596210858,U,CTY,1,2,213,134974,187,25:00.0,4,0:00,272
7596210885,U,CTY,1,1,133,T402217967,187,41:00.0,4,21:00,272
7596210903,U,CTY,1,1,100,134974,231,44:00.0,3,22:00,272
7596210903,U,CTY,1,1,100,134974,187,43:00.0,3,22:00,272
7596210912,U,CTY,1,1,118,T402217967,187,39:00.0,4,22:00,272
7596212746,U,IB,1,1,368,904236,151,55:00.0,6,13:00,272
759621314X,U,CTY,1,1,235,T402217967,187,07:00.0,5,0:00,272
7596213552,U,CTY,1,2,263,T402217967,187,24:00.0,4,22:00,272
7596214827,U,CTY,1,1,146,T402217967,187,27:00.0,5,0:00,272
7596225881,U,CTY,1,3,1625,136507,194,14:00.0,5,22:00,272
7596225890,U,CTY,1,3,1056,131845,197,20:00.0,2,1:00,272
7596228889,U,IB,1,1,275,290019,163,11:00.0,6,11:00,272
7596230804,U,IB,1,1,2002,134835,143,40:00.0,4,13:00,272
7596230813,U,CTY,1,6,884,134623,195,16:00.0,6,1:00,272
7596231217,U,CTY,1,3,1032,261315,174,31:00.0,3,10:00,272
759623151X,U,CTY,1,5,1475,125579,188,28:00.0,7,21:00,272
7596231574,U,IB,1,1,739,129678,151,19:00.0,7,12:00,272
7596231592,U,CTY,1,7,7815,125579,188,10:00.0,7,19:00,272
7596231767,U,CTY,1,7,1125,T402218947,189,49:00.0,4,10:00,272
7596231794,U,CTY,1,1,90,T402218947,189,35:00.0,4,10:00,272
7596231812,U,IB,1,1,1370,121231,149,39:00.0,4,13:00,272
7596232207,U,CTY,1,2,2388,135534,188,31:00.0,6,7:00,272
7596233848,U,CTY,1,1,1033,T402217967,187,34:00.0,4,22:00,272
7596233911,U,CTY,1,2,1205,134281,194,14:00.0,7,21:00,272
7596234279,U,CTY,1,1,195,135731,197,44:00.0,5,12:00,272
7596241025,U,IB,1,1,220,129678,151,17:00.0,7,12:00,272
7596242886,U,CTY,1,2,1258,134974,187,31:00.0,4,0:00,272
7596246406,U,CTY,1,9,1365,127381,188,27:00.0,4,10:00,272
7596246781,U,CTY,1,2,540,138696,189,34:00.0,3,9:00,272
7596246819,U,CTY,1,1,345,138696,189,24:00.0,3,10:00,272
7596257332,U,CTY,1,1,343,121584,192,14:00.0,7,17:00,272
7596262796,U,CTY,1,2,3040,134974,187,49:00.0,3,22:00,272
7596264482,U,CTY,1,1,225,132845,187,55:00.0,7,11:00,272
7596264657,U,CTY,1,1,220,T402218929,174,34:00.0,5,9:00,272
7596264720,U,CTY,1,3,1245,118908,187,59:00.0,1,13:00,272
7596265050,U,CTY,1,11,4650,134623,195,50:00.0,6,2:00,272
7596265216,U,IB,1,3,865,127775,151,03:00.0,1,21:00,272
7596265216,U,IB,1,3,865,127775,158,21:00.0,1,22:00,272
7596265216,U,CTY,1,3,865,127775,191,44:00.0,1,21:00,272
7596265380,U,CTY,1,1,192,125775,194,13:00.0,1,22:00,272
759626660X,U,CTY,1,1,225,140163,175,25:00.0,5,21:00,272
759626660X,U,CTY,1,1,225,140163,183,26:00.0,5,21:00,272
7596271349,U,CTY,1,1,385,125240,174,05:00.0,7,1:00,272
7596271751,U,IB,1,1,998,126091,141,01:00.0,1,12:00,272
7596277426,U,CTY,1,1,572,T402218929,186,28:00.0,5,11:00,272
7596277426,U,CTY,1,1,572,T402218929,186,28:00.0,5,11:00,272
7596300645,U,IB,1,8,2100,45495,145,03:00.0,4,18:00,272
7596300645,U,CTY,1,8,2100,45495,231,11:00.0,4,21:00,272
7596301323,U,IB,1,1,285,129678,151,45:00.0,7,9:00,272
7596301350,U,CTY,1,1,53,126164,210,03:00.0,6,15:00,272
7596301525,U,IB,1,1,235,R621615927,105,11:00.0,5,11:00,272
759630906X,U,CTY,1,1,456,135747,197,08:00.0,7,10:00,272
7596329658,U,IB,1,1,465,129678,151,53:00.0,7,8:00,272
7596560923,U,IB,1,4,969,560027,103,21:00.0,1,19:00,671
7596561015,U,CTY,1,1,175,136717,188,07:00.0,5,12:00,671
7596561024,U,OB,1,2,257,559259,84,09:00.0,7,13:00,671
7596561125,U,CTY,1,1,220,128414,187,33:00.0,6,10:00,671
7596561428,U,IB,1,2,1459,136167,117,37:00.0,2,3:00,671
7596600276,U,CTY,1,2,1174,128784,197,02:00.0,5,8:00,135
7596604813,U,CTY,1,10,4720,131838,196,54:00.0,4,10:00,135
759660485X,U,OB,1,3,1244,139806,95,45:00.0,3,22:00,135
7596626905,U,CTY,1,1,351,261005,197,38:00.0,5,11:00,135
7596627161,U,IB,1,1,445,CVEN44615,113,06:00.0,6,10:00,135
7596684884,U,IB,1,1,270,CVEN44339,112,48:00.0,5,14:00,135
7596686662,U,IB,1,2,1248,290591,104,01:00.0,5,13:00,135
7596693363,U,OB,1,4,5000,CVEN45352,89,26:00.0,5,13:00,135
7596694600,U,CTY,1,2,580,138867,196,06:00.0,6,14:00,135
7596772179,U,IB,1,1,1888,122820,141,55:00.0,1,20:00,211
7596783215,U,IB,1,1,84,135095,149,52:00.0,4,8:00,216
7596783224,U,IB,1,4,2435,135095,149,12:00.0,4,10:00,216
7596783233,U,IB,1,1,132,135095,149,19:00.0,4,9:00,216
7596783242,U,IB,1,2,204,135095,149,23:00.0,4,10:00,216
7596783251,U,IB,1,1,374,134010,163,28:00.0,6,11:00,216
7596783260,U,IB,1,1,167,134010,163,37:00.0,6,11:00,216
759678327X,U,IB,1,1,244,134010,163,49:00.0,6,11:00,216
7596783289,U,IB,1,2,335,134405,117,16:00.0,7,7:00,216
7596783462,U,IB,1,2,418,135311,104,13:00.0,5,13:00,216
7596783527,U,IB,1,1,235,290902,131,26:00.0,3,6:00,216
7596783536,U,IB,1,2,1362,277216,113,43:00.0,4,6:00,216
7596783545,U,OB,1,1,115,249027,96,45:00.0,5,10:00,216
7596783554,U,OB,1,1,142,249027,96,31:00.0,5,10:00,216
7596783581,U,IB,1,2,405,124130,116,48:00.0,6,5:00,216
7596783590,U,IB,1,1,180,121293,105,52:00.0,7,11:00,216
759678360X,U,IB,1,1,227,126729,135,09:00.0,4,14:00,216
7596783619,U,IB,1,1,120,126729,135,50:00.0,4,13:00,216
7596783628,U,IB,1,3,2181,126729,135,13:00.0,4,14:00,216
7596783637,U,IB,1,3,466,126729,135,09:00.0,4,14:00,216
7596783673,U,IB,1,1,455,125833,105,36:00.0,7,13:00,216
7596783682,U,IB,1,1,135,127816,113,26:00.0,3,11:00,216
7596784526,U,IB,1,1,137,127469,151,36:00.0,3,10:00,216
7596784535,U,IB,1,1,121,126104,141,51:00.0,5,6:00,216
7596784544,U,IB,1,2,925,126104,141,38:00.0,5,6:00,216
7596784553,U,IB,1,2,375,125833,105,56:00.0,7,14:00,216
7596784562,U,IB,1,1,203,135095,149,12:00.0,4,9:00,216
7596784571,U,IB,1,1,351,119426,105,28:00.0,5,12:00,216
7596784580,U,IB,1,1,359,134010,163,30:00.0,6,11:00,216
7596784883,U,IB,1,1,163,139450,111,05:00.0,3,6:00,216
7596784892,U,IB,1,1,112,139450,111,07:00.0,3,6:00,216
7596784910,U,IB,1,1,111,139450,111,57:00.0,3,5:00,216
759678492X,U,IB,1,1,295,139450,111,01:00.0,3,6:00,216
7596784948,U,IB,1,2,484,123386,105,19:00.0,4,14:00,216
759679548X,U,IB,1,2,629,119676,105,08:00.0,4,16:00,216
7596797313,U,IB,1,2,1480,139450,111,40:00.0,3,5:00,216
7596797369,U,IB,1,1,484,132969,145,39:00.0,6,17:00,216
7596797479,U,IB,1,1,215,132868,116,24:00.0,7,18:00,216
7596802400,U,IB,1,9,2431,558899,135,15:00.0,7,2:00,216
7596805480,U,IB,1,1,1717,135532,114,59:00.0,4,14:00,216
7596812118,U,CTY,1,1,905,135252,188,40:00.0,3,10:00,216
7596812154,U,CTY,1,1,1065,133257,233,45:00.0,3,12:00,216
7596812154,U,CTY,1,1,1065,133257,222,22:00.0,4,2:00,216
7596812154,U,CTY,1,1,1065,133257,233,45:00.0,3,12:00,216
7596815638,U,IB,1,2,1192,290902,131,21:00.0,3,6:00,216
7596815638,U,IB,1,2,1192,290902,167,42:00.0,3,16:00,216
7596815656,U,OB,1,1,166,128748,88,54:00.0,4,17:00,216
7596824438,U,IB,1,1,190,135704,101,55:00.0,7,8:00,216
7596824456,U,OB,1,1,130,137535,95,01:00.0,7,18:00,216
7596824456,U,OB,1,1,130,137535,92,02:00.0,7,18:00,216
759682474X,U,IB,1,1,170,559143,163,18:00.0,1,6:00,216
7596824777,U,IB,1,1,100,125025,143,33:00.0,3,12:00,216
7596824813,U,IB,1,1,170,135689,101,55:00.0,6,3:00,216
759682485X,U,IB,1,1,120,135689,101,52:00.0,6,3:00,216
7596824869,U,OB,1,1,340,137673,95,37:00.0,1,10:00,216
7596824887,U,IB,1,2,940,123280,111,22:00.0,1,0:00,216
7596824923,U,IB,1,1,200,119446,103,31:00.0,5,16:00,216
7596825152,U,IB,1,1,130,130757,114,23:00.0,5,10:00,216
7596828993,U,OB,1,4,4180,249027,96,50:00.0,5,11:00,216
7596829020,U,OB,1,2,1102,249027,96,38:00.0,5,12:00,216
759682903X,U,OB,1,1,300,249027,96,55:00.0,5,10:00,216
7596829168,U,IB,1,1,427,124130,116,55:00.0,6,5:00,216
759684091X,U,IB,1,1,350,121290,117,46:00.0,3,10:00,216
7596842716,U,IB,1,5,776,279026,112,04:00.0,6,11:00,216
7596842826,U,OB,1,2,760,137673,95,57:00.0,1,19:00,216
7596842862,U,IB,1,1,208,119676,105,57:00.0,4,15:00,216
7596842954,U,IB,1,2,570,135944,116,16:00.0,3,15:00,216
7596843210,U,IB,1,2,2645,137455,152,02:00.0,7,4:00,216
7596843320,U,IB,1,2,1790,261054,129,36:00.0,4,18:00,216
7596843412,U,CTY,1,6,1141,125608,169,18:00.0,6,20:00,216
7596843430,U,IB,1,1,1095,128283,108,24:00.0,1,4:00,216
7596843430,U,IB,1,1,1095,128283,151,19:00.0,1,4:00,216
7596853541,U,IB,1,1,215,125833,105,03:00.0,7,14:00,216
7596853588,U,IB,1,2,1675,127816,113,52:00.0,3,11:00,216
7596853651,U,IB,1,4,179,127816,113,38:00.0,3,11:00,216
7596856466,U,IB,1,2,1270,261385,116,31:00.0,4,6:00,216
7596856484,U,IB,1,1,233,261385,116,25:00.0,4,6:00,216
7596856493,U,IB,1,1,650,261385,116,24:00.0,4,6:00,216
7596860471,U,IB,1,1,14,134405,117,20:00.0,7,8:00,216
7596860536,U,IB,1,1,217,134405,117,10:00.0,7,8:00,216
7596860536,U,IB,1,1,217,134405,100,20:00.0,7,8:00,216
7596861178,U,IB,1,8,4808,279026,112,01:00.0,6,7:00,216
7596865275,U,IB,1,2,1340,119426,105,50:00.0,5,12:00,216
7596865358,U,IB,1,1,561,119426,105,39:00.0,5,12:00,216
7596865376,U,IB,1,3,4150,119426,105,03:00.0,5,13:00,216
7596865394,U,IB,1,1,2,119426,105,50:00.0,5,11:00,216
7596865477,U,IB,1,1,664,119426,155,01:00.0,5,11:00,216
7596865477,U,IB,1,1,664,119426,105,00:00.0,5,11:00,216
7596865522,U,IB,1,1,707,119426,105,03:00.0,5,11:00,216
7596865614,U,IB,1,1,3,134010,163,46:00.0,6,11:00,216
7596865641,U,IB,1,1,3,134010,163,40:00.0,6,11:00,216
7596865679,U,IB,1,1,4,134010,163,43:00.0,6,11:00,216
7596865724,U,IB,1,1,1488,135095,155,33:00.0,4,10:00,216
7596865724,U,IB,1,1,1488,135095,149,30:00.0,4,10:00,216
7596865825,U,IB,1,1,1383,135095,149,57:00.0,4,10:00,216
7596865870,U,IB,1,1,245,135095,149,43:00.0,4,10:00,216
759686588X,U,IB,1,3,1909,135095,149,48:00.0,4,11:00,216
7596865908,U,IB,1,1,149,135095,149,40:00.0,4,11:00,216
7596865926,U,IB,1,1,52,119426,105,18:00.0,5,11:00,216
7596870005,U,CTY,1,1,1435,121691,174,10:00.0,7,9:00,216
7596870014,U,IB,1,1,461,261054,129,03:00.0,4,19:00,216
7596870023,U,IB,1,2,798,135532,114,36:00.0,4,12:00,216
7596870041,U,IB,1,2,1199,139612,111,01:00.0,5,10:00,216
7596870050,U,IB,1,3,1910,133452,143,28:00.0,7,18:00,216
7596887569,U,IB,1,1,335,279882,116,25:00.0,6,18:00,216
7596905279,U,IB,1,1,268,135340,149,56:00.0,3,11:00,216
7596905288,U,IB,1,1,245,135340,149,45:00.0,3,12:00,216
7596909587,U,IB,1,1,82,131089,112,26:00.0,7,10:00,216
7596909632,U,IB,1,1,1064,132868,116,23:00.0,7,20:00,216
7596924749,U,IB,1,4,3570,124130,116,16:00.0,6,7:00,216
7596924758,U,OB,1,1,240,202371,86,21:00.0,5,9:00,216
7596924767,U,IB,1,2,1905,559619,143,36:00.0,6,0:00,216
7596924776,U,IB,1,3,2645,137612,123,08:00.0,7,12:00,216
7596924785,U,IB,1,4,3725,135095,149,37:00.0,4,8:00,216
7596924794,U,IB,1,1,45,119446,103,13:00.0,5,18:00,216
7596924803,U,IB,1,5,4610,129965,143,09:00.0,7,10:00,216
7596925189,U,IB,1,4,3555,130757,114,17:00.0,5,12:00,216
7596925189,U,CTY,1,4,3555,130757,200,18:00.0,5,12:00,216
7596925198,U,IB,1,5,4450,131089,112,13:00.0,7,13:00,216
7596925207,U,IB,1,1,1015,121112,149,31:00.0,5,10:00,216
7596949681,U,IB,1,1,793,129499,131,31:00.0,6,9:00,216
7596949728,U,CTY,1,5,4304,121789,172,02:00.0,5,20:00,216
7596960719,U,CTY,1,2,4544,134363,187,30:00.0,6,16:00,216
7596960737,U,CTY,1,3,5463,134363,187,46:00.0,6,16:00,216
7596960782,U,IB,1,1,1000,119446,103,10:00.0,5,18:00,216
7596984313,U,IB,1,6,2155,125751,104,55:00.0,3,0:00,685
7596984387,U,IB,1,6,1935,560027,103,13:00.0,1,14:00,685
7596984560,U,IB,1,4,1255,125751,104,58:00.0,3,1:00,685
7596984634,U,OB,1,6,1395,125809,60,12:00.0,5,11:00,685
7596984854,U,IB,1,2,575,124058,145,01:00.0,4,9:00,685
7596984946,U,OB,1,4,1165,134853,31,07:00.0,7,3:00,685
7596985000,U,OB,1,2,302,137647,55,00:00.0,6,4:00,685
7596985211,U,IB,1,7,1455,128440,141,48:00.0,7,12:00,685
7596985276,U,IB,1,4,1078,128638,103,21:00.0,3,20:00,685
7596985377,U,IB,1,5,1610,132333,125,53:00.0,3,11:00,685
7596985431,U,OB,1,2,545,128751,32,02:00.0,3,16:00,685
759698545X,U,OB,1,1,400,128751,32,29:00.0,3,15:00,685
7596985689,U,OB,1,3,765,290348,46,13:00.0,5,1:00,685
7596985734,U,IB,1,5,952,122636,163,32:00.0,2,13:00,685
7596986028,U,OB,1,3,655,126896,26,25:00.0,3,2:00,685
7596986459,U,OB,1,12,4025,140179,44,37:00.0,4,11:00,685
7596986459,U,OB,1,12,4025,140179,49,35:00.0,4,11:00,685
7596986733,U,OB,1,2,521,125176,31,00:00.0,7,1:00,685
7597052706,U,CTY,1,1,628,125240,174,15:00.0,7,0:00,312
7597053256,U,CTY,1,1,829,135747,197,46:00.0,7,11:00,312
7597053420,U,CTY,1,1,755,127381,188,48:00.0,4,10:00,312
7597058325,U,CTY,1,1,155,138134,188,38:00.0,2,16:00,312
7597058325,U,CTY,1,1,155,138134,184,02:00.0,2,19:00,312
759708192X,U,CTY,1,1,315,140163,231,31:00.0,5,21:00,312
759708192X,U,CTY,1,1,315,140163,175,30:00.0,5,21:00,312
7597086128,U,CTY,1,3,1937,128129,169,23:00.0,4,8:00,312
7597136737,U,CTY,1,1,130,118588,169,50:00.0,4,13:00,312
7597155794,U,IB,1,1,135,128076,163,23:00.0,3,4:00,312
7597155803,U,IB,1,2,1032,128076,163,16:00.0,3,4:00,312
7597163714,U,IB,1,4,1894,126748,163,15:00.0,2,19:00,312
7597163732,U,CTY,1,1,513,135731,197,25:00.0,5,14:00,312
7597174054,U,CTY,1,1,490,135731,197,32:00.0,5,19:00,312
7597185797,U,CTY,1,1,84,132065,187,03:00.0,4,18:00,312
7597190197,U,CTY,1,1,360,131845,197,44:00.0,1,22:00,312
7597219520,U,CTY,1,5,1064,280932,173,10:00.0,2,10:00,312
7597220539,U,CTY,1,3,2130,T402217967,187,55:00.0,5,0:00,312
7597222490,U,CTY,1,1,1080,138044,176,43:00.0,4,18:00,312
7597231703,U,IB,1,2,2250,131233,149,30:00.0,6,13:00,312
7597253813,U,IB,1,2,519,125008,135,39:00.0,4,9:00,525
7597256536,U,OB,1,2,1170,128129,84,19:00.0,1,18:00,525
7597261275,U,CTY,1,1,500,211570,192,24:00.0,5,19:00,525
7597262119,U,IB,1,1,2890,137512,143,11:00.0,6,11:00,525
7597262128,U,OB,1,4,1985,127827,89,18:00.0,7,16:00,525
7597262200,U,OB,1,1,605,202296,43,56:00.0,6,23:00,525
7597262411,U,IB,1,2,1085,136229,101,38:00.0,4,4:00,525
7597263172,U,IB,1,1,240,125008,135,53:00.0,4,9:00,525
7597263603,U,OB,1,2,915,140210,73,27:00.0,7,15:00,525
7597268719,U,OB,1,1,245,280407,90,25:00.0,5,6:00,525
7597268728,U,OB,1,1,230,280407,90,01:00.0,5,7:00,525
7597268737,U,OB,1,1,440,280407,90,52:00.0,5,6:00,525
7597269112,U,OB,1,2,880,135645,30,10:00.0,2,9:00,525
7597269112,U,OB,1,2,880,135645,89,40:00.0,7,4:00,525
7597272174,U,IB,1,2,2219,136229,101,49:00.0,4,3:00,525
759727706X,U,OB,1,1,2100,128129,84,21:00.0,1,17:00,525
7597277097,U,IB,1,1,1555,125008,135,24:00.0,4,9:00,525
7597277124,U,CTY,1,2,4005,130828,172,59:00.0,1,8:00,525
7597278206,U,OB,1,10,1050,131836,89,27:00.0,4,22:00,525
7597278352,U,IB,1,2,605,125008,135,42:00.0,4,11:00,525
7597279663,U,IB,1,1,465,125008,135,59:00.0,4,6:00,525
7597279681,U,OB,1,1,1200,125182,38,25:00.0,1,22:00,525
7597279800,U,CTY,1,1,1260,130828,172,43:00.0,1,11:00,525
7597280507,U,OB,1,3,7050,131836,89,27:00.0,4,19:00,525
7597281001,U,CTY,1,1,1295,202296,206,54:00.0,2,21:00,525
759728102X,U,OB,1,1,465,202296,43,06:00.0,7,0:00,525
7597282321,U,OB,1,7,6115,290937,14,00:00.0,7,14:00,525
7597282395,U,OB,1,2,1748,135958,84,02:00.0,5,2:00,525
759728982X,U,CTY,1,1,342,123733,194,32:00.0,7,13:00,525
7597293249,U,OB,1,1,320,202296,43,36:00.0,7,1:00,525
7597293267,U,OB,1,1,374,202296,43,54:00.0,7,1:00,525
7597293330,U,IB,1,1,339,136642,164,47:00.0,3,4:00,525
7597293359,U,OB,1,1,525,290937,14,55:00.0,7,9:00,525
7597293368,U,IB,1,2,985,136642,164,49:00.0,3,5:00,525
7597295806,U,IB,1,1,1650,135492,141,28:00.0,7,12:00,525
7597295815,U,OB,1,1,1000,261272,67,10:00.0,7,8:00,525
7597297117,U,IB,1,1,147,138766,163,17:00.0,1,22:00,525
7597297162,U,OB,1,1,198,131836,89,28:00.0,4,20:00,525
7597297281,U,IB,1,1,132,261138,145,46:00.0,5,3:00,525
7597297290,U,IB,1,1,67,261138,145,23:00.0,5,4:00,525
759729730X,U,IB,1,1,67,261138,145,39:00.0,5,4:00,525
7597298913,U,OB,1,1,94,290553,78,09:00.0,2,13:00,525
7597300637,U,OB,1,1,265,128129,84,41:00.0,1,17:00,525
7597300646,U,IB,1,1,115,136229,101,14:00.0,4,4:00,525
7597301297,U,IB,1,2,3270,290103,129,15:00.0,5,21:00,525
7597302159,U,OB,1,1,855,140210,73,58:00.0,7,18:00,525
7597302168,U,OB,1,4,710,131836,89,34:00.0,4,18:00,525
7597307558,U,OB,1,1,697,128129,87,29:00.0,1,15:00,525
7597307558,U,OB,1,1,697,128129,84,25:00.0,1,15:00,525
759730764X,U,OB,1,1,625,202296,43,42:00.0,7,1:00,525
7597316174,U,OB,1,1,2210,202088,60,23:00.0,6,13:00,525
7597324864,U,OB,1,2,1432,127827,89,06:00.0,7,16:00,525
7597324882,U,IB,1,1,2390,137512,143,02:00.0,6,13:00,525
7597324938,U,OB,1,1,163,135958,84,45:00.0,4,22:00,525
7597325845,U,CTY,1,11,11945,261363,176,55:00.0,5,18:00,525
7597325872,U,OB,1,4,9110,290553,78,42:00.0,2,14:00,525
759732590X,U,CTY,1,4,3932,132032,192,10:00.0,1,13:00,525
7597325973,U,OB,1,2,326,138604,38,06:00.0,5,15:00,525
7597325982,U,OB,1,2,413,280407,90,35:00.0,5,7:00,525
759732601X,U,OB,1,1,827,135645,89,51:00.0,7,5:00,525
7597326029,U,OB,1,1,225,135645,89,41:00.0,7,5:00,525
7597326110,U,OB,1,1,643,290553,78,35:00.0,2,14:00,525
7597328411,U,OB,1,1,1535,128129,84,32:00.0,1,18:00,525
7597329585,U,IB,1,4,2775,125008,135,16:00.0,4,12:00,525
7597330685,U,OB,1,1,250,290937,14,53:00.0,7,9:00,525
759733085X,U,IB,1,1,325,261138,145,42:00.0,5,6:00,525
7597330914,U,IB,1,1,336,290103,129,53:00.0,5,21:00,525
7597331006,U,OB,1,1,175,135958,84,32:00.0,4,21:00,525
7597331015,U,OB,1,1,860,290553,78,50:00.0,2,13:00,525
7597331244,U,OB,1,1,379,131836,89,59:00.0,4,20:00,525
7597331262,U,OB,1,1,155,140210,73,33:00.0,7,13:00,525
7597332014,U,OB,1,1,19,127827,89,14:00.0,7,16:00,525
7597332032,U,OB,1,1,21,202296,43,59:00.0,7,1:00,525
7597334196,U,OB,1,1,100,202296,43,52:00.0,7,1:00,525
7597339182,U,OB,1,1,227,125182,38,10:00.0,1,22:00,525
7597341997,U,OB,1,1,482,128129,84,50:00.0,1,15:00,525
7597343582,U,CTY,1,8,4010,123733,194,12:00.0,7,14:00,525
7597343793,U,OB,1,4,5760,135958,84,43:00.0,4,21:00,525
7597346460,U,OB,1,4,2535,130657,30,23:00.0,1,12:00,525
759734658X,U,OB,1,1,264,128129,84,22:00.0,1,16:00,525
7597346599,U,OB,1,1,283,128129,84,59:00.0,1,16:00,525
7597351998,U,IB,1,1,290,280407,115,13:00.0,5,11:00,525
7597351998,U,OB,1,1,290,280407,90,43:00.0,5,7:00,525
759740620X,U,CTY,1,1,230,45300,168,53:00.0,4,20:00,160
7597406282,U,CTY,1,1,47,138164,187,03:00.0,2,4:00,160
7597413075,U,CTY,1,1,855,140247,208,17:00.0,6,14:00,160
7597413167,U,CTY,1,1,570,130954,188,42:00.0,6,5:00,160
7597413176,U,CTY,1,1,871,211511,168,39:00.0,2,12:00,160
7597413185,U,OB,1,2,1778,139694,96,41:00.0,6,0:00,160
7597415248,U,CTY,1,1,2190,137197,168,32:00.0,3,22:00,160
7597415403,U,IB,1,2,2025,290987,112,32:00.0,4,19:00,160
7597416265,U,IB,1,4,5470,125302,104,47:00.0,7,2:00,160
7597423662,U,CTY,1,2,780,138990,194,35:00.0,5,21:00,160
7597434855,U,IB,1,1,3800,139690,114,24:00.0,1,10:00,160
7597435753,U,CTY,1,1,38,138164,238,49:00.0,2,23:00,160
7597435753,U,CTY,1,1,38,138164,187,13:00.0,2,3:00,160
759743612X,U,CTY,1,1,320,138010,194,01:00.0,4,13:00,160
7597436258,U,CTY,1,1,62,135434,194,15:00.0,4,8:00,160
7597436606,U,CTY,1,1,70,130954,188,24:00.0,6,14:00,160
7597436624,U,CTY,1,1,145,130954,188,56:00.0,6,7:00,160
7597441170,U,CTY,1,1,2172,130954,188,27:00.0,6,5:00,160
7597448816,U,OB,1,1,636,129611,88,21:00.0,2,11:00,160
7597448926,U,CTY,1,1,300,139743,194,21:00.0,7,4:00,160
7597448926,U,CTY,1,1,300,139743,194,51:00.0,1,14:00,160
7597452024,U,IB,1,1,190,127444,113,12:00.0,2,8:00,160
7597453097,U,IB,1,1,315,138486,104,29:00.0,2,4:00,160
759745504X,U,CTY,1,1,449,139743,194,12:00.0,7,4:00,160
7597455773,U,CTY,1,1,415,290014,174,36:00.0,6,13:00,160
759745592X,U,IB,1,1,130,138486,104,24:00.0,2,4:00,160
7597459412,U,IB,1,1,178,136650,112,55:00.0,6,9:00,160
7597459522,U,CTY,1,1,173,45300,168,43:00.0,4,20:00,160
7597459614,U,CTY,1,1,146,290014,174,00:00.0,6,13:00,160
7597462126,U,CTY,1,1,1250,125169,175,26:00.0,2,18:00,160
7597476545,U,IB,1,1,900,140335,113,58:00.0,5,4:00,160
7597489855,U,CTY,1,2,488,121208,173,33:00.0,3,19:00,160
7597489873,U,OB,1,2,357,131945,96,55:00.0,3,22:00,160
7597498224,U,CTY,1,1,290,136191,196,03:00.0,6,20:00,160
7597499012,U,IB,1,1,3300,290987,112,31:00.0,4,18:00,160
7597556533,U,CTY,1,2,1550,131592,174,19:00.0,5,4:00,201
7597556919,U,CTY,1,1,309,131787,188,23:00.0,1,5:00,201
7597558459,U,CTY,1,2,1988,135246,189,59:00.0,4,20:00,201
7597566296,U,IB,1,1,1320,133813,141,02:00.0,5,22:00,201
759756636X,U,CTY,1,1,1310,137437,189,21:00.0,2,0:00,201
7597566442,U,CTY,1,1,1305,124114,195,20:00.0,7,10:00,201
759756658X,U,CTY,1,1,1325,291058,175,23:00.0,2,12:00,201
7597566644,U,CTY,1,1,290,131999,194,33:00.0,1,7:00,201
7597566671,U,OB,1,2,825,138501,86,23:00.0,1,21:00,201
7597568963,U,OB,1,1,1068,138501,86,55:00.0,1,21:00,201
7597571493,U,CTY,1,11,2540,125404,195,07:00.0,7,3:00,201
759757186X,U,IB,1,4,8995,117065,129,57:00.0,3,6:00,201
7597577049,U,CTY,1,1,705,134160,173,47:00.0,1,3:00,201
7597578699,U,CTY,1,5,11243,122579,192,39:00.0,7,0:00,201
7597587214,U,CTY,1,1,1605,134160,173,21:00.0,1,5:00,201
7597594281,U,CTY,1,3,1285,291058,175,28:00.0,2,13:00,201
7597675966,U,CTY,1,2,1234,135957,B   ,27:00.0,1,8:00,244
7597675966,U,CTY,1,2,1234,135957,169,17:00.0,7,15:00,244
7597676433,U,IB,1,2,1234,128350,133,17:00.0,6,13:00,244
7597682831,U,IB,1,1,390,124164,149,21:00.0,7,11:00,244
7597683592,U,IB,1,1,139,131265,111,37:00.0,5,19:00,244
7597687772,U,CTY,1,1,565,123067,195,45:00.0,3,5:00,244
7597687947,U,CTY,1,1,243,138696,189,41:00.0,3,9:00,244
7597687956,U,CTY,1,2,565,138696,189,38:00.0,3,9:00,244
7597688268,U,CTY,1,2,685,131451,184,21:00.0,5,5:00,244
7597688268,U,CTY,1,2,685,131451,184,21:00.0,5,5:00,244
7597688304,U,CTY,1,1,234,201100,175,39:00.0,6,10:00,244
7597688340,U,IB,1,1,437,261060,163,40:00.0,7,9:00,244
7597688378,U,IB,1,1,266,261060,163,03:00.0,7,9:00,244
7597688405,U,IB,1,1,410,261060,163,05:00.0,7,9:00,244
7597688414,U,IB,1,1,209,261060,163,23:00.0,7,8:00,244
7597688560,U,IB,1,1,213,128350,133,54:00.0,6,14:00,244
7597688634,U,CTY,1,4,918,135957,169,12:00.0,7,14:00,244
7597688643,U,CTY,1,1,234,135957,169,51:00.0,7,13:00,244
759768868X,U,CTY,1,1,243,135957,169,12:00.0,7,14:00,244
7597692228,U,IB,1,2,2080,123044,131,05:00.0,4,10:00,244
7597696408,U,IB,1,1,735,140246,151,25:00.0,4,3:00,244
7597697544,U,OB,1,1,184,128835,88,12:00.0,6,15:00,244
7597697580,U,CTY,1,1,275,139520,172,44:00.0,7,4:00,244
7597700157,U,IB,1,1,85,903951,149,32:00.0,5,3:00,244
7597700175,U,CTY,1,3,853,136344,192,50:00.0,4,7:00,244
7597703558,U,CTY,1,1,436,136344,192,31:00.0,4,8:00,244
7597704034,U,IB,1,1,390,131451,127,39:00.0,5,4:00,244
7597704043,U,IB,1,2,1080,131451,127,30:00.0,5,4:00,244
7597704052,U,IB,1,3,1090,131451,127,34:00.0,5,4:00,244
7597704061,U,IB,1,1,175,127963,133,14:00.0,6,16:00,244
7597704070,U,IB,1,1,122,127963,133,17:00.0,6,16:00,244
7597704117,U,IB,1,1,261,123869,133,00:00.0,6,12:00,244
7597704144,U,IB,1,2,44,558917,131,35:00.0,3,11:00,244
7597706968,U,IB,1,1,161,290993,129,30:00.0,5,12:00,244
7597707013,U,IB,1,1,225,137240,116,39:00.0,5,9:00,244
7597707022,U,IB,1,1,259,290993,129,17:00.0,5,13:00,244
7597708993,U,IB,1,1,19,136412,123,14:00.0,4,4:00,244
7597709002,U,IB,1,1,110,136412,123,33:00.0,4,3:00,244
7597709011,U,IB,1,1,226,136412,123,05:00.0,4,4:00,244
7597709938,U,IB,1,1,120,132073,127,35:00.0,7,18:00,244
7597709947,U,CTY,1,1,132,125889,175,35:00.0,7,6:00,244
7597712706,U,IB,1,1,1007,137240,116,29:00.0,5,6:00,244
7597713687,U,CTY,1,3,998,559028,169,50:00.0,5,13:00,244
7597719178,U,CTY,1,3,1020,138696,189,50:00.0,3,9:00,244
7597719562,U,IB,1,1,279,127963,133,40:00.0,6,15:00,244
7597719636,U,IB,1,1,230,140246,151,22:00.0,4,16:00,244
7597719746,U,IB,1,1,655,128350,133,51:00.0,6,14:00,244
7597719755,U,IB,1,1,150,128350,133,22:00.0,6,14:00,244
7597719791,U,IB,1,1,709,132414,164,01:00.0,4,8:00,244
7597719800,U,IB,1,1,471,132414,164,56:00.0,4,7:00,244
759772014X,U,CTY,1,1,219,139520,172,30:00.0,7,6:00,244
7597720168,U,IB,1,1,258,133416,150,54:00.0,7,20:00,244
7597776331,U,IB,1,1,537,127963,133,49:00.0,6,15:00,244
7597778320,U,IB,1,2,388,558373,133,51:00.0,3,18:00,244
7597778385,U,IB,1,4,689,558373,133,46:00.0,3,19:00,244
7597778385,U,IB,1,4,689,558373,135,56:00.0,4,1:00,244
7597778394,U,IB,1,6,1093,558373,135,56:00.0,4,1:00,244
7597778394,U,IB,1,6,1093,558373,133,07:00.0,3,19:00,244
7597778421,U,IB,1,2,371,131874,141,18:00.0,5,16:00,244
7597778468,U,IB,1,5,878,134067,117,52:00.0,6,17:00,244
7597778540,U,IB,1,1,171,124164,149,59:00.0,7,11:00,244
7597778569,U,IB,1,3,440,131786,133,30:00.0,7,8:00,244
7597778578,U,IB,1,2,358,124164,149,10:00.0,7,11:00,244
7597778587,U,IB,1,2,318,129623,145,31:00.0,3,12:00,244
759777866X,U,IB,1,1,125,131727,158,34:00.0,4,15:00,244
7597778679,U,CTY,1,1,87,136344,192,14:00.0,4,6:00,244
7597778688,U,IB,1,3,639,903951,149,13:00.0,5,7:00,244
7597778706,U,IB,1,3,505,131265,111,58:00.0,5,18:00,244
7597778715,U,IB,1,5,1070,140246,135,36:00.0,4,5:00,244
7597778715,U,IB,1,5,1070,140246,151,45:00.0,4,3:00,244
7597778724,U,IB,1,1,90,124164,149,35:00.0,7,11:00,244
7597778751,U,IB,1,4,674,128490,117,17:00.0,3,10:00,244
7597780502,U,CTY,1,1,300,123274,205,23:00.0,5,17:00,244
7597780502,U,IB,1,1,300,123274,145,52:00.0,5,8:00,244
759778053X,U,CTY,1,1,175,139520,172,25:00.0,7,6:00,244
7597780713,U,IB,1,1,704,134392,165,14:00.0,4,13:00,244
7597780713,U,IB,1,1,704,134392,133,54:00.0,4,12:00,244
7597780787,U,IB,1,1,374,125914,164,39:00.0,4,13:00,244
7597780796,U,IB,1,1,273,131265,111,46:00.0,5,16:00,244
7597780823,U,IB,1,4,2792,123274,145,27:00.0,5,9:00,244
7597782390,U,IB,1,1,13,126796,129,14:00.0,6,20:00,244
759778240X,U,IB,1,1,251,126796,129,12:00.0,6,18:00,244
759778669X,U,IB,1,1,345,124164,149,18:00.0,7,11:00,244
7597786709,U,IB,1,1,274,124164,149,15:00.0,7,11:00,244
7597786754,U,CTY,1,2,1243,136297,187,59:00.0,4,14:00,244
7597791960,U,IB,1,1,170,137240,116,16:00.0,5,8:00,244
7597791960,U,CTY,1,1,170,137240,201,01:00.0,5,9:00,244
759779197X,U,IB,1,1,163,137240,116,49:00.0,5,7:00,244
7597792007,U,IB,1,2,171,137240,116,09:00.0,5,10:00,244
7597792016,U,IB,1,1,170,137240,116,05:00.0,5,8:00,244
7597792034,U,IB,1,2,112,126796,129,08:00.0,6,19:00,244
7597792043,U,IB,1,2,190,126796,129,00:00.0,6,19:00,244
7597792043,U,CTY,1,2,190,126796,231,36:00.0,3,21:00,244
7597792052,U,IB,1,4,224,126796,129,28:00.0,6,19:00,244
7597792061,U,IB,1,2,112,126796,129,16:00.0,6,19:00,244
7597792070,U,CTY,1,1,136,126796,183,36:00.0,6,18:00,244
7597792070,U,IB,1,1,136,126796,129,34:00.0,6,18:00,244
7597792099,U,IB,1,2,132,126796,152,02:00.0,6,19:00,244
7597792099,U,IB,1,2,132,126796,129,49:00.0,6,18:00,244
7597792153,U,CTY,1,2,248,135731,197,00:00.0,5,19:00,244
7597792162,U,CTY,1,2,50,135731,197,00:00.0,5,20:00,244
7597792171,U,CTY,1,2,112,135731,197,58:00.0,5,18:00,244
7597792180,U,CTY,1,2,156,135731,197,59:00.0,5,10:00,244
7597795875,U,IB,1,1,495,133558,129,50:00.0,6,14:00,244
7597795949,U,IB,1,1,876,903951,149,36:00.0,5,3:00,244
7597797231,U,IB,1,2,644,261060,163,23:00.0,7,7:00,244
7597797718,U,IB,1,9,1486,903951,149,07:00.0,5,7:00,244
7597797763,U,CTY,1,1,181,125889,175,54:00.0,7,8:00,244
7597797772,U,IB,1,1,285,140213,131,09:00.0,1,6:00,244
7597797781,U,CTY,1,1,81,125889,175,57:00.0,7,9:00,244
7597797819,U,IB,1,1,350,140213,131,12:00.0,1,6:00,244
7597797837,U,IB,1,1,87,558917,131,15:00.0,3,7:00,244
7597797846,U,IB,1,1,170,558917,131,47:00.0,3,6:00,244
7597797855,U,IB,1,1,163,558917,131,07:00.0,3,8:00,244
7597797864,U,IB,1,1,164,558917,131,02:00.0,3,8:00,244
7597797873,U,CTY,1,1,108,129840,205,23:00.0,5,17:00,244
7597797873,U,IB,1,1,108,129840,127,59:00.0,5,12:00,244
7597797929,U,IB,1,4,765,129840,127,04:00.0,5,14:00,244
7597797947,U,IB,1,4,860,129840,127,26:00.0,5,13:00,244
7597797956,U,CTY,1,1,102,132718,187,55:00.0,5,20:00,244
7597797965,U,CTY,1,1,149,125889,175,18:00.0,7,10:00,244
759779802X,U,IB,1,2,455,139908,129,50:00.0,5,12:00,244
7597798039,U,IB,1,1,260,139908,129,54:00.0,5,12:00,244
7597798066,U,CTY,1,1,165,132718,187,07:00.0,5,21:00,244
7597798093,U,IB,1,2,590,291010,123,28:00.0,6,7:00,244
7597798149,U,IB,1,1,154,126391,127,58:00.0,6,4:00,244
7597798212,U,CTY,1,2,294,132718,187,00:00.0,5,21:00,244
7597798753,U,IB,1,1,89,124164,149,37:00.0,7,11:00,244
7597798827,U,IB,1,1,108,131727,158,29:00.0,4,15:00,244
7597798845,U,CTY,1,1,193,136344,192,20:00.0,4,6:00,244
7597798881,U,CTY,1,2,325,559028,169,59:00.0,5,13:00,244
759779890X,U,CTY,1,1,212,559028,169,53:00.0,5,13:00,244
7597798955,U,CTY,1,1,318,125889,175,51:00.0,7,8:00,244
7597799660,U,IB,1,3,507,211331,164,06:00.0,4,14:00,244
7597799698,U,IB,1,4,766,130793,141,17:00.0,3,11:00,244
7597799853,U,OB,1,8,1469,126962,96,45:00.0,3,16:00,244
7597799871,U,OB,1,1,173,126962,96,40:00.0,3,17:00,244
7597799909,U,OB,1,1,249,126962,96,43:00.0,3,17:00,244
7597799927,U,IB,1,3,480,131079,143,33:00.0,4,8:00,244
7597799936,U,IB,1,6,1375,211331,164,58:00.0,4,13:00,244
7597799954,U,IB,1,1,158,211331,164,16:00.0,4,14:00,244
7597800046,U,IB,1,1,77,127963,133,35:00.0,6,14:00,244
7597800055,U,IB,1,1,297,133291,131,36:00.0,6,12:00,244
7597800055,U,IB,1,1,297,133291,115,37:00.0,6,12:00,244
7597800064,U,IB,1,1,148,127963,133,43:00.0,6,14:00,244
7597800073,U,IB,1,3,554,127963,133,07:00.0,6,15:00,244
7597800082,U,IB,1,3,527,127963,133,02:00.0,6,15:00,244
759780011X,U,CTY,1,1,300,201100,175,03:00.0,6,11:00,244
7597800183,U,IB,1,3,599,261060,163,08:00.0,7,8:00,244
7597800293,U,IB,1,3,522,130793,141,39:00.0,3,12:00,244
7597800302,U,IB,1,5,891,558373,133,28:00.0,3,21:00,244
7597800311,U,IB,1,3,903,130793,141,45:00.0,3,12:00,244
7597800320,U,IB,1,4,700,558373,133,08:00.0,3,21:00,244
759780033X,U,IB,1,4,698,558373,133,56:00.0,3,20:00,244
759780033X,U,IB,1,4,698,558373,119,05:00.0,3,21:00,244
7597800349,U,IB,1,1,1030,136412,123,16:00.0,4,18:00,244
7597800358,U,IB,1,4,760,136412,123,48:00.0,4,18:00,244
7597800367,U,IB,1,1,220,140246,151,21:00.0,4,3:00,244
7597801339,U,IB,1,2,453,126391,127,27:00.0,6,6:00,244
7597801348,U,IB,1,2,430,126391,127,26:00.0,6,5:00,244
7597801779,U,IB,1,1,378,131265,111,51:00.0,5,16:00,244
7597801797,U,IB,1,1,450,131265,111,53:00.0,5,18:00,244
7597801851,U,IB,1,1,297,131265,111,34:00.0,5,19:00,244
7597801860,U,IB,1,1,691,131874,141,50:00.0,5,13:00,244
7597801916,U,IB,1,1,606,131265,111,01:00.0,5,20:00,244
7597801916,U,CTY,1,1,606,131265,C19 ,21:00.0,6,6:00,244
7597802841,U,IB,1,3,570,280977,133,38:00.0,3,4:00,244
7597802879,U,IB,1,1,48,140416,163,20:00.0,4,13:00,244
7597802915,U,CTY,1,1,73,128168,189,01:00.0,4,3:00,244
7597804592,U,IB,1,1,83,134392,133,04:00.0,4,13:00,244
7597804610,U,IB,1,1,145,290993,129,04:00.0,5,13:00,244
7597804639,U,IB,1,1,54,290993,129,59:00.0,5,12:00,244
7597804666,U,IB,1,6,10225,137240,116,55:00.0,5,8:00,244
7597804675,U,IB,1,3,765,135910,149,16:00.0,7,21:00,244
7597804702,U,IB,1,1,56,136131,112,17:00.0,3,3:00,244
7597804785,U,IB,1,5,1094,136131,112,03:00.0,3,4:00,244
7597804812,U,IB,1,1,74,128350,133,22:00.0,6,12:00,244
7597805050,U,IB,1,1,85,123274,145,28:00.0,5,8:00,244
759780627X,U,IB,1,2,3578,123869,133,15:00.0,6,12:00,244
7597806343,U,IB,1,10,4931,126796,129,05:00.0,6,21:00,244
7597806361,U,CTY,1,1,1484,116843,169,03:00.0,5,8:00,244
7597806370,U,CTY,1,1,250,116843,191,37:00.0,5,7:00,244
7597806370,U,CTY,1,1,250,116843,169,36:00.0,5,7:00,244
7597806408,U,IB,1,2,408,903951,149,52:00.0,5,2:00,244
7597810386,U,OB,1,2,496,128835,88,32:00.0,6,15:00,244
7597814979,U,IB,1,3,1845,132073,127,21:00.0,7,18:00,244
7597814988,U,IB,1,1,480,261060,163,47:00.0,7,6:00,244
7597815170,U,IB,1,2,1256,128490,117,10:00.0,3,10:00,244
7597815226,U,IB,1,1,85,277828,164,13:00.0,3,5:00,244
7597815381,U,IB,1,2,209,138153,149,30:00.0,3,16:00,244
7597820331,U,IB,1,1,347,123259,129,54:00.0,3,7:00,244
7597820479,U,CTY,1,3,2608,130851,169,12:00.0,5,10:00,244
7597820515,U,CTY,1,1,2326,201100,175,23:00.0,6,9:00,244
7597820551,U,CTY,1,1,507,201100,175,28:00.0,6,9:00,244
7597820616,U,IB,1,1,305,140246,151,03:00.0,4,16:00,244
7597820717,U,IB,1,1,453,290993,129,16:00.0,5,11:00,244
7597820717,U,IB,1,1,453,290993,160,17:00.0,5,11:00,244
7597820771,U,IB,1,1,406,123443,112,31:00.0,6,20:00,244
7597820818,U,IB,1,1,92,128490,117,01:00.0,3,11:00,244
7597820827,U,IB,1,1,433,131786,133,57:00.0,7,5:00,244
7597822192,U,IB,1,1,650,123259,129,35:00.0,3,6:00,244
7597824998,U,IB,1,1,568,132414,164,41:00.0,4,4:00,244
7597825346,U,IB,1,13,68,280977,133,53:00.0,3,4:00,244
7597825382,U,CTY,1,1,415,201100,175,39:00.0,6,9:00,244
759782541X,U,CTY,1,1,330,136059,175,22:00.0,3,16:00,244
7597826235,U,IB,1,1,455,136131,112,21:00.0,3,6:00,244
7597826271,U,CTY,1,5,1579,136297,187,23:00.0,4,13:00,244
759782629X,U,CTY,1,8,3202,559028,169,44:00.0,5,15:00,244
7597831872,U,IB,1,2,1525,138153,149,22:00.0,3,13:00,244
759783190X,U,IB,1,2,985,138153,149,35:00.0,3,12:00,244
7597833459,U,IB,1,3,2930,280977,133,21:00.0,3,3:00,244
7597833504,U,IB,1,2,2380,140416,163,30:00.0,4,13:00,244
7597833522,U,IB,1,1,1790,136603,111,37:00.0,5,2:00,244
7597833614,U,CTY,1,1,2226,201100,175,29:00.0,6,10:00,244
7597833623,U,CTY,1,1,1755,201100,175,48:00.0,6,10:00,244
759783366X,U,IB,1,2,4000,277828,164,26:00.0,3,5:00,244
7597833697,U,IB,1,2,3120,130793,141,19:00.0,3,10:00,244
7597833742,U,IB,1,2,2342,134392,133,14:00.0,4,13:00,244
7597833751,U,IB,1,2,2147,134392,133,58:00.0,4,13:00,244
7597833789,U,IB,1,1,820,129623,145,35:00.0,3,12:00,244
7597833816,U,CTY,1,1,1699,139819,194,06:00.0,5,18:00,244
7597833825,U,CTY,1,2,3330,139819,194,13:00.0,5,18:00,244
7597833834,U,IB,1,1,1310,137240,116,51:00.0,5,5:00,244
7597833953,U,IB,1,3,5685,131786,133,09:00.0,7,8:00,244
7597833971,U,IB,1,2,4042,128490,117,39:00.0,3,10:00,244
7597833980,U,IB,1,1,1899,131786,133,32:00.0,7,7:00,244
7597834018,U,IB,1,2,2339,131786,133,19:00.0,7,8:00,244
7597834027,U,IB,1,1,1428,131786,133,57:00.0,7,7:00,244
7597834119,U,CTY,1,1,440,136344,192,49:00.0,4,8:00,244
7597834137,U,IB,1,2,2420,127190,105,22:00.0,3,4:00,244
7597834155,U,IB,1,2,3410,127190,105,52:00.0,3,3:00,244
7597834182,U,IB,1,3,1475,136297,107,08:00.0,4,16:00,244
7597834182,U,CTY,1,3,1475,136297,187,34:00.0,4,14:00,244
7597834200,U,IB,1,4,8033,125914,164,20:00.0,4,15:00,244
7597834238,U,IB,1,1,100,131265,111,13:00.0,5,18:00,244
759783432X,U,IB,1,1,160,131265,111,08:00.0,5,18:00,244
7597834357,U,CTY,1,2,2765,135957,169,44:00.0,7,15:00,244
7597834384,U,CTY,1,2,3585,125889,175,41:00.0,7,7:00,244
7597834402,U,CTY,1,1,492,125889,175,21:00.0,7,7:00,244
7597835769,U,IB,1,4,1670,128350,133,56:00.0,6,15:00,244
7597836391,U,IB,1,1,211,126052,165,32:00.0,1,17:00,244
759783641X,U,IB,1,2,585,136191,123,20:00.0,7,13:00,244
7597836465,U,IB,1,1,29,290300,145,05:00.0,6,21:00,244
7597836474,U,CTY,1,3,118,136059,Y   ,00:00.0,3,14:00,244
7597836483,U,CTY,1,2,112,136059,Y   ,53:00.0,3,13:00,244
7597836501,U,CTY,1,4,132,136059,Y   ,42:00.0,3,13:00,244
7597836510,U,CTY,1,1,170,136059,Y   ,08:00.0,3,14:00,244
759783652X,U,CTY,1,2,112,136059,Y   ,05:00.0,3,14:00,244
7597836557,U,IB,1,6,620,125914,164,18:00.0,4,16:00,244
7597836566,U,IB,1,2,112,125914,164,57:00.0,4,16:00,244
7597836584,U,IB,1,2,146,125914,164,35:00.0,4,16:00,244
7597836730,U,IB,1,2,112,140246,151,14:00.0,4,16:00,244
7597836786,U,IB,1,1,65,140246,151,10:00.0,4,15:00,244
7597836804,U,IB,1,1,166,277828,164,26:00.0,3,4:00,244
7597836822,U,CTY,1,1,263,135731,197,29:00.0,5,12:00,244
7597836831,U,CTY,1,1,100,135731,197,38:00.0,5,18:00,244
7597836840,U,CTY,1,1,19,135731,197,05:00.0,5,19:00,244
759783685X,U,CTY,1,1,155,135731,197,10:00.0,5,12:00,244
7597837015,U,IB,1,5,2230,136412,123,35:00.0,4,18:00,244
7597837318,U,IB,1,1,474,123259,129,48:00.0,3,5:00,244
7597837381,U,CTY,1,1,180,130851,169,32:00.0,5,8:00,244
7597837639,U,CTY,1,4,9156,136297,187,54:00.0,4,14:00,244
7597838326,U,CTY,1,1,290,135957,169,36:00.0,7,15:00,244
7597838344,U,IB,1,1,193,132414,164,44:00.0,4,4:00,244
7597841076,U,CTY,1,6,535,129781,173,04:00.0,4,18:00,244
7597841130,U,IB,1,2,600,140416,163,33:00.0,4,13:00,244
759784114X,U,CTY,1,1,100,128168,189,42:00.0,4,2:00,244
7597841451,U,IB,1,1,1089,290300,145,14:00.0,6,22:00,244
7597841507,U,IB,1,1,268,277828,164,16:00.0,3,4:00,244
7597841819,U,IB,1,1,168,558917,131,24:00.0,3,5:00,244
7597841837,U,IB,1,1,204,132414,164,59:00.0,4,3:00,244
7597841855,U,IB,1,1,255,139908,129,38:00.0,5,12:00,244
759784191X,U,IB,1,3,543,123274,145,59:00.0,5,8:00,244
7597841983,U,OB,1,2,5515,126962,96,19:00.0,3,13:00,244
7597842167,U,IB,1,3,983,131786,133,32:00.0,7,6:00,244
7597842964,U,CTY,1,1,157,201100,175,58:00.0,6,8:00,244
7597843056,U,IB,1,1,67,131265,111,24:00.0,5,19:00,244
7597843092,U,IB,1,1,615,129840,127,29:00.0,5,13:00,244
7597843101,U,IB,1,1,687,129840,127,37:00.0,5,13:00,244
7597843166,U,IB,1,1,592,904236,151,14:00.0,6,15:00,244
7597843211,U,CTY,1,1,87,201100,175,33:00.0,6,9:00,244
759784323X,U,IB,1,1,72,140246,151,27:00.0,4,15:00,244
7597843469,U,CTY,1,1,106,201100,175,06:00.0,6,10:00,244
7597843478,U,IB,1,1,78,134392,133,50:00.0,4,12:00,244
7597843588,U,IB,1,1,80,131265,111,28:00.0,5,19:00,244
7597843725,U,IB,1,1,250,136412,123,59:00.0,4,3:00,244
7597843743,U,IB,1,1,2227,136412,123,07:00.0,4,4:00,244
7597845485,U,CTY,1,1,264,136059,175,37:00.0,3,16:00,244
7597845494,U,CTY,1,2,2445,136059,175,41:00.0,3,16:00,244
7597845512,U,CTY,1,1,2070,136059,175,10:00.0,3,16:00,244
7597847997,U,IB,1,1,592,128350,133,15:00.0,6,15:00,244
7597849481,U,CTY,1,1,2225,136297,187,20:00.0,4,14:00,244
7597849490,U,CTY,1,1,830,136297,187,50:00.0,4,12:00,244
7597849490,U,IB,1,1,830,136297,153,49:00.0,4,13:00,244
7597850361,U,IB,1,3,5572,132113,143,42:00.0,7,20:00,244
759785049X,U,CTY,1,2,435,136344,192,21:00.0,4,8:00,244
7597850509,U,CTY,1,4,555,136344,192,28:00.0,4,7:00,244
7597850628,U,IB,1,1,627,277828,164,43:00.0,3,4:00,244
7597850637,U,IB,1,1,229,261060,163,59:00.0,7,6:00,244
7597850682,U,CTY,1,1,457,201100,175,09:00.0,6,10:00,244
7597852011,U,OB,1,3,525,126962,96,45:00.0,3,12:00,244
7597852011,U,CTY,1,3,525,126962,215,44:00.0,3,20:00,244
7597852350,U,IB,1,2,82,132414,164,23:00.0,4,5:00,244
7597853964,U,CTY,1,1,85,135708,169,17:00.0,6,3:00,244
7597853982,U,CTY,1,1,85,135708,169,46:00.0,6,5:00,244
7597854707,U,IB,1,1,1060,140246,151,15:00.0,4,3:00,244
7597855257,U,IB,1,3,156,132073,127,25:00.0,7,20:00,244
7597855935,U,IB,1,1,85,136412,123,15:00.0,4,4:00,244
7597858501,U,IB,1,4,3892,132113,143,44:00.0,7,20:00,244
7597858501,U,IB,1,4,3892,132113,109,45:00.0,7,20:00,244
7597858602,U,IB,1,1,210,261060,163,32:00.0,7,9:00,244
7597858676,U,CTY,1,1,1011,130851,169,17:00.0,5,8:00,244
7597860820,U,CTY,1,3,155,135731,197,02:00.0,5,14:00,244
7597860930,U,IB,1,3,144,842650,158,55:00.0,5,20:00,244
7597861729,U,IB,1,1,1170,136412,123,08:00.0,4,18:00,244
7597862398,U,CTY,1,3,625,559028,169,31:00.0,5,14:00,244
7597863350,U,CTY,1,1,98,130851,169,27:00.0,5,9:00,244
759786336X,U,CTY,1,1,272,130851,169,31:00.0,5,9:00,244
7597863388,U,CTY,1,1,149,130851,169,01:00.0,5,9:00,244
7597863397,U,CTY,1,1,522,130851,169,20:00.0,5,9:00,244
7597863956,U,IB,1,1,70,127190,105,29:00.0,3,4:00,244
7597863974,U,IB,1,3,5200,136131,112,45:00.0,3,5:00,244
7597863992,U,IB,1,1,120,136297,121,28:00.0,4,14:00,244
7597863992,U,CTY,1,1,120,136297,187,41:00.0,4,13:00,244
7597864010,U,IB,1,1,147,136297,121,34:00.0,4,13:00,244
7597864010,U,CTY,1,1,147,136297,187,01:00.0,4,13:00,244
7597864039,U,IB,1,1,371,136297,121,33:00.0,4,13:00,244
7597864039,U,CTY,1,1,371,136297,187,30:00.0,4,13:00,244
7597864295,U,CTY,1,3,1150,125889,175,39:00.0,7,10:00,244
7597864304,U,IB,1,2,715,140213,131,17:00.0,1,6:00,244
759786435X,U,IB,1,1,121,139908,129,56:00.0,5,12:00,244
7597864369,U,IB,1,1,184,139908,129,57:00.0,5,12:00,244
7597864378,U,IB,1,4,9510,139908,129,47:00.0,5,12:00,244
7597864378,U,CTY,1,4,9510,139908,205,23:00.0,5,17:00,244
7597865808,U,CTY,1,1,239,559028,169,39:00.0,5,14:00,244
7597865844,U,IB,1,1,2100,134392,133,47:00.0,4,12:00,244
7597865844,U,IB,1,1,2100,134392,159,48:00.0,4,12:00,244
7597866394,U,CTY,1,7,4590,121144,194,21:00.0,6,13:00,244
7597867247,U,IB,1,1,76,131451,127,04:00.0,5,5:00,244
7597867274,U,IB,1,1,105,131451,127,07:00.0,5,5:00,244
7597867402,U,CTY,1,1,133,130851,169,02:00.0,5,8:00,244
759786743X,U,IB,1,1,97,126796,129,13:00.0,6,21:00,244
7597867449,U,IB,1,1,96,132785,127,39:00.0,1,15:00,244
7597867714,U,IB,1,2,456,132073,127,32:00.0,7,19:00,244
7597867889,U,IB,1,3,1158,136131,112,28:00.0,3,7:00,244
7597867970,U,IB,1,4,3560,133558,129,18:00.0,6,14:00,244
7597867999,U,IB,1,1,80,128350,133,45:00.0,6,13:00,244
7597868109,U,IB,1,1,85,558917,131,10:00.0,3,8:00,244
7597868154,U,CTY,1,2,236,135731,197,49:00.0,5,18:00,244
7597869474,U,CTY,1,1,166,121144,194,15:00.0,6,11:00,244
7598127323,U,IB,1,4,1202,CVEN44339,112,15:00.0,5,16:00,116
7598129624,U,IB,1,1,260,CVEN44168,116,44:00.0,7,3:00,116
7598133905,U,CTY,1,1,1444,CVEN44868,222,22:00.0,4,2:00,116
7598133905,U,CTY,1,1,1444,CVEN44868,187,18:00.0,7,20:00,116
7598144501,U,CTY,1,1,298,CVEN44868,187,12:00.0,7,20:00,116
759814463X,U,IB,1,1,917,119379,117,57:00.0,5,18:00,116
7598144804,U,IB,1,1,1740,CVEN46029,101,24:00.0,4,21:00,116
7598144840,U,IB,1,1,1720,CVEN44168,116,22:00.0,7,3:00,116
7598175595,U,OB,1,1,345,CVEN44290,95,04:00.0,1,13:00,116
7598175732,U,IB,1,8,7351,CVEN44339,112,03:00.0,5,16:00,116
7598179995,U,IB,1,1,28,CVEN44615,113,15:00.0,6,15:00,116
7598180013,U,CTY,1,1,500,129714,172,41:00.0,4,1:00,116
7598180114,U,OB,1,3,1170,CVEN45352,89,24:00.0,5,2:00,116
7598182763,U,CTY,1,5,3265,138282,169,45:00.0,2,19:00,116
7598185421,U,IB,1,1,276,CVEN43549,133,44:00.0,4,14:00,116
7598185540,U,IB,1,1,63,202259,143,43:00.0,7,5:00,116
759818577X,U,IB,1,1,281,135329,163,19:00.0,2,0:00,116
7598186595,U,IB,1,1,988,CVEN45559,151,18:00.0,6,2:00,116
7598187502,U,IB,1,1,190,CVEN46003,105,22:00.0,5,22:00,116
7598187520,U,CTY,1,1,190,129714,172,46:00.0,4,4:00,116
7598187558,U,CTY,1,1,190,CVEN43397,197,13:00.0,7,14:00,116
759818775X,U,IB,1,1,190,CVEN43549,133,07:00.0,4,20:00,116
7598187823,U,IB,1,5,1585,CVEN44339,112,18:00.0,5,20:00,116
7598187850,U,CTY,1,1,190,CVEN44708,194,57:00.0,1,18:00,116
7598191747,U,CTY,1,1,700,CVEN44152,219,27:00.0,2,13:00,116
7598194771,U,CTY,1,1,140,128293,231,12:00.0,5,18:00,116
7598194771,U,CTY,1,1,140,128293,175,11:00.0,5,18:00,116
7598197182,U,CTY,1,1,810,131810,175,26:00.0,3,10:00,116
7598208530,U,IB,1,1,165,CVEN44339,112,27:00.0,5,18:00,116
7598208559,U,IB,1,2,1690,CVEN43549,133,02:00.0,4,20:00,116
7598215049,U,CTY,1,8,7224,CVEN43397,197,36:00.0,7,14:00,116
7598215891,U,IB,1,3,800,135329,163,42:00.0,2,0:00,116
7598219934,U,CTY,1,1,465,CVEN44868,187,20:00.0,7,20:00,116
759822141X,U,IB,1,1,125,CVEN46003,105,35:00.0,5,17:00,116
7598237433,U,CTY,1,6,5040,CVEN44152,219,20:00.0,2,13:00,116
7598238625,U,CTY,1,1,700,CVEN44152,169,43:00.0,2,2:00,116
759824088X,U,IB,1,2,1815,CVEN44615,113,02:00.0,6,15:00,116
7598251430,U,CTY,1,1,190,CVEN44868,187,54:00.0,7,16:00,116
7598253686,U,CTY,1,1,151,139814,168,07:00.0,5,1:00,116
7598254382,U,OB,1,1,130,127841,55,55:00.0,7,8:00,116
7598258297,U,CTY,1,1,526,CVEN44868,216,44:00.0,3,7:00,116
7598258297,U,CTY,1,1,526,CVEN44868,187,42:00.0,7,22:00,116
7598258360,U,IB,1,1,355,CVEN45559,151,29:00.0,6,2:00,116
759825903X,U,IB,1,3,2631,CVEN45772,103,13:00.0,6,10:00,116
7598265905,U,IB,1,1,300,CVEN46029,101,15:00.0,4,20:00,116
7598265988,U,CTY,1,20,551,CVEN43549,209,43:00.0,5,10:00,116
7598265988,U,IB,1,20,551,CVEN43549,133,31:00.0,4,22:00,116
7598269553,U,IB,1,2,2280,CVEN46029,101,47:00.0,4,21:00,116
7598305139,U,OB,1,9,1292,261272,67,55:00.0,7,9:00,525
7598413736,U,OB,1,1,109,131947,50,32:00.0,3,3:00,421
759841380X,U,OB,1,2,395,131947,50,06:00.0,3,4:00,421
7598413819,U,OB,1,2,475,131947,50,08:00.0,3,4:00,421
7598413828,U,OB,1,2,415,131947,50,15:00.0,3,4:00,421
7598413837,U,OB,1,2,701,131589,39,36:00.0,4,8:00,421
7598413882,U,OB,1,1,192,131589,39,35:00.0,4,9:00,421
7598413891,U,OB,1,3,1021,131589,39,39:00.0,4,8:00,421
7598413974,U,OB,1,1,104,138679,49,38:00.0,6,9:00,421
7598413992,U,OB,1,1,197,124065,15,43:00.0,7,7:00,421
7598413992,U,OB,1,1,197,124065,22,40:00.0,7,7:00,421
7598414010,U,OB,1,3,1048,124065,22,45:00.0,7,7:00,421
7598414039,U,OB,1,12,3561,124065,22,34:00.0,7,8:00,421
7598414048,U,OB,1,3,810,124065,22,03:00.0,7,8:00,421
7598414066,U,OB,1,3,582,124065,22,30:00.0,7,8:00,421
7598414075,U,OB,1,1,283,124065,22,25:00.0,7,8:00,421
7598414149,U,OB,1,3,1012,211224,51,52:00.0,3,4:00,421
7598414158,U,OB,1,2,645,211224,51,33:00.0,3,4:00,421
7598414158,U,CTY,1,2,645,211224,194,17:00.0,3,11:00,421
7598414167,U,OB,1,2,584,211224,51,20:00.0,3,5:00,421
7598414176,U,OB,1,1,585,211224,51,56:00.0,3,4:00,421
7598414194,U,OB,1,2,570,211224,51,12:00.0,3,5:00,421
7598414212,U,OB,1,14,6515,211224,51,37:00.0,3,5:00,421
7598414259,U,OB,1,1,355,290302,52,53:00.0,4,6:00,421
7598414322,U,OB,1,8,3236,127113,67,59:00.0,5,11:00,421
7598414322,U,OB,1,8,3236,127113,41,59:00.0,5,15:00,421
7598414405,U,OB,1,2,681,125212,50,37:00.0,6,4:00,421
7598414423,U,OB,1,1,406,125212,50,25:00.0,6,4:00,421
759841446X,U,OB,1,1,472,140023,22,12:00.0,7,8:00,421
7598414479,U,OB,1,1,472,140023,22,14:00.0,7,8:00,421
7598414488,U,OB,1,2,614,140023,22,08:00.0,7,8:00,421
7598414497,U,OB,1,1,59,140023,22,16:00.0,7,8:00,421
7598414524,U,OB,1,1,183,126495,53,55:00.0,3,7:00,421
7598414551,U,OB,1,1,171,126495,53,59:00.0,3,7:00,421
7598414560,U,OB,1,2,374,126138,39,50:00.0,4,3:00,421
759841457X,U,OB,1,1,531,126138,39,03:00.0,4,4:00,421
7598414607,U,OB,1,2,421,126438,39,39:00.0,5,5:00,421
7598414643,U,OB,1,1,183,119471,40,07:00.0,6,10:00,421
7598414717,U,OB,1,2,532,131020,14,35:00.0,7,7:00,421
7598414744,U,OB,1,1,96,127085,58,03:00.0,3,8:00,421
7598414780,U,OB,1,1,270,127085,58,51:00.0,3,8:00,421
759841479X,U,OB,1,1,230,127085,58,43:00.0,3,7:00,421
7598414836,U,OB,1,1,255,136723,40,53:00.0,5,2:00,421
7598414863,U,OB,1,1,454,136723,40,56:00.0,5,2:00,421
7598414872,U,OB,1,3,1157,134637,53,34:00.0,6,6:00,421
7598414919,U,OB,1,2,672,261353,58,36:00.0,7,7:00,421
7598445883,U,IB,1,3,1085,135843,105,59:00.0,3,22:00,658
759845615X,U,CTY,1,1,501,PASC533243,187,52:00.0,2,6:00,658
7598456782,U,CTY,1,3,1100,560074,175,20:00.0,1,19:00,658
7598456838,U,CTY,1,1,350,127431,172,54:00.0,4,6:00,658
7598457213,U,IB,1,8,1865,PASC33311,145,21:00.0,4,13:00,658
7598457222,U,CTY,1,1,332,PASC175379,188,22:00.0,5,10:00,658
7598457231,U,CTY,1,4,321,PASC175379,188,18:00.0,5,2:00,658
7598457332,U,CTY,1,2,740,261389,233,05:00.0,4,23:00,658
7598457332,U,CTY,1,2,740,261389,196,51:00.0,3,18:00,658
7598457406,U,CTY,1,2,1565,PASC634013,233,37:00.0,6,19:00,658
7598457406,U,IB,1,2,1565,PASC634013,143,18:00.0,5,18:00,658
7598462017,U,CTY,1,1,666,290114,169,00:00.0,1,8:00,658
7598462035,U,CTY,1,1,474,PASC175379,188,36:00.0,5,10:00,658
7598464601,U,IB,1,1,445,PASC175379,151,08:00.0,2,19:00,658
7598465921,U,CTY,1,1,290,PASC175379,188,04:00.0,5,10:00,658
759846594X,U,CTY,1,1,185,127534,174,34:00.0,3,17:00,658
7598466426,U,IB,1,2,2786,PASC175379,151,10:00.0,2,19:00,658
759847023X,U,CTY,1,1,293,252131,189,16:00.0,3,12:00,658
7598479718,U,CTY,1,7,1050,PASC175379,192,29:00.0,6,10:00,658
759847980X,U,CTY,1,2,820,211066,175,52:00.0,2,10:00,658
759847991X,U,CTY,1,1,660,PASC175379,175,40:00.0,5,8:00,658
759847991X,U,CTY,1,1,660,PASC175379,237,22:00.0,6,18:00,658
7598481065,U,CTY,1,1,183,279237,194,55:00.0,3,13:00,658
7598482156,U,CTY,1,3,2640,PASC533243,173,01:00.0,4,11:00,658
7598483072,U,CTY,1,1,326,290301,194,30:00.0,2,8:00,658
7598483164,U,CTY,1,2,2754,PASC175379,188,19:00.0,5,8:00,658
7598483366,U,IB,1,1,464,PASC175379,151,49:00.0,2,16:00,658
7598483402,U,CTY,1,2,2472,139047,197,07:00.0,3,22:00,658
7598486776,U,CTY,1,2,1745,PASC175379,191,00:00.0,5,4:00,658
7598486776,U,CTY,1,2,1745,PASC175379,191,00:00.0,5,4:00,658
7598559971,U,CTY,1,1,514,290014,174,46:00.0,6,17:00,198
7598563610,U,IB,1,2,2010,135062,143,06:00.0,6,10:00,198
7598568670,U,IB,1,1,219,124029,113,38:00.0,4,4:00,198
7598568670,U,OB,1,1,219,124029,92,23:00.0,4,7:00,198
7598569413,U,CTY,1,4,1590,430385,187,58:00.0,2,18:00,198
7598572163,U,IB,1,1,155,127866,135,29:00.0,5,1:00,198
7598574354,U,CTY,1,6,3660,430385,187,59:00.0,2,18:00,198
759857473X,U,CTY,1,3,682,211511,168,10:00.0,2,19:00,198
7598574767,U,IB,1,6,4736,138486,104,50:00.0,2,5:00,198
7598578240,U,CTY,1,1,990,125169,175,56:00.0,2,16:00,198
7598590982,U,IB,1,1,200,138592,133,24:00.0,5,15:00,198
7598591918,U,CTY,1,1,1342,136191,196,29:00.0,6,19:00,198
7598595602,U,IB,1,1,1995,CVEN43549,133,34:00.0,4,19:00,198
7598600020,U,CTY,1,4,3680,290014,218,47:00.0,7,10:00,198
7598604229,U,CTY,1,4,3960,290014,174,07:00.0,6,18:00,198
7598605026,U,OB,1,2,898,129611,88,34:00.0,2,10:00,198
759862203X,U,CTY,1,2,899,131810,175,03:00.0,3,8:00,138
7598622085,U,CTY,1,6,1305,CVEN44786,168,30:00.0,1,22:00,138
7598622121,U,CTY,1,3,830,133390,202,18:00.0,4,14:00,138
7598622159,U,CTY,1,9,3250,133390,202,30:00.0,4,15:00,138
7598622561,U,OB,1,5,1059,123446,89,18:00.0,1,3:00,138
7598622561,U,OB,1,5,1059,123446,89,49:00.0,1,8:00,138
7598622671,U,CTY,1,7,1381,132773,176,36:00.0,6,18:00,138
7598626970,U,CTY,1,1,150,130650,173,30:00.0,4,5:00,138
7598638778,U,CTY,1,1,414,131592,174,05:00.0,5,2:00,138
7598638832,U,CTY,1,1,297,131787,188,27:00.0,1,5:00,138
7598639153,U,CTY,1,1,306,129746,182,10:00.0,3,4:00,138
7598639153,U,CTY,1,1,306,129746,182,10:00.0,3,4:00,138
7598646000,U,CTY,1,1,198,200701,192,13:00.0,4,18:00,138
7598646139,U,CTY,1,1,96,CVEN44868,187,49:00.0,7,18:00,138
7598646157,U,CTY,1,4,4348,137505,192,02:00.0,7,2:00,138
7598659063,U,CTY,1,1,227,125404,195,33:00.0,7,0:00,138
759865921X,U,CTY,1,2,767,135246,182,47:00.0,4,20:00,138
759865921X,U,CTY,1,2,767,135246,182,47:00.0,4,20:00,138
7598659256,U,IB,1,1,655,127905,111,27:00.0,6,0:00,138
7598671796,U,CTY,1,1,133,134953,188,49:00.0,2,17:00,178
759867604X,U,CTY,1,1,147,134705,192,21:00.0,7,3:00,178
759867835X,U,CTY,1,1,83,138837,192,32:00.0,1,21:00,178
7598678771,U,CTY,1,1,302,126862,174,39:00.0,6,4:00,178
7598678827,U,CTY,1,1,300,45605,175,36:00.0,5,15:00,178
7598680311,U,CTY,1,1,207,126500,192,42:00.0,5,14:00,178
7598680367,U,CTY,1,1,134,CVEN44868,187,59:00.0,7,16:00,178
7598680403,U,IB,1,1,84,125186,101,37:00.0,4,13:00,178
7598699617,U,CTY,1,1,390,125108,173,28:00.0,1,3:00,178
7598699626,U,CTY,1,1,320,125108,173,27:00.0,1,3:00,178
759870398X,U,IB,1,1,540,135329,163,16:00.0,2,8:00,178
7598704163,U,CTY,1,2,729,130650,173,48:00.0,4,6:00,178
7598704329,U,CTY,1,1,515,133807,187,48:00.0,4,6:00,178
7598704338,U,CTY,1,2,1800,127912,196,49:00.0,4,6:00,178
7598709434,U,CTY,1,4,3478,129910,187,27:00.0,4,0:00,178
7598718362,U,CTY,1,1,170,135900,168,07:00.0,5,9:00,178
7598718894,U,CTY,1,1,144,135900,168,07:00.0,5,9:00,178
7598719197,U,CTY,1,1,141,123950,173,10:00.0,6,7:00,178
7598719289,U,IB,1,1,242,202236,125,29:00.0,1,3:00,178
759875667X,U,CTY,1,1,127,135321,194,03:00.0,7,13:00,178
7598769119,U,IB,1,1,1990,430356,149,33:00.0,5,14:00,178
7598785967,U,CTY,1,1,321,PASC634534,235,18:00.0,1,17:00,388
7598785967,U,CTY,1,1,321,PASC634534,172,26:00.0,1,4:00,388
7598785985,U,CTY,1,1,582,PASC533243,187,33:00.0,2,10:00,388
7598786829,U,CTY,1,1,2550,PASC175379,188,32:00.0,5,7:00,388
7598803219,U,IB,1,1,280,PASC634516,151,01:00.0,7,12:00,388
7598803329,U,IB,1,1,258,PASC33311,145,32:00.0,4,6:00,388
7598804694,U,CTY,1,1,360,PASC634534,197,06:00.0,1,11:00,388
7598807417,U,CTY,1,4,6194,PASC175379,188,19:00.0,5,3:00,388
7598807527,U,IB,1,4,7135,126998,143,02:00.0,5,20:00,388
7598807545,U,CTY,1,3,6660,PASC533243,187,32:00.0,2,9:00,388
7598807655,U,CTY,1,1,1230,PASC175379,188,27:00.0,5,2:00,388
759880947X,U,CTY,1,1,415,560074,175,48:00.0,1,20:00,388
7598809570,U,CTY,1,1,101,PASC533243,187,38:00.0,2,7:00,388
7598810230,U,CTY,1,1,3820,PASC175379,192,34:00.0,6,6:00,388
7598811651,U,CTY,1,1,1472,211376,194,19:00.0,2,10:00,388
7598811651,U,CTY,1,1,1472,211376,172,34:00.0,3,0:00,388
7598892272,U,OB,1,2,810,136511,17,25:00.0,4,19:00,574
7598892319,U,OB,1,2,2000,136969,17,18:00.0,6,10:00,574
7598898432,U,IB,1,13,12155,137078,104,48:00.0,1,9:00,574
7598898634,U,IB,1,13,12489,291244,117,04:00.0,6,13:00,574
7598898634,U,IB,1,13,12489,291244,113,15:00.0,5,16:00,574
7598902677,U,OB,1,1,168,133578,76,37:00.0,4,9:00,574
7598903135,U,OB,1,1,2050,127948,31,21:00.0,1,5:00,574
7598924989,U,OB,1,1,270,133578,76,42:00.0,4,6:00,574
7598925355,U,IB,1,1,436,130505,113,43:00.0,6,1:00,574
7598932954,U,IB,1,2,504,137078,104,36:00.0,1,9:00,574
7598945357,U,IB,1,1,350,136665,143,43:00.0,3,4:00,574
7598947721,U,OB,1,1,5579,137153,17,50:00.0,5,12:00,574
7598947730,U,OB,1,1,5579,125891,51,18:00.0,6,5:00,574
7598949151,U,OB,1,2,1005,131853,40,59:00.0,4,23:00,574
7598960362,U,OB,1,2,42,133078,88,16:00.0,4,9:00,574
7598960409,U,IB,1,1,102,134703,113,01:00.0,4,21:00,574
7598960463,U,IB,1,1,116,127801,111,23:00.0,4,18:00,574
7598960537,U,OB,1,1,55,133578,76,26:00.0,4,9:00,574
7598960555,U,IB,1,1,40,127801,111,51:00.0,4,18:00,574
7598960573,U,IB,1,1,116,127801,111,28:00.0,4,18:00,574
7598960674,U,IB,1,1,70,127801,111,01:00.0,4,19:00,574
759896072X,U,OB,1,2,276,138353,40,56:00.0,3,20:00,574
7598960894,U,IB,1,3,75,127801,111,46:00.0,4,18:00,574
7598961197,U,OB,1,1,706,132233,49,48:00.0,5,14:00,574
7598961289,U,IB,1,3,315,119548,116,21:00.0,6,5:00,574
7598961637,U,IB,1,2,49,119548,116,56:00.0,6,8:00,574
7598968228,U,OB,1,3,46,126921,38,53:00.0,6,5:00,574
7598968338,U,CTY,1,6,2580,138630,196,49:00.0,5,9:00,574
7598968383,U,OB,1,1,31,126921,38,36:00.0,6,5:00,574
7598970500,U,OB,1,1,150,127088,63,14:00.0,6,14:00,574
7598971198,U,CTY,1,1,905,125889,175,23:00.0,7,6:00,244
7598974671,U,OB,1,1,170,136969,17,02:00.0,6,10:00,574
7598974837,U,IB,1,3,37,134673,133,03:00.0,4,11:00,574
7598974891,U,IB,1,1,170,138874,111,05:00.0,2,8:00,574
7598974900,U,IB,1,1,68,138874,111,54:00.0,2,7:00,574
7598974938,U,OB,1,1,201,132150,67,08:00.0,2,21:00,574
7598974965,U,OB,1,1,50,132150,67,23:00.0,2,21:00,574
7598975084,U,OB,1,6,126,140263,74,05:00.0,5,7:00,574
7598975598,U,IB,1,1,137,291244,113,59:00.0,5,13:00,574
7598975717,U,OB,1,1,79,132150,67,19:00.0,2,21:00,574
7598975726,U,CTY,1,1,102,138066,189,58:00.0,3,3:00,574
7598976000,U,OB,1,1,354,132150,67,34:00.0,2,21:00,574
7598976056,U,OB,1,1,46,134752,73,48:00.0,3,3:00,574
7598976065,U,OB,1,3,109,125891,51,41:00.0,6,5:00,574
7598976110,U,OB,1,2,205,140263,74,49:00.0,5,5:00,574
7598976166,U,OB,1,1,66,140148,22,28:00.0,5,20:00,574
759897623X,U,OB,1,1,79,140148,22,30:00.0,5,20:00,574
7598976312,U,OB,1,1,46,136511,17,45:00.0,4,19:00,574
7598976321,U,OB,1,1,33,140148,22,26:00.0,5,20:00,574
7598976359,U,OB,1,1,46,136511,17,42:00.0,4,19:00,574
7598976689,U,IB,1,1,46,291244,113,46:00.0,5,14:00,574
759897678X,U,OB,1,3,46,124137,32,49:00.0,4,21:00,574
7598976799,U,IB,1,1,42,130967,133,36:00.0,5,10:00,574
7598976808,U,OB,1,3,99,124137,32,07:00.0,4,22:00,574
759897700X,U,OB,1,1,79,132660,40,16:00.0,5,15:00,574
7598977275,U,CTY,1,1,456,139517,168,40:00.0,1,19:00,574
7598977275,U,OB,1,1,456,139517,46,41:00.0,1,19:00,574
759897733X,U,OB,1,1,42,124137,32,58:00.0,4,21:00,574
7598977385,U,OB,1,1,42,139967,67,31:00.0,7,21:00,574
7598977522,U,OB,1,2,181,132660,40,21:00.0,5,15:00,574
7598977650,U,OB,1,6,212,127088,63,23:00.0,6,15:00,574
7598977870,U,OB,1,1,50,140263,74,19:00.0,5,5:00,574
7598977935,U,OB,1,1,46,140263,74,17:00.0,5,7:00,574
7598977953,U,OB,1,9,249,140263,74,37:00.0,5,9:00,574
7598978072,U,IB,1,9,168,130967,133,45:00.0,5,10:00,574
759897832X,U,OB,1,3,54,128595,69,55:00.0,3,0:00,574
7598978411,U,OB,1,1,170,128595,69,35:00.0,2,22:00,574
7598979338,U,OB,1,1,79,128595,69,25:00.0,2,22:00,574
7598979713,U,OB,1,1,124,131729,73,40:00.0,5,14:00,574
7598980218,U,OB,1,1,358,128595,69,12:00.0,3,1:00,574
7598980474,U,OB,1,4,120,132150,67,01:00.0,2,19:00,574
7598980483,U,OB,1,1,105,132150,67,35:00.0,2,19:00,574
7598980575,U,IB,1,2,128,138874,111,28:00.0,2,6:00,574
7598980611,U,OB,1,1,41,132150,67,50:00.0,2,21:00,574
7598980649,U,OB,1,1,116,138874,24,04:00.0,2,10:00,574
7598980649,U,IB,1,1,116,138874,111,49:00.0,2,6:00,574
7598980840,U,OB,1,1,51,125891,51,33:00.0,6,5:00,574
7598984609,U,OB,1,1,41,45505,55,27:00.0,6,19:00,574
759898481X,U,OB,1,1,358,138745,78,21:00.0,7,13:00,574
7598985644,U,IB,1,1,28,127801,111,37:00.0,4,18:00,574
759898569X,U,IB,1,3,84,127801,111,06:00.0,4,19:00,574
7598986203,U,OB,1,1,90,127088,63,16:00.0,6,15:00,574
7598986221,U,IB,1,2,56,127801,111,58:00.0,4,18:00,574
7598986836,U,OB,1,2,80,128595,69,17:00.0,2,22:00,574
7598986845,U,OB,1,1,40,133078,88,21:00.0,4,9:00,574
7598987110,U,OB,1,1,28,137824,46,50:00.0,2,12:00,574
7598987303,U,OB,1,1,40,133078,88,18:00.0,4,9:00,574
7598987395,U,OB,1,1,87,137824,46,33:00.0,2,13:00,574
7598987440,U,OB,1,1,116,137824,46,37:00.0,2,13:00,574
7598987945,U,IB,1,2,52,132582,123,12:00.0,1,7:00,574
7598987990,U,IB,1,2,47,134703,113,13:00.0,4,21:00,574
7598988019,U,IB,1,1,73,134703,113,10:00.0,4,21:00,574
7598988147,U,IB,1,1,70,134703,113,06:00.0,4,21:00,574
7598988311,U,IB,1,2,50,119548,116,58:00.0,6,6:00,574
7598988320,U,OB,1,1,28,139967,67,34:00.0,7,21:00,574
759898866X,U,IB,1,2,148,121724,133,18:00.0,1,7:00,574
7598988798,U,OB,1,2,80,133078,88,49:00.0,4,8:00,574
7598988834,U,IB,1,1,33,134703,113,32:00.0,4,21:00,574
7598988962,U,IB,1,1,130,134703,113,17:00.0,4,21:00,574
7598989045,U,IB,1,2,232,134703,113,22:00.0,4,21:00,574
7598989045,U,OB,1,2,232,134703,4,43:00.0,5,6:00,574
7599046108,U,OB,1,1,619,125891,51,32:00.0,6,5:00,574
7599046245,U,OB,1,1,116,125891,51,45:00.0,6,5:00,574
7599046319,U,OB,1,1,64,125891,51,37:00.0,6,5:00,574
7599046730,U,OB,1,1,116,125891,51,18:00.0,6,4:00,574
7599046869,U,OB,1,1,25,125891,51,42:00.0,6,5:00,574
7599046887,U,OB,1,4,128,125279,52,01:00.0,6,17:00,574
7599046950,U,OB,1,1,116,125279,52,44:00.0,6,16:00,574
7599050131,U,OB,1,1,620,137153,17,09:00.0,5,14:00,574
7599056668,U,OB,1,1,550,133578,76,27:00.0,4,8:00,574
7599056686,U,OB,1,1,1060,133578,76,21:00.0,4,10:00,574
7599056933,U,OB,1,1,82,132150,67,32:00.0,2,21:00,574
7599056951,U,CTY,1,2,443,131853,213,23:00.0,5,10:00,574
7599056951,U,OB,1,2,443,131853,40,30:00.0,5,0:00,574
7599059519,U,OB,1,1,102,127419,76,56:00.0,4,22:00,574
7599059564,U,OB,1,1,248,132150,67,13:00.0,2,19:00,574
7599065513,U,OB,1,1,565,134752,73,31:00.0,3,0:00,574
7599075038,U,CTY,1,1,40,138066,189,55:00.0,3,3:00,574
7599075047,U,OB,1,1,35,132150,67,13:00.0,2,21:00,574
7599075074,U,IB,1,7,498,134673,133,03:00.0,4,10:00,574
7599075148,U,IB,1,1,116,134673,133,54:00.0,4,8:00,574
7599075294,U,IB,1,2,436,134673,133,28:00.0,4,10:00,574
7599075469,U,CTY,1,1,78,138066,189,45:00.0,3,5:00,574
7599075487,U,OB,1,1,105,140430,76,37:00.0,4,18:00,574
759907567X,U,OB,1,1,340,132150,67,59:00.0,2,21:00,574
7599075817,U,IB,1,1,59,134673,133,47:00.0,4,8:00,574
7599075844,U,IB,1,1,105,134673,133,40:00.0,4,8:00,574
7599076037,U,IB,1,1,28,138874,111,34:00.0,2,6:00,574
7599076201,U,IB,1,1,150,138874,111,52:00.0,2,6:00,574
7599081427,U,OB,1,4,665,45505,55,38:00.0,6,19:00,574
7599081463,U,OB,1,1,116,137797,72,53:00.0,4,17:00,574
7599081692,U,OB,1,1,116,125808,88,47:00.0,7,12:00,574
7599081849,U,OB,1,1,45,137797,72,06:00.0,4,18:00,574
7599081959,U,OB,1,2,156,137797,72,02:00.0,4,18:00,574
7599082087,U,OB,1,1,55,134752,73,14:00.0,3,0:00,574
7599082188,U,OB,1,1,116,137797,72,21:00.0,4,18:00,574
7599082343,U,CTY,1,1,49,125808,238,56:00.0,3,21:00,574
7599082343,U,CTY,1,1,49,125808,235,13:00.0,4,21:00,574
7599082343,U,OB,1,1,49,125808,88,48:00.0,7,11:00,574
7599082408,U,IB,1,1,277,131836,101,30:00.0,7,1:00,574
7599082435,U,OB,1,1,70,118732,46,53:00.0,7,16:00,574
7599082554,U,OB,1,1,59,134752,73,06:00.0,3,0:00,574
7599082738,U,OB,1,1,28,45505,55,33:00.0,6,19:00,574
7599082756,U,OB,1,1,228,139942,50,22:00.0,7,21:00,574
7599083104,U,OB,1,1,46,45505,55,41:00.0,6,19:00,574
7599083250,U,OB,1,1,87,139942,50,13:00.0,7,21:00,574
7599083297,U,OB,1,4,420,139942,50,06:00.0,7,21:00,574
7599084644,U,OB,1,1,313,128416,40,05:00.0,7,18:00,574
7599084662,U,OB,1,1,2100,128416,40,02:00.0,7,17:00,574
7599087248,U,OB,1,3,255,121829,60,50:00.0,7,22:00,574
7599299153,U,IB,1,3,335,122579,112,14:00.0,1,3:00,313
7599299501,U,IB,1,3,225,140045,143,11:00.0,1,8:00,313
7599299804,U,CTY,1,1,183,132052,175,54:00.0,7,0:00,313
7599300666,U,CTY,1,1,183,138097,194,16:00.0,5,11:00,313
7599300767,U,CTY,1,1,183,131218,169,39:00.0,6,9:00,313
7601009398,U,CTY,1,2,1710,134789,169,04:00.0,3,19:00,814
7601009499,U,CTY,1,2,4050,140231,189,59:00.0,5,2:00,813
7601010406,U,CTY,1,2,4050,131208,173,58:00.0,3,12:00,813
7601011057,U,IB,1,3,5205,132669,164,07:00.0,3,15:00,813
7601011102,U,IB,1,4,1840,138342,152,07:00.0,1,15:00,814
7601011331,U,OB,1,1,450,130927,31,27:00.0,5,12:00,615
7601011533,U,CTY,1,1,460,126420,175,42:00.0,1,10:00,814
7601113559,U,IB,1,1,220,123681,141,54:00.0,4,6:00,155
7601113568,U,CTY,1,1,112,135109,196,09:00.0,4,4:00,155
7601113568,U,CTY,1,1,112,135109,215,08:00.0,4,8:00,155
7601152131,U,CTY,1,1,751,135109,196,21:00.0,4,4:00,155
7601152948,U,CTY,1,1,678,135321,207,18:00.0,1,20:00,155
7601152948,U,CTY,1,1,678,135321,194,45:00.0,7,12:00,155
7601152957,U,CTY,1,1,605,135321,194,39:00.0,7,13:00,155
7601155514,U,OB,1,1,305,136032,90,42:00.0,3,8:00,155
7601160675,U,IB,1,1,245,122376,149,42:00.0,4,16:00,155
7601160684,U,CTY,1,1,345,249122,172,20:00.0,4,19:00,155
7601164864,U,CTY,1,6,3255,128784,197,00:00.0,5,7:00,155
7601175379,U,IB,1,3,2875,138544,105,29:00.0,3,14:00,155
7601186204,U,CTY,1,3,840,140024,189,17:00.0,5,13:00,155
7601186213,U,CTY,1,4,1600,140024,189,02:00.0,5,13:00,155
7601186460,U,IB,1,1,30,123681,141,50:00.0,4,8:00,155
7601196737,U,CTY,1,1,3200,125588,168,06:00.0,1,22:00,155
7601203932,U,IB,1,1,1005,125186,101,37:00.0,4,13:00,155
7601204464,U,IB,1,2,2870,134073,163,22:00.0,3,22:00,155
7601204491,U,IB,1,1,2785,135973,131,30:00.0,4,4:00,155
7601204830,U,CTY,1,1,160,126370,196,32:00.0,7,15:00,155
7601204886,U,CTY,1,1,169,137653,194,16:00.0,6,3:00,155
7601204913,U,CTY,1,1,52,211335,197,59:00.0,6,16:00,155
760120693X,U,CTY,1,1,1962,126791,196,57:00.0,5,1:00,155
7601207059,U,CTY,1,7,2800,135972,192,57:00.0,6,1:00,155
7601214034,U,CTY,1,1,346,126791,196,51:00.0,5,2:00,155
7601217206,U,CTY,1,1,335,128691,196,21:00.0,2,19:00,155
7601217215,U,CTY,1,1,1076,128691,196,45:00.0,2,18:00,155
7601218003,U,CTY,1,5,8174,137653,194,11:00.0,6,3:00,155
7601222679,U,CTY,1,7,12820,R62112290,188,44:00.0,5,3:00,155
7601222715,U,CTY,1,3,5487,129910,187,53:00.0,3,23:00,155
760122288X,U,CTY,1,3,4001,126370,196,44:00.0,7,15:00,155
7601222971,U,CTY,1,1,265,211335,197,42:00.0,6,16:00,155
7601223521,U,CTY,1,1,486,202127,197,40:00.0,1,23:00,155
760122607X,U,CTY,1,1200,1200,126618,196,15:00.0,2,19:00,155
760122607X,U,CTY,1,1200,1200,126618,198,23:00.0,2,19:00,155
7601226381,U,CTY,1,2,160,128784,197,34:00.0,5,6:00,155
7601228792,U,CTY,1,2,1457,132816,197,59:00.0,6,2:00,155
7601228810,U,CTY,1,3,4164,132816,197,11:00.0,6,1:00,155
7601228810,U,CTY,1,3,4164,132816,231,50:00.0,6,17:00,155
7601228893,U,CTY,1,1,421,135321,194,42:00.0,7,12:00,155
7601229681,U,CTY,1,4,5335,126570,235,47:00.0,4,21:00,155
7601229681,U,CTY,1,4,5335,126570,188,36:00.0,3,8:00,155
7601229791,U,CTY,1,2,2165,249345,197,52:00.0,7,20:00,155
7601238519,U,CTY,1,1,260,202127,197,00:00.0,2,0:00,155
7601239911,U,CTY,1,1,220,45605,175,06:00.0,5,15:00,155
7601245036,U,CTY,1,1,168,133118,195,00:00.0,1,5:00,155
7601266183,U,OB,1,1,528,136032,90,36:00.0,3,8:00,155
7601266210,U,CTY,1,1,637,132666,197,33:00.0,5,21:00,155
7601277028,U,IB,1,1,820,125186,101,36:00.0,4,13:00,155
7601285662,U,CTY,1,2,395,133417,187,24:00.0,1,21:00,155
7601327536,U,CTY,1,1,140,131879,176,01:00.0,6,22:00,857
7601329534,U,IB,1,2,1675,127210,151,06:00.0,3,21:00,857
7601329644,U,CTY,1,1,90,290977,197,46:00.0,3,12:00,857
7601329644,U,CTY,1,1,90,290977,R4  ,34:00.0,3,13:00,857
7601333622,U,CTY,1,2,1100,134846,188,59:00.0,5,0:00,857
7601334686,U,IB,1,1,165,123837,135,21:00.0,5,21:00,857
7601334695,U,IB,1,2,625,123837,135,50:00.0,5,20:00,857
760134509X,U,CTY,1,4,5065,133598,173,23:00.0,1,8:00,857
7601345181,U,CTY,1,2,1385,133598,173,45:00.0,1,8:00,857
7601348445,U,CTY,1,1,1784,132701,235,13:00.0,2,22:00,857
7601349848,U,CTY,1,1,330,133819,195,15:00.0,6,20:00,857
7601349848,U,CTY,1,1,330,133819,235,08:00.0,3,22:00,857
7601349902,U,CTY,1,1,410,133819,195,18:00.0,6,20:00,857
7601350003,U,CTY,1,1,431,133715,187,32:00.0,1,6:00,857
7601353909,U,IB,1,1,410,127210,151,24:00.0,3,21:00,857
7601354201,U,OB,1,1,700,558489,88,21:00.0,3,4:00,857
7601354201,U,IB,1,1,700,558489,108,22:00.0,3,4:00,857
7601360563,U,IB,1,1,1000,127210,151,50:00.0,3,20:00,857
7601368117,U,IB,1,1,553,126666,117,19:00.0,1,8:00,857
7601368153,U,CTY,1,1,350,131690,211,20:00.0,7,0:00,857
7601368153,U,CTY,1,1,350,131690,212,42:00.0,6,12:00,857
7601368227,U,CTY,1,1,418,131231,212,41:00.0,6,12:00,857
7601368227,U,CTY,1,1,418,131231,235,48:00.0,6,4:00,857
7601368227,U,CTY,1,1,418,131231,211,20:00.0,7,0:00,857
7601368447,U,CTY,1,1,245,124196,192,18:00.0,5,9:00,857
7601368557,U,CTY,1,1,323,249121,189,47:00.0,3,21:00,857
7601369280,U,IB,1,3,254,127210,151,13:00.0,3,22:00,857
7601369309,U,IB,1,5,1353,127210,151,08:00.0,3,22:00,857
7601369610,U,CTY,1,2,795,127977,173,09:00.0,5,5:00,857
7601369776,U,IB,1,1,322,137943,164,44:00.0,3,22:00,857
7601371590,U,CTY,1,1,1589,133715,187,22:00.0,1,8:00,857
7601380904,U,CTY,1,1,686,133715,187,09:00.0,1,8:00,857
7601381023,U,OB,1,3,2850,137815,90,53:00.0,4,22:00,857
7601410292,U,IB,1,5,1214,131085,141,24:00.0,3,22:00,857
7601434932,U,CTY,1,2,442,133744,194,14:00.0,4,21:00,857
7601439323,U,CTY,1,1,14,130617,188,02:00.0,3,2:00,857
7601440991,U,OB,1,1,124,128078,97,19:00.0,3,15:00,857
7601440991,U,OB,1,1,124,128078,82,09:00.0,3,15:00,857
7601443907,U,CTY,1,5,2090,123631,196,56:00.0,1,5:00,857
7601454384,U,CTY,1,6,766,133598,173,55:00.0,1,10:00,857
7601459224,U,CTY,1,1,870,126239,175,58:00.0,1,9:00,857
7601470334,U,OB,1,3,1431,559935,60,40:00.0,3,22:00,422
7601470343,U,OB,1,2,887,559935,60,37:00.0,3,22:00,422
7601470352,U,OB,1,1,380,559935,60,38:00.0,3,22:00,422
7601470361,U,OB,1,2,1615,559935,60,06:00.0,3,22:00,422
7601470370,U,OB,1,2,5978,559935,60,23:00.0,3,21:00,422
7601470417,U,OB,1,2,1608,830967,84,32:00.0,5,20:00,422
7601470426,U,OB,1,4,10624,830887,51,29:00.0,6,22:00,422
7601470435,U,OB,1,1,2754,830887,51,31:00.0,6,22:00,422
7601470444,U,OB,1,1,3193,830887,51,37:00.0,6,22:00,422
7601470453,U,OB,1,2,5797,830887,51,17:00.0,6,22:00,422
760147280X,U,CTY,1,1,1827,131879,176,10:00.0,6,20:00,857
7601472983,U,CTY,1,3,2150,125210,189,33:00.0,2,22:00,857
7601473708,U,CTY,1,2,690,123631,196,39:00.0,1,4:00,857
7601473753,U,CTY,1,3,755,135187,172,26:00.0,5,1:00,857
760147401X,U,CTY,1,1,365,138802,195,44:00.0,1,3:00,857
760148941X,U,IB,1,1,945,136611,149,20:00.0,7,19:00,653
7601493279,U,IB,1,1,238,128243,117,18:00.0,7,4:00,653
7601493351,U,OB,1,1,1488,135469,88,02:00.0,1,12:00,653
760149359X,U,IB,1,2,3700,132136,113,17:00.0,2,2:00,653
760149403X,U,CTY,1,1,628,139837,175,50:00.0,3,19:00,653
7601495836,U,OB,1,3,2962,139562,55,08:00.0,6,11:00,683
7601497971,U,OB,1,3,6963,137332,26,21:00.0,6,20:00,683
7601500786,U,IB,1,4,8476,134633,149,50:00.0,1,21:00,683
7601502023,U,IB,1,1,539,121519,141,46:00.0,5,22:00,683
7601502041,U,OB,1,2,496,128131,51,19:00.0,2,15:00,683
7601502050,U,OB,1,4,1252,128260,58,23:00.0,4,14:00,683
760150525X,U,IB,1,4,4000,138351,149,51:00.0,4,13:00,683
7601505442,U,OB,1,1,962,121519,37,42:00.0,6,8:00,683
7601505442,U,IB,1,1,962,121519,141,15:00.0,6,0:00,683
7601507267,U,OB,1,1,334,135994,22,18:00.0,7,22:00,683
7601507368,U,IB,1,2,1214,128575,104,42:00.0,5,17:00,683
7601507368,U,OB,1,2,1214,128575,70,59:00.0,5,22:00,683
7601507413,U,OB,1,1,362,134984,26,53:00.0,5,10:00,683
7601522052,U,OB,1,1,70,134984,26,23:00.0,5,11:00,683
7601522319,U,CTY,1,1,510,126101,235,01:00.0,2,22:00,683
7601522840,U,OB,1,1,150,132299,18,49:00.0,7,15:00,683
7601524097,U,OB,1,1,7,127322,66,39:00.0,6,15:00,683
7601531521,U,OB,1,1,497,128131,51,41:00.0,2,12:00,683
7601534583,U,CTY,1,15,16421,122639,168,00:00.0,2,0:00,653
7601578060,U,OB,1,1,473,128131,51,50:00.0,2,12:00,683
7601583111,U,OB,1,1,155,138115,73,22:00.0,5,1:00,683
7601598466,U,CTY,1,1,314,125831,187,02:00.0,6,10:00,653
760160304X,U,IB,1,1,192,133808,123,35:00.0,3,8:00,695
7601603580,U,OB,1,1,275,128325,52,37:00.0,4,5:00,695
7601603609,U,OB,1,3,4006,135826,74,39:00.0,4,13:00,695
7601608824,U,OB,1,1,228,128452,39,42:00.0,3,17:00,695
7601608961,U,OB,1,2,386,138316,53,42:00.0,2,16:00,695
7601609118,U,OB,1,1,250,128452,39,12:00.0,3,17:00,695
7601614407,U,CTY,1,1,685,137932,169,45:00.0,5,1:00,653
760161448X,U,IB,1,1,290,138552,151,32:00.0,5,1:00,653
7601618385,U,OB,1,1,187,136514,78,14:00.0,3,15:00,653
7601618403,U,OB,1,1,275,136514,78,59:00.0,3,13:00,653
760162064X,U,OB,1,1,148,128452,39,20:00.0,3,18:00,695
7601622639,U,IB,1,2,1228,530367,103,35:00.0,7,20:00,653
7601622720,U,OB,1,1,775,135469,88,38:00.0,1,16:00,653
7601622868,U,OB,1,1,585,139982,53,19:00.0,3,16:00,653
7601626323,U,CTY,1,6,5149,129848,194,31:00.0,5,22:00,695
7601629091,U,OB,1,1,198,128452,39,33:00.0,3,17:00,695
7601629798,U,IB,1,2,558,261332,131,00:00.0,2,1:00,695
7601629834,U,IB,1,1,402,261332,131,01:00.0,2,2:00,695
760163032X,U,CTY,1,1,86,128154,172,43:00.0,3,15:00,695
7601630750,U,OB,1,1,212,129751,63,37:00.0,7,16:00,695
7601631897,U,OB,1,1,628,132147,43,12:00.0,2,16:00,695
7601631942,U,OB,1,1,475,126945,87,58:00.0,3,16:00,695
7601634270,U,OB,1,1,50,129927,31,25:00.0,6,17:00,695
7601636077,U,IB,1,1,210,261214,125,25:00.0,6,0:00,695
7601636838,U,IB,1,2,1199,132333,125,58:00.0,3,14:00,695
7601637067,U,OB,1,1,249,559414,96,14:00.0,1,16:00,695
760163714X,U,OB,1,1,345,559414,96,11:00.0,1,16:00,695
7601637159,U,OB,1,1,280,559414,96,08:00.0,1,16:00,695
7601643649,U,CTY,1,1,345,125760,174,53:00.0,3,6:00,841
7601654364,U,IB,1,2,4383,132364,143,07:00.0,6,14:00,841
7601657417,U,IB,1,2,540,126165,149,31:00.0,6,5:00,841
7601743666,U,CTY,1,2,635,126944,189,08:00.0,2,13:00,841
7601764988,U,CTY,1,1,550,139630,192,41:00.0,7,6:00,841
7601796475,U,OB,1,1,80,HAEI34834,80,12:00.0,1,7:00,841
7601823535,U,IB,1,1,445,133386,131,18:00.0,7,16:00,841
7601825607,U,CTY,1,1,802,127922,197,17:00.0,7,10:00,841
7601828916,U,CTY,1,1,486,130658,191,51:00.0,3,13:00,841
7601828916,U,CTY,1,1,486,130658,191,51:00.0,3,13:00,841
7601832710,U,IB,1,1,41,135982,145,23:00.0,4,16:00,841
7601834755,U,IB,1,1,230,136642,164,52:00.0,3,2:00,841
7601834829,U,CTY,1,1,310,125307,195,23:00.0,2,2:00,841
7601835186,U,CTY,1,1,160,117243,175,44:00.0,1,21:00,841
7601835828,U,OB,1,1,350,131908,80,55:00.0,6,15:00,841
7601835828,U,CTY,1,1,350,131908,205,47:00.0,6,15:00,841
7601837056,U,CTY,1,1,380,291132,231,08:00.0,3,21:00,841
7601838358,U,CTY,1,1,310,137791,169,57:00.0,2,9:00,841
7601838971,U,CTY,1,1,295,132532,197,43:00.0,3,12:00,841
7601845342,U,CTY,1,1,215,139630,192,12:00.0,7,7:00,841
760184603X,U,CTY,1,1,400,291132,174,45:00.0,3,0:00,841
7601852382,U,IB,1,1,700,129663,158,17:00.0,3,15:00,841
7601856315,U,CTY,1,1,125,HAEI24595,173,50:00.0,7,13:00,841
7601856360,U,IB,1,1,331,129663,158,11:00.0,3,15:00,841
7601864601,U,CTY,1,1,400,135846,192,22:00.0,3,18:00,841
7601875574,U,CTY,1,2,595,131503,189,01:00.0,6,13:00,841
7601880818,U,CTY,1,3,1200,127438,168,13:00.0,5,17:00,841
7601882156,U,CTY,1,5,2931,139630,192,32:00.0,7,6:00,841
760188222X,U,CTY,1,4,1539,132416,197,53:00.0,4,1:00,841
7601903478,U,CTY,1,1,68,249345,197,01:00.0,7,21:00,155
7601932040,U,IB,1,6,7530,558899,135,02:00.0,7,1:00,216
7601932096,U,IB,1,9,10945,123824,113,54:00.0,6,22:00,435
760193854X,U,CTY,1,4,2270,530699,197,42:00.0,4,21:00,661
7601939704,U,CTY,1,1,770,134501,174,03:00.0,5,13:00,661
760193997X,U,CTY,1,1,605,124100,188,20:00.0,4,11:00,661
7601944562,U,CTY,1,1,161,138318,197,56:00.0,2,21:00,661
7601949750,U,CTY,1,1,427,138851,194,20:00.0,2,16:00,661
7601949779,U,CTY,1,1,157,136637,192,40:00.0,4,10:00,661
7601949806,U,CTY,1,2,924,132130,189,54:00.0,4,13:00,661
7601949943,U,CTY,1,1,449,128065,173,26:00.0,6,16:00,661
7601949943,U,CTY,1,1,449,128065,231,03:00.0,7,4:00,661
7601949999,U,CTY,1,1,281,140322,176,57:00.0,7,5:00,661
7601950062,U,CTY,1,1,449,140322,176,51:00.0,7,5:00,661
7601950080,U,CTY,1,1,366,126510,169,35:00.0,3,3:00,661
760195009X,U,CTY,1,2,735,119986,192,18:00.0,1,20:00,661
7601950109,U,CTY,1,1,422,126510,169,48:00.0,3,3:00,661
7601950136,U,CTY,1,1,265,137640,195,33:00.0,1,13:00,661
7601958404,U,IB,1,1,104,132504,150,46:00.0,5,5:00,661
7601959798,U,CTY,1,1,55,125040,194,44:00.0,4,11:00,661
7601966232,U,CTY,1,1,52,530699,197,41:00.0,4,19:00,661
7601973997,U,CTY,1,2,1119,135912,192,17:00.0,4,20:00,661
7601974639,U,CTY,1,2,655,128079,196,14:00.0,2,13:00,661
7601975133,U,CTY,1,3,1840,130882,175,36:00.0,2,7:00,661
7601975418,U,CTY,1,2,672,135698,170,56:00.0,2,21:00,661
7601975418,U,CTY,1,2,672,135698,188,38:00.0,2,21:00,661
7601975454,U,CTY,1,1,155,118361,194,19:00.0,3,16:00,661
7601978855,U,CTY,1,1,184,121402,203,35:00.0,2,7:00,661
7601978855,U,CTY,1,1,184,121402,203,35:00.0,2,7:00,661
7601979149,U,CTY,1,4,3921,137876,187,47:00.0,3,13:00,661
7601981798,U,CTY,1,1,116,138851,194,14:00.0,2,15:00,661
7601981899,U,CTY,1,2,630,132935,174,12:00.0,2,21:00,661
7601981962,U,CTY,1,1,133,132935,174,04:00.0,2,21:00,661
7601983448,U,CTY,1,1,57,TTMS750524,189,32:00.0,2,8:00,661
7602009343,U,IB,1,1,100,122376,149,52:00.0,4,15:00,143
7602015009,U,IB,1,1,356,140260,149,07:00.0,6,12:00,143
7602017355,U,CTY,1,1,176,137129,172,22:00.0,2,7:00,143
7602022983,U,CTY,1,18,24860,128777,215,52:00.0,6,9:00,143
7602029042,U,CTY,1,1,2000,249122,172,15:00.0,4,19:00,143
7602043499,U,CTY,1,10,4688,135354,212,43:00.0,3,11:00,143
7602046817,U,IB,1,1,240,135099,164,50:00.0,5,3:00,143
7602046990,U,CTY,1,1,210,249345,197,02:00.0,7,19:00,143
7602048815,U,IB,1,3,6518,CVEN43549,133,01:00.0,4,17:00,143
7602049356,U,IB,1,1,192,CVEN45559,151,32:00.0,6,3:00,143
7602049383,U,CTY,1,1,1635,138158,196,42:00.0,2,12:00,143
7602049448,U,CTY,1,1,595,136760,232,31:00.0,1,19:00,143
7602049448,U,CTY,1,1,595,136760,197,09:00.0,6,10:00,143
7602049713,U,CTY,1,1,1585,CVEN44868,187,03:00.0,7,22:00,143
7602052748,U,CTY,1,4,3135,121767,174,56:00.0,5,9:00,143
7602057597,U,CTY,1,1,352,126069,189,28:00.0,3,22:00,143
7602073455,U,IB,1,1,311,CVEN44339,112,47:00.0,5,14:00,143
7602073473,U,CTY,1,1,75,136059,Y   ,23:00.0,3,14:00,143
7602097031,U,CTY,1,1,210,125939,174,09:00.0,5,21:00,251
7602097197,U,CTY,1,1,206,290367,169,51:00.0,6,19:00,251
7602097206,U,CTY,1,1,165,290367,169,50:00.0,6,19:00,251
7602317572,U,IB,1,1,128,291001,129,56:00.0,5,15:00,617
7602317590,U,IB,1,3,1182,291001,129,53:00.0,5,16:00,617
7602317619,U,IB,1,1,412,291001,129,17:00.0,5,16:00,617
7602317664,U,OB,1,1,198,119361,90,43:00.0,5,18:00,617
7602317700,U,OB,1,1,276,290592,90,38:00.0,6,11:00,617
7602317729,U,OB,1,1,435,123204,96,25:00.0,6,11:00,617
7602317774,U,OB,1,1,203,290592,90,44:00.0,6,11:00,617
7602317783,U,IB,1,1,162,125912,105,16:00.0,6,16:00,617
7602317801,U,OB,1,4,121,290592,90,31:00.0,6,11:00,617
7602317857,U,IB,1,1,209,125912,105,09:00.0,6,13:00,617
7602317857,U,OB,1,1,209,125912,84,40:00.0,7,0:00,617
7602317994,U,OB,1,2,481,135325,98,08:00.0,3,11:00,617
7602318003,U,OB,1,2,385,135325,98,58:00.0,3,10:00,617
7602318030,U,OB,1,1,255,121819,90,31:00.0,1,11:00,617
7602318122,U,OB,1,1,46,138030,49,55:00.0,2,13:00,617
7602318205,U,OB,1,1,188,138030,49,11:00.0,2,14:00,617
7602318232,U,OB,1,6,82,138030,49,06:00.0,2,14:00,617
7602318297,U,OB,1,4,119,121308,95,52:00.0,1,10:00,617
7602318315,U,OB,1,6,107,135073,53,40:00.0,1,8:00,617
7602318342,U,OB,1,1,65,135073,53,44:00.0,1,6:00,617
7602318351,U,OB,1,2,554,135073,53,23:00.0,1,8:00,617
7602318389,U,IB,1,1,48,261217,123,24:00.0,3,19:00,617
7602318416,U,IB,1,2,306,261217,123,19:00.0,3,19:00,617
760231848X,U,OB,1,2,114,132358,84,21:00.0,3,18:00,617
7602318609,U,IB,1,1,238,202399,103,26:00.0,7,12:00,617
7602318618,U,OB,1,1,110,135073,53,26:00.0,1,8:00,617
7602318636,U,OB,1,3,1086,121308,95,00:00.0,1,12:00,617
7602318645,U,OB,1,1,242,121308,95,03:00.0,1,12:00,617
7602318654,U,OB,1,1,185,121308,95,02:00.0,1,12:00,617
7602318681,U,OB,1,1,98,135073,53,57:00.0,1,6:00,617
7602318690,U,OB,1,1,55,121308,95,25:00.0,1,10:00,617
7602318719,U,OB,1,1,288,135073,53,28:00.0,1,8:00,617
7602318728,U,OB,1,1,40,121308,95,26:00.0,1,10:00,617
7602318737,U,OB,1,1,256,135073,53,19:00.0,1,8:00,617
7602318746,U,OB,1,3,61,135073,53,09:00.0,1,8:00,617
7602318755,U,OB,1,1,263,121308,95,11:00.0,1,11:00,617
7602318847,U,IB,1,1,129,126729,105,45:00.0,3,20:00,617
7602318856,U,IB,1,1,326,126729,105,53:00.0,3,20:00,617
7602318865,U,OB,1,1,438,138101,48,14:00.0,4,11:00,617
7602319011,U,OB,1,1,89,128148,43,11:00.0,3,12:00,617
7602319186,U,OB,1,1,113,249173,51,45:00.0,4,10:00,617
7602319231,U,OB,1,1,18,249173,51,23:00.0,4,10:00,617
7602319240,U,OB,1,1,84,249173,51,33:00.0,4,10:00,617
760231925X,U,OB,1,1,27,249173,51,38:00.0,4,12:00,617
7602319278,U,OB,1,2,64,249173,51,41:00.0,4,12:00,617
7602319350,U,OB,1,1,182,137377,72,34:00.0,4,13:00,617
7602319397,U,OB,1,1,117,138496,86,20:00.0,7,7:00,617
7602319415,U,OB,1,1,222,138496,86,26:00.0,7,7:00,617
7602319424,U,OB,1,1,304,138496,86,53:00.0,7,6:00,617
7602319433,U,OB,1,1,489,138496,86,38:00.0,7,6:00,617
7602319451,U,OB,1,3,73,138496,86,42:00.0,7,7:00,617
7602319489,U,OB,1,2,794,249317,84,31:00.0,6,4:00,617
7602319498,U,OB,1,1,26,249317,84,22:00.0,6,4:00,617
7602319507,U,OB,1,1,63,249317,84,03:00.0,6,6:00,617
7602319525,U,OB,1,5,95,249173,51,39:00.0,4,10:00,617
7602319543,U,OB,1,1,209,261082,40,11:00.0,5,22:00,617
7602319599,U,OB,1,1,96,249173,51,58:00.0,4,10:00,617
7602319608,U,OB,1,2,120,249173,51,51:00.0,4,12:00,617
7602319635,U,OB,1,1,126,125677,66,44:00.0,4,10:00,617
7602319644,U,OB,1,1,277,249317,84,24:00.0,6,5:00,617
7602319653,U,OB,1,1,192,138496,86,29:00.0,7,6:00,617
7602319662,U,OB,1,2,411,138496,86,34:00.0,7,7:00,617
7602319671,U,OB,1,1,390,249317,84,28:00.0,6,5:00,617
7602319763,U,IB,1,2,1055,202399,103,01:00.0,7,12:00,617
7602319763,U,CTY,1,2,1055,202399,199,04:00.0,7,12:00,617
7602319772,U,OB,1,1,454,121308,95,42:00.0,1,11:00,617
7602319781,U,IB,1,1,473,202399,103,34:00.0,7,12:00,617
7602319828,U,OB,1,1,131,135073,53,31:00.0,1,8:00,617
7602319882,U,OB,1,2,221,135073,53,51:00.0,1,8:00,617
7602319900,U,IB,1,3,690,261217,123,09:00.0,3,19:00,617
760231991X,U,IB,1,3,766,261217,123,51:00.0,3,18:00,617
7602319947,U,IB,1,1,320,261217,123,27:00.0,3,19:00,617
7602319956,U,OB,1,2,58,128618,90,48:00.0,3,13:00,617
7602319983,U,OB,1,1,115,128618,90,24:00.0,3,13:00,617
7602319992,U,IB,1,1,35,261217,123,31:00.0,3,18:00,617
7602320010,U,OB,1,1,247,249317,84,22:00.0,6,5:00,617
7602320048,U,IB,1,1,214,130805,113,02:00.0,1,2:00,617
7602320048,U,OB,1,1,214,130805,98,03:00.0,1,2:00,617
7602320057,U,IB,1,1,50,202399,103,16:00.0,7,12:00,617
7602320075,U,IB,1,4,1302,202399,103,58:00.0,7,12:00,617
7602320185,U,IB,1,3,150,118550,129,30:00.0,7,19:00,617
7602320230,U,OB,1,3,192,135073,53,38:00.0,1,6:00,617
7602320259,U,OB,1,2,68,121308,95,08:00.0,1,10:00,617
7602320268,U,OB,1,1,317,121308,95,40:00.0,1,11:00,617
7602320277,U,OB,1,2,664,121308,95,55:00.0,1,10:00,617
7602320295,U,OB,1,1,139,135073,53,45:00.0,1,8:00,617
7602320304,U,OB,1,2,56,135073,53,11:00.0,1,8:00,617
7602320331,U,OB,1,1,93,135073,53,04:00.0,1,7:00,617
7602320340,U,OB,1,1,151,135073,53,12:00.0,1,7:00,617
760232035X,U,OB,1,1,148,135073,53,40:00.0,1,8:00,617
7602320369,U,OB,1,5,149,135073,53,43:00.0,1,8:00,617
7602320378,U,OB,1,4,179,135073,53,06:00.0,1,8:00,617
7602320387,U,OB,1,1,31,135073,53,46:00.0,1,6:00,617
7602320432,U,IB,1,4,122,278384,103,33:00.0,4,13:00,617
760232046X,U,IB,1,2,486,278384,103,26:00.0,4,14:00,617
7602320488,U,OB,1,1,430,559726,43,22:00.0,4,9:00,617
7602320928,U,IB,1,1,68,131304,101,31:00.0,1,0:00,617
7602320991,U,IB,1,3,109,131304,101,09:00.0,1,3:00,617
7602330020,U,OB,1,1,210,125429,90,35:00.0,4,5:00,617
7602330049,U,OB,1,3,456,135073,53,03:00.0,1,7:00,617
7602330085,U,IB,1,2,890,125912,105,26:00.0,6,16:00,617
7602330103,U,OB,1,1,51,126263,86,31:00.0,7,17:00,617
760233014X,U,OB,1,5,910,138101,48,12:00.0,4,13:00,617
7602330159,U,OB,1,3,1060,138101,48,43:00.0,4,11:00,617
7602330213,U,OB,1,1,136,139881,88,41:00.0,6,12:00,617
7602330231,U,OB,1,1,219,137113,67,13:00.0,7,19:00,617
7602330240,U,OB,1,1,291,137113,67,40:00.0,7,19:00,617
7602347548,U,OB,1,1,158,125429,90,42:00.0,4,7:00,617
7602347620,U,OB,1,1,34,131717,51,06:00.0,3,16:00,617
7602353955,U,OB,1,5,58,138496,86,08:00.0,7,7:00,617
7602353973,U,OB,1,1,331,138496,86,44:00.0,7,6:00,617
7602353982,U,OB,1,1,509,138496,86,32:00.0,7,6:00,617
7602353991,U,OB,1,2,389,121308,95,57:00.0,1,11:00,617
7602353991,U,CTY,1,2,389,121308,195,59:00.0,1,23:00,617
7602372581,U,OB,1,1,901,559726,43,28:00.0,4,10:00,617
7602372655,U,OB,1,2,676,290592,90,52:00.0,6,17:00,617
7602372765,U,OB,1,3,4614,125677,66,10:00.0,4,14:00,617
7602372857,U,IB,1,1,328,136411,111,34:00.0,5,18:00,617
7602372884,U,OB,1,4,1147,125485,75,32:00.0,6,4:00,617
7602372994,U,IB,1,2,370,135473,116,52:00.0,5,20:00,617
760237326X,U,OB,1,1,716,125677,66,08:00.0,4,11:00,617
7602373279,U,OB,1,6,5081,125677,66,09:00.0,4,12:00,617
7602373297,U,OB,1,3,3513,125677,66,41:00.0,4,12:00,617
7602378613,U,OB,1,1,300,130568,95,24:00.0,4,10:00,617
760237865X,U,IB,1,16,288,130805,113,04:00.0,1,1:00,617
7602378669,U,IB,1,1,116,130805,113,57:00.0,7,19:00,617
7602378687,U,OB,1,4,2510,125485,75,04:00.0,6,5:00,617
7602378907,U,OB,1,1,410,559726,43,34:00.0,4,11:00,617
7602378916,U,OB,1,11,295,559726,43,43:00.0,4,12:00,617
7602378925,U,OB,1,8,235,559726,43,48:00.0,4,12:00,617
7602378999,U,IB,1,10,960,530184,101,21:00.0,7,22:00,617
7602379017,U,OB,1,1,176,138030,49,27:00.0,2,14:00,617
7602379549,U,IB,1,1,135,131304,101,54:00.0,1,0:00,617
760238063X,U,IB,1,1,316,R6711535,103,27:00.0,5,0:00,617
7602380667,U,OB,1,1,15,123435,88,49:00.0,7,13:00,617
7602380768,U,OB,1,2,3025,125485,75,18:00.0,6,3:00,617
7602380887,U,OB,1,1,898,119361,90,13:00.0,5,18:00,617
7602380914,U,IB,1,3,865,125912,105,03:00.0,6,13:00,617
7602380950,U,IB,1,1,15,122285,101,16:00.0,1,19:00,617
7602381538,U,OB,1,1,15,132358,84,18:00.0,3,18:00,617
7602381556,U,OB,1,9,280,123498,90,37:00.0,7,11:00,617
7602381758,U,OB,1,1,1200,290592,90,34:00.0,6,11:00,617
7602381776,U,IB,1,1,200,130805,113,38:00.0,7,18:00,617
7602381904,U,IB,1,2,2434,125912,105,19:00.0,6,15:00,617
7602381931,U,OB,1,1,123,290592,90,49:00.0,6,11:00,617
7602381940,U,OB,1,2,1130,290592,90,37:00.0,6,13:00,617
7602381987,U,OB,1,2,3740,127688,51,17:00.0,3,10:00,617
7602381996,U,OB,1,1,477,133643,89,25:00.0,3,19:00,617
7602382591,U,OB,1,1,898,121161,58,03:00.0,1,21:00,617
7602384526,U,OB,1,2,3850,121161,58,08:00.0,1,21:00,617
7602384526,U,OB,1,2,3850,121161,36,14:00.0,1,22:00,617
7602384562,U,OB,1,1,1970,559726,43,30:00.0,4,9:00,617
7602384580,U,OB,1,1,1940,129710,95,13:00.0,7,21:00,617
7602384627,U,OB,1,1,1990,130568,95,53:00.0,4,12:00,617
760238470X,U,OB,1,2,3910,R6711535,36,51:00.0,5,8:00,617
760238470X,U,IB,1,2,3910,R6711535,103,32:00.0,5,8:00,617
7602384728,U,OB,1,1,308,132715,49,37:00.0,6,12:00,617
7602384746,U,OB,1,1,51,132715,49,47:00.0,6,12:00,617
7602384755,U,OB,1,1,188,132715,49,51:00.0,6,12:00,617
7602385278,U,IB,1,1,80,R6711535,103,38:00.0,5,1:00,617
7602387761,U,IB,1,1,245,135473,116,27:00.0,5,21:00,617
7602390172,U,IB,1,3,706,131304,101,54:00.0,1,1:00,617
7602390219,U,IB,1,1,220,131304,101,12:00.0,1,0:00,617
7602395012,U,OB,1,1,94,126723,50,46:00.0,7,6:00,617
7602395030,U,OB,1,1,100,121819,90,19:00.0,1,11:00,617
760239504X,U,OB,1,5,695,127977,95,21:00.0,3,13:00,617
7602395104,U,OB,1,1,85,134879,73,12:00.0,4,14:00,617
7602395169,U,IB,1,2,360,249339,104,31:00.0,6,19:00,617
7602395187,U,IB,1,1,109,135473,116,56:00.0,6,0:00,617
7602395297,U,OB,1,14,1760,133643,89,06:00.0,3,19:00,617
7602395324,U,IB,1,1,125,134115,117,55:00.0,5,17:00,617
7602395425,U,OB,1,1,113,126723,50,51:00.0,7,6:00,617
7602395609,U,IB,1,1,165,261217,123,44:00.0,3,18:00,617
7602395618,U,IB,1,1,165,261217,123,36:00.0,3,18:00,617
760239570X,U,OB,1,1,160,128618,90,39:00.0,3,13:00,617
7602395728,U,OB,1,1,85,559726,43,48:00.0,4,10:00,617
7602395773,U,IB,1,1,75,131304,101,26:00.0,1,0:00,617
7602395847,U,OB,1,1,95,249317,84,38:00.0,6,3:00,617
7602395865,U,OB,1,1,155,131717,51,56:00.0,3,15:00,617
7602395892,U,OB,1,1,87,125677,66,47:00.0,4,13:00,617
7602395939,U,OB,1,1,125,125677,66,14:00.0,4,11:00,617
7602395948,U,OB,1,1,113,125677,66,38:00.0,4,11:00,617
7602399376,U,OB,1,9,144,132358,84,25:00.0,3,19:00,617
7602399394,U,OB,1,5,2625,132358,84,13:00.0,3,19:00,617
7602399412,U,OB,1,1,1120,559726,43,52:00.0,4,9:00,617
7602399430,U,OB,1,4,3548,130568,95,44:00.0,4,12:00,617
7602399486,U,OB,1,1,1107,139881,88,00:00.0,6,19:00,617
7602399632,U,OB,1,2,355,138030,49,14:00.0,2,14:00,617
7602399641,U,OB,1,1,278,138030,49,32:00.0,2,13:00,617
7602399641,U,OB,1,1,278,138030,97,33:00.0,2,13:00,617
760239966X,U,OB,1,1,324,138030,49,30:00.0,2,13:00,617
7602399688,U,OB,1,5,2600,138030,49,55:00.0,2,14:00,617
7602399697,U,OB,1,2,1144,138030,49,02:00.0,2,15:00,617
7602399706,U,OB,1,1,245,134879,73,24:00.0,4,14:00,617
7602401520,U,OB,1,2,504,138101,48,36:00.0,4,11:00,617
760240153X,U,OB,1,1,275,133903,84,30:00.0,4,8:00,617
760240164X,U,OB,1,2,495,130568,95,32:00.0,4,10:00,617
7602401704,U,IB,1,5,121,211017,111,23:00.0,6,9:00,617
7602401796,U,OB,1,3,84,126263,86,59:00.0,7,16:00,617
7602401805,U,OB,1,2,950,126263,86,18:00.0,7,16:00,617
7602401823,U,OB,1,2,814,126263,86,53:00.0,7,14:00,617
7602401906,U,OB,1,2,488,135325,98,41:00.0,3,12:00,617
7602401924,U,OB,1,2,770,135325,98,41:00.0,3,12:00,617
7602401933,U,OB,1,2,286,135325,98,37:00.0,3,12:00,617
760240197X,U,OB,1,1,342,135325,98,11:00.0,3,11:00,617
7602402007,U,OB,1,1,303,135325,98,16:00.0,3,11:00,617
7602402061,U,OB,1,1,243,137113,67,19:00.0,7,19:00,617
7602402108,U,OB,1,1,248,123123,41,20:00.0,7,20:00,617
7602402108,U,OB,1,1,248,123123,75,21:00.0,7,9:00,617
7602402135,U,OB,1,1,304,137113,67,38:00.0,7,19:00,617
7602402144,U,OB,1,1,16,137113,67,14:00.0,7,20:00,617
7602402162,U,OB,1,4,1595,137113,67,00:00.0,7,15:00,617
760240219X,U,OB,1,1,248,123123,75,27:00.0,7,9:00,617
7602402218,U,OB,1,6,165,138030,49,21:00.0,2,14:00,617
7602402227,U,OB,1,1,208,121819,90,40:00.0,1,11:00,617
7602402346,U,OB,1,1,185,121819,90,08:00.0,1,11:00,617
7602402382,U,OB,1,1,87,121819,90,59:00.0,1,10:00,617
7602402400,U,OB,1,1,44,138030,49,25:00.0,2,13:00,617
7602402429,U,OB,1,1,161,121819,90,41:00.0,1,10:00,617
7602402438,U,OB,1,1,214,121819,90,39:00.0,1,10:00,617
7602404299,U,OB,1,1,57,128148,43,00:00.0,3,13:00,617
7602404308,U,IB,1,1,53,130805,113,49:00.0,1,1:00,617
7602404344,U,OB,1,1,64,559726,43,06:00.0,4,9:00,617
7602404353,U,OB,1,1,64,559726,43,03:00.0,4,9:00,617
7602404380,U,OB,1,7,1060,123435,88,04:00.0,7,13:00,617
760240439X,U,OB,1,7,1785,123435,88,40:00.0,7,13:00,617
7602404418,U,OB,1,7,975,123435,88,16:00.0,7,14:00,617
7602405343,U,IB,1,1,120,530184,101,52:00.0,7,8:00,617
7602405352,U,OB,1,1,462,134115,90,17:00.0,4,12:00,617
7602405399,U,IB,1,1,62,530184,101,52:00.0,7,9:00,617
7602405408,U,IB,1,1,200,530184,101,57:00.0,7,9:00,617
7602405417,U,IB,1,1,192,530184,101,18:00.0,7,10:00,617
7602405426,U,IB,1,1,160,118703,114,28:00.0,3,15:00,617
7602405435,U,OB,1,8,1164,134879,73,05:00.0,4,16:00,617
7602405480,U,IB,1,6,858,135473,116,35:00.0,6,0:00,617
760240615X,U,IB,1,1,940,131304,101,59:00.0,1,3:00,617
7602406214,U,OB,1,3,100,559726,43,00:00.0,4,13:00,617
7602406241,U,OB,1,1,367,136322,40,20:00.0,1,2:00,617
7602406306,U,OB,1,2,675,125485,75,04:00.0,6,4:00,617
7602406315,U,OB,1,5,2332,125485,75,32:00.0,6,6:00,617
7602406333,U,OB,1,5,10540,132358,84,07:00.0,3,20:00,617
7602406461,U,OB,1,2,3150,134879,73,22:00.0,4,16:00,617
7602410037,U,IB,1,1,60,530184,101,21:00.0,7,10:00,617
7602410578,U,OB,1,3,3156,131717,51,39:00.0,3,15:00,617
7602410587,U,OB,1,2,2613,131717,51,30:00.0,3,15:00,617
7602410605,U,OB,1,1,2188,131717,51,33:00.0,3,15:00,617
7602410614,U,OB,1,1,1584,131717,51,26:00.0,3,14:00,617
7602410650,U,OB,1,1,935,128148,43,37:00.0,3,12:00,617
760241066X,U,OB,1,9,144,128148,43,24:00.0,3,12:00,617
7602410688,U,OB,1,36,648,128148,43,52:00.0,3,12:00,617
7602411961,U,OB,1,1,180,128618,90,55:00.0,3,12:00,617
7602413840,U,OB,1,1,315,136322,40,03:00.0,1,2:00,617
7602413896,U,OB,1,1,500,290592,90,41:00.0,6,12:00,617
760241396X,U,OB,1,1,234,130568,95,58:00.0,4,10:00,617
7602414217,U,OB,1,1,338,249317,84,24:00.0,6,3:00,617
7602414226,U,IB,1,2,1620,130805,113,12:00.0,1,0:00,617
7602414235,U,IB,1,6,1800,130805,113,31:00.0,1,0:00,617
7602414244,U,IB,1,3,1027,130805,113,24:00.0,1,1:00,617
7602414253,U,IB,1,1,95,130805,113,24:00.0,1,1:00,617
7602414785,U,IB,1,2,400,211017,111,33:00.0,6,6:00,617
7602414812,U,IB,1,1,820,211017,111,47:00.0,6,7:00,617
7602414904,U,OB,1,1,355,138030,49,09:00.0,2,15:00,617
7602415160,U,IB,1,1,106,130805,113,20:00.0,1,2:00,617
7602415216,U,OB,1,3,4671,128618,90,23:00.0,3,13:00,617
7602415252,U,OB,1,1,758,128618,90,02:00.0,3,13:00,617
7602415858,U,OB,1,5,1700,125677,66,56:00.0,4,13:00,617
7602415876,U,OB,1,3,461,125677,66,30:00.0,4,14:00,617
7602415894,U,OB,1,1,50,125677,66,32:00.0,4,14:00,617
7602415903,U,OB,1,1,50,125677,66,39:00.0,4,13:00,617
7602416150,U,OB,1,1,1691,125485,75,36:00.0,6,4:00,617
7602417187,U,CTY,1,1,345,261009,169,24:00.0,1,16:00,617
7602417205,U,OB,1,5,3075,131717,51,21:00.0,3,16:00,617
7602417241,U,OB,1,2,1112,121161,58,05:00.0,1,22:00,617
7602417773,U,IB,1,1,218,202399,103,48:00.0,7,12:00,617
7602417874,U,OB,1,1,143,123123,39,32:00.0,7,12:00,617
7602417874,U,OB,1,1,143,123123,75,46:00.0,7,9:00,617
7602417883,U,OB,1,2,1421,124274,96,37:00.0,6,15:00,617
760241858X,U,OB,1,3,1000,132715,49,17:00.0,6,13:00,617
7602418828,U,OB,1,1,284,249317,84,48:00.0,6,3:00,617
7602418846,U,OB,1,7,7942,211327,73,46:00.0,1,21:00,617
7602419084,U,OB,1,1,289,558293,78,31:00.0,3,0:00,617
7602419093,U,OB,1,2,2284,128148,43,42:00.0,3,12:00,617
7602419120,U,OB,1,3,675,137377,72,15:00.0,4,14:00,617
7602419780,U,OB,1,2,1110,121161,58,10:00.0,1,21:00,617
7602419845,U,OB,1,2,747,128618,90,16:00.0,3,13:00,617
760241990X,U,IB,1,1,250,122285,101,28:00.0,1,19:00,617
7602419928,U,OB,1,3,1000,132715,49,19:00.0,6,12:00,617
7602421055,U,OB,1,1,1134,119361,90,16:00.0,5,19:00,617
7602421064,U,OB,1,2,2875,119361,90,59:00.0,5,19:00,617
7602421834,U,IB,1,1,325,131304,101,17:00.0,1,0:00,617
7602421834,U,OB,1,1,325,131304,59,01:00.0,1,15:00,617
7602421935,U,OB,1,1,545,128148,34,57:00.0,3,12:00,617
7602421935,U,OB,1,1,545,128148,43,34:00.0,3,12:00,617
7602422072,U,OB,1,1,380,121161,58,14:00.0,1,21:00,617
7602422200,U,OB,1,1,460,290592,90,36:00.0,6,17:00,617
7602422229,U,OB,1,1,385,123204,96,37:00.0,6,10:00,617
7602422274,U,OB,1,1,325,133643,89,52:00.0,3,18:00,617
7602422339,U,OB,1,1,320,133643,89,47:00.0,3,18:00,617
7602422420,U,IB,1,1,325,211017,111,46:00.0,6,6:00,617
7602423246,U,OB,1,2,229,125485,75,36:00.0,6,6:00,617
760243090X,U,OB,1,1,180,122864,51,17:00.0,6,13:00,617
7602430946,U,IB,1,1,250,118703,114,52:00.0,3,14:00,617
7602430955,U,IB,1,1,150,118703,114,56:00.0,3,14:00,617
7602430964,U,IB,1,1,150,118703,114,48:00.0,3,14:00,617
7602431000,U,IB,1,4,2253,128226,123,08:00.0,6,21:00,617
7602431606,U,OB,1,4,1552,290592,90,05:00.0,6,14:00,617
7602431615,U,OB,1,4,2175,126263,86,18:00.0,7,17:00,617
7602432623,U,OB,1,5,2245,290592,90,32:00.0,6,18:00,617
7602432697,U,OB,1,1,63,290592,90,10:00.0,6,18:00,617
7602432733,U,IB,1,1,105,118703,114,26:00.0,3,15:00,617
7602432742,U,IB,1,1,117,118703,114,29:00.0,3,15:00,617
7602433072,U,IB,1,1,200,130805,113,28:00.0,7,18:00,617
7602433788,U,OB,1,1,260,125485,75,13:00.0,6,4:00,617
7602434329,U,OB,1,8,168,134115,90,29:00.0,4,14:00,617
7602434493,U,OB,1,1,355,134115,90,36:00.0,4,14:00,617
7602436363,U,OB,1,1,161,134879,73,07:00.0,4,14:00,617
7602436428,U,CTY,1,2,415,128595,193,38:00.0,5,13:00,617
7602436428,U,CTY,1,2,415,128595,175,39:00.0,5,12:00,617
7602439360,U,IB,1,1,810,119664,135,13:00.0,3,2:00,617
7602439737,U,OB,1,2,4876,121308,95,39:00.0,1,10:00,617
7602442799,U,IB,1,1,163,128743,127,45:00.0,5,7:00,617
7602442963,U,IB,1,1,335,128743,127,35:00.0,5,6:00,617
7602447318,U,OB,1,6,9173,559726,43,17:00.0,4,12:00,617
7602447345,U,OB,1,1,903,127688,51,12:00.0,3,10:00,617
7602451094,U,OB,1,5,4120,131717,51,07:00.0,3,14:00,617
7602451103,U,OB,1,3,2430,133643,89,34:00.0,3,20:00,617
760245114X,U,OB,1,11,7125,126723,50,05:00.0,7,12:00,617
7602458024,U,OB,1,1,1373,133643,89,21:00.0,3,20:00,617
7602458327,U,IB,1,1,291,130805,113,32:00.0,1,1:00,617
7602458428,U,OB,1,1,230,119361,90,21:00.0,5,18:00,617
7602458437,U,OB,1,1,973,290592,90,58:00.0,6,13:00,617
7602458464,U,OB,1,1,520,132358,84,10:00.0,3,18:00,617
7602459106,U,OB,1,1,540,132358,84,05:00.0,3,20:00,617
7602459234,U,OB,1,1,1300,126723,50,09:00.0,7,8:00,617
7602460260,U,OB,1,1,245,127977,95,45:00.0,3,12:00,617
7602460361,U,OB,1,1,291,134879,73,10:00.0,4,14:00,617
7602460417,U,IB,1,8,2715,R6711535,103,40:00.0,5,3:00,617
7602462855,U,OB,1,1,150,138855,88,32:00.0,3,13:00,617
7602462882,U,CTY,1,1,400,138855,237,36:00.0,2,17:00,617
7602462882,U,OB,1,1,400,138855,88,15:00.0,3,13:00,617
7602462929,U,IB,1,4,1648,118703,114,33:00.0,3,15:00,617
7602464422,U,IB,1,2,1404,131304,101,19:00.0,1,4:00,617
7602464487,U,IB,1,1,246,130805,113,29:00.0,1,1:00,617
7602465192,U,OB,1,1,260,137377,72,39:00.0,4,13:00,617
7602467062,U,OB,1,1,147,134115,90,05:00.0,4,14:00,617
7602467109,U,OB,1,1,116,139881,88,55:00.0,6,18:00,617
7602467172,U,IB,1,1,191,133245,101,13:00.0,4,13:00,617
760246720X,U,OB,1,1,238,132715,49,50:00.0,6,12:00,617
7602492519,U,OB,1,1,368,135325,98,34:00.0,3,12:00,617
7602492564,U,OB,1,1,53,138855,88,39:00.0,3,13:00,617
7602492638,U,OB,1,6,1052,133903,84,51:00.0,4,9:00,617
7602492647,U,OB,1,1,174,138855,88,37:00.0,3,13:00,617
7602492656,U,OB,1,1,150,138855,88,45:00.0,3,13:00,617
7602492665,U,OB,1,2,127,133903,84,59:00.0,4,9:00,617
7602492683,U,OB,1,1,36,133903,84,37:00.0,4,9:00,617
7602492692,U,OB,1,2,60,133903,84,36:00.0,4,8:00,617
7602492710,U,OB,1,1,23,133903,84,54:00.0,4,8:00,617
760249272X,U,OB,1,1,23,133903,84,51:00.0,4,8:00,617
7602492739,U,OB,1,1,287,133903,84,38:00.0,4,8:00,617
7602492784,U,IB,1,1,144,261217,123,12:00.0,3,18:00,617
7602492977,U,IB,1,1,154,291001,129,05:00.0,5,16:00,617
7602493040,U,OB,1,5,123,138101,48,59:00.0,4,10:00,617
760249305X,U,OB,1,1,158,138101,48,22:00.0,4,11:00,617
7602493114,U,OB,1,2,46,130568,95,36:00.0,4,12:00,617
7602493123,U,IB,1,2,160,211017,111,21:00.0,6,8:00,617
7602493150,U,OB,1,6,90,130568,95,38:00.0,4,12:00,617
7602493188,U,CTY,1,4,128,211017,171,31:00.0,6,9:00,617
7602493188,U,CTY,1,4,128,211017,171,31:00.0,6,9:00,617
7602493233,U,OB,1,1,188,122864,51,28:00.0,6,13:00,617
7602493289,U,OB,1,1,247,122864,51,32:00.0,6,13:00,617
7602493307,U,IB,1,1,311,128226,123,46:00.0,6,20:00,617
7602493334,U,OB,1,2,76,122864,51,10:00.0,6,14:00,617
760249338X,U,IB,1,3,845,128226,123,15:00.0,6,22:00,617
7602493399,U,IB,1,3,880,128226,123,48:00.0,6,21:00,617
7602493444,U,OB,1,1,110,139881,88,41:00.0,6,11:00,617
7602493462,U,IB,1,1,150,530184,101,00:00.0,7,14:00,617
7602493480,U,IB,1,1,152,530184,101,35:00.0,7,13:00,617
7602493563,U,OB,1,7,2177,138855,88,37:00.0,3,14:00,617
760249360X,U,OB,1,1,95,133903,84,33:00.0,4,8:00,617
7602493619,U,OB,1,2,348,122864,51,00:00.0,6,14:00,617
7602493637,U,OB,1,1,362,133903,84,42:00.0,4,7:00,617
7602493664,U,OB,1,3,585,133903,84,54:00.0,4,7:00,617
7602493691,U,OB,1,1,140,133903,84,48:00.0,4,7:00,617
760249371X,U,OB,1,1,199,133903,84,16:00.0,4,8:00,617
7602493729,U,OB,1,1,230,133903,84,25:00.0,4,8:00,617
7602493738,U,OB,1,1,208,133903,84,42:00.0,4,8:00,617
7602493792,U,OB,1,8,4525,211017,97,35:00.0,6,8:00,617
7602493792,U,OB,1,8,4525,211017,97,35:00.0,6,8:00,617
7602493839,U,IB,1,1,48,211017,111,20:00.0,6,9:00,617
7602493848,U,OB,1,1,42,122864,51,08:00.0,6,14:00,617
7602493866,U,IB,1,2,674,128226,123,19:00.0,6,22:00,617
7602493949,U,OB,1,2,350,123123,75,58:00.0,7,8:00,617
7602493958,U,OB,1,1,21,126723,50,21:00.0,7,7:00,617
7602493994,U,OB,1,1,157,137113,67,44:00.0,7,19:00,617
7602494003,U,OB,1,1,110,126723,50,29:00.0,7,6:00,617
7602494012,U,OB,1,1,118,135325,98,40:00.0,3,11:00,617
7602494030,U,IB,1,1,84,125912,105,31:00.0,6,15:00,617
760249404X,U,IB,1,1,272,125912,105,27:00.0,6,15:00,617
7602494086,U,OB,1,1,129,126263,86,56:00.0,7,14:00,617
7602494095,U,OB,1,1,206,126263,86,41:00.0,7,15:00,617
7602494187,U,OB,1,1,170,135325,98,42:00.0,3,11:00,617
7602494250,U,OB,1,2,37,138101,48,19:00.0,4,11:00,617
7602494288,U,OB,1,1,250,122864,51,58:00.0,6,13:00,617
7602494324,U,IB,1,1,241,128226,123,42:00.0,6,20:00,617
7602494333,U,OB,1,1,261,122864,51,52:00.0,6,13:00,617
7602494342,U,OB,1,1,284,122864,51,36:00.0,6,13:00,617
7602494389,U,IB,1,1,30,128226,123,53:00.0,6,21:00,617
7602494443,U,OB,1,1,414,122864,51,40:00.0,6,13:00,617
7602494452,U,OB,1,1,217,123498,90,24:00.0,7,9:00,617
7602494461,U,OB,1,1,494,122864,51,22:00.0,6,13:00,617
7602494470,U,OB,1,3,114,139881,88,59:00.0,6,12:00,617
7602494499,U,OB,1,5,1559,122864,51,50:00.0,6,13:00,617
7602494553,U,IB,1,2,1099,530184,101,53:00.0,7,13:00,617
7602494562,U,IB,1,3,1027,530184,101,22:00.0,7,14:00,617
760249459X,U,IB,1,1,410,530184,101,03:00.0,7,14:00,617
7602494609,U,OB,1,1,231,137113,67,35:00.0,7,19:00,617
7602494618,U,IB,1,1,171,530184,101,14:00.0,7,14:00,617
7602494627,U,IB,1,1,205,530184,101,43:00.0,7,13:00,617
7602494654,U,OB,1,3,98,137113,67,56:00.0,7,19:00,617
7602494690,U,OB,1,2,176,137113,67,57:00.0,7,20:00,617
760249470X,U,OB,1,4,115,137113,67,36:00.0,7,20:00,617
7602494719,U,OB,1,2,711,123123,75,14:00.0,7,9:00,617
7602494737,U,OB,1,3,524,137113,67,06:00.0,7,20:00,617
7602494847,U,OB,1,1,98,123204,96,13:00.0,6,11:00,617
7602494883,U,OB,1,1,177,126263,86,03:00.0,7,16:00,617
7602494984,U,OB,1,5,69,126263,86,48:00.0,7,14:00,617
7602495011,U,OB,1,1,62,119361,90,26:00.0,5,18:00,617
7602495058,U,OB,1,1,21,119361,90,18:00.0,5,18:00,617
7602495130,U,OB,1,4,1278,119361,34,36:00.0,5,18:00,617
7602495130,U,OB,1,4,1278,119361,34,36:00.0,5,18:00,617
7602495159,U,OB,1,2,489,123204,96,20:00.0,6,11:00,617
760249525X,U,IB,1,1,94,125912,105,48:00.0,6,14:00,617
7602495305,U,IB,1,4,1355,291001,129,38:00.0,5,17:00,617
7602495415,U,OB,1,1,195,136322,40,09:00.0,1,2:00,617
7602495424,U,OB,1,1,245,119361,90,46:00.0,5,18:00,617
7602495442,U,IB,1,1,212,291001,129,22:00.0,5,16:00,617
7602495451,U,OB,1,1,23,119361,90,29:00.0,5,18:00,617
7602495498,U,IB,1,3,1027,291001,129,32:00.0,5,16:00,617
7602495534,U,IB,1,1,815,278384,103,38:00.0,4,13:00,617
7602495552,U,IB,1,2,778,278384,103,31:00.0,4,14:00,617
760249558X,U,IB,1,1,306,278384,103,23:00.0,4,14:00,617
7602495617,U,IB,1,1,533,278384,103,20:00.0,4,14:00,617
7602495626,U,IB,1,1,420,278384,103,42:00.0,4,13:00,617
760249569X,U,IB,1,4,986,278384,103,56:00.0,4,13:00,617
7602495727,U,IB,1,1,69,278384,103,40:00.0,4,13:00,617
7602495736,U,CTY,1,1,59,133733,188,55:00.0,5,16:00,617
7602495837,U,OB,1,1,186,128618,90,12:00.0,3,13:00,617
7602495846,U,IB,1,3,879,261217,123,25:00.0,3,18:00,617
7602495956,U,IB,1,1,478,261217,123,09:00.0,3,18:00,617
7602495983,U,OB,1,2,636,128618,90,59:00.0,3,13:00,617
7602496001,U,IB,1,1,287,278384,103,46:00.0,4,13:00,617
7602496286,U,OB,1,1,163,123123,75,35:00.0,7,9:00,617
7602496304,U,OB,1,1,129,123123,75,40:00.0,7,9:00,617
760249635X,U,OB,1,1,167,121819,90,23:00.0,1,11:00,617
7602496479,U,IB,1,3,791,133245,101,55:00.0,4,14:00,617
7602496560,U,OB,1,1,21,138030,49,58:00.0,2,13:00,617
7602496607,U,IB,1,1,173,135473,116,00:00.0,5,20:00,617
760249701X,U,IB,1,2,693,118703,114,12:00.0,3,15:00,617
7602497065,U,IB,1,1,309,118703,114,53:00.0,3,15:00,617
7602497092,U,IB,1,5,213,118703,114,39:00.0,3,15:00,617
760249712X,U,IB,1,2,32,118703,114,08:00.0,3,16:00,617
7602497193,U,CTY,1,2,436,132813,189,31:00.0,4,13:00,617
7602497211,U,IB,1,1,360,118703,114,05:00.0,3,15:00,617
7602497220,U,CTY,1,3,1031,132813,189,49:00.0,4,13:00,617
7602497276,U,IB,1,1,29,133245,101,30:00.0,4,15:00,617
760249734X,U,IB,1,5,1777,133245,101,03:00.0,4,16:00,617
7602497377,U,IB,1,2,597,R6711535,103,21:00.0,5,10:00,617
7602497404,U,IB,1,1,255,R6711535,103,24:00.0,5,10:00,617
7602497413,U,IB,1,4,155,R6711535,103,27:00.0,5,10:00,617
7602497431,U,IB,1,2,662,133245,101,01:00.0,4,13:00,617
7602497440,U,IB,1,3,769,R6711535,103,07:00.0,5,8:00,617
760250053X,U,OB,1,2,698,119361,90,23:00.0,5,19:00,617
7602500558,U,OB,1,1,1179,119361,90,13:00.0,5,19:00,617
7602500585,U,IB,1,1,210,125912,105,50:00.0,6,15:00,617
7602500585,U,CTY,1,1,210,125912,238,30:00.0,5,21:00,617
760250075X,U,OB,1,1,337,119361,90,49:00.0,5,18:00,617
7602500769,U,IB,1,1,345,122285,101,34:00.0,1,19:00,617
7602500778,U,IB,1,1,556,122285,101,42:00.0,1,19:00,617
7602500778,U,OB,1,1,556,122285,59,14:00.0,2,20:00,617
7602500823,U,IB,1,1,15,211017,108,25:00.0,6,7:00,617
7602500823,U,IB,1,1,15,211017,108,25:00.0,6,7:00,617
7602501025,U,OB,1,2,1620,130568,95,49:00.0,4,12:00,617
7602501043,U,CTY,1,1,535,128595,175,08:00.0,5,13:00,617
7602501254,U,OB,1,1,295,138855,88,12:00.0,3,13:00,617
7602501263,U,OB,1,2,960,123123,75,41:00.0,7,10:00,617
7602501328,U,IB,1,1,600,133245,101,08:00.0,4,13:00,617
7602501593,U,OB,1,3,2192,122864,51,07:00.0,6,14:00,617
7602501602,U,OB,1,5,5125,139881,88,04:00.0,6,12:00,617
7602501611,U,IB,1,1,419,211017,111,35:00.0,6,9:00,617
7602501620,U,OB,1,1,225,123498,90,37:00.0,7,8:00,617
760250163X,U,OB,1,1,1512,126723,50,06:00.0,7,7:00,617
7602501694,U,IB,1,2,900,118703,114,00:00.0,3,15:00,617
7602501804,U,OB,1,1,355,123498,90,32:00.0,7,8:00,617
7602502033,U,IB,1,2,1120,135473,116,24:00.0,5,18:00,617
7602502042,U,IB,1,2,1339,135473,116,27:00.0,5,19:00,617
7602502060,U,IB,1,1,490,135473,116,15:00.0,5,20:00,617
7602502098,U,IB,1,1,545,135473,116,47:00.0,5,20:00,617
7602502116,U,IB,1,3,1357,135473,116,56:00.0,5,22:00,617
7602504105,U,IB,1,1,970,530184,101,49:00.0,7,20:00,617
7602504114,U,OB,1,3,2100,138030,49,15:00.0,2,15:00,617
7602504123,U,CTY,1,1,150,128595,175,27:00.0,5,12:00,617
7602504307,U,OB,1,1,275,127688,51,31:00.0,3,10:00,617
7602504316,U,OB,1,1,275,127688,51,26:00.0,3,10:00,617
7602504352,U,OB,1,1,275,127688,51,54:00.0,3,10:00,617
7602504426,U,OB,1,1,245,126723,50,18:00.0,7,8:00,617
7602504435,U,OB,1,10,10497,123498,90,24:00.0,7,12:00,617
7602524455,U,OB,1,2,820,249049,67,33:00.0,1,1:00,411
7602524464,U,OB,1,7,3350,129951,49,17:00.0,1,13:00,411
7602524473,U,OB,1,6,3225,129951,49,50:00.0,1,14:00,411
7602524529,U,OB,1,1,287,123272,55,43:00.0,3,7:00,411
7602524538,U,OB,1,2,376,123272,55,13:00.0,3,7:00,411
7602524556,U,OB,1,2,311,290646,67,29:00.0,1,21:00,411
7602524565,U,CTY,1,6,3161,131891,189,44:00.0,4,1:00,411
7602524574,U,OB,1,5,2325,130930,52,01:00.0,3,4:00,411
7602524601,U,OB,1,5,2728,139697,49,02:00.0,3,21:00,411
760252473X,U,OB,1,5,2550,117230,53,02:00.0,1,22:00,411
7602524758,U,OB,1,8,3561,136475,50,20:00.0,1,15:00,411
7602524767,U,OB,1,5,2570,117230,53,33:00.0,1,21:00,411
7602524767,U,CTY,1,5,2570,117230,179,35:00.0,2,14:00,411
7602524776,U,OB,1,4,2038,117230,53,13:00.0,1,22:00,411
7602524868,U,OB,1,1,241,123141,6,00:00.0,1,7:00,411
7602524877,U,OB,1,5,1656,131869,53,38:00.0,4,15:00,411
7602524904,U,OB,1,6,3170,45562,31,36:00.0,5,5:00,411
7602524913,U,OB,1,3,1335,131869,53,55:00.0,4,14:00,411
7602525005,U,OB,1,1,295,119073,55,50:00.0,7,16:00,411
7602687850,U,IB,1,2,2336,131223,163,19:00.0,4,18:00,581
7602688272,U,IB,1,2,2620,131617,158,58:00.0,4,9:00,581
7602688447,U,CTY,1,2,2636,HAEI25458,188,59:00.0,4,18:00,581
7602688649,U,CTY,1,2,2572,291179,172,10:00.0,5,13:00,581
7602688905,U,IB,1,3,3932,HAEI23307,131,50:00.0,6,21:00,581
7602689033,U,IB,1,3,2828,137892,131,42:00.0,7,12:00,581
7602694863,U,CTY,1,1,245,211335,197,49:00.0,6,16:00,158
7602694955,U,CTY,1,1,85,123950,173,14:00.0,6,4:00,158
7602698731,U,CTY,1,1,270,136191,196,06:00.0,6,20:00,256
7602698778,U,IB,1,1,277,139690,114,30:00.0,1,9:00,256
7602709145,U,IB,1,1,150,139876,149,08:00.0,6,19:00,256
760271272X,U,CTY,1,1,1138,140247,208,27:00.0,6,13:00,256
7602712930,U,CTY,1,1,364,137393,235,17:00.0,3,22:00,256
7602717761,U,IB,1,1,290,129883,127,02:00.0,5,23:00,256
7602719200,U,CTY,1,2,4170,137197,168,25:00.0,3,19:00,256
7602719640,U,IB,1,4,4860,124029,113,41:00.0,4,2:00,256
7602720594,U,CTY,1,2,1050,138010,194,40:00.0,4,17:00,256
7602722711,U,IB,1,1,1135,137744,129,24:00.0,2,21:00,256
760272317X,U,IB,1,1,125,279969,141,02:00.0,1,7:00,256
7602732712,U,IB,1,1,600,138486,104,32:00.0,2,3:00,256
7602732777,U,IB,1,2,535,137744,129,24:00.0,2,22:00,256
7602732813,U,CTY,1,1,220,202317,174,14:00.0,4,15:00,256
7602733785,U,OB,1,3,500,131945,96,43:00.0,4,0:00,256
7602733785,U,CTY,1,3,500,131945,191,44:00.0,4,0:00,256
7602733904,U,CTY,1,1,150,211511,168,45:00.0,2,15:00,256
7602738533,U,CTY,1,1,175,430385,187,42:00.0,2,18:00,256
760273857X,U,CTY,1,1,180,135465,187,43:00.0,1,23:00,256
7602738616,U,OB,1,1,615,139694,96,27:00.0,6,0:00,256
7602738634,U,CTY,1,1,600,138990,194,56:00.0,5,19:00,256
7602738717,U,CTY,1,1,350,138990,194,49:00.0,5,19:00,256
760273934X,U,IB,1,1,475,137744,129,06:00.0,2,21:00,256
7602739862,U,CTY,1,1,489,123824,189,20:00.0,5,20:00,256
7602740468,U,IB,1,1,400,130935,143,07:00.0,1,7:00,256
7602740697,U,IB,1,2,475,129883,127,10:00.0,6,0:00,256
7602753484,U,CTY,1,1,144,290884,196,12:00.0,3,14:00,304
7602753805,U,IB,1,1,143,127801,125,57:00.0,6,13:00,304
7602818200,U,CTY,1,1,850,136417,175,03:00.0,5,13:00,863
7602822252,U,OB,1,9,6440,125791,75,32:00.0,2,22:00,863
7602822481,U,IB,1,1,835,133043,149,45:00.0,6,19:00,863
7602843767,U,IB,1,2,2600,249311,150,26:00.0,1,22:00,863
7602843978,U,IB,1,5,2995,135194,145,17:00.0,7,5:00,863
7602844106,U,IB,1,2,2710,132017,143,44:00.0,6,21:00,863
7602844142,U,IB,1,4,1349,132017,143,52:00.0,6,21:00,863
7602848515,U,CTY,1,18,4407,127356,196,10:00.0,3,13:00,863
7602848717,U,CTY,1,1,480,138418,174,44:00.0,7,0:00,863
7602848955,U,CTY,1,11,2370,133160,188,43:00.0,4,11:00,863
7602849312,U,IB,1,9,1901,131494,152,25:00.0,5,15:00,863
7602877225,U,IB,1,1,146,133915,117,11:00.0,3,2:00,322
7602877299,U,IB,1,1,161,133915,117,56:00.0,3,3:00,322
7602877490,U,IB,1,10,9340,430632,104,10:00.0,5,16:00,322
7602877519,U,IB,1,3,845,430632,104,43:00.0,5,12:00,322
7602877528,U,IB,1,1,362,430632,104,36:00.0,5,12:00,322
7602877528,U,CTY,1,1,362,430632,P   ,38:00.0,5,21:00,322
7602877564,U,OB,1,1,245,211617,84,23:00.0,3,18:00,322
7602877600,U,CTY,1,1,275,128144,169,14:00.0,4,11:00,322
7602877629,U,CTY,1,1,352,128144,P   ,31:00.0,4,19:00,322
7602877629,U,CTY,1,1,352,128144,169,45:00.0,4,12:00,322
7602877638,U,IB,1,1,1879,261257,131,02:00.0,6,7:00,322
7602877647,U,IB,1,5,3630,261257,131,34:00.0,6,6:00,322
7602877656,U,IB,1,1,270,261257,131,53:00.0,6,6:00,322
7602877802,U,IB,1,1,117,133915,117,45:00.0,3,3:00,322
7602877811,U,IB,1,1,107,121640,125,20:00.0,3,3:00,322
7602877885,U,IB,1,1,148,133915,117,21:00.0,3,4:00,322
7602882220,U,IB,1,1,142,121640,125,25:00.0,3,3:00,322
7602882258,U,IB,1,1,175,133915,117,12:00.0,3,3:00,322
7602882294,U,IB,1,1,155,133915,117,48:00.0,3,3:00,322
7602882431,U,IB,1,1,163,121640,125,31:00.0,3,3:00,322
760288245X,U,IB,1,1,780,430631,143,47:00.0,7,10:00,322
7602882478,U,IB,1,2,310,123751,127,16:00.0,4,2:00,322
7602882707,U,IB,1,1,255,290208,114,51:00.0,4,12:00,322
7602882963,U,IB,1,22,14361,126971,116,27:00.0,5,15:00,322
7602882972,U,IB,1,1,270,137118,103,25:00.0,7,12:00,322
7602883201,U,IB,1,3,1809,430773,116,04:00.0,7,9:00,322
7602884476,U,IB,1,1,905,137118,103,41:00.0,7,12:00,322
7602884485,U,IB,1,1,439,137118,103,28:00.0,7,12:00,322
7602884494,U,IB,1,2,521,131984,125,30:00.0,6,7:00,322
7602884622,U,IB,1,3,791,131984,125,27:00.0,6,7:00,322
7602884622,U,OB,1,3,791,131984,98,32:00.0,6,14:00,322
7602884687,U,IB,1,2,804,131984,125,44:00.0,6,6:00,322
760288872X,U,IB,1,2,482,430632,104,29:00.0,5,10:00,322
7602888757,U,IB,1,1,218,430632,104,05:00.0,5,10:00,322
7602888793,U,IB,1,1,646,430632,104,01:00.0,5,10:00,322
7602888820,U,IB,1,2,615,290208,114,56:00.0,4,12:00,322
7602888820,U,IB,1,2,615,290208,162,58:00.0,4,12:00,322
7602888858,U,IB,1,1,1050,290208,114,27:00.0,4,13:00,322
7602888867,U,IB,1,2,334,430632,104,20:00.0,5,13:00,322
760288894X,U,IB,1,1,215,133915,117,52:00.0,3,3:00,322
7602902451,U,IB,1,1,1218,430631,143,56:00.0,7,9:00,322
760290247X,U,IB,1,7,10585,430631,143,17:00.0,7,8:00,322
7602902709,U,CTY,1,6,1298,128144,169,07:00.0,4,12:00,322
7602902763,U,IB,1,3,2500,137118,103,46:00.0,7,12:00,322
7602903964,U,OB,1,4,1961,136938,75,53:00.0,3,11:00,322
7602903982,U,OB,1,2,822,136938,75,02:00.0,3,4:00,322
7602904000,U,OB,1,2,830,136938,75,17:00.0,3,3:00,322
7602904029,U,IB,1,2,1006,261363,105,35:00.0,5,8:00,322
7602904047,U,IB,1,5,1530,131984,125,52:00.0,6,6:00,322
7602904258,U,IB,1,2,300,121640,125,14:00.0,3,4:00,322
7602904321,U,IB,1,1,101,137118,103,03:00.0,7,13:00,322
7602904330,U,IB,1,1,101,137118,103,09:00.0,7,13:00,322
7602912993,U,OB,1,4,2080,290208,93,45:00.0,4,10:00,322
7602912993,U,OB,1,4,2080,290208,93,45:00.0,4,10:00,322
760291303X,U,IB,1,1,328,136938,141,53:00.0,6,6:00,322
7602913049,U,IB,1,2,1245,140405,158,20:00.0,6,11:00,322
7602913058,U,IB,1,1,151,430631,143,16:00.0,7,11:00,322
7602913103,U,IB,1,1,125,261363,105,26:00.0,5,8:00,322
760291314X,U,IB,1,1,570,261257,131,28:00.0,6,7:00,322
7602913507,U,CTY,1,1,425,133185,N14 ,37:00.0,5,11:00,322
7602913507,U,IB,1,1,425,133185,101,35:00.0,5,8:00,322
7602913525,U,CTY,1,3,1440,125047,192,53:00.0,6,16:00,322
7602913543,U,CTY,1,1,400,41167,P17 ,21:00.0,3,15:00,322
7602913543,U,OB,1,1,400,41167,97,53:00.0,3,11:00,322
7602913543,U,IB,1,1,400,41167,117,53:00.0,3,2:00,322
7602913626,U,IB,1,2,266,135986,116,56:00.0,6,14:00,322
7602913662,U,IB,1,1,280,121640,125,53:00.0,3,2:00,322
7602913680,U,IB,1,1,290,430632,104,44:00.0,5,10:00,322
7602913709,U,OB,1,7,3045,130715,90,05:00.0,5,10:00,322
7602913718,U,IB,1,8,3335,430773,116,22:00.0,7,8:00,322
7602913718,U,IB,1,8,3335,430773,160,22:00.0,7,19:00,322
7602913727,U,IB,1,8,3290,123751,127,57:00.0,4,1:00,322
7602913956,U,IB,1,1,860,136938,141,23:00.0,6,6:00,322
7602913965,U,IB,1,2,595,136938,141,45:00.0,6,11:00,322
7602913974,U,IB,1,1,193,136938,141,00:00.0,6,12:00,322
7602913983,U,IB,1,3,5433,136938,141,47:00.0,6,6:00,322
7602913992,U,IB,1,2,4150,136938,141,25:00.0,6,12:00,322
7602914001,U,IB,1,3,240,430631,143,38:00.0,7,7:00,322
7602914268,U,IB,1,1,2215,290208,114,21:00.0,4,10:00,322
7602914286,U,OB,1,1,1400,290208,93,19:00.0,4,10:00,322
7602914286,U,IB,1,1,1400,290208,114,18:00.0,4,10:00,322
7602914322,U,IB,1,1,164,430632,104,12:00.0,5,13:00,322
7602914340,U,IB,1,2,591,430632,104,25:00.0,5,15:00,322
7602914708,U,IB,1,27,675,129540,135,53:00.0,5,20:00,322
7602914726,U,IB,1,1,430,290208,114,21:00.0,4,12:00,322
7602914753,U,IB,1,4,3600,430631,143,04:00.0,7,11:00,322
7602916394,U,IB,1,1,79,251290,114,14:00.0,4,14:00,322
7602916412,U,IB,1,1,407,251290,114,17:00.0,4,14:00,322
7602916468,U,IB,1,1,365,124137,105,19:00.0,3,11:00,322
7602916513,U,IB,1,1,355,124137,105,35:00.0,3,11:00,322
7602916587,U,IB,1,1,360,124137,105,16:00.0,3,11:00,322
7602916596,U,OB,1,1,355,124137,82,26:00.0,3,11:00,322
7602916596,U,IB,1,1,355,124137,105,25:00.0,3,11:00,322
7602966444,U,IB,1,1,377,211654,129,50:00.0,1,22:00,326
7602969809,U,CTY,1,7,9720,131972,169,22:00.0,4,22:00,251
7602969973,U,IB,1,2,2090,136818,158,12:00.0,7,1:00,251
7602970276,U,OB,1,1,962,123993,90,41:00.0,6,8:00,251
7602970321,U,IB,1,4,5146,139010,145,52:00.0,3,21:00,251
760297056X,U,IB,1,3,1337,139442,152,30:00.0,6,22:00,251
7602970579,U,IB,1,2,1668,139442,152,40:00.0,6,22:00,251
760297078X,U,IB,1,4,4155,128506,158,23:00.0,6,21:00,251
7603033169,U,CTY,1,1,565,138066,189,49:00.0,3,4:00,522
7603036936,U,OB,1,1,220,128416,40,27:00.0,7,17:00,522
7603041060,U,OB,1,1,350,45505,55,56:00.0,6,20:00,522
7603046652,U,OB,1,1,235,290620,17,59:00.0,3,12:00,522
7603046661,U,OB,1,1,324,290620,17,07:00.0,3,13:00,522
7603053959,U,OB,1,1,2477,133078,88,35:00.0,4,9:00,522
7603054078,U,OB,1,1,2477,45505,55,22:00.0,6,22:00,522
7603057295,U,OB,1,1,245,125808,88,18:00.0,7,11:00,522
7603057304,U,IB,1,1,390,130948,103,10:00.0,2,10:00,522
7603057762,U,OB,1,1,270,133251,17,23:00.0,5,14:00,522
7603057818,U,OB,1,1,268,138066,6,58:00.0,3,8:00,522
7603058963,U,CTY,1,1,322,279944,187,00:00.0,7,3:00,522
7603064564,U,IB,1,2,1175,138779,131,57:00.0,5,10:00,522
7603064582,U,IB,1,2,1960,136665,143,55:00.0,3,2:00,522
7603067350,U,OB,1,2,920,291213,72,32:00.0,7,4:00,522
7603130445,U,CTY,1,1,337,119931,175,14:00.0,2,21:00,548
7603130564,U,CTY,1,1,337,123553,192,38:00.0,6,1:00,548
7603130564,U,CTY,1,1,337,123553,233,27:00.0,2,21:00,548
760313083X,U,CTY,1,1,593,134869,237,39:00.0,3,21:00,548
760313083X,U,CTY,1,1,593,134869,238,03:00.0,2,22:00,548
760313083X,U,CTY,1,1,593,134869,169,15:00.0,1,11:00,548
7603133552,U,CTY,1,1,337,HAEI25458,188,17:00.0,4,18:00,548
7603133635,U,IB,1,1,593,HAEI23307,131,27:00.0,6,20:00,548
7603133662,U,CTY,1,1,337,530503,187,09:00.0,6,22:00,548
7603143169,U,CTY,1,2,716,290977,194,30:00.0,6,4:00,548
7603163409,U,CTY,1,1,405,125225,197,25:00.0,7,3:00,201
7603163784,U,IB,1,2,489,129496,114,51:00.0,3,8:00,201
7603164527,U,CTY,1,1,547,126202,187,12:00.0,5,2:00,201
7603216364,U,CTY,1,1,145,130634,189,11:00.0,1,14:00,875
7603303190,U,CTY,1,1,200,118856,194,01:00.0,3,21:00,558
7603318958,U,IB,1,2,1150,290036,163,05:00.0,7,10:00,558
7603318994,U,CTY,1,6,5300,128760,209,36:00.0,4,11:00,558
7603322981,U,OB,1,2,1585,125969,46,43:00.0,7,5:00,558
7603322990,U,OB,1,1,410,125969,46,22:00.0,7,6:00,558
760332300X,U,OB,1,2,583,125969,46,23:00.0,7,6:00,558
7603323019,U,OB,1,2,938,125969,46,51:00.0,7,5:00,558
7603323028,U,OB,1,2,820,125969,46,19:00.0,7,6:00,558
7603324678,U,CTY,1,1,180,290603,195,40:00.0,6,18:00,558
7603326218,U,IB,1,9,1645,134122,151,26:00.0,6,8:00,558
7603326474,U,IB,1,7,1970,291244,113,30:00.0,5,15:00,558
7603331049,U,CTY,1,1,1036,132337,187,46:00.0,4,1:00,558
7603331305,U,OB,1,2,346,125969,46,34:00.0,7,6:00,558
7603333707,U,OB,1,2,393,140074,89,40:00.0,5,4:00,558
7603333716,U,IB,1,8,2800,138779,131,40:00.0,5,11:00,558
7603333734,U,CTY,1,1,415,290603,235,02:00.0,6,19:00,558
7603333734,U,CTY,1,1,415,290603,235,02:00.0,6,19:00,558
7603333743,U,CTY,1,5,2305,290603,195,05:00.0,6,19:00,558
7603333761,U,CTY,1,2,425,290603,235,31:00.0,6,18:00,558
7603333761,U,CTY,1,2,425,290603,195,13:00.0,6,18:00,558
7603333770,U,CTY,1,2,945,132337,187,01:00.0,4,2:00,558
7603333835,U,CTY,1,1,730,132337,187,25:00.0,4,1:00,558
7603333853,U,IB,1,4,905,290036,163,51:00.0,7,10:00,555
760333389X,U,IB,1,1,680,290036,163,54:00.0,7,11:00,558
7603333909,U,OB,1,7,3010,136085,66,05:00.0,1,22:00,558
7603333918,U,OB,1,1,960,136085,66,18:00.0,1,21:00,558
7603333927,U,OB,1,7,1800,136492,48,53:00.0,5,18:00,558
7603333945,U,OB,1,7,2350,136085,66,09:00.0,2,0:00,558
7603339748,U,IB,1,12,3582,133030,152,30:00.0,6,1:00,558
7603339784,U,IB,1,2,425,132073,112,54:00.0,6,22:00,558
7603341030,U,IB,1,4,1400,125049,131,16:00.0,3,15:00,558
7603341068,U,CTY,1,11,3450,139731,189,00:00.0,7,10:00,558
7603341719,U,IB,1,2,482,134122,151,43:00.0,6,6:00,558
7603492226,U,OB,1,1,2,132130,39,38:00.0,6,8:00,432
7603492262,U,IB,1,6,3003,127706,123,01:00.0,1,9:00,432
7603492271,U,OB,1,1,488,138318,40,31:00.0,4,14:00,432
7603492280,U,OB,1,1,40,126091,48,02:00.0,5,15:00,432
760349229X,U,OB,1,3,850,249103,39,49:00.0,6,5:00,432
7603492309,U,OB,1,4,185,131208,55,41:00.0,6,18:00,432
7603492318,U,OB,1,2,80,131208,55,14:00.0,6,21:00,432
7603492327,U,OB,1,2,95,131208,55,55:00.0,6,20:00,432
7603492336,U,OB,1,1,50,131208,55,18:00.0,6,18:00,432
7603492345,U,OB,1,4,195,131208,55,31:00.0,6,18:00,432
7603492354,U,OB,1,1,50,131208,55,22:00.0,6,18:00,432
7603492372,U,OB,1,1,2065,128754,32,16:00.0,3,6:00,432
7603492390,U,OB,1,1,485,290180,49,47:00.0,3,0:00,432
760349240X,U,OB,1,1,35,131685,55,19:00.0,3,3:00,432
7603492419,U,OB,1,1,16,132845,51,37:00.0,4,22:00,432
7603492446,U,OB,1,1,835,128475,49,41:00.0,4,12:00,432
7603492464,U,OB,1,1,200,132130,39,11:00.0,6,8:00,432
7603492482,U,OB,1,2,205,118561,40,25:00.0,3,2:00,432
7603492491,U,OB,1,1,424,133774,51,17:00.0,1,11:00,432
7603492702,U,OB,1,1,750,127872,46,48:00.0,6,15:00,432
7603492711,U,OB,1,1,1250,127022,86,56:00.0,7,0:00,432
7603492720,U,OB,1,1,255,126165,69,22:00.0,4,9:00,432
760349273X,U,OB,1,3,4054,126165,69,01:00.0,4,9:00,432
7603492749,U,OB,1,1,668,131685,55,13:00.0,3,5:00,432
7603492758,U,OB,1,1,500,131685,55,47:00.0,3,4:00,432
7603492767,U,OB,1,1,1230,133774,51,57:00.0,1,13:00,432
7603492785,U,OB,1,1,150,132412,43,53:00.0,6,15:00,432
7603492794,U,OB,1,1,100,132412,43,15:00.0,6,17:00,432
7603492812,U,OB,1,1,275,132412,43,35:00.0,6,17:00,432
7603492877,U,OB,1,2,2700,133870,75,17:00.0,3,17:00,432
7603492895,U,OB,1,2,2915,135556,49,57:00.0,7,7:00,432
7603492904,U,OB,1,1,2540,261371,76,45:00.0,7,10:00,432
7603492913,U,OB,1,1,2575,261371,76,58:00.0,7,10:00,432
7603492922,U,OB,1,1,1040,135556,49,00:00.0,7,9:00,432
7603492931,U,OB,1,2,470,132130,39,56:00.0,6,6:00,432
7603492940,U,OB,1,1,100,134183,67,07:00.0,1,8:00,432
7603493234,U,OB,1,1,370,135545,5,58:00.0,3,17:00,432
7603493243,U,OB,1,7,1795,133228,63,14:00.0,3,4:00,432
7603493252,U,OB,1,1,850,129746,96,41:00.0,5,2:00,432
7603493261,U,IB,1,1,290,290117,117,09:00.0,7,2:00,432
7603493270,U,IB,1,2,1200,290117,117,22:00.0,7,2:00,432
7603495728,U,OB,1,4,3075,431001,69,32:00.0,7,21:00,432
7603495984,U,OB,1,1,145,279111,90,10:00.0,4,11:00,432
7603496002,U,OB,1,2,400,127570,48,55:00.0,7,0:00,432
7603496195,U,OB,1,1,1592,127021,74,32:00.0,6,2:00,432
7603496222,U,OB,1,1,317,118255,76,58:00.0,5,15:00,432
7603496287,U,OB,1,1,996,127021,74,33:00.0,6,2:00,432
7603496397,U,OB,1,2,2512,125687,74,18:00.0,7,10:00,432
7603496424,U,OB,1,13,4209,431001,69,11:00.0,7,21:00,432
7603517452,U,OB,1,1,2000,132642,50,25:00.0,4,11:00,432
7603517452,U,CTY,1,1,2000,132642,206,11:00.0,5,3:00,432
7603517957,U,OB,1,1,300,131208,55,00:00.0,6,20:00,432
7603518709,U,OB,1,2,2700,128187,52,49:00.0,6,7:00,432
7603518718,U,OB,1,3,970,128187,52,00:00.0,6,7:00,432
7603518754,U,OB,1,4,3396,559524,46,38:00.0,1,8:00,432
7603521706,U,OB,1,1,500,116706,88,50:00.0,5,15:00,432
7603521724,U,OB,1,1,253,280932,67,52:00.0,5,10:00,432
7603521733,U,OB,1,1,250,127872,46,49:00.0,6,16:00,432
7603521751,U,OB,1,1,531,127872,46,08:00.0,6,15:00,432
7603521760,U,OB,1,3,3032,127872,46,47:00.0,6,16:00,432
760352177X,U,OB,1,1,587,279111,90,17:00.0,4,9:00,432
7603521789,U,OB,1,7,3536,129746,96,07:00.0,5,1:00,432
7603521852,U,OB,1,1,65,127021,74,03:00.0,6,2:00,432
7603542258,U,OB,1,1,230,131208,55,57:00.0,6,18:00,432
7603542267,U,OB,1,1,350,131208,55,21:00.0,6,19:00,432
7603542303,U,OB,1,1,255,136967,69,20:00.0,4,8:00,432
7603542330,U,OB,1,1,113,131926,96,01:00.0,4,18:00,432
7603542368,U,OB,1,1,395,121400,51,37:00.0,6,11:00,432
7603542377,U,OB,1,1,470,129522,86,52:00.0,5,7:00,432
7603542386,U,OB,1,1,470,131329,75,53:00.0,4,11:00,432
7603542404,U,OB,1,1,545,136815,73,43:00.0,3,7:00,432
760354344X,U,OB,1,7,12030,135355,69,25:00.0,1,4:00,432
7603543953,U,OB,1,2,510,136815,73,10:00.0,3,8:00,432
7603543962,U,OB,1,2,510,136815,73,59:00.0,3,6:00,432
7603543971,U,OB,1,3,910,136815,73,26:00.0,3,7:00,432
7603543980,U,OB,1,2,510,136815,73,21:00.0,3,8:00,432
7603546447,U,IB,1,2,678,290117,117,37:00.0,7,1:00,432
7603546474,U,IB,1,1,48,290209,111,51:00.0,4,12:00,432
7603546483,U,OB,1,2,180,133774,51,07:00.0,1,13:00,432
7603546548,U,OB,1,1,48,133774,51,05:00.0,1,13:00,432
7603546593,U,OB,1,1,500,129772,53,57:00.0,3,4:00,432
7603546602,U,OB,1,1,125,126169,40,51:00.0,3,10:00,432
7603546703,U,OB,1,5,1185,558556,76,23:00.0,6,8:00,432
7603546712,U,OB,1,3,2715,128483,58,55:00.0,5,9:00,432
7603546768,U,OB,1,1,609,128475,49,10:00.0,4,13:00,432
7603546777,U,OB,1,2,1962,119291,52,14:00.0,4,2:00,432
7603546777,U,OB,1,2,1962,119291,52,14:00.0,4,2:00,432
7603546786,U,OB,1,2,100,131685,55,27:00.0,3,4:00,432
7603546795,U,OB,1,1,215,131685,55,16:00.0,3,5:00,432
7603546804,U,OB,1,5,200,131685,55,10:00.0,3,5:00,432
7603546813,U,OB,1,5,9500,133774,51,23:00.0,1,13:00,432
7603546822,U,OB,1,1,305,249103,39,52:00.0,6,5:00,432
7603546831,U,IB,1,4,230,127706,123,51:00.0,1,9:00,432
7603546869,U,OB,1,1,100,135556,49,57:00.0,7,9:00,432
760354795X,U,OB,1,1,253,558556,76,16:00.0,6,8:00,432
7603547987,U,OB,1,4,3789,127570,48,02:00.0,7,2:00,432
760354883X,U,OB,1,5,160,133172,51,55:00.0,6,7:00,432
7603548849,U,OB,1,2,64,133172,51,13:00.0,6,7:00,432
7603548858,U,OB,1,5,160,133172,51,47:00.0,6,7:00,432
7603548867,U,CTY,1,5,160,133172,183,32:00.0,6,15:00,432
7603548867,U,OB,1,5,160,133172,51,08:00.0,6,7:00,432
7603548903,U,OB,1,1,335,135957,50,23:00.0,3,6:00,432
7603550279,U,OB,1,7,7920,129522,86,20:00.0,5,7:00,432
7603550288,U,OB,1,1,679,140040,55,41:00.0,5,3:00,432
7603550306,U,IB,1,2,1565,290209,111,48:00.0,4,10:00,432
7603550333,U,OB,1,7,8040,261338,52,00:00.0,5,14:00,432
7603550663,U,OB,1,1,1075,140310,48,17:00.0,7,7:00,432
7603551709,U,OB,1,1,555,249103,39,13:00.0,6,6:00,432
7603551718,U,OB,1,2,2595,290180,49,22:00.0,3,2:00,432
7603551727,U,OB,1,2,1625,128754,32,48:00.0,3,5:00,432
7603551736,U,OB,1,1,740,119291,55,25:00.0,4,3:00,432
7603551745,U,OB,1,1,1164,119291,59,17:00.0,4,2:00,432
7603551745,U,OB,1,1,1164,119291,55,16:00.0,4,2:00,432
7603551772,U,OB,1,2,1545,249103,39,34:00.0,6,6:00,432
7603551790,U,OB,1,1,705,249103,39,44:00.0,6,6:00,432
7603551837,U,OB,1,2,1200,430228,63,45:00.0,4,10:00,432
7603551855,U,OB,1,2,4246,133103,38,34:00.0,3,7:00,432
7603551882,U,OB,1,3,3815,139518,31,04:00.0,7,15:00,432
7603551947,U,IB,1,10,6850,127706,123,35:00.0,1,11:00,432
7603551956,U,OB,1,14,8490,530691,53,21:00.0,5,18:00,432
7603551974,U,OB,1,2,1855,138882,90,20:00.0,5,6:00,432
7603551983,U,OB,1,1,1115,138882,90,19:00.0,5,6:00,432
7603551992,U,OB,1,13,12900,116843,84,43:00.0,7,6:00,432
7603552001,U,OB,1,2,2240,559524,46,07:00.0,1,8:00,432
7603552010,U,OB,1,2,3075,135972,17,22:00.0,3,10:00,432
7603552057,U,OB,1,7,8540,135957,50,07:00.0,3,8:00,432
7603552075,U,OB,1,5,6305,135957,50,33:00.0,3,6:00,432
7603552084,U,OB,1,2,2465,135972,17,35:00.0,3,9:00,432
7603552093,U,IB,1,7,8710,140026,104,54:00.0,3,11:00,432
7603552111,U,OB,1,1,901,128187,52,09:00.0,6,6:00,432
7603552120,U,OB,1,3,3510,128187,52,05:00.0,6,6:00,432
760355213X,U,OB,1,2,3271,128187,52,58:00.0,6,5:00,432
7603552149,U,OB,1,2,2420,139872,60,21:00.0,7,7:00,432
7603552158,U,OB,1,3,2530,558827,19,51:00.0,1,11:00,432
7603552158,U,OB,1,3,2530,558827,63,21:00.0,7,15:00,432
7603552176,U,OB,1,7,7860,116706,88,28:00.0,5,15:00,432
7603552551,U,OB,1,1,190,291044,11,28:00.0,4,3:00,432
7603552560,U,OB,1,1,1285,129522,86,29:00.0,5,4:00,432
760355257X,U,OB,1,5,385,430228,63,51:00.0,4,9:00,432
7603552589,U,OB,1,2,870,123975,72,03:00.0,5,13:00,432
7603552598,U,OB,1,4,958,132412,43,20:00.0,6,16:00,432
7603552607,U,IB,1,1,2015,125180,104,08:00.0,7,21:00,432
7603553258,U,OB,1,1,966,431077,67,19:00.0,3,2:00,432
7603553642,U,OB,1,2,585,291044,11,25:00.0,4,5:00,432
7603553651,U,OB,1,1,387,122359,26,23:00.0,4,18:00,432
7603553660,U,OB,1,1,465,131329,75,43:00.0,4,9:00,432
760355367X,U,OB,1,1,320,135556,49,54:00.0,7,9:00,432
7603553990,U,OB,1,1,230,132412,43,39:00.0,6,17:00,432
7603554028,U,OB,1,3,155,131208,55,07:00.0,6,20:00,432
7603554037,U,OB,1,1,175,290180,49,51:00.0,3,0:00,432
7603554046,U,OB,1,1,140,128475,49,43:00.0,4,12:00,432
7603554055,U,OB,1,2,1323,126165,69,29:00.0,4,8:00,432
7603554073,U,OB,1,1,250,118255,76,44:00.0,5,14:00,432
7603554129,U,OB,1,3,3800,135957,45,14:00.0,3,7:00,432
7603554129,U,OB,1,3,3800,135957,56,57:00.0,3,10:00,432
7603554129,U,OB,1,3,3800,135957,45,14:00.0,3,7:00,432
7603554147,U,OB,1,1,102,127021,74,54:00.0,6,1:00,432
7603554156,U,OB,1,2,3800,530691,53,21:00.0,5,19:00,432
7603555063,U,OB,1,4,946,136967,69,20:00.0,4,8:00,432
7603555072,U,OB,1,4,3285,430228,63,31:00.0,4,18:00,432
7603555081,U,OB,1,5,1225,135155,53,03:00.0,5,9:00,432
7603557712,U,OB,1,1,255,126091,48,33:00.0,5,14:00,432
7603557721,U,OB,1,1,200,133870,75,57:00.0,3,16:00,432
760355774X,U,OB,1,2,1440,133870,75,51:00.0,3,16:00,432
7603557777,U,OB,1,2,1240,431077,14,46:00.0,3,12:00,432
7603557822,U,OB,1,8,4380,249065,48,13:00.0,3,7:00,432
760355785X,U,OB,1,8,578,431077,67,57:00.0,3,3:00,432
7603557905,U,OB,1,5,5775,431077,14,05:00.0,3,13:00,432
7603557923,U,OB,1,1,955,138318,40,35:00.0,4,14:00,432
7603557932,U,OB,1,2,180,431077,14,14:00.0,3,12:00,432
7603557941,U,OB,1,10,9010,127112,17,20:00.0,3,4:00,432
7603558419,U,OB,1,2,1840,121400,51,48:00.0,6,12:00,432
7603558446,U,OB,1,4,2920,129772,53,05:00.0,3,4:00,432
7603558455,U,CTY,1,1,110,129522,N20 ,47:00.0,5,14:00,432
7603558455,U,OB,1,1,110,129522,86,38:00.0,5,9:00,432
7603558473,U,OB,1,3,3290,132130,39,28:00.0,6,8:00,432
7603558473,U,OB,1,3,3290,132130,54,29:00.0,6,8:00,432
7603558500,U,OB,1,1,260,132130,39,31:00.0,6,8:00,432
7603558574,U,OB,1,2,290,132130,39,18:00.0,6,7:00,432
7603558592,U,OB,1,10,6336,431077,14,14:00.0,3,10:00,432
7603558610,U,OB,1,5,277,249065,48,47:00.0,3,7:00,432
7603558610,U,OB,1,5,277,249065,15,13:00.0,3,16:00,432
7603558675,U,OB,1,1,1385,431077,67,44:00.0,3,2:00,432
7603558684,U,OB,1,5,7440,431077,67,09:00.0,3,3:00,432
7603558859,U,OB,1,1,1265,431077,67,32:00.0,3,0:00,432
7603558868,U,OB,1,3,1396,431077,67,58:00.0,3,0:00,432
7603558895,U,OB,1,4,3048,431077,14,32:00.0,3,12:00,432
7603558904,U,OB,1,1,95,249065,48,51:00.0,3,7:00,432
7603558913,U,OB,1,2,1505,249065,48,50:00.0,3,7:00,432
7603558922,U,OB,1,1,150,127112,97,16:00.0,3,14:00,432
7603558922,U,IB,1,1,150,127112,109,08:00.0,3,14:00,432
7603559317,U,CTY,1,1,415,129522,N23 ,39:00.0,5,14:00,432
7603559317,U,OB,1,1,415,129522,86,38:00.0,5,9:00,432
7603559353,U,OB,1,6,8625,123975,72,52:00.0,5,13:00,432
7603559380,U,OB,1,5,594,431077,67,03:00.0,3,1:00,432
7603559445,U,OB,1,11,4258,249065,48,43:00.0,3,7:00,432
7603560518,U,OB,1,3,5240,131685,55,51:00.0,3,5:00,432
7603560545,U,OB,1,2,710,126531,70,48:00.0,5,21:00,432
7603560545,U,OB,1,2,710,126531,51,19:00.0,5,21:00,432
7603560563,U,OB,1,1,200,138318,40,26:00.0,4,14:00,432
7603560572,U,OB,1,3,2166,138318,40,59:00.0,4,12:00,432
7603560581,U,OB,1,2,820,132412,43,21:00.0,6,17:00,432
7603560619,U,OB,1,1,460,132412,43,30:00.0,6,16:00,432
7603560637,U,OB,1,1,1325,131208,55,32:00.0,6,21:00,432
7603560637,U,OB,1,1,1325,131208,57,20:00.0,7,1:00,432
7603560646,U,OB,1,1,274,131685,55,45:00.0,3,5:00,432
7603560655,U,OB,1,1,880,131685,55,41:00.0,3,5:00,432
7603560664,U,OB,1,3,1992,128754,32,39:00.0,3,5:00,432
7603560682,U,OB,1,1,386,131685,55,43:00.0,3,5:00,432
7603560884,U,OB,1,2,455,126169,40,26:00.0,3,13:00,432
7603560902,U,OB,1,9,2186,129772,53,40:00.0,3,3:00,432
7603561288,U,OB,1,2,155,129772,53,06:00.0,3,5:00,432
7603561681,U,OB,1,7,7910,135355,69,34:00.0,1,3:00,432
7603561764,U,CTY,1,5,825,129522,N17 ,40:00.0,5,14:00,432
7603561764,U,OB,1,5,825,129522,86,38:00.0,5,9:00,432
760356181X,U,OB,1,2,400,129772,53,01:00.0,3,5:00,432
7603561829,U,IB,1,3,260,290209,111,13:00.0,4,10:00,432
7603561838,U,OB,1,3,3035,129772,53,59:00.0,3,4:00,432
7603561892,U,OB,1,4,245,132130,39,39:00.0,6,7:00,432
7603561910,U,OB,1,2,2265,128237,69,19:00.0,5,22:00,432
7603562121,U,OB,1,1,1045,129772,53,11:00.0,3,4:00,432
7603565724,U,OB,1,4,7200,135465,58,26:00.0,4,7:00,432
7603565733,U,OB,1,1,2100,135465,58,24:00.0,4,8:00,432
7603565751,U,IB,1,2,2556,138475,103,10:00.0,6,0:00,432
7603565760,U,OB,1,1,1800,135155,53,56:00.0,5,7:00,432
7603565789,U,OB,1,1,2400,135252,48,31:00.0,6,6:00,432
7603565825,U,IB,1,1,900,123837,104,33:00.0,7,7:00,432
7603565852,U,IB,1,3,5610,125180,104,47:00.0,7,20:00,432
7603565870,U,OB,1,1,1398,131151,58,29:00.0,1,12:00,432
760356588X,U,OB,1,3,5610,290180,58,20:00.0,3,3:00,432
760356588X,U,OB,1,3,5610,290180,49,43:00.0,3,2:00,432
7603565908,U,OB,1,1,238,131685,55,37:00.0,3,3:00,432
7603565917,U,OB,1,1,1568,290180,49,37:00.0,3,2:00,432
7603565935,U,OB,1,5,6614,128754,32,52:00.0,3,6:00,432
7603565971,U,OB,1,1,326,131685,55,43:00.0,3,3:00,432
7603565980,U,OB,1,1,175,131685,55,42:00.0,3,3:00,432
7603566009,U,OB,1,1,200,132845,51,54:00.0,4,19:00,432
7603566018,U,OB,1,1,744,132642,50,44:00.0,4,12:00,432
7603566027,U,OB,1,1,390,128475,49,54:00.0,4,13:00,432
7603566036,U,OB,1,1,906,118255,76,10:00.0,5,16:00,432
7603566045,U,OB,1,1,2160,280932,67,57:00.0,5,6:00,432
7603566054,U,OB,1,1,1200,280932,67,32:00.0,5,7:00,432
7603566072,U,OB,1,2,1728,280932,67,40:00.0,5,7:00,432
7603566128,U,IB,1,1,1482,132337,101,24:00.0,6,10:00,432
7603566155,U,OB,1,2,1985,127872,46,06:00.0,6,16:00,432
7603566173,U,OB,1,3,2984,127872,46,24:00.0,6,17:00,432
7603566182,U,OB,1,5,6630,211335,48,52:00.0,1,4:00,432
7603566191,U,OB,1,1,1552,127872,46,53:00.0,6,15:00,432
7603567282,U,OB,1,1,748,131329,75,22:00.0,4,8:00,432
7603567282,U,CTY,1,1,748,125843,169,47:00.0,5,2:00,432
760356731X,U,OB,1,1,110,249065,48,27:00.0,3,6:00,432
7603567347,U,OB,1,2,586,430228,63,27:00.0,4,12:00,432
7603567356,U,IB,1,1,2238,138475,103,16:00.0,6,0:00,432
7603567365,U,OB,1,2,250,126091,48,12:00.0,5,14:00,432
7603567383,U,OB,1,1,265,132412,43,54:00.0,6,16:00,432
7603567392,U,OB,1,1,90,131208,55,08:00.0,6,19:00,432
7603567401,U,OB,1,1,675,131208,55,59:00.0,6,20:00,432
7603567410,U,OB,1,1,208,133774,51,13:00.0,1,11:00,432
7603567410,U,OB,1,1,208,133774,82,21:00.0,1,14:00,432
7603567410,U,OB,1,1,208,133774,82,14:00.0,1,11:00,432
7603567439,U,OB,1,1,580,118255,76,48:00.0,5,14:00,432
7603567814,U,OB,1,1,443,129772,53,28:00.0,3,0:00,432
7603567823,U,OB,1,2,2135,126169,40,37:00.0,3,10:00,432
7603567832,U,OB,1,1,973,126169,40,59:00.0,3,11:00,432
7603567850,U,OB,1,3,3176,128237,69,18:00.0,5,22:00,432
760356786X,U,OB,1,1,352,128237,69,55:00.0,5,21:00,432
7603567879,U,OB,1,2,2173,132130,39,05:00.0,6,8:00,432
7603567888,U,OB,1,1,944,132130,39,06:00.0,6,8:00,432
7603567906,U,OB,1,1,833,261371,76,24:00.0,7,10:00,432
7603567942,U,OB,1,1,713,430228,63,17:00.0,4,11:00,432
7603567960,U,OB,1,2,2234,132642,50,37:00.0,4,13:00,432
7603568209,U,OB,1,4,3683,430228,63,49:00.0,4,10:00,432
7603568218,U,OB,1,3,3215,430228,63,41:00.0,4,11:00,432
7603568227,U,OB,1,3,4373,129746,96,27:00.0,5,1:00,432
7603568236,U,OB,1,1,1038,129746,96,51:00.0,5,1:00,432
7603568483,U,OB,1,1,1114,128187,52,21:00.0,6,5:00,432
7603568566,U,OB,1,3,4335,127021,74,52:00.0,6,1:00,432
7603568575,U,OB,1,2,2394,530691,53,26:00.0,5,17:00,432
7603568584,U,IB,1,1,778,290117,117,57:00.0,7,1:00,432
7603568593,U,IB,1,1,1044,290117,117,27:00.0,7,1:00,432
7603568602,U,IB,1,1,277,290117,117,22:00.0,7,0:00,432
7603568620,U,OB,1,3,2821,431001,69,56:00.0,7,20:00,432
7603568703,U,OB,1,5,9350,558827,63,22:00.0,7,14:00,432
7603568703,U,OB,1,5,9350,558827,16,54:00.0,7,17:00,432
7603568721,U,OB,1,1,1656,127578,69,46:00.0,1,7:00,432
7603568730,U,OB,1,1,1500,139872,60,57:00.0,7,6:00,432
760356874X,U,OB,1,1,1050,139872,60,23:00.0,7,7:00,432
7603568759,U,OB,1,1,1500,139872,60,41:00.0,7,6:00,432
7603568759,U,OB,1,1,1500,139872,97,37:00.0,7,11:00,432
7603568768,U,OB,1,6,6502,558827,63,28:00.0,7,13:00,432
7603568804,U,OB,1,1,900,116843,84,23:00.0,7,7:00,432
7603568813,U,OB,1,5,9350,135545,5,57:00.0,3,17:00,432
7603568822,U,OB,1,3,2492,133228,63,40:00.0,3,4:00,432
7603568878,U,OB,1,1,1200,133228,63,31:00.0,3,4:00,432
7603568887,U,OB,1,1,900,135957,50,41:00.0,3,6:00,432
7603568905,U,OB,1,1,1440,135957,50,45:00.0,3,6:00,432
7603568941,U,OB,1,2,1980,139676,74,20:00.0,4,6:00,432
7603569776,U,OB,1,1,253,140040,55,55:00.0,5,3:00,432
7603569785,U,OB,1,2,693,140040,55,00:00.0,5,4:00,432
7603569794,U,OB,1,1,435,133103,38,49:00.0,3,9:00,432
7603570198,U,OB,1,1,735,126165,69,16:00.0,4,8:00,432
7603570591,U,OB,1,9,3920,126169,40,55:00.0,3,12:00,432
7603570600,U,OB,1,2,1414,136815,73,55:00.0,3,8:00,432
760357061X,U,OB,1,1,8,136815,73,22:00.0,3,6:00,432
7603570629,U,OB,1,3,930,131329,75,27:00.0,4,10:00,432
7603570638,U,IB,1,4,5,290209,111,46:00.0,4,11:00,432
7603570647,U,IB,1,2,4,290209,111,46:00.0,4,11:00,432
7603571462,U,OB,1,9,4528,118255,76,10:00.0,5,19:00,432
760357149X,U,IB,1,1,100,132337,101,59:00.0,6,10:00,432
7603571518,U,IB,1,1,50,132337,101,02:00.0,6,12:00,432
7603571536,U,OB,1,1,50,128187,52,44:00.0,6,6:00,432
7603571554,U,IB,1,4,5,132337,101,12:00.0,6,11:00,432
7603571563,U,IB,1,6,7,132337,101,21:00.0,6,11:00,432
7603571581,U,IB,1,2,3,132337,101,51:00.0,6,11:00,432
7603571590,U,IB,1,3,125,132337,101,14:00.0,6,12:00,432
760357160X,U,OB,1,1,50,128187,52,41:00.0,6,6:00,432
7603571619,U,IB,1,1,50,132337,101,06:00.0,6,12:00,432
7603571628,U,IB,1,1,2,132337,101,56:00.0,6,11:00,432
7603571655,U,OB,1,7,1685,559524,46,53:00.0,1,8:00,432
7603571673,U,OB,1,1,744,842510,40,49:00.0,7,12:00,432
7603571682,U,OB,1,1,350,530691,53,10:00.0,5,19:00,432
7603571700,U,IB,1,1,350,290117,117,52:00.0,6,22:00,432
760357171X,U,OB,1,9,3095,125687,74,55:00.0,7,10:00,432
7603571747,U,OB,1,2,3,116807,95,58:00.0,7,22:00,432
7603573002,U,OB,1,1,500,261371,76,01:00.0,7,11:00,432
7603573534,U,OB,1,4,5800,129772,53,41:00.0,3,1:00,432
7603573718,U,OB,1,4,7200,131926,96,09:00.0,4,18:00,432
7603573956,U,OB,1,1,140,131151,69,08:00.0,2,16:00,432
7603573956,U,OB,1,1,140,131151,58,46:00.0,1,13:00,432
7603573965,U,OB,1,2,3660,290180,49,40:00.0,3,2:00,432
7603573974,U,OB,1,1,200,118255,76,12:00.0,5,15:00,432
760357402X,U,IB,1,1,187,128408,100,10:00.0,6,14:00,432
760357402X,U,IB,1,1,187,128408,100,10:00.0,6,14:00,432
7603574039,U,IB,1,2,1026,128408,100,10:00.0,6,14:00,432
7603574039,U,IB,1,2,1026,128408,100,10:00.0,6,14:00,432
7603577200,U,OB,1,2,2415,129746,96,58:00.0,5,0:00,432
760357721X,U,OB,1,2,1178,129746,96,52:00.0,5,0:00,432
7603577229,U,OB,1,1,236,129746,96,18:00.0,5,0:00,432
7603577238,U,OB,1,1,330,261137,76,29:00.0,3,3:00,432
7603577247,U,OB,1,4,1800,133228,63,29:00.0,3,4:00,432
7603577714,U,OB,1,2,145,131208,55,35:00.0,6,19:00,432
7603577952,U,OB,1,1,1450,129522,86,19:00.0,5,8:00,432
7603577970,U,OB,1,1,393,139518,31,02:00.0,7,13:00,432
7603579703,U,OB,1,1,200,127578,69,12:00.0,1,7:00,432
7603579721,U,OB,1,1,253,558827,63,38:00.0,7,15:00,432
7603580208,U,OB,1,1,2500,131926,96,54:00.0,4,17:00,432
7603580794,U,OB,1,1,123,135260,32,24:00.0,6,0:00,432
7603580812,U,OB,1,3,4200,133103,38,26:00.0,3,8:00,432
7603580877,U,OB,1,1,276,135155,53,13:00.0,5,7:00,432
7603580895,U,OB,1,2,80,135155,53,10:00.0,5,7:00,432
7603580922,U,OB,1,1,313,135155,53,35:00.0,5,8:00,432
7603580931,U,IB,1,1,185,138475,103,03:00.0,5,22:00,432
7603580940,U,OB,1,3,1355,135155,53,12:00.0,5,8:00,432
7603581472,U,OB,1,1,500,137854,74,19:00.0,3,6:00,432
7603581481,U,OB,1,2,550,290180,49,30:00.0,3,2:00,432
7603581490,U,OB,1,2,1495,137854,74,48:00.0,3,7:00,432
760358150X,U,OB,1,2,555,127872,46,22:00.0,6,16:00,432
7603581519,U,OB,1,1,376,129664,63,40:00.0,6,19:00,432
7603581537,U,OB,1,1,480,559524,46,13:00.0,1,10:00,432
7603581564,U,OB,1,1,550,261137,76,05:00.0,3,2:00,432
7603581573,U,OB,1,1,410,261137,76,52:00.0,3,1:00,432
7603581573,U,OB,1,1,410,261137,76,49:00.0,3,1:00,432
7603581591,U,OB,1,2,994,139676,74,54:00.0,4,6:00,432
7603581600,U,IB,1,1,312,135455,117,53:00.0,5,2:00,432
7603581629,U,OB,1,2,220,842510,40,51:00.0,7,12:00,432
7603581656,U,OB,1,1,1166,116807,95,23:00.0,7,22:00,432
7603582462,U,OB,1,1,688,131208,55,18:00.0,6,21:00,432
7603582471,U,OB,1,1,942,125687,74,26:00.0,7,8:00,432
7603582958,U,OB,1,1,6800,131329,75,26:00.0,4,11:00,432
7603582967,U,OB,1,4,561,291044,11,58:00.0,4,7:00,432
7603582985,U,OB,1,1,530,133172,51,55:00.0,6,7:00,432
7603583012,U,OB,1,1,23,121400,51,34:00.0,6,11:00,432
7603583021,U,OB,1,1,200,279111,90,24:00.0,4,9:00,432
7603583030,U,IB,1,3,1834,135455,117,43:00.0,5,3:00,432
760358370X,U,OB,1,1,200,126169,40,59:00.0,3,10:00,432
7603583746,U,OB,1,1,85,137672,32,09:00.0,3,2:00,432
7603583755,U,OB,1,1,160,261046,58,38:00.0,3,13:00,432
7603583764,U,OB,1,2,1808,129522,97,30:00.0,5,8:00,432
7603583764,U,OB,1,2,1808,129522,97,30:00.0,5,8:00,432
7603583773,U,OB,1,1,626,131685,55,35:00.0,3,4:00,432
7603583791,U,OB,1,13,1466,131685,55,24:00.0,3,5:00,432
7603583800,U,OB,1,1,146,137854,74,32:00.0,3,9:00,432
760358381X,U,OB,1,5,5050,119291,55,06:00.0,4,5:00,432
7603585533,U,OB,1,1,1420,127570,48,15:00.0,7,2:00,432
7603585542,U,OB,1,1,725,127570,48,52:00.0,7,0:00,432
7603585634,U,OB,1,1,730,116807,95,36:00.0,7,21:00,432
7603585643,U,OB,1,1,745,431001,69,35:00.0,7,20:00,432
7603589466,U,OB,1,5,780,211335,48,18:00.0,1,4:00,432
7603589484,U,OB,1,1,333,261137,76,12:00.0,3,2:00,432
7603589731,U,OB,1,1,2030,128483,58,58:00.0,5,9:00,432
7603589740,U,OB,1,1,370,530691,54,55:00.0,6,8:00,432
7603589740,U,OB,1,1,370,530691,53,50:00.0,5,18:00,432
760358975X,U,OB,1,2,1820,530691,53,33:00.0,5,18:00,432
7603589778,U,OB,1,1,580,137429,90,29:00.0,4,23:00,432
7603589787,U,OB,1,1,290,133228,63,08:00.0,3,4:00,432
7603589805,U,OB,1,16,1200,559524,46,37:00.0,1,10:00,432
7603589832,U,IB,1,1,411,132337,101,07:00.0,6,13:00,432
7603589841,U,OB,1,2,670,211335,48,38:00.0,1,5:00,432
7603589841,U,OB,1,2,670,211335,30,10:00.0,2,9:00,432
7603589850,U,OB,1,1,950,127165,58,26:00.0,5,22:00,432
760358986X,U,OB,1,3,4380,127165,58,47:00.0,5,21:00,432
7603589879,U,OB,1,3,490,127165,58,25:00.0,5,22:00,432
7603589915,U,OB,1,1,975,118255,76,59:00.0,5,18:00,432
7603589924,U,OB,1,2,650,132642,50,33:00.0,4,13:00,432
7603592436,U,CTY,1,6,3375,PASC634013,195,57:00.0,6,13:00,309
7603673423,U,IB,1,1,29,279026,112,41:00.0,6,8:00,216
7603673488,U,IB,1,2,86,126013,163,48:00.0,7,12:00,216
7603673598,U,IB,1,3,89,139971,104,04:00.0,4,22:00,216
7603721668,U,IB,1,1,62,135863,152,34:00.0,4,18:00,216
7603721686,U,IB,1,1,45,279026,112,29:00.0,6,8:00,216
7603721686,U,IB,1,1,45,279026,160,13:00.0,6,10:00,216
7603721740,U,IB,1,2,132,128427,112,45:00.0,7,6:00,216
7603721740,U,IB,1,2,132,128427,165,48:00.0,7,6:00,216
7603721769,U,CTY,1,1,181,135252,188,43:00.0,3,11:00,216
7603721805,U,IB,1,1,29,127557,101,59:00.0,7,14:00,216
7603721879,U,IB,1,2,175,127557,101,59:00.0,7,14:00,216
7603725700,U,IB,1,13,13055,135982,145,35:00.0,4,16:00,841
7603741953,U,CTY,1,3,2085,126551,212,58:00.0,4,12:00,841
7603751734,U,IB,1,1,800,136642,164,56:00.0,3,2:00,841
7603753449,U,IB,1,1,259,HAEI23552,151,28:00.0,6,15:00,841
7603757959,U,CTY,1,1,3830,HAEI23255,175,38:00.0,7,19:00,841
7603759288,U,CTY,1,3,1731,131908,205,47:00.0,6,15:00,841
7603759288,U,OB,1,3,1731,131908,80,55:00.0,6,15:00,841
7603771727,U,CTY,1,1,710,125760,174,17:00.0,3,7:00,841
7603841310,U,CTY,1,1,335,560380,169,37:00.0,6,17:00,841
7603841375,U,CTY,1,2,467,136049,195,53:00.0,3,0:00,841
7603861249,U,CTY,1,2,1400,125621,197,18:00.0,3,19:00,841
7603865620,U,CTY,1,1,400,131503,189,26:00.0,6,11:00,841
7603865694,U,IB,1,1,515,HAEI27016,116,50:00.0,4,14:00,841
7603874229,U,CTY,1,126,1012,125760,174,32:00.0,3,7:00,841
7603875219,U,CTY,1,14,13250,130963,189,00:00.0,5,10:00,841
7603875630,U,IB,1,1,300,139908,164,15:00.0,4,0:00,841
7603875989,U,IB,1,2,114,136847,131,37:00.0,3,22:00,841
7603888437,U,CTY,1,1,234,126944,189,52:00.0,2,6:00,841
7603888446,U,CTY,1,1,325,124019,174,48:00.0,2,6:00,841
7603889481,U,CTY,1,1,260,130521,168,28:00.0,5,19:00,841
7603889894,U,CTY,1,1,333,123843,194,30:00.0,3,0:00,841
7603891782,U,CTY,1,1,312,139630,192,49:00.0,7,5:00,841
760389192X,U,CTY,1,1,249,137255,189,02:00.0,4,16:00,841
760389445X,U,IB,1,1,535,135982,145,53:00.0,4,15:00,841
760389533X,U,CTY,1,1,161,136049,237,52:00.0,3,2:00,841
760389533X,U,CTY,1,1,161,136049,195,06:00.0,2,23:00,841
760390281X,U,CTY,1,1,141,131908,205,06:00.0,6,16:00,841
7603904075,U,IB,1,1,494,138766,163,57:00.0,1,22:00,841
7603904497,U,IB,1,5,4680,139908,164,54:00.0,4,2:00,841
7603904560,U,OB,1,1,983,135275,43,32:00.0,3,21:00,841
760390457X,U,CTY,1,1,579,128398,173,42:00.0,5,14:00,841
760391458X,U,CTY,1,1,400,135846,192,13:00.0,3,16:00,841
7603917650,U,OB,1,1,565,134755,66,37:00.0,6,2:00,841
7603921491,U,OB,1,1,710,139634,86,20:00.0,2,9:00,841
7603922124,U,CTY,1,1,205,560380,169,50:00.0,6,16:00,841
7603922977,U,IB,1,1,124,123779,133,31:00.0,4,21:00,685
7603925231,U,OB,1,3,1281,280969,31,16:00.0,7,20:00,685
7603925240,U,OB,1,3,1281,280969,31,00:00.0,7,20:00,685
760392525X,U,OB,1,3,1281,280969,31,50:00.0,7,19:00,685
7603925269,U,OB,1,3,1281,280969,31,35:00.0,7,19:00,685
7603925278,U,OB,1,3,1281,280969,31,46:00.0,7,18:00,685
7603925287,U,OB,1,3,1281,280969,31,04:00.0,7,19:00,685
7603925296,U,OB,1,3,1281,125319,31,54:00.0,1,10:00,685
7603925498,U,OB,1,1,645,135237,63,23:00.0,7,0:00,685
7603925608,U,IB,1,1,608,261214,125,39:00.0,6,0:00,685
7603926066,U,OB,1,1,460,126349,73,01:00.0,7,4:00,685
7603926322,U,OB,1,1,644,128909,48,48:00.0,5,15:00,685
7603926340,U,OB,1,1,555,130984,39,52:00.0,5,12:00,685
760392635X,U,OB,1,1,265,122986,43,51:00.0,5,13:00,685
7603926423,U,OB,1,1,629,136999,39,28:00.0,4,11:00,685
7603926441,U,OB,1,1,402,124289,39,13:00.0,5,19:00,685
7603930740,U,OB,1,3,1821,124054,31,12:00.0,6,18:00,685
760393075X,U,OB,1,3,1820,124054,31,13:00.0,6,18:00,685
760393471X,U,OB,1,1,294,122835,33,49:00.0,5,2:00,685
760393471X,U,OB,1,1,294,122835,55,58:00.0,5,1:00,685
7603934792,U,OB,1,1,348,278516,74,46:00.0,6,0:00,685
7603934839,U,OB,1,3,3760,R621801606,40,18:00.0,5,11:00,685
760393504X,U,OB,1,4,1484,134130,32,28:00.0,5,5:00,685
7603935755,U,IB,1,1,56,124058,145,23:00.0,4,10:00,685
7603935993,U,OB,1,1,144,131247,73,07:00.0,1,11:00,685
7603936516,U,OB,1,1,90,124329,52,30:00.0,7,14:00,685
7603936534,U,OB,1,1,144,138423,40,11:00.0,6,13:00,685
7603936570,U,OB,1,1,211,138423,40,48:00.0,6,13:00,685
7603938029,U,OB,1,1,130,136766,43,19:00.0,3,16:00,685
7603938166,U,OB,1,8,4650,130524,43,32:00.0,4,18:00,685
7603938175,U,OB,1,1,75,130524,43,36:00.0,4,18:00,685
7603938267,U,OB,1,1,2469,126155,26,37:00.0,1,9:00,685
7603938386,U,CTY,1,1,550,135370,197,34:00.0,1,16:00,685
7603939201,U,OB,1,1,1255,138115,73,10:00.0,5,1:00,685
760393922X,U,OB,1,1,1665,134434,38,47:00.0,4,18:00,685
7603939257,U,OB,1,1,282,123255,51,18:00.0,6,16:00,685
7603939284,U,OB,1,2,559,136081,49,37:00.0,1,9:00,685
7603939320,U,OB,1,3,2079,136081,49,31:00.0,1,9:00,685
760393933X,U,OB,1,1,458,123255,51,13:00.0,6,16:00,685
7603939376,U,OB,1,3,2654,139562,55,47:00.0,6,10:00,685
7603941832,U,CTY,1,1,75,134389,187,20:00.0,5,15:00,685
760394197X,U,OB,1,1,144,138423,40,58:00.0,6,13:00,685
7603941989,U,OB,1,1,144,138423,40,07:00.0,6,14:00,685
760394219X,U,OB,1,1,170,134984,26,51:00.0,5,10:00,685
7603942272,U,OB,1,1,340,129966,72,09:00.0,5,1:00,685
7603942400,U,OB,1,1,415,139971,52,00:00.0,5,1:00,685
760394263X,U,CTY,1,1,493,131891,189,07:00.0,4,1:00,685
760394274X,U,OB,1,1,367,290622,43,48:00.0,5,15:00,685
7603942759,U,OB,1,1,263,290622,43,57:00.0,5,15:00,685
7603942768,U,OB,1,1,580,290622,43,51:00.0,5,15:00,685
7603942822,U,OB,1,1,505,138115,73,51:00.0,5,0:00,685
7603943702,U,OB,1,1,967,290337,39,00:00.0,7,16:00,685
760394373X,U,OB,1,1,795,131247,73,17:00.0,1,8:00,685
760394384X,U,OB,1,1,601,290337,39,52:00.0,7,15:00,685
7603943868,U,OB,1,1,1448,290337,39,02:00.0,7,16:00,685
7603943877,U,OB,1,1,445,290337,39,48:00.0,7,15:00,685
7603943904,U,OB,1,1,300,290337,39,50:00.0,7,15:00,685
7603943931,U,OB,1,1,784,290337,39,59:00.0,7,15:00,685
7603944490,U,OB,1,1,150,122929,26,03:00.0,6,16:00,685
7603944490,U,OB,1,1,150,122929,41,06:00.0,6,16:00,685
7603944546,U,OB,1,4,2825,135237,63,05:00.0,7,2:00,685
7603944546,U,CTY,1,4,2825,135237,217,24:00.0,7,22:00,685
7603944582,U,OB,1,1,193,122835,55,14:00.0,5,0:00,685
7603944968,U,OB,1,2,720,134171,52,51:00.0,7,2:00,685
7603947213,U,OB,1,1,86,126947,53,57:00.0,5,11:00,685
7603947231,U,OB,1,1,75,126947,53,51:00.0,5,11:00,685
7603947287,U,CTY,1,1,55,132920,175,36:00.0,5,22:00,685
7603947635,U,IB,1,1,195,140003,135,49:00.0,7,9:00,685
7603947855,U,OB,1,3,1380,122835,55,00:00.0,5,2:00,685
7603948203,U,OB,1,1,410,126155,26,07:00.0,1,9:00,685
7603953979,U,OB,1,1,712,140332,60,13:00.0,2,1:00,685
7603955537,U,IB,1,6,946,133765,141,37:00.0,1,21:00,685
7603955546,U,IB,1,1,195,133765,141,01:00.0,1,20:00,685
760395561X,U,OB,1,1,153,139971,52,24:00.0,5,3:00,685
7603955638,U,OB,1,1,210,139971,52,19:00.0,5,3:00,685
7603955775,U,OB,1,1,138,129640,31,16:00.0,1,9:00,685
7603956096,U,OB,1,1,148,129640,31,27:00.0,1,9:00,685
760395616X,U,OB,1,1,565,125445,46,37:00.0,5,21:00,685
7603956260,U,OB,1,1,500,132249,39,40:00.0,7,18:00,685
7603956298,U,OB,1,1,768,132249,39,05:00.0,7,18:00,685
7603956307,U,OB,1,1,1404,132249,39,15:00.0,7,17:00,685
7603956316,U,OB,1,1,1131,132249,39,07:00.0,7,17:00,685
7603956399,U,OB,1,12,11640,138837,60,19:00.0,5,14:00,685
7603956527,U,CTY,1,1,580,134434,193,24:00.0,5,1:00,685
7603956527,U,OB,1,1,580,134434,38,56:00.0,4,18:00,685
7603956700,U,OB,1,1,1408,126349,73,39:00.0,7,3:00,685
760395671X,U,OB,1,1,512,126349,73,58:00.0,7,3:00,685
7603956729,U,OB,1,2,2816,126349,73,56:00.0,7,3:00,685
7603956738,U,OB,1,1,780,126349,73,14:00.0,7,4:00,685
7603956985,U,OB,1,3,810,290337,39,41:00.0,7,13:00,685
7603957113,U,OB,1,1,419,123255,51,26:00.0,6,16:00,685
7603957131,U,OB,1,6,14110,136081,49,55:00.0,1,9:00,685
7603957178,U,OB,1,3,5035,126349,73,46:00.0,7,3:00,685
7603957187,U,OB,1,1,350,126349,73,32:00.0,7,4:00,685
7603957196,U,OB,1,1,640,126349,73,55:00.0,7,4:00,685
7603957205,U,CTY,1,1,144,127133,194,54:00.0,7,16:00,685
7603957232,U,CTY,1,1,270,127133,194,56:00.0,7,15:00,685
7603957407,U,OB,1,1,211,134132,76,17:00.0,5,12:00,685
7603957416,U,OB,1,1,300,134132,76,13:00.0,5,13:00,685
7603957416,U,CTY,1,1,300,134132,193,38:00.0,5,13:00,685
7603957627,U,OB,1,3,8065,134240,51,17:00.0,1,19:00,685
7603957764,U,OB,1,2,2272,129640,31,21:00.0,1,9:00,685
760395781X,U,OB,1,2,2816,129640,31,35:00.0,1,9:00,685
7603957829,U,OB,1,1,1408,129640,31,39:00.0,1,9:00,685
7603957847,U,OB,1,1,1408,129640,31,28:00.0,1,9:00,685
7603957883,U,OB,1,1,86,129640,31,38:00.0,1,9:00,685
7603962458,U,OB,1,1,702,134054,63,03:00.0,5,19:00,685
7603962485,U,OB,1,1,2028,134054,63,35:00.0,5,18:00,685
7603962512,U,OB,1,1,1408,134054,63,26:00.0,5,18:00,685
7603962613,U,OB,1,2,2816,134054,63,58:00.0,5,18:00,685
7603962631,U,OB,1,1,936,134054,63,17:00.0,5,19:00,685
760396265X,U,OB,1,1,1248,136999,39,26:00.0,4,11:00,685
7603962669,U,OB,1,3,4155,136999,39,22:00.0,4,12:00,685
7603962687,U,OB,1,1,1209,134054,63,14:00.0,5,19:00,685
7603962696,U,OB,1,1,1408,128081,31,09:00.0,6,8:00,685
7603964337,U,OB,1,1,328,132249,39,14:00.0,7,16:00,685
7603964373,U,OB,1,1,289,280969,31,24:00.0,7,18:00,685
7603964382,U,OB,1,1,448,280969,31,27:00.0,7,18:00,685
7603964465,U,OB,1,1,1950,136313,63,42:00.0,3,17:00,685
7603964474,U,OB,1,1,312,140332,60,22:00.0,2,0:00,685
7603964510,U,OB,1,2,1484,140332,60,38:00.0,2,2:00,685
7603969516,U,OB,1,1,158,128081,31,59:00.0,6,7:00,685
7603969534,U,OB,1,1,150,128081,31,53:00.0,6,7:00,685
7603969543,U,OB,1,1,1408,134054,63,30:00.0,5,18:00,685
760396958X,U,OB,1,3,2176,134054,63,51:00.0,5,18:00,685
7603969653,U,OB,1,28,98,128081,31,57:00.0,6,7:00,685
7603973925,U,CTY,1,3,1880,128090,175,06:00.0,3,6:00,875
7603974053,U,IB,1,4,2595,137762,158,12:00.0,1,9:00,875
7603974080,U,CTY,1,5,6215,127626,188,37:00.0,2,8:00,875
7603974145,U,OB,1,3,5695,133902,49,48:00.0,1,4:00,754
7603974154,U,CTY,1,1,201,261354,188,11:00.0,4,14:00,875
7603974264,U,IB,1,4,3491,135818,163,25:00.0,3,16:00,875
7603974329,U,CTY,1,1,197,133770,195,44:00.0,5,13:00,875
7603974392,U,OB,1,3,4585,137579,39,11:00.0,5,1:00,754
7603974457,U,IB,1,6,7524,139787,162,11:00.0,1,17:00,875
7603974457,U,CTY,1,6,7524,139787,169,10:00.0,1,17:00,875
7603974511,U,IB,1,4,2708,290256,163,00:00.0,2,13:00,875
7604032546,U,CTY,1,1,550,137322,175,53:00.0,4,5:00,251
7604033462,U,IB,1,2,1291,131313,152,41:00.0,7,21:00,251
7604033700,U,IB,1,3,1095,131478,143,32:00.0,6,5:00,251
7604034627,U,IB,1,1,350,139442,152,05:00.0,6,22:00,251
7604035855,U,OB,1,2,4092,123993,90,13:00.0,6,11:00,251
7604035873,U,OB,1,4,8256,123993,90,54:00.0,6,9:00,251
7604037469,U,IB,1,2,236,139442,152,58:00.0,6,21:00,251
7604037689,U,IB,1,3,1460,139442,152,06:00.0,6,22:00,251
7604037936,U,CTY,1,1,150,125939,174,06:00.0,5,22:00,251
7604038971,U,IB,1,1,610,131313,152,59:00.0,7,21:00,251
7604038980,U,IB,1,2,1300,131313,152,53:00.0,7,21:00,251
7604039045,U,IB,1,1,266,135730,145,16:00.0,3,22:00,251
7604042208,U,CTY,1,1,1155,124069,175,21:00.0,6,20:00,251
7604042785,U,IB,1,1,740,131478,143,11:00.0,6,6:00,251
7604042821,U,CTY,1,2,1465,124069,175,32:00.0,6,20:00,251
7604047708,U,CTY,1,2,1100,134846,231,03:00.0,7,4:00,251
7604049724,U,IB,1,2,3008,139442,152,13:00.0,6,21:00,251
7604049742,U,IB,1,2,3952,128506,158,52:00.0,6,21:00,251
7604052465,U,IB,1,1,550,127860,145,54:00.0,1,11:00,251
7604052483,U,IB,1,1,550,127860,145,57:00.0,1,11:00,251
7604052539,U,IB,1,1,550,134151,151,11:00.0,6,21:00,251
7604052611,U,OB,1,1,550,558489,88,39:00.0,3,4:00,251
7604052988,U,IB,1,1,550,128506,158,40:00.0,6,22:00,251
7604053006,U,IB,1,1,550,128506,158,00:00.0,6,23:00,251
7604053033,U,IB,1,1,550,139442,152,51:00.0,6,20:00,251
760405923X,U,IB,1,1,630,134043,123,06:00.0,3,0:00,251
7604059249,U,IB,1,2,1215,134043,123,20:00.0,3,0:00,251
7604068745,U,IB,1,1,170,136818,158,49:00.0,7,1:00,251
7604068837,U,IB,1,1,98,134043,123,20:00.0,2,22:00,251
7604068837,U,IB,1,1,98,134043,154,22:00.0,2,22:00,251
7604068882,U,IB,1,1,96,138120,152,33:00.0,4,12:00,251
7604084558,U,IB,1,1,101,139442,152,04:00.0,6,21:00,251
7604089140,U,IB,1,1,112,127860,145,14:00.0,1,11:00,251
7604089957,U,CTY,1,1,688,126239,175,47:00.0,1,8:00,251
7604089993,U,CTY,1,1,183,290367,169,05:00.0,6,20:00,251
7604090049,U,CTY,1,3,350,124069,175,11:00.0,6,22:00,251
7604090085,U,CTY,1,3,1365,131972,169,10:00.0,4,19:00,251
7604090507,U,IB,1,3,980,T402218929,145,26:00.0,5,12:00,251
7604090552,U,CTY,1,3,957,135534,188,27:00.0,6,7:00,251
7604090561,U,CTY,1,1,410,135534,188,53:00.0,6,3:00,251
7604092258,U,CTY,1,1,1850,130617,188,25:00.0,3,3:00,251
7604096346,U,CTY,1,1,788,125939,174,31:00.0,5,21:00,251
7604096355,U,CTY,1,1,174,290367,169,50:00.0,6,20:00,251
7604096373,U,CTY,1,1,662,290367,169,57:00.0,6,20:00,251
760409718X,U,IB,1,1,42,136818,162,10:00.0,7,13:00,251
760409718X,U,IB,1,1,42,136818,158,04:00.0,7,4:00,251
7604101130,U,IB,1,1,110,134151,151,50:00.0,6,20:00,251
760410125X,U,CTY,1,1,165,124069,175,59:00.0,6,20:00,251
7604106832,U,IB,1,1,250,137198,133,31:00.0,3,18:00,251
7604106888,U,IB,1,1,72,137198,133,17:00.0,3,19:00,251
7604108107,U,IB,1,1,1115,137198,133,20:00.0,3,19:00,251
7604108116,U,IB,1,1,1222,137198,133,22:00.0,3,19:00,251
7604109207,U,IB,1,2,2306,136818,158,13:00.0,7,4:00,251
7604109335,U,IB,1,2,1827,138120,152,59:00.0,4,13:00,251
7604109665,U,CTY,1,1,120,125939,174,20:00.0,5,21:00,251
7604110563,U,IB,1,1,511,136818,158,57:00.0,7,0:00,251
7604110673,U,OB,1,1,370,123993,90,32:00.0,6,8:00,251
7604110682,U,OB,1,1,600,123993,90,50:00.0,6,12:00,251
7604110691,U,OB,1,1,600,123993,90,45:00.0,6,12:00,251
7604111122,U,IB,1,1,242,136818,158,08:00.0,7,1:00,251
7604113441,U,IB,1,2,655,131478,143,02:00.0,6,6:00,251
7604116173,U,IB,1,2,543,139442,152,45:00.0,6,22:00,251
7604123213,U,CTY,1,1,85,290367,169,45:00.0,6,19:00,251
7604123929,U,IB,1,1,480,134043,123,58:00.0,3,0:00,251
7604123947,U,CTY,1,4,8256,124069,175,59:00.0,6,21:00,251
7604123974,U,CTY,1,2,918,290367,169,57:00.0,6,19:00,251
7604124048,U,CTY,1,1,500,290367,169,16:00.0,6,19:00,251
7604127622,U,IB,1,1,550,135145,135,42:00.0,1,4:00,251
7604127678,U,IB,1,1,550,135145,135,09:00.0,1,4:00,251
7604158725,U,IB,1,19,8733,136592,141,10:00.0,4,22:00,355
7604163024,U,CTY,1,1,320,127679,175,49:00.0,5,18:00,355
7604177279,U,IB,1,1,277,138470,145,36:00.0,6,12:00,355
7604188425,U,IB,1,1,285,127369,149,38:00.0,7,1:00,355
7604188443,U,CTY,1,1,324,125831,169,15:00.0,4,15:00,355
7604202202,U,IB,1,1,850,559295,135,22:00.0,3,22:00,889
7604202202,U,IB,1,1,850,559295,121,28:00.0,3,22:00,889
7604202249,U,CTY,1,29,850,135923,173,17:00.0,1,11:00,889
7604203459,U,IB,1,5,124,211026,129,12:00.0,1,7:00,889
7604203724,U,IB,1,1,296,128770,158,07:00.0,7,14:00,889
7604207969,U,IB,1,1,385,137528,127,40:00.0,3,10:00,889
7604210609,U,CTY,1,2,3744,127388,172,21:00.0,5,5:00,889
7604212515,U,CTY,1,1,328,131973,195,43:00.0,4,6:00,889
7604212524,U,IB,1,5,216,131118,164,25:00.0,4,0:00,889
7604212560,U,IB,1,3,147,291216,149,40:00.0,7,22:00,889
760421257X,U,IB,1,4,214,291216,149,14:00.0,7,22:00,889
7604212598,U,OB,1,4,341,125836,75,44:00.0,1,15:00,889
7604212753,U,IB,1,1,305,134287,158,36:00.0,2,13:00,889
7604213000,U,IB,1,1,395,130862,158,19:00.0,3,12:00,889
7604213056,U,CTY,1,1,12,134789,169,33:00.0,3,12:00,889
7604213083,U,IB,1,2,123,211026,129,15:00.0,1,8:00,889
7604215824,U,OB,1,3,2127,136439,43,26:00.0,7,7:00,889
7604215824,U,CTY,1,3,2127,136439,186,01:00.0,7,16:00,889
7604215833,U,OB,1,1,330,136439,43,36:00.0,7,3:00,889
7604215907,U,CTY,1,1,696,135923,173,21:00.0,1,8:00,889
7604217052,U,CTY,1,1,947,135923,173,45:00.0,1,8:00,889
7604217070,U,IB,1,1,193,130480,143,09:00.0,7,20:00,889
7604224487,U,CTY,1,2,680,136232,192,51:00.0,5,6:00,889
7604224496,U,CTY,1,1,318,121678,168,23:00.0,2,8:00,889
7604224505,U,CTY,1,1,170,136740,188,00:00.0,5,21:00,889
7604224972,U,CTY,1,1,352,136232,192,19:00.0,5,6:00,889
760422522X,U,CTY,1,1,350,133267,192,46:00.0,3,6:00,889
7604226467,U,IB,1,1,1100,137528,127,10:00.0,3,12:00,889
7604226568,U,CTY,1,1,598,126655,194,44:00.0,5,18:00,889
7604226797,U,IB,1,1,458,126033,152,49:00.0,5,10:00,889
7604227118,U,CTY,1,1,1234,130908,197,27:00.0,7,16:00,889
7604229455,U,CTY,1,1,263,133267,192,37:00.0,3,6:00,889
7604234955,U,IB,1,2,1295,134111,141,18:00.0,4,18:00,889
7604234982,U,IB,1,1,62,125935,158,18:00.0,6,20:00,889
7604235029,U,CTY,1,1,97,136872,173,37:00.0,3,10:00,889
7604235101,U,CTY,1,1,280,125760,174,57:00.0,3,5:00,889
7604235139,U,IB,1,1,1075,134287,158,53:00.0,2,11:00,889
7604235267,U,CTY,1,1,170,125621,197,21:00.0,3,18:00,889
7604235725,U,CTY,1,1,332,131973,195,02:00.0,4,7:00,889
7604235725,U,IB,1,1,332,131973,154,58:00.0,4,7:00,889
7604237283,U,IB,1,1,800,131923,129,55:00.0,7,4:00,889
7604238448,U,IB,1,4,106,125129,150,13:00.0,5,21:00,889
7604243398,U,IB,1,10,150,134287,158,21:00.0,2,11:00,889
7604244002,U,CTY,1,2,1685,136740,188,21:00.0,5,22:00,889
760424755X,U,IB,1,1,514,130990,164,41:00.0,1,11:00,889
7604255460,U,IB,1,1,142,139017,133,17:00.0,6,8:00,889
7604257404,U,IB,1,1,234,117815,135,18:00.0,5,7:00,889
7604257990,U,IB,1,1,774,132669,164,22:00.0,3,16:00,889
7604258174,U,IB,1,1,1100,132669,164,52:00.0,3,15:00,889
760426042X,U,IB,1,1,235,134287,158,03:00.0,2,10:00,889
7604267607,U,IB,1,1,372,136567,117,31:00.0,4,15:00,889
7604267863,U,IB,1,3,1025,134145,151,52:00.0,2,6:00,889
7604268258,U,IB,1,2,2069,131118,164,54:00.0,4,1:00,889
7604271704,U,OB,1,1,515,138823,39,40:00.0,3,17:00,889
7604271989,U,IB,1,1,110,136567,117,24:00.0,4,15:00,889
7604276452,U,CTY,1,1,680,129553,168,07:00.0,2,17:00,889
7604279514,U,CTY,1,1,540,135923,173,08:00.0,1,8:00,889
7604279707,U,IB,1,3,2800,128092,133,11:00.0,7,8:00,889
7604282906,U,IB,1,1,157,130990,164,12:00.0,1,10:00,889
7604284208,U,CTY,1,2,116,130908,197,08:00.0,7,16:00,889
760428429X,U,CTY,1,6,222,290332,192,58:00.0,7,17:00,889
7604284381,U,IB,1,32,704,134111,141,20:00.0,4,20:00,889
7604284419,U,IB,1,2,150,125935,158,34:00.0,6,21:00,889
7604284592,U,IB,1,5,159,134287,158,55:00.0,2,12:00,889
7604289973,U,CTY,1,3,2370,261007,176,19:00.0,4,15:00,889
7604291138,U,IB,1,1,295,130990,164,02:00.0,1,10:00,889
7604295758,U,IB,1,2,162,136567,117,19:00.0,4,16:00,889
7604295868,U,IB,1,1,150,136913,151,38:00.0,3,0:00,889
7604298398,U,IB,1,1,543,211026,129,52:00.0,1,7:00,889
7604299121,U,CTY,1,1,187,134287,181,24:00.0,2,10:00,889
7604299121,U,IB,1,1,187,134287,158,23:00.0,2,10:00,889
7604412210,U,IB,1,2,900,128425,131,52:00.0,6,22:00,243
760441222X,U,IB,1,3,690,128425,131,16:00.0,6,23:00,243
7604412248,U,CTY,1,2,400,211023,K   ,50:00.0,1,6:00,243
7604412302,U,IB,1,2,1110,138604,104,56:00.0,4,20:00,243
7604412459,U,IB,1,4,9000,R6213954,135,50:00.0,3,3:00,243
760441585X,U,IB,1,1,692,290342,116,05:00.0,1,0:00,243
7604416042,U,OB,1,1,558,129190,86,30:00.0,5,6:00,243
7604416107,U,IB,1,4,2022,R6213954,135,16:00.0,3,8:00,243
7604416152,U,IB,1,1,920,R6213954,135,52:00.0,3,5:00,243
7604416161,U,IB,1,1,150,R6213954,135,08:00.0,3,8:00,243
7604416262,U,CTY,1,1,604,PASC533243,173,14:00.0,6,9:00,243
7604416318,U,IB,1,2,1362,135919,131,48:00.0,4,3:00,243
7604416464,U,IB,1,6,3403,132779,103,59:00.0,6,18:00,243
7604416491,U,IB,1,1,456,132779,103,28:00.0,6,19:00,243
7604416491,U,CTY,1,1,456,132779,232,32:00.0,1,19:00,243
7604416500,U,CTY,1,1,768,132779,232,31:00.0,1,19:00,243
7604416500,U,IB,1,1,768,132779,103,02:00.0,6,20:00,243
7604416648,U,IB,1,1,581,138604,104,25:00.0,4,21:00,243
7604416648,U,CTY,1,1,581,138604,184,17:00.0,5,2:00,243
7604416922,U,IB,1,6,10120,135919,131,40:00.0,4,3:00,243
7604418792,U,IB,1,1,225,125833,145,45:00.0,6,20:00,243
7604420727,U,OB,1,2,1169,125587,97,23:00.0,6,1:00,243
7604422990,U,OB,1,13,14209,124470,96,41:00.0,1,10:00,243
7604423082,U,OB,1,6,6745,124581,96,53:00.0,6,11:00,243
7604423192,U,IB,1,1,463,125671,117,46:00.0,4,22:00,243
7604427107,U,OB,1,4,974,125587,88,12:00.0,6,1:00,243
760442927X,U,IB,1,1,136,135615,104,08:00.0,4,2:00,243
760442993X,U,IB,1,1,1157,125671,117,54:00.0,4,21:00,243
7604431222,U,OB,1,3,990,128425,92,29:00.0,7,9:00,243
7604431222,U,IB,1,3,990,128425,131,05:00.0,7,1:00,243
7604431525,U,IB,1,3,1505,131719,110,58:00.0,4,12:00,243
7604431525,U,IB,1,3,1505,131719,104,53:00.0,4,11:00,243
7604435788,U,IB,1,1,382,R6213954,135,40:00.0,3,3:00,243
7604435860,U,IB,1,1,260,125619,143,47:00.0,1,15:00,243
7604435889,U,IB,1,1,265,125619,143,13:00.0,1,16:00,243
7604436713,U,IB,1,1,205,132779,103,36:00.0,6,17:00,243
7604436713,U,CTY,1,1,205,132779,168,41:00.0,6,17:00,243
7604436731,U,IB,1,4,765,132779,103,25:00.0,6,18:00,243
760443675X,U,CTY,1,5,10535,138531,182,39:00.0,7,22:00,243
760443675X,U,IB,1,5,10535,138531,129,38:00.0,7,22:00,243
7604436823,U,CTY,1,4,1598,137463,195,34:00.0,4,9:00,243
7604437218,U,IB,1,3,2735,125276,116,45:00.0,1,8:00,243
7604437355,U,IB,1,1,400,125276,116,58:00.0,1,8:00,243
7604439151,U,IB,1,8,10405,140311,125,12:00.0,4,0:00,243
7604446925,U,IB,1,2,2460,125276,116,15:00.0,1,9:00,243
7604448180,U,IB,1,6,1315,138925,105,32:00.0,6,12:00,243
7604448456,U,IB,1,2,765,125833,145,12:00.0,6,21:00,243
7604448465,U,IB,1,3,1350,125833,145,57:00.0,6,20:00,243
7604448501,U,IB,1,2,1185,140311,125,49:00.0,4,0:00,243
7604448611,U,OB,1,1,250,124470,96,57:00.0,1,8:00,243
7604449931,U,IB,1,1,510,138531,102,43:00.0,7,22:00,243
7604449931,U,IB,1,1,510,138531,129,42:00.0,7,22:00,243
760444995X,U,IB,1,1,923,138531,129,52:00.0,7,22:00,243
7604450234,U,OB,1,1,360,136348,97,48:00.0,7,21:00,243
7604450234,U,IB,1,1,360,136348,150,42:00.0,7,20:00,243
7604450243,U,IB,1,23,460,R6213954,135,32:00.0,3,6:00,243
7604452526,U,OB,1,1,1585,129190,86,10:00.0,5,7:00,243
7604455633,U,IB,1,1,264,R6213954,135,22:00.0,3,3:00,243
7604456540,U,IB,1,1,1416,125833,145,31:00.0,6,21:00,243
760445919X,U,IB,1,1,3120,131690,163,06:00.0,3,20:00,857
7604459209,U,OB,1,11,9675,125587,88,03:00.0,6,1:00,243
7604461106,U,IB,1,1,460,125671,117,14:00.0,4,21:00,243
7604461124,U,IB,1,4,1000,125671,117,59:00.0,4,22:00,243
7604461151,U,OB,1,2,825,124581,96,58:00.0,6,10:00,243
7604461198,U,IB,1,1,690,132779,103,28:00.0,6,17:00,243
7604487102,U,OB,1,1,470,559259,84,23:00.0,7,15:00,616
7604488258,U,IB,1,2,924,130772,143,27:00.0,6,16:00,616
7604488285,U,OB,1,1,256,131189,52,27:00.0,6,6:00,616
7604488359,U,IB,1,1,496,135821,123,45:00.0,7,14:00,616
7604494537,U,OB,1,1,160,124274,96,31:00.0,6,15:00,616
7604494573,U,IB,1,1,268,119379,117,45:00.0,5,17:00,616
760449472X,U,CTY,1,1,1014,125243,194,02:00.0,7,8:00,616
7604498542,U,OB,1,6,2383,130675,72,37:00.0,5,3:00,616
7604501925,U,OB,1,3,4000,290218,46,50:00.0,1,22:00,616
7604503557,U,OB,1,1,740,128325,52,12:00.0,4,5:00,616
7604506554,U,OB,1,2,834,559259,84,00:00.0,7,17:00,616
7604510175,U,CTY,1,1,188,126164,210,49:00.0,6,13:00,616
7604510377,U,OB,1,1,122,261279,58,28:00.0,7,20:00,616
7604510579,U,OB,1,4,2435,125392,76,06:00.0,7,5:00,616
7604518544,U,IB,1,1,50,132136,113,21:00.0,2,0:00,616
7604518544,U,CTY,1,1,50,132136,226,40:00.0,2,0:00,616
7604518618,U,CTY,1,2,478,122639,168,04:00.0,2,1:00,616
7604518645,U,OB,1,1,563,R621780290,39,13:00.0,4,17:00,616
7604518672,U,OB,1,2,1365,123726,25,24:00.0,5,4:00,616
7604518672,U,IB,1,2,1365,123726,111,54:00.0,5,0:00,616
7604518690,U,OB,1,2,583,125699,89,44:00.0,4,13:00,616
7604518856,U,OB,1,2,671,R621780290,39,21:00.0,4,16:00,616
7604518883,U,CTY,1,2,617,125699,DP  ,30:00.0,4,10:00,616
7604518883,U,CTY,1,2,617,125699,199,01:00.0,4,15:00,616
7604518948,U,CTY,1,1,230,125243,194,22:00.0,7,8:00,616
7604519121,U,OB,1,2,196,124329,52,34:00.0,7,15:00,616
7604524951,U,IB,1,1,1135,119379,117,15:00.0,5,18:00,616
7604526996,U,IB,1,2,1675,261214,125,31:00.0,6,7:00,616
7604527032,U,OB,1,2,1718,137570,14,00:00.0,5,16:00,616
7604537969,U,OB,1,2,70,124274,96,05:00.0,6,15:00,616
7604538014,U,OB,1,1,665,559259,84,28:00.0,7,13:00,616
7604538032,U,OB,1,1,570,559259,84,48:00.0,7,12:00,616
7604538041,U,OB,1,1,428,127927,39,37:00.0,7,7:00,616
760453806X,U,IB,1,3,1480,530367,103,51:00.0,7,22:00,616
7604539619,U,OB,1,1,810,125392,76,16:00.0,7,3:00,616
760453993X,U,IB,1,4,2255,140113,141,51:00.0,6,22:00,616
7604540288,U,IB,1,2,1270,134633,149,27:00.0,1,21:00,616
7604540351,U,OB,1,2,778,134853,31,02:00.0,7,1:00,616
7604555751,U,OB,1,4,1794,128783,63,26:00.0,6,21:00,616
7604555798,U,OB,1,1,235,128783,63,32:00.0,6,22:00,616
7604557942,U,IB,1,2,1915,278078,149,01:00.0,5,7:00,616
7604566724,U,IB,1,2,2355,202241,111,48:00.0,6,5:00,616
7604568769,U,OB,1,1,245,125392,76,25:00.0,7,5:00,616
7604568778,U,OB,1,1,202,125392,76,10:00.0,7,5:00,616
7604568787,U,OB,1,1,375,125392,76,16:00.0,7,5:00,616
7604568814,U,OB,1,1,118,125392,76,28:00.0,7,5:00,616
7604568832,U,OB,1,1,430,125392,76,31:00.0,7,5:00,616
7604568841,U,OB,1,1,129,125392,76,03:00.0,7,4:00,616
7604568879,U,OB,1,1,729,261279,58,22:00.0,7,20:00,616
7604568897,U,OB,1,1,879,261279,58,51:00.0,7,23:00,616
7604572509,U,OB,1,1,608,558986,52,41:00.0,3,4:00,616
760457260X,U,OB,1,1,861,261279,31,57:00.0,7,23:00,616
760457260X,U,OB,1,1,861,261279,31,57:00.0,7,23:00,616
7604573993,U,OB,1,4,2420,261279,58,54:00.0,7,22:00,616
7604577293,U,IB,1,1,173,202241,111,28:00.0,6,7:00,616
7604577367,U,IB,1,2,1115,202241,111,46:00.0,6,9:00,616
7604578393,U,IB,1,1,160,124338,105,55:00.0,4,11:00,616
7604579172,U,OB,1,1,360,135826,74,22:00.0,4,12:00,616
7604579181,U,IB,1,1,296,124338,105,57:00.0,4,11:00,616
7604606883,U,IB,1,1,222,261214,125,49:00.0,6,7:00,616
7604606993,U,IB,1,1,110,123699,101,05:00.0,2,15:00,616
7604607112,U,OB,1,1,217,125392,76,20:00.0,7,3:00,616
760460714X,U,OB,1,1,575,261279,58,00:00.0,1,0:00,616
7604607159,U,OB,1,1,235,261279,12,31:00.0,7,21:00,616
7604607159,U,OB,1,1,235,261279,12,31:00.0,7,21:00,616
760475267X,U,CTY,1,4,1545,139518,191,50:00.0,4,6:00,511
760475267X,U,CTY,1,4,1545,139518,191,50:00.0,4,6:00,511
7604753183,U,CTY,1,2,625,139518,169,41:00.0,4,7:00,511
7604753183,U,CTY,1,2,625,139518,169,30:00.0,4,7:00,511
760475432X,U,CTY,1,4,1675,134079,189,16:00.0,3,8:00,511
7604754476,U,CTY,1,239,3900,136049,195,50:00.0,3,0:00,511
7604755228,U,OB,1,1,320,134548,84,41:00.0,2,2:00,511
7604755237,U,CTY,1,5,2115,249342,172,45:00.0,4,3:00,511
7604755549,U,OB,1,1,90,134548,84,44:00.0,2,2:00,511
7604756337,U,CTY,1,2,575,131131,187,44:00.0,7,9:00,511
7604784973,U,CTY,1,2,705,140402,235,44:00.0,2,21:00,246
7604785541,U,IB,1,2,578,125826,113,53:00.0,3,19:00,246
7604785862,U,IB,1,1,137,118370,113,20:00.0,4,1:00,246
7604786192,U,IB,1,9,3970,126282,113,41:00.0,5,22:00,246
7604786540,U,IB,1,3,368,130938,111,00:00.0,4,22:00,246
760478864X,U,IB,1,2,735,130938,111,33:00.0,4,21:00,246
7604788695,U,IB,1,4,755,118370,113,25:00.0,4,1:00,246
7604788778,U,IB,1,8,2206,118370,113,43:00.0,4,2:00,246
7604788814,U,IB,1,2,310,118370,113,26:00.0,4,2:00,246
7604788915,U,IB,1,2,288,126282,113,37:00.0,5,21:00,246
7604788960,U,IB,1,1,259,126282,113,23:00.0,5,22:00,246
7604789245,U,OB,1,2,210,132275,96,34:00.0,5,20:00,246
7604789272,U,IB,1,1,422,249155,111,57:00.0,7,8:00,246
760478930X,U,IB,1,1,150,249155,111,55:00.0,7,7:00,246
7604789328,U,IB,1,2,410,249155,111,10:00.0,7,8:00,246
7604791802,U,IB,1,1,284,133480,163,20:00.0,1,12:00,246
760479799X,U,IB,1,1,950,118370,113,25:00.0,4,0:00,246
7604798072,U,IB,1,1,850,249155,111,29:00.0,7,7:00,246
7604798164,U,IB,1,1,854,125826,113,59:00.0,3,20:00,246
7604798613,U,IB,1,6,1200,130938,111,29:00.0,4,21:00,246
7604798640,U,IB,1,1,115,138371,125,57:00.0,5,1:00,246
7604800831,U,IB,1,1,135,124040,123,39:00.0,3,22:00,246
7604800840,U,IB,1,1,489,124040,123,41:00.0,3,22:00,246
7604801143,U,OB,1,4,460,138746,96,35:00.0,5,8:00,246
7604805350,U,CTY,1,1,895,132845,187,36:00.0,7,11:00,246
760480536X,U,CTY,1,1,240,45306,173,28:00.0,1,18:00,246
7604807211,U,IB,1,1,288,249155,111,18:00.0,7,8:00,246
7604807761,U,IB,1,2,702,125826,113,49:00.0,3,22:00,246
7604807990,U,IB,1,5,1230,125826,113,47:00.0,3,22:00,246
7604808201,U,IB,1,2,374,125826,113,24:00.0,3,21:00,246
7604808239,U,IB,1,1,372,138371,125,35:00.0,5,2:00,246
7604808248,U,OB,1,5,855,126360,38,19:00.0,1,13:00,246
7604808385,U,CTY,1,2,310,125826,N18 ,32:00.0,4,6:00,246
7604808531,U,IB,1,1,51,249155,111,41:00.0,7,8:00,246
7604808596,U,IB,1,1,285,249155,111,37:00.0,7,8:00,246
7604808623,U,IB,1,1,174,126282,113,34:00.0,5,21:00,246
7604809732,U,CTY,1,1,265,PASC175379,188,43:00.0,7,10:00,246
760480987X,U,OB,1,1,128,123865,93,32:00.0,6,12:00,246
760480987X,U,OB,1,1,128,123865,93,32:00.0,6,12:00,246
7604809889,U,IB,1,2,790,123865,110,32:00.0,6,12:00,246
7604809889,U,IB,1,2,790,123865,117,31:00.0,6,12:00,246
7604810457,U,CTY,1,1,180,123865,214,50:00.0,7,4:00,246
7604810457,U,IB,1,1,180,123865,117,02:00.0,6,12:00,246
7604810466,U,IB,1,1,505,123865,117,01:00.0,6,10:00,246
7604810466,U,CTY,1,1,505,123865,231,10:00.0,6,10:00,246
7604810502,U,CTY,1,2,930,126251,173,22:00.0,5,4:00,246
7604810558,U,IB,1,2,765,138200,113,00:00.0,1,11:00,246
7604810567,U,IB,1,1,550,138200,113,10:00.0,1,11:00,246
7604810576,U,IB,1,1,260,138200,113,32:00.0,1,10:00,246
7604810585,U,IB,1,2,495,131333,112,04:00.0,7,15:00,246
7604810594,U,IB,1,2,940,131333,112,56:00.0,7,14:00,246
7604810621,U,IB,1,3,1055,131333,112,30:00.0,7,19:00,246
7604811218,U,CTY,1,1,27,T402217967,187,17:00.0,4,22:00,246
7604812767,U,IB,1,4,666,136252,127,34:00.0,6,8:00,246
7604812776,U,IB,1,3,625,136252,127,38:00.0,6,7:00,246
7604813050,U,IB,1,1,230,136252,127,12:00.0,6,5:00,246
7604813299,U,IB,1,1,545,138371,125,29:00.0,5,2:00,246
7604813308,U,IB,1,1,204,138371,125,32:00.0,5,2:00,246
7604813362,U,IB,1,3,803,136252,127,18:00.0,6,7:00,246
7604815865,U,IB,1,1,1491,124040,123,46:00.0,3,21:00,246
7604816011,U,CTY,1,1,670,280932,173,23:00.0,2,14:00,246
7604816058,U,IB,1,30,863,128758,129,22:00.0,4,1:00,246
7604816379,U,IB,1,1,78,125426,151,22:00.0,1,13:00,246
7604816406,U,CTY,1,1,1215,138115,195,49:00.0,1,10:00,246
7604817643,U,IB,1,1,215,130699,127,52:00.0,4,0:00,246
7604817890,U,IB,1,1,423,130699,127,35:00.0,3,22:00,246
7604817919,U,IB,1,1,145,430951,129,52:00.0,4,21:00,246
7604818000,U,IB,1,1,310,126282,113,28:00.0,5,21:00,246
7604818139,U,IB,1,1,2371,134844,125,29:00.0,3,19:00,246
7604818148,U,IB,1,1,62,134844,125,26:00.0,3,19:00,246
7604818249,U,IB,1,1,188,135504,105,24:00.0,1,16:00,246
7604818267,U,IB,1,1,767,135504,105,41:00.0,1,16:00,246
7604818440,U,IB,1,2,1058,128758,129,18:00.0,4,2:00,246
7604818523,U,IB,1,1,169,135504,105,47:00.0,1,16:00,246
7604818550,U,IB,1,1,105,135504,105,26:00.0,1,16:00,246
7604818606,U,IB,1,1,382,125826,113,56:00.0,3,18:00,246
7604818615,U,IB,1,1,456,125826,113,02:00.0,3,19:00,246
7604818642,U,IB,1,1,154,138371,125,12:00.0,5,2:00,246
7604818698,U,IB,1,1,654,136252,127,00:00.0,6,6:00,246
7604818799,U,IB,1,1,384,138371,125,37:00.0,5,1:00,246
7604818826,U,IB,1,2,1212,138371,125,08:00.0,5,2:00,246
7604818871,U,IB,1,1,595,127555,127,37:00.0,7,0:00,246
760481889X,U,CTY,1,1,440,45306,173,20:00.0,1,18:00,246
760481889X,U,CTY,1,1,440,45306,M3  ,58:00.0,3,1:00,246
760481900X,U,IB,1,1,184,138371,125,43:00.0,5,1:00,246
7604819037,U,IB,1,2,775,136252,127,46:00.0,6,3:00,246
7604819046,U,IB,1,1,142,136252,127,33:00.0,6,3:00,246
7604819073,U,IB,1,1,220,136252,127,29:00.0,6,3:00,246
7604819183,U,IB,1,1,218,128758,129,28:00.0,4,5:00,246
7604819266,U,IB,1,1,230,123601,114,12:00.0,6,22:00,246
760481944X,U,IB,1,2,851,123101,111,00:00.0,2,2:00,246
7604820018,U,IB,1,1,1136,127974,117,49:00.0,6,18:00,246
7604825040,U,IB,1,1,568,118370,113,17:00.0,4,2:00,246
7604825251,U,IB,1,1,156,118370,113,15:00.0,4,0:00,246
7604825260,U,IB,1,1,249,130699,127,07:00.0,4,3:00,246
7604825370,U,IB,1,1,191,430951,129,30:00.0,4,21:00,246
7604825399,U,IB,1,1,70,130938,111,17:00.0,4,19:00,246
7604825536,U,IB,1,1,98,249155,115,15:00.0,7,8:00,246
7604825536,U,IB,1,1,98,249155,111,43:00.0,7,7:00,246
7604825682,U,IB,1,1,98,135504,105,20:00.0,1,16:00,246
760482571X,U,IB,1,1,116,135504,105,44:00.0,1,16:00,246
7604825783,U,IB,1,1,127,134844,125,57:00.0,3,18:00,246
7604825920,U,IB,1,1,98,138371,125,51:00.0,5,1:00,246
7604826113,U,IB,1,1,502,127555,127,50:00.0,7,0:00,246
7604826169,U,IB,1,1,99,123601,114,39:00.0,6,21:00,246
7604828230,U,IB,1,1,437,128758,129,54:00.0,4,1:00,246
760482824X,U,IB,1,1,1049,128758,129,36:00.0,4,4:00,246
7604832053,U,IB,1,1,353,123101,111,45:00.0,2,1:00,246
7604832071,U,IB,1,1,700,123101,111,51:00.0,2,1:00,246
7605040191,U,OB,1,1,245,124047,86,38:00.0,3,2:00,202
7605040669,U,IB,1,1,455,126966,116,18:00.0,5,3:00,202
7605040696,U,OB,1,1,671,430510,73,08:00.0,7,9:00,202
7605040750,U,IB,1,1,218,CVEN44339,112,48:00.0,5,17:00,116
7605040797,U,OB,1,1,1030,430510,73,35:00.0,7,10:00,202
7605040806,U,OB,1,1,568,430510,73,15:00.0,7,10:00,202
7605040815,U,OB,1,1,373,430510,73,26:00.0,7,10:00,202
7605040815,U,CTY,1,1,373,430510,R1  ,10:00.0,1,7:00,202
7605040970,U,IB,1,1,230,129911,127,30:00.0,6,10:00,202
760504098X,U,OB,1,3,2586,123681,75,57:00.0,3,6:00,202
7605041044,U,OB,1,1,78,430510,73,13:00.0,7,9:00,202
7605041410,U,OB,1,1,407,132518,63,30:00.0,7,6:00,202
760504142X,U,OB,1,1,881,132518,63,32:00.0,7,6:00,202
7605041630,U,IB,1,3,5370,CVEN45559,151,33:00.0,6,1:00,116
7605041686,U,IB,1,1,766,138046,125,27:00.0,4,16:00,202
7605041713,U,OB,1,1,452,130443,88,44:00.0,6,9:00,202
7605042153,U,OB,1,1,104,132518,63,38:00.0,7,6:00,202
760504230X,U,IB,1,4,5972,842167,101,39:00.0,7,6:00,447
7605042438,U,OB,1,1,271,130515,40,46:00.0,3,22:00,480
7605042465,U,IB,1,1,401,278823,135,31:00.0,5,7:00,202
7605042483,U,OB,1,2,1886,123008,46,10:00.0,4,11:00,202
7605042501,U,IB,1,1,775,138149,103,45:00.0,4,12:00,202
7605042510,U,IB,1,1,587,138149,103,43:00.0,4,12:00,202
7605042539,U,OB,1,1,571,123008,46,03:00.0,4,11:00,202
7605042548,U,OB,1,1,700,123008,46,17:00.0,4,11:00,202
7605042768,U,OB,1,1,208,130515,40,33:00.0,4,0:00,480
7605042878,U,OB,1,10,10845,R42287955,75,32:00.0,4,19:00,447
7605042887,U,OB,1,2,2812,R42287955,75,38:00.0,4,19:00,447
7605042979,U,OB,1,1,397,133112,95,26:00.0,7,20:00,202
7605042997,U,OB,1,1,793,133112,95,15:00.0,7,20:00,202
7605043006,U,OB,1,1,741,133112,95,23:00.0,7,20:00,202
7605043042,U,IB,1,1,238,278823,135,25:00.0,5,6:00,202
7605043060,U,OB,1,1,484,136611,46,09:00.0,3,7:00,202
7605043262,U,OB,1,1,364,136611,46,16:00.0,3,8:00,202
7605043271,U,OB,1,1,534,136611,46,37:00.0,3,6:00,202
7605043455,U,IB,1,8,7232,135952,103,32:00.0,6,21:00,447
7605043464,U,OB,1,1,132,133112,95,22:00.0,7,20:00,202
7605043639,U,IB,1,2,1069,132854,117,32:00.0,5,8:00,202
760504395X,U,OB,1,1,419,202373,78,29:00.0,6,12:00,202
7605043969,U,OB,1,1,606,202373,78,20:00.0,6,13:00,202
7605043978,U,OB,1,1,1184,202373,78,17:00.0,6,13:00,202
7605043996,U,OB,1,1,157,202373,78,26:00.0,6,13:00,202
7605044005,U,OB,1,3,3492,136611,46,38:00.0,3,7:00,202
7605044198,U,OB,1,1,1460,139982,53,30:00.0,3,15:00,653
7605082359,U,IB,1,4,1935,131900,158,37:00.0,3,6:00,820
7605252464,U,IB,1,2,2400,134382,131,36:00.0,1,9:00,861
7605252464,U,IB,1,2,2400,134382,156,37:00.0,1,9:00,861
7605252482,U,IB,1,4,2400,134382,131,56:00.0,1,10:00,861
7605252500,U,IB,1,1,660,137986,116,15:00.0,4,18:00,861
7605253710,U,IB,1,1,738,127524,129,33:00.0,1,9:00,861
7605254765,U,IB,1,1,410,130912,129,11:00.0,6,13:00,861
7605254765,U,IB,1,1,410,130912,156,44:00.0,6,15:00,861
7605255223,U,IB,1,1,787,127524,129,25:00.0,1,10:00,861
7605255508,U,CTY,1,1,343,135193,173,50:00.0,1,3:00,861
7605256718,U,IB,1,1,320,137417,143,54:00.0,6,1:00,861
7605257010,U,IB,1,1,280,134017,116,59:00.0,1,21:00,861
7605258083,U,IB,1,1,545,134382,131,12:00.0,1,9:00,861
7605258083,U,IB,1,1,545,134382,156,43:00.0,1,13:00,861
7605259100,U,IB,1,1,320,127524,129,58:00.0,1,9:00,861
7605259100,U,IB,1,1,320,127524,154,59:00.0,1,9:00,861
7605259147,U,IB,1,1,320,133577,163,42:00.0,7,14:00,861
7605259156,U,IB,1,1,320,133577,163,59:00.0,7,13:00,861
7605260999,U,IB,1,4,5960,127524,129,50:00.0,1,9:00,861
7605264858,U,IB,1,1,214,128044,103,19:00.0,7,6:00,861
7605265242,U,IB,1,1,250,133286,152,09:00.0,6,4:00,861
7605265426,U,IB,1,1,236,137417,143,46:00.0,6,1:00,861
760526670X,U,IB,1,1,1600,135252,133,06:00.0,5,18:00,861
7605266892,U,IB,1,5,3408,131932,123,15:00.0,7,20:00,861
760527396X,U,CTY,1,1,65,136178,188,59:00.0,5,20:00,861
7605274033,U,IB,1,1,959,130912,129,05:00.0,6,10:00,861
7605279259,U,IB,1,1,1294,128044,103,25:00.0,7,3:00,861
7605279854,U,IB,1,3,2525,134382,131,43:00.0,1,7:00,861
760527990X,U,IB,1,2,1160,134382,160,16:00.0,1,9:00,861
760527990X,U,IB,1,2,1160,134382,160,16:00.0,1,9:00,861
7605279919,U,IB,1,4,5300,134382,131,07:00.0,1,12:00,861
7605279919,U,IB,1,4,5300,134382,165,34:00.0,1,12:00,861
7605279928,U,IB,1,1,435,134382,115,35:00.0,1,8:00,861
7605279928,U,IB,1,1,435,134382,131,34:00.0,1,8:00,861
7605280487,U,CTY,1,1,320,135260,169,22:00.0,2,16:00,861
7605280550,U,IB,1,2,148,131932,123,54:00.0,7,20:00,861
7605280624,U,IB,1,1,250,135111,163,11:00.0,1,21:00,861
7605280642,U,IB,1,1,320,135111,163,18:00.0,1,21:00,861
760528067X,U,IB,1,1,320,135252,133,18:00.0,5,19:00,861
7605284557,U,IB,1,5,3801,128237,164,17:00.0,2,20:00,861
7605284566,U,IB,1,8,1929,128237,164,11:00.0,2,20:00,861
7605284575,U,CTY,1,4,5370,135260,169,27:00.0,2,16:00,861
7605284649,U,IB,1,1,394,128044,103,02:00.0,7,4:00,861
7605286775,U,IB,1,1,2000,132650,150,39:00.0,4,22:00,861
7605289956,U,IB,1,4,172,137986,116,55:00.0,4,18:00,861
7605291220,U,IB,1,1,735,134382,131,06:00.0,1,8:00,861
7605291249,U,IB,1,1,260,137986,116,42:00.0,4,18:00,861
7605291330,U,CTY,1,1,180,125490,169,47:00.0,2,12:00,861
7605291377,U,IB,1,1,410,130912,129,55:00.0,6,11:00,861
7605408132,U,IB,1,1,1385,127524,129,45:00.0,1,8:00,860
7605408738,U,IB,1,5,1838,137724,149,07:00.0,4,2:00,860
7605408839,U,IB,1,1,191,135252,133,13:00.0,5,20:00,860
7605408866,U,IB,1,1,261,134017,116,05:00.0,1,22:00,860
7605408911,U,CTY,1,1,651,125490,169,54:00.0,2,13:00,860
7605408920,U,CTY,1,1,269,125490,169,55:00.0,2,13:00,860
760540893X,U,CTY,1,1,1225,125490,169,09:00.0,2,14:00,860
7605410195,U,IB,1,1,280,137724,149,12:00.0,4,2:00,860
7605410956,U,IB,1,6,1842,140178,123,38:00.0,1,20:00,860
7605411001,U,IB,1,1,151,133577,163,53:00.0,7,14:00,860
7605413239,U,IB,1,2,1173,137986,116,03:00.0,4,19:00,860
7605413257,U,IB,1,1,421,135252,133,45:00.0,5,19:00,860
7605413266,U,IB,1,2,2023,126241,158,33:00.0,5,6:00,860
7605413275,U,IB,1,3,1330,133577,163,17:00.0,7,15:00,860
7605413284,U,CTY,1,1,613,202072,187,45:00.0,6,14:00,860
7605413284,U,CTY,1,1,613,202072,191,47:00.0,6,14:00,860
7605413293,U,IB,1,1,464,137694,111,58:00.0,2,8:00,860
7605413320,U,IB,1,2,760,137417,143,37:00.0,6,1:00,860
7605413349,U,IB,1,1,237,137417,143,48:00.0,6,0:00,860
7605415612,U,IB,1,1,304,135658,127,38:00.0,5,3:00,860
760541564X,U,IB,1,2,942,140178,123,02:00.0,1,20:00,860
7605415677,U,IB,1,1,68,137694,111,07:00.0,2,10:00,860
7605416272,U,IB,1,1,587,128044,103,23:00.0,7,6:00,860
760541630X,U,CTY,1,2,971,290396,168,27:00.0,5,22:00,860
7605416319,U,CTY,1,2,1245,290396,168,30:00.0,5,22:00,860
7605416337,U,CTY,1,3,1869,135193,173,56:00.0,1,5:00,860
7605416346,U,CTY,1,1,531,125237,189,27:00.0,3,13:00,860
7605416355,U,IB,1,1,636,135658,127,16:00.0,5,4:00,860
7605416364,U,IB,1,1,578,135658,127,35:00.0,5,3:00,860
7605416391,U,IB,1,1,536,133286,152,39:00.0,6,2:00,860
7605416400,U,IB,1,1,578,133286,152,13:00.0,6,2:00,860
760541641X,U,IB,1,6,2265,133286,152,45:00.0,6,1:00,860
7605416447,U,IB,1,1,169,135111,163,50:00.0,1,20:00,860
7605416721,U,CTY,1,1,150,132333,189,40:00.0,6,9:00,860
7605442654,U,CTY,1,1,1160,126251,173,54:00.0,5,5:00,246
7605442663,U,CTY,1,16,5687,126251,173,54:00.0,5,5:00,246
7605443049,U,IB,1,1,202,123101,111,55:00.0,2,1:00,246
7605443424,U,CTY,1,7,2430,129903,231,28:00.0,5,18:00,246
7605443424,U,OB,1,7,2430,129903,96,17:00.0,5,10:00,246
7605443965,U,IB,1,2,462,127974,117,14:00.0,6,20:00,246
7605447292,U,IB,1,1,305,134844,125,15:00.0,3,18:00,246
7605456285,U,IB,1,1,102,127974,117,12:00.0,6,20:00,246
7605458420,U,CTY,1,2,1292,45306,173,41:00.0,1,18:00,246
760545843X,U,CTY,1,2,1690,45306,173,01:00.0,1,19:00,246
7605458449,U,CTY,1,2,2019,45306,173,19:00.0,1,19:00,246
760548021X,U,IB,1,2,525,128758,129,34:00.0,4,1:00,246
7605480420,U,IB,1,1,265,135091,114,23:00.0,7,3:00,246
7605481520,U,IB,1,2,887,130699,127,42:00.0,3,22:00,246
7605481778,U,IB,1,2,745,134844,125,25:00.0,3,18:00,246
7605481787,U,IB,1,1,635,134844,125,21:00.0,3,18:00,246
7605481933,U,IB,1,1,130,136252,127,19:00.0,6,3:00,246
7605481933,U,IB,1,1,130,136252,117,04:00.0,6,13:00,246
7605518545,U,IB,1,2,530,137171,141,35:00.0,2,12:00,616
7605519398,U,IB,1,1,449,202241,111,35:00.0,6,3:00,616
7605519407,U,IB,1,4,178,202241,111,08:00.0,6,10:00,616
7605519416,U,OB,1,1,455,125392,76,11:00.0,7,4:00,616
7605604060,U,IB,1,1,700,133596,103,40:00.0,7,1:00,186
7605607315,U,IB,1,1,171,133330,105,58:00.0,6,15:00,186
7605609616,U,IB,1,7,2272,132438,104,22:00.0,2,20:00,186
7605609652,U,IB,1,2,2000,132438,104,53:00.0,2,19:00,186
7605629499,U,IB,1,2,900,133330,105,06:00.0,6,16:00,186
7605652626,U,OB,1,6,6090,135813,90,01:00.0,4,0:00,186
760565434X,U,IB,1,1,577,138265,104,31:00.0,1,10:00,186
7605654431,U,IB,1,1,2250,130731,108,45:00.0,4,13:00,186
7605654431,U,IB,1,1,2250,130731,108,45:00.0,4,13:00,186
7605655421,U,OB,1,5,7450,126165,90,57:00.0,1,18:00,186
7605655468,U,IB,1,1,292,137656,164,09:00.0,3,21:00,186
7605655751,U,CTY,1,3,2000,132301,188,02:00.0,6,6:00,186
7605659244,U,OB,1,3,1180,202709,90,39:00.0,1,8:00,186
7605659592,U,IB,1,1,221,129751,111,59:00.0,7,20:00,186
760565962X,U,IB,1,1,466,138265,104,09:00.0,1,10:00,186
7605666210,U,IB,1,2,4320,130731,101,17:00.0,4,12:00,186
7605666320,U,IB,1,2,1330,133330,105,16:00.0,6,15:00,186
7605666349,U,IB,1,2,861,133330,105,02:00.0,6,16:00,186
7605666376,U,OB,1,1,490,138444,87,06:00.0,2,0:00,186
7605670390,U,OB,1,1,143,135813,90,12:00.0,4,0:00,186
7605677697,U,IB,1,1,720,138265,104,33:00.0,1,10:00,186
7605678705,U,OB,1,3,4194,125422,90,31:00.0,1,22:00,186
7605678779,U,IB,1,5,9336,133304,114,39:00.0,5,10:00,186
7605678833,U,IB,1,1,1838,133330,105,09:00.0,6,16:00,186
7605680804,U,IB,1,1,280,130731,101,12:00.0,4,12:00,186
7605681244,U,IB,1,1,270,138265,104,42:00.0,1,10:00,186
760568129X,U,IB,1,1,394,138265,104,59:00.0,1,9:00,186
7605681372,U,IB,1,4,3385,137723,143,51:00.0,7,20:00,186
7605682243,U,IB,1,1,188,133330,105,48:00.0,6,15:00,186
7605682243,U,IB,1,1,188,133330,108,49:00.0,6,15:00,186
7605682308,U,IB,1,3,6230,133330,105,51:00.0,6,15:00,186
7605682436,U,IB,1,1,178,133304,114,39:00.0,5,9:00,186
7605684398,U,IB,1,2,1352,129751,111,47:00.0,7,20:00,186
7605684452,U,OB,1,2,734,202709,90,21:00.0,1,8:00,186
7605687202,U,OB,1,1,208,135252,48,10:00.0,6,8:00,186
7605687330,U,CTY,1,6,3604,126864,175,52:00.0,1,18:00,186
7605687523,U,IB,1,1,141,137691,141,59:00.0,1,16:00,186
7605692217,U,IB,1,1,173,138265,104,43:00.0,1,10:00,186
760569636X,U,IB,1,5,1781,138265,104,17:00.0,1,11:00,186
7605700842,U,OB,1,2,522,202709,90,51:00.0,1,8:00,186
7605755164,U,IB,1,4,355,132438,104,04:00.0,2,20:00,186
7605755173,U,IB,1,4,600,132438,104,28:00.0,2,19:00,186
7605757126,U,OB,1,3,1727,202709,90,13:00.0,1,10:00,186
7605757658,U,IB,1,2,704,133330,105,44:00.0,6,15:00,186
7605758428,U,IB,1,1,740,137656,164,55:00.0,3,18:00,186
7605761030,U,IB,1,1,2056,138265,104,32:00.0,1,6:00,186
7605762278,U,OB,1,1,595,138265,75,31:00.0,2,10:00,186
7605763762,U,OB,1,1,1065,125422,90,21:00.0,2,2:00,186
7605764844,U,OB,1,1,220,202709,90,19:00.0,1,10:00,186
7605766916,U,OB,1,1,250,135813,90,34:00.0,4,1:00,186
7605766925,U,OB,1,1,335,125422,90,11:00.0,1,21:00,186
7605767457,U,IB,1,2,7214,125422,101,13:00.0,2,3:00,186
7605767457,U,OB,1,2,7214,125422,90,11:00.0,2,3:00,186
7605767695,U,OB,1,1,155,125422,90,46:00.0,2,2:00,186
760576775X,U,OB,1,1,280,126165,90,34:00.0,1,18:00,186
7605767805,U,OB,1,1,1175,126165,90,12:00.0,1,19:00,186
7605767888,U,OB,1,3,2956,131222,89,55:00.0,2,17:00,186
7605769217,U,IB,1,1,400,431080,117,30:00.0,1,21:00,186
7605769271,U,OB,1,2,823,126165,90,08:00.0,1,19:00,186
7605769280,U,OB,1,1,590,126165,90,58:00.0,1,18:00,186
7605769354,U,IB,1,1,371,123983,114,06:00.0,6,14:00,186
7605772800,U,OB,1,2,1205,132438,94,50:00.0,3,3:00,186
7605772800,U,IB,1,2,1205,132438,104,14:00.0,2,19:00,186
7605772910,U,IB,1,1,845,132438,104,03:00.0,2,20:00,186
7605772910,U,OB,1,1,845,132438,94,37:00.0,3,3:00,186
7605772910,U,OB,1,1,845,132438,95,47:00.0,3,9:00,186
760577358X,U,IB,1,1,673,138265,104,32:00.0,1,7:00,186
7605773938,U,OB,1,1,200,202709,90,56:00.0,1,9:00,186
7605773974,U,OB,1,1,340,125422,90,11:00.0,1,22:00,186
7605774001,U,IB,1,2,821,125422,110,11:00.0,2,0:00,186
7605774001,U,IB,1,2,821,125422,110,11:00.0,2,0:00,186
7605774010,U,OB,1,1,370,125422,90,13:00.0,2,0:00,186
7605774057,U,IB,1,1,514,129751,111,04:00.0,7,21:00,186
7605774075,U,IB,1,2,1217,129751,111,55:00.0,7,20:00,186
7605774259,U,IB,1,2,1005,123983,114,47:00.0,6,12:00,186
7605775532,U,IB,1,1,350,123983,114,20:00.0,6,12:00,186
7605775597,U,OB,1,2,2448,135813,90,23:00.0,4,0:00,186
7605776284,U,OB,1,5,850,125422,90,09:00.0,2,3:00,186
7605776284,U,IB,1,5,850,125422,108,44:00.0,2,13:00,186
7605776302,U,IB,1,1,371,125422,160,28:00.0,2,3:00,186
7605776302,U,IB,1,1,371,125422,160,28:00.0,2,3:00,186
7605776302,U,CTY,1,1,371,125422,R111,24:00.0,3,13:00,186
7605776376,U,CTY,1,2,1358,137976,172,08:00.0,7,11:00,186
7605776962,U,OB,1,1,552,125422,90,54:00.0,2,1:00,186
7605777182,U,IB,1,1,625,133596,103,48:00.0,7,1:00,186
7605779373,U,CTY,1,1,162,132301,188,08:00.0,6,8:00,186
7605781261,U,IB,1,4,580,123983,114,02:00.0,6,14:00,186
7605781326,U,IB,1,1,165,123983,114,04:00.0,6,14:00,186
7605782289,U,IB,1,3,1125,128150,135,53:00.0,2,20:00,186
7605790153,U,IB,1,2,631,133596,103,48:00.0,7,1:00,186
7605791271,U,OB,1,1,195,125422,90,52:00.0,1,23:00,186
7605791529,U,IB,1,1,315,138265,104,27:00.0,1,8:00,186
7605791538,U,IB,1,1,276,138265,104,50:00.0,1,9:00,186
7605791547,U,IB,1,1,876,138265,104,54:00.0,1,9:00,186
7605791675,U,IB,1,1,440,130731,101,41:00.0,4,12:00,186
760579184X,U,OB,1,1,115,202709,90,20:00.0,1,9:00,186
7605791931,U,CTY,1,1,71,137656,212,54:00.0,6,12:00,186
7605791931,U,CTY,1,1,71,137656,232,48:00.0,6,1:00,186
7605791931,U,IB,1,1,71,137656,164,12:00.0,3,21:00,186
7605791969,U,CTY,1,1,250,137976,172,51:00.0,7,13:00,186
7605792326,U,IB,1,12,545,123983,114,50:00.0,6,12:00,186
760579250X,U,IB,1,1,307,130731,101,01:00.0,4,11:00,186
7605793783,U,IB,1,4,2925,133330,105,08:00.0,6,15:00,186
7605795121,U,IB,1,1,405,130731,101,51:00.0,4,11:00,186
7605796322,U,IB,1,2,688,123983,114,21:00.0,6,13:00,186
7605796414,U,IB,1,1,180,261280,127,51:00.0,5,18:00,186
7605796661,U,OB,1,1,440,138939,88,38:00.0,1,21:00,186
7605796661,U,CTY,1,1,440,138939,205,15:00.0,2,16:00,186
7605796670,U,OB,1,1,487,125422,90,38:00.0,2,1:00,186
7605796717,U,IB,1,2,868,132438,104,37:00.0,2,19:00,186
760579745X,U,IB,1,2,2109,133304,114,52:00.0,5,8:00,186
7605797478,U,IB,1,2,1533,133304,114,52:00.0,5,9:00,186
7605797523,U,IB,1,1,740,133330,105,24:00.0,6,15:00,186
760579756X,U,IB,1,1,415,133330,105,42:00.0,6,15:00,186
760579756X,U,OB,1,1,415,133330,97,43:00.0,6,15:00,186
7605797579,U,CTY,1,1,280,138704,192,31:00.0,2,18:00,186
7605797743,U,IB,1,1,500,132438,104,53:00.0,2,18:00,186
7605797817,U,IB,1,1,370,133596,103,32:00.0,7,1:00,186
7605798302,U,IB,1,2,1387,123983,114,35:00.0,6,12:00,186
760579844X,U,OB,1,2,950,138939,88,53:00.0,1,21:00,186
7605798760,U,IB,1,1,220,138549,141,38:00.0,5,10:00,186
7605799027,U,IB,1,1,75,133330,105,48:00.0,6,14:00,186
7605799072,U,IB,1,1,629,133330,105,19:00.0,6,15:00,186
7605799072,U,OB,1,1,629,133330,97,54:00.0,6,15:00,186
7605799119,U,CTY,1,1,282,138704,192,28:00.0,2,18:00,186
7605799714,U,IB,1,2,1622,138939,110,24:00.0,2,1:00,186
7605799714,U,OB,1,2,1622,138939,88,50:00.0,1,22:00,186
7605799806,U,IB,1,3,960,133304,114,16:00.0,5,10:00,186
7605799824,U,IB,1,1,266,133304,114,44:00.0,5,10:00,186
7605810622,U,CTY,1,1,295,128325,196,07:00.0,2,2:00,155
7605811118,U,CTY,1,2,1881,129910,187,31:00.0,3,23:00,155
7605811374,U,CTY,1,2,1881,128129,169,46:00.0,4,9:00,155
7605811621,U,CTY,1,2,333,128683,172,17:00.0,1,18:00,155
7605812227,U,CTY,1,1,197,135900,168,13:00.0,5,9:00,155
7605937196,U,IB,1,2,1150,136719,116,23:00.0,5,6:00,211
760593748X,U,IB,1,1,6150,136719,116,02:00.0,5,7:00,211
7605937681,U,CTY,1,1,210,202076,189,14:00.0,1,11:00,211
7605941798,U,CTY,1,1,815,135246,231,31:00.0,4,21:00,211
7605941798,U,CTY,1,1,815,135246,189,30:00.0,4,21:00,211
7605941935,U,CTY,1,1,675,122579,192,51:00.0,6,22:00,211
7605942310,U,CTY,1,1,1673,127512,172,08:00.0,5,2:00,211
7605943731,U,CTY,1,1,613,202076,189,18:00.0,1,10:00,211
7605947352,U,IB,1,2,2750,136940,111,41:00.0,4,21:00,303
7605947361,U,IB,1,1,2050,136940,111,05:00.0,4,19:00,303
760594826X,U,CTY,1,3,6330,135246,189,18:00.0,4,21:00,211
7605948306,U,IB,1,3,6000,137236,101,19:00.0,6,5:00,211
7605951496,U,OB,1,2,694,134530,95,59:00.0,6,8:00,211
760595299X,U,CTY,1,1,143,291296,173,55:00.0,6,1:00,211
760595299X,U,CTY,1,1,143,291296,R108,53:00.0,6,21:00,211
7605953054,U,IB,1,4,7640,133225,129,04:00.0,7,7:00,211
7605953072,U,IB,1,3,3035,134505,112,57:00.0,2,22:00,211
7605953090,U,CTY,1,1,2095,249118,192,44:00.0,1,7:00,211
7605957674,U,CTY,1,1,383,125856,174,31:00.0,4,19:00,211
7605959425,U,CTY,1,1,3500,124114,195,12:00.0,7,11:00,211
7605960680,U,CTY,1,1,789,122579,192,35:00.0,6,22:00,211
7605962377,U,CTY,1,6,7001,137505,202,45:00.0,3,1:00,211
7605963605,U,CTY,1,1,732,128691,196,13:00.0,2,18:00,112
7605963623,U,CTY,1,1,845,128691,196,10:00.0,2,18:00,112
7605963861,U,CTY,1,5,9350,123969,173,23:00.0,6,1:00,211
7605963935,U,OB,1,1,383,126885,96,54:00.0,3,21:00,211
7605964512,U,CTY,1,1,1300,122579,192,38:00.0,6,22:00,211
7605991087,U,CTY,1,1,325,133084,172,21:00.0,3,19:00,211
7605993965,U,CTY,1,1,740,291296,173,45:00.0,6,1:00,211
7605994057,U,CTY,1,1,200,133225,194,22:00.0,1,13:00,211
7605994057,U,IB,1,1,200,133225,129,31:00.0,7,6:00,211
7605996980,U,IB,1,17,2921,261040,104,41:00.0,1,4:00,211
7605997741,U,CTY,1,2,541,134160,173,10:00.0,1,4:00,211
7606011024,U,CTY,1,6,6000,134160,173,27:00.0,1,5:00,211
7606013536,U,CTY,1,1,542,133084,172,17:00.0,3,20:00,211
7606013572,U,CTY,1,8,199,128714,187,44:00.0,4,0:00,211
7606013628,U,CTY,1,11,615,133257,197,03:00.0,6,3:00,211
7606013700,U,CTY,1,2,545,131999,194,54:00.0,1,6:00,211
7606013848,U,OB,1,1,305,133134,84,51:00.0,4,22:00,211
7606013920,U,CTY,1,1,333,291296,173,40:00.0,6,0:00,211
7606014104,U,CTY,1,11,480,249118,225,55:00.0,1,18:00,211
7606014104,U,CTY,1,11,480,249118,192,30:00.0,1,7:00,211
7606014113,U,CTY,1,1,600,119799,188,56:00.0,4,2:00,211
7606014140,U,CTY,1,8,405,116773,187,59:00.0,5,19:00,211
7606014196,U,CTY,1,1,266,124114,195,13:00.0,7,10:00,211
7606014333,U,CTY,1,1,624,137507,175,30:00.0,6,3:00,211
7606024664,U,CTY,1,1,743,291296,173,17:00.0,6,1:00,211
7606026855,U,CTY,1,2,777,133084,172,26:00.0,3,20:00,211
760602801X,U,IB,1,5,11335,125851,117,36:00.0,4,3:00,211
7606029358,U,IB,1,1,150,261040,104,41:00.0,1,3:00,211
7606029421,U,IB,1,1,899,126080,149,56:00.0,1,3:00,211
7606031300,U,CTY,1,5,5920,131999,194,21:00.0,1,7:00,211
7606031365,U,IB,1,5,5011,126785,131,10:00.0,4,13:00,211
7606031392,U,IB,1,3,2045,133225,129,27:00.0,7,4:00,211
7606092498,U,OB,1,3,725,125306,31,59:00.0,6,7:00,671
7606092635,U,CTY,1,5,1750,125243,194,36:00.0,7,6:00,671
7606096476,U,OB,1,2,1030,125429,90,48:00.0,4,7:00,671
7606096512,U,OB,1,3,1335,125809,60,56:00.0,5,11:00,671
760609885X,U,OB,1,1,325,125809,60,40:00.0,5,12:00,671
7606099419,U,OB,1,1,625,559414,96,34:00.0,1,14:00,671
7606102847,U,CTY,1,2,6185,129628,195,31:00.0,7,4:00,671
7606107952,U,OB,1,2,857,558293,78,42:00.0,3,0:00,671
7606108071,U,OB,1,1,151,137901,88,49:00.0,1,7:00,671
7606110464,U,OB,1,2,4205,140365,74,14:00.0,2,3:00,671
7606110547,U,IB,1,1,245,131347,116,47:00.0,4,10:00,671
7606112801,U,CTY,1,1,1400,127259,194,00:00.0,7,1:00,671
7606113113,U,IB,1,1,290,127711,105,36:00.0,3,23:00,671
7606113306,U,IB,1,25,715,136322,164,11:00.0,2,13:00,671
7606115396,U,IB,1,2,7200,133720,135,50:00.0,3,2:00,671
7606115414,U,OB,1,5,12079,126896,26,02:00.0,3,3:00,671
7606115708,U,OB,1,28,435,530438,58,37:00.0,1,10:00,671
7606115717,U,CTY,1,54,1685,127133,194,53:00.0,7,16:00,671
7606117614,U,CTY,1,1,185,261009,169,28:00.0,1,15:00,671
7606118247,U,CTY,1,1,558,129628,195,30:00.0,7,15:00,671
7606118256,U,OB,1,1,230,134853,31,57:00.0,7,0:00,671
7606118512,U,OB,1,6,11745,133143,58,26:00.0,5,0:00,671
7606118604,U,OB,1,1,123,125809,60,42:00.0,5,10:00,671
7606128522,U,OB,1,1,90,559414,96,26:00.0,1,13:00,671
7606128706,U,OB,1,2,2442,125306,31,33:00.0,6,6:00,671
7606128953,U,IB,1,2,1735,135835,149,57:00.0,5,16:00,671
7606128971,U,OB,1,1,1389,135826,74,17:00.0,4,12:00,671
7606131117,U,CTY,1,141,2657,127229,175,23:00.0,7,15:00,671
7606131135,U,CTY,1,2,380,118529,206,37:00.0,6,13:00,671
7606131153,U,OB,1,2,495,530438,58,43:00.0,1,11:00,671
7606131162,U,OB,1,2,545,530438,58,22:00.0,1,9:00,671
760613119X,U,IB,1,2,3190,125703,112,31:00.0,1,6:00,671
7606133757,U,OB,1,2,2810,128106,60,56:00.0,3,0:00,671
7606133784,U,CTY,1,1,420,118529,206,21:00.0,6,13:00,671
7606135865,U,IB,1,1,261,135821,123,47:00.0,7,14:00,671
7606138065,U,CTY,1,2,1433,122639,168,09:00.0,2,1:00,671
7606139100,U,CTY,1,1,426,128414,187,14:00.0,6,12:00,671
7606139239,U,IB,1,1,285,122636,163,48:00.0,2,12:00,671
7606140164,U,IB,1,2,1505,278078,149,52:00.0,5,5:00,671
7606144427,U,OB,1,1,664,261082,40,08:00.0,5,22:00,671
7606148836,U,CTY,1,1,43,129848,194,07:00.0,5,21:00,653
7606157342,U,OB,1,2,334,559259,84,29:00.0,7,12:00,671
7606159369,U,OB,1,3,1113,125809,60,07:00.0,5,12:00,671
7606159488,U,IB,1,1,357,123726,111,07:00.0,5,1:00,671
7606159551,U,CTY,1,4,1853,122370,193,49:00.0,6,6:00,671
7606159551,U,OB,1,4,1853,122370,84,51:00.0,6,5:00,671
7606164804,U,CTY,1,21,245,127229,175,33:00.0,7,15:00,671
7606169929,U,IB,1,1,1179,122636,163,11:00.0,2,11:00,671
7606169938,U,IB,1,3,5460,122636,163,11:00.0,2,13:00,671
7606171249,U,IB,1,1,408,122636,163,13:00.0,2,11:00,671
7606172843,U,IB,1,3,1120,560027,103,15:00.0,1,20:00,671
7606174484,U,IB,1,2,1750,560027,103,58:00.0,1,18:00,671
7606177647,U,OB,1,1,400,138295,40,18:00.0,7,8:00,671
760618201X,U,OB,1,1,494,530438,58,50:00.0,1,9:00,671
7606187666,U,CTY,1,1,95,128414,187,44:00.0,6,12:00,671
7606189087,U,IB,1,4,935,530367,103,45:00.0,7,18:00,671
7606189260,U,OB,1,1,308,125559,40,25:00.0,1,15:00,671
7606194082,U,OB,1,1,800,530438,58,44:00.0,1,10:00,671
7606195072,U,IB,1,1,1596,131207,151,55:00.0,3,22:00,671
7606195155,U,CTY,1,2,3084,130772,190,22:00.0,6,16:00,671
7606195155,U,IB,1,2,3084,130772,143,24:00.0,6,15:00,671
7606196621,U,OB,1,2,280,R621780290,39,55:00.0,4,14:00,671
7606196888,U,OB,1,2,635,140365,74,03:00.0,2,4:00,671
7606196942,U,OB,1,1,235,127388,63,46:00.0,2,21:00,671
7606197061,U,IB,1,1,120,130772,143,03:00.0,6,13:00,671
7606197099,U,OB,1,3,600,125306,31,55:00.0,6,5:00,671
7606213213,U,OB,1,1,450,125429,65,51:00.0,4,9:00,671
7606213213,U,OB,1,1,450,125429,65,51:00.0,4,9:00,671
7606213231,U,OB,1,1,660,134853,31,23:00.0,7,0:00,671
7606218127,U,OB,1,2,1454,558293,78,28:00.0,3,1:00,671
7606222040,U,IB,1,2,371,134633,149,11:00.0,1,22:00,671
7606222105,U,IB,1,5,808,134633,149,03:00.0,1,22:00,671
7606225524,U,IB,1,1,146,132333,125,46:00.0,3,14:00,671
7606225524,U,CTY,1,1,146,132333,225,49:00.0,3,14:00,671
7606225524,U,CTY,1,1,146,132333,225,21:00.0,4,8:00,671
7606225670,U,OB,1,4,15050,135172,90,52:00.0,1,3:00,671
7606232436,U,CTY,1,5,1749,530810,187,42:00.0,6,0:00,671
7606234719,U,OB,1,2,410,559259,84,44:00.0,7,12:00,671
7606235231,U,CTY,1,2,1363,530810,187,43:00.0,6,1:00,671
7606235662,U,IB,1,1,879,137171,141,31:00.0,2,12:00,671
7606240401,U,OB,1,1,1798,559414,96,22:00.0,1,12:00,671
7606240915,U,IB,1,1,995,140113,141,31:00.0,7,0:00,671
760624130X,U,OB,1,2,14,129751,63,43:00.0,7,18:00,616
7606241319,U,OB,1,1,13,129751,63,00:00.0,7,19:00,616
7606241328,U,OB,1,6,51,129751,63,26:00.0,7,18:00,616
7606241337,U,OB,1,1,10,129751,63,35:00.0,7,18:00,616
7606241355,U,OB,1,1,1,129751,63,31:00.0,7,17:00,616
7606241364,U,OB,1,6,71,129751,63,55:00.0,7,17:00,616
7606241373,U,OB,1,2,12,129751,63,22:00.0,7,21:00,616
7606241382,U,OB,1,7,52,129751,63,39:00.0,7,17:00,616
7606241400,U,OB,1,1,1,129751,63,26:00.0,7,17:00,616
760624141X,U,OB,1,1,11,129751,63,11:00.0,7,17:00,616
7606241429,U,OB,1,12,146,129751,63,18:00.0,7,16:00,616
7606252209,U,IB,1,1,1559,136167,117,09:00.0,2,10:00,671
7606253015,U,IB,1,30,626,136611,149,07:00.0,7,20:00,671
7606263272,U,CTY,1,22,1150,530810,187,21:00.0,6,1:00,671
7606264253,U,CTY,1,1,152,127229,175,06:00.0,7,15:00,671
7606277572,U,OB,1,2,7290,124274,96,40:00.0,6,17:00,671
7606283072,U,OB,1,2,2228,135826,74,41:00.0,4,12:00,671
7606288013,U,IB,1,1,1656,136322,164,20:00.0,2,13:00,671
7606288307,U,IB,1,1,3600,124338,105,06:00.0,4,12:00,671
7606288316,U,OB,1,1,1362,135826,74,04:00.0,4,12:00,671
7606337210,U,IB,1,1,150,131347,116,28:00.0,4,5:00,671
7606338402,U,OB,1,1,105,559259,84,19:00.0,7,12:00,671
7606469486,U,OB,1,7,1011,133890,63,57:00.0,4,0:00,518
7606469569,U,OB,1,2,1530,38422,67,48:00.0,1,10:00,518
7606471695,U,OB,1,4,1059,135259,60,55:00.0,2,0:00,518
7606475242,U,OB,1,2,2400,277996,17,13:00.0,5,4:00,518
7606475729,U,OB,1,1,600,530430,63,49:00.0,6,7:00,518
7606476975,U,OB,1,9,7640,133642,53,44:00.0,6,18:00,518
7606522405,U,CTY,1,9,3847,132367,168,17:00.0,2,14:00,261
7606550812,U,CTY,1,2,816,136308,173,05:00.0,5,20:00,261
7606550859,U,CTY,1,1,324,136308,173,55:00.0,5,21:00,261
7606550996,U,CTY,1,4,4039,261251,192,33:00.0,6,21:00,261
7606551032,U,CTY,1,1,301,121384,188,22:00.0,4,3:00,261
760655106X,U,CTY,1,1,846,121384,188,17:00.0,4,0:00,261
7606551079,U,CTY,1,1,844,121384,188,50:00.0,4,0:00,261
760655128X,U,IB,1,1,291,127209,149,53:00.0,5,19:00,261
7606551344,U,CTY,1,1,852,135900,187,17:00.0,1,8:00,261
7606551436,U,CTY,1,1,265,135900,187,03:00.0,1,8:00,261
7606551445,U,CTY,1,1,254,135900,187,21:00.0,1,8:00,261
7606551463,U,CTY,1,3,2597,135900,187,12:00.0,1,8:00,261
7606551564,U,IB,1,1,497,135451,151,33:00.0,5,19:00,261
760655161X,U,IB,1,2,649,135451,151,07:00.0,5,20:00,261
7606556642,U,IB,1,6,365,128864,125,23:00.0,5,1:00,261
7606556651,U,CTY,1,37,2377,131787,188,25:00.0,1,5:00,261
7606557468,U,CTY,1,3,1718,135900,187,23:00.0,1,9:00,261
7606565094,U,IB,1,5,1334,261175,158,43:00.0,5,1:00,261
7606565103,U,IB,1,7,1252,131798,145,27:00.0,5,19:00,261
7606568807,U,OB,1,4,2382,128078,96,04:00.0,2,7:00,261
7606568807,U,OB,1,4,2382,128078,94,05:00.0,2,7:00,261
7606578431,U,CTY,1,1,240,134524,169,43:00.0,1,2:00,261
7606578826,U,CTY,1,7,6320,128048,192,23:00.0,7,22:00,261
760657889X,U,IB,1,4,10231,133251,158,46:00.0,5,17:00,261
7606598350,U,IB,1,2,5960,134280,105,40:00.0,4,0:00,261
760659836X,U,IB,1,3,6305,134280,105,19:00.0,4,1:00,261
7606598424,U,CTY,1,2,6072,130594,195,56:00.0,3,21:00,261
7606602503,U,IB,1,3,721,133251,158,59:00.0,5,17:00,261
760660386X,U,CTY,1,5,2545,136624,168,41:00.0,4,6:00,261
7606604227,U,CTY,1,7,3650,126239,175,09:00.0,1,11:00,261
7606604236,U,CTY,1,1,3047,136308,173,21:00.0,5,19:00,261
7606604245,U,CTY,1,1,3414,261251,192,13:00.0,6,21:00,261
7606604272,U,CTY,1,2,1135,136624,168,29:00.0,4,6:00,261
7606604290,U,IB,1,1,2476,135451,151,11:00.0,5,20:00,261
7606604337,U,CTY,1,8,4370,137647,173,26:00.0,2,10:00,261
7606604346,U,CTY,1,1,2620,137647,173,40:00.0,2,9:00,261
7606604355,U,CTY,1,1,585,137647,173,37:00.0,2,9:00,261
7606612870,U,CTY,1,4,8960,138969,172,00:00.0,1,5:00,261
7606678037,U,CTY,1,1,180,125621,197,35:00.0,3,18:00,826
7606685021,U,IB,1,2,1050,HAEI27016,116,18:00.0,4,16:00,826
7606691219,U,IB,1,1,278,130658,152,02:00.0,3,14:00,826
7606692730,U,OB,1,1,270,137256,89,42:00.0,5,16:00,826
7606753230,U,CTY,1,1,171,HAEI23255,175,02:00.0,7,17:00,548
7606753506,U,OB,1,9,3785,HAEI26237,67,11:00.0,5,16:00,548
7606792969,U,CTY,1,3,1836,119799,188,48:00.0,4,0:00,218
7606823080,U,OB,1,1,151,252293,84,58:00.0,6,18:00,218
7606834567,U,IB,1,1,55,129558,114,28:00.0,5,19:00,218
7606834585,U,CTY,1,1,500,430399,R4  ,23:00.0,4,16:00,218
7606834585,U,IB,1,1,500,430399,112,01:00.0,4,13:00,218
7606841973,U,IB,1,1,536,135114,125,50:00.0,1,4:00,218
7606842038,U,OB,1,1,1159,135114,3,30:00.0,1,7:00,218
7606842038,U,IB,1,1,1159,135114,107,29:00.0,1,7:00,218
7606842038,U,IB,1,1,1159,135114,125,20:00.0,1,5:00,218
7606843522,U,IB,1,4,1636,R218616870,103,23:00.0,3,22:00,218
7606845163,U,IB,1,1,95,128880,113,13:00.0,3,21:00,218
7606845219,U,IB,1,1,125,128880,113,26:00.0,3,21:00,218
7606845255,U,IB,1,2,320,128880,113,59:00.0,3,19:00,218
7606845329,U,OB,1,3,204,140067,95,26:00.0,6,0:00,218
760684553X,U,IB,1,1,125,133730,108,09:00.0,5,0:00,218
760684553X,U,IB,1,1,125,133730,117,55:00.0,4,21:00,218
7606846685,U,OB,1,1,164,137920,90,29:00.0,7,22:00,218
7606856475,U,OB,1,2,338,137238,84,59:00.0,4,20:00,218
7606856493,U,IB,1,1,97,129558,114,04:00.0,5,19:00,218
7606856558,U,IB,1,1,127,134545,112,53:00.0,1,3:00,218
7606856603,U,OB,1,2,997,131399,96,59:00.0,3,17:00,218
7606856659,U,OB,1,2,960,127603,96,15:00.0,6,4:00,218
7606856695,U,OB,1,1,264,127603,96,09:00.0,6,4:00,218
7606856722,U,OB,1,1,185,559443,96,23:00.0,7,18:00,218
7606856769,U,IB,1,2,541,559510,112,21:00.0,4,22:00,218
7606856814,U,OB,1,1,365,119040,90,20:00.0,6,19:00,218
7606856823,U,OB,1,1,416,119040,90,24:00.0,6,19:00,218
7606856906,U,IB,1,1,206,131477,101,02:00.0,5,19:00,218
7606856915,U,IB,1,1,165,131477,101,08:00.0,5,19:00,218
7606856951,U,IB,1,1,236,122848,111,10:00.0,6,18:00,218
7606856998,U,OB,1,1,607,135081,96,25:00.0,7,21:00,218
7606857007,U,IB,1,1,141,130842,103,59:00.0,7,18:00,218
7606857328,U,IB,1,1,319,122848,111,47:00.0,6,14:00,218
7606860004,U,IB,1,1,1110,125305,133,17:00.0,7,19:00,218
7606860069,U,IB,1,1,676,122848,111,30:00.0,6,15:00,218
7606860087,U,OB,1,1,658,128828,89,37:00.0,6,3:00,218
7606860123,U,IB,1,3,7714,531285,164,38:00.0,7,8:00,218
7606860150,U,OB,1,1,635,252293,84,28:00.0,6,18:00,218
7606865156,U,IB,1,2,295,133730,117,36:00.0,4,20:00,218
7606865614,U,IB,1,1,980,559510,112,52:00.0,4,20:00,218
7606865715,U,CTY,1,2,600,130752,172,45:00.0,6,7:00,218
7606865944,U,IB,1,4,6415,130550,164,42:00.0,1,4:00,218
7606870207,U,OB,1,2,120,290066,82,52:00.0,3,21:00,218
7606870207,U,OB,1,2,120,290066,82,52:00.0,3,21:00,218
7606876239,U,IB,1,1,130,123581,111,45:00.0,5,12:00,218
7606876275,U,IB,1,1,824,123581,111,06:00.0,5,13:00,218
7606880931,U,CTY,1,3,649,291058,175,30:00.0,2,10:00,218
7606890465,U,CTY,1,1,595,137437,189,57:00.0,2,1:00,
7606890988,U,IB,1,2,3185,R218181347,131,56:00.0,5,19:00,218
7606893976,U,IB,1,2,2309,134847,145,45:00.0,3,5:00,218
7606896643,U,IB,1,1,422,530504,105,46:00.0,7,0:00,218
7606897799,U,IB,1,1,587,140226,125,32:00.0,7,16:00,218
760689800X,U,OB,1,1,1410,126600,96,19:00.0,4,21:00,218
7606907203,U,IB,1,1,232,133855,113,57:00.0,3,22:00,218
7606907259,U,IB,1,1,2335,559510,112,39:00.0,4,20:00,218
7606907277,U,IB,1,1,619,559510,112,56:00.0,4,21:00,218
7606907378,U,IB,1,1,204,131681,117,51:00.0,6,5:00,218
7606909477,U,IB,1,1,1195,130842,103,18:00.0,7,22:00,218
7606910824,U,IB,1,1,1025,129569,131,33:00.0,5,0:00,218
7606911484,U,IB,1,1,753,130842,103,37:00.0,7,18:00,218
7606912557,U,IB,1,1,283,559835,145,53:00.0,2,12:00,218
760691571X,U,IB,1,1,350,R218191534,114,54:00.0,2,18:00,218
7606919368,U,IB,1,1,124,430881,112,30:00.0,4,8:00,218
7606919606,U,IB,1,4,521,R218616870,103,49:00.0,3,23:00,218
7606922998,U,IB,1,1,180,530455,117,32:00.0,6,8:00,218
760692308X,U,IB,1,1,2320,558629,117,12:00.0,1,8:00,218
7606923254,U,IB,1,5,7300,559146,149,38:00.0,4,22:00,218
7606923290,U,IB,1,2,1825,559146,149,50:00.0,4,22:00,218
7606923400,U,IB,1,1,400,135159,116,38:00.0,1,3:00,218
7606927205,U,IB,1,1,240,135114,125,27:00.0,1,10:00,218
7606927571,U,IB,1,4,1603,390229,116,33:00.0,2,12:00,218
760692759X,U,OB,1,1,313,559443,96,10:00.0,7,15:00,218
7606931019,U,IB,1,13,7670,R218191522,103,07:00.0,5,22:00,218
7606941734,U,IB,1,3,639,122848,111,56:00.0,6,15:00,218
7606941799,U,CTY,1,10,3655,T415634691,192,02:00.0,7,12:00,218
7606943256,U,IB,1,1,400,133730,117,32:00.0,4,21:00,218
7606944686,U,OB,1,1,332,252293,84,54:00.0,6,18:00,218
7606944695,U,IB,1,1,298,R218616870,103,08:00.0,3,23:00,218
7606944989,U,IB,1,2,1040,133274,129,56:00.0,3,18:00,218
7606944998,U,IB,1,2,860,133274,129,30:00.0,3,19:00,218
760694508X,U,OB,1,4,4145,128828,89,13:00.0,6,2:00,218
7606945153,U,IB,1,1,620,122848,111,04:00.0,6,18:00,218
7606948756,U,OB,1,1,549,132999,72,26:00.0,5,2:00,218
7606949461,U,IB,1,1,530,R218191522,103,16:00.0,5,18:00,218
7606949508,U,OB,1,1,522,135935,89,26:00.0,6,15:00,218
7606951708,U,IB,1,2,1909,123779,133,44:00.0,4,21:00,218
7606956456,U,IB,1,1,270,132715,113,35:00.0,3,18:00,218
7606957042,U,IB,1,2,3880,568035,114,25:00.0,7,4:00,218
760696103X,U,OB,1,2,595,T525255364,99,05:00.0,5,2:00,218
760696103X,U,OB,1,2,595,T525255364,95,04:00.0,5,2:00,218
7606961186,U,IB,1,2,3425,127746,127,36:00.0,5,6:00,218
7606962634,U,OB,1,2,295,137238,84,22:00.0,4,20:00,218
7606962643,U,OB,1,4,2394,137238,84,54:00.0,4,20:00,218
7606962670,U,IB,1,2,124,134545,112,50:00.0,1,3:00,218
7606962699,U,IB,1,1,366,430881,112,46:00.0,4,4:00,218
760696422X,U,IB,1,1,1647,130550,164,16:00.0,1,5:00,218
7606966511,U,IB,1,1,1600,122848,111,43:00.0,6,15:00,218
7606970572,U,IB,1,1,820,430079,101,36:00.0,3,16:00,218
760697214X,U,IB,1,1,212,430881,112,15:00.0,4,4:00,218
7606972828,U,OB,1,1,93,559443,96,33:00.0,7,20:00,218
7606973378,U,IB,1,5,3538,530455,117,34:00.0,6,6:00,218
7606974285,U,IB,1,4,1755,123779,133,47:00.0,4,21:00,218
7606976512,U,CTY,1,1,113,904116,189,26:00.0,7,9:00,218
7606979024,U,IB,1,2,5126,430881,112,58:00.0,4,7:00,218
7606979116,U,IB,1,1,1450,119993,114,02:00.0,6,6:00,218
7606979134,U,OB,1,4,1605,430917,89,30:00.0,2,7:00,218
7606979143,U,IB,1,2,2605,R218181347,131,21:00.0,5,21:00,218
7606979574,U,IB,1,2,502,430399,112,48:00.0,4,14:00,218
760697962X,U,IB,1,1,1418,430399,112,01:00.0,4,16:00,218
7606979639,U,IB,1,1,1993,430399,112,58:00.0,4,15:00,218
7606979648,U,OB,1,1,560,T525255364,95,31:00.0,4,21:00,218
7606983718,U,IB,1,1,400,R218191534,114,58:00.0,2,18:00,218
7606987090,U,IB,1,1,78,R21825782,101,03:00.0,7,23:00,218
7606987182,U,CTY,1,3,2400,904116,189,45:00.0,7,8:00,218
7606991216,U,IB,1,1,796,129569,131,04:00.0,4,22:00,218
7606991270,U,IB,1,2,4125,132715,113,43:00.0,3,18:00,218
7606991418,U,OB,1,2,1186,135159,88,10:00.0,1,10:00,218
7606991418,U,IB,1,2,1186,135159,116,26:00.0,1,6:00,218
7606992141,U,IB,1,1,250,559146,149,23:00.0,4,21:00,218
760699260X,U,IB,1,4,954,133871,104,24:00.0,3,23:00,218
7606995158,U,IB,1,1,405,132790,116,38:00.0,3,20:00,218
7606995488,U,IB,1,1,690,133274,129,47:00.0,3,19:00,218
7606996000,U,IB,1,2,836,R218181347,131,03:00.0,5,19:00,218
7606997073,U,IB,1,1,293,123581,111,53:00.0,5,12:00,218
7606997082,U,IB,1,5,8600,123239,101,49:00.0,6,16:00,218
7606998411,U,IB,1,3,1191,568035,114,50:00.0,7,3:00,218
7606998934,U,IB,1,1,390,R218191522,103,22:00.0,5,18:00,218
7607001482,U,IB,1,2,2713,132790,116,34:00.0,3,20:00,218
7607001538,U,OB,1,1,648,903811,88,31:00.0,6,18:00,218
7607001538,U,OB,1,1,648,903811,97,58:00.0,6,18:00,218
7607001657,U,IB,1,4,8429,558629,117,58:00.0,1,4:00,218
7607001666,U,IB,1,2,4715,559835,145,05:00.0,2,13:00,218
7607002079,U,IB,1,3,2985,530455,117,52:00.0,6,7:00,218
7607002088,U,IB,1,1,1188,530455,117,53:00.0,6,8:00,218
7607002097,U,IB,1,2,4895,530455,117,49:00.0,6,6:00,218
7607002142,U,CTY,1,1,350,904116,189,08:00.0,7,9:00,218
7607003361,U,IB,1,1,115,129558,114,10:00.0,5,18:00,218
7607003480,U,IB,1,1,115,211156,103,01:00.0,7,19:00,218
7607003774,U,OB,1,1,115,559443,96,22:00.0,7,20:00,218
7607003792,U,OB,1,1,115,559443,96,16:00.0,7,20:00,218
7607003902,U,IB,1,1,122,119993,114,35:00.0,6,6:00,218
7607003958,U,OB,1,1,115,430917,89,46:00.0,2,10:00,218
7607003967,U,OB,1,1,115,430917,89,36:00.0,2,10:00,218
7607004012,U,OB,1,1,115,135935,89,45:00.0,6,15:00,218
7607004086,U,IB,1,1,115,137862,112,37:00.0,7,22:00,218
7607006542,U,IB,1,1,172,530504,105,56:00.0,7,1:00,218
7607006560,U,CTY,1,10,25500,135521,188,09:00.0,3,19:00,218
760700701X,U,IB,1,1,818,121117,104,59:00.0,3,18:00,218
7607009705,U,IB,1,1,432,559510,112,49:00.0,4,17:00,218
7607011355,U,IB,1,3,5765,132790,116,38:00.0,3,22:00,218
7607011721,U,IB,1,1,1820,135159,116,13:00.0,1,3:00,218
7607011822,U,IB,1,1,190,559510,112,59:00.0,4,20:00,218
7607012913,U,OB,1,1,1294,127603,96,43:00.0,5,23:00,218
7607012987,U,CTY,1,2,1713,124239,231,14:00.0,3,21:00,218
7607012987,U,CTY,1,2,1713,124239,236,32:00.0,4,22:00,218
7607013124,U,CTY,1,4,5760,124352,233,23:00.0,6,19:00,218
7607013160,U,IB,1,1,598,530455,117,28:00.0,6,3:00,218
760701317X,U,IB,1,1,345,119993,114,58:00.0,6,4:00,218
7607013189,U,IB,1,2,4266,R218191534,114,28:00.0,2,22:00,218
7607013308,U,IB,1,1,887,123581,111,17:00.0,5,14:00,218
7607013454,U,IB,1,2,2845,430881,112,52:00.0,4,4:00,218
7607013472,U,IB,1,2,1519,430881,112,09:00.0,4,5:00,218
7607013481,U,OB,1,1,1254,559443,96,42:00.0,7,20:00,218
7607013519,U,CTY,1,1,1590,290149,238,00:00.0,4,21:00,218
7607013519,U,OB,1,1,1590,290149,88,55:00.0,4,0:00,218
7607013519,U,CTY,1,1,1590,290149,231,58:00.0,4,2:00,218
7607013537,U,OB,1,1,1210,290149,88,21:00.0,4,0:00,218
7607013656,U,IB,1,1,285,125305,133,33:00.0,7,21:00,218
7607013665,U,IB,1,3,4655,125305,133,28:00.0,7,21:00,218
7607017643,U,CTY,1,2,1190,129746,168,43:00.0,3,4:00,218
7607017661,U,IB,1,1,559,133871,104,18:00.0,3,22:00,218
7607019266,U,IB,1,1,604,R218192043,114,09:00.0,1,10:00,218
7607019679,U,IB,1,1,305,430399,112,55:00.0,4,13:00,218
7607019724,U,OB,1,1,280,129593,90,20:00.0,1,7:00,218
7607019733,U,OB,1,1,284,129593,90,23:00.0,1,7:00,218
7607019760,U,IB,1,1,195,R218192043,114,46:00.0,1,9:00,218
7607019834,U,CTY,1,3,1665,T415634691,192,06:00.0,7,8:00,218
7607020999,U,OB,1,1,635,131399,96,20:00.0,3,18:00,218
7607021026,U,OB,1,1,557,131399,96,14:00.0,3,18:00,218
7607021035,U,IB,1,1,674,132013,116,05:00.0,4,5:00,218
7607021080,U,IB,1,1,623,125638,143,42:00.0,4,16:00,218
7607021136,U,IB,1,2,1555,R211600269,123,50:00.0,5,22:00,218
7607021951,U,IB,1,2,1725,126280,116,34:00.0,5,18:00,218
7607022061,U,IB,1,1,590,118791,114,21:00.0,5,3:00,218
7607022501,U,IB,1,1,435,125305,133,14:00.0,7,19:00,218
7607024160,U,CTY,1,1,165,T415634691,192,06:00.0,7,7:00,218
7607024160,U,CTY,1,1,165,T415634691,183,08:00.0,7,7:00,218
760702417X,U,CTY,1,1,99,T415634691,192,33:00.0,7,8:00,218
7607024189,U,CTY,1,4,5221,T415634691,192,04:00.0,7,7:00,218
7607025132,U,OB,1,1,397,119372,84,32:00.0,4,18:00,218
760702604X,U,IB,1,1,1290,128880,113,18:00.0,3,21:00,218
7607026068,U,IB,1,1,137,131285,105,49:00.0,6,21:00,218
7607026095,U,OB,1,3,2027,132227,78,05:00.0,3,20:00,218
7607027341,U,OB,1,1,335,140067,95,16:00.0,6,1:00,218
7607027525,U,IB,1,1,499,R218616870,103,58:00.0,3,21:00,218
7607027552,U,IB,1,1,558,140226,125,48:00.0,7,17:00,218
7607027653,U,IB,1,1,509,390044,111,57:00.0,3,0:00,218
7607043154,U,OB,1,2,1352,252293,84,48:00.0,6,18:00,218
7607044209,U,IB,1,1,460,133871,104,33:00.0,3,23:00,218
7607044795,U,OB,1,1,771,290397,96,10:00.0,5,5:00,218
7607044822,U,OB,1,1,1305,122243,89,56:00.0,6,0:00,218
7607044878,U,IB,1,1,416,530504,105,37:00.0,7,2:00,218
7607047298,U,CTY,1,1,1870,904116,189,09:00.0,7,7:00,218
7607047325,U,IB,1,1,610,559835,145,16:00.0,2,11:00,218
7607050533,U,CTY,1,5,3780,251445,237,17:00.0,3,0:00,218
7607050533,U,CTY,1,5,3780,251445,236,23:00.0,3,3:00,218
7607050616,U,IB,1,4,3080,430399,112,22:00.0,4,15:00,218
7607050652,U,IB,1,3,3070,126280,116,11:00.0,5,18:00,218
760705112X,U,IB,1,6,4725,125675,111,34:00.0,3,18:00,218
7607051175,U,OB,1,4,3305,139634,86,35:00.0,2,9:00,218
7607051193,U,OB,1,3,2297,430917,89,55:00.0,2,12:00,218
7607058251,U,IB,1,4,1155,559146,149,53:00.0,4,21:00,218
760705838X,U,CTY,1,3,1140,137099,197,22:00.0,1,14:00,218
760705838X,U,IB,1,3,1140,530504,105,03:00.0,7,3:00,218
7607059425,U,CTY,1,1,1665,T415634691,192,52:00.0,7,8:00,218
7607062826,U,OB,1,1,55,140067,95,08:00.0,6,0:00,218
7607062862,U,OB,1,1,122,131399,96,18:00.0,3,15:00,218
7607062871,U,IB,1,1,192,133730,117,25:00.0,4,22:00,218
7607063899,U,IB,1,4,2025,130550,164,52:00.0,1,4:00,218
7607063917,U,IB,1,1,435,390044,111,16:00.0,3,3:00,218
7607066712,U,IB,1,6,9345,133855,113,07:00.0,4,0:00,218
7607066786,U,IB,1,1,640,290066,114,44:00.0,3,21:00,218
7607066795,U,IB,1,1,713,133274,129,50:00.0,3,19:00,218
7607066941,U,OB,1,1,1831,137920,90,34:00.0,7,22:00,218
7607123519,U,OB,1,1,1180,140101,88,23:00.0,6,12:00,218
7607125910,U,OB,1,2,258,131399,96,56:00.0,3,16:00,218
7607125939,U,IB,1,1,162,430881,112,43:00.0,4,6:00,218
7607126222,U,IB,1,1,305,131285,105,40:00.0,6,21:00,218
7607126240,U,OB,1,1,403,140101,88,13:00.0,6,12:00,218
7607126608,U,OB,1,1,671,140067,95,13:00.0,6,1:00,218
760713032X,U,CTY,1,2,1471,127512,172,06:00.0,5,1:00,218
7607134885,U,OB,1,2,995,135081,96,49:00.0,7,22:00,218
7607135105,U,IB,1,2,3890,121117,104,34:00.0,3,21:00,218
7607135545,U,OB,1,1,815,126600,96,59:00.0,4,20:00,218
7607135581,U,CTY,1,1,1404,136061,220,13:00.0,5,1:00,218
7607137790,U,IB,1,1,648,121117,104,27:00.0,3,22:00,218
760713780X,U,IB,1,2,392,125675,107,08:00.0,4,11:00,218
7607137828,U,IB,1,4,2367,125675,107,09:00.0,4,11:00,218
7607137855,U,IB,1,2,370,125675,107,08:00.0,4,11:00,218
760713791X,U,OB,1,1,443,131399,96,34:00.0,3,14:00,218
7607137929,U,IB,1,1,824,430881,112,03:00.0,4,4:00,218
7607137992,U,IB,1,1,432,125675,107,08:00.0,4,11:00,218
7607138001,U,CTY,1,1,345,130844,189,51:00.0,3,20:00,218
7607138084,U,IB,1,1,600,125675,107,09:00.0,4,11:00,218
7607138093,U,IB,1,1,600,121117,110,39:00.0,3,21:00,218
7607138093,U,IB,1,1,600,121117,110,39:00.0,3,21:00,218
7607138369,U,OB,1,2,1246,559443,96,11:00.0,7,16:00,218
7607138753,U,IB,1,3,1330,137072,101,01:00.0,5,21:00,218
7607141687,U,IB,1,1,354,123581,111,53:00.0,5,13:00,218
7607143620,U,CTY,1,1,500,123969,173,48:00.0,6,1:00,218
7607144318,U,IB,1,1,192,130842,103,31:00.0,7,15:00,218
760715144X,U,IB,1,1,710,133730,117,40:00.0,4,20:00,218
760715166X,U,IB,1,2,786,T525255364,109,29:00.0,5,4:00,218
760715166X,U,OB,1,2,786,T525255364,95,31:00.0,5,2:00,218
7607157179,U,IB,1,3,1975,T525255364,109,29:00.0,5,4:00,218
7607157179,U,OB,1,3,1975,T525255364,95,43:00.0,5,1:00,218
7607157518,U,IB,1,2,1597,390044,111,46:00.0,3,3:00,218
7607157554,U,IB,1,2,880,390044,111,25:00.0,3,3:00,218
7607158580,U,OB,1,2,1065,126600,96,12:00.0,4,21:00,218
7607174723,U,IB,1,1,318,129569,131,33:00.0,5,0:00,218
7607174788,U,OB,1,6,5220,135935,89,58:00.0,6,15:00,218
7607175915,U,IB,1,1,249,290066,114,09:00.0,3,23:00,218
7607177913,U,IB,1,1,450,290805,127,45:00.0,1,0:00,218
7607178005,U,IB,1,1,190,128880,113,26:00.0,3,20:00,218
760717817X,U,IB,1,2,2435,129558,114,30:00.0,5,18:00,218
7607178335,U,IB,1,1,1680,R218616870,103,50:00.0,3,22:00,218
7607178519,U,IB,1,3,3540,131285,105,50:00.0,6,22:00,218
760717861X,U,OB,1,1,1210,131399,96,02:00.0,3,14:00,218
7607178692,U,IB,1,4,7265,559835,145,49:00.0,2,11:00,218
760717894X,U,IB,1,1,175,136417,101,02:00.0,4,1:00,218
7607180425,U,IB,1,1,575,390229,116,07:00.0,2,12:00,218
7607180755,U,IB,1,1,60,127905,111,23:00.0,6,0:00,218
7607180764,U,IB,1,2,1207,127746,127,23:00.0,5,7:00,218
7607180800,U,CTY,1,1,405,T415634691,192,11:00.0,7,12:00,218
7607181718,U,IB,1,1,247,R218191522,103,47:00.0,5,19:00,218
7607182533,U,IB,1,1,452,530504,105,17:00.0,7,2:00,218
7607182560,U,OB,1,2,1290,252293,84,15:00.0,6,16:00,218
7607182589,U,IB,1,1,70,135159,100,00:00.0,1,7:00,218
7607182589,U,IB,1,1,70,135159,116,42:00.0,1,6:00,218
7607182607,U,IB,1,3,96,531285,164,15:00.0,7,11:00,218
7607182607,U,CTY,1,3,96,531285,238,23:00.0,5,21:00,218
7607182634,U,IB,1,1,2826,430899,105,19:00.0,1,7:00,218
7607182643,U,IB,1,1,2500,430899,105,48:00.0,1,8:00,218
7607182744,U,OB,1,1,134,251445,92,50:00.0,1,6:00,218
7607182771,U,CTY,1,1,580,251445,N23 ,11:00.0,1,5:00,218
7607183927,U,IB,1,1,62,430079,101,26:00.0,3,12:00,218
760718411X,U,IB,1,1,160,129514,127,14:00.0,4,3:00,218
7607184138,U,IB,1,1,159,127048,101,56:00.0,3,20:00,218
7607184183,U,IB,1,1,595,R218616870,103,19:00.0,4,1:00,218
7607184192,U,IB,1,2,349,132013,116,20:00.0,4,3:00,218
7607187566,U,IB,1,1,1013,R218616870,103,15:00.0,4,1:00,218
7607191315,U,IB,1,2,995,559510,112,28:00.0,4,22:00,218
7607191333,U,IB,1,6,3423,HAEI23005,117,45:00.0,7,10:00,218
7607191398,U,OB,1,1,550,131399,96,33:00.0,3,15:00,218
7607191416,U,OB,1,1,816,133456,84,39:00.0,1,8:00,218
7607196595,U,OB,1,1,100,126600,96,42:00.0,4,18:00,218
7607196779,U,IB,1,1,735,135114,125,36:00.0,1,4:00,218
7607197053,U,CTY,1,3,9040,128286,169,10:00.0,5,19:00,218
7607197062,U,IB,1,1,1312,129558,114,06:00.0,5,19:00,218
7607197383,U,IB,1,1,400,430881,112,35:00.0,4,4:00,218
7607197576,U,IB,1,1,401,127048,101,26:00.0,3,21:00,218
7607197686,U,IB,1,1,466,R218191522,103,53:00.0,5,22:00,218
760719775X,U,OB,1,1,164,T525255364,95,34:00.0,5,0:00,218
7607197787,U,IB,1,1,1109,131285,105,54:00.0,6,23:00,218
7607197933,U,IB,1,1,857,129514,127,25:00.0,4,2:00,218
7607198768,U,IB,1,1,256,430399,112,18:00.0,4,13:00,218
7607198813,U,IB,1,1,105,131285,105,19:00.0,6,22:00,218
7607199684,U,IB,1,1,1932,135159,116,55:00.0,1,2:00,218
7607200050,U,IB,1,1,260,133730,117,28:00.0,4,20:00,218
7607202461,U,IB,1,1,753,130550,164,37:00.0,1,3:00,218
7607202526,U,OB,1,1,160,119040,90,30:00.0,6,15:00,218
7607202544,U,IB,1,2,2607,390044,111,02:00.0,3,11:00,218
760720259X,U,OB,1,1,240,559443,96,25:00.0,7,20:00,218
7607204185,U,OB,1,4,5412,135081,96,34:00.0,7,22:00,218
7607208850,U,IB,1,2,6260,211156,103,41:00.0,7,19:00,218
7607208879,U,IB,1,2,1108,140226,125,03:00.0,7,17:00,218
7607208888,U,IB,1,2,1108,140226,125,16:00.0,7,17:00,218
7607208915,U,OB,1,1,545,129593,90,28:00.0,1,6:00,218
7607208933,U,OB,1,2,2220,140067,95,28:00.0,6,0:00,218
7607210271,U,CTY,1,1,365,T415634691,192,17:00.0,7,12:00,218
7607210556,U,OB,1,3,1368,127388,63,49:00.0,2,22:00,218
7607210574,U,OB,1,1,523,252293,84,52:00.0,6,18:00,218
7607217385,U,IB,1,5,7300,133855,113,25:00.0,4,0:00,218
7607323434,U,CTY,1,2,535,290766,173,34:00.0,4,13:00,318
7607323443,U,CTY,1,2,148,290766,173,34:00.0,4,13:00,318
7607323654,U,IB,1,5,463,134553,141,55:00.0,3,16:00,318
7607323800,U,IB,1,1,160,135854,151,55:00.0,6,22:00,318
7607326550,U,CTY,1,4,1240,124058,174,00:00.0,6,21:00,318
7607326743,U,CTY,1,7,845,123975,169,26:00.0,5,15:00,318
7607329035,U,IB,1,1,206,126057,149,41:00.0,5,11:00,318
7607329219,U,CTY,1,2,1000,290766,173,12:00.0,4,14:00,318
7607329814,U,IB,1,1,210,126057,149,36:00.0,5,11:00,318
7607330153,U,IB,1,2,805,134553,141,44:00.0,3,16:00,318
7607331583,U,CTY,1,1,192,140265,188,35:00.0,6,6:00,318
7607339081,U,CTY,1,4,3512,290766,173,37:00.0,4,13:00,318
7607339339,U,OB,1,1,609,128854,86,30:00.0,3,13:00,318
7607339384,U,IB,1,5,4415,134682,116,13:00.0,4,21:00,318
7607341548,U,CTY,1,1,200,132756,189,32:00.0,7,20:00,318
760734383X,U,CTY,1,1,280,290766,173,19:00.0,4,14:00,318
7607343894,U,IB,1,1,240,126057,149,43:00.0,5,14:00,318
7607343903,U,CTY,1,1,362,290766,173,22:00.0,4,14:00,318
7607343986,U,IB,1,1,116,126057,149,39:00.0,5,14:00,318
7607344040,U,CTY,1,1,89,123975,169,53:00.0,5,12:00,318
760734405X,U,CTY,1,1,405,123975,169,10:00.0,5,13:00,318
7607344069,U,IB,1,1,535,126057,149,42:00.0,5,11:00,318
7607344096,U,CTY,1,1,340,123975,169,56:00.0,5,12:00,318
7607344132,U,CTY,1,1,85,281030,189,36:00.0,6,17:00,318
7607344150,U,IB,1,1,240,129798,149,46:00.0,1,2:00,318
7607344179,U,CTY,1,1,42,281030,189,39:00.0,6,17:00,318
7607344215,U,CTY,1,1,275,290766,173,58:00.0,4,12:00,318
7607344251,U,IB,1,1,83,129798,149,48:00.0,1,2:00,318
7607344417,U,IB,1,1,106,261079,151,02:00.0,6,10:00,318
7607344426,U,CTY,1,1,153,125296,196,20:00.0,4,19:00,318
7607346772,U,CTY,1,1,222,135720,169,30:00.0,4,14:00,318
7607350604,U,IB,1,1,611,PASC33311,145,53:00.0,4,8:00,318
7607352813,U,IB,1,1,615,134553,141,22:00.0,3,18:00,318
7607352941,U,CTY,1,1,300,123975,169,20:00.0,5,13:00,318
7607367324,U,CTY,1,4,3841,125296,196,38:00.0,4,22:00,318
7607367416,U,IB,1,3,3358,134553,141,40:00.0,3,16:00,318
7607367425,U,IB,1,1,726,134553,141,48:00.0,3,18:00,318
7607367517,U,CTY,1,2,3836,134568,168,49:00.0,3,21:00,318
7607368608,U,IB,1,2,2201,128503,127,10:00.0,4,21:00,318
7607372512,U,CTY,1,1,325,290766,237,06:00.0,6,19:00,318
7607372512,U,CTY,1,1,325,290766,173,44:00.0,4,12:00,318
7607372512,U,CTY,1,1,325,290766,231,05:00.0,4,20:00,318
7607373017,U,IB,1,1,371,126057,149,06:00.0,5,14:00,318
7607373062,U,CTY,1,1,245,281030,189,49:00.0,6,17:00,318
7607373062,U,CTY,1,1,245,281030,212,28:00.0,7,3:00,318
7607373080,U,CTY,1,1,167,281030,189,28:00.0,6,17:00,318
7607373163,U,IB,1,8,5438,129798,149,51:00.0,1,3:00,318
7607373181,U,CTY,1,1,191,134553,220,13:00.0,5,1:00,318
7607373190,U,CTY,1,1,379,134553,220,13:00.0,5,1:00,318
7607373282,U,IB,1,2,1090,129798,149,57:00.0,1,4:00,318
7607373347,U,CTY,1,1,260,125036,174,57:00.0,5,21:00,318
7607373356,U,IB,1,1,242,134553,141,09:00.0,3,15:00,318
760737342X,U,CTY,1,1,152,125036,174,17:00.0,5,21:00,318
7607373439,U,CTY,1,1,185,124058,174,46:00.0,6,20:00,318
7607373558,U,CTY,1,1,158,135720,169,40:00.0,4,14:00,318
7607373567,U,CTY,1,1,298,290117,188,29:00.0,3,12:00,318
7607373576,U,CTY,1,1,762,134568,168,55:00.0,3,20:00,318
7607373677,U,CTY,1,1,459,121584,196,04:00.0,7,22:00,318
7607373731,U,IB,1,1,579,128503,127,09:00.0,4,16:00,318
7607373960,U,CTY,1,1,187,127578,174,01:00.0,3,21:00,318
7607374099,U,IB,1,1,172,130751,141,18:00.0,1,9:00,318
7607374180,U,IB,1,1,175,130751,141,51:00.0,1,8:00,318
7607374227,U,CTY,1,1,135,124058,194,17:00.0,1,16:00,318
7607374227,U,CTY,1,1,135,124058,174,50:00.0,6,21:00,318
7607374245,U,IB,1,1,365,130751,141,13:00.0,1,9:00,318
760737430X,U,IB,1,9,3301,130751,141,55:00.0,1,8:00,318
7607374391,U,IB,1,1,480,261079,151,13:00.0,6,11:00,318
7607374429,U,CTY,1,2,470,125036,174,32:00.0,5,21:00,318
7607374483,U,CTY,1,1,240,125036,174,00:00.0,6,1:00,318
760737452X,U,CTY,1,1,740,125296,196,02:00.0,4,21:00,318
760737452X,U,CTY,1,1,740,125296,231,11:00.0,4,21:00,318
7607374557,U,CTY,1,1,161,125296,196,09:00.0,4,19:00,318
7607374575,U,IB,1,5,1015,261079,151,53:00.0,6,13:00,318
7607374611,U,IB,1,2,408,261079,151,42:00.0,6,13:00,318
7607374649,U,IB,1,1,206,261079,151,19:00.0,6,14:00,318
7607377289,U,CTY,1,1,1035,134553,_UNK,38:00.0,4,6:00,318
7607377298,U,IB,1,2,2022,134553,141,29:00.0,3,16:00,318
7607377370,U,CTY,1,1,434,140265,188,51:00.0,6,1:00,318
7607377444,U,CTY,1,1,434,140265,188,11:00.0,6,5:00,318
7607378297,U,CTY,1,1,157,132756,189,57:00.0,7,18:00,318
7607378499,U,OB,1,1,172,131883,46,31:00.0,6,7:00,318
7607378580,U,IB,1,2,330,134682,116,44:00.0,4,20:00,318
7607378618,U,CTY,1,1,180,140265,188,29:00.0,6,5:00,318
7607378636,U,CTY,1,1,187,140265,188,07:00.0,6,1:00,318
7607378645,U,CTY,1,1,231,140265,188,25:00.0,6,1:00,318
7607378663,U,CTY,1,1,240,140265,188,26:00.0,6,6:00,318
7607378672,U,CTY,1,1,310,140265,188,59:00.0,6,6:00,318
7607378728,U,CTY,1,1,1145,281030,189,05:00.0,6,18:00,318
7607378728,U,CTY,1,1,1145,281030,212,28:00.0,7,3:00,318
7607378838,U,IB,1,1,252,134553,141,26:00.0,3,15:00,318
7607378856,U,CTY,1,1,347,134553,220,13:00.0,5,1:00,318
7607378883,U,CTY,1,1,190,125036,174,19:00.0,6,0:00,318
7607378910,U,CTY,1,1,165,125296,196,46:00.0,4,19:00,318
7607379635,U,CTY,1,1,170,125036,174,44:00.0,6,0:00,318
7607379680,U,CTY,1,1,142,140265,188,52:00.0,6,6:00,318
7607382156,U,OB,1,1,204,128854,86,04:00.0,3,15:00,318
760738761X,U,IB,1,1,200,128503,127,36:00.0,4,21:00,318
7607390460,U,CTY,1,1,200,125036,174,37:00.0,6,0:00,318
7607390626,U,CTY,1,2,548,123975,169,26:00.0,5,13:00,318
7607390653,U,CTY,1,10,4622,123975,169,01:00.0,5,15:00,318
7607392550,U,CTY,1,4,1765,125036,174,58:00.0,6,0:00,318
7607395933,U,CTY,1,1,570,125036,174,34:00.0,6,0:00,318
7607396712,U,CTY,1,1,1515,125161,195,46:00.0,5,16:00,318
7607397482,U,IB,1,3,4207,126057,149,52:00.0,5,14:00,318
7607397500,U,IB,1,2,4255,126057,149,58:00.0,5,14:00,318
7607409225,U,IB,1,1,23,134553,141,54:00.0,3,15:00,318
7607409234,U,IB,1,1,70,134553,141,50:00.0,3,15:00,318
7607412790,U,CTY,1,1,349,134568,168,19:00.0,3,20:00,318
7607414734,U,CTY,1,2,575,134568,168,13:00.0,3,21:00,318
7607414752,U,CTY,1,1,425,134568,168,18:00.0,3,18:00,318
7607417686,U,CTY,1,1,145,135720,169,37:00.0,4,15:00,318
7607419006,U,IB,1,1,858,134553,141,19:00.0,3,15:00,318
7607422544,U,OB,1,2,725,128854,86,27:00.0,3,14:00,318
7607422966,U,CTY,1,1,495,123975,169,31:00.0,5,13:00,318
7607423058,U,IB,1,2,760,PASC634516,151,51:00.0,7,11:00,318
7607423121,U,CTY,1,3,1420,140265,188,59:00.0,6,7:00,318
7607428017,U,IB,1,2,4096,131662,116,07:00.0,5,4:00,318
7607428053,U,IB,1,3,1895,261079,151,18:00.0,6,13:00,318
7607429501,U,CTY,1,1,101,127578,174,26:00.0,3,20:00,318
7607433966,U,CTY,1,1,154,281030,189,30:00.0,6,18:00,318
7607434002,U,IB,1,1,300,134682,116,54:00.0,4,21:00,318
7607434635,U,IB,1,5,485,135854,151,40:00.0,6,22:00,318
7607439109,U,CTY,1,2,840,132756,189,42:00.0,7,19:00,318
7607441152,U,IB,1,1,308,134553,141,32:00.0,3,18:00,318
7607441244,U,IB,1,1,725,121863,156,35:00.0,1,13:00,318
7607441244,U,CTY,1,1,725,121863,175,58:00.0,1,12:00,318
7607441428,U,CTY,1,1,1460,125296,196,36:00.0,4,19:00,318
7607441821,U,CTY,1,1,1383,134568,168,58:00.0,3,20:00,318
7607442097,U,IB,1,2,1991,135854,151,35:00.0,6,22:00,318
7607442115,U,IB,1,1,499,135854,151,32:00.0,6,23:00,318
7607442133,U,CTY,1,1,180,132756,189,14:00.0,7,20:00,318
7607442160,U,CTY,1,12,6319,131289,194,44:00.0,6,14:00,318
7607442198,U,CTY,1,4,750,131289,194,35:00.0,6,13:00,318
7607442683,U,CTY,1,1,205,PASC634534,172,21:00.0,1,6:00,318
7607444984,U,CTY,1,1,143,290766,173,08:00.0,4,13:00,318
7607447202,U,CTY,1,4,670,PASC634516,173,03:00.0,2,13:00,318
7607454994,U,CTY,1,1,611,134377,196,45:00.0,5,2:00,318
7607455012,U,CTY,1,1,611,134377,196,39:00.0,5,2:00,318
7607455021,U,IB,1,1,611,PASC634013,143,16:00.0,5,17:00,318
7607455077,U,IB,1,1,611,PASC634013,143,27:00.0,5,17:00,318
7607455104,U,CTY,1,2,1140,131978,173,20:00.0,5,11:00,318
7607455113,U,CTY,1,1,611,131978,173,17:00.0,5,12:00,318
7607455122,U,CTY,1,1,611,131978,173,05:00.0,5,9:00,318
7607455131,U,CTY,1,1,611,131978,173,09:00.0,5,12:00,318
7607455360,U,CTY,1,1,611,121863,175,14:00.0,1,11:00,318
7607455425,U,CTY,1,2,1628,127578,174,15:00.0,3,20:00,318
7607455434,U,CTY,1,2,1633,127578,174,55:00.0,3,19:00,318
7607455452,U,IB,1,3,2401,132793,151,59:00.0,7,8:00,318
7607455470,U,IB,1,1,364,PASC634516,151,40:00.0,7,14:00,318
7607455838,U,CTY,1,1,611,127578,174,05:00.0,3,19:00,318
760745592X,U,CTY,1,1,611,127578,174,35:00.0,3,19:00,318
760745592X,U,CTY,1,1,611,127578,216,19:00.0,5,2:00,318
7607455939,U,CTY,1,1,611,127578,174,41:00.0,3,18:00,318
7607456763,U,CTY,1,1,611,136178,188,21:00.0,5,21:00,318
7607456781,U,CTY,1,1,611,PASC634013,197,19:00.0,6,5:00,318
7607456790,U,CTY,1,1,611,135165,189,25:00.0,5,20:00,318
760745680X,U,CTY,1,1,611,PASC634013,197,32:00.0,6,4:00,318
7607456828,U,CTY,1,1,611,PASC634013,197,57:00.0,6,3:00,318
7607456837,U,CTY,1,1,611,136178,188,24:00.0,5,21:00,318
7607456846,U,CTY,1,1,611,PASC634013,197,21:00.0,6,5:00,318
7607457405,U,OB,1,1,302,128854,86,16:00.0,3,15:00,318
7607461219,U,CTY,1,1,280,121863,175,19:00.0,1,11:00,318
7607461282,U,CTY,1,1,355,121863,175,48:00.0,1,9:00,318
7607461291,U,CTY,1,1,305,121863,175,44:00.0,1,10:00,318
7607461329,U,IB,1,1,108,130751,141,29:00.0,1,7:00,318
7607461338,U,IB,1,1,80,130751,141,34:00.0,1,6:00,318
7607461410,U,IB,1,1,255,135956,163,39:00.0,5,15:00,318
7607466499,U,CTY,1,1,220,119363,168,37:00.0,7,8:00,318
7607466508,U,IB,1,1,210,135956,163,31:00.0,5,13:00,318
7607466562,U,CTY,1,2,399,119363,168,04:00.0,7,10:00,318
7607466719,U,CTY,1,1,190,140291,173,45:00.0,7,13:00,318
7607466755,U,CTY,1,1,75,140291,173,47:00.0,7,13:00,318
7607466800,U,CTY,1,1,33,140291,173,40:00.0,7,13:00,318
7607466883,U,CTY,1,1,215,134568,168,14:00.0,3,19:00,318
7607466892,U,CTY,1,1,81,134568,168,24:00.0,3,20:00,318
7607466948,U,CTY,1,1,98,134568,168,16:00.0,3,20:00,318
7607466957,U,IB,1,1,435,135854,151,17:00.0,6,22:00,318
7607467269,U,CTY,1,2,1156,124058,174,12:00.0,6,21:00,318
7607467754,U,IB,1,2,1215,134553,141,25:00.0,3,18:00,318
760746923X,U,IB,1,1,560,261079,151,09:00.0,6,10:00,318
760746923X,U,IB,1,1,560,261079,117,04:00.0,6,13:00,318
7607469431,U,CTY,1,1,120,125296,196,39:00.0,4,22:00,318
7607471806,U,IB,1,1,155,135854,151,54:00.0,6,21:00,318
7607471824,U,IB,1,1,85,135854,151,43:00.0,6,22:00,318
760747187X,U,CTY,1,1,70,132756,189,49:00.0,7,18:00,318
7607524220,U,IB,1,1,130,130708,111,03:00.0,2,7:00,521
7607528391,U,OB,1,1,95,133078,88,34:00.0,4,6:00,521
7607528400,U,CTY,1,5,6375,249390,187,55:00.0,1,13:00,521
7607535707,U,CTY,1,1,950,138630,196,53:00.0,5,7:00,521
7607535990,U,OB,1,1,370,132150,67,57:00.0,2,19:00,521
7607537146,U,OB,1,5,2675,131729,73,21:00.0,5,16:00,521
7607537155,U,IB,1,2,2055,134673,133,29:00.0,4,6:00,521
7607540226,U,OB,1,2,504,136969,17,49:00.0,6,8:00,521
7607542150,U,OB,1,1,152,128416,40,26:00.0,7,15:00,521
760754216X,U,IB,1,1,180,130708,111,44:00.0,2,3:00,521
7607545827,U,IB,1,1,575,127801,111,04:00.0,4,16:00,521
760755349X,U,OB,1,1,310,133078,88,36:00.0,4,6:00,521
7607553554,U,OB,1,1,255,138745,78,09:00.0,7,12:00,521
7607562262,U,OB,1,3,1295,125808,88,09:00.0,7,12:00,521
760756240X,U,OB,1,6,3664,127948,31,22:00.0,1,4:00,521
7607562830,U,OB,1,1,3550,139967,67,14:00.0,7,22:00,521
7607563921,U,IB,1,1,240,291244,113,09:00.0,5,14:00,521
7607574930,U,OB,1,1,15,125279,52,00:00.0,6,13:00,521
7607581018,U,OB,1,1,381,45505,55,19:00.0,6,20:00,521
7607584785,U,OB,1,2,3525,128416,40,17:00.0,7,15:00,521
7607584859,U,CTY,1,1,53,134433,169,56:00.0,2,22:00,521
7607585344,U,OB,1,1,200,135215,67,33:00.0,6,15:00,521
7607585362,U,OB,1,1,81,135215,67,10:00.0,6,16:00,521
7607585811,U,IB,1,1,2188,130948,103,26:00.0,2,11:00,521
7607588745,U,IB,1,1,382,134673,133,00:00.0,4,11:00,521
7607589185,U,OB,1,2,460,124040,32,00:00.0,1,19:00,521
7607589652,U,OB,1,3,2466,121829,60,57:00.0,7,21:00,521
7607589726,U,OB,1,1,200,136511,17,51:00.0,4,22:00,521
7607589735,U,OB,1,1,100,137797,72,44:00.0,4,13:00,521
7607589744,U,OB,1,1,250,136511,17,49:00.0,4,22:00,521
7607589753,U,OB,1,1,350,136511,17,55:00.0,4,22:00,521
7607589771,U,OB,1,1,100,137797,72,17:00.0,4,14:00,521
7607589854,U,OB,1,1,300,137797,72,30:00.0,4,15:00,521
7607589872,U,OB,1,1,200,137797,72,40:00.0,4,13:00,521
7607589973,U,OB,1,1,1011,134428,14,43:00.0,1,4:00,521
7607597224,U,OB,1,4,810,127419,76,07:00.0,5,1:00,521
7607597316,U,OB,1,1,64,125279,52,15:00.0,6,16:00,521
7607597444,U,OB,1,2,362,134752,73,10:00.0,3,2:00,521
7607597509,U,OB,1,1,93,211184,95,21:00.0,2,0:00,521
760759771X,U,OB,1,2,340,211184,95,01:00.0,2,0:00,521
7607597738,U,OB,1,1,196,211184,51,31:00.0,4,18:00,521
7607598232,U,IB,1,1,276,134673,133,39:00.0,4,6:00,521
7607598324,U,OB,1,1,197,125279,52,42:00.0,6,12:00,521
7607598351,U,OB,1,1,93,125279,52,08:00.0,6,16:00,521
7607598360,U,OB,1,1,117,125808,88,42:00.0,7,13:00,521
7607598470,U,OB,1,1,73,137797,72,16:00.0,4,16:00,521
7607598517,U,OB,1,1,205,136511,17,28:00.0,4,19:00,521
760759881X,U,OB,1,1,95,45505,55,06:00.0,6,22:00,521
7607598829,U,OB,1,1,95,45505,55,09:00.0,6,19:00,521
760759892X,U,OB,1,1,100,139942,50,08:00.0,7,19:00,521
7607599507,U,OB,1,1,82,139942,50,49:00.0,7,19:00,521
7607600982,U,OB,1,1,1175,131853,40,39:00.0,5,1:00,521
7607601029,U,OB,1,3,3140,130744,88,54:00.0,5,9:00,521
7607602257,U,OB,1,10,6400,125279,52,59:00.0,6,15:00,521
7607602302,U,OB,1,1,515,125279,52,19:00.0,6,14:00,521
7607602724,U,CTY,1,1,575,138630,196,34:00.0,5,9:00,521
7607602751,U,CTY,1,1,603,138630,196,38:00.0,5,9:00,521
7607602807,U,OB,1,1,575,139942,50,17:00.0,7,20:00,521
7607605950,U,OB,1,1,818,140154,39,49:00.0,6,11:00,521
7607606024,U,OB,1,1,210,211184,95,45:00.0,1,22:00,521
7607606217,U,OB,1,1,140,131853,40,21:00.0,5,0:00,521
7607607692,U,OB,1,1,154,135215,67,44:00.0,6,15:00,521
7607610451,U,OB,1,3,6195,124040,32,18:00.0,1,20:00,521
7607610938,U,OB,1,1,60,137941,88,43:00.0,5,6:00,521
7607610938,U,OB,1,1,60,137941,83,57:00.0,5,8:00,521
7607611744,U,IB,1,3,7500,130708,111,19:00.0,2,6:00,521
7607625934,U,OB,1,1,360,139942,50,47:00.0,7,19:00,521
7607631800,U,OB,1,1,358,138432,46,12:00.0,6,21:00,521
7607632159,U,OB,1,1,762,132233,49,44:00.0,5,16:00,521
7607633423,U,IB,1,1,160,130967,133,01:00.0,5,8:00,521
7607643498,U,OB,1,1,300,126323,72,18:00.0,4,18:00,473
7607645981,U,OB,1,1,725,137797,72,47:00.0,4,14:00,521
7607647274,U,OB,1,1,2260,131011,72,49:00.0,1,21:00,521
7607647375,U,OB,1,1,100,138745,78,01:00.0,7,14:00,521
7607650693,U,OB,1,1,1235,140154,39,41:00.0,6,13:00,521
7607654608,U,OB,1,1,264,118732,46,18:00.0,7,14:00,521
7607656285,U,IB,1,1,240,130948,103,24:00.0,2,9:00,521
7607657962,U,OB,1,1,120,125279,52,52:00.0,6,13:00,521
7607659484,U,OB,1,1,1543,137153,17,56:00.0,5,14:00,521
7607659594,U,OB,1,1,225,134428,14,56:00.0,1,8:00,521
7607661051,U,OB,1,1,50,133078,88,03:00.0,4,8:00,521
7607662519,U,OB,1,1,75,131853,40,22:00.0,5,1:00,521
7607664030,U,OB,1,1,54,140358,26,22:00.0,4,21:00,521
7607664095,U,OB,1,1,77,121628,18,02:00.0,5,22:00,521
7607664315,U,IB,1,1,568,138779,131,08:00.0,5,9:00,521
7607665965,U,OB,1,2,236,133578,76,30:00.0,4,9:00,521
7607665974,U,OB,1,1,146,133578,76,42:00.0,4,9:00,521
7607666167,U,OB,1,2,282,131729,73,51:00.0,5,14:00,521
7607679540,U,OB,1,1,155,125279,52,06:00.0,6,16:00,521
7607689166,U,CTY,1,2,2870,139517,168,31:00.0,1,19:00,521
7607690284,U,CTY,1,1,490,139517,168,47:00.0,1,19:00,521
7607695142,U,OB,1,2,2130,133578,76,55:00.0,4,4:00,521
7607695317,U,OB,1,2,700,140263,74,25:00.0,5,4:00,521
7607695371,U,OB,1,2,946,130948,28,49:00.0,2,8:00,521
7607695371,U,IB,1,2,946,130948,103,32:00.0,2,8:00,521
7607695380,U,OB,1,2,750,139944,89,52:00.0,1,14:00,521
7607698204,U,OB,1,1,908,135215,67,49:00.0,6,14:00,521
7607698819,U,OB,1,7,3318,133251,17,22:00.0,5,13:00,521
7607698846,U,IB,1,1,200,138874,111,41:00.0,2,7:00,521
7607699560,U,OB,1,1,166,136969,17,52:00.0,6,9:00,521
7607700752,U,IB,1,1,708,134703,113,56:00.0,4,18:00,521
7607700761,U,CTY,1,1,665,128712,194,54:00.0,6,9:00,521
7607701504,U,OB,1,1,2500,138745,78,10:00.0,7,13:00,521
7607701540,U,OB,1,1,255,211184,95,30:00.0,2,0:00,521
7607704887,U,OB,1,1,299,133078,88,56:00.0,4,7:00,521
7607705024,U,IB,1,1,215,130967,133,43:00.0,5,6:00,521
7607705033,U,OB,1,2,830,137941,88,50:00.0,5,7:00,521
7607706151,U,OB,1,1,510,135215,67,59:00.0,6,14:00,521
7607714273,U,OB,1,12,3236,131729,73,37:00.0,5,15:00,521
7607714273,U,OB,1,12,3236,131729,1,35:00.0,6,13:00,521
7607714329,U,OB,1,25,2254,131729,73,58:00.0,5,15:00,521
760771497X,U,OB,1,1,1175,135215,67,18:00.0,6,15:00,521
760771508X,U,CTY,1,7,639,291007,176,09:00.0,3,22:00,521
7607718289,U,IB,1,1,738,134703,113,24:00.0,4,18:00,521
7607718435,U,CTY,1,3,805,139517,168,12:00.0,1,19:00,521
7607737263,U,IB,1,1,121,HAEI26012,158,25:00.0,6,17:00,431
760773730X,U,IB,1,1,88,134733,111,38:00.0,6,10:00,431
7607737355,U,IB,1,3,595,HAEI26012,158,11:00.0,6,20:00,431
7607737391,U,OB,1,1,481,138522,89,45:00.0,1,1:00,431
7607737492,U,OB,1,1,622,138522,89,50:00.0,1,1:00,431
7607737703,U,IB,1,2,381,131617,158,00:00.0,4,12:00,431
7607737840,U,IB,1,2,538,126165,149,50:00.0,6,7:00,431
7607737905,U,CTY,1,9,3018,261251,168,01:00.0,6,3:00,431
7607737979,U,CTY,1,1,127,133126,175,00:00.0,7,17:00,431
7607737988,U,CTY,1,1,230,133126,175,02:00.0,7,17:00,431
7607738006,U,CTY,1,1,247,139509,196,29:00.0,4,12:00,431
7607738208,U,CTY,1,7,2745,126551,212,48:00.0,4,13:00,431
7607739270,U,IB,1,2,363,135982,145,20:00.0,4,15:00,431
7607739344,U,OB,1,3,740,HAEI26237,67,55:00.0,5,16:00,431
7607739371,U,CTY,1,1,525,124330,175,39:00.0,6,16:00,431
7607739546,U,CTY,1,2,416,530503,187,23:00.0,7,8:00,431
7607739591,U,CTY,1,2,595,124330,175,17:00.0,6,16:00,431
7607739629,U,CTY,1,1,347,124330,175,48:00.0,6,16:00,431
7607739647,U,CTY,1,1,450,124330,175,43:00.0,6,16:00,431
7607739665,U,CTY,1,6,1366,124330,175,45:00.0,6,16:00,431
7607739674,U,CTY,1,1,391,530503,187,34:00.0,7,8:00,431
7607739739,U,CTY,1,3,634,124330,175,39:00.0,6,16:00,431
7607739766,U,CTY,1,2,373,124330,175,24:00.0,6,16:00,431
7607739784,U,CTY,1,2,350,530503,187,08:00.0,7,8:00,431
7607835008,U,OB,1,1,6,202022,58,13:00.0,1,19:00,402
7607835154,U,OB,1,1,6,128751,32,45:00.0,3,11:00,402
7607835163,U,CTY,1,1,25,134389,187,13:00.0,5,16:00,402
7607836620,U,OB,1,3,371,202206,39,59:00.0,3,7:00,402
7607837940,U,OB,1,1,500,130930,52,40:00.0,3,4:00,411
7607840627,U,OB,1,1,300,136207,18,15:00.0,5,3:00,402
7607841534,U,OB,1,1,270,131416,84,15:00.0,1,6:00,402
7607845265,U,OB,1,1,574,137007,39,32:00.0,7,6:00,402
7607855174,U,OB,1,1,312,127285,38,47:00.0,1,1:00,402
7607860050,U,OB,1,3,120,126947,53,20:00.0,5,12:00,402
7607860106,U,OB,1,6,24,126947,53,19:00.0,5,12:00,402
7607860115,U,OB,1,6,790,202347,60,24:00.0,4,15:00,402
7607860124,U,IB,1,1,150,138351,149,07:00.0,4,10:00,402
7607869712,U,OB,1,1,205,202206,39,53:00.0,3,8:00,402
7607871739,U,CTY,1,1,150,137041,169,46:00.0,7,3:00,402
7607884140,U,OB,1,2,1120,127525,50,26:00.0,1,4:00,402
7607884333,U,OB,1,2,1054,127525,50,27:00.0,1,6:00,402
7607884407,U,OB,1,2,900,249172,60,11:00.0,5,12:00,402
760788448X,U,OB,1,1,428,124272,73,58:00.0,3,18:00,402
7607884517,U,OB,1,1,151,134124,39,58:00.0,4,9:00,402
760788459X,U,OB,1,1,320,128206,58,01:00.0,4,0:00,402
7607887588,U,OB,1,1,387,136884,52,59:00.0,5,18:00,402
7607887606,U,IB,1,2,373,129832,123,36:00.0,6,17:00,402
7607887633,U,OB,1,1,356,128910,40,55:00.0,1,3:00,402
760788921X,U,OB,1,4,6860,139865,78,12:00.0,3,15:00,402
7607894994,U,IB,1,2,376,129832,123,51:00.0,6,17:00,402
7607895059,U,OB,1,2,318,249085,32,33:00.0,4,5:00,402
7607895205,U,OB,1,5,4680,128260,58,29:00.0,4,15:00,402
7607895223,U,OB,1,2,355,249172,60,24:00.0,5,13:00,402
7607895250,U,OB,1,1,610,134132,76,28:00.0,5,12:00,402
760789526X,U,OB,1,1,1170,137352,67,06:00.0,7,1:00,402
7607895279,U,OB,1,1,465,137352,67,12:00.0,7,1:00,402
7607898752,U,OB,1,7,4248,127322,66,24:00.0,6,17:00,402
7607901502,U,IB,1,4,2240,139614,105,42:00.0,3,18:00,402
7607909532,U,OB,1,1,1235,134629,74,26:00.0,6,10:00,402
7607909689,U,OB,1,1,465,140184,38,25:00.0,5,19:00,402
7607912365,U,OB,1,1,393,124473,58,13:00.0,5,20:00,402
7607913236,U,OB,1,6,1970,136550,17,25:00.0,3,12:00,402
7607913941,U,OB,1,1,125,128622,63,50:00.0,4,15:00,402
7607915133,U,OB,1,1,17,139865,78,02:00.0,3,16:00,402
7607915739,U,IB,1,2,1160,140342,111,16:00.0,7,11:00,402
7607919259,U,OB,1,1,634,132412,26,38:00.0,4,15:00,402
7607919313,U,OB,1,13,6710,136746,22,56:00.0,3,13:00,402
7607919322,U,OB,1,1,585,133016,39,58:00.0,3,3:00,402
7607919699,U,OB,1,1,170,261094,60,32:00.0,6,16:00,402
7607919699,U,IB,1,1,170,261094,137,13:00.0,7,1:00,402
7607921706,U,CTY,1,1,550,140178,169,49:00.0,4,15:00,402
7607921980,U,OB,1,2,225,136550,17,44:00.0,3,12:00,402
760792430X,U,OB,1,1,255,126714,39,10:00.0,3,15:00,402
7607924438,U,OB,1,1,283,132377,52,32:00.0,6,3:00,402
7607928214,U,CTY,1,1,507,123824,169,09:00.0,4,0:00,402
7607930295,U,OB,1,1,46,119711,52,43:00.0,6,14:00,402
7607932578,U,OB,1,1,313,119743,95,46:00.0,6,12:00,402
7607932733,U,CTY,1,4,5815,126812,216,36:00.0,2,9:00,402
760793838X,U,OB,1,1,225,139461,86,15:00.0,3,19:00,402
7607939773,U,IB,1,1,400,139614,105,06:00.0,3,15:00,402
7607939782,U,IB,1,1,400,139614,105,50:00.0,3,15:00,402
7607939791,U,OB,1,1,400,139865,78,40:00.0,3,13:00,402
7607939800,U,OB,1,1,400,126714,39,38:00.0,3,16:00,402
7607939838,U,OB,1,1,400,126714,39,03:00.0,3,15:00,402
7607939883,U,IB,1,1,400,139614,105,26:00.0,3,16:00,402
7607941304,U,OB,1,1,250,559206,40,27:00.0,5,21:00,402
7607943100,U,OB,1,1,710,119711,52,11:00.0,6,18:00,402
7607943192,U,OB,1,1,855,560490,72,54:00.0,7,7:00,402
7607949040,U,CTY,1,1,300,136632,174,32:00.0,4,12:00,402
7607953404,U,OB,1,1,100,137332,26,43:00.0,6,18:00,402
760795345X,U,OB,1,1,566,290056,76,52:00.0,4,1:00,402
7607957575,U,OB,1,1,522,131995,66,37:00.0,7,18:00,402
7607957676,U,OB,1,8,3795,122959,43,43:00.0,4,7:00,402
760795972X,U,IB,1,1,834,125262,150,19:00.0,5,16:00,402
7607959784,U,OB,1,1,115,131372,46,35:00.0,6,22:00,402
7607961627,U,OB,1,1,435,135412,89,08:00.0,1,19:00,402
7607961654,U,CTY,1,2,1790,140178,169,54:00.0,4,15:00,402
7607962745,U,OB,1,2,5209,127322,66,20:00.0,6,16:00,402
7607962754,U,IB,1,11,18850,125003,113,50:00.0,6,6:00,402
7607963048,U,IB,1,4,6880,134263,152,38:00.0,4,2:00,402
7607963304,U,CTY,1,5,8504,134151,196,13:00.0,3,7:00,402
7607963340,U,IB,1,6,8827,431022,103,26:00.0,4,0:00,402
7607963589,U,CTY,1,1,250,252236,187,30:00.0,4,5:00,402
7607964532,U,OB,1,1,600,119711,52,22:00.0,6,18:00,402
7607964853,U,OB,1,6,6855,128910,40,44:00.0,1,7:00,402
7607964918,U,OB,1,1,949,119711,52,48:00.0,6,14:00,402
7607964945,U,OB,1,1,1146,121942,50,48:00.0,6,16:00,402
760796720X,U,OB,1,4,5738,128622,63,15:00.0,4,15:00,402
7607967246,U,IB,1,4,7105,140342,111,26:00.0,7,10:00,402
7607969354,U,IB,1,4,255,126710,163,46:00.0,7,21:00,402
7607969363,U,OB,1,3,129,119711,52,29:00.0,6,16:00,402
7607971004,U,OB,1,1,355,134221,76,50:00.0,7,4:00,402
7607977027,U,OB,1,4,10692,126714,39,38:00.0,3,15:00,402
7607977119,U,OB,1,2,5356,119186,55,39:00.0,7,3:00,402
7607977200,U,IB,1,6,11143,128440,141,51:00.0,7,10:00,402
7607977200,U,CTY,1,6,11143,128440,186,00:00.0,7,11:00,402
760797721X,U,IB,1,4,5073,128440,141,19:00.0,7,12:00,402
7607977301,U,CTY,1,7,11850,558556,194,17:00.0,1,3:00,402
7607985524,U,OB,1,3,130,132433,38,43:00.0,3,22:00,402
7607985524,U,CTY,1,3,130,132433,O1  ,28:00.0,4,16:00,402
7607985780,U,OB,1,1,150,128622,63,23:00.0,4,14:00,402
7607985845,U,OB,1,3,11,136484,17,59:00.0,4,9:00,402
7607994297,U,OB,1,1,368,249085,32,37:00.0,4,4:00,402
7607998129,U,OB,1,1,38,128751,32,19:00.0,3,15:00,402
7607999898,U,OB,1,1,3705,124473,58,54:00.0,5,16:00,402
7608000118,U,OB,1,1,3650,132377,52,38:00.0,6,5:00,402
7608000338,U,OB,1,2,6205,128622,63,50:00.0,4,14:00,402
7608011888,U,OB,1,1,406,135509,52,14:00.0,5,15:00,411
7608011942,U,OB,1,1,390,291008,88,26:00.0,7,13:00,411
7608012950,U,OB,1,1,195,132336,53,33:00.0,6,0:00,754
7608013152,U,OB,1,1,1130,129663,22,15:00.0,6,16:00,754
7608014234,U,OB,1,1,89,138485,49,10:00.0,1,19:00,754
760801428X,U,OB,1,3,883,125746,46,00:00.0,6,5:00,754
7608014436,U,OB,1,1,532,130731,49,21:00.0,2,16:00,754
7608014629,U,IB,1,2,1242,132333,125,07:00.0,3,16:00,754
7608014692,U,OB,1,1,1470,261236,48,51:00.0,4,19:00,754
7608015765,U,OB,1,1,255,137272,39,06:00.0,3,21:00,754
7608015848,U,OB,1,1,241,261236,48,38:00.0,4,20:00,754
7608015857,U,OB,1,1,200,137272,39,39:00.0,3,22:00,754
7608015920,U,OB,1,1,285,261236,48,45:00.0,4,20:00,754
7608016562,U,OB,1,1,560,133341,46,12:00.0,4,2:00,754
7608016636,U,OB,1,1,320,131897,26,14:00.0,6,21:00,754
7608017608,U,OB,1,1,257,202455,43,03:00.0,5,3:00,754
7608020349,U,OB,1,1,615,131369,18,58:00.0,6,13:00,754
7608020412,U,OB,1,1,450,129663,22,05:00.0,6,17:00,754
7608020421,U,OB,1,1,300,129663,22,25:00.0,6,16:00,754
7608022008,U,OB,1,1,2062,132601,49,04:00.0,7,5:00,754
7608022053,U,OB,1,1,550,132124,32,48:00.0,1,21:00,754
7608025820,U,OB,1,2,2640,290210,38,05:00.0,7,14:00,754
760802583X,U,OB,1,6,10340,137272,39,59:00.0,3,21:00,754
7608025849,U,OB,1,2,1015,137272,39,32:00.0,3,22:00,754
760803166X,U,OB,1,1,1008,129663,40,06:00.0,4,19:00,754
7608031751,U,OB,1,3,5395,138401,39,48:00.0,5,1:00,754
7608031825,U,OB,1,1,122,137432,17,12:00.0,7,8:00,754
760803188X,U,OB,1,1,450,138485,49,38:00.0,1,18:00,754
7608031908,U,OB,1,1,144,138485,49,05:00.0,1,19:00,754
7608034373,U,OB,1,1,1500,129663,40,44:00.0,4,20:00,754
7608034703,U,OB,1,3,703,122740,26,21:00.0,7,3:00,754
7608034712,U,OB,1,1,240,132601,49,59:00.0,7,4:00,754
7608034777,U,OB,1,2,745,122740,26,31:00.0,7,1:00,754
7608035758,U,OB,1,1,281,290210,38,32:00.0,7,14:00,754
7608035859,U,OB,1,1,2016,132124,29,59:00.0,1,18:00,754
7608035859,U,OB,1,1,2016,132124,32,58:00.0,1,18:00,754
7608035868,U,OB,1,3,1560,138485,49,50:00.0,1,16:00,754
7608035895,U,OB,1,1,1200,132124,32,52:00.0,1,18:00,754
7608036225,U,OB,1,2,706,129663,22,14:00.0,6,18:00,754
7608036243,U,OB,1,1,293,133902,49,23:00.0,1,6:00,754
7608036270,U,OB,1,1,150,139779,50,40:00.0,5,6:00,754
7608036299,U,OB,1,1,250,129663,22,01:00.0,6,18:00,754
7608036436,U,OB,1,1,505,139779,50,10:00.0,5,6:00,754
7608036445,U,OB,1,1,411,122740,26,07:00.0,7,2:00,754
7608036546,U,OB,1,3,491,137579,39,01:00.0,5,1:00,754
760803661X,U,OB,1,1,193,138485,49,54:00.0,1,18:00,754
7608036701,U,OB,1,1,647,138485,49,46:00.0,1,18:00,754
7608036710,U,OB,1,1,309,138485,49,51:00.0,1,18:00,754
7608036820,U,OB,1,1,1045,129944,49,09:00.0,7,0:00,754
760803683X,U,OB,1,1,595,129944,49,59:00.0,6,22:00,754
7608039049,U,OB,1,1,381,137593,53,05:00.0,4,4:00,754
7608041633,U,OB,1,2,304,131897,26,12:00.0,6,20:00,754
7608041642,U,OB,1,1,300,131897,26,06:00.0,6,21:00,754
7608044484,U,OB,1,1,51,127017,53,13:00.0,5,2:00,754
7608044520,U,OB,1,1,1075,131440,14,49:00.0,6,18:00,754
760804453X,U,OB,1,1,500,132601,49,01:00.0,7,6:00,754
7608047216,U,OB,1,1,540,122423,14,25:00.0,6,2:00,754
7608047225,U,OB,1,1,205,122423,14,12:00.0,6,4:00,754
7608047234,U,OB,1,1,386,122423,14,40:00.0,6,8:00,754
7608047252,U,OB,1,1,364,122423,14,42:00.0,6,8:00,754
7608047638,U,OB,1,1,48,125746,46,03:00.0,6,5:00,754
7608047867,U,OB,1,1,150,125746,46,32:00.0,6,1:00,754
7608047930,U,OB,1,1,6,125746,46,51:00.0,6,4:00,754
7608059251,U,OB,1,1,1587,137593,53,38:00.0,4,4:00,754
7608059352,U,OB,1,1,153,132601,49,12:00.0,7,6:00,754
7608059399,U,OB,1,1,92,122423,14,42:00.0,6,0:00,754
760805949X,U,OB,1,1,187,133906,31,05:00.0,3,20:00,754
7608059518,U,OB,1,1,144,133906,31,11:00.0,3,20:00,754
7608059536,U,OB,1,1,236,133341,46,49:00.0,4,3:00,754
7608059545,U,OB,1,1,403,122740,26,26:00.0,7,3:00,754
7608059637,U,OB,1,1,121,135960,36,55:00.0,1,12:00,754
7608059637,U,OB,1,1,121,135960,36,55:00.0,1,12:00,754
7608062230,U,OB,1,1,1221,135960,38,52:00.0,1,11:00,754
7608062259,U,OB,1,1,1010,135960,38,07:00.0,1,11:00,754
7608062277,U,OB,1,1,3000,135960,38,45:00.0,1,12:00,754
760806730X,U,OB,1,4,1688,133624,31,45:00.0,3,23:00,754
7608067364,U,OB,1,2,5300,129663,22,38:00.0,6,17:00,754
7608070756,U,OB,1,2,580,130731,49,56:00.0,2,17:00,754
7608072240,U,OB,1,2,3400,133902,49,31:00.0,1,4:00,754
760807225X,U,OB,1,1,400,133828,51,51:00.0,4,1:00,754
7608072406,U,OB,1,1,255,137432,17,59:00.0,7,10:00,754
7608074606,U,OB,1,1,660,129944,49,42:00.0,6,22:00,754
7608074651,U,OB,1,1,760,290982,39,55:00.0,5,6:00,754
7608075468,U,OB,1,1,925,136393,55,07:00.0,2,16:00,754
7608075486,U,OB,1,1,755,136393,55,01:00.0,2,15:00,754
7608075596,U,OB,1,1,1695,138401,39,28:00.0,5,3:00,754
7608075641,U,OB,1,4,2227,276230,38,56:00.0,5,18:00,754
7608076467,U,OB,1,1,2340,125746,46,00:00.0,6,2:00,754
760807654X,U,OB,1,1,2009,137593,53,14:00.0,4,4:00,754
7608076696,U,OB,1,5,12224,133341,46,47:00.0,4,4:00,754
7608077329,U,OB,1,1,468,261236,48,46:00.0,4,19:00,754
760807742X,U,OB,1,1,47,129663,22,15:00.0,6,16:00,754
7608077466,U,OB,1,1,149,133828,51,36:00.0,4,1:00,754
7608077520,U,OB,1,1,80,119711,52,22:00.0,6,16:00,754
7608077585,U,OB,1,1,180,119711,52,54:00.0,6,15:00,754
7608077659,U,OB,1,1,199,139779,50,26:00.0,5,7:00,754
760807775X,U,OB,1,1,326,135960,38,20:00.0,1,14:00,754
7608077787,U,OB,1,5,919,133341,46,19:00.0,4,4:00,754
7608077832,U,OB,1,1,179,133341,46,28:00.0,4,4:00,754
7608077850,U,OB,1,1,115,122423,14,47:00.0,6,8:00,754
760807786X,U,OB,1,1,120,122423,14,30:00.0,6,8:00,754
7608078061,U,OB,1,1,968,131440,14,15:00.0,6,19:00,754
7608078777,U,OB,1,1,860,138485,49,23:00.0,1,19:00,754
7608082636,U,OB,1,1,519,131897,26,17:00.0,6,17:00,754
7608082663,U,OB,1,1,25,131897,26,46:00.0,6,17:00,754
7608082737,U,OB,1,1,217,132336,53,36:00.0,6,0:00,754
7608082764,U,OB,1,1,148,132336,53,39:00.0,6,0:00,754
760808446X,U,OB,1,1,525,139779,50,25:00.0,5,3:00,754
7608084515,U,OB,1,1,300,137579,39,55:00.0,4,22:00,754
7608085431,U,OB,1,3,4325,129663,40,36:00.0,4,20:00,754
7608086248,U,OB,1,4,3545,134948,40,46:00.0,4,1:00,754
760809106X,U,OB,1,1,119,137579,39,26:00.0,4,22:00,754
7608091115,U,OB,1,2,2185,124169,31,52:00.0,7,3:00,754
7608091481,U,OB,1,4,4315,134898,50,23:00.0,4,4:00,754
760809150X,U,OB,1,4,8250,122740,26,41:00.0,7,3:00,754
7608091546,U,OB,1,2,4060,133906,31,54:00.0,3,21:00,754
7608091573,U,OB,1,5,7336,137579,39,13:00.0,5,0:00,754
7608091710,U,OB,1,5,7880,122423,14,26:00.0,6,8:00,754
7608091748,U,OB,1,4,8475,134948,40,51:00.0,3,23:00,754
7608091766,U,OB,1,2,4360,290982,39,51:00.0,5,7:00,754
7608092417,U,OB,1,1,2000,133624,31,13:00.0,3,21:00,754
7608092426,U,OB,1,1,3500,133624,31,30:00.0,3,22:00,754
760809271X,U,OB,1,1,300,133341,46,07:00.0,4,2:00,754
7608092729,U,OB,1,1,755,133906,31,13:00.0,3,21:00,754
7608092765,U,OB,1,1,575,127017,53,38:00.0,5,1:00,754
7608092783,U,OB,1,1,107,137579,39,37:00.0,4,22:00,754
7608092801,U,OB,1,4,6480,121942,50,13:00.0,6,20:00,754
7608092839,U,CTY,1,1,525,127068,173,35:00.0,7,9:00,754
7608092920,U,OB,1,1,610,130863,38,35:00.0,4,0:00,754
7608098723,U,OB,1,1,405,132336,53,13:00.0,6,3:00,754
760809876X,U,OB,1,1,553,137579,39,59:00.0,4,22:00,754
7608098779,U,OB,1,1,163,127017,53,49:00.0,5,1:00,754
7608098806,U,OB,1,4,3465,133906,31,31:00.0,3,21:00,754
7608098889,U,OB,1,1,439,139779,50,05:00.0,5,8:00,754
7608098925,U,OB,1,2,2785,133107,39,46:00.0,2,13:00,754
7608099163,U,OB,1,2,385,133902,49,18:00.0,1,4:00,754
7608100786,U,OB,1,3,4645,129944,49,30:00.0,6,22:00,754
7608104068,U,OB,1,1,660,130731,49,56:00.0,2,16:00,754
7608104288,U,OB,1,1,584,130731,49,46:00.0,2,16:00,754
7608107761,U,OB,1,1,495,261236,48,22:00.0,4,20:00,754
7608107799,U,OB,1,1,515,261236,48,25:00.0,4,20:00,754
7608107871,U,OB,1,1,415,276230,38,31:00.0,5,18:00,754
760810789X,U,OB,1,1,420,131369,18,52:00.0,6,15:00,754
7608107918,U,OB,1,1,1005,276230,38,09:00.0,5,18:00,754
7608107936,U,OB,1,1,250,276230,38,15:00.0,5,18:00,754
7608108082,U,OB,1,1,256,122423,14,28:00.0,6,4:00,754
760810811X,U,OB,1,1,1920,122423,14,12:00.0,6,2:00,754
7608108156,U,OB,1,1,740,122423,14,16:00.0,6,2:00,754
7608108165,U,OB,1,1,1220,122423,14,05:00.0,6,3:00,754
7608108174,U,OB,1,1,340,122423,14,47:00.0,6,1:00,754
7608108239,U,OB,1,1,1035,122423,14,08:00.0,6,3:00,754
7608108293,U,OB,1,1,230,122423,14,13:00.0,6,9:00,754
7608108311,U,OB,1,1,1410,119743,95,10:00.0,6,13:00,754
7608108412,U,OB,1,1,663,122423,14,15:00.0,6,9:00,754
7608108430,U,OB,1,1,177,130863,38,52:00.0,4,1:00,754
7608109200,U,OB,1,1,335,130731,49,29:00.0,2,17:00,754
760810921X,U,OB,1,1,250,130731,49,37:00.0,2,17:00,754
7608109256,U,OB,1,1,273,130731,49,41:00.0,2,17:00,754
7608109357,U,OB,1,1,265,130731,49,35:00.0,2,16:00,754
7608109622,U,OB,1,1,320,276230,38,33:00.0,5,19:00,754
760810965X,U,OB,1,1,580,276230,38,28:00.0,5,17:00,754
7608109669,U,OB,1,1,515,276230,38,03:00.0,5,17:00,754
7608109678,U,OB,1,2,1765,131369,18,48:00.0,6,15:00,754
7608109696,U,OB,1,1,570,131369,18,29:00.0,6,14:00,754
7608109714,U,OB,1,1,127,133828,51,52:00.0,4,3:00,754
7608109741,U,OB,1,1,623,133828,51,00:00.0,4,4:00,754
7608109750,U,OB,1,1,548,133828,51,17:00.0,4,4:00,754
7608110181,U,OB,1,2,1710,137272,39,23:00.0,3,22:00,754
7608110567,U,OB,1,1,1050,133902,49,04:00.0,1,6:00,754
7608110668,U,OB,1,1,270,133828,51,09:00.0,4,3:00,754
7608110677,U,OB,1,1,530,133902,49,45:00.0,1,6:00,754
760811130X,U,CTY,1,1,215,137313,188,15:00.0,6,19:00,754
7608111373,U,CTY,1,1,1389,137313,188,13:00.0,6,19:00,754
7608111456,U,OB,1,1,625,133828,51,14:00.0,4,3:00,754
7608111465,U,OB,1,1,260,133828,51,23:00.0,4,3:00,754
7608114480,U,OB,1,4,6310,124169,31,30:00.0,7,4:00,754
7608114527,U,OB,1,2,1155,124169,31,41:00.0,7,4:00,754
7608114554,U,OB,1,1,310,125746,46,14:00.0,6,4:00,754
7608118954,U,OB,1,2,600,132601,49,54:00.0,7,6:00,754
7608118990,U,OB,1,5,12580,132124,27,50:00.0,1,21:00,754
7608118990,U,OB,1,5,12580,132124,27,50:00.0,1,21:00,754
760811900X,U,OB,1,6,2370,129663,40,05:00.0,4,21:00,754
7608119239,U,OB,1,1,680,135960,38,09:00.0,1,13:00,754
7608119275,U,OB,1,3,3315,139779,50,21:00.0,5,4:00,754
7608119320,U,OB,1,6,5495,290935,38,54:00.0,6,17:00,754
7608119358,U,OB,1,1,1195,261236,48,56:00.0,4,19:00,754
760811944X,U,OB,1,1,855,130731,49,08:00.0,2,16:00,754
7608119706,U,OB,1,6,6885,132601,49,05:00.0,7,6:00,754
7608119724,U,OB,1,2,1402,132124,32,57:00.0,1,18:00,754
7608119917,U,OB,1,6,5250,127017,53,45:00.0,5,6:00,754
7608119944,U,OB,1,1,401,133341,46,14:00.0,4,3:00,754
7608120137,U,OB,1,4,4445,125746,46,41:00.0,6,1:00,754
7608122979,U,IB,1,1,244,261406,163,47:00.0,7,6:00,754
7608123051,U,IB,1,1,110,132333,125,31:00.0,3,15:00,754
7608123116,U,OB,1,1,250,129663,22,09:00.0,6,16:00,754
7608123473,U,OB,1,1,175,122423,14,49:00.0,6,1:00,754
7608123684,U,OB,1,1,180,202455,43,32:00.0,5,2:00,754
7608123978,U,OB,1,1,195,125746,46,53:00.0,6,1:00,754
7608123987,U,OB,1,2,330,132336,53,10:00.0,6,3:00,754
7608125958,U,OB,1,3,2135,290935,38,59:00.0,6,21:00,754
7608126059,U,OB,1,5,5943,137432,17,44:00.0,7,8:00,754
7608127974,U,OB,1,1,218,261236,48,26:00.0,4,20:00,754
7608128048,U,OB,1,1,1145,133107,39,16:00.0,2,14:00,754
7608130962,U,OB,1,1,352,133906,31,48:00.0,3,19:00,754
7608131678,U,OB,1,1,600,130863,38,01:00.0,4,2:00,754
7608131687,U,OB,1,1,575,132124,32,23:00.0,1,18:00,754
7608140321,U,OB,1,1,1780,132601,49,43:00.0,7,4:00,754
7608140330,U,OB,1,1,1780,122423,14,07:00.0,6,2:00,754
7608140413,U,OB,1,1,345,133341,46,32:00.0,4,4:00,754
7608140597,U,OB,1,1,2406,133828,51,25:00.0,4,1:00,754
7608140624,U,OB,1,1,345,133828,51,12:00.0,4,3:00,754
7608140981,U,OB,1,1,165,131897,26,58:00.0,6,19:00,754
7608141430,U,OB,1,1,625,133828,51,03:00.0,4,1:00,754
7608142191,U,OB,1,1,210,290982,39,02:00.0,5,7:00,754
7608142420,U,OB,1,1,40,122423,14,51:00.0,6,3:00,754
7608142970,U,OB,1,1,1936,290935,38,34:00.0,6,19:00,754
760814298X,U,OB,1,1,816,129663,22,05:00.0,6,18:00,754
7608142999,U,OB,1,1,255,133902,49,43:00.0,1,3:00,754
7608145134,U,OB,1,6,2100,133107,39,34:00.0,2,14:00,754
7608148297,U,OB,1,1,100,125746,46,29:00.0,6,0:00,754
760814848X,U,CTY,1,2,910,136079,196,53:00.0,7,16:00,754
7608148508,U,CTY,1,9,745,136079,196,30:00.0,7,16:00,754
7608148681,U,OB,1,1,526,137593,53,59:00.0,4,3:00,754
7608164595,U,OB,1,1,1000,133828,51,29:00.0,4,1:00,754
760816850X,U,CTY,1,1,280,125720,235,01:00.0,3,19:00,754
760816850X,U,CTY,1,1,280,125720,237,01:00.0,3,1:00,754
7608168519,U,CTY,1,1,254,125720,237,01:00.0,3,1:00,754
7608168519,U,CTY,1,1,254,125720,235,51:00.0,3,18:00,754
7608169004,U,OB,1,1,719,261236,48,13:00.0,4,20:00,754
7608169197,U,OB,1,1,161,137272,39,46:00.0,3,22:00,754
7608170279,U,OB,1,1,285,129663,22,13:00.0,6,17:00,754
7608170324,U,OB,1,1,500,137579,39,21:00.0,5,1:00,754
7608170333,U,OB,1,1,765,124169,31,35:00.0,7,3:00,754
7608170690,U,OB,1,3,1191,290982,39,42:00.0,5,7:00,754
7608170847,U,OB,1,1,207,134898,50,07:00.0,4,1:00,754
7608170874,U,OB,1,1,415,125746,46,41:00.0,6,4:00,754
7608170975,U,OB,1,3,1597,130863,38,47:00.0,4,0:00,754
7608171002,U,OB,1,1,429,132601,49,44:00.0,7,4:00,754
7608171067,U,OB,1,1,1658,124169,31,15:00.0,7,4:00,754
7608171103,U,OB,1,1,870,127017,53,24:00.0,5,3:00,754
7608171112,U,OB,1,3,1650,127017,53,53:00.0,5,2:00,754
7608171177,U,OB,1,3,8930,133906,31,23:00.0,3,21:00,754
7608174486,U,OB,1,1,100,133828,51,04:00.0,4,3:00,754
7608174623,U,CTY,1,1,553,138485,199,24:00.0,1,18:00,754
7608174623,U,CTY,1,1,553,138485,199,24:00.0,1,18:00,754
7608176273,U,OB,1,2,920,133624,31,35:00.0,3,22:00,754
7608176329,U,OB,1,1,270,125319,31,10:00.0,1,9:00,754
7608176365,U,OB,1,1,366,290982,39,50:00.0,5,7:00,754
7608176392,U,OB,1,1,2946,125746,46,15:00.0,6,2:00,754
7608176960,U,OB,1,1,2314,133902,49,12:00.0,1,4:00,754
7608176998,U,OB,1,2,1277,137579,39,24:00.0,5,0:00,754
7608177007,U,OB,1,1,499,122423,14,18:00.0,6,8:00,754
7608177025,U,OB,1,2,1166,132601,49,32:00.0,7,6:00,754
7608177034,U,OB,1,1,773,138485,49,16:00.0,1,19:00,754
7608177043,U,OB,1,1,395,137593,53,37:00.0,4,4:00,754
7608179977,U,OB,1,2,1848,136393,55,16:00.0,2,15:00,754
7608179986,U,OB,1,2,452,133624,31,48:00.0,3,22:00,754
7608180078,U,OB,1,1,337,135019,32,51:00.0,5,4:00,754
7608180114,U,OB,1,2,2330,138217,53,35:00.0,6,5:00,754
7608180123,U,OB,1,2,452,132336,53,28:00.0,6,2:00,754
7608183809,U,OB,1,1,301,131440,14,28:00.0,6,19:00,754
7608185697,U,OB,1,1,180,290935,38,02:00.0,6,19:00,754
7608192737,U,OB,1,5,1590,135960,38,04:00.0,1,12:00,754
7608192746,U,OB,1,3,965,135960,38,44:00.0,1,11:00,754
7608192874,U,OB,1,4,370,127017,53,34:00.0,5,5:00,754
7608192910,U,OB,1,3,1626,138485,49,48:00.0,1,21:00,754
7608193186,U,OB,1,1,177,126714,39,39:00.0,3,16:00,754
7608195505,U,OB,1,2,2538,133828,51,59:00.0,4,0:00,754
7608196037,U,OB,1,2,905,132601,49,05:00.0,7,7:00,754
760819611X,U,OB,1,1,1290,137579,39,33:00.0,4,22:00,754
7608201528,U,OB,1,1,1016,130731,49,09:00.0,2,19:00,754
7608201546,U,OB,1,1,610,261236,48,54:00.0,4,19:00,754
7608201629,U,OB,1,1,895,137432,17,09:00.0,7,8:00,754
7608207569,U,OB,1,6,2340,128622,58,20:00.0,2,3:00,754
7608207789,U,OB,1,2,673,121942,50,36:00.0,6,20:00,754
760820898X,U,OB,1,1,1357,119743,95,07:00.0,6,13:00,754
7608209017,U,OB,1,3,5385,125746,46,46:00.0,6,4:00,754
760821195X,U,OB,1,2,2240,134948,40,29:00.0,3,23:00,754
7608214077,U,CTY,1,1,181,133417,187,17:00.0,1,22:00,158
7608214131,U,CTY,1,1,192,133417,187,42:00.0,1,22:00,158
7608223207,U,CTY,1,1,492,139562,207,51:00.0,7,1:00,158
7608241806,U,CTY,1,1,37,132111,188,28:00.0,6,0:00,158
7608242190,U,IB,1,2,400,202236,125,45:00.0,1,6:00,158
7608315634,U,CTY,1,1,323,133888,189,56:00.0,4,15:00,158
7608315634,U,CTY,1,1,323,133888,237,02:00.0,4,21:00,158
7608316047,U,OB,1,1,325,139806,95,49:00.0,4,0:00,158
7608319181,U,CTY,1,9,3078,134705,192,46:00.0,7,4:00,158
7608333225,U,CTY,1,1,505,126791,196,27:00.0,5,1:00,158
7608335021,U,CTY,1,1,1383,249345,197,38:00.0,7,20:00,158
7608352686,U,CTY,1,1,750,135109,196,55:00.0,4,3:00,158
7608377299,U,CTY,1,4,897,136271,172,49:00.0,1,18:00,847
7608377308,U,CTY,1,4,1000,136271,172,11:00.0,1,19:00,847
7608377317,U,CTY,1,4,1275,136271,172,35:00.0,1,18:00,847
7608377409,U,CTY,1,1,2000,140077,197,41:00.0,3,3:00,847
7608377427,U,CTY,1,10,12465,137730,214,24:00.0,1,9:00,847
7608430869,U,CTY,1,1,87,140077,197,53:00.0,3,3:00,847
7608430914,U,CTY,1,1,83,140077,197,50:00.0,3,3:00,847
7608430923,U,CTY,1,1,218,140077,197,01:00.0,3,4:00,847
7608430932,U,CTY,1,1,168,136271,237,44:00.0,2,19:00,847
7608430932,U,CTY,1,1,168,136271,172,06:00.0,1,19:00,847
7608439247,U,IB,1,1,100,134351,164,03:00.0,5,8:00,847
7608439256,U,IB,1,1,100,129822,114,38:00.0,5,1:00,847
7608441328,U,IB,1,1,264,129822,114,41:00.0,5,1:00,847
7608443600,U,CTY,1,2,1180,126458,172,36:00.0,3,7:00,847
7608443629,U,CTY,1,2,1135,126458,172,38:00.0,3,7:00,847
7608443674,U,CTY,1,1,510,133495,175,46:00.0,4,3:00,847
7608444572,U,CTY,1,1,59,140077,197,55:00.0,3,2:00,847
7608444590,U,CTY,1,1,177,140077,197,59:00.0,3,2:00,847
7608444637,U,CTY,1,1,240,140077,197,20:00.0,3,3:00,847
7608444700,U,CTY,1,2,820,140077,197,05:00.0,3,2:00,847
7608444976,U,CTY,1,1,750,136271,172,41:00.0,1,18:00,847
7608445838,U,CTY,1,2,835,249377,168,20:00.0,5,1:00,847
7608458762,U,CTY,1,1,154,132574,173,33:00.0,3,22:00,847
7608464547,U,CTY,1,1,100,125383,169,34:00.0,2,15:00,847
7608464574,U,CTY,1,1,193,125383,169,41:00.0,2,15:00,847
7608464684,U,CTY,1,1,228,133108,194,40:00.0,2,10:00,847
7608472411,U,CTY,1,1,191,132574,173,24:00.0,3,21:00,847
7608487409,U,CTY,1,4,1025,124100,188,04:00.0,4,11:00,847
7608503220,U,IB,1,1,235,290776,104,44:00.0,5,22:00,847
7608509903,U,CTY,1,1,204,137397,176,18:00.0,6,21:00,847
7608510774,U,CTY,1,1,236,132574,173,51:00.0,3,21:00,847
7608523278,U,IB,1,1,128,249192,135,13:00.0,2,6:00,847
7608523305,U,IB,1,1,200,249192,135,22:00.0,2,4:00,847
7608523525,U,CTY,1,1,138,136271,172,17:00.0,1,19:00,847
7608523552,U,CTY,1,1,240,136271,172,20:00.0,1,19:00,847
7608524955,U,CTY,1,1,380,121323,194,00:00.0,6,20:00,847
760852501X,U,CTY,1,1,288,41422,168,04:00.0,4,7:00,847
7608525148,U,IB,1,1,476,128918,152,04:00.0,4,18:00,847
7608525211,U,IB,1,1,173,128918,152,11:00.0,4,18:00,847
7608525220,U,IB,1,2,772,128918,152,19:00.0,4,18:00,847
7608525249,U,IB,1,1,429,133055,125,16:00.0,5,0:00,847
7608525330,U,IB,1,1,216,137516,163,50:00.0,6,0:00,847
7608525698,U,CTY,1,8,4441,139733,189,08:00.0,2,0:00,847
7608533333,U,CTY,1,3,2945,134079,189,25:00.0,3,7:00,847
7608538274,U,CTY,1,1,236,132574,173,28:00.0,3,21:00,847
7608540786,U,CTY,1,1,302,125383,169,04:00.0,2,16:00,847
7608541565,U,CTY,1,3,2854,140077,197,04:00.0,3,4:00,847
760856120X,U,CTY,1,1,88,132574,170,23:00.0,4,0:00,847
760856120X,U,CTY,1,1,88,132574,173,16:00.0,3,21:00,847
7608561219,U,CTY,1,1,37,132574,173,31:00.0,3,21:00,847
7608561237,U,CTY,1,1,83,132574,173,13:00.0,3,21:00,847
7608561237,U,CTY,1,1,83,132574,170,23:00.0,4,0:00,847
7608561392,U,CTY,1,1,248,135206,189,17:00.0,2,1:00,847
7608592201,U,OB,1,2,195,559026,67,19:00.0,6,20:00,422
7608592210,U,OB,1,2,370,559026,67,18:00.0,6,20:00,422
760859222X,U,OB,1,1,190,559026,67,48:00.0,6,19:00,422
7608592239,U,OB,1,1,95,842082,22,29:00.0,2,19:00,422
7608592248,U,OB,1,1,380,842082,22,30:00.0,2,19:00,422
7608592257,U,OB,1,1,275,842082,22,27:00.0,2,19:00,422
7608592266,U,OB,1,1,285,842082,22,25:00.0,2,19:00,422
7608592275,U,OB,1,1,290,842082,22,24:00.0,2,19:00,422
7608592284,U,OB,1,1,280,842082,22,29:00.0,2,19:00,422
7608592293,U,OB,1,1,95,559536,22,16:00.0,3,21:00,422
7608592302,U,OB,1,1,260,559536,22,14:00.0,3,21:00,422
7608592311,U,OB,1,1,105,559536,22,17:00.0,3,21:00,422
7608592320,U,OB,1,1,285,559536,22,15:00.0,3,21:00,422
760859233X,U,OB,1,1,125,559536,22,18:00.0,3,21:00,422
7608592349,U,OB,1,1,150,559536,22,19:00.0,3,21:00,422
7608592358,U,OB,1,1,275,559536,22,33:00.0,3,21:00,422
7608592376,U,OB,1,1,310,560225,60,19:00.0,4,22:00,422
7608592385,U,OB,1,1,230,560225,60,17:00.0,4,22:00,422
7608592394,U,OB,1,2,280,560225,60,22:00.0,4,22:00,422
7608592403,U,OB,1,1,485,560225,60,10:00.0,4,22:00,422
7608592412,U,OB,1,1,135,560225,60,08:00.0,4,22:00,422
7608592421,U,OB,1,1,545,842872,63,06:00.0,5,18:00,422
760859244X,U,OB,1,1,865,558422,75,18:00.0,2,18:00,422
7608592706,U,OB,1,2,310,841940,53,24:00.0,7,0:00,422
7608592715,U,OB,1,1,175,841940,53,31:00.0,7,0:00,422
7608592724,U,OB,1,1,300,841940,53,17:00.0,7,0:00,422
7608592733,U,OB,1,1,95,841940,53,21:00.0,7,0:00,422
7608592953,U,OB,1,1,105,558422,75,15:00.0,2,18:00,422
7608592962,U,OB,1,1,55,830967,48,38:00.0,4,19:00,422
7608592971,U,OB,1,1,350,830967,48,32:00.0,4,19:00,422
7608592980,U,OB,1,1,140,830967,48,36:00.0,4,19:00,422
760859299X,U,OB,1,1,1040,830967,48,43:00.0,4,19:00,422
7608593009,U,OB,1,1,190,843236,50,02:00.0,5,21:00,422
7608593018,U,OB,1,2,995,843236,50,55:00.0,5,20:00,422
7608593027,U,OB,1,1,400,843236,50,03:00.0,5,21:00,422
7608593036,U,OB,1,2,695,10408,55,18:00.0,7,0:00,422
7608593045,U,OB,1,2,325,10408,55,55:00.0,6,22:00,422
7608593054,U,OB,1,1,440,10408,59,23:00.0,7,0:00,422
7608593063,U,OB,1,1,90,10408,55,37:00.0,6,22:00,422
7608593081,U,OB,1,1,150,10408,55,41:00.0,6,22:00,422
7608593090,U,OB,1,1,800,10408,55,28:00.0,7,0:00,422
760859310X,U,OB,1,1,120,559026,60,57:00.0,2,20:00,422
7608593119,U,OB,1,1,135,559026,60,53:00.0,2,20:00,422
7608593128,U,OB,1,1,95,559026,60,55:00.0,2,20:00,422
7608593137,U,OB,1,2,1125,559026,60,09:00.0,2,21:00,422
7608593146,U,OB,1,1,525,559026,60,49:00.0,2,20:00,422
7608593155,U,OB,1,1,320,558194,26,34:00.0,4,22:00,422
7608593164,U,OB,1,2,305,558194,26,33:00.0,4,22:00,422
7608593173,U,OB,1,1,175,842274,46,12:00.0,5,18:00,422
7608593182,U,OB,1,1,90,842274,46,15:00.0,5,18:00,422
7608593191,U,OB,1,1,770,842274,46,09:00.0,5,18:00,422
7608597775,U,OB,1,1,926,558258,66,33:00.0,5,19:00,422
7608597775,U,OB,1,1,926,558258,28,37:00.0,5,19:00,422
7608597784,U,OB,1,1,1200,558258,66,42:00.0,5,19:00,422
7608597793,U,OB,1,4,2265,311058,40,53:00.0,4,19:00,422
7608597802,U,OB,1,4,5300,311349,31,38:00.0,5,19:00,422
7608597811,U,OB,1,1,1100,390245,32,38:00.0,3,18:00,422
7608597820,U,OB,1,1,1100,390245,32,36:00.0,3,18:00,422
760859783X,U,OB,1,1,1100,390245,32,42:00.0,3,18:00,422
7608597849,U,OB,1,1,1100,390245,32,50:00.0,3,18:00,422
7608597858,U,OB,1,5,2980,390245,32,56:00.0,3,18:00,422
7608598462,U,OB,1,3,3685,10408,52,52:00.0,6,18:00,422
7608598471,U,OB,1,21,23620,10408,52,30:00.0,6,19:00,422
7608598480,U,OB,1,1,725,10408,52,20:00.0,6,18:00,422
760859849X,U,OB,1,1,800,10408,52,31:00.0,6,18:00,422
7608598509,U,OB,1,1,800,10408,52,40:00.0,6,18:00,422
7608599719,U,IB,1,5,1635,559026,123,53:00.0,5,21:00,422
7608599737,U,OB,1,2,525,558258,37,18:00.0,4,0:00,422
7608599737,U,OB,1,2,525,558258,40,32:00.0,3,21:00,422
7608599746,U,OB,1,1,231,904254,72,14:00.0,4,21:00,422
7608599773,U,OB,1,1,250,842091,53,44:00.0,6,20:00,422
7608599782,U,OB,1,4,1310,842091,53,09:00.0,6,21:00,422
7608599791,U,OB,1,5,1815,311349,47,29:00.0,2,22:00,422
7608599791,U,OB,1,5,1815,311349,47,29:00.0,2,22:00,422
7608599800,U,OB,1,2,418,530419,75,18:00.0,3,22:00,422
760859981X,U,OB,1,2,500,530419,75,22:00.0,3,22:00,422
7608599838,U,OB,1,4,970,530751,50,09:00.0,4,21:00,422
7608599847,U,OB,1,5,1615,558194,66,44:00.0,5,20:00,422
7608599856,U,OB,1,4,1105,850053,66,47:00.0,7,1:00,422
7608599865,U,OB,1,1,98,850053,66,54:00.0,7,2:00,422
7608599874,U,OB,1,1,109,850053,66,00:00.0,7,3:00,422
7608600002,U,IB,1,2,505,558189,103,33:00.0,3,1:00,422
7608600011,U,IB,1,6,1364,558189,103,54:00.0,3,0:00,422
7608600020,U,IB,1,3,3116,558189,103,25:00.0,3,0:00,422
760860003X,U,IB,1,4,489,558189,103,03:00.0,3,0:00,422
760860289X,U,OB,1,1,525,842650,26,14:00.0,3,18:00,422
7608603174,U,OB,1,2,685,530751,60,35:00.0,3,18:00,422
7608603183,U,OB,1,1,398,530751,60,40:00.0,3,18:00,422
7608603587,U,OB,1,1,387,560385,72,59:00.0,2,21:00,422
7608603596,U,OB,1,1,443,559536,69,21:00.0,3,20:00,422
7608603953,U,OB,1,1,448,560486,67,12:00.0,5,21:00,422
7608603953,U,OB,1,1,448,560486,56,13:00.0,5,21:00,422
7608604723,U,OB,1,6,1241,830967,86,01:00.0,5,22:00,422
7608607208,U,IB,1,2,2380,559033,113,03:00.0,3,0:00,422
7608607208,U,CTY,1,2,2380,559033,231,48:00.0,4,7:00,422
7608607226,U,IB,1,1,1190,559414,123,25:00.0,5,0:00,422
7608607244,U,IB,1,6,6235,559414,123,34:00.0,5,0:00,422
7608607253,U,OB,1,3,4608,903983,32,13:00.0,6,4:00,422
7608607262,U,OB,1,3,4272,903983,32,16:00.0,6,3:00,422
7608607271,U,OB,1,1,32,903983,32,10:00.0,6,3:00,422
7608607271,U,OB,1,1,32,903983,33,36:00.0,6,13:00,422
7608607280,U,OB,1,1,396,903983,32,20:00.0,6,4:00,422
760860729X,U,OB,1,1,64,903983,32,47:00.0,6,1:00,422
7608607309,U,OB,1,1,2060,903983,32,22:00.0,6,2:00,422
7608607318,U,OB,1,1,64,903983,32,06:00.0,6,2:00,422
7608607327,U,OB,1,1,64,903983,32,59:00.0,6,1:00,422
7608607336,U,IB,1,1,504,559726,101,43:00.0,6,22:00,422
7608607345,U,OB,1,4,1730,559726,87,15:00.0,6,22:00,422
7608607345,U,IB,1,4,1730,559726,101,14:00.0,6,22:00,422
7608607354,U,IB,1,1,221,559726,101,31:00.0,6,21:00,422
7608607354,U,OB,1,1,221,559726,36,32:00.0,6,21:00,422
7608607381,U,IB,1,5,8896,559726,107,36:00.0,6,22:00,422
7608607381,U,IB,1,5,8896,559726,107,36:00.0,6,22:00,422
7608607390,U,IB,1,4,7248,559726,101,48:00.0,6,22:00,422
760860740X,U,OB,1,1,2080,559726,68,45:00.0,6,22:00,422
760860740X,U,IB,1,1,2080,559726,101,44:00.0,6,22:00,422
7608607419,U,OB,1,5,7355,903983,32,21:00.0,6,1:00,422
7608607428,U,OB,1,1,105,903983,32,29:00.0,6,4:00,422
7608607437,U,OB,1,5,7920,903983,32,41:00.0,6,4:00,422
7608610169,U,OB,1,1,259,559833,88,09:00.0,3,19:00,422
7608610178,U,OB,1,1,780,430681,63,50:00.0,5,2:00,422
7608610187,U,OB,1,1,206,430681,63,02:00.0,5,2:00,422
7608610196,U,OB,1,1,361,430681,63,58:00.0,5,0:00,422
760861070X,U,OB,1,1,265,97664,55,01:00.0,4,1:00,422
7608610719,U,OB,1,1,285,559833,19,06:00.0,4,0:00,422
7608610719,U,OB,1,1,285,559833,88,15:00.0,3,18:00,422
7608610737,U,OB,1,1,843,97664,55,00:00.0,4,2:00,422
7608610746,U,OB,1,1,167,53343,55,17:00.0,3,22:00,422
7608610755,U,OB,1,1,277,430681,63,50:00.0,5,0:00,422
7608610773,U,OB,1,1,159,559833,88,27:00.0,3,18:00,422
760861081X,U,OB,1,1,222,559833,88,32:00.0,3,18:00,422
7608610829,U,OB,1,1,590,559833,88,01:00.0,3,18:00,422
7608610838,U,OB,1,1,200,123,35,46:00.0,6,10:00,422
7608610847,U,OB,1,1,208,97664,55,25:00.0,4,1:00,422
7608610865,U,OB,1,1,213,97664,55,55:00.0,4,0:00,422
7608610892,U,IB,1,1,186,79962,101,03:00.0,6,20:00,422
7608612313,U,OB,1,1,460,560385,72,40:00.0,2,21:00,422
7608612322,U,OB,1,1,380,560385,72,43:00.0,2,21:00,422
7608612331,U,OB,1,1,160,560385,72,38:00.0,2,21:00,422
7608612340,U,OB,1,2,735,560385,72,47:00.0,2,21:00,422
760861235X,U,OB,1,1,510,559690,26,05:00.0,3,20:00,422
7608612369,U,OB,1,1,385,559690,26,02:00.0,3,20:00,422
7608612378,U,OB,1,1,505,559690,26,23:00.0,3,20:00,422
7608612387,U,OB,1,1,110,559690,26,07:00.0,3,20:00,422
7608612396,U,OB,1,1,100,560486,67,34:00.0,5,20:00,422
7608612405,U,OB,1,2,510,560486,45,48:00.0,5,20:00,422
7608612405,U,OB,1,2,510,560486,67,35:00.0,5,20:00,422
7608612414,U,OB,1,3,545,560486,67,44:00.0,5,20:00,422
7608612423,U,OB,1,1,125,560486,67,38:00.0,5,20:00,422
7608612423,U,OB,1,1,125,560486,30,43:00.0,5,20:00,422
7608612432,U,OB,1,1,65,560486,33,41:00.0,5,20:00,422
7608612432,U,OB,1,1,65,560486,67,39:00.0,5,20:00,422
7608612441,U,OB,1,1,385,560486,67,48:00.0,5,20:00,422
7608614019,U,OB,1,2,676,310552,79,04:00.0,3,0:00,422
7608614046,U,OB,1,1,79,310552,79,04:00.0,3,0:00,422
7608614073,U,CTY,1,3,2472,841925,R2  ,14:00.0,7,3:00,422
7608614073,U,OB,1,3,2472,841925,96,34:00.0,6,21:00,422
7608614082,U,OB,1,4,4732,841925,97,44:00.0,6,21:00,422
7608614082,U,OB,1,4,4732,841925,96,41:00.0,6,21:00,422
7608614091,U,OB,1,3,3871,841925,96,29:00.0,6,21:00,422
7608614100,U,OB,1,1,4100,841925,96,52:00.0,6,20:00,422
760861411X,U,IB,1,1,218,10166,104,00:00.0,4,3:00,422
7608614870,U,OB,1,2,2314,560027,74,33:00.0,5,1:00,422
7608615375,U,OB,1,2,882,559833,88,55:00.0,3,18:00,422
7608615384,U,OB,1,1,494,430681,63,18:00.0,5,2:00,422
7608615393,U,OB,1,1,334,430681,63,05:00.0,5,2:00,422
7608615402,U,OB,1,1,226,430681,63,05:00.0,5,1:00,422
7608615411,U,OB,1,1,300,430681,63,58:00.0,5,2:00,422
7608615420,U,OB,1,1,150,430681,63,53:00.0,5,2:00,422
760861543X,U,OB,1,1,150,430681,63,20:00.0,5,2:00,422
7608615449,U,OB,1,1,150,430681,63,24:00.0,5,2:00,422
7608615788,U,OB,1,1,234,53343,55,37:00.0,3,21:00,422
7608615806,U,OB,1,1,520,97664,55,04:00.0,4,1:00,422
7608615815,U,OB,1,1,336,97664,55,53:00.0,4,0:00,422
7608615833,U,OB,1,1,191,97664,55,11:00.0,4,1:00,422
7608615842,U,OB,1,1,150,97664,55,07:00.0,4,1:00,422
7608615851,U,OB,1,1,150,97664,55,15:00.0,4,1:00,422
7608615851,U,OB,1,1,150,97664,53,14:00.0,4,2:00,422
7608615860,U,OB,1,1,473,97664,55,55:00.0,4,1:00,422
760861587X,U,OB,1,1,196,97664,55,17:00.0,4,1:00,422
7608615889,U,OB,1,1,223,97664,55,59:00.0,4,1:00,422
7608615898,U,OB,1,1,378,53343,55,24:00.0,3,22:00,422
7608615898,U,IB,1,1,378,53343,167,50:00.0,4,3:00,422
7608615907,U,OB,1,1,296,53343,55,55:00.0,3,20:00,422
7608615916,U,OB,1,1,225,97664,55,26:00.0,4,2:00,422
7608615925,U,OB,1,1,315,97664,55,41:00.0,4,2:00,422
7608615934,U,OB,1,1,570,506875,63,15:00.0,3,2:00,422
7608615943,U,OB,1,1,179,506875,63,12:00.0,3,2:00,422
760861609X,U,OB,1,1,277,53343,55,08:00.0,3,21:00,422
7608616109,U,OB,1,1,205,53343,55,55:00.0,3,21:00,422
7608616118,U,OB,1,1,371,53343,55,23:00.0,3,21:00,422
7608616154,U,OB,1,1,425,430681,63,41:00.0,5,0:00,422
7608616163,U,OB,1,1,215,430681,63,45:00.0,5,0:00,422
7608616172,U,OB,1,2,667,430681,63,36:00.0,5,0:00,422
7608616181,U,OB,1,1,231,430681,63,05:00.0,5,0:00,422
7608616190,U,OB,1,1,295,430681,63,11:00.0,5,0:00,422
7608616356,U,OB,1,1,443,903850,69,28:00.0,3,1:00,422
7608616365,U,OB,1,1,243,903850,69,23:00.0,3,1:00,422
7608616374,U,IB,1,1,157,79962,101,10:00.0,6,19:00,422
7608616374,U,OB,1,1,157,79962,66,23:00.0,7,10:00,422
7608616383,U,IB,1,1,404,79962,101,56:00.0,6,19:00,422
7608616401,U,OB,1,1,215,903850,69,25:00.0,3,1:00,422
7608616594,U,OB,1,1,364,53343,55,34:00.0,3,21:00,422
7608616603,U,OB,1,1,270,53343,55,05:00.0,3,21:00,422
7608616612,U,OB,1,1,152,53343,55,52:00.0,3,20:00,422
7608616621,U,OB,1,2,768,53343,55,20:00.0,3,21:00,422
7608616630,U,OB,1,1,151,53343,55,37:00.0,3,22:00,422
760861664X,U,OB,1,1,338,53343,55,01:00.0,3,21:00,422
7608616659,U,OB,1,1,178,53343,55,30:00.0,3,22:00,422
7608616668,U,OB,1,1,181,97664,55,47:00.0,4,0:00,422
7608616695,U,OB,1,1,330,53343,55,07:00.0,3,21:00,422
760861675X,U,OB,1,1,159,903850,69,05:00.0,3,1:00,422
7608616778,U,IB,1,1,150,79962,101,58:00.0,6,19:00,422
7608616787,U,IB,1,1,168,79962,101,00:00.0,6,20:00,422
7608616796,U,OB,1,1,203,903850,69,20:00.0,3,1:00,422
7608616805,U,IB,1,1,276,79962,101,53:00.0,6,17:00,422
7608616805,U,OB,1,1,276,79962,66,23:00.0,7,10:00,422
7608616823,U,OB,1,1,150,903850,69,11:00.0,3,1:00,422
7608616832,U,IB,1,1,150,79962,101,56:00.0,6,18:00,422
7608616850,U,IB,1,1,227,79962,101,06:00.0,6,19:00,422
7608616888,U,IB,1,1,235,79962,101,02:00.0,6,18:00,422
7608616897,U,OB,1,1,150,903850,69,07:00.0,3,2:00,422
7608616906,U,OB,1,1,193,903850,69,22:00.0,3,0:00,422
7608616915,U,OB,1,1,171,903850,69,15:00.0,3,1:00,422
7608617034,U,OB,1,1,224,430681,63,00:00.0,5,1:00,422
7608617043,U,OB,1,1,225,559833,88,37:00.0,3,18:00,422
7608617061,U,OB,1,1,407,903850,69,06:00.0,3,2:00,422
7608617070,U,OB,1,1,437,903850,69,59:00.0,3,0:00,422
760861708X,U,IB,1,2,1190,79962,101,18:00.0,6,19:00,422
7608617099,U,OB,1,1,450,903850,69,20:00.0,3,0:00,422
7608617932,U,CTY,1,1,537,730114,218,37:00.0,6,20:00,422
7608618051,U,OB,1,1,715,730114,39,13:00.0,5,18:00,422
7608622314,U,OB,1,2,1582,821149,67,39:00.0,3,19:00,422
7608622314,U,OB,1,2,1582,821149,97,57:00.0,3,21:00,422
7608622323,U,OB,1,3,1150,821149,90,24:00.0,5,22:00,422
7608622332,U,OB,1,3,5325,821149,90,14:00.0,5,22:00,422
7608622350,U,OB,1,1,540,821149,90,58:00.0,5,20:00,422
760862236X,U,OB,1,1,355,821149,90,07:00.0,5,21:00,422
7608622388,U,IB,1,2,550,842193,101,13:00.0,2,22:00,422
7608622424,U,OB,1,5,2535,821149,90,23:00.0,5,21:00,422
7608622433,U,OB,1,2,2698,821149,32,33:00.0,6,21:00,422
7608622460,U,OB,1,4,966,531254,78,18:00.0,5,20:00,422
760862247X,U,OB,1,2,280,531254,78,54:00.0,5,19:00,422
7608622489,U,OB,1,4,804,531254,78,35:00.0,5,20:00,422
7608622498,U,OB,1,3,774,531254,78,02:00.0,5,20:00,422
7608622507,U,OB,1,2,1135,531254,78,32:00.0,5,21:00,422
7608622516,U,IB,1,1,928,353210,103,21:00.0,6,21:00,422
7608624642,U,OB,1,5,925,507989,73,35:00.0,4,19:00,422
7608624651,U,OB,1,1,841,507989,73,31:00.0,4,19:00,422
7608624660,U,OB,1,2,690,507989,73,34:00.0,4,19:00,422
760862467X,U,OB,1,1,503,507989,73,30:00.0,4,19:00,422
7608624689,U,OB,1,1,310,507989,73,29:00.0,4,19:00,422
760862720X,U,OB,1,1,720,558899,72,52:00.0,3,0:00,422
7608627219,U,OB,1,1,705,558899,72,56:00.0,3,0:00,422
7608627228,U,OB,1,90,583,558899,72,47:00.0,3,0:00,422
7608627237,U,OB,1,3,1600,558899,72,20:00.0,3,1:00,422
7608627246,U,OB,1,1,918,558899,72,15:00.0,3,1:00,422
7608627255,U,OB,1,2,1725,559046,67,25:00.0,7,2:00,422
7608627273,U,OB,1,5,2300,311349,90,51:00.0,6,3:00,422
7608627282,U,OB,1,1,729,530419,60,46:00.0,5,1:00,422
7608627291,U,OB,1,3,2582,57019,55,16:00.0,2,22:00,422
7608627300,U,OB,1,2,119,310552,43,48:00.0,4,22:00,422
7608627329,U,OB,1,1,1549,903850,33,51:00.0,6,20:00,422
7608627329,U,OB,1,1,1549,903850,33,51:00.0,6,20:00,422
7608627338,U,OB,1,1,1220,903850,72,02:00.0,6,21:00,422
7608627347,U,OB,1,3,3140,903850,72,10:00.0,6,21:00,422
7608627356,U,OB,1,3,4030,903850,72,18:00.0,6,21:00,422
7608627365,U,OB,1,6,3920,903850,72,38:00.0,6,21:00,422
7608627374,U,OB,1,3,1221,903850,72,46:00.0,6,21:00,422
7608627383,U,OB,1,2,820,903850,72,55:00.0,6,21:00,422
7608627401,U,OB,1,6,3240,560963,86,01:00.0,6,0:00,422
7608627410,U,OB,1,1,893,560963,86,32:00.0,6,0:00,422
760862742X,U,OB,1,6,5671,560963,86,11:00.0,6,0:00,422
7608627439,U,OB,1,4,2875,560963,86,28:00.0,6,0:00,422
7608627448,U,OB,1,2,772,842274,46,33:00.0,4,21:00,422
7608627549,U,IB,1,31,835,311349,123,40:00.0,3,21:00,422
7608627558,U,OB,1,36,715,507989,22,36:00.0,2,21:00,422
7608627567,U,OB,1,84,1525,507989,22,32:00.0,2,21:00,422
7608627713,U,OB,1,195,4465,842100,72,17:00.0,7,0:00,422
7608627731,U,OB,1,88,2070,842100,72,42:00.0,7,0:00,422
7608627832,U,OB,1,4,1535,57019,55,11:00.0,2,22:00,422
7608627841,U,OB,1,4,1400,57019,55,27:00.0,2,21:00,422
7608627850,U,OB,1,6,2110,57019,55,49:00.0,2,21:00,422
760862786X,U,OB,1,6,2770,830967,63,45:00.0,3,21:00,422
7608627879,U,OB,1,3,1125,830967,63,03:00.0,3,22:00,422
7608627888,U,OB,1,3,2237,507215,68,38:00.0,3,2:00,422
7608627888,U,IB,1,3,2237,507215,116,23:00.0,3,0:00,422
7608627897,U,OB,1,123,1749,430526,17,13:00.0,7,2:00,422
7608628548,U,IB,1,1,1100,531258,103,08:00.0,6,2:00,422
7608628557,U,IB,1,2,2400,531258,103,48:00.0,5,22:00,422
7608628566,U,OB,1,1,350,558899,72,05:00.0,3,1:00,422
7608628575,U,OB,1,1,850,558899,72,00:00.0,3,1:00,422
7608628584,U,OB,1,10,11090,904254,5,56:00.0,6,19:00,422
7608628593,U,OB,1,10,10750,904254,5,25:00.0,6,19:00,422
760862863X,U,OB,1,1,1050,842193,72,13:00.0,5,20:00,422
7608628649,U,OB,1,1,420,843233,52,41:00.0,4,20:00,422
7608628658,U,OB,1,1,500,843233,52,41:00.0,4,20:00,422
7608628667,U,OB,1,1,3600,843233,52,23:00.0,4,20:00,422
7608628676,U,OB,1,11,12400,559033,90,25:00.0,7,1:00,422
7608628685,U,OB,1,5,4850,559033,90,19:00.0,7,2:00,422
7608629327,U,OB,1,1,1130,530751,46,56:00.0,5,21:00,422
7608629336,U,OB,1,1,1039,530751,46,58:00.0,5,21:00,422
7608629354,U,OB,1,1,1120,530751,46,07:00.0,5,22:00,422
7608629363,U,OB,1,1,1095,530751,46,04:00.0,5,22:00,422
7608629372,U,OB,1,3,2910,530751,46,38:00.0,5,21:00,422
7608629381,U,OB,1,2,1320,530751,46,21:00.0,5,22:00,422
7608629419,U,OB,1,7,11095,842082,51,01:00.0,2,22:00,422
7608629428,U,OB,1,2,875,842082,51,33:00.0,2,22:00,422
7608633736,U,CTY,1,2,460,89542,P   ,47:00.0,4,6:00,422
7608633754,U,OB,1,2,2584,559935,63,54:00.0,4,22:00,422
7608633763,U,OB,1,3,4301,559935,63,50:00.0,4,22:00,422
7608633772,U,OB,1,1,1268,559935,47,54:00.0,5,21:00,422
7608633772,U,OB,1,1,1268,559935,47,54:00.0,5,21:00,422
7608633781,U,IB,1,4,7488,559935,105,59:00.0,5,21:00,422
7608633781,U,IB,1,4,7488,559935,109,00:00.0,5,22:00,422
7608633790,U,IB,1,3,3980,112161,111,29:00.0,6,22:00,422
760863380X,U,IB,1,2,1872,112161,111,38:00.0,6,22:00,422
7608633819,U,IB,1,4,6395,112161,111,17:00.0,6,22:00,422
7608633828,U,IB,1,5,3000,112161,111,32:00.0,6,21:00,422
7608633837,U,IB,1,1,110,112161,111,14:00.0,6,21:00,422
7608633983,U,OB,1,2,545,559046,26,31:00.0,3,22:00,422
7608634001,U,OB,1,2,2380,830967,39,19:00.0,5,0:00,422
7608634010,U,OB,1,2,1789,830967,39,44:00.0,4,22:00,422
760863402X,U,OB,1,1,375,830967,39,14:00.0,5,0:00,422
7608634048,U,OB,1,3,2445,841925,84,08:00.0,6,1:00,422
7608634057,U,OB,1,1,624,841925,84,57:00.0,6,0:00,422
7608634066,U,OB,1,2,2356,841925,84,01:00.0,6,1:00,422
7608634075,U,OB,1,1,910,841925,84,24:00.0,6,0:00,422
7608634084,U,OB,1,2,2812,841925,84,30:00.0,6,0:00,422
7608634093,U,OB,1,1,396,841925,84,13:00.0,6,1:00,422
7608634102,U,OB,1,4,7824,841925,84,40:00.0,6,0:00,422
7608634149,U,OB,1,5,6607,850053,39,35:00.0,6,22:00,422
7608634185,U,OB,1,4,1220,850053,39,03:00.0,7,1:00,422
7608636201,U,OB,1,1,223,97664,55,56:00.0,3,22:00,422
7608636210,U,OB,1,1,151,506875,63,54:00.0,3,1:00,422
760863622X,U,CTY,1,1,251,506875,O15 ,35:00.0,3,3:00,422
760863622X,U,OB,1,1,251,506875,63,16:00.0,3,2:00,422
7608636239,U,OB,1,1,295,506875,63,57:00.0,3,0:00,422
7608636248,U,OB,1,1,264,506875,63,59:00.0,3,1:00,422
7608636257,U,OB,1,1,150,506875,63,52:00.0,3,0:00,422
7608636266,U,OB,1,1,259,506875,63,26:00.0,3,1:00,422
7608636275,U,OB,1,1,214,506875,63,06:00.0,3,2:00,422
7608636284,U,OB,1,1,182,506875,63,35:00.0,3,1:00,422
7608637788,U,IB,1,2,935,530419,111,12:00.0,3,21:00,422
7608637797,U,OB,1,1,725,821190,43,00:00.0,6,22:00,422
7608637806,U,OB,1,1,448,821190,43,03:00.0,6,22:00,422
7608637833,U,OB,1,1,88,903983,32,12:00.0,4,21:00,422
7608637860,U,OB,1,2,1082,310552,60,43:00.0,3,21:00,422
760863787X,U,OB,1,2,1019,559046,55,45:00.0,4,23:00,422
7608637889,U,OB,1,1,560,558577,32,05:00.0,6,1:00,422
7608637898,U,OB,1,1,463,558577,32,08:00.0,6,1:00,422
7608637916,U,OB,1,1,103,430926,69,16:00.0,3,21:00,422
7608637925,U,OB,1,1,116,430926,69,23:00.0,3,21:00,422
7608637934,U,OB,1,1,229,430926,69,13:00.0,3,21:00,422
7608640372,U,OB,1,1,203,559833,88,03:00.0,3,18:00,422
7608640381,U,OB,1,1,155,559833,88,04:00.0,3,18:00,422
7608640419,U,OB,1,1,239,53343,55,50:00.0,3,21:00,422
7608640428,U,OB,1,1,224,97664,55,19:00.0,4,2:00,422
7608640437,U,OB,1,1,150,53343,55,15:00.0,3,22:00,422
7608640446,U,OB,1,1,150,53343,55,12:00.0,3,22:00,422
7608641097,U,OB,1,1,170,53343,55,49:00.0,3,20:00,422
7608641106,U,OB,1,1,153,53343,55,47:00.0,3,22:00,422
7608641115,U,OB,1,1,159,53343,55,16:00.0,3,21:00,422
7608641124,U,OB,1,1,430,97664,55,51:00.0,4,0:00,422
7608641133,U,OB,1,1,572,97664,55,45:00.0,4,0:00,422
7608641142,U,OB,1,1,202,53343,55,11:00.0,3,21:00,422
7608641151,U,OB,1,1,249,53343,55,19:00.0,3,22:00,422
7608641160,U,OB,1,1,323,53343,55,27:00.0,3,21:00,422
760864117X,U,OB,1,1,225,53343,55,33:00.0,3,22:00,422
7608641189,U,OB,1,1,239,97664,55,43:00.0,4,2:00,422
760864403X,U,OB,1,1,590,310506,32,45:00.0,2,22:00,422
7608644049,U,OB,1,1,250,310506,32,16:00.0,2,22:00,422
7608644058,U,OB,1,1,190,310506,32,12:00.0,2,22:00,422
7608644067,U,OB,1,6,8695,310506,32,03:00.0,2,22:00,422
7608644076,U,IB,1,5,765,311349,113,24:00.0,4,21:00,422
7608644085,U,IB,1,1,400,311349,113,08:00.0,4,21:00,422
7608644094,U,IB,1,1,490,311349,113,11:00.0,4,21:00,422
7608644121,U,OB,1,1,426,353223,86,52:00.0,5,21:00,422
7608644130,U,OB,1,1,510,353223,86,59:00.0,5,21:00,422
760864414X,U,OB,1,1,100,353223,57,51:00.0,5,21:00,422
760864414X,U,OB,1,1,100,353223,86,48:00.0,5,21:00,422
7608644159,U,OB,1,1,832,353223,86,03:00.0,5,22:00,422
7608644195,U,OB,1,1,530,310506,32,08:00.0,2,22:00,422
7608644709,U,OB,1,1,330,353223,86,54:00.0,5,20:00,422
7608644727,U,OB,1,7,820,89542,58,01:00.0,3,23:00,422
7608645405,U,OB,1,1,1280,00DOCK,41,10:00.0,6,11:00,422
7608645414,U,OB,1,2,530,430890,46,47:00.0,7,11:00,422
7608645414,U,OB,1,2,530,430890,46,46:00.0,7,11:00,422
7608645423,U,OB,1,1,340,430890,46,58:00.0,7,8:00,422
7608645432,U,OB,1,3,2195,430890,46,54:00.0,7,11:00,422
7608645441,U,OB,1,1,275,430890,46,08:00.0,7,10:00,422
7608645780,U,OB,1,1,725,59899,86,58:00.0,4,1:00,422
760864579X,U,OB,1,2,1826,59899,86,08:00.0,4,2:00,422
7608645809,U,OB,1,1,623,59899,86,11:00.0,4,2:00,422
7608645818,U,OB,1,1,483,59899,86,22:00.0,4,2:00,422
7608645827,U,OB,1,1,445,59899,86,54:00.0,4,1:00,422
7608645836,U,OB,1,2,1071,59899,86,39:00.0,4,1:00,422
7608645845,U,OB,1,2,928,59899,86,01:00.0,4,1:00,422
7608645854,U,OB,1,1,397,59899,86,03:00.0,4,2:00,422
7608645863,U,OB,1,1,959,59899,86,15:00.0,4,2:00,422
7608645872,U,OB,1,1,512,59899,86,08:00.0,4,1:00,422
7608645881,U,OB,1,1,831,59899,86,05:00.0,4,1:00,422
7608645890,U,OB,1,1,669,59899,86,19:00.0,4,2:00,422
760864590X,U,OB,1,4,2823,59899,86,29:00.0,4,1:00,422
760864656X,U,OB,1,1,852,249390,26,45:00.0,3,19:00,422
7608646579,U,OB,1,1,741,559026,46,54:00.0,4,19:00,422
7608646588,U,OB,1,1,670,559026,46,52:00.0,4,19:00,422
7608646597,U,OB,1,1,445,559026,46,57:00.0,4,19:00,422
7608646606,U,IB,1,4,1985,830887,105,40:00.0,5,0:00,422
7608646615,U,IB,1,3,1864,830887,105,45:00.0,5,0:00,422
7608646624,U,OB,1,11,3859,390234,48,28:00.0,5,22:00,422
7608646633,U,OB,1,1,642,390234,48,49:00.0,5,21:00,422
7608646642,U,IB,1,3,1310,113979,102,11:00.0,6,7:00,422
7608646642,U,OB,1,3,1310,113979,84,53:00.0,6,6:00,422
7608646651,U,IB,1,5,2620,113979,102,11:00.0,6,7:00,422
7608646651,U,OB,1,5,2620,113979,84,54:00.0,6,6:00,422
7608646660,U,OB,1,2,1000,113979,84,11:00.0,6,7:00,422
760864667X,U,OB,1,4,2515,113979,20,45:00.0,6,6:00,422
760864667X,U,OB,1,4,2515,113979,84,33:00.0,6,6:00,422
7608646689,U,OB,1,1,814,113979,68,16:00.0,6,8:00,422
7608646689,U,OB,1,1,814,113979,84,11:00.0,6,8:00,422
7608646698,U,OB,1,7,1330,113979,81,26:00.0,6,9:00,422
7608646698,U,OB,1,7,1330,113979,84,32:00.0,6,8:00,422
7608651666,U,CTY,1,2,692,113063,189,09:00.0,3,14:00,422
7608651666,U,IB,1,2,692,113063,105,56:00.0,2,21:00,422
7608651675,U,IB,1,1,369,113063,105,10:00.0,2,22:00,422
7608651684,U,IB,1,1,237,113063,105,04:00.0,2,22:00,422
7608651693,U,IB,1,1,320,113063,105,12:00.0,2,22:00,422
7608651830,U,IB,1,6,4114,113063,105,29:00.0,2,21:00,422
7608651830,U,CTY,1,6,4114,113063,189,07:00.0,3,15:00,422
760865184X,U,IB,1,1,547,113063,105,02:00.0,2,22:00,422
7608651859,U,IB,1,1,301,113063,105,15:00.0,2,22:00,422
7608651877,U,OB,1,1,378,430681,46,41:00.0,3,20:00,422
7608651886,U,OB,1,1,284,430681,46,36:00.0,3,20:00,422
7608651895,U,OB,1,1,376,430681,46,45:00.0,3,20:00,422
7608651904,U,OB,1,1,450,830887,89,41:00.0,6,0:00,422
7608651913,U,OB,1,1,356,830887,89,44:00.0,6,0:00,422
7608651922,U,OB,1,1,549,842167,58,25:00.0,2,21:00,422
7608651931,U,OB,1,1,273,842167,58,39:00.0,2,21:00,422
7608651940,U,IB,1,11,5170,90060,117,00:00.0,7,7:00,422
7608652207,U,OB,1,1,228,830887,89,49:00.0,6,0:00,422
7608652234,U,OB,1,1,292,830967,76,59:00.0,6,22:00,422
7608652243,U,OB,1,1,293,830967,76,50:00.0,6,22:00,422
7608652252,U,OB,1,1,432,830967,76,55:00.0,6,22:00,422
7608652261,U,OB,1,1,319,830967,76,48:00.0,6,22:00,422
7608652270,U,OB,1,3,1636,842167,58,54:00.0,2,21:00,422
7608652308,U,OB,1,1,520,181472,18,15:00.0,6,2:00,422
7608652317,U,OB,1,1,483,181472,18,33:00.0,6,2:00,422
7608652326,U,OB,1,1,303,181472,18,08:00.0,6,1:00,422
7608652335,U,OB,1,2,685,181472,18,24:00.0,6,2:00,422
7608652344,U,OB,1,1,280,181472,18,53:00.0,6,0:00,422
7608652353,U,OB,1,1,275,181472,18,13:00.0,6,2:00,422
7608652371,U,OB,1,1,161,181472,18,42:00.0,6,0:00,422
7608652380,U,IB,1,1,235,90060,117,28:00.0,7,6:00,422
760865239X,U,IB,1,1,263,90060,117,20:00.0,7,6:00,422
7608652409,U,IB,1,1,260,90060,117,24:00.0,7,6:00,422
7608652418,U,IB,1,1,643,90060,117,46:00.0,7,6:00,422
7608652427,U,OB,1,5,2276,310707,40,59:00.0,2,20:00,422
7608652436,U,OB,1,1,225,430695,75,57:00.0,3,20:00,422
7608652445,U,OB,1,1,346,430695,75,16:00.0,3,21:00,422
7608652454,U,OB,1,1,198,430695,75,53:00.0,3,20:00,422
7608652701,U,OB,1,2,287,430695,75,27:00.0,3,21:00,422
7608652710,U,OB,1,1,212,430695,75,36:00.0,3,21:00,422
7608652739,U,OB,1,1,348,430695,75,31:00.0,3,21:00,422
7608652748,U,OB,1,1,253,820869,17,28:00.0,7,1:00,422
7608652757,U,OB,1,1,252,820869,17,32:00.0,7,1:00,422
7608652766,U,OB,1,3,2047,558629,78,22:00.0,2,21:00,422
7608652775,U,OB,1,1,263,558629,78,45:00.0,2,21:00,422
7608652784,U,OB,1,1,324,558629,78,29:00.0,2,22:00,422
7608652793,U,OB,1,1,484,558629,78,49:00.0,2,21:00,422
7608652802,U,OB,1,1,303,558629,78,59:00.0,2,20:00,422
7608652811,U,OB,1,1,373,558629,78,03:00.0,2,21:00,422
7608652820,U,OB,1,1,173,842100,46,38:00.0,3,20:00,422
760865283X,U,OB,1,1,842,842100,46,56:00.0,3,20:00,422
7608652849,U,OB,1,1,229,842100,46,13:00.0,3,21:00,422
7608652858,U,OB,1,1,237,842100,46,34:00.0,3,20:00,422
7608652867,U,OB,1,1,199,842100,46,02:00.0,3,21:00,422
7608652876,U,OB,1,1,315,842100,46,18:00.0,3,21:00,422
7608652885,U,OB,1,2,840,842100,46,48:00.0,3,20:00,422
7608652894,U,OB,1,3,1344,843351,95,53:00.0,5,20:00,422
7608652930,U,OB,1,9,4850,842193,96,35:00.0,7,0:00,422
760865294X,U,IB,1,6,2545,842193,107,05:00.0,7,0:00,422
760865294X,U,IB,1,6,2545,842193,107,05:00.0,7,0:00,422
7608653453,U,OB,1,1,213,830887,75,17:00.0,3,22:00,422
7608653462,U,OB,1,1,604,830887,75,09:00.0,3,22:00,422
7608653471,U,OB,1,1,231,830887,75,15:00.0,3,22:00,422
7608653480,U,OB,1,1,355,390047,67,48:00.0,4,20:00,422
760865349X,U,OB,1,2,770,821149,73,47:00.0,5,20:00,422
7608653509,U,OB,1,1,97,821149,73,57:00.0,5,20:00,422
7608653518,U,OB,1,3,984,821149,73,36:00.0,5,21:00,422
7608653527,U,OB,1,1,345,821149,73,27:00.0,5,21:00,422
7608653536,U,OB,1,1,355,821149,73,58:00.0,5,21:00,422
7608653545,U,OB,1,1,270,821149,39,20:00.0,6,21:00,422
7608653554,U,OB,1,1,211,821149,39,56:00.0,6,20:00,422
7608653563,U,OB,1,1,358,353223,90,31:00.0,3,20:00,422
7608653572,U,OB,1,2,989,353223,90,57:00.0,3,20:00,422
7608653581,U,OB,1,1,445,353223,90,23:00.0,3,20:00,422
7608653590,U,OB,1,4,1743,821149,55,19:00.0,4,21:00,422
760865360X,U,OB,1,1,410,821149,54,05:00.0,4,21:00,422
760865360X,U,OB,1,1,410,821149,55,59:00.0,4,20:00,422
7608653619,U,OB,1,2,974,821149,55,42:00.0,4,21:00,422
7608653628,U,IB,1,2,327,821149,133,13:00.0,6,2:00,422
7608653637,U,IB,1,2,728,821149,133,51:00.0,6,1:00,422
7608653655,U,OB,1,1,410,530504,48,01:00.0,2,21:00,422
7608653664,U,OB,1,2,760,530504,48,57:00.0,2,20:00,422
7608653673,U,OB,1,1,130,530504,48,51:00.0,2,20:00,422
7608653682,U,OB,1,3,1496,390229,60,24:00.0,4,0:00,422
7608653875,U,OB,1,1,185,821149,60,26:00.0,2,19:00,422
7608653884,U,OB,1,2,947,390072,55,03:00.0,5,20:00,422
7608653893,U,OB,1,1,585,390236,66,26:00.0,6,21:00,422
7608653902,U,OB,1,1,254,390236,66,24:00.0,6,21:00,422
7608653911,U,OB,1,1,92,390236,66,23:00.0,6,21:00,422
7608653920,U,OB,1,1,479,390236,66,29:00.0,6,21:00,422
760865393X,U,OB,1,1,432,390047,67,33:00.0,4,20:00,422
7608653949,U,OB,1,3,1918,821149,39,08:00.0,6,21:00,422
7608654250,U,OB,1,1,169,821149,60,24:00.0,2,19:00,422
7608654288,U,OB,1,1,317,560027,76,10:00.0,3,21:00,422
7608654297,U,OB,1,1,573,560027,76,19:00.0,3,21:00,422
7608654306,U,OB,1,1,339,560024,29,12:00.0,3,21:00,422
7608654324,U,OB,1,8,9130,820869,89,04:00.0,4,18:00,422
7608654342,U,OB,1,1,803,390072,55,21:00.0,5,20:00,422
7608654351,U,OB,1,2,684,390072,55,15:00.0,5,20:00,422
7608654360,U,IB,1,119,545,842193,101,53:00.0,2,20:00,422
760865437X,U,IB,1,2,930,842193,101,04:00.0,2,21:00,422
7608654389,U,IB,1,1,211,842193,101,43:00.0,2,20:00,422
7608654389,U,OB,1,1,211,842193,81,06:00.0,3,0:00,422
7608654398,U,IB,1,1,250,842193,101,57:00.0,2,20:00,422
7608654407,U,OB,1,1,655,830887,75,51:00.0,3,21:00,422
7608654416,U,OB,1,2,1487,830887,75,06:00.0,3,22:00,422
7608654425,U,OB,1,1,380,830887,75,00:00.0,3,22:00,422
7608654434,U,OB,1,1,408,830887,75,55:00.0,3,21:00,422
7608654443,U,OB,1,2,792,830887,75,12:00.0,3,22:00,422
7608655552,U,OB,1,1,1200,390234,58,22:00.0,4,21:00,422
7608655561,U,OB,1,3,2700,390234,58,14:00.0,4,21:00,422
760865558X,U,OB,1,1,2695,390234,58,17:00.0,4,22:00,422
7608655599,U,OB,1,3,8100,390234,58,48:00.0,4,22:00,422
7608655626,U,OB,1,4,6840,390234,58,04:00.0,5,0:00,422
7608655635,U,OB,1,2,630,390234,58,00:00.0,5,1:00,422
7608655644,U,OB,1,1,2002,841940,55,19:00.0,3,22:00,422
7608655653,U,OB,1,1,62,560345,40,03:00.0,2,20:00,422
7608655662,U,OB,1,1,210,560345,40,07:00.0,2,20:00,422
7608655671,U,OB,1,13,3037,560345,40,45:00.0,2,21:00,422
7608655680,U,OB,1,6,1928,560345,40,57:00.0,2,22:00,422
760865569X,U,OB,1,13,12725,310753,13,46:00.0,7,7:00,422
7608656717,U,OB,1,2,3381,530900,52,27:00.0,7,11:00,422
7608656726,U,OB,1,1,347,530900,52,24:00.0,7,11:00,422
7608656735,U,OB,1,1,2200,530900,52,05:00.0,7,11:00,422
7608656744,U,OB,1,3,6030,251445,76,23:00.0,3,0:00,422
7608656753,U,OB,1,4,5600,251445,76,59:00.0,3,0:00,422
7608656771,U,OB,1,2,5880,251445,76,39:00.0,3,1:00,422
7608656827,U,IB,1,1,163,505667,114,33:00.0,3,20:00,422
7608656836,U,IB,1,4,4830,505667,114,30:00.0,3,20:00,422
7608656845,U,IB,1,1,934,505667,114,10:00.0,3,20:00,422
7608656863,U,IB,1,1,240,505667,114,44:00.0,3,19:00,422
7608656872,U,IB,1,4,4294,505667,114,54:00.0,3,19:00,422
7608656881,U,OB,1,4,3725,842274,58,55:00.0,5,6:00,422
7608656890,U,OB,1,2,1148,842274,58,24:00.0,5,4:00,422
760865690X,U,OB,1,1,238,842274,58,14:00.0,5,4:00,422
7608656919,U,OB,1,6,1350,504612,50,49:00.0,6,11:00,422
7608656928,U,OB,1,2,1180,504612,50,27:00.0,6,11:00,422
7608656937,U,OB,1,1,449,504612,50,35:00.0,6,11:00,422
7608656946,U,OB,1,1,582,504612,50,29:00.0,6,11:00,422
7608656946,U,OB,1,1,582,504612,69,33:00.0,6,11:00,422
7608656946,U,OB,1,1,582,504612,69,15:00.0,2,16:00,422
7608658459,U,OB,1,1,920,57017,49,51:00.0,2,22:00,422
7608658468,U,OB,1,1,85,57017,49,59:00.0,2,22:00,422
7608658495,U,OB,1,2,1340,559414,63,08:00.0,4,4:00,422
7608658504,U,OB,1,1,110,559414,63,32:00.0,4,3:00,422
7608658513,U,OB,1,1,700,559414,63,24:00.0,4,3:00,422
7608658513,U,OB,1,1,700,559414,59,39:00.0,4,3:00,422
7608658522,U,OB,1,1,975,559414,63,30:00.0,4,3:00,422
7608658531,U,OB,1,7,3835,505669,63,15:00.0,5,9:00,422
7608658540,U,OB,1,1,376,505669,63,10:00.0,5,9:00,422
760865855X,U,OB,1,4,2180,505669,94,52:00.0,5,8:00,422
7608658569,U,OB,1,1,355,505669,63,40:00.0,5,8:00,422
7608658578,U,OB,1,4,2525,505669,63,16:00.0,5,8:00,422
7608658587,U,OB,1,1,611,505669,63,19:00.0,5,8:00,422
7608658587,U,OB,1,1,611,505669,91,14:00.0,6,7:00,422
7608658596,U,OB,1,2,547,505669,63,59:00.0,5,7:00,422
7608658605,U,OB,1,2,5600,505669,63,29:00.0,5,7:00,422
7608658614,U,OB,1,1,235,310232,38,07:00.0,6,0:00,422
7608658623,U,OB,1,3,550,310232,38,02:00.0,6,0:00,422
7608658632,U,OB,1,2,3585,310232,38,00:00.0,6,0:00,422
7608658641,U,OB,1,7,1570,530751,32,15:00.0,7,4:00,422
760865866X,U,OB,1,10,3400,530751,32,21:00.0,7,6:00,422
7608658679,U,OB,1,4,1785,530751,32,14:00.0,7,2:00,422
7608658688,U,OB,1,1,212,530751,32,59:00.0,7,1:00,422
7608659420,U,OB,1,1,185,10408,43,49:00.0,2,21:00,422
7608659705,U,OB,1,2,1915,504612,50,15:00.0,6,11:00,422
7608659714,U,OB,1,4,2584,841925,74,15:00.0,7,8:00,422
7608659723,U,OB,1,9,1530,841925,74,11:00.0,7,8:00,422
7608659732,U,OB,1,1,280,841925,74,47:00.0,7,7:00,422
7608659741,U,OB,1,2,1860,841925,74,42:00.0,7,7:00,422
7608659750,U,OB,1,1,240,841925,74,38:00.0,7,7:00,422
7608659750,U,OB,1,1,240,841925,69,15:00.0,2,16:00,422
760865976X,U,OB,1,1,1254,841925,74,55:00.0,7,7:00,422
7608659779,U,OB,1,1,87,841925,74,57:00.0,7,7:00,422
7608659788,U,IB,1,3,2950,430890,117,31:00.0,6,22:00,422
7608659797,U,IB,1,2,5800,430890,117,12:00.0,6,22:00,422
7608659806,U,IB,1,10,2577,430890,117,55:00.0,6,22:00,422
7608659833,U,OB,1,1,1128,842029,73,58:00.0,3,1:00,422
7608659842,U,OB,1,1,190,842029,73,38:00.0,3,1:00,422
7608659851,U,OB,1,2,755,842029,73,06:00.0,3,1:00,422
7608659860,U,OB,1,1,480,842029,73,46:00.0,3,0:00,422
760865987X,U,OB,1,2,664,10304,5,50:00.0,4,14:00,422
760865987X,U,OB,1,2,664,10304,32,42:00.0,4,0:00,422
7608659889,U,OB,1,5,870,842029,73,22:00.0,3,1:00,422
7608659898,U,OB,1,1,405,842029,73,26:00.0,3,0:00,422
7608659907,U,OB,1,1,181,842029,73,23:00.0,3,0:00,422
7608659916,U,OB,1,6,1525,10304,32,39:00.0,4,1:00,422
7608659925,U,OB,1,2,3958,10304,32,06:00.0,4,1:00,422
7608659934,U,OB,1,7,1265,10304,32,55:00.0,4,0:00,422
7608659943,U,OB,1,1,233,504612,50,51:00.0,6,10:00,422
7608659961,U,OB,1,2,3344,10304,32,32:00.0,4,0:00,422
7608659970,U,OB,1,2,396,903850,38,17:00.0,5,2:00,422
7608659999,U,OB,1,4,4210,903850,38,35:00.0,5,1:00,422
7608660008,U,OB,1,5,1428,430510,66,17:00.0,7,3:00,422
7608660017,U,OB,1,1,429,430510,30,10:00.0,2,9:00,422
7608660017,U,OB,1,1,429,430510,66,01:00.0,7,3:00,422
7608660017,U,OB,1,1,429,430510,30,56:00.0,7,4:00,422
7608660026,U,OB,1,3,570,430510,66,12:00.0,7,3:00,422
7608660035,U,OB,1,1,470,430510,66,06:00.0,7,3:00,422
7608660044,U,OB,1,1,365,430510,66,51:00.0,7,2:00,422
7608660062,U,OB,1,1,202,430510,66,36:00.0,7,2:00,422
7608660071,U,OB,1,1,711,430510,66,33:00.0,7,2:00,422
7608660080,U,OB,1,1,2710,430510,66,30:00.0,7,2:00,422
760866009X,U,OB,1,1,250,430510,66,17:00.0,7,2:00,422
7608660109,U,OB,1,1,2760,57017,49,47:00.0,3,0:00,422
7608660118,U,OB,1,2,1086,57017,49,42:00.0,3,0:00,422
7608660127,U,OB,1,1,633,57017,49,23:00.0,3,0:00,422
7608660136,U,OB,1,1,1672,57017,49,14:00.0,3,0:00,422
7608660145,U,OB,1,1,907,57017,49,18:00.0,3,0:00,422
7608660172,U,OB,1,1,440,430510,66,40:00.0,7,3:00,422
7608660181,U,OB,1,1,435,903850,38,39:00.0,5,0:00,422
7608660190,U,OB,1,4,3675,903850,38,49:00.0,5,1:00,422
7608662482,U,OB,1,1,320,410224,43,47:00.0,6,20:00,422
7608662491,U,OB,1,1,890,410224,43,58:00.0,6,20:00,422
7608662500,U,OB,1,1,655,410224,43,38:00.0,6,21:00,422
760866251X,U,OB,1,1,318,410224,43,25:00.0,6,20:00,422
7608662538,U,OB,1,1,1565,410224,43,44:00.0,6,18:00,422
7608662547,U,OB,1,1,146,410224,43,24:00.0,6,19:00,422
7608662556,U,OB,1,4,2335,410224,43,55:00.0,6,20:00,422
7608662803,U,OB,1,1,65,000OSD,21,13:00.0,3,11:00,422
7608662812,U,OB,1,1,300,000OSD,54,00:00.0,4,12:00,422
7608662821,U,OB,1,1,1275,000OSD,1,36:00.0,4,11:00,422
7608662830,U,IB,1,1,780,000OSD,109,12:00.0,5,11:00,422
760866284X,U,OB,1,8,2386,000OSD,79,52:00.0,5,11:00,422
7608662859,U,OB,1,1,890,000OSD,83,41:00.0,5,11:00,422
7608662868,U,IB,1,2,772,000OSD,137,25:00.0,6,10:00,422
760866295X,U,OB,1,2,2630,505669,43,06:00.0,7,5:00,422
760866570X,U,OB,1,1,1350,89542,86,59:00.0,4,22:00,422
7608665719,U,OB,1,1,1106,89542,97,33:00.0,5,0:00,422
7608665719,U,OB,1,1,1106,89542,86,25:00.0,5,0:00,422
7608665728,U,OB,1,1,1200,89542,86,23:00.0,5,0:00,422
7608665746,U,OB,1,1,82,560345,60,25:00.0,6,20:00,422
7608665755,U,OB,1,1,314,89542,86,03:00.0,5,0:00,422
7608665892,U,OB,1,1,167,560345,60,08:00.0,6,20:00,422
7608665901,U,OB,1,10,2425,730114,73,53:00.0,2,18:00,422
760866592X,U,OB,1,1,2450,730114,73,28:00.0,2,18:00,422
7608665939,U,OB,1,1,800,730114,73,07:00.0,2,19:00,422
7608665948,U,OB,1,2,3130,89542,86,19:00.0,5,0:00,422
7608665993,U,OB,1,1,423,531169,73,55:00.0,4,0:00,422
7608665993,U,OB,1,1,423,531169,81,53:00.0,4,7:00,422
7608666011,U,OB,1,3,1125,531169,73,45:00.0,4,0:00,422
7608666231,U,OB,1,1,620,530088,63,40:00.0,3,19:00,422
7608666240,U,OB,1,1,304,530088,63,36:00.0,3,19:00,422
760866625X,U,OB,1,1,612,530088,63,22:00.0,3,19:00,422
7608666269,U,OB,1,2,1498,530683,49,26:00.0,7,6:00,422
7608666278,U,OB,1,1,495,530683,49,55:00.0,7,4:00,422
7608666460,U,OB,1,7,4215,312365,26,54:00.0,1,4:00,422
760866647X,U,OB,1,3,1410,312365,26,41:00.0,1,4:00,422
7608666498,U,OB,1,7,2495,57019,49,00:00.0,5,3:00,422
7608666516,U,OB,1,3,1790,120918,53,34:00.0,3,18:00,422
7608666525,U,OB,1,7,3700,120918,53,39:00.0,3,18:00,422
7608666534,U,OB,1,8,4200,532178,55,00:00.0,4,19:00,422
7608666561,U,OB,1,9,5380,842167,22,18:00.0,3,22:00,422
7608666570,U,OB,1,13,6645,842167,22,48:00.0,3,21:00,422
760866658X,U,OB,1,4,2305,530088,63,16:00.0,3,18:00,422
7608667057,U,OB,1,4,2060,531169,73,14:00.0,4,2:00,422
7608667066,U,OB,1,1,645,531169,73,25:00.0,4,1:00,422
7608667075,U,OB,1,2,835,531169,73,34:00.0,4,0:00,422
7608667093,U,OB,1,2,865,312365,26,44:00.0,1,4:00,422
7608667102,U,OB,1,1,556,312365,26,42:00.0,1,4:00,422
7608667111,U,OB,1,1,56,312365,26,04:00.0,1,4:00,422
7608667120,U,OB,1,1,447,312365,26,50:00.0,1,3:00,422
760866713X,U,OB,1,4,1955,560225,73,35:00.0,2,20:00,422
7608667149,U,OB,1,1,560,560225,73,46:00.0,2,20:00,422
7608667158,U,IB,1,7,4745,560225,106,07:00.0,3,0:00,422
7608667167,U,OB,1,5,2880,560225,73,16:00.0,2,20:00,422
7608667176,U,OB,1,1,339,560225,73,50:00.0,2,19:00,422
7608667185,U,OB,1,1,372,560225,73,30:00.0,2,19:00,422
7608667194,U,OB,1,1,360,C422057019,49,41:00.0,5,5:00,422
7608669201,U,IB,1,1,265,904284,103,53:00.0,5,0:00,422
7608669210,U,OB,1,9,13407,842082,63,24:00.0,6,0:00,422
7608669239,U,OB,1,1,865,821190,32,09:00.0,6,21:00,422
7608669257,U,OB,1,1,575,821190,51,18:00.0,2,22:00,422
7608669266,U,OB,1,1,1252,821190,51,20:00.0,2,22:00,422
7608669275,U,OB,1,1,234,430926,69,07:00.0,3,21:00,422
7608669284,U,OB,1,1,265,430926,69,05:00.0,3,21:00,422
7608669293,U,OB,1,1,720,850053,86,42:00.0,4,21:00,422
7608669459,U,OB,1,1,1150,310707,53,51:00.0,4,20:00,422
7608669486,U,CTY,1,4,1220,310707,P   ,24:00.0,5,3:00,422
7608669495,U,OB,1,2,718,310506,76,27:00.0,3,18:00,422
7608669504,U,OB,1,1,218,310506,76,30:00.0,3,18:00,422
7608669513,U,OB,1,2,718,310506,76,35:00.0,3,18:00,422
7608669522,U,OB,1,3,1169,310506,76,40:00.0,3,18:00,422
7608669531,U,OB,1,4,1430,310506,76,48:00.0,3,18:00,422
7608669540,U,OB,1,1,495,310506,76,23:00.0,3,19:00,422
760866955X,U,OB,1,1,1110,310506,76,35:00.0,3,19:00,422
7608669715,U,OB,1,2,2090,842274,90,14:00.0,2,20:00,422
7608669724,U,OB,1,2,675,842274,90,21:00.0,2,20:00,422
7608669733,U,OB,1,1,75,842872,72,27:00.0,6,19:00,422
7608669742,U,OB,1,1,229,842872,72,25:00.0,6,19:00,422
7608669751,U,OB,1,1,1590,842872,72,32:00.0,6,19:00,422
7608669760,U,OB,1,20,740,842167,58,17:00.0,2,22:00,422
7608670200,U,OB,1,8,931,310707,60,05:00.0,6,4:00,422
760867021X,U,OB,1,7,2706,310707,60,58:00.0,6,0:00,422
7608670229,U,OB,1,9,2111,310707,60,54:00.0,6,3:00,422
7608670238,U,OB,1,377,3223,559143,32,59:00.0,7,11:00,422
7608670247,U,OB,1,3,1828,310707,60,13:00.0,6,4:00,422
7608670256,U,OB,1,376,2292,559143,32,33:00.0,7,4:00,422
7608670265,U,OB,1,104,615,559143,32,18:00.0,7,8:00,422
7608670292,U,OB,1,1,138,559143,32,00:00.0,7,12:00,422
7608670301,U,OB,1,6,2020,559143,32,30:00.0,7,12:00,422
7608670310,U,OB,1,74,758,530419,75,37:00.0,4,1:00,422
7608670339,U,OB,1,201,1190,530419,75,41:00.0,4,1:00,422
7608670348,U,OB,1,130,1080,530419,75,40:00.0,3,22:00,422
7608670366,U,OB,1,180,1587,530419,75,39:00.0,4,1:00,422
7608670375,U,OB,1,109,1050,530419,75,42:00.0,4,1:00,422
7608670384,U,OB,1,49,715,530419,75,48:00.0,4,1:00,422
7608670411,U,OB,1,163,1404,530419,75,43:00.0,4,1:00,422
7608670420,U,OB,1,37,625,530419,75,23:00.0,4,0:00,422
7608670449,U,OB,1,2,833,530751,50,25:00.0,4,21:00,422
760867065X,U,OB,1,1,575,843233,50,01:00.0,2,22:00,422
7608670669,U,OB,1,10,4435,843233,50,43:00.0,3,0:00,422
7608670678,U,OB,1,2,1580,843233,50,57:00.0,3,0:00,422
7608670851,U,CTY,1,1,403,842100,N11 ,44:00.0,3,8:00,422
7608670889,U,OB,1,1,853,10422,76,17:00.0,2,21:00,422
7608670889,U,IB,1,1,853,10422,119,07:00.0,3,0:00,422
7608670898,U,OB,1,5,3193,842872,69,25:00.0,3,21:00,422
7608670934,U,OB,1,2,990,559414,38,44:00.0,3,21:00,422
7608670943,U,OB,1,2,1696,842029,89,01:00.0,4,21:00,422
7608670952,U,OB,1,2,565,559143,32,47:00.0,7,10:00,422
7608670961,U,OB,1,1,407,560345,40,12:00.0,2,20:00,422
7608670970,U,OB,1,2,695,530419,81,33:00.0,4,1:00,422
7608670970,U,OB,1,2,695,530419,75,32:00.0,4,1:00,422
760867098X,U,OB,1,1,1157,560345,40,22:00.0,2,20:00,422
7608670999,U,OB,1,1,309,530419,75,34:00.0,4,1:00,422
7608671008,U,OB,1,1,625,530419,75,31:00.0,4,1:00,422
760867120X,U,OB,1,4,7170,507989,73,24:00.0,4,20:00,422
7608671704,U,OB,1,1,290,310707,25,42:00.0,4,19:00,422
7608671704,U,OB,1,1,290,310707,25,42:00.0,4,19:00,422
7608671713,U,OB,1,1,280,310707,53,34:00.0,4,19:00,422
7608671722,U,OB,1,1,550,310707,53,38:00.0,4,19:00,422
7608671731,U,OB,1,1,50,310707,30,44:00.0,4,19:00,422
7608671731,U,OB,1,1,50,310707,53,42:00.0,4,19:00,422
760867175X,U,IB,1,4,2480,310707,106,06:00.0,4,21:00,422
760867175X,U,OB,1,4,2480,310707,53,48:00.0,4,20:00,422
7608671769,U,OB,1,1,305,310707,53,50:00.0,4,20:00,422
7608672721,U,OB,1,1,1220,843233,43,20:00.0,5,0:00,422
760867296X,U,OB,1,1,490,430773,43,50:00.0,6,21:00,422
7608672979,U,OB,1,6,3780,430773,43,16:00.0,6,22:00,422
7608672988,U,OB,1,1,630,430773,43,54:00.0,6,21:00,422
7608672997,U,OB,1,1,720,430773,43,56:00.0,6,20:00,422
7608673006,U,OB,1,1,417,430773,43,43:00.0,6,21:00,422
7608673015,U,OB,1,1,20,430773,43,06:00.0,6,20:00,422
7608673024,U,OB,1,1,31,430773,43,28:00.0,6,20:00,422
7608673033,U,OB,1,7,920,430773,43,50:00.0,6,20:00,422
7608673244,U,OB,1,1,245,559146,40,17:00.0,5,20:00,422
7608673253,U,OB,1,6,2625,311349,50,49:00.0,3,22:00,422
7608673271,U,OB,1,2,406,311349,57,38:00.0,4,2:00,422
760867329X,U,OB,1,1,240,390234,39,49:00.0,3,20:00,422
760867351X,U,OB,1,1,175,842029,89,18:00.0,7,1:00,422
7608673529,U,OB,1,2,295,842029,89,50:00.0,7,0:00,422
7608674555,U,OB,1,3,650,89542,34,36:00.0,7,0:00,422
7608674555,U,OB,1,3,650,89542,67,35:00.0,7,0:00,422
7608674959,U,OB,1,1,1830,89542,32,26:00.0,2,22:00,422
7608675206,U,IB,1,2,3550,515334,111,04:00.0,2,21:00,422
7608675370,U,OB,1,2,3595,211467,26,52:00.0,3,21:00,422
7608677112,U,OB,1,1,1485,559046,72,36:00.0,5,20:00,422
7608677121,U,OB,1,1,546,559046,72,40:00.0,5,21:00,422
760867714X,U,OB,1,1,355,530091,48,53:00.0,3,22:00,422
7608677159,U,OB,1,1,388,530091,48,55:00.0,3,22:00,422
7608678919,U,OB,1,5,3925,530504,72,33:00.0,4,22:00,422
7608678946,U,OB,1,1,500,530504,72,22:00.0,4,21:00,422
7608678955,U,OB,1,2,2450,559026,46,57:00.0,3,20:00,422
7608678964,U,OB,1,6,11510,843236,50,48:00.0,5,20:00,422
7608678973,U,OB,1,5,6931,558869,75,55:00.0,5,19:00,422
7608679734,U,OB,1,3,1075,842029,50,10:00.0,2,20:00,422
7608679743,U,OB,1,9,2850,841925,73,45:00.0,4,21:00,422
7608680028,U,OB,1,3,755,559690,67,59:00.0,2,20:00,422
7608680037,U,OB,1,3,1080,559690,67,51:00.0,2,20:00,422
7608680055,U,OB,1,1,657,530419,53,54:00.0,4,23:00,422
7608680073,U,OB,1,27,24,903850,88,24:00.0,5,21:00,422
7608680082,U,OB,1,70,665,903850,88,37:00.0,5,21:00,422
7608680091,U,OB,1,5,1320,558453,49,38:00.0,2,18:00,422
7608680100,U,OB,1,1,127,558453,49,34:00.0,2,18:00,422
7608680129,U,OB,1,1,319,507215,53,21:00.0,6,3:00,422
7608680138,U,OB,1,1,90,820869,17,15:00.0,7,1:00,422
7608680147,U,OB,1,3,700,310552,43,30:00.0,4,22:00,422
7608680156,U,OB,1,1,427,507215,53,35:00.0,6,3:00,422
7608680165,U,OB,1,1,335,507215,53,23:00.0,6,3:00,422
7608680174,U,OB,1,1,421,507215,53,39:00.0,6,3:00,422
7608680183,U,OB,1,1,268,507215,53,15:00.0,6,3:00,422
7608680192,U,OB,1,1,299,507215,53,33:00.0,6,3:00,422
7608680724,U,IB,1,8,17230,390047,131,13:00.0,4,21:00,422
7608680733,U,IB,1,2,1528,390047,131,42:00.0,4,20:00,422
7608680742,U,IB,1,2,1258,390047,131,27:00.0,4,20:00,422
7608680751,U,IB,1,1,209,390047,131,21:00.0,4,20:00,422
7608680760,U,IB,1,4,3796,390047,131,17:00.0,4,20:00,422
760868077X,U,OB,1,4,500,251290,50,24:00.0,5,1:00,422
7608680789,U,OB,1,1,800,251290,50,53:00.0,5,0:00,422
7608680798,U,OB,1,7,12294,390047,49,48:00.0,3,22:00,422
7608680807,U,OB,1,8,15385,390047,49,36:00.0,3,22:00,422
7608680816,U,OB,1,10,14850,390047,49,22:00.0,3,23:00,422
7608680834,U,OB,1,1,64,559026,46,03:00.0,4,21:00,422
7608680843,U,OB,1,1,1360,559026,46,05:00.0,4,21:00,422
7608680843,U,IB,1,1,1360,559026,103,53:00.0,5,1:00,422
7608680852,U,OB,1,1,182,559026,46,10:00.0,4,20:00,422
7608680861,U,OB,1,1,192,559026,46,08:00.0,4,20:00,422
7608680870,U,OB,1,1,1040,559026,46,21:00.0,4,21:00,422
760868088X,U,OB,1,1,280,559026,46,59:00.0,4,20:00,422
7608680899,U,OB,1,3,2321,559026,46,25:00.0,4,21:00,422
7608680908,U,IB,1,1,140,353244,104,49:00.0,6,21:00,422
7608680926,U,OB,1,3,670,842193,72,09:00.0,5,20:00,422
7608680935,U,OB,1,2,3195,251290,50,26:00.0,5,1:00,422
7608682071,U,IB,1,2,1503,112054,101,19:00.0,4,0:00,422
7608683061,U,OB,1,1,580,390047,95,47:00.0,2,21:00,422
760868308X,U,OB,1,2,800,390047,95,52:00.0,2,21:00,422
760868495X,U,OB,1,2,1015,842274,49,57:00.0,3,21:00,422
7608684978,U,OB,1,2,1386,842274,49,32:00.0,3,21:00,422
7608685005,U,IB,1,4,1940,531258,103,29:00.0,6,2:00,422
7608685023,U,IB,1,2,1558,531258,103,25:00.0,5,22:00,422
7608685243,U,OB,1,2,1100,430681,46,14:00.0,3,22:00,422
7608685252,U,OB,1,6,3300,430681,46,10:00.0,3,22:00,422
7608685261,U,OB,1,7,3750,430681,46,20:00.0,3,21:00,422
7608685445,U,OB,1,2,1227,430681,46,22:00.0,3,22:00,422
760868572X,U,OB,1,1,170,830890,69,29:00.0,6,16:00,422
7608685748,U,OB,1,3,1610,97130,90,49:00.0,4,17:00,422
760868605X,U,OB,1,1,290,505665,67,03:00.0,4,18:00,422
7608686069,U,IB,1,1,370,505665,121,52:00.0,4,22:00,422
7608686069,U,OB,1,1,370,505665,67,59:00.0,4,17:00,422
7608686078,U,OB,1,19,2427,842167,53,52:00.0,4,22:00,422
7608686087,U,OB,1,2,160,842167,53,55:00.0,4,22:00,422
7608686096,U,OB,1,1,1600,87955,60,19:00.0,5,18:00,422
7608686361,U,OB,1,1,840,000OSD,36,56:00.0,2,15:00,422
7608686399,U,OB,1,2,1745,505671,89,52:00.0,6,18:00,422
7608686417,U,CTY,1,1,128,000OSD,221,21:00.0,4,14:00,422
7608686435,U,IB,1,1,1968,000OSD,130,42:00.0,6,14:00,422
7608686444,U,OB,1,1,495,000OSD,25,02:00.0,4,10:00,422
7608687461,U,OB,1,1,481,353223,90,07:00.0,3,21:00,422
7608687470,U,IB,1,1,323,821149,133,25:00.0,6,2:00,422
7608688278,U,OB,1,1,761,430738,50,15:00.0,5,19:00,422
7608688287,U,OB,1,1,869,430738,50,10:00.0,5,19:00,422
7608688296,U,OB,1,1,1490,430738,50,29:00.0,5,19:00,422
7608688305,U,OB,1,1,415,560856,55,24:00.0,2,18:00,422
7608688314,U,OB,1,1,1130,560856,55,13:00.0,2,18:00,422
7608688323,U,OB,1,1,1031,430498,76,38:00.0,3,20:00,422
7608688341,U,OB,1,1,90,430498,76,56:00.0,3,20:00,422
7608688350,U,OB,1,12,7180,430498,76,36:00.0,3,20:00,422
7608688379,U,OB,1,1,155,430498,76,09:00.0,3,20:00,422
7608688388,U,OB,1,1,230,430617,49,48:00.0,2,21:00,422
7608688397,U,OB,1,1,3877,430617,49,43:00.0,2,21:00,422
7608688406,U,OB,1,1,473,430617,49,25:00.0,2,21:00,422
7608688424,U,OB,1,1,205,430617,49,04:00.0,2,21:00,422
7608688433,U,OB,1,1,360,430617,49,20:00.0,2,21:00,422
7608688442,U,OB,1,1,685,430617,49,58:00.0,2,20:00,422
7608688451,U,OB,1,1,683,430738,59,01:00.0,5,19:00,422
7608688451,U,OB,1,1,683,430738,59,01:00.0,5,19:00,422
7608688460,U,OB,1,1,177,430738,50,56:00.0,5,18:00,422
7608688489,U,OB,1,1,220,430738,50,24:00.0,5,18:00,422
7608688489,U,OB,1,1,220,430738,81,28:00.0,5,18:00,422
7608688498,U,OB,1,1,400,430738,50,49:00.0,5,18:00,422
7608688507,U,OB,1,1,920,430738,59,47:00.0,5,18:00,422
7608688507,U,OB,1,1,920,430738,50,43:00.0,5,18:00,422
7608688525,U,OB,1,1,370,430738,50,48:00.0,5,18:00,422
7608688543,U,OB,1,1,225,430738,50,42:00.0,5,18:00,422
7608688561,U,OB,1,1,245,430738,50,38:00.0,5,18:00,422
7608688570,U,OB,1,1,961,430738,50,32:00.0,5,18:00,422
760868858X,U,OB,1,1,810,430738,50,29:00.0,5,18:00,422
7608688599,U,OB,1,1,803,430738,50,12:00.0,5,18:00,422
7608688608,U,OB,1,1,406,430738,81,28:00.0,5,18:00,422
7608688608,U,OB,1,1,406,430738,50,25:00.0,5,18:00,422
7608688617,U,OB,1,1,541,430738,57,08:00.0,5,18:00,422
7608688617,U,OB,1,1,541,430738,50,06:00.0,5,18:00,422
7608688626,U,OB,1,1,330,430738,50,07:00.0,5,18:00,422
7608688635,U,OB,1,1,483,843236,86,24:00.0,6,20:00,422
7608688644,U,OB,1,1,221,843236,86,09:00.0,6,20:00,422
7608688662,U,OB,1,1,517,843236,86,04:00.0,6,20:00,422
760868869X,U,OB,1,1,1515,843236,86,58:00.0,6,19:00,422
7608688709,U,OB,1,1,150,843236,86,29:00.0,6,19:00,422
7608688718,U,OB,1,1,163,843236,86,27:00.0,6,19:00,422
7608688736,U,OB,1,1,645,843236,86,24:00.0,6,19:00,422
7608688745,U,OB,1,1,610,843236,86,33:00.0,6,19:00,422
7608688754,U,OB,1,1,400,843236,86,22:00.0,6,19:00,422
7608688763,U,OB,1,1,240,843236,86,19:00.0,6,19:00,422
7608688837,U,OB,1,1,976,843236,86,58:00.0,6,18:00,422
7608688864,U,OB,1,1,854,430498,76,46:00.0,3,20:00,422
7608688900,U,OB,1,1,300,430498,76,14:00.0,3,20:00,422
7608688938,U,OB,1,1,169,430498,76,27:00.0,3,19:00,422
7608688947,U,OB,1,1,166,430617,49,33:00.0,2,20:00,422
7608688956,U,OB,1,1,1778,430617,49,54:00.0,2,20:00,422
7608688965,U,OB,1,1,930,430617,49,38:00.0,2,20:00,422
7608688974,U,OB,1,1,195,430617,49,29:00.0,2,20:00,422
7608688992,U,IB,1,1,210,430617,106,25:00.0,2,20:00,422
7608688992,U,IB,1,1,210,430617,106,25:00.0,2,20:00,422
7608689010,U,OB,1,1,245,430617,49,20:00.0,2,20:00,422
760868902X,U,OB,1,1,560,430617,49,09:00.0,2,20:00,422
7608689039,U,OB,1,1,175,430617,49,22:00.0,2,19:00,422
7608689048,U,OB,1,1,870,430617,49,16:00.0,2,19:00,422
7608689057,U,OB,1,1,870,430617,49,13:00.0,2,19:00,422
7608689066,U,OB,1,1,216,430617,49,11:00.0,2,19:00,422
7608689084,U,OB,1,1,1317,558470,55,53:00.0,2,22:00,422
7608689093,U,OB,1,1,1021,558470,55,39:00.0,2,22:00,422
7608689102,U,OB,1,1,133,558470,55,35:00.0,2,22:00,422
7608689111,U,OB,1,1,1094,558470,55,04:00.0,2,22:00,422
760868913X,U,OB,1,1,315,558470,55,12:00.0,2,20:00,422
7608689149,U,OB,1,1,165,558470,55,15:00.0,2,20:00,422
7608689167,U,OB,1,1,116,558470,55,05:00.0,2,20:00,422
7608689185,U,OB,1,8,5150,150099,51,18:00.0,5,21:00,422
7608689194,U,OB,1,4,1960,150099,51,24:00.0,5,20:00,422
7608689203,U,OB,1,3,1365,150099,51,13:00.0,5,20:00,422
7608689450,U,OB,1,1,150,430617,49,22:00.0,2,20:00,422
760868946X,U,OB,1,1,470,558470,55,45:00.0,2,21:00,422
7608689479,U,OB,1,1,240,558470,55,42:00.0,2,21:00,422
7608689506,U,OB,1,1,2060,558470,55,45:00.0,2,22:00,422
7608689515,U,OB,1,1,360,558470,55,17:00.0,2,20:00,422
7608689524,U,OB,1,1,273,150099,51,58:00.0,5,19:00,422
7608689542,U,OB,1,1,400,150099,51,48:00.0,5,19:00,422
7608689551,U,OB,1,1,820,150099,51,53:00.0,5,19:00,422
7608689560,U,OB,1,1,335,150099,51,45:00.0,5,19:00,422
760868957X,U,OB,1,5,4140,150099,51,27:00.0,5,19:00,422
7608691367,U,OB,1,1,365,112054,66,33:00.0,3,1:00,422
7608691376,U,OB,1,2,819,112054,66,31:00.0,3,1:00,422
7608691385,U,OB,1,2,775,112054,66,51:00.0,3,0:00,422
7608691477,U,OB,1,1,795,842100,53,05:00.0,6,21:00,422
7608691486,U,OB,1,1,1595,842100,53,35:00.0,6,21:00,422
7608691495,U,OB,1,2,1510,842100,53,39:00.0,6,21:00,422
7608691751,U,OB,1,1,258,390072,79,12:00.0,6,0:00,422
7608691751,U,OB,1,1,258,390072,96,11:00.0,6,0:00,422
7608691807,U,OB,1,4,1660,531169,73,17:00.0,4,1:00,422
7608691816,U,OB,1,6,2830,531169,73,19:00.0,4,2:00,422
7608691825,U,OB,1,4,2245,560225,73,47:00.0,2,19:00,422
7608691843,U,OB,1,3,1385,532178,55,20:00.0,4,19:00,422
7608691861,U,OB,1,4,2190,530088,63,36:00.0,3,18:00,422
7608691870,U,OB,1,4,2145,842167,22,54:00.0,3,20:00,422
760869188X,U,OB,1,6,3030,530683,49,36:00.0,7,5:00,422
7608691899,U,OB,1,3,2225,530683,49,17:00.0,7,5:00,422
7608691899,U,IB,1,3,2225,530683,160,25:00.0,7,5:00,422
7608693713,U,OB,1,4,2000,89542,34,25:00.0,6,22:00,422
7608693713,U,OB,1,4,2000,89542,67,24:00.0,6,22:00,422
7608697554,U,OB,1,1,158,841895,69,53:00.0,6,21:00,422
7608697563,U,OB,1,5,1403,841895,55,17:00.0,7,0:00,422
7608697563,U,OB,1,5,1403,841895,69,51:00.0,6,21:00,422
7608698241,U,CTY,1,1,229,558638,231,08:00.0,3,7:00,422
7608698250,U,OB,1,2,1126,310552,26,04:00.0,2,19:00,422
7608698250,U,CTY,1,2,1126,310552,231,02:00.0,3,4:00,422
760869826X,U,OB,1,2,1174,842193,32,02:00.0,2,22:00,422
760869826X,U,CTY,1,2,1174,842193,231,10:00.0,3,8:00,422
7608698773,U,OB,1,1,319,559143,39,16:00.0,5,21:00,422
7608700809,U,OB,1,1,65,505665,46,39:00.0,3,0:00,422
7608700818,U,OB,1,1,65,505665,46,19:00.0,2,22:00,422
7608700827,U,OB,1,1,65,505665,46,40:00.0,2,22:00,422
7608700845,U,OB,1,1,65,505665,46,31:00.0,2,22:00,422
7608700854,U,OB,1,1,65,505665,46,05:00.0,2,22:00,422
7608700863,U,OB,1,1,65,505665,46,49:00.0,3,0:00,422
7608700872,U,OB,1,1,65,505665,46,19:00.0,2,22:00,422
7608700890,U,OB,1,1,65,505665,46,40:00.0,2,22:00,422
7608702367,U,OB,1,6,12620,820869,45,29:00.0,6,20:00,422
7608702367,U,OB,1,6,12620,820869,45,29:00.0,6,20:00,422
7608702394,U,OB,1,2,4476,841940,76,53:00.0,2,19:00,422
7608702403,U,OB,1,2,827,841940,76,50:00.0,2,19:00,422
7608702412,U,OB,1,7,9242,841940,76,37:00.0,2,20:00,422
760870244X,U,OB,1,2,260,841940,76,18:00.0,2,20:00,422
7608702614,U,CTY,1,12,5285,113386,218,19:00.0,3,5:00,422
7608702614,U,OB,1,12,5285,113386,90,18:00.0,2,1:00,422
7608704960,U,OB,1,8,4500,559680,32,11:00.0,5,21:00,422
760870497X,U,OB,1,1,2400,559680,32,38:00.0,5,20:00,422
7608705007,U,OB,1,1,500,310506,69,59:00.0,3,18:00,422
7608705007,U,IB,1,1,500,310506,111,07:00.0,4,0:00,422
7608705043,U,OB,1,1,179,57019,38,29:00.0,6,21:00,422
7608705052,U,OB,1,1,171,57019,38,58:00.0,6,20:00,422
7608705061,U,OB,1,2,705,57019,38,25:00.0,6,21:00,422
7608705070,U,OB,1,5,2441,507215,26,39:00.0,2,21:00,422
760870508X,U,OB,1,1,577,507215,3,47:00.0,3,7:00,422
760870508X,U,OB,1,1,577,507215,26,29:00.0,2,21:00,422
7608705099,U,OB,1,3,1283,507215,26,24:00.0,2,21:00,422
7608705108,U,OB,1,1,569,507215,26,32:00.0,2,21:00,422
7608705108,U,OB,1,1,569,507215,24,33:00.0,2,21:00,422
7608705117,U,OB,1,162,4177,842091,74,18:00.0,3,19:00,422
7608705126,U,OB,1,22,490,842091,74,04:00.0,3,19:00,422
7608705135,U,OB,1,40,564,842091,74,23:00.0,3,19:00,422
7608705144,U,OB,1,1,211,821190,66,25:00.0,4,19:00,422
7608705153,U,OB,1,5,2640,821190,66,19:00.0,4,20:00,422
7608705162,U,OB,1,1,698,821190,66,37:00.0,4,20:00,422
7608705171,U,OB,1,2,693,821190,66,26:00.0,4,20:00,422
7608705180,U,OB,1,1,311,821190,66,06:00.0,4,20:00,422
7608705319,U,OB,1,1,2079,310552,50,26:00.0,7,0:00,422
7608705328,U,OB,1,1,217,310552,50,23:00.0,7,0:00,422
7608705337,U,OB,1,13,12200,310552,50,17:00.0,6,23:00,422
7608705346,U,OB,1,1,15,310552,50,42:00.0,6,22:00,422
7608705456,U,OB,1,5,4095,561048,26,08:00.0,6,0:00,422
7608705465,U,OB,1,3,2490,561048,26,07:00.0,5,22:00,422
7608705474,U,OB,1,2,500,561048,26,33:00.0,5,21:00,422
7608705483,U,OB,1,3,1665,561048,26,37:00.0,5,22:00,422
7608705492,U,OB,1,1,837,561048,26,46:00.0,5,22:00,422
7608705492,U,OB,1,1,837,561048,97,23:00.0,6,1:00,422
7608705501,U,OB,1,1,150,561048,26,36:00.0,5,21:00,422
760870552X,U,OB,1,1,2828,353223,32,55:00.0,2,20:00,422
7608709407,U,OB,1,3,997,841895,22,25:00.0,6,22:00,422
7608709416,U,OB,1,2,809,841895,22,41:00.0,6,22:00,422
7608709434,U,OB,1,7,1815,310707,40,31:00.0,2,22:00,422
7608709443,U,OB,1,1,247,310707,40,29:00.0,2,21:00,422
7608710213,U,OB,1,4,2364,842872,88,13:00.0,4,2:00,422
7608710222,U,IB,1,2,2410,10422,112,50:00.0,4,21:00,422
7608710278,U,OB,1,5,3475,559259,75,07:00.0,4,19:00,422
7608710287,U,OB,1,1,453,559935,88,28:00.0,5,0:00,422
7608710296,U,IB,1,2,1000,10422,112,17:00.0,4,21:00,422
7608710296,U,OB,1,2,1000,10422,3,42:00.0,5,6:00,422
7608710305,U,IB,1,1,47,10422,112,45:00.0,4,21:00,422
7608710314,U,IB,1,1,15,10422,112,39:00.0,4,21:00,422
7608711955,U,OB,1,1,871,112054,75,21:00.0,7,5:00,422
7608711973,U,OB,1,4,2000,353244,39,22:00.0,5,18:00,422
7608711982,U,OB,1,4,1928,112054,75,24:00.0,7,7:00,422
7608711991,U,OB,1,3,3100,353244,39,10:00.0,5,18:00,422
7608711991,U,OB,1,3,3100,353244,59,11:00.0,5,18:00,422
7608712000,U,OB,1,1,325,10408,55,40:00.0,7,0:00,422
760871201X,U,OB,1,1,419,10408,55,48:00.0,7,0:00,422
7608712029,U,OB,1,1,471,10408,55,33:00.0,7,0:00,422
7608712038,U,OB,1,1,251,10408,55,06:00.0,7,0:00,422
7608712065,U,OB,1,3,9260,559259,75,03:00.0,4,19:00,422
7608712074,U,OB,1,1,905,559259,75,08:00.0,4,19:00,422
7608712092,U,OB,1,2,2055,311022,58,22:00.0,4,18:00,422
7608712101,U,OB,1,1,801,311022,58,26:00.0,4,18:00,422
760871212X,U,OB,1,4,1487,57002,67,10:00.0,4,0:00,422
7608712139,U,OB,1,2,525,57002,67,28:00.0,4,0:00,422
7608712148,U,OB,1,6,2715,507215,22,38:00.0,5,22:00,422
7608712249,U,OB,1,3,4600,903850,49,26:00.0,3,21:00,422
7608712267,U,OB,1,12,10355,903850,49,07:00.0,3,21:00,422
7608712276,U,OB,1,2,3069,820869,89,34:00.0,4,18:00,422
7608712285,U,OB,1,2,915,820869,89,31:00.0,4,18:00,422
7608712285,U,CTY,1,2,915,820869,231,10:00.0,7,3:00,422
7608712440,U,OB,1,1,291,842082,67,32:00.0,5,18:00,422
760871245X,U,OB,1,5,4564,830887,48,17:00.0,2,21:00,422
7608712469,U,OB,1,1,890,830887,48,15:00.0,2,20:00,422
7608712469,U,OB,1,1,890,830887,24,35:00.0,2,21:00,422
7608712487,U,OB,1,4,2020,830887,48,09:00.0,2,20:00,422
7608712698,U,OB,1,2,910,830887,48,47:00.0,2,20:00,422
7608712707,U,OB,1,11,1860,559414,50,55:00.0,7,2:00,422
7608712716,U,OB,1,3,1205,559414,50,49:00.0,7,1:00,422
7608712725,U,OB,1,4,890,559414,50,57:00.0,7,0:00,422
7608712734,U,OB,1,3,875,559414,50,09:00.0,7,0:00,422
7608723413,U,OB,1,2,1360,830967,86,08:00.0,5,21:00,422
7608723431,U,OB,1,4,4505,842082,32,10:00.0,4,22:00,422
7608723440,U,OB,1,2,1395,830887,53,06:00.0,3,20:00,422
7608723651,U,OB,1,1,200,560486,67,11:00.0,5,21:00,422
7608723660,U,OB,1,1,125,560486,67,15:00.0,5,21:00,422
7608723660,U,OB,1,1,125,560486,81,16:00.0,5,21:00,422
760872367X,U,OB,1,1,200,559536,69,46:00.0,3,19:00,422
7608723689,U,OB,1,4,4244,559536,69,14:00.0,3,20:00,422
7608727337,U,OB,1,1,1210,842274,38,43:00.0,2,19:00,422
7608727346,U,OB,1,2,2525,842100,84,46:00.0,3,21:00,422
7608727346,U,IB,1,2,2525,842100,106,13:00.0,4,5:00,422
7608727355,U,OB,1,2,2250,842100,84,34:00.0,3,21:00,422
7608727364,U,OB,1,1,1475,842100,84,38:00.0,3,21:00,422
7608727373,U,OB,1,1,600,842274,96,00:00.0,4,22:00,422
7608727382,U,OB,1,1,750,842274,96,34:00.0,4,21:00,422
7608727391,U,OB,1,1,1576,842274,96,45:00.0,4,20:00,422
7608727400,U,OB,1,1,920,560856,52,10:00.0,6,0:00,422
760872741X,U,OB,1,7,2070,560856,52,24:00.0,6,0:00,422
7608727429,U,OB,1,2,1205,560856,95,03:00.0,6,6:00,422
7608727429,U,OB,1,2,1205,560856,52,07:00.0,6,0:00,422
7608727438,U,OB,1,1,1325,820869,17,12:00.0,7,1:00,422
7608729014,U,IB,1,2,2292,730114,112,20:00.0,4,19:00,422
7608729023,U,OB,1,2,1685,530419,31,50:00.0,5,22:00,422
7608729041,U,OB,1,2,1581,842100,53,17:00.0,6,20:00,422
7608729371,U,CTY,1,1,1321,82703,212,39:00.0,2,19:00,422
7608729427,U,OB,1,7,187,82703,74,45:00.0,4,20:00,422
7608729481,U,OB,1,2,2966,82703,74,09:00.0,4,20:00,422
760872950X,U,OB,1,1,1780,82703,50,59:00.0,7,2:00,422
7608729519,U,OB,1,1,194,82703,50,42:00.0,7,2:00,422
7608729528,U,OB,1,1,1100,82703,50,28:00.0,7,2:00,422
7608729537,U,OB,1,4,1383,82703,50,25:00.0,7,2:00,422
7608729546,U,OB,1,5,1535,82703,50,26:00.0,7,1:00,422
7608729555,U,OB,1,2,1005,82703,50,18:00.0,7,1:00,422
7608729564,U,OB,1,1,1535,82703,74,24:00.0,2,21:00,422
7608729573,U,OB,1,3,4800,82703,74,01:00.0,2,21:00,422
7608729600,U,CTY,1,1,820,82703,214,13:00.0,5,19:00,422
760872961X,U,CTY,1,2,1335,82703,212,24:00.0,7,4:00,422
7608729629,U,CTY,1,8,3910,82703,212,06:00.0,7,4:00,422
7608729647,U,IB,1,8,1986,82703,112,15:00.0,3,21:00,422
7608729656,U,OB,1,6,5400,82703,50,12:00.0,4,19:00,422
7608729665,U,OB,1,1,1330,82703,50,46:00.0,4,18:00,422
7608729665,U,IB,1,1,1330,82703,106,50:00.0,4,18:00,422
7608729683,U,OB,1,1,2135,82703,50,54:00.0,4,18:00,422
7608730958,U,OB,1,2,2186,842100,84,13:00.0,3,21:00,422
7608730967,U,OB,1,1,434,841895,90,15:00.0,4,21:00,422
7608730976,U,OB,1,1,1193,841895,90,10:00.0,4,21:00,422
7608731003,U,OB,1,2,1615,830887,72,39:00.0,6,20:00,422
7608731012,U,OB,1,1,503,311349,50,07:00.0,3,21:00,422
760873104X,U,OB,1,1,1170,560963,72,57:00.0,5,19:00,422
7608731059,U,OB,1,1,550,560963,72,49:00.0,5,19:00,422
7608731077,U,OB,1,2,1040,560963,72,04:00.0,5,20:00,422
7608731086,U,IB,1,2,1729,353244,104,27:00.0,6,21:00,422
7608731095,U,OB,1,3,2345,560963,72,01:00.0,5,20:00,422
7608731104,U,IB,1,2,1680,353244,104,22:00.0,6,21:00,422
7608731122,U,OB,1,1,900,430681,74,10:00.0,4,22:00,422
7608731131,U,OB,1,1,525,430681,74,29:00.0,4,22:00,422
7608731178,U,OB,1,3,1740,310232,51,46:00.0,6,17:00,422
7608731187,U,OB,1,2,1572,310232,51,48:00.0,6,17:00,422
7608731205,U,OB,1,1,1959,10408,43,16:00.0,2,22:00,422
7608731214,U,OB,1,2,1845,10408,43,35:00.0,2,22:00,422
7608731223,U,OB,1,1,3052,10408,43,55:00.0,2,21:00,422
7608731250,U,OB,1,2,662,10408,43,26:00.0,2,22:00,422
760873126X,U,OB,1,1,195,311650,50,47:00.0,4,0:00,422
7608731279,U,OB,1,1,1600,10408,43,26:00.0,2,21:00,422
7608731288,U,OB,1,4,6225,10408,43,20:00.0,2,21:00,422
7608731297,U,OB,1,1,634,311650,50,35:00.0,4,1:00,422
7608731315,U,OB,1,8,1200,311650,50,48:00.0,4,1:00,422
7608731324,U,OB,1,1,1020,311650,50,14:00.0,4,0:00,422
7608731360,U,OB,1,2,980,311650,50,41:00.0,4,1:00,422
760873137X,U,OB,1,4,820,842091,51,51:00.0,5,1:00,422
7608731389,U,OB,1,1,197,842091,51,40:00.0,5,1:00,422
7608731398,U,OB,1,1,335,842091,51,44:00.0,5,1:00,422
7608731407,U,IB,1,4,1018,842091,115,41:00.0,5,13:00,422
7608731407,U,CTY,1,4,1018,842091,R411,02:00.0,5,15:00,422
7608731407,U,OB,1,4,1018,842091,51,32:00.0,5,1:00,422
7608731416,U,OB,1,1,110,842091,51,11:00.0,5,1:00,422
7608731425,U,OB,1,3,615,842091,51,18:00.0,5,1:00,422
7608731434,U,OB,1,4,680,842091,51,07:00.0,5,1:00,422
7608731443,U,OB,1,1,1560,10408,43,24:00.0,2,22:00,422
7608731461,U,OB,1,3,180,430161,72,59:00.0,6,6:00,422
7608731470,U,OB,1,3,7405,430161,72,45:00.0,6,6:00,422
760873148X,U,OB,1,1,2085,430161,72,37:00.0,6,6:00,422
7608731499,U,OB,1,2,3380,430510,66,39:00.0,7,3:00,422
7608731508,U,OB,1,1,340,430233,40,58:00.0,5,22:00,422
7608731526,U,OB,1,2,204,430233,40,05:00.0,5,23:00,422
7608731562,U,OB,1,1,340,430233,40,00:00.0,6,0:00,422
7608731580,U,OB,1,4,2555,530900,52,03:00.0,7,11:00,422
760873159X,U,OB,1,2,505,530900,52,34:00.0,7,11:00,422
7608731609,U,OB,1,4,3404,530900,52,51:00.0,7,11:00,422
7608731618,U,OB,1,2,496,530900,52,55:00.0,7,11:00,422
7608731627,U,OB,1,1,4750,530900,52,58:00.0,7,11:00,422
7608731636,U,OB,1,1,163,430161,72,27:00.0,6,7:00,422
7608731645,U,OB,1,3,4080,430161,72,35:00.0,6,7:00,422
7608731654,U,OB,1,2,560,430161,79,07:00.0,6,11:00,422
7608731654,U,OB,1,2,560,430161,72,38:00.0,6,7:00,422
7608731663,U,OB,1,4,1140,430161,72,11:00.0,6,7:00,422
7608731672,U,OB,1,2,322,842091,51,53:00.0,5,0:00,422
7608731681,U,OB,1,1,440,842091,51,27:00.0,5,0:00,422
7608731690,U,OB,1,11,2440,311650,50,40:00.0,4,1:00,422
7608733771,U,OB,1,3,2400,830890,55,06:00.0,4,19:00,422
7608733780,U,OB,1,1,600,830890,55,22:00.0,4,19:00,422
760873379X,U,OB,1,1,1200,830890,55,26:00.0,4,19:00,422
7608733809,U,OB,1,1,800,830890,55,10:00.0,4,19:00,422
7608733818,U,OB,1,1,400,830890,55,18:00.0,4,19:00,422
7608733827,U,OB,1,1,400,560027,66,00:00.0,5,19:00,422
7608733845,U,OB,1,1,525,560027,66,19:00.0,5,19:00,422
7608733854,U,OB,1,1,319,830890,52,59:00.0,3,18:00,422
7608733863,U,OB,1,1,237,830890,52,03:00.0,3,19:00,422
7608733872,U,IB,1,1,683,139517,127,06:00.0,4,20:00,422
7608733881,U,OB,1,1,260,843236,76,08:00.0,5,21:00,422
760873390X,U,OB,1,1,64,843236,76,54:00.0,5,20:00,422
7608733919,U,OB,1,1,86,830890,76,12:00.0,6,18:00,422
7608733928,U,OB,1,2,1452,830890,76,20:00.0,6,18:00,422
7608733937,U,IB,1,1,743,558258,119,27:00.0,4,0:00,422
7608733937,U,OB,1,1,743,558258,40,40:00.0,3,21:00,422
7608733937,U,CTY,1,1,743,558258,N   ,00:00.0,4,15:00,422
7608733946,U,OB,1,1,410,558258,40,36:00.0,3,21:00,422
7608734404,U,OB,1,12,1725,842082,7,08:00.0,6,16:00,422
7608734404,U,OB,1,12,1725,842082,36,13:00.0,6,18:00,422
7608734413,U,OB,1,11,2086,842082,7,36:00.0,6,16:00,422
7608734422,U,OB,1,1,105,842082,7,48:00.0,6,16:00,422
7608734440,U,OB,1,1,795,530088,53,33:00.0,2,21:00,422
7608734862,U,OB,1,1,515,559414,60,03:00.0,6,19:00,422
7608734918,U,OB,1,3,2311,559414,60,10:00.0,6,20:00,422
7608734936,U,OB,1,1,185,310552,26,26:00.0,2,18:00,422
7608734945,U,OB,1,1,425,842100,95,51:00.0,6,22:00,422
7608735302,U,OB,1,5,2980,390047,67,30:00.0,4,21:00,422
7608735311,U,OB,1,1,460,390047,67,42:00.0,4,21:00,422
7608735320,U,OB,1,2,1310,820869,11,54:00.0,2,20:00,422
760873533X,U,OB,1,1,560,820869,11,49:00.0,2,20:00,422
7608735349,U,OB,1,10,14500,353223,90,00:00.0,3,22:00,422
7608735358,U,OB,1,4,1400,353223,90,35:00.0,3,21:00,422
7608735367,U,OB,1,2,3030,353223,90,16:00.0,3,21:00,422
7608735376,U,OB,1,1,610,353223,90,17:00.0,3,21:00,422
7608735385,U,OB,1,1,910,353223,90,23:00.0,3,21:00,422
7608735394,U,OB,1,1,1556,390229,50,34:00.0,5,1:00,422
7608735403,U,OB,1,1,160,390229,50,43:00.0,5,0:00,422
7608735412,U,OB,1,4,5600,830887,17,48:00.0,5,22:00,422
7608735834,U,OB,1,6,830,390072,74,13:00.0,3,21:00,422
7608735861,U,OB,1,1,2191,390072,79,01:00.0,3,21:00,422
7608735861,U,OB,1,1,2191,390072,79,01:00.0,3,21:00,422
7608735870,U,OB,1,1,1065,390072,30,06:00.0,3,21:00,422
7608735870,U,OB,1,1,1065,390072,74,57:00.0,3,20:00,422
760873588X,U,OB,1,1,30,390072,74,47:00.0,3,20:00,422
760873588X,U,OB,1,1,30,390072,79,49:00.0,3,20:00,422
7608735917,U,OB,1,1,1537,390236,66,31:00.0,6,22:00,422
7608735926,U,OB,1,2,3136,390236,66,29:00.0,6,22:00,422
7608735935,U,OB,1,1,1270,390236,66,18:00.0,6,22:00,422
7608735944,U,OB,1,6,13148,390236,66,14:00.0,6,22:00,422
7608739015,U,OB,1,1,300,R42210422,22,34:00.0,3,13:00,447
7608739024,U,OB,1,1,288,R42210422,22,43:00.0,3,13:00,447
7608739033,U,OB,1,1,574,R42210422,22,42:00.0,3,10:00,447
7608739042,U,OB,1,1,995,559586,41,06:00.0,4,7:00,447
7608739042,U,OB,1,1,995,559586,69,49:00.0,4,2:00,447
7608739060,U,OB,1,1,730,129533,52,27:00.0,7,6:00,447
760873907X,U,OB,1,1,368,129533,52,38:00.0,7,6:00,447
7608739089,U,OB,1,1,274,129533,52,36:00.0,7,6:00,447
7608739098,U,OB,1,1,305,125225,73,05:00.0,3,1:00,447
7608739107,U,OB,1,1,540,R411587174,89,55:00.0,4,6:00,447
7608739116,U,IB,1,1,520,430675,103,41:00.0,5,9:00,447
7608739125,U,IB,1,1,306,430675,103,39:00.0,5,9:00,447
7608739134,U,OB,1,1,217,137865,76,01:00.0,6,7:00,447
7608739143,U,OB,1,1,344,137865,76,15:00.0,6,7:00,447
7608739152,U,OB,1,1,338,137865,76,09:00.0,6,7:00,447
7608739152,U,IB,1,1,338,137865,154,11:00.0,6,7:00,447
7608739161,U,IB,1,1,1765,842167,101,44:00.0,7,5:00,447
7608739161,U,CTY,1,1,1765,842167,194,11:00.0,1,14:00,447
7608739170,U,OB,1,1,325,842167,81,06:00.0,7,6:00,447
7608739170,U,OB,1,1,325,842167,81,06:00.0,7,6:00,447
760873918X,U,IB,1,1,301,842167,101,52:00.0,7,5:00,447
7608739199,U,IB,1,1,290,842167,101,31:00.0,7,6:00,447
7608739702,U,IB,1,1,382,842167,101,23:00.0,7,6:00,447
7608739711,U,OB,1,2,1229,558194,67,51:00.0,3,2:00,447
7608739720,U,OB,1,1,260,558194,68,48:00.0,3,3:00,447
7608739720,U,OB,1,1,260,558194,67,36:00.0,3,2:00,447
760873973X,U,OB,1,1,270,558194,67,40:00.0,3,2:00,447
7608739749,U,OB,1,1,364,558194,68,47:00.0,3,3:00,447
7608739749,U,OB,1,1,364,558194,67,15:00.0,3,3:00,447
7608739758,U,OB,1,1,301,558194,67,13:00.0,3,3:00,447
7608739767,U,OB,1,1,897,558194,67,33:00.0,3,2:00,447
7608739776,U,OB,1,1,230,558194,67,37:00.0,3,2:00,447
7608739785,U,OB,1,1,296,558194,67,57:00.0,3,2:00,447
7608739794,U,OB,1,1,270,558194,67,34:00.0,3,2:00,447
7608739803,U,IB,1,1,283,132236,108,17:00.0,4,11:00,447
7608739803,U,IB,1,1,283,132236,143,12:00.0,4,11:00,447
7608739812,U,IB,1,1,285,132236,143,39:00.0,4,11:00,447
7608739821,U,IB,1,1,242,132236,143,09:00.0,4,11:00,447
7608739830,U,IB,1,1,219,132236,143,54:00.0,4,11:00,447
760873984X,U,IB,1,1,640,132236,143,24:00.0,4,11:00,447
760873984X,U,CTY,1,1,640,132236,182,25:00.0,4,11:00,447
7608739859,U,IB,1,1,440,132236,143,28:00.0,4,11:00,447
7608739868,U,OB,1,1,281,122911,72,52:00.0,5,8:00,447
7608739877,U,OB,1,1,517,122911,72,31:00.0,5,8:00,447
7608739886,U,OB,1,1,250,R447120863,74,34:00.0,6,10:00,447
7608739895,U,IB,1,1,638,R44787995,111,45:00.0,7,14:00,447
7608739904,U,OB,1,1,338,126502,48,38:00.0,3,2:00,447
7608739913,U,OB,1,1,730,126502,48,41:00.0,3,2:00,447
7608739922,U,OB,1,1,312,138316,78,33:00.0,5,7:00,447
7608739931,U,OB,1,1,680,138316,78,39:00.0,5,7:00,447
7608739940,U,OB,1,1,621,138316,78,22:00.0,5,7:00,447
7608740959,U,OB,1,1,785,559046,60,00:00.0,2,21:00,422
7608740968,U,OB,1,4,3475,559046,60,14:00.0,2,21:00,422
7608740977,U,OB,1,1,366,559046,60,53:00.0,2,19:00,422
7608740986,U,OB,1,1,795,559046,60,00:00.0,2,20:00,422
7608740995,U,OB,1,2,900,559046,60,54:00.0,2,20:00,422
7608741004,U,OB,1,1,507,559046,60,59:00.0,2,19:00,422
7608741013,U,OB,1,3,2345,559046,60,04:00.0,2,21:00,422
7608741022,U,OB,1,4,3425,559046,60,48:00.0,2,21:00,422
7608741040,U,OB,1,1,676,559046,60,38:00.0,2,19:00,422
7608741069,U,OB,1,1,537,559046,60,40:00.0,2,19:00,422
7608741078,U,OB,1,1,175,559046,60,56:00.0,2,19:00,422
7608741087,U,OB,1,1,650,559046,60,58:00.0,2,20:00,422
7608741096,U,OB,1,1,650,559046,60,13:00.0,2,20:00,422
7608741105,U,OB,1,4,2600,559046,60,52:00.0,2,19:00,422
7608741114,U,OB,1,1,673,558577,52,21:00.0,4,1:00,422
7608741132,U,OB,1,4,2529,558577,58,51:00.0,3,22:00,422
7608741141,U,OB,1,2,1230,558577,58,12:00.0,4,1:00,422
7608741150,U,OB,1,2,970,558577,57,39:00.0,4,2:00,422
7608741150,U,OB,1,2,970,558577,58,34:00.0,3,23:00,422
7608741206,U,OB,1,10,8895,842872,66,00:00.0,4,19:00,422
7608741215,U,OB,1,1,529,311058,38,06:00.0,6,1:00,422
7608741224,U,OB,1,1,164,311058,38,40:00.0,6,1:00,422
7608741224,U,OB,1,1,164,311058,38,31:00.0,6,1:00,422
7608741233,U,OB,1,2,1150,311058,38,04:00.0,6,1:00,422
7608741242,U,OB,1,2,714,311058,38,16:00.0,6,1:00,422
7608741251,U,OB,1,1,776,311058,38,18:00.0,6,2:00,422
7608741260,U,OB,1,3,2165,311058,38,13:00.0,6,2:00,422
760874127X,U,OB,1,1,334,311058,38,33:00.0,6,0:00,422
7608741289,U,OB,1,1,234,311058,38,04:00.0,6,2:00,422
7608741298,U,OB,1,1,752,311058,38,18:00.0,6,0:00,422
7608741307,U,OB,1,1,375,311058,38,11:00.0,6,0:00,422
7608741316,U,OB,1,1,576,311058,38,25:00.0,6,0:00,422
7608741325,U,OB,1,1,649,311058,38,14:00.0,6,0:00,422
7608741334,U,OB,1,1,415,311058,38,30:00.0,6,0:00,422
7608741370,U,OB,1,2,1300,507989,39,13:00.0,3,23:00,422
760874138X,U,OB,1,4,3760,507989,39,31:00.0,3,22:00,422
7608741408,U,OB,1,4,3040,531251,50,39:00.0,6,22:00,422
7608741417,U,OB,1,1,364,531251,50,16:00.0,6,22:00,422
7608741426,U,OB,1,1,400,531251,50,58:00.0,6,21:00,422
7608741435,U,OB,1,1,350,531251,50,07:00.0,6,22:00,422
7608741444,U,OB,1,2,1585,531251,50,31:00.0,6,22:00,422
7608741453,U,OB,1,1,195,507989,39,42:00.0,3,22:00,422
7608741462,U,OB,1,1,225,507989,39,46:00.0,3,22:00,422
7608741471,U,OB,1,1,585,507989,39,25:00.0,3,22:00,422
7608741958,U,OB,1,3,1895,531251,50,51:00.0,6,22:00,422
7608741967,U,OB,1,3,2130,531251,50,48:00.0,6,22:00,422
7608741976,U,OB,1,2,450,531251,50,48:00.0,6,21:00,422
7608741985,U,OB,1,1,289,531251,50,44:00.0,6,21:00,422
7608741994,U,OB,1,1,263,531251,50,31:00.0,6,21:00,422
7608742003,U,OB,1,1,411,531251,50,26:00.0,6,21:00,422
7608743653,U,OB,1,2,550,830967,89,53:00.0,2,22:00,422
7608743671,U,OB,1,1,535,559935,60,11:00.0,3,22:00,422
7608743680,U,OB,1,1,137,559935,60,09:00.0,3,22:00,422
760874369X,U,OB,1,4,1650,830967,84,29:00.0,5,20:00,422
7608744149,U,OB,1,7,3650,507989,22,30:00.0,2,22:00,422
7608744212,U,OB,1,1,350,730114,73,25:00.0,6,0:00,422
7608744221,U,OB,1,6,181,730114,73,09:00.0,6,0:00,422
760874424X,U,OB,1,2,1184,558189,74,50:00.0,6,22:00,422
7608744259,U,OB,1,1,204,558189,74,41:00.0,6,22:00,422
7608744268,U,OB,1,2,170,558189,74,38:00.0,6,22:00,422
7608744432,U,OB,1,4,5918,730114,73,19:00.0,6,0:00,422
7608745321,U,OB,1,2,2635,10304,55,09:00.0,3,3:00,422
7608745330,U,OB,1,1,225,10304,55,24:00.0,3,3:00,422
760874534X,U,OB,1,1,220,10304,55,17:00.0,3,3:00,422
7608745359,U,OB,1,1,300,10304,55,17:00.0,3,3:00,422
7608745368,U,OB,1,1,147,10304,55,23:00.0,3,3:00,422
7608745377,U,OB,1,1,524,10304,55,27:00.0,3,3:00,422
7608745386,U,OB,1,1,174,10304,55,26:00.0,3,3:00,422
7608745395,U,OB,1,1,382,10304,55,09:00.0,3,3:00,422
7608745404,U,OB,1,1,244,10304,55,09:00.0,3,3:00,422
7608745413,U,OB,1,1,121,10304,55,47:00.0,3,2:00,422
7608745413,U,OB,1,1,121,10304,33,50:00.0,3,2:00,422
7608745422,U,OB,1,1,901,10304,55,34:00.0,3,2:00,422
7608745431,U,OB,1,1,924,10304,55,02:00.0,3,2:00,422
7608745440,U,OB,1,1,334,10304,55,03:00.0,3,2:00,422
7608745954,U,OB,1,1,65,505665,46,35:00.0,2,22:00,422
7608745963,U,OB,1,1,65,505665,46,44:00.0,3,0:00,422
7608745972,U,OB,1,1,65,505665,46,11:00.0,3,0:00,422
7608745981,U,OB,1,1,65,505665,46,28:00.0,3,1:00,422
7608745990,U,OB,1,1,65,505665,46,49:00.0,2,22:00,422
760874600X,U,OB,1,1,65,505665,46,33:00.0,2,22:00,422
7608746019,U,OB,1,1,65,505665,46,55:00.0,3,0:00,422
7608746037,U,OB,1,1,65,505665,46,55:00.0,3,0:00,422
7608746046,U,OB,1,1,65,505665,46,47:00.0,3,0:00,422
7608746055,U,OB,1,1,65,505665,46,04:00.0,2,22:00,422
7608746064,U,OB,1,1,65,505665,46,47:00.0,3,0:00,422
7608746073,U,OB,1,1,65,505665,46,36:00.0,3,0:00,422
7608746082,U,OB,1,1,65,505665,46,33:00.0,3,0:00,422
760874611X,U,OB,1,1,65,505665,46,01:00.0,3,0:00,422
7608746138,U,OB,1,1,105,505665,46,44:00.0,2,22:00,422
7608746147,U,OB,1,1,65,505665,46,05:00.0,3,0:00,422
7608746156,U,OB,1,1,65,505665,46,34:00.0,3,1:00,422
7608746165,U,OB,1,1,65,505665,46,53:00.0,3,0:00,422
7608746165,U,OB,1,1,65,505665,56,07:00.0,3,3:00,422
7608746174,U,OB,1,1,65,505665,46,46:00.0,2,22:00,422
7608746183,U,OB,1,1,65,505665,46,52:00.0,3,0:00,422
7608746192,U,OB,1,1,65,504612,51,20:00.0,3,22:00,422
7608746210,U,OB,1,1,65,504612,51,36:00.0,3,22:00,422
760874622X,U,OB,1,1,65,504612,51,56:00.0,3,22:00,422
7608746239,U,OB,1,1,65,504612,51,04:00.0,3,22:00,422
7608746248,U,OB,1,1,65,504612,51,59:00.0,3,22:00,422
7608746257,U,OB,1,1,65,504612,51,10:00.0,3,22:00,422
7608746266,U,OB,1,1,65,504612,51,22:00.0,3,22:00,422
7608746275,U,OB,1,1,135,504612,51,00:00.0,3,22:00,422
7608746284,U,OB,1,1,65,560385,38,30:00.0,4,22:00,422
7608746293,U,OB,1,1,65,560385,38,25:00.0,4,22:00,422
7608746302,U,OB,1,1,65,560385,38,39:00.0,4,22:00,422
7608746311,U,OB,1,1,65,560385,38,36:00.0,4,22:00,422
7608746320,U,OB,1,1,65,560385,38,34:00.0,4,22:00,422
760874633X,U,OB,1,1,65,560385,38,17:00.0,4,22:00,422
7608746349,U,OB,1,1,65,560385,38,10:00.0,4,22:00,422
7608746358,U,OB,1,1,65,560385,38,16:00.0,4,22:00,422
7608746367,U,OB,1,1,65,560385,38,36:00.0,4,22:00,422
7608746376,U,OB,1,1,65,560385,38,39:00.0,4,22:00,422
7608746385,U,OB,1,1,65,560385,38,28:00.0,4,22:00,422
7608746394,U,OB,1,1,65,560385,38,32:00.0,4,22:00,422
7608746403,U,OB,1,1,65,560385,38,23:00.0,4,22:00,422
7608746412,U,OB,1,1,65,560385,38,09:00.0,4,22:00,422
7608746421,U,OB,1,1,65,560385,38,17:00.0,4,22:00,422
7608746430,U,OB,1,1,65,560385,38,21:00.0,4,22:00,422
760874644X,U,OB,1,1,65,560385,38,13:00.0,4,22:00,422
7608746459,U,OB,1,1,65,504612,51,01:00.0,3,22:00,422
7608746468,U,OB,1,1,65,504612,51,56:00.0,3,22:00,422
7608746477,U,OB,1,1,65,504612,51,06:00.0,3,22:00,422
7608746513,U,OB,1,1,65,504612,51,53:00.0,3,22:00,422
7608746522,U,OB,1,1,65,504612,51,30:00.0,3,22:00,422
7608746531,U,OB,1,1,65,504612,51,43:00.0,3,22:00,422
7608746540,U,OB,1,1,65,504612,51,48:00.0,3,22:00,422
760874655X,U,OB,1,1,65,504612,51,24:00.0,3,22:00,422
7608746569,U,OB,1,1,65,504612,51,03:00.0,3,22:00,422
7608746587,U,OB,1,1,65,504612,51,13:00.0,3,22:00,422
7608746596,U,OB,1,1,65,504612,51,19:00.0,3,22:00,422
7608746605,U,OB,1,1,65,504612,51,50:00.0,3,22:00,422
7608746623,U,OB,1,1,65,504612,51,38:00.0,3,22:00,422
7608746632,U,OB,1,1,65,504612,51,41:00.0,3,22:00,422
7608746641,U,OB,1,1,65,504612,51,43:00.0,3,22:00,422
7608746650,U,OB,1,1,65,504612,51,59:00.0,3,22:00,422
760874666X,U,OB,1,1,65,504612,51,28:00.0,3,22:00,422
7608746679,U,OB,1,1,65,504612,51,41:00.0,3,22:00,422
7608746688,U,OB,1,1,65,504612,51,33:00.0,3,22:00,422
7608746697,U,OB,1,1,65,504612,51,22:00.0,3,22:00,422
7608746706,U,OB,1,1,65,560751,58,52:00.0,5,22:00,422
7608746715,U,OB,1,1,65,560751,58,40:00.0,6,2:00,422
7608746724,U,OB,1,1,65,560751,58,35:00.0,6,1:00,422
7608746733,U,OB,1,1,65,560751,58,48:00.0,5,22:00,422
7608746742,U,OB,1,1,65,560751,58,44:00.0,6,1:00,422
7608746760,U,OB,1,1,65,560751,58,44:00.0,6,0:00,422
760874677X,U,OB,1,1,65,560751,58,49:00.0,5,22:00,422
7608746789,U,OB,1,1,65,560751,58,41:00.0,6,0:00,422
7608746798,U,OB,1,1,65,560751,58,58:00.0,6,1:00,422
7608746807,U,OB,1,1,65,560751,58,00:00.0,6,2:00,422
7608746834,U,OB,1,1,65,560751,58,39:00.0,6,1:00,422
7608746843,U,OB,1,1,65,560751,58,37:00.0,6,0:00,422
7608746861,U,OB,1,1,65,560751,58,43:00.0,5,22:00,422
7608746870,U,OB,1,1,65,560751,58,16:00.0,6,2:00,422
760874688X,U,OB,1,1,65,560751,58,52:00.0,6,0:00,422
7608746899,U,OB,1,1,65,560751,58,03:00.0,6,2:00,422
7608746917,U,OB,1,1,65,560385,38,31:00.0,4,22:00,422
7608746926,U,OB,1,1,65,560751,58,33:00.0,6,0:00,422
7608746935,U,OB,1,1,65,560751,58,19:00.0,6,2:00,422
7608746944,U,OB,1,1,65,560751,58,32:00.0,6,2:00,422
7608746953,U,OB,1,1,65,515009,32,45:00.0,7,1:00,422
7608746962,U,OB,1,1,65,515009,32,18:00.0,7,1:00,422
7608746971,U,OB,1,1,65,515009,32,14:00.0,7,2:00,422
7608746980,U,OB,1,1,65,515009,32,19:00.0,7,2:00,422
760874699X,U,OB,1,1,65,515009,32,58:00.0,7,1:00,422
7608747009,U,OB,1,1,65,515009,32,07:00.0,7,2:00,422
7608747018,U,OB,1,1,65,515009,32,33:00.0,7,0:00,422
7608747027,U,OB,1,1,65,515009,32,48:00.0,7,1:00,422
7608747036,U,OB,1,1,65,515009,32,12:00.0,7,1:00,422
7608747045,U,OB,1,1,65,515009,32,10:00.0,7,2:00,422
7608747054,U,OB,1,1,65,515009,32,30:00.0,7,2:00,422
7608747063,U,OB,1,1,65,515009,32,10:00.0,7,0:00,422
7608747072,U,OB,1,1,65,515009,32,05:00.0,7,0:00,422
7608747081,U,OB,1,1,65,560751,57,50:00.0,6,0:00,422
7608747081,U,OB,1,1,65,560751,58,30:00.0,6,0:00,422
760874710X,U,OB,1,1,65,560751,58,15:00.0,6,0:00,422
7608747119,U,OB,1,1,65,515009,32,21:00.0,7,2:00,422
7608747128,U,OB,1,1,65,515009,32,19:00.0,7,0:00,422
7608747137,U,OB,1,1,65,515009,32,33:00.0,7,1:00,422
7608747146,U,OB,1,1,65,515009,32,23:00.0,7,1:00,422
7608747155,U,OB,1,1,65,560751,58,55:00.0,6,0:00,422
7608747164,U,OB,1,1,65,560751,58,17:00.0,6,2:00,422
7608747182,U,OB,1,1,65,560751,58,32:00.0,6,0:00,422
7608747191,U,OB,1,1,65,560751,58,35:00.0,6,0:00,422
7608747458,U,OB,1,1,68,390047,63,11:00.0,7,3:00,422
7608747687,U,OB,1,4,4595,390047,63,47:00.0,7,8:00,422
7608748246,U,IB,1,1,720,530088,110,13:00.0,4,0:00,422
7608748246,U,OB,1,1,720,530088,72,48:00.0,3,19:00,422
7608748255,U,OB,1,1,39,530088,72,15:00.0,3,20:00,422
7608748255,U,CTY,1,1,39,530088,231,15:00.0,4,6:00,422
7608748264,U,OB,1,1,67,530088,72,44:00.0,3,19:00,422
7608748273,U,OB,1,1,1200,530088,72,12:00.0,3,20:00,422
7608748282,U,OB,1,4,1790,530088,72,54:00.0,3,20:00,422
7608748291,U,OB,1,1,710,530088,72,00:00.0,3,20:00,422
7608748300,U,OB,1,7,7976,530088,72,17:00.0,3,21:00,422
760874831X,U,OB,1,4,4270,530088,72,23:00.0,3,21:00,422
760874831X,U,OB,1,4,4270,530088,59,15:00.0,4,0:00,422
7608748329,U,IB,1,4,1768,560856,116,21:00.0,7,0:00,422
7608748338,U,IB,1,2,4160,560856,116,51:00.0,7,0:00,422
7608748347,U,OB,1,1,1800,842029,39,46:00.0,3,18:00,422
7608748356,U,OB,1,1,1285,842029,39,42:00.0,3,18:00,422
7608748374,U,OB,1,1,1135,842029,39,57:00.0,3,18:00,422
7608748383,U,OB,1,1,1140,842029,39,03:00.0,3,19:00,422
7608748401,U,OB,1,1,67,842029,39,53:00.0,3,18:00,422
7608748410,U,OB,1,1,1235,842029,39,59:00.0,3,18:00,422
760874842X,U,OB,1,1,1360,842029,39,02:00.0,3,19:00,422
7608748439,U,OB,1,1,535,842029,39,10:00.0,3,19:00,422
760874897X,U,OB,1,1,221,560963,26,11:00.0,2,21:00,422
7608748989,U,OB,1,1,377,560963,26,06:00.0,2,21:00,422
7608748998,U,OB,1,1,528,560963,26,26:00.0,2,21:00,422
7608749007,U,OB,1,1,266,560963,26,14:00.0,2,21:00,422
7608749016,U,OB,1,1,289,560963,26,08:00.0,2,21:00,422
7608749025,U,OB,1,1,229,560963,26,29:00.0,2,21:00,422
7608749034,U,OB,1,1,678,560963,26,01:00.0,2,21:00,422
7608749043,U,OB,1,1,181,560963,26,38:00.0,2,21:00,422
7608749052,U,OB,1,1,440,560963,26,02:00.0,2,21:00,422
7608749061,U,OB,1,1,404,560963,26,59:00.0,2,20:00,422
7608749099,U,OB,1,1,186,560963,26,32:00.0,2,21:00,422
7608749108,U,OB,1,1,197,560963,26,38:00.0,2,21:00,422
7608749117,U,OB,1,1,229,560963,26,30:00.0,2,21:00,422
7608749126,U,OB,1,1,231,559690,26,11:00.0,3,21:00,422
7608749135,U,OB,1,1,279,830887,38,18:00.0,4,21:00,422
7608749144,U,OB,1,2,622,830887,38,23:00.0,4,21:00,422
7608749153,U,OB,1,1,216,559690,26,03:00.0,3,21:00,422
7608749171,U,OB,1,1,543,559690,26,08:00.0,3,21:00,422
7608749180,U,OB,1,2,1206,830887,38,02:00.0,4,21:00,422
760874919X,U,OB,1,9,218,559690,26,01:00.0,3,21:00,422
7608749209,U,OB,1,1,210,830887,38,27:00.0,4,21:00,422
7608749218,U,OB,1,1,194,559690,26,09:00.0,3,21:00,422
7608749227,U,OB,1,1,194,830887,38,25:00.0,4,21:00,422
7608749236,U,OB,1,1,490,559690,26,59:00.0,3,20:00,422
7608749245,U,OB,1,1,454,830887,38,19:00.0,4,21:00,422
7608749254,U,OB,1,1,434,830887,38,22:00.0,4,21:00,422
7608749263,U,OB,1,1,301,830887,38,33:00.0,4,21:00,422
7608749272,U,OB,1,1,354,830887,38,18:00.0,4,21:00,422
7608749281,U,OB,1,1,441,830887,38,06:00.0,4,21:00,422
7608749290,U,OB,1,1,417,830887,38,39:00.0,4,21:00,422
760874930X,U,OB,1,1,515,830887,38,37:00.0,4,21:00,422
7608749319,U,OB,1,1,199,830887,38,07:00.0,4,21:00,422
7608749328,U,OB,1,1,226,830887,38,31:00.0,4,21:00,422
7608749337,U,OB,1,3,835,830887,38,16:00.0,4,21:00,422
7608749346,U,OB,1,1,274,830887,38,31:00.0,4,21:00,422
7608749355,U,OB,1,2,574,830887,38,22:00.0,4,21:00,422
7608749373,U,OB,1,1,245,830887,38,35:00.0,4,21:00,422
7608749382,U,OB,1,3,1005,507215,22,48:00.0,5,22:00,422
7608749391,U,OB,1,1,246,507215,22,33:00.0,5,21:00,422
7608749429,U,OB,1,1,219,507215,22,53:00.0,5,22:00,422
7608749447,U,OB,1,1,295,507215,22,24:00.0,5,22:00,422
7608749465,U,OB,1,3,1130,507215,22,52:00.0,5,22:00,422
7608749483,U,OB,1,1,232,507215,22,56:00.0,5,22:00,422
7608749501,U,OB,1,2,412,430526,17,24:00.0,7,0:00,422
7608749510,U,OB,1,2,680,430526,17,15:00.0,7,1:00,422
760874952X,U,OB,1,2,952,430526,17,27:00.0,7,0:00,422
7608749539,U,OB,1,1,471,430526,17,37:00.0,7,1:00,422
7608749548,U,OB,1,1,333,430526,17,01:00.0,7,2:00,422
7608749557,U,OB,1,1,434,430526,17,56:00.0,7,1:00,422
7608749566,U,OB,1,1,428,430526,17,29:00.0,7,0:00,422
7608749575,U,OB,1,1,265,430526,17,03:00.0,7,2:00,422
7608749584,U,OB,1,1,196,842082,22,39:00.0,2,21:00,422
7608749593,U,OB,1,1,272,842082,22,54:00.0,2,20:00,422
7608749602,U,OB,1,1,470,842082,22,24:00.0,2,21:00,422
7608749611,U,OB,1,1,423,842082,22,04:00.0,2,21:00,422
7608749620,U,OB,1,1,707,842082,22,00:00.0,2,21:00,422
760874963X,U,OB,1,1,349,842082,22,53:00.0,2,20:00,422
7608749649,U,OB,1,1,268,842082,22,18:00.0,2,21:00,422
7608749658,U,OB,1,1,703,842082,22,22:00.0,2,21:00,422
7608749658,U,OB,1,1,703,842082,5,43:00.0,5,3:00,422
7608749667,U,OB,1,1,369,842082,5,43:00.0,5,3:00,422
7608749667,U,OB,1,1,369,842082,22,57:00.0,2,20:00,422
7608749676,U,OB,1,1,384,842082,22,13:00.0,2,21:00,422
7608749685,U,OB,1,1,330,842082,22,16:00.0,2,21:00,422
7608749694,U,OB,1,1,301,842082,22,10:00.0,2,21:00,422
7608749703,U,OB,1,1,411,842082,22,14:00.0,2,21:00,422
7608749712,U,OB,1,1,268,842082,22,06:00.0,2,21:00,422
7608749721,U,OB,1,1,455,842082,22,57:00.0,2,20:00,422
7608749730,U,OB,1,1,225,842082,22,29:00.0,2,21:00,422
7608749759,U,OB,1,1,218,842082,22,31:00.0,2,21:00,422
7608749768,U,OB,1,1,259,842082,22,30:00.0,2,21:00,422
7608749777,U,OB,1,1,452,842082,22,32:00.0,2,21:00,422
7608749786,U,OB,1,1,161,842082,22,22:00.0,2,20:00,422
7608749795,U,OB,1,1,287,559536,22,52:00.0,3,22:00,422
7608749804,U,IB,1,1,362,559536,111,07:00.0,4,0:00,422
7608749822,U,OB,1,1,248,559536,22,30:00.0,3,22:00,422
7608749831,U,IB,1,1,234,559536,111,07:00.0,4,0:00,422
7608749896,U,OB,1,1,458,560225,60,22:00.0,4,23:00,422
7608749941,U,IB,1,1,264,560225,159,11:00.0,5,5:00,422
7608750024,U,OB,1,1,276,111483,22,36:00.0,6,2:00,422
7608750033,U,OB,1,1,432,111483,22,58:00.0,6,0:00,422
7608750042,U,OB,1,3,698,111483,22,16:00.0,6,1:00,422
7608750051,U,OB,1,1,301,111483,22,32:00.0,6,0:00,422
7608750060,U,OB,1,1,198,111483,22,35:00.0,6,0:00,422
760875007X,U,OB,1,1,750,111483,22,51:00.0,6,0:00,422
7608750089,U,OB,1,1,235,111483,22,44:00.0,6,0:00,422
7608750098,U,OB,1,1,289,111483,22,03:00.0,6,2:00,422
7608750107,U,OB,1,4,1321,111483,22,56:00.0,6,1:00,422
7608750116,U,OB,1,2,652,111483,22,31:00.0,6,2:00,422
7608750125,U,OB,1,3,830,111483,22,09:00.0,6,2:00,422
7608750125,U,CTY,1,3,830,111483,N   ,04:00.0,6,5:00,422
7608750134,U,OB,1,4,1063,111483,22,32:00.0,6,1:00,422
7608750143,U,OB,1,2,588,111483,22,48:00.0,6,2:00,422
7608750152,U,OB,1,1,225,111483,22,40:00.0,6,2:00,422
7608750161,U,OB,1,1,250,111483,22,11:00.0,6,2:00,422
7608750170,U,OB,1,1,227,111483,22,55:00.0,6,2:00,422
760875018X,U,OB,1,1,257,111483,22,18:00.0,6,2:00,422
7608750199,U,OB,1,1,365,111483,22,52:00.0,6,2:00,422
7608750208,U,OB,1,1,529,111483,22,43:00.0,6,2:00,422
7608750217,U,OB,1,1,280,841895,22,11:00.0,7,0:00,422
7608750226,U,OB,1,2,558,841895,66,57:00.0,7,9:00,422
7608750226,U,OB,1,2,558,841895,22,45:00.0,6,22:00,422
7608750235,U,OB,1,2,400,841895,22,34:00.0,6,22:00,422
7608750253,U,OB,1,1,332,841895,22,37:00.0,6,22:00,422
7608750262,U,OB,1,1,354,841895,22,21:00.0,6,22:00,422
7608750271,U,OB,1,1,381,841895,22,18:00.0,6,22:00,422
7608750271,U,IB,1,1,381,841895,102,28:00.0,7,1:00,422
7608750280,U,OB,1,1,220,841895,22,09:00.0,7,0:00,422
760875029X,U,OB,1,1,397,841895,22,16:00.0,7,0:00,422
7608750318,U,OB,1,1,465,311058,26,37:00.0,4,0:00,422
7608750327,U,OB,1,2,691,311058,26,50:00.0,4,1:00,422
7608750336,U,OB,1,6,1780,311058,26,32:00.0,4,0:00,422
7608750345,U,OB,1,1,287,311058,26,37:00.0,4,1:00,422
7608750354,U,OB,1,1,502,311058,26,54:00.0,4,0:00,422
7608750363,U,OB,1,1,184,311058,26,42:00.0,4,0:00,422
7608750372,U,OB,1,1,269,311058,26,54:00.0,4,1:00,422
7608750381,U,OB,1,1,201,311058,26,49:00.0,4,0:00,422
7608750390,U,OB,1,1,225,311058,26,56:00.0,4,0:00,422
760875040X,U,OB,1,3,1240,311058,26,48:00.0,4,1:00,422
7608750428,U,OB,1,2,604,311058,26,45:00.0,4,1:00,422
7608750437,U,OB,1,1,359,842082,32,29:00.0,4,22:00,422
7608750446,U,OB,1,1,462,311058,26,47:00.0,4,1:00,422
7608750455,U,OB,1,1,282,310707,40,26:00.0,2,22:00,422
7608750482,U,OB,1,1,310,310707,40,17:00.0,2,22:00,422
7608750491,U,OB,1,5,1890,310707,40,25:00.0,2,22:00,422
7608750500,U,OB,1,1,381,310707,40,47:00.0,2,21:00,422
7608750529,U,OB,1,2,728,310707,40,34:00.0,2,21:00,422
7608750538,U,OB,1,3,858,310707,40,41:00.0,2,21:00,422
7608750547,U,OB,1,5,1703,558194,26,31:00.0,4,23:00,422
7608750556,U,OB,1,4,1688,559680,72,15:00.0,6,5:00,422
7608750702,U,OB,1,1,273,311058,26,34:00.0,4,1:00,422
7608750711,U,OB,1,1,335,842082,32,40:00.0,4,22:00,422
7608750720,U,OB,1,2,623,311058,26,38:00.0,4,1:00,422
760875073X,U,OB,1,1,415,842082,32,42:00.0,4,22:00,422
7608750749,U,OB,1,2,628,842082,32,35:00.0,4,22:00,422
7608750758,U,OB,1,1,396,842082,32,43:00.0,4,22:00,422
7608750767,U,OB,1,3,885,843236,50,38:00.0,5,21:00,422
7608750785,U,OB,1,4,1124,843236,50,52:00.0,5,21:00,422
7608750803,U,OB,1,4,1379,843236,50,40:00.0,5,21:00,422
7608750812,U,OB,1,1,194,843236,50,48:00.0,5,21:00,422
7608750821,U,OB,1,1,203,843236,50,29:00.0,5,21:00,422
7608750830,U,OB,1,1,408,843236,50,32:00.0,5,21:00,422
760875084X,U,OB,1,1,257,843236,50,36:00.0,5,21:00,422
7608750859,U,OB,1,2,751,843236,50,43:00.0,5,21:00,422
7608750868,U,OB,1,1,295,843236,50,22:00.0,5,21:00,422
7608750877,U,OB,1,1,224,10408,55,48:00.0,7,2:00,422
7608750886,U,OB,1,1,468,10408,55,26:00.0,7,1:00,422
7608750895,U,OB,1,1,274,10408,55,20:00.0,7,2:00,422
7608750904,U,OB,1,1,620,10408,55,33:00.0,7,2:00,422
7608750913,U,OB,1,1,217,10408,55,04:00.0,7,3:00,422
7608750922,U,OB,1,1,224,10408,55,10:00.0,7,3:00,422
7608750931,U,OB,1,1,380,10408,55,43:00.0,7,2:00,422
7608750940,U,OB,1,1,301,10408,55,23:00.0,7,2:00,422
7608751454,U,OB,1,1,222,559680,72,16:00.0,6,9:00,422
7608751463,U,OB,1,2,448,559680,72,51:00.0,6,8:00,422
7608751472,U,OB,1,2,588,559680,72,29:00.0,6,3:00,422
7608751481,U,OB,1,2,754,559680,72,52:00.0,6,3:00,422
7608751490,U,OB,1,2,806,559680,72,23:00.0,6,3:00,422
7608751701,U,OB,1,1,203,90060,31,12:00.0,4,0:00,422
7608751739,U,OB,1,2,544,559680,72,58:00.0,6,6:00,422
7608751757,U,OB,1,1,795,90060,31,15:00.0,4,1:00,422
7608751784,U,OB,1,2,481,559680,72,53:00.0,6,6:00,422
7608751793,U,OB,1,1,493,559680,72,14:00.0,6,7:00,422
7608751811,U,OB,1,3,780,559680,72,48:00.0,6,7:00,422
7608751820,U,OB,1,2,830,559680,72,59:00.0,6,5:00,422
7608751876,U,OB,1,5,1193,559680,72,41:00.0,6,10:00,422
7608751885,U,OB,1,3,1677,559680,72,26:00.0,6,8:00,422
7608751903,U,OB,1,1,539,559680,72,56:00.0,6,8:00,422
7608751903,U,IB,1,1,539,559680,154,43:00.0,6,10:00,422
7608751912,U,OB,1,2,684,559680,72,06:00.0,6,4:00,422
7608751921,U,OB,1,2,622,559680,72,36:00.0,6,10:00,422
7608751930,U,OB,1,1,197,559680,72,25:00.0,6,5:00,422
760875194X,U,OB,1,5,1570,559680,72,05:00.0,6,11:00,422
7608751968,U,OB,1,1,353,10408,55,14:00.0,7,2:00,422
7608751977,U,OB,1,1,324,10408,55,52:00.0,7,0:00,422
7608751986,U,OB,1,1,168,10408,55,29:00.0,7,2:00,422
7608751995,U,OB,1,1,323,10408,55,55:00.0,7,0:00,422
7608752004,U,OB,1,1,189,10408,55,55:00.0,7,2:00,422
7608752013,U,OB,1,1,388,390229,75,02:00.0,3,0:00,422
7608752022,U,OB,1,1,192,390229,75,00:00.0,3,0:00,422
7608752031,U,OB,1,1,194,390229,75,07:00.0,3,0:00,422
7608752040,U,OB,1,1,658,390229,75,10:00.0,3,0:00,422
760875205X,U,OB,1,4,1715,90060,31,26:00.0,4,2:00,422
7608752069,U,OB,1,1,441,390229,75,04:00.0,3,0:00,422
7608752078,U,OB,1,1,426,390229,75,09:00.0,3,0:00,422
7608752087,U,OB,1,1,510,90060,31,02:00.0,4,1:00,422
7608752114,U,OB,1,2,850,90060,31,32:00.0,4,2:00,422
7608752132,U,OB,1,1,260,90060,31,45:00.0,4,2:00,422
7608752141,U,OB,1,3,1117,90060,31,58:00.0,4,2:00,422
7608752150,U,OB,1,3,1040,90060,31,16:00.0,4,2:00,422
7608752179,U,OB,1,2,1195,90060,31,59:00.0,4,2:00,422
7608752188,U,OB,1,2,700,90060,31,58:00.0,4,2:00,422
7608752197,U,OB,1,5,1755,90060,31,23:00.0,4,1:00,422
7608753975,U,OB,1,1,254,904284,31,52:00.0,4,0:00,422
7608753984,U,OB,1,2,252,904284,31,56:00.0,3,23:00,422
7608754011,U,IB,1,1,290,904284,119,19:00.0,4,14:00,422
760875403X,U,OB,1,2,723,97130,90,13:00.0,4,18:00,422
7608754049,U,OB,1,2,460,97130,90,03:00.0,4,18:00,422
7608754058,U,OB,1,1,565,97130,90,00:00.0,4,18:00,422
7608754067,U,OB,1,1,340,97130,90,16:00.0,4,18:00,422
7608754076,U,OB,1,1,273,97130,90,05:00.0,4,18:00,422
7608754085,U,OB,1,1,350,97130,90,09:00.0,4,18:00,422
7608754094,U,OB,1,1,338,97130,90,19:00.0,4,18:00,422
7608754103,U,OB,1,2,720,97130,90,46:00.0,4,18:00,422
7608754112,U,OB,1,1,212,97130,90,25:00.0,4,18:00,422
7608754121,U,OB,1,1,245,97130,90,22:00.0,4,18:00,422
7608754130,U,OB,1,1,325,97130,90,26:00.0,4,18:00,422
760875414X,U,OB,1,1,285,97130,90,28:00.0,4,18:00,422
7608754159,U,OB,1,2,495,97130,90,33:00.0,4,18:00,422
7608754168,U,OB,1,1,259,97130,90,37:00.0,4,18:00,422
7608754177,U,OB,1,1,280,97130,90,39:00.0,4,18:00,422
7608754186,U,OB,1,1,243,97130,90,41:00.0,4,18:00,422
7608754195,U,OB,1,1,255,97130,90,43:00.0,4,18:00,422
7608754204,U,OB,1,2,350,112503,73,50:00.0,7,0:00,422
7608754213,U,OB,1,1,238,112503,69,07:00.0,7,14:00,422
7608754222,U,OB,1,1,267,112503,69,45:00.0,7,13:00,422
7608754240,U,OB,1,1,256,112503,69,52:00.0,7,13:00,422
760875425X,U,OB,1,1,199,112503,69,50:00.0,7,13:00,422
7608754269,U,OB,1,1,224,112503,69,44:00.0,7,14:00,422
7608754278,U,OB,1,1,279,112503,69,21:00.0,7,14:00,422
7608754287,U,OB,1,1,257,112503,69,39:00.0,7,14:00,422
7608754296,U,OB,1,1,208,112503,69,38:00.0,7,14:00,422
7608754305,U,OB,1,1,398,112503,69,58:00.0,7,13:00,422
7608754314,U,OB,1,1,280,903814,31,59:00.0,3,20:00,422
7608754323,U,OB,1,1,238,903814,31,01:00.0,3,20:00,422
7608754332,U,OB,1,1,226,903814,31,02:00.0,3,20:00,422
7608754341,U,OB,1,1,410,903814,31,59:00.0,3,19:00,422
7608754350,U,OB,1,1,386,903814,31,57:00.0,3,19:00,422
760875436X,U,OB,1,1,223,903814,31,49:00.0,3,19:00,422
7608754379,U,OB,1,1,271,903814,31,50:00.0,3,19:00,422
7608754388,U,OB,1,1,505,903814,31,04:00.0,3,20:00,422
7608754397,U,OB,1,1,235,903814,31,05:00.0,3,20:00,422
7608754451,U,OB,1,2,366,904284,31,50:00.0,4,1:00,422
7608754460,U,OB,1,1,229,904284,31,24:00.0,4,1:00,422
760875447X,U,OB,1,1,237,904284,31,10:00.0,4,1:00,422
7608754489,U,OB,1,1,217,904284,31,27:00.0,4,1:00,422
7608754498,U,OB,1,3,615,904284,31,43:00.0,4,1:00,422
7608754507,U,OB,1,4,998,904284,31,47:00.0,4,1:00,422
7608754507,U,OB,1,4,998,904284,34,39:00.0,4,4:00,422
7608754516,U,OB,1,1,278,904284,31,45:00.0,4,1:00,422
7608754525,U,OB,1,1,244,904284,31,34:00.0,4,1:00,422
7608754534,U,OB,1,1,340,904284,31,37:00.0,4,1:00,422
7608754543,U,OB,1,1,299,904284,31,31:00.0,4,1:00,422
7608754552,U,OB,1,1,263,904284,31,29:00.0,4,1:00,422
7608754561,U,OB,1,1,320,904284,31,05:00.0,4,1:00,422
7608754570,U,OB,1,1,302,904284,31,14:00.0,4,1:00,422
760875458X,U,OB,1,1,205,904284,31,18:00.0,4,1:00,422
7608754599,U,OB,1,1,149,904284,31,01:00.0,4,1:00,422
7608754608,U,OB,1,1,219,112503,73,04:00.0,7,1:00,422
7608754617,U,OB,1,1,215,112503,73,26:00.0,7,1:00,422
7608754626,U,OB,1,1,490,112503,73,08:00.0,7,1:00,422
7608754635,U,OB,1,1,280,112503,73,57:00.0,7,0:00,422
7608754644,U,OB,1,1,415,112503,73,19:00.0,7,1:00,422
7608754653,U,OB,1,2,566,112503,73,15:00.0,7,1:00,422
7608754662,U,OB,1,1,330,112503,73,55:00.0,7,0:00,422
7608754671,U,OB,1,1,505,903814,31,02:00.0,3,21:00,422
7608754680,U,OB,1,1,477,903814,31,06:00.0,3,20:00,422
760875469X,U,OB,1,1,280,903814,31,01:00.0,3,21:00,422
7608755616,U,OB,1,1,257,559753,67,31:00.0,4,22:00,422
7608755634,U,OB,1,1,296,559753,67,28:00.0,4,22:00,422
7608755643,U,OB,1,1,252,559753,67,59:00.0,4,22:00,422
7608755652,U,OB,1,1,301,559753,67,00:00.0,4,22:00,422
7608755661,U,OB,1,1,266,559753,67,02:00.0,4,22:00,422
7608755670,U,OB,1,2,429,559753,67,24:00.0,4,22:00,422
760875568X,U,OB,1,1,494,559753,67,55:00.0,4,21:00,422
7608755699,U,OB,1,1,298,87955,60,33:00.0,5,18:00,422
760875722X,U,OB,1,3,1031,843233,40,59:00.0,6,21:00,422
7608757239,U,OB,1,1,178,843233,40,54:00.0,6,21:00,422
7608757248,U,OB,1,1,754,843233,40,43:00.0,6,21:00,422
7608757257,U,OB,1,1,674,843233,40,45:00.0,6,21:00,422
7608757266,U,OB,1,1,440,843233,40,49:00.0,6,21:00,422
7608757275,U,OB,1,1,439,843233,40,52:00.0,6,21:00,422
7608757284,U,OB,1,1,423,843233,40,40:00.0,6,21:00,422
7608757293,U,OB,1,1,578,310506,75,23:00.0,7,14:00,422
7608757311,U,OB,1,1,423,842193,74,01:00.0,4,0:00,422
760875733X,U,OB,1,4,990,87995,39,45:00.0,2,21:00,422
7608757349,U,OB,1,1,196,903814,31,04:00.0,3,19:00,422
7608757358,U,OB,1,2,333,558373,25,59:00.0,5,21:00,422
7608757358,U,OB,1,2,333,558373,72,58:00.0,5,21:00,422
7608757367,U,OB,1,1,226,903814,31,52:00.0,3,18:00,422
7608757376,U,OB,1,1,223,903814,83,47:00.0,3,18:00,422
7608757376,U,OB,1,1,223,903814,31,46:00.0,3,18:00,422
7608757385,U,OB,1,1,247,903814,31,44:00.0,3,18:00,422
7608757394,U,OB,1,1,258,903814,31,43:00.0,3,18:00,422
7608757403,U,OB,1,1,265,903814,31,40:00.0,3,18:00,422
7608757412,U,OB,1,1,298,903814,31,39:00.0,3,18:00,422
7608757430,U,OB,1,1,269,903814,31,36:00.0,3,18:00,422
7608757486,U,OB,1,140,1566,310232,51,59:00.0,4,20:00,422
7608757504,U,OB,1,1,284,310232,51,23:00.0,4,21:00,422
7608757513,U,OB,1,1,264,843236,69,06:00.0,6,22:00,422
7608757522,U,OB,1,1,665,843236,69,59:00.0,6,21:00,422
7608757531,U,OB,1,1,190,843236,69,00:00.0,6,22:00,422
7608757798,U,OB,1,1,986,532178,76,20:00.0,6,18:00,422
7608757971,U,OB,1,1,243,311349,72,11:00.0,2,20:00,422
7608757980,U,OB,1,4,1501,311349,72,20:00.0,2,20:00,422
7608758402,U,OB,1,1,440,430617,73,31:00.0,3,1:00,422
7608758411,U,OB,1,1,282,430617,73,14:00.0,3,2:00,422
7608758420,U,OB,1,1,418,430617,73,35:00.0,3,1:00,422
7608758420,U,OB,1,1,418,430617,97,53:00.0,3,1:00,422
760875843X,U,OB,1,1,564,430617,73,07:00.0,3,0:00,422
7608758449,U,OB,1,1,172,430617,73,00:00.0,3,0:00,422
7608758943,U,OB,1,1,290,430617,73,59:00.0,3,0:00,422
7608758952,U,OB,1,1,708,430617,73,14:00.0,3,2:00,422
7608758961,U,OB,1,1,632,430617,73,53:00.0,3,1:00,422
7608758970,U,OB,1,1,218,430617,73,03:00.0,3,0:00,422
760875898X,U,OB,1,1,252,430617,73,14:00.0,3,1:00,422
7608758999,U,OB,1,1,546,430617,73,55:00.0,3,0:00,422
7608759035,U,OB,1,1,280,430617,73,23:00.0,3,1:00,422
7608759044,U,OB,1,1,230,430617,73,16:00.0,3,0:00,422
7608759071,U,OB,1,1,702,430617,73,37:00.0,3,0:00,422
7608759080,U,OB,1,1,166,430617,73,47:00.0,2,22:00,422
7608759109,U,OB,1,1,524,430617,73,32:00.0,2,22:00,422
7608759118,U,OB,1,1,318,430617,73,49:00.0,2,22:00,422
7608759127,U,OB,1,11,8258,559690,26,27:00.0,3,19:00,422
7608759136,U,OB,1,1,256,559690,26,42:00.0,3,19:00,422
7608759145,U,OB,1,1,400,559690,26,34:00.0,3,19:00,422
7608759154,U,OB,1,1,125,559690,26,56:00.0,3,19:00,422
7608759163,U,OB,1,1,450,559690,26,46:00.0,3,19:00,422
7608759172,U,OB,1,1,240,390236,76,31:00.0,5,1:00,422
7608759181,U,OB,1,2,1006,390236,76,47:00.0,5,1:00,422
7608759190,U,OB,1,1,1442,390236,76,53:00.0,5,1:00,422
760875920X,U,OB,1,1,674,390236,76,07:00.0,5,2:00,422
7608759219,U,OB,1,1,464,390236,76,16:00.0,5,2:00,422
7608759228,U,OB,1,1,214,390236,76,10:00.0,5,2:00,422
7608759237,U,OB,1,1,258,390236,76,25:00.0,5,2:00,422
7608759246,U,OB,1,1,384,390236,76,56:00.0,5,1:00,422
7608759255,U,OB,1,1,186,390236,76,26:00.0,5,1:00,422
7608759264,U,OB,1,1,566,390236,76,59:00.0,5,1:00,422
7608759273,U,OB,1,1,314,390236,76,19:00.0,5,2:00,422
7608759282,U,OB,1,1,166,390236,76,35:00.0,5,1:00,422
7608759291,U,OB,1,1,420,390236,76,59:00.0,5,0:00,422
760875931X,U,OB,1,1,438,390236,76,04:00.0,5,1:00,422
7608759329,U,OB,1,1,186,842167,43,51:00.0,6,13:00,422
7608759338,U,OB,1,1,1130,842167,43,59:00.0,6,13:00,422
7608759347,U,OB,1,1,212,842167,43,06:00.0,6,14:00,422
7608759356,U,OB,1,1,182,842167,43,04:00.0,6,14:00,422
7608759365,U,OB,1,1,374,842167,43,56:00.0,6,13:00,422
7608759374,U,OB,1,1,650,842167,43,01:00.0,6,14:00,422
7608759383,U,OB,1,1,210,842167,43,50:00.0,6,11:00,422
7608759392,U,OB,1,1,516,842167,43,35:00.0,6,11:00,422
7608759401,U,OB,1,1,828,842167,43,56:00.0,6,12:00,422
7608759410,U,OB,1,1,202,842167,43,48:00.0,6,12:00,422
760875942X,U,OB,1,1,170,842167,43,55:00.0,6,11:00,422
7608759439,U,OB,1,2,1752,842167,43,18:00.0,6,13:00,422
7608759448,U,OB,1,1,260,842167,43,30:00.0,6,13:00,422
7608759457,U,OB,1,1,430,310707,31,35:00.0,1,6:00,422
7608759466,U,OB,1,1,172,310707,31,51:00.0,1,1:00,422
7608759475,U,OB,1,1,770,310707,31,04:00.0,1,2:00,422
7608759484,U,OB,1,1,198,310707,31,29:00.0,1,6:00,422
7608759493,U,OB,1,1,618,310707,31,09:00.0,1,2:00,422
7608759493,U,OB,1,1,618,310707,79,50:00.0,1,11:00,422
7608759502,U,OB,1,1,308,310707,31,16:00.0,1,2:00,422
7608759511,U,OB,1,1,250,310707,31,06:00.0,1,2:00,422
7608759520,U,OB,1,1,321,310707,31,45:00.0,1,1:00,422
760875953X,U,OB,1,1,170,310707,31,57:00.0,1,1:00,422
7608759549,U,OB,1,1,295,310707,31,01:00.0,1,2:00,422
7608759558,U,OB,1,2,2444,310707,31,20:00.0,1,6:00,422
7608759567,U,OB,1,1,330,310707,31,31:00.0,1,6:00,422
7608759576,U,OB,1,1,264,310316,38,40:00.0,3,1:00,422
7608759594,U,OB,1,1,340,310316,38,40:00.0,2,23:00,422
7608759612,U,IB,1,1,355,310316,167,43:00.0,3,16:00,422
7608759612,U,OB,1,1,355,310316,38,31:00.0,3,0:00,422
7608759621,U,OB,1,1,440,310316,38,40:00.0,3,1:00,422
7608759630,U,OB,1,1,1042,310316,38,40:00.0,3,1:00,422
7608759630,U,CTY,1,1,1042,310316,P6  ,43:00.0,3,10:00,422
7608759659,U,OB,1,1,860,310316,38,37:00.0,3,1:00,422
7608759668,U,OB,1,1,216,310316,38,20:00.0,3,0:00,422
7608759677,U,OB,1,1,266,310316,38,41:00.0,3,0:00,422
7608759686,U,OB,1,1,214,310316,38,54:00.0,3,0:00,422
7608759695,U,OB,1,1,182,310316,38,40:00.0,3,1:00,422
7608759704,U,OB,1,1,188,842167,43,42:00.0,6,11:00,422
7608759713,U,OB,1,1,340,842167,43,27:00.0,6,13:00,422
7608759722,U,OB,1,2,864,842167,43,47:00.0,6,11:00,422
7608759731,U,OB,1,1,224,561048,73,32:00.0,3,18:00,422
7608759740,U,OB,1,1,242,561048,73,30:00.0,3,18:00,422
760875975X,U,OB,1,1,82,561048,73,24:00.0,3,18:00,422
7608759769,U,OB,1,1,344,561048,73,15:00.0,3,18:00,422
7608759778,U,OB,1,1,332,561048,73,13:00.0,3,18:00,422
7608759787,U,OB,1,1,192,561048,73,21:00.0,3,18:00,422
7608759787,U,IB,1,1,192,561048,106,18:00.0,4,5:00,422
7608759796,U,OB,1,1,212,561048,73,42:00.0,3,18:00,422
7608759805,U,OB,1,1,266,561048,73,38:00.0,3,18:00,422
7608759814,U,OB,1,1,372,252351,74,48:00.0,5,0:00,422
7608759823,U,OB,1,1,540,252351,74,27:00.0,5,1:00,422
7608759832,U,OB,1,1,810,252351,74,14:00.0,5,0:00,422
7608759841,U,OB,1,1,374,252351,74,06:00.0,5,2:00,422
7608759850,U,OB,1,1,298,252351,74,07:00.0,5,1:00,422
760875986X,U,OB,1,1,276,252351,74,28:00.0,5,2:00,422
7608759888,U,OB,1,1,190,252351,74,08:00.0,5,0:00,422
7608759906,U,OB,1,1,402,252351,74,32:00.0,5,0:00,422
7608759915,U,OB,1,1,160,252351,74,28:00.0,5,0:00,422
7608759924,U,OB,1,1,382,252351,74,03:00.0,5,2:00,422
7608759933,U,OB,1,1,640,252351,74,50:00.0,5,0:00,422
7608759942,U,OB,1,1,646,252351,74,12:00.0,5,0:00,422
7608759951,U,OB,1,1,206,252351,74,24:00.0,5,0:00,422
7608759960,U,OB,1,1,890,252351,74,01:00.0,5,2:00,422
7608759989,U,OB,1,1,226,842872,54,02:00.0,6,0:00,422
7608759989,U,OB,1,1,226,842872,66,01:00.0,6,0:00,422
7608759998,U,OB,1,1,290,842872,66,14:00.0,5,22:00,422
7608759998,U,OB,1,1,290,842872,24,26:00.0,5,22:00,422
7608760007,U,OB,1,1,156,842872,66,16:00.0,5,22:00,422
7608760016,U,OB,1,1,184,10166,43,00:00.0,7,3:00,422
7608760025,U,OB,1,1,226,10166,43,15:00.0,7,4:00,422
7608760034,U,OB,1,1,222,10166,43,35:00.0,7,3:00,422
7608760043,U,OB,1,1,726,10166,43,47:00.0,7,4:00,422
7608760052,U,OB,1,1,350,10166,43,51:00.0,7,3:00,422
7608760061,U,OB,1,1,294,10166,43,05:00.0,7,4:00,422
7608760070,U,OB,1,1,456,10166,43,57:00.0,7,2:00,422
760876008X,U,OB,1,1,264,10166,43,45:00.0,7,4:00,422
7608760108,U,OB,1,1,316,10166,43,36:00.0,7,4:00,422
7608760117,U,OB,1,1,256,10166,43,27:00.0,7,2:00,422
7608760126,U,OB,1,1,226,10166,43,35:00.0,7,4:00,422
7608760135,U,OB,1,1,638,10166,43,20:00.0,7,3:00,422
7608760144,U,OB,1,1,489,10166,43,26:00.0,7,2:00,422
7608760153,U,OB,1,9,4849,10166,43,04:00.0,7,2:00,422
7608760162,U,OB,1,1,213,530419,31,26:00.0,3,1:00,422
7608760171,U,OB,1,1,447,530419,31,58:00.0,3,0:00,422
7608760171,U,OB,1,1,447,530419,82,27:00.0,3,1:00,422
7608760180,U,OB,1,1,1260,530419,31,05:00.0,3,1:00,422
7608760180,U,OB,1,1,1260,530419,81,58:00.0,3,8:00,422
760876019X,U,OB,1,1,340,530419,31,02:00.0,3,1:00,422
7608760209,U,OB,1,1,398,558189,31,50:00.0,5,22:00,422
7608760227,U,OB,1,1,292,558189,31,01:00.0,6,2:00,422
7608760245,U,OB,1,1,164,558189,31,17:00.0,6,0:00,422
7608760254,U,OB,1,1,494,558189,31,41:00.0,6,0:00,422
7608760263,U,OB,1,1,200,558189,31,29:00.0,6,0:00,422
7608760272,U,OB,1,1,276,558189,31,23:00.0,6,0:00,422
7608760290,U,OB,1,1,228,558189,31,59:00.0,5,22:00,422
760876030X,U,OB,1,1,206,558189,31,46:00.0,6,0:00,422
7608760319,U,OB,1,1,174,558189,31,31:00.0,6,0:00,422
7608760328,U,OB,1,1,940,558189,31,59:00.0,6,0:00,422
7608760337,U,OB,1,1,268,558189,31,57:00.0,6,0:00,422
7608760346,U,OB,1,1,388,558189,31,54:00.0,6,0:00,422
7608760355,U,OB,1,1,394,558189,31,45:00.0,5,22:00,422
7608760364,U,OB,1,1,206,558189,31,04:00.0,6,1:00,422
7608760373,U,OB,1,1,416,558189,31,34:00.0,6,0:00,422
7608760382,U,OB,1,1,156,558189,31,14:00.0,6,0:00,422
7608760391,U,OB,1,1,308,558189,31,26:00.0,6,1:00,422
7608760400,U,OB,1,1,184,558189,31,06:00.0,6,2:00,422
760876041X,U,OB,1,1,292,558189,31,17:00.0,6,2:00,422
7608760429,U,OB,1,1,178,558189,31,56:00.0,5,22:00,422
7608760438,U,OB,1,1,246,558189,31,49:00.0,6,0:00,422
7608760447,U,OB,1,1,250,558189,31,26:00.0,6,0:00,422
7608760456,U,OB,1,1,964,530091,50,13:00.0,7,8:00,422
7608760465,U,OB,1,1,598,530091,50,23:00.0,7,6:00,422
7608760474,U,OB,1,1,1156,530091,50,41:00.0,7,6:00,422
7608760483,U,OB,1,1,306,530091,50,30:00.0,7,7:00,422
7608760492,U,OB,1,1,394,530091,50,57:00.0,7,7:00,422
7608760501,U,OB,1,1,394,530091,50,35:00.0,7,7:00,422
7608760510,U,OB,1,1,174,530091,50,37:00.0,7,7:00,422
760876052X,U,OB,1,1,706,530091,50,08:00.0,7,8:00,422
7608760539,U,OB,1,1,228,530091,50,00:00.0,7,7:00,422
7608760548,U,OB,1,1,432,530091,50,29:00.0,7,6:00,422
7608760557,U,OB,1,1,210,530091,50,17:00.0,7,6:00,422
7608760566,U,OB,1,1,222,530091,50,16:00.0,7,8:00,422
7608760575,U,OB,1,1,402,530091,50,15:00.0,7,6:00,422
7608760584,U,OB,1,1,512,530091,50,48:00.0,7,7:00,422
7608760593,U,OB,1,1,276,530091,50,40:00.0,7,7:00,422
7608760602,U,OB,1,1,612,530091,50,55:00.0,7,7:00,422
7608760611,U,OB,1,1,460,530091,50,52:00.0,7,7:00,422
7608760620,U,OB,1,1,320,530091,50,59:00.0,7,7:00,422
760876063X,U,OB,1,1,464,530091,50,46:00.0,7,7:00,422
7608760658,U,OB,1,1,256,79962,60,13:00.0,3,0:00,422
7608760667,U,OB,1,1,214,79962,60,31:00.0,3,0:00,422
7608760676,U,OB,1,1,485,79962,60,26:00.0,3,0:00,422
7608760685,U,OB,1,1,264,79962,60,46:00.0,3,0:00,422
7608760694,U,OB,1,1,191,79962,60,19:00.0,3,0:00,422
7608760703,U,OB,1,1,474,79962,60,22:00.0,3,0:00,422
7608760712,U,OB,1,1,150,79962,60,29:00.0,3,0:00,422
7608760721,U,OB,1,1,1214,79962,60,37:00.0,3,0:00,422
7608760730,U,OB,1,1,184,79962,60,35:00.0,3,0:00,422
760876074X,U,OB,1,1,916,79962,60,34:00.0,3,0:00,422
7608760759,U,OB,1,1,746,79962,60,50:00.0,3,0:00,422
7608760768,U,OB,1,1,922,79962,60,39:00.0,3,0:00,422
7608760777,U,OB,1,1,208,79962,60,11:00.0,3,0:00,422
7608760786,U,OB,1,1,248,559026,46,12:00.0,3,21:00,422
7608760795,U,OB,1,1,174,559026,79,26:00.0,3,21:00,422
7608760795,U,OB,1,1,174,559026,79,26:00.0,3,21:00,422
7608760804,U,OB,1,1,260,559026,46,31:00.0,3,21:00,422
7608760813,U,OB,1,1,298,559026,46,30:00.0,3,21:00,422
7608760813,U,OB,1,1,298,559026,68,33:00.0,3,21:00,422
7608760822,U,OB,1,1,344,559026,46,40:00.0,3,21:00,422
7608760822,U,IB,1,1,344,559026,159,07:00.0,3,22:00,422
7608760831,U,OB,1,1,230,559026,46,34:00.0,3,21:00,422
7608760831,U,OB,1,1,230,559026,54,30:00.0,4,1:00,422
7608760840,U,OB,1,1,186,559026,68,33:00.0,3,21:00,422
7608760840,U,OB,1,1,186,559026,46,19:00.0,3,21:00,422
760876085X,U,OB,1,1,184,559026,46,17:00.0,3,21:00,422
7608760869,U,OB,1,1,868,559026,46,01:00.0,3,21:00,422
7608760878,U,OB,1,1,150,559026,46,00:00.0,3,21:00,422
7608760887,U,OB,1,1,186,559026,46,11:00.0,3,21:00,422
7608760896,U,OB,1,1,158,559026,46,20:00.0,3,21:00,422
7608760914,U,OB,1,1,376,843233,43,14:00.0,4,22:00,422
7608760923,U,OB,1,1,344,843233,43,11:00.0,4,22:00,422
7608760932,U,OB,1,1,720,843233,43,03:00.0,4,22:00,422
7608760941,U,OB,1,1,230,843233,43,06:00.0,4,22:00,422
760876096X,U,OB,1,1,384,843233,43,57:00.0,4,22:00,422
7608760988,U,OB,1,1,216,843233,43,10:00.0,5,0:00,422
7608760997,U,OB,1,1,192,843233,43,08:00.0,4,22:00,422
7608761015,U,OB,1,1,302,843233,43,14:00.0,5,0:00,422
7608761024,U,OB,1,1,418,843233,43,54:00.0,4,22:00,422
7608761033,U,OB,1,1,376,843233,43,18:00.0,5,0:00,422
7608761042,U,OB,1,1,338,843233,43,59:00.0,4,22:00,422
7608761042,U,CTY,1,1,338,843233,_UNK,25:00.0,5,3:00,422
7608761051,U,OB,1,1,282,843233,43,16:00.0,5,0:00,422
7608761125,U,OB,1,1,260,842872,66,23:00.0,6,0:00,422
7608761134,U,OB,1,1,422,842872,66,20:00.0,6,0:00,422
7608761134,U,IB,1,1,422,842872,155,23:00.0,6,0:00,422
7608761143,U,OB,1,1,336,842872,66,10:00.0,6,0:00,422
7608761161,U,OB,1,2,2050,842872,66,23:00.0,6,1:00,422
7608761170,U,OB,1,1,210,842872,66,37:00.0,5,23:00,422
7608761253,U,OB,1,2,421,505671,60,33:00.0,2,18:00,422
7608761262,U,OB,1,1,365,505671,60,48:00.0,2,18:00,422
7608761271,U,OB,1,2,361,505671,60,38:00.0,2,18:00,422
7608761280,U,OB,1,1,217,505671,60,45:00.0,2,18:00,422
760876129X,U,OB,1,1,397,505671,60,29:00.0,2,18:00,422
7608761309,U,OB,1,1,272,505671,60,25:00.0,2,18:00,422
7608761318,U,OB,1,1,390,505671,60,21:00.0,2,18:00,422
7608761327,U,OB,1,1,290,505671,60,24:00.0,2,18:00,422
7608761336,U,OB,1,2,510,505671,60,35:00.0,2,18:00,422
7608761345,U,OB,1,1,295,505671,60,17:00.0,2,18:00,422
7608761354,U,OB,1,1,235,505671,60,12:00.0,2,18:00,422
7608761363,U,OB,1,1,287,505671,60,00:00.0,2,18:00,422
7608761372,U,OB,1,1,377,505671,60,04:00.0,2,18:00,422
7608761381,U,OB,1,1,205,505671,47,43:00.0,2,18:00,422
7608761381,U,OB,1,1,205,505671,47,43:00.0,2,18:00,422
7608761390,U,OB,1,1,266,505671,60,03:00.0,2,18:00,422
760876140X,U,OB,1,1,218,505671,60,55:00.0,2,17:00,422
7608761419,U,OB,1,1,220,505671,60,58:00.0,2,17:00,422
7608761428,U,OB,1,1,192,505671,60,32:00.0,2,17:00,422
7608761437,U,OB,1,1,371,505671,60,49:00.0,2,17:00,422
7608761446,U,OB,1,1,280,505671,60,47:00.0,2,17:00,422
7608761455,U,OB,1,1,116,97130,90,45:00.0,4,18:00,422
7608761464,U,OB,1,1,250,97130,90,35:00.0,4,18:00,422
7608761473,U,OB,1,1,335,112503,73,23:00.0,7,1:00,422
7608761482,U,OB,1,1,294,430875,43,12:00.0,2,20:00,422
7608761491,U,OB,1,1,569,430875,43,20:00.0,2,20:00,422
7608761500,U,OB,1,1,217,430875,43,29:00.0,2,20:00,422
760876151X,U,OB,1,1,248,430875,43,28:00.0,2,20:00,422
7608761529,U,OB,1,1,302,430875,43,24:00.0,2,20:00,422
7608761538,U,OB,1,1,200,430875,43,23:00.0,2,21:00,422
7608761547,U,OB,1,1,236,430875,43,16:00.0,2,20:00,422
7608761702,U,OB,1,1,38,000OSD,59,38:00.0,5,14:00,422
7608761711,U,OB,1,1,118,000OSD,59,49:00.0,5,14:00,422
760876173X,U,CTY,1,1,665,000OSD,181,33:00.0,5,14:00,422
7608762216,U,OB,1,6,2140,112054,66,10:00.0,3,3:00,422
7608762225,U,OB,1,2,575,112054,66,18:00.0,3,2:00,422
7608762243,U,OB,1,1,160,C422112054,66,31:00.0,3,0:00,422
7608762261,U,OB,1,3,1854,112054,66,19:00.0,2,23:00,422
7608762270,U,OB,1,9,3370,57019,49,02:00.0,5,6:00,422
7608762299,U,IB,1,1,725,310232,112,44:00.0,5,21:00,422
7608762308,U,IB,1,1,635,310232,112,35:00.0,5,21:00,422
7608762326,U,IB,1,1,595,310232,112,00:00.0,5,21:00,422
7608762371,U,OB,1,1,655,842091,66,49:00.0,3,19:00,422
7608762380,U,OB,1,2,469,842091,66,54:00.0,3,18:00,422
760876239X,U,OB,1,1,435,842091,66,38:00.0,3,18:00,422
7608762409,U,OB,1,6,893,842091,66,25:00.0,3,18:00,422
7608762418,U,OB,1,4,1540,842091,66,35:00.0,3,18:00,422
7608762427,U,OB,1,1,500,390072,96,48:00.0,6,0:00,422
7608762436,U,OB,1,1,494,390072,96,44:00.0,6,0:00,422
7608762445,U,OB,1,1,108,390072,96,28:00.0,6,0:00,422
7608762546,U,IB,1,4,2790,560231,101,27:00.0,2,18:00,422
7608762555,U,IB,1,7,3855,560231,101,42:00.0,2,18:00,422
7608762564,U,OB,1,2,564,560231,28,17:00.0,2,18:00,422
7608762564,U,IB,1,2,564,560231,101,16:00.0,2,18:00,422
7608762573,U,OB,1,1,740,57019,49,15:00.0,5,3:00,422
7608762582,U,OB,1,6,2030,57019,49,45:00.0,5,6:00,422
7608762600,U,OB,1,3,1630,558258,53,09:00.0,1,2:00,422
760876261X,U,OB,1,4,1010,558258,53,21:00.0,1,2:00,422
7608762638,U,OB,1,6,2110,558258,53,28:00.0,1,1:00,422
7608762656,U,OB,1,2,436,842091,66,13:00.0,3,19:00,422
7608762665,U,OB,1,3,1065,842091,66,03:00.0,3,19:00,422
7608762674,U,OB,1,8,2435,506875,81,21:00.0,7,4:00,422
7608762674,U,OB,1,8,2435,506875,50,39:00.0,7,1:00,422
7608762683,U,OB,1,2,630,506875,50,37:00.0,7,0:00,422
7608762977,U,IB,1,1,457,560231,101,18:00.0,2,19:00,422
7608762995,U,IB,1,1,955,560231,101,20:00.0,2,19:00,422
7608763004,U,IB,1,1,317,560231,101,33:00.0,2,18:00,422
7608763013,U,OB,1,3,885,57019,49,59:00.0,5,6:00,422
7608763031,U,OB,1,2,610,558258,53,55:00.0,1,1:00,422
7608763040,U,IB,1,1,720,310232,112,41:00.0,5,21:00,422
760876305X,U,IB,1,3,1655,310232,112,54:00.0,5,20:00,422
7608763069,U,IB,1,2,460,310232,112,46:00.0,5,20:00,422
7608763078,U,OB,1,8,10300,842091,66,42:00.0,3,19:00,422
7608763087,U,OB,1,7,2630,506875,50,12:00.0,7,2:00,422
7608763096,U,OB,1,1,695,842091,66,59:00.0,3,18:00,422
7608763417,U,OB,1,6,3845,112054,66,51:00.0,3,2:00,422
7608763426,U,OB,1,3,580,112054,66,20:00.0,3,0:00,422
7608763435,U,IB,1,1,1205,560231,101,24:00.0,2,19:00,422
7608763444,U,IB,1,1,687,560231,101,26:00.0,2,19:00,422
7608763444,U,OB,1,1,687,560231,27,27:00.0,2,19:00,422
7608764205,U,OB,1,1,2265,559046,55,34:00.0,5,1:00,422
7608764297,U,OB,1,1,615,531254,78,56:00.0,5,21:00,422
7608764333,U,IB,1,1,2170,904186,112,50:00.0,5,17:00,422
7608764342,U,OB,1,1,1936,559046,55,14:00.0,5,0:00,422
7608764351,U,OB,1,2,3914,559046,55,09:00.0,5,0:00,422
7608764360,U,OB,1,9,18260,559046,55,20:00.0,5,0:00,422
760876437X,U,OB,1,1,285,559046,55,31:00.0,5,1:00,422
7608764389,U,OB,1,3,792,530429,43,26:00.0,5,16:00,422
7608764416,U,OB,1,1,1132,560856,54,06:00.0,4,0:00,422
7608764416,U,OB,1,1,1132,560856,72,38:00.0,3,22:00,422
7608764425,U,OB,1,2,3821,560856,54,06:00.0,4,0:00,422
7608764434,U,OB,1,5,10167,842029,50,53:00.0,2,19:00,422
7608764434,U,OB,1,5,10167,842029,4,01:00.0,3,0:00,422
7608764443,U,OB,1,2,4080,842029,50,01:00.0,2,20:00,422
7608765451,U,OB,1,76,1520,820869,31,06:00.0,2,19:00,422
7608765460,U,OB,1,2,835,820869,31,23:00.0,2,18:00,422
760876547X,U,OB,1,2,695,559414,60,53:00.0,6,22:00,422
7608765489,U,OB,1,14,5600,820869,31,49:00.0,2,18:00,422
7608765498,U,OB,1,11,5290,559414,60,09:00.0,6,22:00,422
7608765507,U,OB,1,1,205,559414,60,49:00.0,6,22:00,422
7608765516,U,OB,1,2,1130,559414,60,46:00.0,6,22:00,422
7608765525,U,OB,1,2,2260,560751,74,20:00.0,6,20:00,422
7608765534,U,OB,1,1,680,560751,74,18:00.0,6,22:00,422
7608765543,U,OB,1,2,1177,560751,74,21:00.0,6,22:00,422
7608765552,U,OB,1,1,794,560027,66,34:00.0,5,21:00,422
7608765561,U,OB,1,12,2833,560027,66,22:00.0,5,19:00,422
7608765599,U,OB,1,1,627,559536,60,29:00.0,4,18:00,422
7608765617,U,OB,1,1,2750,842789,66,24:00.0,3,18:00,422
7608765626,U,OB,1,5,9752,842789,66,10:00.0,3,19:00,422
7608765635,U,OB,1,5,10310,842789,66,25:00.0,3,19:00,422
7608765662,U,OB,1,1,1027,904284,66,40:00.0,2,18:00,422
7608765680,U,OB,1,4,2044,904284,66,01:00.0,2,19:00,422
760876569X,U,OB,1,6,4243,904284,66,49:00.0,2,19:00,422
7608765947,U,OB,1,1,1615,842029,50,09:00.0,2,21:00,422
7608766203,U,OB,1,1,210,505671,60,39:00.0,2,17:00,422
7608766212,U,OB,1,1,431,505671,60,36:00.0,2,17:00,422
7608766221,U,OB,1,1,273,505671,60,34:00.0,2,17:00,422
7608766230,U,OB,1,3,815,505671,60,29:00.0,2,17:00,422
760876624X,U,OB,1,1,280,505671,60,23:00.0,2,17:00,422
7608766259,U,OB,1,1,191,559753,67,35:00.0,4,22:00,422
7608766268,U,OB,1,1,190,559753,67,47:00.0,4,22:00,422
7608766277,U,OB,1,1,211,559753,67,18:00.0,4,22:00,422
7608766286,U,OB,1,1,228,559753,44,57:00.0,4,21:00,422
7608766286,U,OB,1,1,228,559753,44,57:00.0,4,21:00,422
7608766313,U,OB,1,1,254,559753,67,58:00.0,4,21:00,422
7608766322,U,OB,1,1,241,559753,67,44:00.0,4,21:00,422
7608766331,U,OB,1,1,264,559753,67,39:00.0,4,22:00,422
7608766340,U,OB,1,1,352,87955,81,03:00.0,5,20:00,422
7608766340,U,OB,1,1,352,87955,81,03:00.0,5,20:00,422
760876635X,U,OB,1,1,307,87955,60,40:00.0,5,19:00,422
7608766369,U,OB,1,1,300,87955,60,07:00.0,5,20:00,422
7608766378,U,OB,1,1,318,87955,60,53:00.0,5,19:00,422
7608766387,U,OB,1,1,537,87955,60,05:00.0,5,20:00,422
7608766396,U,OB,1,1,262,87955,60,57:00.0,5,19:00,422
7608766405,U,OB,1,1,171,87955,60,35:00.0,5,19:00,422
7608766414,U,OB,1,1,396,87955,60,31:00.0,5,19:00,422
7608766423,U,OB,1,1,196,87955,60,26:00.0,5,19:00,422
7608766441,U,OB,1,1,277,87955,60,11:00.0,5,20:00,422
7608766450,U,OB,1,2,827,000OSD,59,05:00.0,5,15:00,422
760876646X,U,OB,1,1,223,559753,67,35:00.0,4,21:00,422
7608766479,U,OB,1,1,393,559753,81,52:00.0,4,21:00,422
7608766479,U,OB,1,1,393,559753,67,15:00.0,4,21:00,422
7608766488,U,OB,1,2,411,559753,67,19:00.0,4,21:00,422
7608766497,U,OB,1,1,238,559753,67,26:00.0,4,21:00,422
7608766506,U,OB,1,1,394,559753,67,13:00.0,4,21:00,422
7608766515,U,OB,1,1,334,559753,67,39:00.0,4,21:00,422
7608766524,U,OB,1,2,241,559753,67,23:00.0,4,21:00,422
7608766533,U,OB,1,1,230,430875,43,32:00.0,2,21:00,422
7608766542,U,OB,1,2,533,430875,43,44:00.0,2,21:00,422
7608766551,U,OB,1,1,275,430875,43,40:00.0,2,21:00,422
7608766560,U,OB,1,1,269,430875,43,33:00.0,2,21:00,422
7608766560,U,OB,1,1,269,430875,4,01:00.0,3,0:00,422
760876657X,U,OB,1,1,227,430875,43,35:00.0,2,21:00,422
7608766589,U,OB,1,1,355,430875,43,42:00.0,2,21:00,422
7608766598,U,OB,1,1,279,430875,43,36:00.0,2,21:00,422
7608766607,U,OB,1,1,139,430875,43,30:00.0,2,21:00,422
7608766616,U,OB,1,1,251,430875,43,47:00.0,2,21:00,422
7608766625,U,OB,1,1,293,430875,43,26:00.0,2,21:00,422
7608766634,U,OB,1,1,187,430875,43,28:00.0,2,21:00,422
7608766643,U,OB,1,1,282,430875,43,20:00.0,2,21:00,422
7608766652,U,OB,1,2,433,430875,43,11:00.0,2,21:00,422
7608766661,U,OB,1,2,421,430875,43,15:00.0,2,21:00,422
7608766670,U,OB,1,2,500,430875,43,18:00.0,2,20:00,422
760876668X,U,OB,1,1,279,430875,43,07:00.0,2,21:00,422
7608766699,U,OB,1,1,219,430875,43,20:00.0,2,21:00,422
7608766708,U,OB,1,1,200,430875,43,48:00.0,2,22:00,422
7608766717,U,OB,1,1,222,430875,43,49:00.0,2,22:00,422
7608766726,U,OB,1,1,203,430875,43,41:00.0,2,22:00,422
7608766735,U,OB,1,1,204,430875,43,43:00.0,2,22:00,422
7608766744,U,OB,1,1,255,430875,43,37:00.0,2,22:00,422
7608766753,U,OB,1,1,429,430875,43,40:00.0,2,22:00,422
7608766762,U,OB,1,1,225,430875,43,23:00.0,2,22:00,422
7608766771,U,OB,1,1,236,430875,43,22:00.0,2,22:00,422
7608766780,U,OB,1,1,352,430875,43,26:00.0,2,22:00,422
760876679X,U,OB,1,1,264,430875,43,28:00.0,2,22:00,422
7608766809,U,OB,1,1,289,430875,43,52:00.0,2,21:00,422
7608766818,U,OB,1,1,338,430875,43,54:00.0,2,21:00,422
7608766827,U,OB,1,1,231,430875,43,31:00.0,2,22:00,422
7608766836,U,OB,1,1,289,430875,43,31:00.0,2,22:00,422
7608766845,U,OB,1,1,310,430875,43,58:00.0,2,21:00,422
7608766854,U,OB,1,1,325,87955,47,56:00.0,5,20:00,422
7608766854,U,OB,1,1,325,87955,60,54:00.0,5,20:00,422
7608766863,U,OB,1,4,1285,87955,60,45:00.0,5,20:00,422
7608766881,U,OB,1,1,223,87955,60,44:00.0,5,20:00,422
7608766890,U,OB,1,1,380,87955,34,41:00.0,5,20:00,422
7608766890,U,OB,1,1,380,87955,60,39:00.0,5,20:00,422
760876690X,U,OB,1,1,238,87955,60,43:00.0,5,20:00,422
7608766919,U,OB,1,1,267,87955,34,41:00.0,5,20:00,422
7608766919,U,OB,1,1,267,87955,60,39:00.0,5,20:00,422
7608766928,U,OB,1,1,273,87955,60,36:00.0,5,20:00,422
7608766937,U,OB,1,1,207,87955,81,38:00.0,5,20:00,422
7608766937,U,OB,1,1,207,87955,60,34:00.0,5,20:00,422
7608766946,U,OB,1,1,263,87955,60,29:00.0,5,20:00,422
7608767469,U,OB,1,2,2005,903951,69,29:00.0,5,22:00,422
7608767478,U,OB,1,1,155,903951,69,19:00.0,5,21:00,422
7608767487,U,OB,1,3,1290,903951,69,13:00.0,5,21:00,422
7608767496,U,OB,1,1,335,903951,69,41:00.0,5,20:00,422
7608767505,U,OB,1,1,390,903951,69,58:00.0,5,20:00,422
7608767514,U,OB,1,2,15,903951,69,54:00.0,5,20:00,422
7608767707,U,OB,1,3,885,599375,95,42:00.0,3,20:00,422
7608767716,U,OB,1,2,3650,599375,95,28:00.0,3,20:00,422
7608767725,U,OB,1,1,147,10166,52,20:00.0,2,21:00,422
7608767734,U,OB,1,2,316,10166,52,17:00.0,2,21:00,422
7608767743,U,OB,1,2,148,10166,81,06:00.0,3,0:00,422
7608767752,U,OB,1,7,2309,10166,52,22:00.0,2,20:00,422
7608767761,U,OB,1,3,822,10166,52,19:00.0,2,19:00,422
7608767799,U,OB,1,5,8365,97063,75,59:00.0,4,22:00,422
7608767808,U,OB,1,4,8815,97063,75,48:00.0,4,22:00,422
7608767817,U,OB,1,1,15,431080,74,47:00.0,7,6:00,422
7608767826,U,OB,1,1,25,431080,74,41:00.0,7,6:00,422
7608767835,U,OB,1,2,1400,431080,74,52:00.0,7,6:00,422
7608767844,U,OB,1,1,600,431080,74,26:00.0,7,6:00,422
7608767853,U,OB,1,1,600,431080,74,35:00.0,7,6:00,422
7608767880,U,OB,1,1,710,112054,53,55:00.0,3,18:00,422
760876789X,U,OB,1,1,720,112054,53,04:00.0,3,19:00,422
7608767909,U,OB,1,1,800,112054,53,19:00.0,3,18:00,422
7608767918,U,OB,1,1,720,112054,53,45:00.0,3,18:00,422
7608767927,U,OB,1,7,2250,112054,53,38:00.0,3,19:00,422
7608768632,U,OB,1,2,1211,530088,75,49:00.0,2,21:00,422
7608768650,U,OB,1,2,1890,530088,75,40:00.0,2,21:00,422
760876866X,U,OB,1,2,1377,530088,75,54:00.0,2,21:00,422
7608768688,U,IB,1,2,1289,112054,101,27:00.0,4,0:00,422
7608768697,U,IB,1,1,408,10422,112,08:00.0,4,20:00,422
7608768724,U,OB,1,1,1032,515009,60,52:00.0,2,21:00,422
7608768742,U,OB,1,1,532,515009,60,41:00.0,2,22:00,422
7608768751,U,OB,1,1,853,515009,60,59:00.0,2,21:00,422
7608768760,U,OB,1,1,541,515009,60,25:00.0,2,22:00,422
760876877X,U,IB,1,5,3797,515009,108,44:00.0,3,1:00,422
7608768807,U,OB,1,2,683,430773,74,24:00.0,4,0:00,422
7608768825,U,OB,1,2,662,430773,74,49:00.0,3,22:00,422
7608768834,U,OB,1,2,1246,430773,74,19:00.0,4,0:00,422
7608768843,U,OB,1,4,2317,430773,74,36:00.0,4,0:00,422
7608768861,U,OB,1,1,458,430773,74,14:00.0,4,0:00,422
7608768870,U,OB,1,2,1598,430773,74,52:00.0,3,22:00,422
760876888X,U,OB,1,1,426,430773,74,13:00.0,4,0:00,422
7608768899,U,OB,1,1,554,430773,74,40:00.0,3,22:00,422
7608768908,U,OB,1,1,628,430773,74,54:00.0,3,22:00,422
7608768926,U,OB,1,2,547,430773,74,44:00.0,3,22:00,422
7608768935,U,IB,1,1,365,112054,101,34:00.0,4,0:00,422
7608768935,U,OB,1,1,365,112054,59,35:00.0,4,0:00,422
7608768944,U,IB,1,3,726,112054,101,23:00.0,4,0:00,422
7608768962,U,IB,1,8,5589,10422,112,08:00.0,4,21:00,422
7608768971,U,OB,1,2,695,430890,90,30:00.0,5,0:00,422
7608768980,U,OB,1,1,518,430890,90,44:00.0,5,2:00,422
760876899X,U,OB,1,2,567,430890,90,33:00.0,5,0:00,422
7608769009,U,OB,1,1,560,430890,90,56:00.0,5,2:00,422
7608769018,U,OB,1,1,397,430890,90,50:00.0,5,1:00,422
7608769027,U,OB,1,1,915,430890,90,55:00.0,5,1:00,422
7608769036,U,OB,1,1,502,430890,90,16:00.0,5,1:00,422
7608769045,U,OB,1,1,374,430890,90,29:00.0,5,1:00,422
7608769054,U,OB,1,6,4335,430890,90,01:00.0,5,1:00,422
7608769063,U,OB,1,1,793,430890,90,38:00.0,5,1:00,422
7608769072,U,OB,1,1,589,430890,90,54:00.0,5,2:00,422
7608769081,U,OB,1,1,562,430890,90,46:00.0,5,1:00,422
7608769090,U,OB,1,1,602,430890,90,07:00.0,5,1:00,422
760876910X,U,OB,1,1,503,430890,90,23:00.0,5,1:00,422
7608769119,U,OB,1,3,1552,53343,72,32:00.0,5,9:00,422
7608769128,U,OB,1,2,398,53343,72,57:00.0,5,9:00,422
7608769137,U,OB,1,5,1569,53343,72,57:00.0,5,9:00,422
7608769146,U,OB,1,19,10450,559680,32,20:00.0,5,20:00,422
7608769155,U,OB,1,3,1395,559680,32,22:00.0,5,20:00,422
7608769164,U,IB,1,1,525,559690,104,31:00.0,6,7:00,422
7608769173,U,IB,1,1,552,112054,111,53:00.0,2,22:00,422
7608769182,U,IB,1,1,623,112054,111,09:00.0,3,0:00,422
7608769458,U,IB,1,4,2193,559690,104,24:00.0,6,5:00,422
7608769467,U,IB,1,2,1188,559690,104,28:00.0,6,5:00,422
7608769476,U,IB,1,1,713,559690,104,21:00.0,6,7:00,422
7608769485,U,IB,1,1,378,559690,104,30:00.0,6,6:00,422
7608769494,U,IB,1,3,1722,559690,104,29:00.0,6,7:00,422
7608769503,U,IB,1,1,627,559690,104,17:00.0,6,7:00,422
7608769512,U,IB,1,2,908,559690,104,32:00.0,6,5:00,422
7608769521,U,IB,1,1,471,559690,104,53:00.0,6,6:00,422
7608769530,U,IB,1,4,1405,559690,104,42:00.0,6,7:00,422
760876954X,U,IB,1,2,750,570104,101,42:00.0,7,0:00,422
7608769568,U,OB,1,2,1728,842029,89,24:00.0,7,0:00,422
7608769577,U,OB,1,2,1428,842029,89,13:00.0,7,0:00,422
7608769586,U,OB,1,3,2327,842029,89,36:00.0,7,0:00,422
7608769604,U,OB,1,1,209,842029,89,01:00.0,7,0:00,422
7608769613,U,OB,1,1,346,842029,89,17:00.0,7,0:00,422
7608769622,U,IB,1,3,993,842029,154,02:00.0,7,1:00,422
7608769622,U,OB,1,3,993,842029,89,45:00.0,7,0:00,422
7608769631,U,IB,1,7,8090,570104,101,26:00.0,7,0:00,422
7608769640,U,IB,1,1,848,570104,101,45:00.0,7,0:00,422
7608769678,U,IB,1,1,197,112054,111,40:00.0,2,23:00,422
7608769687,U,IB,1,1,876,112054,111,07:00.0,3,0:00,422
7608769705,U,IB,1,2,994,112054,111,11:00.0,3,0:00,422
7608769732,U,IB,1,1,776,112054,111,04:00.0,3,0:00,422
7608769741,U,IB,1,2,1253,112054,111,02:00.0,3,0:00,422
7608769741,U,IB,1,2,1253,112054,157,37:00.0,3,0:00,422
7608769750,U,IB,1,1,468,112054,111,20:00.0,3,0:00,422
760876976X,U,OB,1,1,312,120863,90,10:00.0,4,0:00,422
7608769788,U,OB,1,1,1115,120863,90,58:00.0,4,1:00,422
7608769797,U,OB,1,3,2666,120863,90,52:00.0,4,0:00,422
7608769806,U,OB,1,8,5033,120863,90,55:00.0,4,0:00,422
7608769806,U,OB,1,8,5033,120863,41,30:00.0,4,1:00,422
7608769824,U,OB,1,1,395,120863,90,33:00.0,4,0:00,422
7608769833,U,OB,1,1,548,120863,90,00:00.0,4,2:00,422
7608769842,U,OB,1,6,2965,120863,90,45:00.0,4,1:00,422
7608769851,U,OB,1,1,502,120863,90,54:00.0,4,1:00,422
7608769860,U,OB,1,4,2439,120863,90,24:00.0,4,0:00,422
760876987X,U,OB,1,2,846,120863,90,04:00.0,4,0:00,422
7608769889,U,OB,1,1,522,120863,90,15:00.0,4,0:00,422
7608769907,U,OB,1,2,532,10260,90,43:00.0,7,4:00,422
7608769916,U,OB,1,1,98,10260,90,29:00.0,7,3:00,422
7608769925,U,OB,1,1,574,10260,90,37:00.0,7,3:00,422
7608769934,U,IB,1,6,3662,113979,135,26:00.0,2,19:00,422
7608769943,U,IB,1,3,1956,113979,135,59:00.0,2,19:00,422
7608769952,U,IB,1,2,978,530088,104,34:00.0,4,3:00,422
7608769961,U,IB,1,2,1060,530088,104,04:00.0,4,3:00,422
7608769970,U,IB,1,1,773,530088,104,02:00.0,4,3:00,422
760876998X,U,IB,1,3,851,530088,104,25:00.0,4,3:00,422
7608769999,U,IB,1,2,560,530088,104,14:00.0,4,3:00,422
7608770008,U,IB,1,5,3575,530088,104,37:00.0,4,2:00,422
7608770017,U,IB,1,1,442,530088,104,37:00.0,4,3:00,422
7608770026,U,IB,1,1,379,530088,104,28:00.0,4,2:00,422
7608770035,U,IB,1,2,663,530088,104,16:00.0,4,3:00,422
7608770053,U,OB,1,2,1710,251290,50,42:00.0,5,0:00,422
7608770062,U,OB,1,1,856,251290,50,04:00.0,5,0:00,422
7608770071,U,OB,1,2,1316,251290,50,14:00.0,5,0:00,422
760877009X,U,OB,1,3,2135,251290,50,50:00.0,5,0:00,422
7608770109,U,OB,1,1,589,90060,60,07:00.0,5,2:00,422
7608770118,U,OB,1,4,1479,90060,60,47:00.0,5,1:00,422
7608770127,U,OB,1,2,837,90060,60,52:00.0,5,1:00,422
7608770136,U,OB,1,1,851,90060,60,07:00.0,5,2:00,422
7608770145,U,OB,1,1,616,90060,60,11:00.0,5,2:00,422
7608770154,U,OB,1,1,447,90060,60,24:00.0,5,2:00,422
7608770163,U,OB,1,1,483,559143,84,32:00.0,4,1:00,422
7608770172,U,OB,1,3,1055,559143,84,14:00.0,4,0:00,422
7608770181,U,OB,1,2,1149,559143,84,38:00.0,4,0:00,422
7608770190,U,OB,1,4,820,559143,84,39:00.0,3,22:00,422
760877020X,U,OB,1,1,1528,10408,95,48:00.0,6,1:00,422
7608770219,U,OB,1,2,1575,10408,95,04:00.0,6,2:00,422
7608770228,U,OB,1,3,1928,10408,95,18:00.0,6,2:00,422
7608770237,U,OB,1,2,1293,10408,95,21:00.0,6,1:00,422
7608770246,U,OB,1,1,651,10408,95,35:00.0,6,1:00,422
7608770255,U,OB,1,2,1557,10408,95,17:00.0,6,2:00,422
7608770264,U,OB,1,2,1297,10408,95,14:00.0,6,2:00,422
7608770273,U,OB,1,2,1439,10408,95,58:00.0,6,1:00,422
7608770282,U,OB,1,1,916,10408,95,08:00.0,6,2:00,422
7608770291,U,OB,1,3,2408,10408,95,25:00.0,6,1:00,422
7608770300,U,OB,1,1,692,10408,95,52:00.0,6,1:00,422
760877031X,U,OB,1,1,615,10408,95,41:00.0,6,1:00,422
7608770329,U,OB,1,2,726,10422,22,48:00.0,6,6:00,422
7608770338,U,OB,1,1,684,10422,22,14:00.0,6,7:00,422
7608770347,U,OB,1,1,577,10422,22,42:00.0,6,6:00,422
7608770356,U,OB,1,1,1081,10422,22,45:00.0,6,6:00,422
7608770365,U,OB,1,12,4698,10422,22,35:00.0,6,7:00,422
7608770374,U,OB,1,2,885,10422,22,26:00.0,6,6:00,422
7608770383,U,OB,1,2,1292,10260,90,28:00.0,7,4:00,422
7608770392,U,OB,1,22,9955,10260,90,52:00.0,7,6:00,422
7608770401,U,OB,1,1,366,10260,90,44:00.0,7,3:00,422
7608770410,U,OB,1,4,1473,10260,90,10:00.0,7,5:00,422
760877042X,U,OB,1,1,358,10260,90,52:00.0,7,3:00,422
7608770439,U,OB,1,1,516,10260,81,58:00.0,7,4:00,422
7608770439,U,OB,1,1,516,10260,81,58:00.0,7,4:00,422
7608770448,U,OB,1,2,1148,10260,90,16:00.0,7,5:00,422
7608770457,U,IB,1,1,374,113979,135,16:00.0,2,20:00,422
7608770466,U,IB,1,1,391,113979,135,08:00.0,2,19:00,422
7608770475,U,IB,1,2,1765,113979,135,09:00.0,2,20:00,422
7608770484,U,IB,1,2,574,113979,135,13:00.0,2,19:00,422
7608770493,U,IB,1,1,720,113979,135,26:00.0,2,18:00,422
7608770502,U,IB,1,11,4403,113979,135,05:00.0,2,19:00,422
7608770511,U,IB,1,2,1086,113979,135,38:00.0,2,18:00,422
7608770520,U,OB,1,2,1772,530419,89,18:00.0,3,3:00,422
760877053X,U,OB,1,1,94,530419,89,59:00.0,3,0:00,422
7608770549,U,OB,1,2,1023,530419,89,07:00.0,3,3:00,422
7608770558,U,OB,1,2,1068,530419,89,04:00.0,3,3:00,422
7608770567,U,OB,1,4,3525,530419,89,25:00.0,3,2:00,422
7608770576,U,OB,1,3,2155,530419,89,43:00.0,3,2:00,422
7608770585,U,OB,1,2,1253,530419,89,19:00.0,3,0:00,422
7608770594,U,OB,1,2,1140,530419,89,04:00.0,3,3:00,422
7608770603,U,OB,1,1,89,530419,89,24:00.0,3,0:00,422
7608770612,U,OB,1,3,390,530419,89,05:00.0,3,0:00,422
7608770621,U,OB,1,5,1941,530419,89,35:00.0,3,0:00,422
7608770630,U,OB,1,1,724,530419,89,28:00.0,3,0:00,422
760877064X,U,OB,1,2,518,530419,89,08:00.0,3,1:00,422
7608770659,U,OB,1,1,942,559143,84,39:00.0,4,1:00,422
7608770668,U,OB,1,1,1070,559143,84,25:00.0,4,1:00,422
7608770677,U,OB,1,2,1498,559143,84,48:00.0,3,22:00,422
7608770686,U,OB,1,7,5678,97063,58,19:00.0,3,3:00,422
7608770695,U,OB,1,3,2137,97063,58,30:00.0,3,3:00,422
7608771950,U,OB,1,1,65,515009,32,33:00.0,7,2:00,422
760877196X,U,OB,1,1,65,515009,32,24:00.0,7,0:00,422
7608771979,U,OB,1,1,65,903344,50,44:00.0,2,22:00,422
7608771988,U,OB,1,1,65,903344,50,46:00.0,2,22:00,422
7608771988,U,OB,1,1,65,903344,65,24:00.0,3,3:00,422
7608771997,U,OB,1,1,65,903344,50,05:00.0,3,1:00,422
7608772006,U,OB,1,1,65,903344,50,50:00.0,3,0:00,422
7608772024,U,OB,1,1,65,903344,50,11:00.0,3,1:00,422
7608772033,U,OB,1,1,65,903344,50,14:00.0,3,1:00,422
7608772042,U,OB,1,1,65,903344,50,42:00.0,2,22:00,422
7608772051,U,OB,1,1,65,903344,50,47:00.0,3,0:00,422
7608772060,U,OB,1,1,65,903344,50,03:00.0,3,1:00,422
760877207X,U,OB,1,1,65,903344,50,09:00.0,3,1:00,422
7608772089,U,OB,1,1,65,903344,50,02:00.0,3,1:00,422
7608772125,U,OB,1,1,65,903344,50,06:00.0,3,1:00,422
7608772161,U,OB,1,1,65,903344,50,44:00.0,3,0:00,422
7608772208,U,IB,1,1,1010,353210,103,29:00.0,6,21:00,422
7608772217,U,IB,1,2,819,353210,103,53:00.0,6,20:00,422
7608772217,U,OB,1,2,819,353210,86,13:00.0,7,11:00,422
7608772226,U,IB,1,2,1020,353210,103,51:00.0,6,20:00,422
7608772226,U,OB,1,2,1020,353210,86,13:00.0,7,11:00,422
760877295X,U,OB,1,5,3178,310552,60,56:00.0,3,22:00,422
7608772969,U,OB,1,3,6179,310552,60,49:00.0,3,22:00,422
7608772978,U,OB,1,258,2060,430060,53,52:00.0,3,0:00,422
7608772987,U,OB,1,1,205,559026,53,56:00.0,3,20:00,422
7608772996,U,OB,1,3,305,559026,53,59:00.0,3,20:00,422
7608773023,U,OB,1,2,670,560041,75,25:00.0,4,22:00,422
7608773032,U,OB,1,1,1535,560041,75,42:00.0,4,22:00,422
7608773041,U,OB,1,5,1225,560041,75,33:00.0,4,22:00,422
7608773050,U,OB,1,5,915,560041,75,18:00.0,4,22:00,422
7608773079,U,OB,1,1,2300,560041,32,05:00.0,5,21:00,422
7608773088,U,OB,1,1,168,560041,75,39:00.0,4,21:00,422
760877504X,U,IB,1,1,643,830887,113,47:00.0,5,21:00,422
7608775059,U,IB,1,10,14500,830887,113,19:00.0,5,21:00,422
7608775068,U,IB,1,1,520,830887,113,15:00.0,5,21:00,422
7608775077,U,OB,1,10,14500,559026,78,39:00.0,6,22:00,422
7608775086,U,OB,1,1,1870,559026,78,56:00.0,6,20:00,422
7608775095,U,OB,1,1,1925,559026,78,58:00.0,6,20:00,422
7608775104,U,OB,1,2,3700,559026,78,11:00.0,6,21:00,422
7608775122,U,OB,1,1,550,559026,78,14:00.0,6,21:00,422
7608775131,U,OB,1,2,3715,559026,78,30:00.0,6,21:00,422
7608775140,U,OB,1,1,1960,559026,78,18:00.0,6,21:00,422
760877515X,U,OB,1,1,100,559026,78,41:00.0,6,21:00,422
7608775169,U,OB,1,1,2191,559026,78,32:00.0,6,21:00,422
7608775178,U,OB,1,1,725,559026,78,56:00.0,6,21:00,422
7608775187,U,OB,1,1,1380,559026,78,53:00.0,6,20:00,422
7608776451,U,IB,1,1,295,821190,119,05:00.0,3,0:00,422
760877647X,U,OB,1,1,253,820869,75,05:00.0,3,21:00,422
7608776489,U,OB,1,1,175,820869,75,57:00.0,3,20:00,422
7608776507,U,OB,1,1,500,821190,40,15:00.0,4,22:00,422
7608776534,U,OB,1,10,4275,821190,40,09:00.0,4,22:00,422
7608776745,U,OB,1,5,1320,821190,69,44:00.0,4,18:00,422
7608776754,U,OB,1,1,635,821190,39,08:00.0,5,21:00,422
7608776790,U,OB,1,1,720,843351,95,03:00.0,5,21:00,422
760877680X,U,OB,1,1,30,843351,95,16:00.0,5,21:00,422
7608776837,U,OB,1,1,520,843351,95,25:00.0,5,21:00,422
7608776864,U,OB,1,1,170,842193,38,49:00.0,6,20:00,422
7608776864,U,CTY,1,1,170,842193,N   ,23:00.0,7,15:00,422
7608776873,U,OB,1,1,170,842193,38,56:00.0,6,20:00,422
7608776882,U,OB,1,1,511,842193,38,02:00.0,6,21:00,422
7608776891,U,OB,1,1,2077,842193,38,08:00.0,6,21:00,422
7608776900,U,OB,1,2,960,842193,38,30:00.0,6,21:00,422
760877691X,U,IB,1,5,4500,842193,129,48:00.0,5,21:00,422
7608776929,U,OB,1,3,1400,310506,75,46:00.0,4,20:00,422
7608776938,U,OB,1,6,4350,310506,75,12:00.0,4,21:00,422
7608776947,U,OB,1,1,684,310552,23,05:00.0,4,0:00,422
7608776947,U,OB,1,1,684,310552,48,26:00.0,3,19:00,422
7608776956,U,OB,1,1,65,113979,58,51:00.0,3,21:00,422
7608776974,U,OB,1,1,65,113979,58,40:00.0,3,21:00,422
7608776983,U,OB,1,1,65,113979,58,45:00.0,3,21:00,422
7608776992,U,OB,1,1,65,113979,58,46:00.0,3,22:00,422
7608777001,U,OB,1,1,65,113979,58,20:00.0,3,22:00,422
7608777010,U,OB,1,1,65,113979,58,47:00.0,3,21:00,422
7608777039,U,OB,1,1,65,113979,58,36:00.0,3,21:00,422
7608777048,U,OB,1,1,65,113979,58,22:00.0,3,21:00,422
7608777057,U,OB,1,1,65,113979,58,25:00.0,3,22:00,422
7608777066,U,OB,1,1,65,113979,58,29:00.0,3,22:00,422
7608777075,U,OB,1,1,65,113979,58,57:00.0,3,21:00,422
7608777084,U,OB,1,1,65,113979,58,52:00.0,3,22:00,422
7608777093,U,OB,1,1,65,113979,58,30:00.0,3,22:00,422
7608777102,U,OB,1,1,65,113979,58,54:00.0,3,21:00,422
760877713X,U,OB,1,1,65,903344,50,54:00.0,2,22:00,422
7608777149,U,OB,1,1,65,903344,50,56:00.0,2,22:00,422
7608777149,U,OB,1,1,65,903344,5,41:00.0,5,3:00,422
7608777158,U,OB,1,1,65,903344,50,11:00.0,2,23:00,422
7608777194,U,OB,1,1,65,903344,50,58:00.0,2,22:00,422
760878076X,U,OB,1,1,1460,560385,72,29:00.0,2,21:00,422
7608780779,U,OB,1,1,1660,560385,72,35:00.0,2,21:00,422
7608780970,U,OB,1,8,2170,530419,31,34:00.0,5,21:00,422
7608780999,U,OB,1,5,1705,561048,26,58:00.0,5,20:00,422
7608781017,U,OB,1,1,150,310506,55,22:00.0,5,21:00,422
7608781026,U,OB,1,9,4350,830890,40,32:00.0,3,22:00,422
7608781035,U,OB,1,6,1995,830890,69,23:00.0,5,19:00,422
7608781035,U,OB,1,6,1995,830890,34,21:00.0,5,21:00,422
760878120X,U,OB,1,4,2050,310506,55,14:00.0,5,21:00,422
7608781457,U,OB,1,2,695,830890,76,56:00.0,6,18:00,422
7608781466,U,OB,1,1,345,830890,76,03:00.0,6,19:00,422
7608781475,U,OB,1,1,340,830890,76,07:00.0,6,19:00,422
7608781484,U,OB,1,1,355,830890,76,08:00.0,6,20:00,422
7608781493,U,OB,1,1,345,830890,76,25:00.0,6,19:00,422
7608781502,U,OB,1,1,350,830890,76,20:00.0,6,19:00,422
7608781511,U,OB,1,1,340,830890,76,12:00.0,6,19:00,422
7608781520,U,CTY,1,1,100,830890,231,23:00.0,1,2:00,422
7608781520,U,CTY,1,1,100,830890,231,02:00.0,3,3:00,422
7608781520,U,OB,1,1,100,830890,76,26:00.0,6,20:00,422
760878153X,U,OB,1,1,225,830890,76,43:00.0,6,18:00,422
7608781549,U,OB,1,1,230,830890,76,22:00.0,6,20:00,422
7608781558,U,OB,1,1,245,830890,76,17:00.0,6,20:00,422
7608781567,U,IB,1,1,185,830890,154,12:00.0,6,20:00,422
7608781567,U,IB,1,1,185,830890,154,12:00.0,6,20:00,422
7608781576,U,OB,1,1,75,830890,73,16:00.0,5,18:00,422
7608781585,U,IB,1,4,1515,830890,103,09:00.0,4,19:00,422
7608781594,U,OB,1,1,200,830890,52,47:00.0,3,18:00,422
7608781603,U,OB,1,3,900,830890,52,14:00.0,3,19:00,422
7608781612,U,CTY,1,1,325,830890,O4  ,20:00.0,5,8:00,422
7608781612,U,OB,1,1,325,830890,52,21:00.0,3,19:00,422
7608781621,U,OB,1,1,222,830890,32,24:00.0,2,18:00,422
7608781630,U,OB,1,1,904,830890,55,53:00.0,4,19:00,422
760878164X,U,OB,1,2,2094,830890,55,19:00.0,4,20:00,422
7608781659,U,OB,1,1,602,830890,55,11:00.0,4,20:00,422
7608781668,U,OB,1,1,280,830890,55,12:00.0,4,20:00,422
7608781677,U,OB,1,5,10440,830890,84,28:00.0,3,19:00,422
7608781686,U,OB,1,1,1500,830890,84,35:00.0,3,19:00,422
7608781695,U,OB,1,3,812,830890,84,07:00.0,3,20:00,422
7608781704,U,OB,1,1,525,830890,32,58:00.0,2,19:00,422
7608781713,U,OB,1,1,1500,830890,58,45:00.0,2,20:00,422
7608781713,U,OB,1,1,1500,830890,32,46:00.0,2,19:00,422
7608781731,U,OB,1,1,910,830890,32,55:00.0,2,20:00,422
7608781740,U,OB,1,5,2935,830890,32,49:00.0,2,21:00,422
760878175X,U,OB,1,1,1365,830890,32,38:00.0,2,21:00,422
760878395X,U,OB,1,1,157,530419,31,23:00.0,3,0:00,422
7608783978,U,OB,1,1,490,530419,31,19:00.0,3,2:00,422
7608783987,U,OB,1,1,513,530419,31,28:00.0,3,1:00,422
7608783996,U,OB,1,1,230,530419,31,11:00.0,3,2:00,422
7608784005,U,OB,1,1,200,530419,31,37:00.0,3,0:00,422
7608784014,U,OB,1,1,180,530419,31,20:00.0,3,0:00,422
7608784023,U,OB,1,1,313,530419,31,18:00.0,3,0:00,422
7608784032,U,OB,1,1,232,530419,31,15:00.0,3,1:00,422
7608784041,U,OB,1,1,520,530419,31,14:00.0,3,2:00,422
7608784050,U,OB,1,1,418,530419,31,02:00.0,3,2:00,422
760878406X,U,OB,1,1,436,530419,31,04:00.0,3,2:00,422
7608784079,U,OB,1,1,480,530419,31,23:00.0,3,1:00,422
7608784088,U,OB,1,1,256,530419,31,20:00.0,3,1:00,422
7608784097,U,OB,1,1,318,559259,73,54:00.0,4,0:00,422
7608784106,U,OB,1,1,672,559259,73,09:00.0,4,1:00,422
7608784115,U,OB,1,1,310,559259,73,50:00.0,4,1:00,422
7608784124,U,OB,1,1,182,559259,73,22:00.0,4,1:00,422
7608784133,U,OB,1,1,218,559259,73,25:00.0,4,1:00,422
7608784142,U,OB,1,1,192,559259,73,30:00.0,4,1:00,422
7608784160,U,OB,1,1,202,559259,73,31:00.0,4,2:00,422
760878417X,U,OB,1,1,250,559259,73,59:00.0,4,0:00,422
7608784189,U,OB,1,1,342,559259,73,18:00.0,4,2:00,422
7608784198,U,OB,1,1,350,559259,73,04:00.0,4,1:00,422
7608784207,U,OB,1,1,550,559259,73,32:00.0,4,1:00,422
7608784216,U,OB,1,1,430,559259,73,28:00.0,4,2:00,422
7608784225,U,OB,1,1,264,559259,73,14:00.0,4,2:00,422
7608784234,U,OB,1,1,250,559259,73,24:00.0,4,2:00,422
7608784243,U,OB,1,1,416,559259,73,13:00.0,4,1:00,422
7608784252,U,OB,1,4,5742,559259,73,06:00.0,4,2:00,422
7608784261,U,IB,1,1,268,830887,105,03:00.0,5,1:00,422
7608784270,U,IB,1,1,332,830887,105,59:00.0,5,0:00,422
760878428X,U,IB,1,1,288,830887,105,55:00.0,5,0:00,422
7608784299,U,IB,1,1,204,830887,105,27:00.0,5,1:00,422
7608784308,U,IB,1,1,1076,830887,105,09:00.0,5,1:00,422
7608784317,U,IB,1,1,814,830887,105,06:00.0,5,1:00,422
7608784326,U,OB,1,10,6062,558869,75,17:00.0,5,20:00,422
7608784335,U,OB,1,1,190,558869,75,49:00.0,5,21:00,422
7608784344,U,OB,1,1,314,558869,75,17:00.0,5,22:00,422
7608784353,U,OB,1,1,324,558869,75,29:00.0,5,21:00,422
7608784362,U,OB,1,1,174,558869,75,26:00.0,5,21:00,422
7608784371,U,OB,1,1,236,558869,75,24:00.0,5,21:00,422
7608784380,U,OB,1,1,200,558869,75,59:00.0,5,21:00,422
760878439X,U,OB,1,1,1366,558869,75,20:00.0,5,21:00,422
7608784409,U,OB,1,1,184,558869,75,18:00.0,5,21:00,422
7608784418,U,OB,1,1,358,558869,75,23:00.0,5,22:00,422
7608784436,U,OB,1,1,570,558869,75,19:00.0,5,22:00,422
7608784445,U,OB,1,1,582,558869,75,57:00.0,5,21:00,422
7608784454,U,OB,1,1,856,558869,75,27:00.0,5,22:00,422
7608784463,U,OB,1,1,306,558373,60,21:00.0,7,4:00,422
7608784472,U,OB,1,1,230,558373,60,17:00.0,7,4:00,422
7608784481,U,OB,1,1,166,558373,60,13:00.0,7,4:00,422
7608784490,U,OB,1,1,332,558373,60,24:00.0,7,3:00,422
760878450X,U,OB,1,1,284,558373,60,40:00.0,7,3:00,422
7608784519,U,OB,1,1,262,558373,60,51:00.0,7,3:00,422
7608784528,U,OB,1,1,302,558373,60,33:00.0,7,4:00,422
7608784537,U,OB,1,1,262,558373,60,29:00.0,7,3:00,422
7608786728,U,OB,1,2,730,842650,60,28:00.0,3,19:00,422
7608786737,U,OB,1,1,722,842650,60,21:00.0,3,19:00,422
7608786746,U,OB,1,2,1260,842029,63,33:00.0,5,19:00,422
7608786755,U,OB,1,3,615,842029,63,08:00.0,5,19:00,422
7608786957,U,OB,1,1,279,559046,76,42:00.0,2,23:00,422
7608787177,U,OB,1,1,1530,559046,76,35:00.0,2,22:00,422
7608789972,U,OB,1,1,186,830887,48,17:00.0,3,22:00,422
7608789981,U,OB,1,1,250,830887,48,19:00.0,3,22:00,422
7608789990,U,OB,1,1,124,830887,48,14:00.0,3,22:00,422
760879000X,U,OB,1,6,1500,830887,48,15:00.0,3,22:00,422
7608790028,U,OB,1,1,150,558194,26,35:00.0,4,22:00,422
7608790037,U,OB,1,1,310,558194,26,41:00.0,4,22:00,422
7608790046,U,OB,1,1,180,558373,60,22:00.0,7,5:00,422
7608790055,U,OB,1,2,284,558373,60,19:00.0,7,5:00,422
760879022X,U,IB,1,1,158,558470,116,54:00.0,2,12:00,422
760879022X,U,CTY,1,1,158,558470,231,31:00.0,3,1:00,422
7608790248,U,OB,1,1,129,842082,51,39:00.0,2,22:00,422
7608790257,U,OB,1,1,445,842082,51,49:00.0,2,22:00,422
7608790266,U,OB,1,1,606,842082,51,44:00.0,2,22:00,422
7608790302,U,OB,1,1,71,111483,22,03:00.0,6,1:00,422
7608790311,U,OB,1,1,72,111483,22,01:00.0,6,1:00,422
7608790320,U,OB,1,1,180,111483,22,05:00.0,6,1:00,422
760879033X,U,OB,1,2,195,531239,89,27:00.0,7,3:00,422
7608790349,U,OB,1,3,270,531239,89,31:00.0,7,3:00,422
7608790358,U,OB,1,1,140,531239,89,21:00.0,7,3:00,422
7608790367,U,OB,1,1,141,559443,75,39:00.0,2,22:00,422
7608790376,U,OB,1,1,520,559443,75,42:00.0,2,22:00,422
7608790394,U,OB,1,4,96,843233,43,28:00.0,5,0:00,422
7608790403,U,OB,1,3,101,843233,43,30:00.0,5,0:00,422
7608790412,U,OB,1,1,219,843233,43,34:00.0,5,0:00,422
7608790421,U,OB,1,8,432,843233,43,38:00.0,5,0:00,422
7608790459,U,OB,1,2,390,530751,32,54:00.0,7,1:00,422
7608790486,U,OB,1,1,1817,530751,32,27:00.0,7,1:00,422
7608790495,U,OB,1,1,477,530751,32,32:00.0,7,1:00,422
7608818040,U,IB,1,1,232,133623,164,28:00.0,1,2:00,873
760881816X,U,IB,1,2,1355,125468,111,07:00.0,2,13:00,873
7608818197,U,IB,1,2,771,130805,117,07:00.0,3,4:00,873
7608818298,U,IB,1,3,884,133623,164,18:00.0,1,3:00,873
7608818316,U,IB,1,3,990,133623,164,54:00.0,1,2:00,873
7608818316,U,IB,1,3,990,133623,119,27:00.0,1,6:00,873
7608818316,U,IB,1,3,990,133623,121,09:00.0,1,6:00,873
7608818316,U,IB,1,3,990,133623,119,27:00.0,1,6:00,873
7608818361,U,IB,1,5,1256,125468,111,40:00.0,2,14:00,873
7608818444,U,IB,1,4,1030,125468,111,50:00.0,2,12:00,873
7608818581,U,IB,1,3,1035,133623,164,09:00.0,1,3:00,873
7608818747,U,IB,1,3,655,128772,143,45:00.0,1,1:00,873
7608818774,U,IB,1,7,2669,125522,158,34:00.0,2,14:00,873
7608818783,U,IB,1,4,749,125468,111,08:00.0,2,16:00,873
7608818839,U,IB,1,6,1965,126575,151,21:00.0,3,0:00,873
7608819021,U,IB,1,1,763,125468,111,23:00.0,2,15:00,873
7608819068,U,IB,1,9,1973,125522,158,39:00.0,2,14:00,873
7608819104,U,IB,1,1,330,133622,145,17:00.0,3,11:00,873
7608819297,U,IB,1,8,2505,133622,145,32:00.0,3,8:00,873
7608819306,U,IB,1,1,287,126878,133,44:00.0,4,5:00,873
7608819342,U,IB,1,6,1741,126575,151,23:00.0,3,0:00,873
7608819544,U,IB,1,1,634,133622,145,30:00.0,3,10:00,873
760881959X,U,IB,1,1,627,133622,145,42:00.0,3,7:00,873
7608819618,U,IB,1,2,629,133622,145,35:00.0,3,7:00,873
7608819663,U,IB,1,1,407,133622,145,14:00.0,3,8:00,873
760881992X,U,CTY,1,1,530,129622,169,30:00.0,3,20:00,873
7608820002,U,IB,1,1,265,126878,133,28:00.0,4,6:00,873
7608820058,U,CTY,1,10,1550,134441,185,02:00.0,1,9:00,873
7608820186,U,CTY,1,14,4771,134441,185,03:00.0,1,9:00,873
7608820305,U,IB,1,1,327,280877,151,14:00.0,1,16:00,873
7608820415,U,IB,1,5,1865,279882,158,22:00.0,7,10:00,873
760882047X,U,CTY,1,5,1780,138306,169,35:00.0,4,5:00,873
7608820489,U,IB,1,4,1702,134558,145,27:00.0,7,10:00,873
7608820507,U,IB,1,4,1686,279882,158,29:00.0,7,10:00,873
7608820671,U,IB,1,1,376,202385,117,59:00.0,5,13:00,873
7608820745,U,IB,1,4,726,280877,151,09:00.0,1,16:00,873
7608820772,U,IB,1,1,139,134444,164,04:00.0,2,16:00,873
7608820828,U,IB,1,1,315,134444,164,17:00.0,2,16:00,873
7608820855,U,CTY,1,10,4294,130945,169,10:00.0,2,12:00,873
7608820938,U,IB,1,7,2113,290274,133,15:00.0,2,7:00,873
7608820947,U,CTY,1,4,1948,134441,185,02:00.0,1,9:00,873
7608821322,U,CTY,1,9,2415,130945,169,48:00.0,2,13:00,873
7608821497,U,IB,1,2,421,130624,151,46:00.0,5,15:00,873
7608821524,U,IB,1,1,150,202385,117,27:00.0,5,13:00,873
7608821533,U,IB,1,1,485,132656,127,00:00.0,3,23:00,873
760882157X,U,IB,1,6,2313,130624,151,48:00.0,5,15:00,873
7608821616,U,IB,1,8,3811,130624,151,14:00.0,5,15:00,873
7608821708,U,IB,1,5,2065,127765,127,28:00.0,2,14:00,873
7608822220,U,IB,1,1,64,128529,133,44:00.0,3,7:00,873
7608822312,U,IB,1,1,64,128529,133,35:00.0,3,6:00,873
7608822440,U,IB,1,1,64,128529,133,01:00.0,3,7:00,873
7608822597,U,IB,1,1,64,128529,133,40:00.0,3,6:00,873
7608822651,U,IB,1,1,64,128529,133,43:00.0,3,6:00,873
7608822698,U,IB,1,1,64,128529,133,27:00.0,3,6:00,873
7608822707,U,IB,1,1,64,128529,133,48:00.0,3,7:00,873
7608822725,U,IB,1,1,64,128529,133,57:00.0,3,5:00,873
7608822770,U,IB,1,1,64,128529,133,50:00.0,3,6:00,873
7608822862,U,CTY,1,1,414,138345,195,55:00.0,4,19:00,873
7608822954,U,IB,1,3,736,130905,164,23:00.0,1,11:00,873
7608823019,U,IB,1,3,682,128529,133,58:00.0,3,7:00,873
7608823156,U,CTY,1,1,540,TTMS144654,194,25:00.0,2,12:00,896
7608823192,U,CTY,1,2,630,132772,168,04:00.0,1,7:00,873
7608823201,U,IB,1,1,540,130905,164,37:00.0,1,10:00,873
7608823257,U,CTY,1,3,1396,138345,195,54:00.0,4,15:00,873
7608823275,U,CTY,1,4,1467,132772,168,16:00.0,1,12:00,873
7608823311,U,IB,1,4,886,130905,164,05:00.0,1,12:00,873
7608823587,U,CTY,1,1,666,138345,195,52:00.0,4,19:00,873
7608823697,U,IB,1,1,583,128529,133,17:00.0,3,6:00,873
7608823715,U,IB,1,3,17,128529,133,07:00.0,3,6:00,873
7608823798,U,CTY,1,1,251,137902,174,27:00.0,2,15:00,873
7608823843,U,IB,1,3,1245,130624,151,02:00.0,5,16:00,873
7608824072,U,CTY,1,5,1962,261344,172,02:00.0,1,14:00,873
7608824310,U,CTY,1,6,4720,138345,195,09:00.0,4,19:00,873
7608824339,U,IB,1,3,1295,130624,151,51:00.0,5,14:00,873
7608824348,U,CTY,1,1,278,128154,172,06:00.0,3,14:00,873
7608824640,U,CTY,1,1,300,134590,189,54:00.0,7,12:00,873
7608824860,U,IB,1,5,1058,278516,131,35:00.0,3,3:00,873
7608825026,U,IB,1,1,319,133117,164,47:00.0,2,22:00,873
7608825071,U,CTY,1,20,1400,137902,174,33:00.0,2,12:00,873
7608825300,U,IB,1,4,875,278516,131,17:00.0,3,3:00,873
7608825621,U,IB,1,2,560,128070,131,46:00.0,2,15:00,873
7608825677,U,CTY,1,1,184,128152,175,23:00.0,4,19:00,873
7608825951,U,IB,1,1,117,139677,145,41:00.0,5,11:00,873
7608826171,U,IB,1,6,1135,128068,133,34:00.0,3,10:00,873
760882619X,U,IB,1,1,225,128068,133,25:00.0,3,10:00,873
7608826346,U,IB,1,5,3473,128068,133,40:00.0,3,9:00,873
7608826611,U,CTY,1,1,176,128152,175,28:00.0,4,18:00,873
760882663X,U,IB,1,2,243,135232,164,17:00.0,5,13:00,873
7608826649,U,CTY,1,5,516,128152,175,07:00.0,4,20:00,873
7608826759,U,CTY,1,2,926,132093,187,37:00.0,3,19:00,896
7608826786,U,IB,1,1,741,TTMS910575,151,44:00.0,3,20:00,896
7608867632,U,OB,1,1,720,430926,58,41:00.0,3,7:00,447
7608867641,U,OB,1,1,682,430926,58,18:00.0,3,8:00,447
7608867650,U,OB,1,1,157,430926,58,59:00.0,3,7:00,447
760886766X,U,OB,1,1,270,430926,58,44:00.0,3,8:00,447
7608867679,U,OB,1,3,152,430926,58,21:00.0,3,7:00,447
7608867688,U,OB,1,2,252,430926,58,28:00.0,3,8:00,447
7608867697,U,OB,1,1,280,430926,58,07:00.0,3,8:00,447
7608867706,U,OB,1,3,174,430926,58,34:00.0,3,7:00,447
7608867715,U,OB,1,3,390,430926,58,04:00.0,3,8:00,447
7608867724,U,OB,1,1,140,430926,58,56:00.0,3,7:00,447
7608867733,U,OB,1,2,118,430926,58,52:00.0,3,7:00,447
7608867742,U,OB,1,1,104,430926,58,15:00.0,3,8:00,447
7608867760,U,OB,1,1,118,430926,58,54:00.0,3,7:00,447
760886777X,U,OB,1,1,2752,430926,58,23:00.0,3,7:00,447
7608867789,U,OB,1,2,236,430926,58,18:00.0,3,9:00,447
7608867798,U,OB,1,1,118,430926,58,59:00.0,3,8:00,447
7608867807,U,OB,1,1,192,430926,58,24:00.0,3,8:00,447
7608867816,U,OB,1,1,82,430926,58,30:00.0,3,9:00,447
7608867825,U,OB,1,1,124,430926,58,55:00.0,3,8:00,447
7608867834,U,OB,1,3,3140,430926,58,28:00.0,3,9:00,447
7608867843,U,OB,1,2,112,430926,58,34:00.0,3,8:00,447
7608867852,U,OB,1,2,1542,430926,58,46:00.0,3,9:00,447
7608867870,U,OB,1,1,235,128133,67,43:00.0,3,2:00,447
7608867899,U,OB,1,1,130,430526,89,31:00.0,4,3:00,447
7608867908,U,OB,1,2,270,430926,58,05:00.0,3,10:00,447
7608867935,U,OB,1,3,3021,R42210422,22,02:00.0,3,11:00,447
7608867944,U,OB,1,3,1240,290356,32,24:00.0,4,0:00,447
7608867953,U,OB,1,4,3045,430526,89,51:00.0,4,5:00,447
7608867971,U,OB,1,1,97,290356,32,18:00.0,4,0:00,447
7608867980,U,OB,1,1,450,290356,32,26:00.0,4,0:00,447
760886799X,U,OB,1,1,105,290356,32,41:00.0,4,1:00,447
7608868009,U,OB,1,1,105,290356,32,41:00.0,4,1:00,447
7608868018,U,OB,1,2,1183,430526,89,25:00.0,4,3:00,447
7608868027,U,OB,1,3,2475,291132,63,45:00.0,5,9:00,447
7608868045,U,OB,1,2,1168,291132,63,44:00.0,5,8:00,447
7608868054,U,OB,1,1,698,291132,63,53:00.0,5,8:00,447
7608868063,U,OB,1,1,993,291132,63,33:00.0,5,9:00,447
7608868072,U,OB,1,1,160,291132,63,32:00.0,5,8:00,447
7608868081,U,OB,1,1,255,136883,58,33:00.0,5,2:00,447
7608868090,U,OB,1,3,161,291132,63,36:00.0,5,9:00,447
760886810X,U,OB,1,2,138,291132,63,41:00.0,5,9:00,447
7608868119,U,OB,1,1,107,124141,67,03:00.0,6,9:00,447
7608868128,U,OB,1,1,105,124141,67,13:00.0,6,9:00,447
7608868137,U,OB,1,1,85,124141,70,16:00.0,6,9:00,447
7608868137,U,OB,1,1,85,124141,67,14:00.0,6,9:00,447
7608868155,U,OB,1,1,123,124141,67,58:00.0,6,8:00,447
7608868164,U,OB,1,2,246,124141,67,20:00.0,6,9:00,447
7608868173,U,OB,1,3,367,124141,67,56:00.0,6,8:00,447
7608868182,U,OB,1,1,135,124141,67,51:00.0,6,8:00,447
7608868191,U,OB,1,3,248,124141,67,46:00.0,6,8:00,447
7608868200,U,OB,1,1,622,124141,67,03:00.0,6,10:00,447
760886821X,U,OB,1,2,170,124141,67,10:00.0,6,9:00,447
7608868229,U,OB,1,2,244,124141,67,18:00.0,6,9:00,447
7608868247,U,OB,1,1,454,124141,67,26:00.0,6,9:00,447
7608868256,U,OB,1,2,1821,121528,46,10:00.0,6,14:00,447
7608868265,U,OB,1,1,114,121528,46,06:00.0,6,14:00,447
7608868274,U,OB,1,6,4465,124141,67,21:00.0,6,10:00,447
7608868283,U,OB,1,1,891,121528,46,13:00.0,6,14:00,447
7608868292,U,OB,1,1,1007,121528,46,21:00.0,6,14:00,447
7608868301,U,OB,1,3,2009,560225,14,43:00.0,6,15:00,447
7608868310,U,OB,1,1,92,261252,72,38:00.0,1,14:00,447
760886832X,U,OB,1,1,623,261252,72,41:00.0,1,14:00,447
7608868339,U,OB,1,1,367,125499,32,46:00.0,1,13:00,447
7608868348,U,OB,1,3,1480,125499,32,56:00.0,1,13:00,447
7608868357,U,OB,1,3,367,125499,32,04:00.0,1,14:00,447
7608868366,U,OB,1,1,128,125499,32,00:00.0,1,14:00,447
7608868375,U,OB,1,3,3365,125499,32,17:00.0,1,14:00,447
7608868393,U,OB,1,2,244,125499,32,06:00.0,1,14:00,447
7608868402,U,OB,1,2,116,261252,72,35:00.0,1,14:00,447
7608868411,U,OB,1,2,228,125499,32,09:00.0,1,14:00,447
7608868420,U,OB,1,1,395,261252,72,45:00.0,1,14:00,447
760886843X,U,OB,1,2,262,261252,72,21:00.0,1,14:00,447
7608868449,U,OB,1,2,256,261252,72,02:00.0,1,15:00,447
7608868458,U,OB,1,2,246,261252,72,51:00.0,1,14:00,447
7608868467,U,OB,1,1,123,261252,72,14:00.0,1,14:00,447
7608868476,U,OB,1,2,1329,261252,72,00:00.0,1,16:00,447
7608868485,U,OB,1,1,98,125499,32,57:00.0,1,13:00,447
7608868503,U,OB,1,2,1445,353225,40,27:00.0,1,12:00,447
760886854X,U,OB,1,1,118,281030,49,24:00.0,3,11:00,447
7608868559,U,OB,1,3,405,281030,49,48:00.0,3,10:00,447
7608868568,U,OB,1,1,124,R44779962,72,18:00.0,4,1:00,447
7608868577,U,OB,1,1,298,R44779962,72,15:00.0,4,1:00,447
7608868586,U,OB,1,5,2065,R44779962,72,23:00.0,4,2:00,447
7608868595,U,OB,1,4,3968,125225,73,23:00.0,3,0:00,447
7608868604,U,OB,1,3,2775,R44779962,72,15:00.0,4,2:00,447
7608868613,U,OB,1,1,126,R44779962,72,21:00.0,4,1:00,447
7608868622,U,OB,1,1,126,R44779962,72,25:00.0,4,1:00,447
7608868640,U,OB,1,1,400,R411587174,89,34:00.0,4,6:00,447
760886865X,U,OB,1,1,124,430695,74,17:00.0,5,16:00,447
7608868669,U,OB,1,3,340,R44779962,72,12:00.0,4,1:00,447
7608868678,U,OB,1,9,5155,430695,74,03:00.0,5,14:00,447
7608868687,U,OB,1,2,230,430695,74,24:00.0,5,16:00,447
7608868696,U,OB,1,2,245,430695,74,27:00.0,5,16:00,447
7608868705,U,OB,1,1,100,430695,74,14:00.0,5,16:00,447
7608868714,U,OB,1,2,1205,R411587174,89,45:00.0,4,6:00,447
7608868723,U,OB,1,2,1250,430695,74,24:00.0,5,15:00,447
7608868732,U,OB,1,2,258,430695,74,12:00.0,5,16:00,447
7608868741,U,OB,1,1,741,430695,74,57:00.0,5,14:00,447
7608868750,U,OB,1,1,690,430695,74,21:00.0,5,14:00,447
7608868779,U,OB,1,1,480,430695,74,10:00.0,5,15:00,447
7608868788,U,OB,1,1,410,430695,74,06:00.0,5,15:00,447
7608868797,U,OB,1,2,1683,430695,74,14:00.0,5,15:00,447
7608868806,U,OB,1,1,117,430695,74,35:00.0,5,16:00,447
7608868815,U,OB,1,1,134,430695,74,03:00.0,5,16:00,447
7608868824,U,OB,1,1,478,430695,74,26:00.0,5,15:00,447
7608868833,U,OB,1,3,376,430695,74,31:00.0,5,16:00,447
7608868842,U,OB,1,1,250,430695,74,06:00.0,5,16:00,447
7608868851,U,OB,1,4,1515,138428,46,23:00.0,6,11:00,447
7608868851,U,OB,1,4,1515,138428,5,58:00.0,7,8:00,447
7608868860,U,OB,1,1,128,430695,74,36:00.0,5,16:00,447
760886887X,U,OB,1,1,520,430695,74,24:00.0,5,15:00,447
7608868889,U,OB,1,1,1325,138428,46,27:00.0,6,11:00,447
7608868889,U,CTY,1,1,1325,138428,O8  ,39:00.0,7,15:00,447
7608868898,U,OB,1,2,250,138428,46,14:00.0,6,11:00,447
7608868907,U,OB,1,1,118,138428,46,22:00.0,6,11:00,447
7608868925,U,OB,1,3,500,261088,55,12:00.0,1,14:00,447
7608868934,U,OB,1,1,640,261088,55,59:00.0,1,15:00,447
7608868970,U,OB,1,2,1381,125994,46,24:00.0,1,6:00,447
760886898X,U,OB,1,1,161,125994,46,15:00.0,1,7:00,447
7608868999,U,OB,1,2,112,125994,46,17:00.0,1,6:00,447
7608869008,U,OB,1,1,439,125994,46,50:00.0,1,6:00,447
7608869017,U,OB,1,1,156,125994,46,12:00.0,1,7:00,447
7608869026,U,OB,1,1,1005,261088,55,57:00.0,1,15:00,447
7608869044,U,OB,1,1,292,125994,46,56:00.0,1,6:00,447
7608869053,U,OB,1,2,1280,261088,55,54:00.0,1,15:00,447
7608869071,U,OB,1,2,330,261088,55,17:00.0,1,14:00,447
760886909X,U,OB,1,1,589,125994,46,24:00.0,1,6:00,447
7608869109,U,OB,1,1,135,558194,67,47:00.0,3,4:00,447
7608869109,U,OB,1,1,135,558194,70,48:00.0,3,4:00,447
7608869118,U,OB,1,1,107,558194,67,40:00.0,3,4:00,447
7608869127,U,OB,1,1,135,558194,67,00:00.0,3,4:00,447
7608869136,U,OB,1,2,265,558194,67,25:00.0,3,2:00,447
7608869145,U,OB,1,1,736,558194,67,36:00.0,3,4:00,447
7608869154,U,OB,1,3,161,558194,67,58:00.0,3,3:00,447
7608869163,U,OB,1,1,660,558194,67,31:00.0,3,4:00,447
7608869172,U,OB,1,2,1555,558194,67,56:00.0,3,3:00,447
7608869190,U,OB,1,1,128,558194,67,51:00.0,3,4:00,447
760886920X,U,OB,1,1,334,558194,67,52:00.0,3,4:00,447
7608869219,U,OB,1,2,270,558194,67,04:00.0,3,4:00,447
7608869228,U,OB,1,3,167,558194,67,48:00.0,3,4:00,447
7608869237,U,OB,1,5,2500,558194,67,57:00.0,3,4:00,447
7608869246,U,OB,1,1,131,558194,67,25:00.0,3,4:00,447
7608869255,U,OB,1,2,162,134002,75,21:00.0,4,10:00,447
7608869264,U,OB,1,2,142,134002,75,20:00.0,4,10:00,447
7608869273,U,OB,1,3,172,134002,75,11:00.0,4,10:00,447
7608869282,U,OB,1,1,123,134002,75,03:00.0,4,10:00,447
7608869291,U,OB,1,3,260,134002,75,07:00.0,4,10:00,447
7608869300,U,OB,1,1,95,132816,73,47:00.0,4,12:00,447
7608869329,U,OB,1,2,1062,134002,75,31:00.0,4,9:00,447
7608869338,U,OB,1,1,414,134002,75,26:00.0,4,9:00,447
7608869347,U,OB,1,1,494,134002,75,34:00.0,4,9:00,447
7608869356,U,OB,1,1,462,134002,75,25:00.0,4,9:00,447
7608869365,U,OB,1,1,140,134002,75,09:00.0,4,10:00,447
7608869374,U,OB,1,1,455,558194,67,20:00.0,3,2:00,447
7608869383,U,OB,1,4,2615,R42287955,75,22:00.0,4,20:00,447
7608869392,U,OB,1,3,163,134002,75,18:00.0,4,10:00,447
7608869401,U,OB,1,1,134,134002,75,49:00.0,4,9:00,447
7608869410,U,OB,1,10,6725,137223,76,03:00.0,5,12:00,447
760886942X,U,OB,1,1,134,134002,75,52:00.0,4,9:00,447
7608869439,U,OB,1,2,268,134002,75,59:00.0,4,9:00,447
7608869448,U,OB,1,1,806,134002,75,18:00.0,4,9:00,447
7608869448,U,OB,1,1,806,134002,33,03:00.0,4,12:00,447
7608869457,U,OB,1,1,135,134002,33,02:00.0,4,12:00,447
7608869457,U,OB,1,1,135,134002,75,47:00.0,4,9:00,447
7608869466,U,OB,1,3,402,134002,75,54:00.0,4,9:00,447
7608869475,U,OB,1,1,139,137223,76,17:00.0,5,12:00,447
7608869484,U,CTY,1,3,408,137223,E2  ,09:00.0,5,9:00,447
7608869484,U,OB,1,3,408,137223,25,16:00.0,5,12:00,447
7608869493,U,OB,1,1,126,134163,40,01:00.0,5,9:00,447
7608869502,U,OB,1,1,126,134163,40,02:00.0,5,9:00,447
7608869511,U,OB,1,1,126,134163,40,00:00.0,5,9:00,447
7608869520,U,OB,1,3,425,134163,40,29:00.0,5,8:00,447
760886953X,U,OB,1,2,1163,134163,40,26:00.0,5,8:00,447
7608869549,U,OB,1,4,3735,137223,76,11:00.0,5,12:00,447
7608869558,U,OB,1,1,705,132816,73,05:00.0,4,13:00,447
7608869558,U,OB,1,1,705,132816,30,42:00.0,4,15:00,447
7608869567,U,OB,1,3,162,134163,40,59:00.0,5,8:00,447
7608869576,U,OB,1,4,3319,134163,25,22:00.0,5,12:00,447
7608869576,U,OB,1,4,3319,134163,40,09:00.0,5,9:00,447
7608869585,U,OB,1,1,700,134163,40,22:00.0,5,8:00,447
7608869594,U,OB,1,2,129,134163,40,58:00.0,5,8:00,447
7608869603,U,OB,1,1,124,134163,40,18:00.0,5,8:00,447
7608869612,U,OB,1,1,139,137223,76,18:00.0,5,12:00,447
7608869621,U,OB,1,3,161,134163,40,48:00.0,5,8:00,447
7608869630,U,OB,1,1,240,137223,76,05:00.0,5,12:00,447
760886964X,U,OB,1,2,256,R447120863,74,40:00.0,6,11:00,447
7608869659,U,OB,1,1,135,R447120863,74,33:00.0,6,12:00,447
7608869677,U,OB,1,1,244,R447120863,74,13:00.0,6,11:00,447
7608869686,U,OB,1,3,163,R447120863,74,35:00.0,6,12:00,447
7608869695,U,OB,1,1,135,R447120863,74,38:00.0,6,12:00,447
7608869704,U,OB,1,1,259,R447120863,74,53:00.0,6,10:00,447
7608869713,U,OB,1,1,786,R447120863,74,04:00.0,6,11:00,447
7608869722,U,OB,1,1,135,R447120863,74,31:00.0,6,12:00,447
7608869731,U,OB,1,2,228,R447120863,74,48:00.0,6,11:00,447
7608869740,U,OB,1,3,295,R447120863,74,25:00.0,6,12:00,447
760886975X,U,OB,1,2,228,R447120863,74,45:00.0,6,11:00,447
7608869769,U,OB,1,1,634,R447120863,74,51:00.0,6,10:00,447
7608869778,U,IB,1,1,600,135952,103,40:00.0,6,18:00,447
7608869787,U,OB,1,2,170,R447120863,74,23:00.0,6,11:00,447
7608869796,U,OB,1,1,128,R447120863,74,37:00.0,6,12:00,447
7608869805,U,OB,1,1,850,R447120863,74,46:00.0,6,10:00,447
7608869814,U,OB,1,1,85,R447120863,74,26:00.0,6,11:00,447
7608869823,U,OB,1,1,92,R447120863,74,19:00.0,6,11:00,447
7608869832,U,OB,1,3,675,530717,63,35:00.0,1,10:00,447
7608869841,U,OB,1,1,480,560041,67,38:00.0,3,14:00,447
7608869850,U,OB,1,1,100,135451,48,52:00.0,3,14:00,447
760886986X,U,OB,1,4,4235,R447120863,74,43:00.0,6,10:00,447
7608869879,U,OB,1,2,260,135451,48,09:00.0,3,15:00,447
7608869888,U,OB,1,5,2048,558847,49,46:00.0,4,6:00,447
7608869897,U,OB,1,1,680,R447120863,74,36:00.0,6,10:00,447
7608869906,U,OB,1,7,4345,135451,48,54:00.0,3,15:00,447
7608869915,U,OB,1,7,4280,560041,67,11:00.0,3,15:00,447
7608869933,U,OB,1,1,180,135451,48,06:00.0,3,15:00,447
7608869942,U,OB,1,1,180,135451,48,58:00.0,3,14:00,447
7608869951,U,OB,1,1,122,903951,73,43:00.0,3,12:00,447
7608869960,U,OB,1,2,320,560041,67,47:00.0,3,13:00,447
7608869989,U,OB,1,4,1785,558847,49,54:00.0,4,6:00,447
7608869998,U,OB,1,1,1001,903951,73,06:00.0,3,13:00,447
7608870007,U,OB,1,1,96,135451,48,32:00.0,3,14:00,447
7608870016,U,OB,1,1,110,530717,63,20:00.0,1,7:00,447
7608870025,U,OB,1,5,5270,558847,49,14:00.0,4,7:00,447
7608870034,U,OB,1,6,4518,558847,49,02:00.0,4,7:00,447
7608870043,U,OB,1,2,694,126502,48,55:00.0,3,2:00,447
7608870052,U,OB,1,1,219,903951,73,11:00.0,3,13:00,447
7608870061,U,OB,1,3,445,560041,67,57:00.0,3,13:00,447
7608870070,U,OB,1,2,270,903951,73,01:00.0,3,13:00,447
760887008X,U,OB,1,2,1220,560041,67,44:00.0,3,13:00,447
7608870099,U,OB,1,2,1350,135451,48,16:00.0,3,15:00,447
7608870108,U,OB,1,2,255,560041,67,18:00.0,3,14:00,447
7608870117,U,OB,1,1,371,903951,73,03:00.0,3,13:00,447
7608870126,U,OB,1,3,161,560041,67,14:00.0,3,14:00,447
7608870135,U,OB,1,2,1190,559729,38,51:00.0,5,14:00,447
7608870153,U,OB,1,2,1327,559729,38,12:00.0,5,15:00,447
7608870162,U,OB,1,1,120,559729,38,46:00.0,5,14:00,447
7608870171,U,OB,1,1,402,559729,38,59:00.0,5,14:00,447
7608870180,U,OB,1,1,166,559729,38,01:00.0,5,15:00,447
760887019X,U,OB,1,1,120,559729,38,19:00.0,5,15:00,447
7608870209,U,OB,1,2,141,559729,38,45:00.0,5,14:00,447
7608870218,U,OB,1,2,2030,559729,38,13:00.0,5,14:00,447
7608870227,U,OB,1,3,2970,121101,69,37:00.0,4,1:00,447
7608870236,U,OB,1,1,533,121101,69,29:00.0,4,1:00,447
7608870254,U,OB,1,1,135,559729,38,21:00.0,5,15:00,447
7608870263,U,OB,1,1,700,559729,38,08:00.0,5,15:00,447
7608870272,U,OB,1,1,750,559729,38,26:00.0,5,13:00,447
7608870281,U,OB,1,1,980,559729,38,04:00.0,5,15:00,447
7608870290,U,OB,1,2,285,559729,38,28:00.0,5,15:00,447
760887030X,U,OB,1,3,163,559729,38,42:00.0,5,14:00,447
7608870319,U,OB,1,3,164,559729,38,39:00.0,5,14:00,447
7608870328,U,OB,1,4,3760,559729,38,38:00.0,5,13:00,447
7608870346,U,OB,1,2,244,559729,38,41:00.0,5,14:00,447
7608870364,U,OB,1,1,90,121101,35,12:00.0,4,12:00,447
7608870373,U,OB,1,2,1590,559729,38,09:00.0,5,14:00,447
7608870382,U,OB,1,4,2293,559729,38,37:00.0,5,14:00,447
7608870391,U,OB,1,5,4170,138316,78,32:00.0,5,8:00,447
7608870400,U,OB,1,1,141,559729,38,25:00.0,5,15:00,447
760887041X,U,OB,1,1,141,559729,38,31:00.0,5,15:00,447
7608870429,U,OB,1,2,298,559729,38,24:00.0,5,15:00,447
7608870438,U,OB,1,1,255,138316,78,42:00.0,5,8:00,447
7608870447,U,OB,1,2,1970,559729,38,05:00.0,5,14:00,447
7608870474,U,OB,1,4,1479,136426,49,46:00.0,7,9:00,447
7608870483,U,CTY,1,2,1951,530636,N   ,23:00.0,6,22:00,447
7608870483,U,OB,1,2,1951,530636,75,35:00.0,6,14:00,447
7608870492,U,IB,1,4,1500,136426,106,20:00.0,7,10:00,447
7608870492,U,IB,1,4,1500,136426,106,20:00.0,7,10:00,447
7608870501,U,OB,1,1,512,136426,49,43:00.0,7,9:00,447
7608870510,U,OB,1,1,148,136426,49,45:00.0,7,9:00,447
760887052X,U,OB,1,1,128,530636,75,18:00.0,6,15:00,447
7608870539,U,OB,1,4,1815,136426,49,02:00.0,7,10:00,447
7608870566,U,OB,1,1,252,530636,75,25:00.0,6,14:00,447
7608870575,U,OB,1,1,107,530636,75,27:00.0,6,14:00,447
7608870584,U,OB,1,3,171,530636,75,30:00.0,6,15:00,447
7608870593,U,OB,1,1,556,530636,75,41:00.0,6,14:00,447
7608870602,U,OB,1,1,122,530636,75,20:00.0,6,15:00,447
7608870611,U,OB,1,1,921,530636,75,30:00.0,6,14:00,447
7608870649,U,OB,1,1,539,135013,46,49:00.0,7,10:00,447
7608870694,U,OB,1,1,1390,530636,75,49:00.0,6,15:00,447
7608870703,U,OB,1,1,752,135013,46,56:00.0,7,10:00,447
7608870712,U,OB,1,3,2331,135013,46,06:00.0,7,11:00,447
7608870768,U,OB,1,1,624,135013,46,01:00.0,7,11:00,447
7608870786,U,OB,1,1,107,135013,46,47:00.0,7,10:00,447
7608870795,U,OB,1,3,155,135013,46,54:00.0,7,10:00,447
7608870804,U,OB,1,1,128,135013,46,00:00.0,7,11:00,447
7608870813,U,OB,1,1,107,135013,46,45:00.0,7,10:00,447
7608870822,U,OB,1,1,85,135013,46,44:00.0,7,10:00,447
7608870831,U,OB,1,1,255,135013,46,19:00.0,7,8:00,447
7609123539,U,CTY,1,6,12600,249073,169,51:00.0,5,12:00,807
7609127517,U,CTY,1,1,795,291132,174,47:00.0,3,0:00,807
7609127663,U,IB,1,2,4230,128770,158,15:00.0,7,14:00,807
7609127672,U,CTY,1,6,12645,558295,192,57:00.0,4,13:00,807
7609127966,U,CTY,1,4,2175,138152,220,27:00.0,3,10:00,807
7609132449,U,CTY,1,1,212,126655,194,43:00.0,5,15:00,807
7609152981,U,IB,1,2,1835,125809,145,06:00.0,7,8:00,807
7609153275,U,IB,1,2,2850,128092,133,13:00.0,7,8:00,807
7609238269,U,OB,1,4,2727,134984,26,47:00.0,5,13:00,684
7609238287,U,OB,1,1,507,134984,26,35:00.0,5,13:00,684
7609238781,U,CTY,1,1,270,290993,187,46:00.0,7,19:00,684
7609239048,U,OB,1,1,199,131203,58,33:00.0,4,0:00,684
7609239221,U,OB,1,3,367,137007,39,51:00.0,7,9:00,684
7609239230,U,IB,1,4,4626,134549,104,45:00.0,7,15:00,684
7609239304,U,IB,1,1,381,430285,127,10:00.0,2,8:00,684
7609239488,U,OB,1,4,1830,126269,17,03:00.0,5,19:00,684
7609239524,U,OB,1,2,714,126947,53,10:00.0,5,11:00,684
7609239744,U,OB,1,1,246,124616,37,12:00.0,6,0:00,684
7609239881,U,OB,1,6,6517,261235,74,18:00.0,6,3:00,684
7609239928,U,OB,1,3,830,127991,74,38:00.0,7,3:00,684
7609240029,U,CTY,1,1,265,127068,173,37:00.0,7,10:00,684
7609240038,U,OB,1,2,1109,129672,39,52:00.0,2,11:00,684
7609240047,U,OB,1,3,1370,133016,39,24:00.0,3,3:00,684
7609240074,U,OB,1,1,297,136484,17,00:00.0,4,13:00,684
7609240303,U,OB,1,3,738,133016,39,45:00.0,3,3:00,684
7609240707,U,OB,1,2,1742,136484,17,30:00.0,4,11:00,684
7609240761,U,OB,1,1,236,128260,58,36:00.0,4,12:00,684
7609240909,U,OB,1,4,2313,128622,63,25:00.0,4,15:00,684
7609240954,U,OB,1,5,2393,134132,76,15:00.0,5,15:00,684
7609241147,U,IB,1,3,903,125003,113,00:00.0,6,6:00,684
7609241156,U,OB,1,2,490,211022,58,45:00.0,6,10:00,684
7609241724,U,OB,1,12,8820,134638,18,11:00.0,7,20:00,684
7609242137,U,IB,1,2,516,140342,111,34:00.0,7,10:00,684
7609246454,U,OB,1,2,584,261235,74,17:00.0,6,2:00,684
7609269233,U,CTY,1,1,280,127068,173,43:00.0,7,8:00,684
7609269307,U,IB,1,1,341,140003,135,32:00.0,7,11:00,684
7609327699,U,CTY,1,1,367,PASC634534,172,41:00.0,1,7:00,819
7609327854,U,CTY,1,1,2435,279237,194,09:00.0,3,14:00,819
7609328918,U,CTY,1,1,48,261389,196,58:00.0,3,18:00,819
7609329028,U,CTY,1,1,365,261389,196,39:00.0,3,18:00,819
7609329156,U,CTY,1,1,221,261389,196,42:00.0,3,18:00,819
7609329302,U,CTY,1,1,221,119660,204,04:00.0,6,20:00,819
7609357022,U,CTY,1,1,220,HAEI28100,172,35:00.0,5,15:00,532
7609362596,U,OB,1,1,50,127489,26,55:00.0,3,22:00,455
7609362605,U,OB,1,1,585,127489,26,58:00.0,3,21:00,455
7609362614,U,OB,1,1,150,127489,26,48:00.0,3,21:00,455
7609362623,U,CTY,1,1,570,135500,169,57:00.0,7,20:00,455
7609362632,U,OB,1,1,100,127011,38,27:00.0,6,15:00,455
7609363530,U,CTY,1,1,1500,135090,180,19:00.0,1,2:00,455
7609363530,U,CTY,1,1,1500,135090,180,19:00.0,1,2:00,455
7609364989,U,OB,1,3,2133,138220,32,08:00.0,1,8:00,455
7609365043,U,OB,1,9,4685,126638,52,11:00.0,2,7:00,455
7609365052,U,OB,1,4,2088,140430,76,37:00.0,4,21:00,455
7609365061,U,OB,1,2,902,132835,75,49:00.0,4,4:00,455
7609365070,U,OB,1,1,579,140430,76,56:00.0,4,20:00,455
7609365099,U,OB,1,2,850,132835,75,38:00.0,4,4:00,455
7609365108,U,OB,1,1,705,140430,76,02:00.0,4,21:00,455
7609365887,U,OB,1,7,4955,132327,14,33:00.0,6,20:00,455
7609365914,U,OB,1,1,441,133642,53,07:00.0,6,18:00,455
760936618X,U,OB,1,2,883,138557,50,55:00.0,5,1:00,455
7609366556,U,OB,1,1,750,140358,26,19:00.0,4,23:00,455
760936662X,U,OB,1,1,145,135569,43,35:00.0,1,6:00,455
760936662X,U,CTY,1,1,145,135569,N17 ,59:00.0,1,15:00,455
7609366758,U,OB,1,2,1835,134176,89,20:00.0,1,4:00,455
7609366767,U,OB,1,1,700,134176,89,16:00.0,1,4:00,455
7609367014,U,OB,1,1,220,116768,46,18:00.0,7,2:00,455
7609368096,U,OB,1,2,2900,135090,65,01:00.0,1,2:00,455
7609368132,U,IB,1,1,235,137352,101,53:00.0,6,1:00,455
7609368765,U,OB,1,1,383,132835,75,22:00.0,4,4:00,455
7609368774,U,OB,1,3,1470,130515,40,24:00.0,3,22:00,455
7609368810,U,OB,1,6,1588,124313,46,03:00.0,5,16:00,455
760936882X,U,OB,1,1,106,140127,46,33:00.0,7,10:00,455
7609368848,U,OB,1,4,1200,136173,49,59:00.0,1,1:00,455
7609369169,U,OB,1,1,106,135090,65,17:00.0,1,0:00,455
7609370718,U,OB,1,7,10225,134020,40,49:00.0,4,1:00,455
7609370718,U,OB,1,7,10225,134020,28,50:00.0,4,1:00,455
760937080X,U,CTY,1,1,381,135500,169,35:00.0,7,19:00,455
7609370864,U,OB,1,4,3750,124313,46,06:00.0,5,15:00,455
7609370882,U,CTY,1,1,260,278056,197,21:00.0,1,3:00,455
7609370882,U,OB,1,1,260,278056,19,51:00.0,1,11:00,455
7609370900,U,OB,1,2,1340,134176,89,30:00.0,1,4:00,455
760937091X,U,OB,1,4,1250,136173,49,54:00.0,7,23:00,455
7609370938,U,OB,1,1,231,278056,19,50:00.0,1,11:00,455
7609370938,U,CTY,1,1,231,278056,197,21:00.0,1,3:00,455
7609370947,U,OB,1,1,600,132358,49,46:00.0,4,22:00,455
7609375621,U,IB,1,1,390,290255,158,13:00.0,6,13:00,455
7609375695,U,OB,1,1,1250,133257,26,43:00.0,5,6:00,455
7609375695,U,OB,1,1,1250,133257,44,21:00.0,5,9:00,455
7609378041,U,OB,1,5,2105,134020,40,06:00.0,4,9:00,455
760937806X,U,OB,1,2,5925,127011,38,59:00.0,6,18:00,455
7609378088,U,OB,1,1,379,127011,38,30:00.0,6,19:00,455
7609378142,U,OB,1,1,440,132327,14,01:00.0,6,19:00,455
7609379004,U,IB,1,2,2795,290255,158,28:00.0,6,14:00,455
7609379013,U,OB,1,1,725,135569,43,32:00.0,1,6:00,455
760937905X,U,OB,1,1,500,138557,50,45:00.0,5,2:00,455
7609381451,U,OB,1,3,3995,135691,55,02:00.0,6,0:00,455
7609381460,U,OB,1,3,4000,135691,55,15:00.0,6,1:00,455
7609385146,U,OB,1,1,1045,135090,65,54:00.0,1,0:00,455
7609392709,U,OB,1,1,326,530430,63,49:00.0,6,6:00,455
7609393479,U,OB,1,1,214,560280,69,23:00.0,4,13:00,455
7609393488,U,IB,1,8,3500,290255,158,06:00.0,6,14:00,455
7609393589,U,OB,1,1,532,140370,63,30:00.0,6,3:00,455
7609394047,U,OB,1,1,414,134176,89,38:00.0,1,4:00,455
760939500X,U,OB,1,5,3595,290832,17,22:00.0,7,20:00,455
7609395504,U,OB,1,2,785,277996,17,52:00.0,5,4:00,455
7609395522,U,OB,1,3,1230,140370,63,49:00.0,6,0:00,455
7609395578,U,OB,1,1,315,138834,14,42:00.0,7,3:00,455
7609395578,U,OB,1,1,315,138834,34,40:00.0,7,7:00,455
7609396348,U,OB,1,1,357,135090,65,56:00.0,1,0:00,455
7609396384,U,OB,1,1,198,211007,31,17:00.0,3,15:00,455
7609396402,U,OB,1,1,281,290771,72,57:00.0,4,22:00,455
7609396512,U,OB,1,1,269,121290,73,30:00.0,5,21:00,455
760939654X,U,OB,1,1,269,291042,73,00:00.0,1,2:00,455
7609396696,U,OB,1,1,321,140370,63,53:00.0,6,0:00,455
7609396732,U,OB,1,1,342,136439,43,14:00.0,7,7:00,455
7609396741,U,OB,1,1,243,136439,43,45:00.0,7,4:00,455
760939676X,U,OB,1,1,200,38422,67,51:00.0,1,7:00,455
7609396797,U,OB,1,3,971,140430,76,20:00.0,4,21:00,455
7609396943,U,CTY,1,1,605,278056,197,44:00.0,1,3:00,455
7609398456,U,OB,1,3,6555,134195,14,02:00.0,5,19:00,455
7609398483,U,OB,1,1,1716,290832,17,38:00.0,7,19:00,455
7609398501,U,OB,1,4,8365,290832,17,23:00.0,7,19:00,455
7609399886,U,OB,1,10,9932,130515,40,21:00.0,4,1:00,455
7609400005,U,OB,1,1,1255,135090,65,15:00.0,1,2:00,455
7609400032,U,IB,1,1,2500,290255,158,34:00.0,6,12:00,455
7609400079,U,OB,1,2,1645,127011,38,07:00.0,6,19:00,455
7609400088,U,OB,1,1,2500,127011,38,18:00.0,6,19:00,455
7609400115,U,OB,1,1,1150,132835,75,02:00.0,4,5:00,455
7609400124,U,OB,1,1,1210,126323,72,41:00.0,4,18:00,455
7609400142,U,OB,1,3,525,138854,49,39:00.0,5,4:00,455
7609400189,U,OB,1,7,2800,127991,74,43:00.0,7,4:00,455
7609401370,U,IB,1,3,830,140134,158,20:00.0,4,14:00,455
7609401426,U,OB,1,1,1500,38422,67,36:00.0,1,11:00,455
7609401444,U,OB,1,1,3000,137455,73,18:00.0,7,14:00,455
7609405514,U,IB,1,6,7280,137352,101,51:00.0,6,4:00,455
760940556X,U,OB,1,1,1760,140370,63,35:00.0,6,1:00,455
7609405615,U,OB,1,2,4096,134218,31,05:00.0,3,15:00,455
7609405633,U,OB,1,2,3235,126330,76,39:00.0,6,3:00,455
7609405642,U,CTY,1,5,14405,278056,197,41:00.0,1,4:00,455
7609405651,U,OB,1,2,2368,138823,39,41:00.0,3,16:00,455
760940567X,U,OB,1,1,1955,119275,50,49:00.0,5,17:00,
7609416835,U,CTY,1,1,136,134197,197,13:00.0,5,18:00,857
760941700X,U,CTY,1,1,220,122929,192,23:00.0,3,21:00,857
7609417174,U,CTY,1,1,157,137936,233,49:00.0,6,19:00,857
7609417174,U,CTY,1,1,157,137936,233,49:00.0,6,19:00,857
7609417266,U,CTY,1,1,180,133744,194,06:00.0,4,21:00,857
7609417293,U,CTY,1,1,157,127039,189,03:00.0,5,21:00,857
7609533013,U,IB,1,14,1583,131663,165,31:00.0,1,17:00,462
7609533022,U,CTY,1,23,2795,131647,231,34:00.0,1,18:00,462
7609533069,U,IB,1,10,1170,129787,145,16:00.0,4,10:00,462
7609533087,U,CTY,1,17,1530,HAEI34834,208,47:00.0,2,0:00,462
7609533444,U,IB,1,1,171,202328,164,23:00.0,2,13:00,462
7609533518,U,IB,1,8,605,130585,125,15:00.0,2,4:00,462
7609533700,U,CTY,1,1,55,131617,169,58:00.0,1,20:00,462
7609533756,U,IB,1,1,38,135512,151,20:00.0,2,3:00,462
7609534297,U,CTY,1,6,780,HAEI28100,172,16:00.0,5,18:00,462
760953448X,U,CTY,1,2,1205,HAEI28100,172,16:00.0,5,18:00,462
7609534874,U,CTY,1,48,4616,558695,205,13:00.0,7,9:00,462
7609534874,U,CTY,1,48,4616,558695,169,57:00.0,7,7:00,462
760953591X,U,OB,1,5,263,133057,14,05:00.0,4,12:00,462
7609535929,U,OB,1,2,940,133057,14,29:00.0,4,18:00,462
7609535947,U,OB,1,1,360,133057,14,03:00.0,4,19:00,462
7609535956,U,OB,1,39,2146,133057,14,26:00.0,4,14:00,462
7609535983,U,OB,1,1,37,128566,89,23:00.0,6,20:00,462
7609536001,U,OB,1,2,109,133057,14,16:00.0,4,19:00,462
7609536057,U,IB,1,9,3145,HAEI23552,151,53:00.0,6,18:00,462
7609536093,U,OB,1,9,998,133057,14,37:00.0,4,18:00,462
7609536102,U,OB,1,2,1503,133057,14,13:00.0,4,18:00,462
7609536111,U,OB,1,4,2469,133057,14,39:00.0,4,18:00,462
7609536120,U,OB,1,2,87,133057,14,43:00.0,4,18:00,462
7609536185,U,OB,1,1,41,128566,89,33:00.0,6,20:00,462
7609536203,U,OB,1,15,685,133057,14,34:00.0,4,11:00,462
7609536230,U,CTY,1,1,54,261383,187,39:00.0,6,21:00,462
760953624X,U,OB,1,1,24,133057,14,52:00.0,4,18:00,462
7609536259,U,OB,1,1,24,133057,14,52:00.0,4,18:00,462
760953657X,U,OB,1,1,73,128566,89,29:00.0,6,20:00,462
7609536607,U,IB,1,1,119,127726,117,47:00.0,7,22:00,462
7609536717,U,OB,1,6,1237,116780,18,23:00.0,5,22:00,462
7609536726,U,OB,1,4,584,116780,18,27:00.0,5,22:00,462
7609536771,U,OB,1,12,920,116780,18,16:00.0,5,22:00,754
7609536827,U,OB,1,34,3835,128566,89,28:00.0,6,22:00,462
7609536827,U,CTY,1,34,3835,128566,230,51:00.0,2,4:00,462
7609536854,U,OB,1,11,3503,128566,89,21:00.0,6,23:00,462
7609536982,U,IB,1,1,49,126165,149,06:00.0,6,4:00,462
7609537092,U,CTY,1,7,1047,127726,P   ,28:00.0,1,15:00,462
7609537092,U,IB,1,7,1047,127726,117,44:00.0,7,22:00,462
7609537157,U,IB,1,1,1507,127726,117,45:00.0,7,22:00,462
7609537166,U,CTY,1,1,24,139734,187,05:00.0,1,19:00,462
7609537166,U,CTY,1,1,24,139734,231,39:00.0,6,19:00,462
7609537211,U,CTY,1,1,48,139734,187,00:00.0,1,20:00,462
7609537285,U,IB,1,1,190,127726,117,16:00.0,7,21:00,462
7609537312,U,IB,1,4,613,127726,117,49:00.0,7,22:00,462
7609537312,U,IB,1,4,613,127726,137,04:00.0,1,15:00,462
7609537368,U,IB,1,1,119,127726,117,41:00.0,7,22:00,462
7609537395,U,IB,1,1,179,127726,117,32:00.0,7,22:00,462
7609537422,U,IB,1,80,8170,127726,117,59:00.0,7,21:00,462
7609537431,U,CTY,1,22,758,139734,187,48:00.0,1,20:00,462
760953745X,U,IB,1,1,117,136642,164,17:00.0,3,3:00,462
7609537761,U,CTY,1,1,421,HAEI25458,188,16:00.0,4,18:00,462
7609537862,U,CTY,1,5,748,211617,169,49:00.0,5,22:00,462
7609538091,U,CTY,1,17,2238,211617,169,27:00.0,5,22:00,462
7609538266,U,IB,1,1,95,560306,145,16:00.0,6,21:00,462
7609538522,U,CTY,1,11,719,HAEI23255,DP  ,15:00.0,7,15:00,462
7609538751,U,CTY,1,28,3490,137216,196,05:00.0,2,2:00,462
7609538962,U,CTY,1,12,1090,132032,192,41:00.0,1,13:00,462
7609539119,U,CTY,1,1,38,117243,175,30:00.0,1,19:00,462
7609539265,U,CTY,1,1,180,134869,169,39:00.0,1,9:00,462
760953965X,U,IB,1,4,689,133088,101,23:00.0,3,18:00,462
7609539669,U,IB,1,2,107,133088,101,55:00.0,3,16:00,462
7609539696,U,IB,1,5,551,133088,101,47:00.0,3,18:00,462
7609539741,U,IB,1,3,135,133088,101,14:00.0,3,16:00,462
7609539750,U,IB,1,10,915,133088,101,13:00.0,3,18:00,462
760953976X,U,IB,1,15,62,133088,101,27:00.0,3,16:00,462
7609539779,U,IB,1,1,38,133088,101,00:00.0,3,13:00,462
7609539788,U,IB,1,1,33,133088,101,18:00.0,3,15:00,462
7609539806,U,IB,1,1,89,133088,101,36:00.0,3,16:00,462
7609539815,U,IB,1,2,66,133088,101,49:00.0,3,16:00,462
7609539824,U,IB,1,2,99,133088,101,05:00.0,3,15:00,462
7609539851,U,IB,1,5,15,133088,101,48:00.0,3,13:00,462
7609539860,U,IB,1,1,96,133088,101,47:00.0,3,15:00,462
760953987X,U,IB,1,1,89,133088,101,37:00.0,3,15:00,462
7609539889,U,IB,1,1,55,133088,101,26:00.0,3,15:00,462
7609539898,U,IB,1,6,235,133088,101,29:00.0,3,14:00,462
7609539907,U,IB,1,1,395,133088,101,34:00.0,3,12:00,462
7609539916,U,IB,1,1,52,133088,101,53:00.0,3,13:00,462
7609539925,U,IB,1,1,390,133088,101,20:00.0,3,12:00,462
7609539952,U,CTY,1,4,711,124330,175,32:00.0,6,16:00,462
7609540026,U,OB,1,3,416,118998,18,06:00.0,5,15:00,462
7609540035,U,OB,1,4,421,118998,18,58:00.0,5,15:00,462
7609540392,U,OB,1,1,24,128717,51,11:00.0,6,11:00,462
7609540401,U,IB,1,2,190,121397,151,11:00.0,6,4:00,462
7609540410,U,CTY,1,1,90,530503,187,45:00.0,6,23:00,462
7609540502,U,OB,1,27,2068,261033,72,15:00.0,7,14:00,462
7609540567,U,OB,1,1,43,261033,72,49:00.0,7,18:00,462
7609540585,U,OB,1,2,359,261033,72,47:00.0,7,18:00,462
7609540594,U,OB,1,1,44,261033,72,15:00.0,7,18:00,462
7609540603,U,OB,1,4,178,261033,72,24:00.0,7,18:00,462
7609540621,U,OB,1,3,449,261033,72,10:00.0,7,14:00,462
7609540630,U,OB,1,1,89,261033,72,49:00.0,7,18:00,462
760954064X,U,OB,1,2,67,261033,72,39:00.0,7,18:00,462
7609540731,U,OB,1,1,17,128717,51,45:00.0,6,11:00,462
7609540805,U,OB,1,2,234,HAEI26361,86,54:00.0,7,19:00,462
7609540814,U,OB,1,1,524,128079,32,02:00.0,7,12:00,462
7609540823,U,OB,1,1,898,291056,89,09:00.0,5,10:00,462
7609540841,U,OB,1,1,1049,128079,32,39:00.0,7,12:00,462
7609540850,U,OB,1,1,154,128079,32,37:00.0,7,11:00,462
760954086X,U,OB,1,1,17,128079,32,02:00.0,7,14:00,462
7609540879,U,OB,1,1,14,128079,32,33:00.0,7,15:00,462
7609540897,U,OB,1,9,135,128079,32,47:00.0,7,15:00,462
7609540906,U,OB,1,1,72,128079,32,09:00.0,7,14:00,462
7609540915,U,OB,1,1,75,128079,32,16:00.0,7,15:00,462
7609540933,U,OB,1,3,538,128079,32,51:00.0,7,13:00,462
7609540942,U,OB,1,1,43,128079,32,34:00.0,7,13:00,462
7609540951,U,OB,1,3,213,128079,32,29:00.0,7,15:00,462
7609540960,U,OB,1,13,725,128079,32,42:00.0,7,15:00,462
760954097X,U,OB,1,1,441,128079,32,53:00.0,7,11:00,462
7609540989,U,OB,1,2,178,128079,32,58:00.0,7,13:00,462
7609540998,U,OB,1,3,401,128079,32,27:00.0,7,13:00,462
7609585236,U,IB,1,1,343,137171,141,40:00.0,2,12:00,616
7609585795,U,IB,1,2,1567,131347,116,16:00.0,4,11:00,616
7609585804,U,IB,1,2,1562,131347,116,53:00.0,4,10:00,616
7609673391,U,OB,1,1,1209,125743,46,05:00.0,5,10:00,580
7609673548,U,OB,1,1,220,125743,46,38:00.0,5,7:00,580
7609673557,U,OB,1,2,1306,130709,26,49:00.0,7,22:00,580
7609673566,U,OB,1,1,211,130709,26,44:00.0,7,22:00,580
7609675335,U,IB,1,1,284,134022,117,43:00.0,5,16:00,580
7609675739,U,IB,1,1,210,134022,117,55:00.0,5,12:00,580
7609676628,U,CTY,1,1,160,131801,208,51:00.0,6,11:00,580
760967726X,U,OB,1,1,195,202709,78,36:00.0,4,8:00,580
7609677279,U,CTY,1,2,378,134882,192,48:00.0,6,19:00,580
7609677297,U,OB,1,1,680,139634,86,24:00.0,2,11:00,580
7609677324,U,IB,1,1,325,139908,164,00:00.0,4,2:00,580
760967869X,U,CTY,1,1,1591,119931,175,01:00.0,2,21:00,580
7609679726,U,CTY,1,1,320,131503,189,42:00.0,6,12:00,580
7609684611,U,OB,1,1,1695,132944,26,46:00.0,1,3:00,580
7609684730,U,OB,1,2,1450,130709,26,57:00.0,7,22:00,580
7609686454,U,OB,1,1,520,133095,38,15:00.0,6,15:00,580
7609686463,U,OB,1,1,474,133095,98,45:00.0,7,13:00,580
7609686463,U,OB,1,1,474,133095,98,45:00.0,7,13:00,580
7609687040,U,IB,1,2,480,430569,127,31:00.0,1,7:00,580
7609689159,U,OB,1,1,885,HAEI27814,73,22:00.0,6,0:00,580
7609689671,U,OB,1,2,744,125743,46,43:00.0,5,8:00,580
7609689680,U,IB,1,4,2040,134022,117,06:00.0,5,14:00,580
760968969X,U,OB,1,3,6447,125743,46,31:00.0,5,9:00,580
7609689891,U,OB,1,1,988,130709,26,59:00.0,7,23:00,580
7609693366,U,IB,1,1,90,HAEI23005,117,36:00.0,7,9:00,580
7609697041,U,CTY,1,1,674,128365,194,17:00.0,4,21:00,580
7609699214,U,CTY,1,1,321,131617,169,33:00.0,1,21:00,580
7609699609,U,OB,1,1,400,133095,38,12:00.0,6,14:00,580
7609702202,U,OB,1,3,702,130709,26,02:00.0,7,22:00,580
760970256X,U,OB,1,1,472,HAEI26237,67,57:00.0,5,15:00,580
7609705888,U,IB,1,1,335,131309,111,59:00.0,5,10:00,580
7609705888,U,CTY,1,1,335,131309,236,43:00.0,5,11:00,580
760971191X,U,IB,1,3,2625,127444,164,13:00.0,4,23:00,580
7609712304,U,IB,1,1,50,HAEI23005,117,50:00.0,7,12:00,580
7609712735,U,CTY,1,1,393,290977,194,56:00.0,5,22:00,580
7609712964,U,CTY,1,2,2763,131617,169,19:00.0,1,20:00,580
760971598X,U,IB,1,2,1350,134022,117,40:00.0,5,16:00,580
7609717227,U,OB,1,1,146,125743,46,25:00.0,5,7:00,580
7609717236,U,OB,1,1,275,125743,46,59:00.0,5,6:00,580
7609717474,U,IB,1,4,2080,560306,145,14:00.0,6,15:00,580
7609766240,U,IB,1,1,144,135145,135,16:00.0,1,4:00,251
7609766278,U,IB,1,2,260,135145,135,21:00.0,1,4:00,251
7609766873,U,CTY,1,1,144,125939,174,55:00.0,5,20:00,251
7609767111,U,CTY,1,1,582,290367,169,53:00.0,6,20:00,251
7609767286,U,IB,1,1,710,131313,152,13:00.0,7,22:00,251
7609767432,U,IB,1,2,210,135730,145,09:00.0,3,22:00,251
7609767661,U,IB,1,1,245,131478,143,36:00.0,6,3:00,251
7609767670,U,IB,1,2,455,131478,143,41:00.0,6,3:00,251
760976779X,U,CTY,1,1,144,124069,175,20:00.0,6,21:00,251
7609767836,U,CTY,1,1,144,124069,175,33:00.0,6,21:00,251
7609767973,U,CTY,1,1,193,124069,175,28:00.0,6,21:00,251
7609767973,U,CTY,1,1,193,124069,231,40:00.0,3,5:00,251
760976801X,U,CTY,1,1,144,130815,172,03:00.0,2,9:00,251
7609768294,U,IB,1,2,202,136818,158,48:00.0,7,3:00,251
7609768725,U,IB,1,2,289,138120,152,23:00.0,4,12:00,251
7609768853,U,OB,1,2,330,123993,90,24:00.0,6,8:00,251
760976889X,U,OB,1,1,766,123993,90,52:00.0,6,12:00,251
7614081588,U,IB,1,1,1140,125101,163,49:00.0,4,21:00,261
7614081597,U,IB,1,1,570,125101,163,53:00.0,4,21:00,261
7614081606,U,IB,1,2,865,133251,158,29:00.0,5,13:00,261
761657680X,U,IB,1,1,625,128864,125,05:00.0,5,1:00,261
7618128771,U,CTY,1,1,390,138743,196,19:00.0,2,18:00,261
7618128771,U,IB,1,1,390,138743,108,12:00.0,2,19:00,261
7630993246,U,CTY,1,1,228,138457,188,11:00.0,6,14:00,263
7630993255,U,CTY,1,1,323,135165,189,11:00.0,5,20:00,263
7660000047,U,IB,1,1,228,125434,129,05:00.0,7,0:00,813
7660000056,U,CTY,1,1,715,HAEI25934,192,19:00.0,1,1:00,813
7660006115,U,CTY,1,1,150,126655,194,10:00.0,5,18:00,813
7660006261,U,CTY,1,1,197,130908,197,50:00.0,7,17:00,813
7660006784,U,CTY,1,2,267,130908,197,31:00.0,7,13:00,813
7660009790,U,CTY,1,1,838,129651,169,30:00.0,4,9:00,621
7660010176,U,CTY,1,1,810,129651,169,41:00.0,4,9:00,621
7660010212,U,CTY,1,1,277,129651,169,06:00.0,4,9:00,621
7660010542,U,CTY,1,11,8190,211132,173,30:00.0,6,16:00,621
7660011000,U,IB,1,1,260,131118,164,00:00.0,4,0:00,813
7660011000,U,OB,1,1,260,131118,62,38:00.0,4,3:00,813
7660011660,U,CTY,1,2,920,127679,175,29:00.0,5,18:00,621
7660011660,U,CTY,1,2,920,127679,P   ,22:00.0,5,20:00,621
7660011725,U,CTY,1,5,3518,127679,175,24:00.0,5,18:00,621
7660011799,U,CTY,1,2,279,128708,188,06:00.0,5,3:00,621
766001200X,U,IB,1,6,4222,127369,149,56:00.0,7,1:00,621
7660019553,U,CTY,1,1,90,126420,175,18:00.0,1,10:00,813
7660019764,U,IB,1,1,64,134287,158,19:00.0,2,14:00,813
7660019791,U,IB,1,1,220,134287,158,51:00.0,2,13:00,813
7660019847,U,IB,1,1,130,134287,158,50:00.0,2,15:00,813
7660019984,U,CTY,1,1,16,126655,194,36:00.0,5,18:00,813
7660020159,U,IB,1,1,340,134145,151,07:00.0,2,9:00,813
7660020451,U,CTY,1,1,280,261007,176,06:00.0,4,16:00,813
7660020929,U,CTY,1,2,373,126655,194,06:00.0,5,16:00,813
766002168X,U,CTY,1,1,660,138152,174,03:00.0,2,1:00,813
7660030169,U,CTY,1,2,2182,136872,173,59:00.0,3,11:00,813
7660030232,U,CTY,1,2,368,126655,194,17:00.0,5,18:00,813
7660030407,U,CTY,1,1,7,139757,172,40:00.0,3,15:00,813
766003048X,U,CTY,1,1,600,140231,189,38:00.0,5,0:00,813
766003246X,U,CTY,1,1,250,129553,168,14:00.0,2,14:00,813
7660032744,U,IB,1,1,215,135735,131,16:00.0,7,19:00,813
7660035833,U,CTY,1,1,304,130908,197,04:00.0,7,14:00,813
7660041012,U,IB,1,1,408,131974,158,07:00.0,5,5:00,813
7660045147,U,IB,1,1,150,131974,158,43:00.0,5,4:00,813
7660050270,U,IB,1,1,710,134784,123,04:00.0,5,7:00,890
7660051554,U,CTY,1,1,304,133267,192,46:00.0,3,7:00,813
7660051581,U,CTY,1,1,56,133267,192,21:00.0,3,10:00,813
7660053525,U,CTY,1,2,1354,135923,173,52:00.0,1,6:00,813
7660055303,U,CTY,1,1,240,134789,231,35:00.0,4,21:00,813
7660055303,U,CTY,1,1,240,134789,169,57:00.0,3,19:00,813
7660055404,U,IB,1,1,142,130862,158,19:00.0,3,10:00,813
7660055505,U,OB,1,1,158,125836,75,54:00.0,1,15:00,813
7660061270,U,CTY,1,1,335,130908,197,10:00.0,7,13:00,813
7660061427,U,CTY,1,1,14,138152,174,10:00.0,2,1:00,813
7660061445,U,CTY,1,3,560,138152,174,29:00.0,2,1:00,813
7660063223,U,CTY,1,1,812,130908,197,45:00.0,7,15:00,813
7660063672,U,CTY,1,1,2709,136270,197,52:00.0,1,8:00,813
7660063829,U,IB,1,1,230,130480,143,54:00.0,7,21:00,813
7660067019,U,IB,1,1,485,128092,133,17:00.0,7,7:00,813
7660068779,U,IB,1,1,113,125434,129,19:00.0,7,1:00,813
7660068824,U,IB,1,1,328,125434,129,13:00.0,7,0:00,813
7660068916,U,CTY,1,1,421,261219,188,06:00.0,1,22:00,813
7660075379,U,CTY,1,1,380,140231,189,06:00.0,5,3:00,813
7660075388,U,CTY,1,1,355,140231,189,07:00.0,5,3:00,813
7660075415,U,CTY,1,1,485,136049,195,55:00.0,2,22:00,813
7660075433,U,CTY,1,1,300,130908,197,39:00.0,7,14:00,813
7660075442,U,CTY,1,1,300,138152,174,52:00.0,1,23:00,813
7660075772,U,CTY,1,9,12400,132414,205,34:00.0,6,1:00,813
766007580X,U,IB,1,1,865,125809,145,00:00.0,7,7:00,813
7660075891,U,CTY,1,1,860,127583,189,00:00.0,3,20:00,813
7660077431,U,IB,1,1,200,134287,158,08:00.0,2,10:00,813
7660077844,U,CTY,1,2,1670,134789,169,03:00.0,3,20:00,813
7660077880,U,CTY,1,5,2601,134789,169,20:00.0,3,18:00,813
7660078650,U,CTY,1,1,444,126420,175,22:00.0,1,10:00,813
7660081171,U,CTY,1,1,600,136270,197,56:00.0,1,8:00,813
7660082262,U,IB,1,1,29,125434,129,02:00.0,7,3:00,813
7660082574,U,CTY,1,1,40,139757,172,45:00.0,3,14:00,813
7660083270,U,CTY,1,1,100,132414,174,30:00.0,4,22:00,813
7660084673,U,OB,1,1,194,127011,38,48:00.0,6,15:00,813
7660084792,U,IB,1,1,46,134145,151,41:00.0,2,7:00,813
7660084839,U,IB,1,1,93,134145,151,06:00.0,2,8:00,813
7660084839,U,CTY,1,1,93,134145,207,16:00.0,2,8:00,813
7660087991,U,IB,1,1,112,130990,164,15:00.0,1,13:00,813
7660087991,U,CTY,1,1,112,130990,170,50:00.0,1,13:00,813
7660088853,U,IB,1,3,897,128770,158,07:00.0,7,13:00,813
7660089650,U,CTY,1,2,768,130908,197,18:00.0,7,14:00,813
766008966X,U,CTY,1,1,151,132904,175,44:00.0,7,7:00,813
7660089679,U,CTY,1,1,288,290207,B   ,19:00.0,4,13:00,813
7660089679,U,OB,1,1,288,290207,32,49:00.0,3,1:00,813
7660095911,U,CTY,1,1,194,139757,172,56:00.0,3,14:00,813
7660095911,U,IB,1,1,194,139757,137,01:00.0,4,15:00,813
7660095949,U,CTY,1,1,369,139757,172,59:00.0,3,14:00,813
7660097002,U,CTY,1,1,345,130908,197,44:00.0,7,17:00,813
766009725X,U,OB,1,1,315,125836,75,08:00.0,1,16:00,813
7660150233,U,IB,1,1,207,132669,164,52:00.0,3,14:00,813
7660150242,U,IB,1,2,427,132669,164,10:00.0,3,14:00,813
7660157805,U,IB,1,1,56,132669,164,05:00.0,3,16:00,813
7660160629,U,IB,1,1,796,136567,117,36:00.0,4,15:00,813
7660160656,U,IB,1,1,56,131974,158,18:00.0,5,4:00,813
7660160665,U,IB,1,1,97,136567,117,16:00.0,4,15:00,813
7660160683,U,IB,1,1,275,136567,117,18:00.0,4,15:00,813
7660167678,U,IB,1,2,480,125434,129,32:00.0,7,2:00,813
7660167678,U,CTY,1,2,480,125434,235,45:00.0,3,21:00,813
7660170015,U,CTY,1,1,375,140231,189,22:00.0,5,3:00,813
7660172774,U,CTY,1,1,165,138152,174,13:00.0,2,1:00,813
7660173178,U,CTY,1,1,185,140231,189,10:00.0,5,3:00,813
7660173187,U,CTY,1,1,950,133267,192,21:00.0,3,8:00,813
7660178586,U,CTY,1,1,215,126420,175,46:00.0,1,10:00,813
7660178604,U,CTY,1,1,223,126655,194,21:00.0,5,17:00,813
7660178640,U,OB,1,1,285,HAEI26237,67,39:00.0,5,18:00,813
7660185599,U,IB,1,1,55,131118,164,37:00.0,4,0:00,813
7660185608,U,CTY,1,1,266,136049,195,29:00.0,3,0:00,813
7660185608,U,CTY,1,1,266,136049,235,33:00.0,3,0:00,813
7660185644,U,CTY,1,1,370,130908,197,47:00.0,7,17:00,813
7660186084,U,CTY,1,3,1975,139757,172,17:00.0,3,14:00,813
7660188468,U,CTY,1,1,156,126655,194,24:00.0,5,18:00,813
7660188531,U,CTY,1,1,130,136270,197,54:00.0,1,7:00,813
7660188688,U,IB,1,5,4770,134145,151,38:00.0,2,8:00,813
7660198249,U,CTY,1,1,225,132414,174,41:00.0,4,22:00,813
7660202566,U,CTY,1,2,931,133267,192,32:00.0,3,10:00,889
7660202667,U,IB,1,1,210,128770,158,58:00.0,7,13:00,889
766020274X,U,IB,1,1,150,132669,164,05:00.0,3,14:00,889
7660217021,U,CTY,1,6,1250,138152,174,20:00.0,2,0:00,889
7660217095,U,IB,1,1,1650,261345,145,45:00.0,4,20:00,889
7660223722,U,CTY,1,1,181,135923,173,37:00.0,1,6:00,889
7660226207,U,IB,1,3,2660,130990,164,57:00.0,1,11:00,889
766022837X,U,IB,1,2,1874,136913,151,00:00.0,3,1:00,889
7660237894,U,IB,1,1,165,125935,158,57:00.0,6,20:00,889
7660237903,U,IB,1,2,98,125935,158,00:00.0,6,21:00,889
7660237968,U,IB,1,1,68,134287,158,02:00.0,2,10:00,889
7660245659,U,CTY,1,1,202,132904,175,33:00.0,7,7:00,889
7660245677,U,IB,1,1,219,128770,158,10:00.0,7,12:00,889
7660245731,U,CTY,1,5,2200,135923,173,57:00.0,1,8:00,889
7660248445,U,CTY,1,1,350,249073,169,49:00.0,5,12:00,889
7660535453,U,CTY,1,1,585,128538,203,35:00.0,1,20:00,244
7660535509,U,IB,1,2,70,558917,159,21:00.0,3,15:00,244
7660535509,U,IB,1,2,70,558917,131,47:00.0,3,11:00,244
7660537819,U,IB,1,1,115,138153,149,21:00.0,3,12:00,244
7660537837,U,IB,1,1,189,138153,149,15:00.0,3,12:00,244
7660538387,U,IB,1,1,1111,903951,149,21:00.0,5,3:00,244
7660538515,U,IB,1,1,602,131079,143,18:00.0,4,8:00,244
7660538524,U,IB,1,6,1486,131079,143,26:00.0,4,8:00,244
7660538598,U,CTY,1,1,735,201100,175,34:00.0,6,10:00,244
7660538708,U,IB,1,2,2045,134392,133,03:00.0,4,14:00,244
7660538717,U,IB,1,1,1093,134392,133,27:00.0,4,13:00,244
7660538753,U,IB,1,2,1735,123869,133,53:00.0,6,12:00,244
7660539220,U,IB,1,1,2976,140246,151,47:00.0,4,15:00,244
7660539615,U,IB,1,1,419,131786,133,47:00.0,7,7:00,244
7660539624,U,IB,1,1,389,131786,133,51:00.0,7,7:00,244
7660539624,U,IB,1,1,389,131786,153,58:00.0,7,22:00,244
7660539642,U,IB,1,1,1130,136131,112,33:00.0,3,6:00,244
7660539716,U,IB,1,1,405,132414,164,16:00.0,4,5:00,244
7660546334,U,CTY,1,1,170,128129,169,31:00.0,4,9:00,244
7660546352,U,CTY,1,4,224,132065,187,38:00.0,4,17:00,244
766054638X,U,CTY,1,1,71,132065,187,47:00.0,4,16:00,244
7660546399,U,CTY,1,4,725,132065,187,27:00.0,4,19:00,244
7660546408,U,CTY,1,2,315,128129,169,43:00.0,4,7:00,244
7660546417,U,CTY,1,2,315,128129,169,29:00.0,4,9:00,244
7660546426,U,CTY,1,1,163,128129,169,45:00.0,4,7:00,244
7660546435,U,CTY,1,1,169,128129,169,29:00.0,4,9:00,244
766054649X,U,CTY,1,1,170,121144,194,32:00.0,6,11:00,244
766054649X,U,CTY,1,1,170,121144,181,35:00.0,6,11:00,244
7660546509,U,CTY,1,3,198,135708,169,11:00.0,6,4:00,244
7660546527,U,CTY,1,3,118,131745,188,25:00.0,6,21:00,244
7660546536,U,CTY,1,1,280,131745,188,12:00.0,6,20:00,244
7660546545,U,CTY,1,1,177,131745,188,06:00.0,6,21:00,244
7660546554,U,CTY,1,2,245,131745,188,15:00.0,6,21:00,244
7660546563,U,CTY,1,1,145,131745,188,51:00.0,6,19:00,244
7660546572,U,CTY,1,2,112,131745,188,01:00.0,6,20:00,244
7660546581,U,CTY,1,1,92,131745,188,07:00.0,6,20:00,244
7660546590,U,CTY,1,1,87,131745,188,00:00.0,6,20:00,244
766054660X,U,CTY,1,1,63,131745,188,08:00.0,6,20:00,244
7660549890,U,IB,1,1,1001,125914,164,44:00.0,4,17:00,244
766054990X,U,CTY,1,1,1465,135957,169,45:00.0,7,14:00,244
7660550588,U,IB,1,1,1100,131079,143,17:00.0,4,8:00,244
7660550642,U,CTY,1,2,2625,130851,169,47:00.0,5,9:00,244
7660550660,U,IB,1,6,6718,261060,163,11:00.0,7,7:00,244
7660550698,U,IB,1,1,134,132073,127,02:00.0,7,20:00,244
7660550835,U,IB,1,3,2688,123274,145,31:00.0,5,8:00,244
7660550853,U,IB,1,1,141,126391,127,47:00.0,6,5:00,244
7660553439,U,IB,1,1,396,132414,164,32:00.0,4,7:00,244
766055419X,U,IB,1,1,626,132414,164,08:00.0,4,5:00,244
7660555051,U,IB,1,1,227,127963,133,13:00.0,6,15:00,244
7660555089,U,IB,1,1,296,127963,133,29:00.0,6,15:00,244
7660555794,U,IB,1,1,465,132414,164,11:00.0,4,6:00,244
7660555803,U,IB,1,1,613,132414,164,30:00.0,4,6:00,244
766055617X,U,IB,1,1,350,132414,164,59:00.0,4,6:00,244
7660556270,U,OB,1,1,331,126962,96,55:00.0,3,12:00,244
766055804X,U,IB,1,4,1176,124340,112,07:00.0,4,8:00,244
7660560670,U,IB,1,1,154,558917,131,47:00.0,3,12:00,244
7660560735,U,CTY,1,1,167,139520,172,07:00.0,7,5:00,244
7660561743,U,IB,1,1,581,140416,163,37:00.0,4,13:00,244
7660561871,U,CTY,1,2,270,559028,169,05:00.0,5,13:00,244
7660561909,U,CTY,1,3,935,559028,169,23:00.0,5,13:00,244
7660562037,U,IB,1,1,1970,290300,145,19:00.0,6,22:00,244
7660562091,U,IB,1,1,175,277828,164,09:00.0,3,5:00,244
7660562192,U,IB,1,2,1300,135910,149,50:00.0,7,20:00,244
7660562293,U,IB,1,7,2105,558917,131,31:00.0,3,10:00,244
7660565025,U,IB,1,2,926,123259,129,42:00.0,3,8:00,244
7660565043,U,IB,1,2,990,131079,143,10:00.0,4,8:00,244
7660565070,U,IB,1,1,600,123259,129,23:00.0,3,7:00,244
7660565099,U,IB,1,3,1716,131079,143,41:00.0,4,7:00,244
7660565108,U,IB,1,3,1040,131079,143,22:00.0,4,7:00,244
7660565135,U,CTY,1,14,7830,133291,205,29:00.0,3,14:00,244
7660565227,U,IB,1,2,1420,138153,149,27:00.0,3,16:00,244
7660565254,U,IB,1,1,590,138153,149,25:00.0,3,14:00,244
7660565319,U,CTY,1,2,1167,125889,175,14:00.0,7,8:00,244
7660565548,U,IB,1,7,3125,124164,149,21:00.0,7,12:00,244
7660565557,U,OB,1,1,635,121949,84,15:00.0,7,0:00,244
7660565566,U,OB,1,4,1940,121949,84,31:00.0,7,0:00,244
7660566767,U,CTY,1,4,1100,137469,175,31:00.0,3,16:00,244
7660566785,U,IB,1,1,810,127190,105,49:00.0,3,3:00,244
7660570168,U,IB,1,3,1798,280977,133,15:00.0,3,4:00,244
7660573569,U,IB,1,3,931,277828,164,41:00.0,3,3:00,244
7660573724,U,IB,1,1,340,127963,133,38:00.0,6,15:00,244
7660580553,U,CTY,1,1,97,135957,169,35:00.0,7,13:00,244
7660580636,U,IB,1,1,205,138153,149,18:00.0,3,14:00,244
7660580892,U,IB,1,1,335,140213,131,27:00.0,1,6:00,244
766058092X,U,CTY,1,1,91,135957,169,27:00.0,7,13:00,244
7660580957,U,CTY,1,1,552,135957,169,48:00.0,7,13:00,244
7660580993,U,CTY,1,1,83,135957,169,32:00.0,7,14:00,244
7660581213,U,CTY,1,1,76,125775,194,11:00.0,2,0:00,244
7660581451,U,IB,1,2,253,128350,133,53:00.0,6,13:00,244
7660581489,U,IB,1,1,123,128350,133,59:00.0,6,13:00,244
7660581644,U,IB,1,8,2671,131874,141,55:00.0,5,15:00,244
7660581846,U,IB,1,1,142,129623,145,13:00.0,3,12:00,244
7660582221,U,IB,1,2,1907,128350,133,10:00.0,6,14:00,244
7660582230,U,IB,1,1,1137,128350,133,17:00.0,6,14:00,244
7660582277,U,IB,1,1,216,136131,112,18:00.0,3,7:00,244
7660582378,U,IB,1,1,361,136938,141,41:00.0,3,17:00,244
7660582396,U,IB,1,1,597,136938,141,38:00.0,3,17:00,244
7660582450,U,IB,1,1,534,127190,105,35:00.0,3,5:00,244
7660584183,U,IB,1,2,733,136938,141,32:00.0,3,19:00,244
7660584239,U,IB,1,1,275,127190,105,57:00.0,3,4:00,244
7660584248,U,IB,1,1,614,136938,141,35:00.0,3,17:00,244
7660584376,U,IB,1,12,4240,136938,141,26:00.0,3,19:00,244
7660584486,U,IB,1,1,1048,136938,141,37:00.0,3,18:00,244
766058455X,U,IB,1,1,118,132113,143,12:00.0,7,20:00,244
7660584751,U,IB,1,2,1087,127190,105,42:00.0,3,4:00,244
7660584816,U,IB,1,5,2360,140213,131,44:00.0,1,6:00,244
7660712764,U,OB,1,2,470,127054,89,25:00.0,1,16:00,555
7660712829,U,OB,1,1,235,127054,89,12:00.0,1,17:00,555
7660713159,U,CTY,1,3,1227,132337,187,35:00.0,4,1:00,555
7660716540,U,CTY,1,4,1070,139731,189,22:00.0,7,11:00,555
7660720886,U,IB,1,5,5248,125049,131,26:00.0,3,15:00,555
7660725625,U,IB,1,6,3100,137448,145,29:00.0,5,17:00,555
766072733X,U,OB,1,1,125,127054,89,20:00.0,1,20:00,555
766072733X,U,CTY,1,1,125,127054,192,10:00.0,1,21:00,555
7660728128,U,OB,1,1,760,127054,89,04:00.0,1,20:00,555
7660728137,U,OB,1,8,1360,127054,89,31:00.0,1,20:00,555
766072821X,U,CTY,1,2,773,290603,195,47:00.0,6,18:00,555
7660728229,U,CTY,1,3,1745,290603,195,26:00.0,6,18:00,555
7660728256,U,OB,1,1,216,127948,31,11:00.0,1,4:00,555
7660729127,U,IB,1,1,1005,125049,131,35:00.0,3,17:00,555
7660747010,U,OB,1,3,453,136492,48,50:00.0,5,15:00,555
7660747818,U,IB,1,6,3382,133030,152,47:00.0,5,22:00,555
7660747827,U,IB,1,1,375,132073,112,47:00.0,6,21:00,555
766083986X,U,IB,1,1,976,133813,139,27:00.0,6,2:00,203
766083986X,U,IB,1,1,976,133813,141,15:00.0,5,22:00,203
7660841327,U,CTY,1,1,375,128714,187,30:00.0,4,0:00,203
7660845819,U,IB,1,3,6287,134766,114,04:00.0,6,3:00,203
7660848210,U,CTY,1,1,820,131999,194,42:00.0,1,7:00,203
7660848266,U,OB,1,3,7420,125982,94,50:00.0,3,3:00,203
7660848733,U,IB,1,2,1234,134505,112,47:00.0,3,0:00,203
7660849301,U,CTY,1,2,1529,134160,173,20:00.0,1,4:00,203
7660850511,U,CTY,1,2,2300,291058,175,22:00.0,2,13:00,203
7660850841,U,CTY,1,3,2452,131787,188,04:00.0,1,5:00,203
7660851602,U,IB,1,2,6100,132854,143,44:00.0,6,21:00,203
7660851602,U,CTY,1,2,6100,132854,194,36:00.0,1,15:00,203
7660851997,U,CTY,1,1,762,116773,187,18:00.0,5,21:00,203
7660852803,U,CTY,1,3,3815,137437,189,43:00.0,2,3:00,203
7660852886,U,CTY,1,1,15,116773,187,11:00.0,5,21:00,203
766085306X,U,IB,1,6,3755,117065,129,42:00.0,3,6:00,203
7660853079,U,OB,1,1,15,138501,86,30:00.0,1,22:00,203
766085702X,U,OB,1,1,1368,124114,94,31:00.0,1,14:00,203
766085702X,U,CTY,1,1,1368,124114,195,14:00.0,7,11:00,203
7660857093,U,CTY,1,1,80,125982,196,02:00.0,2,23:00,203
7660857167,U,IB,1,1,262,127905,111,46:00.0,6,0:00,203
7660860310,U,IB,1,2,1475,128530,129,53:00.0,4,7:00,201
7660864160,U,CTY,1,1,195,134160,173,40:00.0,1,4:00,203
7660864225,U,CTY,1,1,487,200701,192,07:00.0,4,18:00,203
7660871750,U,CTY,1,3,7364,133084,172,20:00.0,3,22:00,203
766087484X,U,CTY,1,2,640,202076,189,30:00.0,1,15:00,203
7660877250,U,CTY,1,1,186,202076,189,43:00.0,1,15:00,203
7660877315,U,CTY,1,1,380,202076,189,49:00.0,1,12:00,203
7660877636,U,OB,1,1,121,126885,96,47:00.0,3,21:00,203
7660879277,U,CTY,1,1,2590,116773,187,09:00.0,5,22:00,203
7660879295,U,CTY,1,1,906,116773,187,23:00.0,5,20:00,203
7660879661,U,IB,1,5,3038,132854,143,54:00.0,6,22:00,203
7660879670,U,IB,1,2,5516,138970,151,39:00.0,7,19:00,203
766087968X,U,IB,1,4,3355,132854,143,32:00.0,6,22:00,203
7660880431,U,CTY,1,1,2897,137507,175,17:00.0,6,3:00,203
7660880799,U,IB,1,1,2648,127764,123,26:00.0,5,7:00,203
7660880880,U,IB,1,1,1905,132854,143,54:00.0,6,21:00,203
766088111X,U,CTY,1,1,940,119799,188,56:00.0,4,0:00,203
7660881192,U,CTY,1,3,3727,125404,195,29:00.0,7,0:00,203
7660882494,U,CTY,1,1,482,126202,187,55:00.0,5,0:00,203
7660905796,U,CTY,1,1,335,126813,168,51:00.0,2,1:00,819
7660905841,U,CTY,1,1,174,126813,168,55:00.0,2,1:00,819
7660906007,U,CTY,1,1,740,126813,168,54:00.0,2,0:00,819
7660906162,U,IB,1,2,730,123302,141,42:00.0,3,16:00,819
766090630X,U,CTY,1,1,566,131641,174,25:00.0,3,15:00,819
7660906382,U,CTY,1,1,323,131641,174,06:00.0,3,18:00,819
7660906566,U,IB,1,1,379,125347,133,13:00.0,3,5:00,819
7660906831,U,IB,1,1,636,249091,155,49:00.0,4,14:00,819
7660906831,U,IB,1,1,636,249091,155,49:00.0,4,14:00,819
7660906914,U,CTY,1,1,229,249091,169,28:00.0,3,10:00,819
7660906950,U,IB,1,1,397,139787,141,50:00.0,6,19:00,819
7660907024,U,IB,1,5,5435,139787,141,31:00.0,6,19:00,819
7660907262,U,IB,1,1,852,291203,133,35:00.0,2,1:00,819
7660907280,U,IB,1,1,431,291203,133,51:00.0,1,22:00,819
7660907280,U,CTY,1,1,431,291203,182,31:00.0,2,12:00,819
7660907482,U,CTY,1,1,340,558295,192,18:00.0,4,14:00,819
7660907574,U,CTY,1,2,957,136233,169,40:00.0,3,21:00,819
7660907657,U,CTY,1,2,599,136233,169,49:00.0,3,21:00,819
7660907803,U,IB,1,1,180,125844,141,13:00.0,7,12:00,819
7660907868,U,IB,1,1,157,129503,129,54:00.0,1,3:00,819
766090795X,U,CTY,1,2,352,132190,173,38:00.0,3,17:00,819
7660907969,U,IB,1,1,305,129503,129,13:00.0,1,8:00,819
7660908115,U,CTY,1,1,264,132190,237,57:00.0,3,20:00,819
7660908115,U,CTY,1,1,264,132190,173,09:00.0,3,16:00,819
7660908124,U,CTY,1,1,414,132190,173,09:00.0,3,18:00,819
7660908160,U,CTY,1,1,242,132190,173,31:00.0,3,16:00,819
7660908216,U,IB,1,2,723,252427,131,12:00.0,5,0:00,819
7660908270,U,IB,1,1,227,252427,131,53:00.0,5,0:00,819
7660917795,U,CTY,1,2,945,131810,174,43:00.0,6,8:00,111
7660920848,U,CTY,1,6,8315,133631,192,51:00.0,3,12:00,111
7660922846,U,OB,1,2,1400,131925,78,56:00.0,4,19:00,111
7660922855,U,OB,1,1,1125,131925,78,36:00.0,4,19:00,111
7660926640,U,CTY,1,4,5000,131810,174,24:00.0,6,10:00,111
7660929006,U,CTY,1,2,1400,131810,174,13:00.0,6,8:00,111
7660944763,U,CTY,1,1,250,134562,192,44:00.0,5,10:00,111
7660944828,U,IB,1,5,6838,290826,111,52:00.0,5,15:00,111
7660948247,U,OB,1,1,415,130911,52,43:00.0,7,7:00,411
7660969358,U,CTY,1,5,6337,126618,196,32:00.0,2,20:00,111
7660981009,U,IB,1,1,371,290826,111,03:00.0,5,15:00,111
7660989589,U,IB,1,2,517,132369,149,54:00.0,5,18:00,111
7660990963,U,CTY,1,2,2700,126862,174,50:00.0,6,3:00,111
7660993401,U,CTY,1,1,400,131787,188,50:00.0,1,4:00,111
7660994034,U,IB,1,1,182,135099,164,00:00.0,5,5:00,111
7660994620,U,CTY,1,1,159,133417,187,38:00.0,1,21:00,111
7660997361,U,CTY,1,1,624,130650,173,35:00.0,4,6:00,111
7660997426,U,IB,1,2,830,134073,163,32:00.0,3,21:00,111
7660999460,U,CTY,1,1,250,128595,194,36:00.0,7,17:00,111
7661005914,U,CTY,1,5,625,130650,173,32:00.0,4,6:00,111
7661012220,U,CTY,1,4,5000,123950,173,36:00.0,6,4:00,111
7661014274,U,IB,1,10,7875,127898,141,45:00.0,4,13:00,111
7661014485,U,CTY,1,2,3495,138837,192,47:00.0,1,20:00,111
7661014559,U,IB,1,3,915,133121,143,52:00.0,7,13:00,111
7661015044,U,OB,1,2,936,135686,86,53:00.0,2,1:00,111
7661015136,U,IB,1,2,2342,290826,111,10:00.0,5,16:00,111
7661021763,U,CTY,1,1,142,133631,192,35:00.0,3,12:00,111
7661021790,U,OB,1,1,295,135686,86,09:00.0,2,0:00,111
7661021846,U,OB,1,7,17815,135686,86,23:00.0,2,1:00,111
7661025146,U,CTY,1,1,899,137653,194,20:00.0,6,4:00,111
7661026621,U,IB,1,1,229,135099,164,44:00.0,5,3:00,111
7661031571,U,CTY,1,1,1251,131810,174,50:00.0,6,8:00,111
7661031645,U,IB,1,1,1603,133121,110,26:00.0,7,16:00,111
7661031645,U,IB,1,1,1603,133121,110,26:00.0,7,16:00,111
7661034101,U,OB,1,2,3000,135686,86,45:00.0,2,0:00,111
7661042553,U,CTY,1,1,250,133631,192,58:00.0,3,12:00,111
7661042562,U,CTY,1,1,196,133631,192,02:00.0,3,14:00,111
7661042654,U,CTY,1,1,379,133631,192,07:00.0,3,14:00,111
7661043790,U,OB,1,1,1265,135686,86,18:00.0,2,0:00,111
7661044488,U,IB,1,1,340,127898,141,23:00.0,4,14:00,111
7661044497,U,IB,1,2,830,127898,141,27:00.0,4,14:00,111
7661044753,U,CTY,1,1,208,133631,192,10:00.0,3,14:00,111
7661044753,U,CTY,1,1,208,133631,233,07:00.0,4,21:00,111
7661044753,U,CTY,1,1,208,133631,237,53:00.0,5,19:00,111
7661048246,U,IB,1,1,115,290826,111,14:00.0,5,15:00,111
7661048374,U,CTY,1,1,160,133720,_UNK,52:00.0,2,22:00,111
7661048392,U,CTY,1,13,4040,131810,174,00:00.0,6,10:00,111
7661048448,U,IB,1,1,1572,133121,143,19:00.0,7,14:00,111
7661048731,U,CTY,1,2,1273,131810,174,36:00.0,6,10:00,111
7661049373,U,OB,1,1,833,135686,86,59:00.0,2,1:00,111
7661052197,U,IB,1,4,4340,133121,143,23:00.0,7,15:00,111
7661053645,U,IB,1,2,3199,127898,141,25:00.0,4,12:00,111
766105403X,U,CTY,1,1,240,45605,175,24:00.0,5,15:00,111
7661055955,U,CTY,1,1,204,133774,197,14:00.0,5,0:00,111
7661056211,U,CTY,1,1,204,131810,174,15:00.0,6,8:00,111
7661056487,U,CTY,1,1,204,126570,188,16:00.0,3,8:00,111
7661056496,U,CTY,1,1,204,126570,188,11:00.0,3,8:00,111
7661056532,U,IB,1,2,690,290826,111,00:00.0,5,15:00,111
7661056642,U,CTY,1,5,2014,126370,196,07:00.0,7,16:00,111
7661057926,U,OB,1,2,974,131925,78,03:00.0,4,20:00,111
7661061208,U,OB,1,1,1007,131925,78,28:00.0,4,21:00,111
766106415X,U,OB,1,1,210,131925,78,14:00.0,4,21:00,111
7661064178,U,OB,1,3,1960,131925,78,11:00.0,4,21:00,111
7661064288,U,IB,1,1,1500,123699,101,52:00.0,2,16:00,111
7661068082,U,IB,1,1,755,123681,141,09:00.0,4,8:00,111
7661068742,U,IB,1,1,576,133121,143,03:00.0,7,16:00,111
7661074783,U,IB,1,1,655,127898,141,06:00.0,4,14:00,111
7661074792,U,IB,1,1,1000,127898,141,20:00.0,4,14:00,111
766107900X,U,IB,1,4,3255,123699,101,32:00.0,2,16:00,111
7661079100,U,IB,1,1,1180,290826,111,34:00.0,5,15:00,111
7661079421,U,IB,1,4,3728,132369,149,34:00.0,5,18:00,111
7661081136,U,CTY,1,2,2238,128578,222,43:00.0,2,1:00,111
7661081136,U,CTY,1,2,2238,128578,195,30:00.0,6,13:00,111
7661081145,U,CTY,1,1,795,128578,222,43:00.0,2,1:00,111
7661081145,U,CTY,1,1,795,128578,195,33:00.0,6,13:00,111
7661082052,U,CTY,1,1,591,128578,195,40:00.0,6,13:00,111
7661083336,U,CTY,1,1,170,128578,195,58:00.0,6,10:00,111
7661086874,U,IB,1,3,2858,135099,164,24:00.0,5,5:00,111
7661089918,U,IB,1,1,1170,140113,141,22:00.0,7,0:00,111
7661094134,U,CTY,1,1,299,138282,169,59:00.0,2,20:00,111
7661104180,U,OB,1,5,2431,131685,51,07:00.0,7,22:00,111
7661104180,U,CTY,1,5,2431,131685,179,50:00.0,2,14:00,111
7661105565,U,CTY,1,3,2072,138837,192,00:00.0,1,19:00,111
7661105574,U,CTY,1,1,1664,133631,192,20:00.0,3,12:00,111
7661105610,U,IB,1,1,705,290826,111,46:00.0,5,14:00,111
7661106710,U,CTY,1,3,1488,125831,187,44:00.0,6,10:00,111
7661112578,U,CTY,1,1,500,138837,192,54:00.0,1,19:00,111
7661112605,U,OB,1,1,330,135686,86,57:00.0,2,1:00,111
7661113310,U,CTY,1,1,2412,136760,197,13:00.0,6,10:00,111
7661114915,U,OB,1,4,1761,139567,90,20:00.0,3,8:00,111
7662456493,U,CTY,1,1,435,138164,187,07:00.0,2,3:00,123
7662456567,U,CTY,1,2,759,138164,187,45:00.0,2,3:00,123
7662458583,U,CTY,1,1,130,132650,196,49:00.0,6,16:00,123
7662460581,U,IB,1,1,176,125564,141,53:00.0,6,22:00,123
7662460673,U,IB,1,2,750,125564,141,59:00.0,6,23:00,123
7662487430,U,IB,1,1,347,202236,125,40:00.0,1,6:00,152
766248788X,U,CTY,1,1,40,126618,196,25:00.0,2,18:00,152
7662488018,U,CTY,1,1,228,126618,196,46:00.0,2,15:00,152
7662488238,U,IB,1,2,106,123681,141,43:00.0,4,8:00,152
7662488458,U,CTY,1,1,118,211335,197,33:00.0,6,16:00,152
766248854X,U,CTY,1,3,1628,211335,226,38:00.0,7,18:00,152
766248854X,U,CTY,1,3,1628,211335,197,21:00.0,6,16:00,152
766248865X,U,CTY,1,1,274,123950,173,28:00.0,6,4:00,152
7662488788,U,CTY,1,1,164,136973,188,55:00.0,7,5:00,152
7662488788,U,CTY,1,1,164,136973,210,23:00.0,2,9:00,152
7662488815,U,CTY,1,1,191,136973,238,33:00.0,3,22:00,152
7662488815,U,CTY,1,1,191,136973,188,17:00.0,7,5:00,152
7662488833,U,CTY,1,1,269,128595,194,43:00.0,7,17:00,152
7662489145,U,CTY,1,2,870,137129,172,48:00.0,2,7:00,152
7662489282,U,CTY,1,1,156,126069,189,40:00.0,3,22:00,152
7662489457,U,CTY,1,1,137,129910,187,32:00.0,3,23:00,152
7662489576,U,CTY,1,2,969,133774,197,33:00.0,5,0:00,152
7662489630,U,CTY,1,1,380,129910,187,52:00.0,4,0:00,152
766248975X,U,CTY,1,1,315,132816,228,02:00.0,6,3:00,152
766248975X,U,CTY,1,1,315,132816,228,02:00.0,6,3:00,152
7662490144,U,CTY,1,1,269,133118,195,15:00.0,1,4:00,152
766249030X,U,CTY,1,1,364,133118,195,46:00.0,1,6:00,152
7662490676,U,CTY,1,1,105,134402,176,58:00.0,4,10:00,152
7662491327,U,CTY,1,1,225,132666,197,38:00.0,5,21:00,152
7662491556,U,CTY,1,1,190,126862,174,25:00.0,5,23:00,152
7662491711,U,CTY,1,1,312,134705,192,49:00.0,7,4:00,152
7662491803,U,IB,1,7,2199,132070,164,05:00.0,2,1:00,152
7662491996,U,CTY,1,1,202,202127,197,30:00.0,2,0:00,152
7662492371,U,CTY,1,1,71,134562,192,24:00.0,5,11:00,152
7662493004,U,CTY,1,1,258,135900,168,20:00.0,5,8:00,152
7662497359,U,OB,1,1,846,139746,66,22:00.0,5,11:00,556
7662497505,U,OB,1,3,2037,135453,86,53:00.0,6,17:00,556
7662497523,U,OB,1,8,3902,135453,86,52:00.0,6,16:00,556
766249756X,U,IB,1,2,2020,127490,127,15:00.0,7,1:00,556
7662497588,U,OB,1,1,864,131037,95,15:00.0,5,15:00,556
7662498430,U,IB,1,2,1984,137284,101,49:00.0,2,23:00,556
766249844X,U,IB,1,1,1836,45562,103,00:00.0,4,11:00,556
7662498495,U,OB,1,2,2105,128892,52,25:00.0,6,19:00,556
7662498540,U,OB,1,2,720,138134,49,29:00.0,2,14:00,556
766249855X,U,OB,1,3,4360,119394,32,24:00.0,2,15:00,556
7662498578,U,OB,1,4,5754,121786,26,32:00.0,7,7:00,556
7662498596,U,IB,1,1,2200,134941,113,20:00.0,2,8:00,556
7662498614,U,OB,1,3,1264,137797,72,52:00.0,4,14:00,556
7662571856,U,OB,1,1,600,290397,96,52:00.0,5,4:00,218
7662575174,U,OB,1,1,1694,140226,94,31:00.0,7,18:00,218
7662575174,U,IB,1,1,1694,140226,125,36:00.0,7,16:00,218
7662580014,U,IB,1,4,6680,430881,112,24:00.0,4,7:00,218
7662581628,U,OB,1,1,40,135935,89,13:00.0,6,15:00,218
7662582059,U,IB,1,1,280,531285,164,34:00.0,7,10:00,218
7662602766,U,IB,1,1,435,430399,112,37:00.0,4,15:00,218
7662604654,U,IB,1,1,335,430399,112,55:00.0,4,12:00,218
7662604847,U,CTY,1,1,325,137437,189,15:00.0,2,3:00,218
7662608055,U,IB,1,2,963,134545,112,54:00.0,1,4:00,218
7662608129,U,IB,1,2,1431,140226,125,41:00.0,7,18:00,218
7662609027,U,OB,1,1,3100,290397,96,02:00.0,5,5:00,218
7662609274,U,IB,1,1,430,558629,117,44:00.0,1,3:00,218
7662612639,U,OB,1,2,502,128828,89,00:00.0,6,4:00,218
7662614545,U,OB,1,1,226,903811,88,40:00.0,6,19:00,218
7662614563,U,IB,1,4,3195,135114,125,19:00.0,1,8:00,218
7662618871,U,IB,1,1,2125,127746,127,14:00.0,5,7:00,218
7662619138,U,IB,1,1,1738,430881,112,28:00.0,4,4:00,218
7662619183,U,CTY,1,1,1325,137437,189,20:00.0,2,3:00,218
7662619266,U,IB,1,3,6010,430079,101,50:00.0,3,16:00,218
7662619311,U,IB,1,1,2790,430079,101,05:00.0,3,18:00,218
7662619468,U,IB,1,1,273,140226,125,25:00.0,7,16:00,218
7662619477,U,OB,1,1,834,129593,90,40:00.0,1,6:00,218
7662670059,U,OB,1,1,154,119372,84,53:00.0,4,18:00,218
7662670526,U,IB,1,5,4776,132854,143,15:00.0,6,22:00,218
7662670535,U,CTY,1,3,5452,137505,192,15:00.0,7,1:00,218
7662676255,U,IB,1,1,236,122848,111,42:00.0,6,17:00,218
7662676511,U,IB,1,1,155,559835,145,22:00.0,2,15:00,218
7662686925,U,OB,1,1,210,128828,98,33:00.0,6,14:00,218
7662686925,U,OB,1,1,210,128828,89,11:00.0,6,5:00,218
7662686934,U,OB,1,1,945,128828,89,15:00.0,6,5:00,218
7662686943,U,IB,1,3,1325,R211600269,123,02:00.0,5,22:00,218
7662687035,U,CTY,1,1,78,137437,189,01:00.0,2,3:00,218
7662687190,U,OB,1,1,450,430917,89,13:00.0,2,10:00,218
7662687374,U,IB,1,2,1342,558629,117,18:00.0,1,8:00,218
7662690353,U,CTY,1,1,492,T415634691,192,23:00.0,7,9:00,218
766269094X,U,OB,1,1,291,559443,96,39:00.0,7,20:00,218
7662690968,U,OB,1,10,2450,559443,96,55:00.0,7,20:00,218
7662690995,U,CTY,1,1,230,390229,205,14:00.0,2,16:00,218
7662690995,U,IB,1,1,230,390229,116,11:00.0,2,2:00,218
7662691087,U,IB,1,1,281,118791,114,56:00.0,5,2:00,218
7662691114,U,IB,1,2,330,129569,131,55:00.0,4,22:00,218
7662691197,U,IB,1,1,2038,530455,117,25:00.0,6,7:00,218
766269501X,U,IB,1,1,814,131681,117,05:00.0,6,7:00,218
7662695056,U,OB,1,1,554,558665,88,38:00.0,4,21:00,218
7662695056,U,OB,1,1,554,558665,97,29:00.0,5,6:00,218
766269512X,U,IB,1,1,974,136417,101,18:00.0,4,0:00,218
7662695148,U,IB,1,1,417,558629,117,16:00.0,1,7:00,218
7662695193,U,CTY,1,2,2214,904116,189,01:00.0,7,7:00,218
7662695249,U,OB,1,1,728,430917,89,38:00.0,2,7:00,218
766270040X,U,OB,1,1,674,135081,96,53:00.0,7,21:00,218
7662700639,U,OB,1,1,386,132999,72,23:00.0,5,6:00,218
7662700648,U,OB,1,2,2190,132999,72,31:00.0,5,3:00,218
7662700666,U,CTY,1,2,1952,132773,_UNK,18:00.0,4,22:00,218
7662700684,U,OB,1,2,925,132999,72,27:00.0,5,6:00,218
7662700702,U,OB,1,2,1664,132999,72,04:00.0,5,3:00,218
7662700803,U,OB,1,2,778,119040,90,48:00.0,6,15:00,218
7662701032,U,IB,1,1,365,129569,131,22:00.0,5,0:00,218
766270106X,U,IB,1,1,440,118791,114,54:00.0,5,3:00,218
7662701207,U,OB,1,2,722,430917,89,26:00.0,2,11:00,218
7662712537,U,OB,1,7,4549,430917,89,51:00.0,2,12:00,218
7662715305,U,OB,1,2,1000,559443,96,47:00.0,7,20:00,218
7662715314,U,OB,1,1,3370,559443,96,59:00.0,7,18:00,218
7662715314,U,CTY,1,1,3370,559443,183,16:00.0,1,2:00,218
7662715332,U,IB,1,1,1800,390229,116,53:00.0,2,4:00,218
7662715350,U,IB,1,1,1195,531285,164,40:00.0,7,9:00,218
7662715424,U,IB,1,4,7770,559146,149,34:00.0,4,21:00,218
7662715460,U,OB,1,1,1300,290397,96,58:00.0,5,4:00,218
7662715617,U,CTY,1,1,450,904116,189,16:00.0,7,6:00,218
766271569X,U,IB,1,3,5934,559510,112,28:00.0,4,21:00,218
7662715992,U,IB,1,2,6670,558629,117,54:00.0,1,6:00,218
7662716158,U,IB,1,1,1300,131681,117,36:00.0,6,3:00,218
7662716212,U,IB,1,1,1305,123779,133,00:00.0,4,20:00,218
7662716432,U,CTY,1,1,1300,T415634691,192,22:00.0,7,8:00,218
7662720805,U,IB,1,2,301,559510,112,44:00.0,4,17:00,218
7662720888,U,IB,1,2,1155,128530,129,05:00.0,4,8:00,218
7662720942,U,IB,1,1,263,127746,127,52:00.0,5,6:00,218
7662723528,U,IB,1,1,333,124352,104,18:00.0,3,21:00,218
7662723674,U,OB,1,1,315,290149,88,20:00.0,3,20:00,218
7662723766,U,IB,1,1,392,530455,117,22:00.0,6,10:00,218
7662723784,U,OB,1,1,809,430917,89,54:00.0,2,10:00,218
7662724022,U,OB,1,26,215,119040,90,09:00.0,6,19:00,218
7662724078,U,OB,1,1,40,135935,89,09:00.0,6,15:00,218
7662724105,U,IB,1,1,416,559835,145,40:00.0,2,12:00,218
7662724783,U,IB,1,2,2738,531285,164,35:00.0,7,9:00,218
7662724810,U,IB,1,1,380,531285,164,16:00.0,7,6:00,218
7662724884,U,IB,1,2,1390,132013,116,28:00.0,4,3:00,218
7662725609,U,IB,1,1,815,290066,114,18:00.0,3,21:00,218
7662725663,U,IB,1,1,1475,137862,112,51:00.0,7,21:00,218
7662725681,U,IB,1,3,110,530455,117,06:00.0,6,4:00,218
7662726020,U,IB,1,1,175,430899,105,39:00.0,1,8:00,218
7662726103,U,OB,1,1,478,119040,90,02:00.0,6,19:00,218
7662726168,U,IB,1,1,135,R218181347,131,45:00.0,5,18:00,218
7662726213,U,OB,1,1,184,559443,96,13:00.0,7,20:00,218
7662728853,U,CTY,1,1,175,137437,189,30:00.0,2,0:00,218
766273076X,U,OB,1,1,870,558665,88,36:00.0,4,18:00,218
7662731291,U,OB,1,1,796,128828,89,18:00.0,6,1:00,218
7662731933,U,OB,1,1,1433,135081,96,01:00.0,7,22:00,218
7662731951,U,OB,1,2,3809,135081,96,48:00.0,7,21:00,218
7662732822,U,IB,1,2,1250,R218191534,114,05:00.0,2,19:00,218
7662732831,U,CTY,1,1,350,904116,189,36:00.0,7,6:00,218
7662732869,U,OB,1,2,2364,558665,88,55:00.0,4,18:00,218
7662732914,U,IB,1,1,825,R211600269,123,06:00.0,5,21:00,218
7662736782,U,IB,1,5,2911,559835,145,44:00.0,2,12:00,218
7662736838,U,OB,1,1,310,128828,89,45:00.0,6,3:00,218
7662736957,U,IB,1,1,40,132453,105,12:00.0,7,2:00,218
7662736966,U,IB,1,1,975,132453,105,14:00.0,7,2:00,218
7662738928,U,CTY,1,1,346,904116,189,21:00.0,7,7:00,218
7662740257,U,IB,1,2,1370,R218616870,103,45:00.0,3,22:00,218
7662740605,U,OB,1,1,120,430917,89,00:00.0,2,7:00,218
7662740742,U,IB,1,1,1486,130842,103,14:00.0,7,20:00,218
7662740760,U,CTY,1,1,1176,137437,189,06:00.0,2,3:00,218
7662740825,U,IB,1,2,840,R218181347,131,06:00.0,5,21:00,218
7662740834,U,IB,1,1,1290,R218181347,131,57:00.0,5,20:00,218
7662740861,U,CTY,1,1,370,T415634691,192,38:00.0,7,10:00,218
7662741521,U,IB,1,1,1175,R218191534,114,21:00.0,2,18:00,218
766274154X,U,CTY,1,1,1181,T415634691,192,55:00.0,7,10:00,218
7662743694,U,IB,1,7,1475,131477,101,02:00.0,5,20:00,218
7662743703,U,IB,1,1,340,131681,117,20:00.0,6,3:00,218
766274374X,U,IB,1,2,250,568035,114,19:00.0,7,5:00,218
7662746215,U,IB,1,2,3820,129569,131,47:00.0,4,23:00,218
7662746215,U,CTY,1,2,3820,129569,P   ,20:00.0,5,3:00,218
7662746399,U,OB,1,1,3365,290149,88,28:00.0,3,21:00,218
7662746444,U,OB,1,2,5400,430917,89,55:00.0,2,10:00,218
7662746444,U,OB,1,2,5400,430917,94,50:00.0,3,3:00,218
766274649X,U,IB,1,1,1230,530455,117,10:00.0,6,8:00,218
7662755711,U,IB,1,1,1223,129569,131,30:00.0,5,0:00,218
7662756041,U,OB,1,1,1910,558665,88,10:00.0,4,22:00,218
7662756106,U,IB,1,6,4290,131477,101,56:00.0,5,18:00,218
7662756142,U,IB,1,1,774,568035,114,29:00.0,7,3:00,218
7662756344,U,OB,1,1,1298,119040,90,23:00.0,6,15:00,218
7662756445,U,IB,1,1,663,130842,103,49:00.0,7,21:00,218
7662757518,U,IB,1,2,1256,530455,117,03:00.0,6,8:00,218
7662757994,U,IB,1,9,9000,R218181347,131,09:00.0,5,21:00,218
7662758975,U,IB,1,6,2560,130842,103,15:00.0,7,22:00,218
7662760039,U,OB,1,2,1137,559443,96,55:00.0,7,18:00,218
7662760286,U,OB,1,1,825,430917,89,02:00.0,2,11:00,218
7662760405,U,IB,1,1,462,390044,111,00:00.0,3,3:00,218
7662765025,U,IB,1,1,432,R218181347,131,01:00.0,5,21:00,218
7662765070,U,IB,1,1,680,530455,117,32:00.0,6,4:00,218
766276508X,U,IB,1,1,1690,530455,117,18:00.0,6,5:00,218
7662765108,U,IB,1,1,580,530455,117,56:00.0,6,3:00,218
7662765117,U,IB,1,2,1200,530455,117,46:00.0,6,10:00,218
7662765429,U,CTY,1,1,1560,137791,169,40:00.0,2,6:00,218
7662765465,U,IB,1,7,9761,558629,117,43:00.0,1,8:00,218
7662765510,U,IB,1,3,1845,R218616870,103,59:00.0,3,22:00,218
7662765548,U,IB,1,2,1070,R218191522,103,51:00.0,5,22:00,218
7662765557,U,IB,1,1,655,559510,112,48:00.0,4,20:00,218
7662921216,U,IB,1,1,870,430399,112,13:00.0,4,13:00,218
7662932793,U,IB,1,1,118,277372,164,25:00.0,3,23:00,431
7662932903,U,OB,1,1,89,HAEI23421,75,55:00.0,4,22:00,431
7662932921,U,IB,1,6,1606,135325,117,35:00.0,3,21:00,431
7662932986,U,OB,1,4,1278,HAEI23421,75,24:00.0,4,14:00,431
7662933096,U,OB,1,2,810,HAEI23421,75,29:00.0,4,22:00,431
7662933352,U,IB,1,1,79,134733,111,05:00.0,6,12:00,431
7662933408,U,IB,1,1,79,131223,163,07:00.0,4,18:00,431
7662933572,U,IB,1,1,79,134733,111,08:00.0,6,12:00,431
766293360X,U,IB,1,1,79,134733,111,13:00.0,6,12:00,431
7662933646,U,CTY,1,2,714,127438,168,46:00.0,5,18:00,431
766293371X,U,IB,1,1,189,134733,111,54:00.0,6,12:00,431
7662933866,U,CTY,1,1,306,HAEI28100,172,53:00.0,5,17:00,431
7662933911,U,IB,1,1,306,127444,164,28:00.0,4,20:00,431
7662934012,U,OB,1,1,79,131933,90,34:00.0,6,2:00,431
7662934068,U,IB,1,1,79,134733,111,15:00.0,6,12:00,431
7662934196,U,IB,1,1,162,134733,111,17:00.0,6,13:00,431
7662934627,U,CTY,1,1,79,558695,169,13:00.0,7,8:00,431
7662934636,U,CTY,1,1,79,558695,169,09:00.0,7,8:00,431
7662935543,U,CTY,1,1,165,HAEI25964,169,52:00.0,5,19:00,431
7662941272,U,IB,1,8,8825,121117,104,10:00.0,3,21:00,218
7662941373,U,OB,1,1,125,252293,84,37:00.0,6,15:00,218
7662941795,U,OB,1,1,83,128828,89,56:00.0,6,3:00,218
7662941822,U,IB,1,3,750,R211600269,123,21:00.0,5,21:00,218
7662941840,U,IB,1,16,944,R211600269,123,55:00.0,5,21:00,218
766294196X,U,OB,1,1,155,137920,90,42:00.0,7,22:00,218
7662942051,U,IB,1,1,83,118791,114,09:00.0,5,4:00,218
7662942161,U,IB,1,1,95,R218191522,103,22:00.0,5,19:00,218
7662943032,U,OB,1,1,130,132999,72,19:00.0,5,4:00,218
7662944792,U,IB,1,2,576,132453,105,00:00.0,7,3:00,218
7662944810,U,IB,1,2,575,R21825782,101,30:00.0,7,23:00,218
7662946186,U,OB,1,1,1586,128828,89,47:00.0,6,3:00,218
7662946819,U,IB,1,3,3057,135159,116,58:00.0,1,6:00,218
7662947093,U,CTY,1,1,284,904116,189,36:00.0,7,8:00,218
7662949513,U,IB,1,4,6600,531285,164,19:00.0,7,7:00,218
7662949522,U,IB,1,1,249,390229,116,32:00.0,2,9:00,218
7662949789,U,IB,1,1,771,133730,117,18:00.0,4,21:00,218
7662950788,U,IB,1,1,2038,123581,137,01:00.0,5,13:00,218
7662950788,U,IB,1,1,2038,123581,137,01:00.0,5,13:00,218
7662950851,U,OB,1,2,2635,140067,95,21:00.0,6,1:00,218
7662950934,U,IB,1,1,537,131285,105,39:00.0,6,21:00,218
7662954151,U,IB,1,1,3140,130842,103,54:00.0,7,20:00,218
7662954454,U,OB,1,2,798,R218191534,94,50:00.0,3,3:00,218
7662954454,U,OB,1,2,798,R218191534,94,18:00.0,2,18:00,218
7662954454,U,OB,1,2,798,R218191534,94,18:00.0,2,18:00,218
7662954546,U,IB,1,1,790,R218191522,103,02:00.0,5,21:00,218
7662954683,U,OB,1,2,4661,252293,84,38:00.0,6,18:00,218
7662954701,U,IB,1,1,240,133730,117,10:00.0,4,21:00,218
7662959853,U,OB,1,1,365,T525255364,95,13:00.0,4,21:00,218
7662959981,U,OB,1,6,1567,903811,88,46:00.0,6,20:00,218
7662964253,U,OB,1,1,109,252293,84,25:00.0,6,15:00,218
7662964601,U,IB,1,1,420,R218181347,131,32:00.0,5,19:00,218
7662964610,U,IB,1,1,299,119993,114,53:00.0,6,4:00,218
766296462X,U,IB,1,1,106,119993,114,07:00.0,6,3:00,218
766296473X,U,IB,1,2,571,559835,145,20:00.0,2,15:00,218
7662964776,U,IB,1,1,670,559835,145,40:00.0,2,15:00,218
766296770X,U,IB,1,3,1830,132790,116,02:00.0,3,21:00,218
7662967755,U,OB,1,2,1005,126600,96,24:00.0,4,18:00,218
7662968002,U,IB,1,1,1203,133730,117,21:00.0,4,22:00,218
7662968049,U,OB,1,2,779,119372,84,03:00.0,4,19:00,218
7662968058,U,IB,1,3,1633,133730,117,51:00.0,4,22:00,218
7662968103,U,IB,1,2,4605,132453,105,23:00.0,7,1:00,218
7662970395,U,IB,1,8,3210,135114,125,03:00.0,1,6:00,218
7662970404,U,IB,1,10,3600,135114,125,12:00.0,1,3:00,218
7662973264,U,IB,1,1,1180,117065,129,44:00.0,3,6:00,218
7662973659,U,IB,1,5,5800,430881,112,50:00.0,4,5:00,218
7662974263,U,OB,1,1,1544,252293,84,00:00.0,6,15:00,218
7662974272,U,OB,1,2,2843,252293,84,19:00.0,6,19:00,218
7662974914,U,OB,1,1,360,252293,84,03:00.0,6,15:00,218
7662975583,U,IB,1,2,6850,R218181347,131,09:00.0,5,19:00,218
766297562X,U,IB,1,1,1280,568035,114,04:00.0,7,4:00,218
7662975639,U,IB,1,1,1280,568035,114,58:00.0,7,3:00,218
7662977774,U,OB,1,1,1505,127603,96,39:00.0,6,4:00,218
7662977783,U,OB,1,1,1206,559443,96,27:00.0,7,19:00,218
7662978791,U,IB,1,1,567,133730,117,01:00.0,4,21:00,218
7662978838,U,IB,1,2,4745,133730,117,13:00.0,4,21:00,218
7662978856,U,IB,1,1,243,559510,112,18:00.0,4,18:00,218
766297892X,U,IB,1,1,300,R218191522,103,44:00.0,5,21:00,218
7662978939,U,IB,1,1,890,129514,127,23:00.0,4,2:00,218
7662978975,U,CTY,1,1,162,129558,212,19:00.0,6,11:00,218
7662978975,U,IB,1,1,162,129558,114,23:00.0,5,18:00,218
7662979020,U,OB,1,1,430,290149,88,41:00.0,4,0:00,218
766297903X,U,CTY,1,1,231,130752,172,27:00.0,6,8:00,218
7662979231,U,IB,1,1,290,133274,129,33:00.0,3,19:00,218
7662979287,U,OB,1,1,1610,131399,96,35:00.0,3,17:00,218
7662979296,U,CTY,1,1,131,130844,189,10:00.0,3,19:00,218
7662979314,U,IB,1,1,910,130842,103,22:00.0,7,20:00,218
7662985649,U,OB,1,1,1305,252293,84,26:00.0,6,16:00,218
7662985759,U,OB,1,1,413,131399,96,27:00.0,3,15:00,218
7662986152,U,IB,1,1,321,134545,112,43:00.0,1,4:00,218
7662986574,U,OB,1,1,120,135935,89,22:00.0,6,15:00,218
7662986583,U,OB,1,1,130,135935,89,17:00.0,6,15:00,218
7662986749,U,IB,1,1,175,133274,129,05:00.0,3,21:00,218
7662986749,U,CTY,1,1,175,133274,198,32:00.0,3,22:00,218
7662986767,U,IB,1,1,318,133274,129,07:00.0,3,22:00,218
7662986922,U,CTY,1,1,125,130752,172,40:00.0,6,8:00,218
7662986969,U,IB,1,1,1715,R211600269,123,11:00.0,6,0:00,218
7662990094,U,IB,1,1,874,133730,117,02:00.0,4,21:00,218
7662990112,U,IB,1,4,1975,122296,111,00:00.0,5,4:00,218
7662990204,U,IB,1,2,1000,135150,101,20:00.0,3,21:00,218
7662990222,U,IB,1,1,145,128880,113,15:00.0,3,21:00,218
7662991771,U,IB,1,1,560,430079,101,23:00.0,3,18:00,218
766299179X,U,IB,1,2,663,123680,114,38:00.0,3,21:00,218
7662993459,U,IB,1,4,5021,R218191534,114,14:00.0,2,22:00,218
7662993522,U,IB,1,1,555,290066,114,29:00.0,3,21:00,218
7662995520,U,IB,1,2,1603,531285,164,30:00.0,7,6:00,218
766299553X,U,OB,1,2,691,252293,84,04:00.0,6,18:00,218
7662995558,U,OB,1,1,200,252293,84,54:00.0,6,16:00,218
7662995576,U,IB,1,1,110,129558,114,01:00.0,5,19:00,218
7662996236,U,IB,1,6,8605,390044,111,10:00.0,3,12:00,218
7662996245,U,OB,1,1,646,430917,89,42:00.0,2,10:00,218
7662996272,U,IB,1,2,4085,430881,112,41:00.0,4,4:00,218
7662996328,U,IB,1,1,1629,211156,103,14:00.0,7,19:00,218
7662996382,U,OB,1,1,1640,T525255364,95,16:00.0,4,22:00,218
7662996382,U,CTY,1,1,1640,T525255364,230,20:00.0,6,2:00,218
7662996382,U,CTY,1,1,1640,T525255364,230,20:00.0,6,2:00,218
7662996400,U,IB,1,3,6122,430399,112,49:00.0,4,13:00,218
766299641X,U,IB,1,1,448,128880,113,31:00.0,3,20:00,218
766299828X,U,IB,1,1,515,125675,107,07:00.0,4,11:00,218
7662998299,U,CTY,1,1,1152,130844,189,57:00.0,3,18:00,218
7662998299,U,CTY,1,1,1152,130844,231,50:00.0,3,21:00,218
7662998409,U,IB,1,1,465,R218191522,103,20:00.0,5,18:00,218
7662999013,U,OB,1,1,650,903811,88,52:00.0,6,20:00,218
7662999096,U,OB,1,1,825,133456,84,23:00.0,1,9:00,218
7662999141,U,IB,1,1,550,135114,125,09:00.0,1,5:00,218
7663000461,U,IB,1,4,3696,127746,127,26:00.0,5,4:00,218
7663000508,U,CTY,1,4,2808,130752,172,17:00.0,6,7:00,218
7663000910,U,OB,1,2,1790,133456,84,37:00.0,1,9:00,218
7663000948,U,IB,1,1,1495,134545,112,18:00.0,1,3:00,218
7663001240,U,IB,1,1,1722,136417,101,38:00.0,4,0:00,218
7663001525,U,IB,1,4,4358,123680,114,49:00.0,3,21:00,218
7663001864,U,CTY,1,2,760,130844,189,50:00.0,3,20:00,218
7663005274,U,IB,1,1,1073,121117,104,47:00.0,3,21:00,218
7663005512,U,IB,1,1,785,390229,116,49:00.0,2,2:00,218
7663005521,U,IB,1,1,387,390229,116,10:00.0,2,0:00,218
766300554X,U,IB,1,1,140,R218192043,114,09:00.0,1,11:00,218
7663005595,U,IB,1,1,759,135159,116,19:00.0,1,3:00,218
7663005687,U,OB,1,1,148,T525255364,95,35:00.0,5,2:00,218
7663005696,U,CTY,1,5,1760,T525255364,228,01:00.0,5,4:00,218
7663009335,U,IB,1,3,5515,137862,112,57:00.0,7,22:00,218
7663009353,U,IB,1,2,6865,125638,143,00:00.0,4,15:00,218
7663009362,U,IB,1,2,3870,133274,129,06:00.0,3,19:00,218
766300939X,U,OB,1,1,455,128828,89,08:00.0,6,5:00,218
7663009409,U,IB,1,2,3520,131477,101,33:00.0,5,19:00,218
7663009481,U,OB,1,2,3513,135081,96,52:00.0,7,20:00,218
7663010563,U,OB,1,4,7240,559443,96,33:00.0,7,15:00,218
7663010655,U,IB,1,5,4485,118791,114,47:00.0,5,2:00,218
7663011095,U,OB,1,1,932,122243,89,12:00.0,6,0:00,218
7663011196,U,IB,1,1,407,132013,116,28:00.0,4,3:00,218
7663012956,U,IB,1,4,6215,123680,114,26:00.0,3,22:00,218
7663016009,U,IB,1,1,665,136417,101,42:00.0,4,0:00,218
7663016604,U,OB,1,1,250,T525255364,95,37:00.0,5,3:00,218
7663016631,U,OB,1,1,413,T525255364,95,43:00.0,5,3:00,218
7663016806,U,IB,1,1,269,124352,104,52:00.0,3,20:00,218
7663016815,U,CTY,1,1,1600,116773,187,16:00.0,5,20:00,218
7663016851,U,CTY,1,1,110,116773,187,20:00.0,5,20:00,218
7663016860,U,IB,1,1,250,290066,114,54:00.0,3,20:00,218
766301731X,U,OB,1,1,725,T525255364,95,21:00.0,4,21:00,218
7663082705,U,IB,1,3,4630,CVEN44986,103,33:00.0,7,7:00,126
7663098628,U,IB,1,1,575,CVEN46003,105,32:00.0,5,20:00,126
7663098637,U,CTY,1,2,4260,138251,197,31:00.0,5,11:00,126
7663102000,U,OB,1,1,580,127169,75,26:00.0,7,22:00,126
7663107446,U,CTY,1,3,2482,CVEN43397,197,31:00.0,7,17:00,126
7663111442,U,CTY,1,4,2810,CVEN44868,187,07:00.0,7,18:00,126
7663111718,U,OB,1,1,730,136032,90,27:00.0,3,8:00,126
7663112102,U,CTY,1,5,1680,CVEN44152,169,22:00.0,2,3:00,126
7663112827,U,CTY,1,2,2480,133807,187,53:00.0,4,11:00,126
7663117061,U,CTY,1,1,72,135608,188,50:00.0,5,19:00,126
7663117905,U,CTY,1,13,5635,137761,206,18:00.0,6,20:00,126
7663119656,U,CTY,1,1,618,HAEI23255,175,52:00.0,7,16:00,126
7663121829,U,CTY,1,4,3500,131810,175,43:00.0,3,9:00,126
7663126521,U,CTY,1,1,723,CVEN44786,168,04:00.0,1,15:00,126
7663128400,U,CTY,1,1,450,CVEN43397,197,47:00.0,7,15:00,126
766313281X,U,CTY,1,5,3500,CVEN44152,169,26:00.0,1,21:00,126
7663132957,U,OB,1,5,2435,132857,84,48:00.0,2,0:00,126
7663134066,U,IB,1,1,384,CVEN44986,103,39:00.0,7,4:00,126
7663134212,U,IB,1,2,240,CVEN46003,105,55:00.0,6,0:00,126
7663141308,U,CTY,1,4,4104,CVEN44868,187,55:00.0,7,17:00,126
7663141710,U,CTY,1,1,700,138282,169,58:00.0,2,20:00,126
7663143012,U,IB,1,4,4600,CVEN45772,103,15:00.0,6,13:00,126
7663144599,U,IB,1,12,4109,138212,151,19:00.0,3,8:00,126
7663145066,U,IB,1,1,502,CVEN44615,113,30:00.0,6,14:00,126
7663145066,U,OB,1,1,502,CVEN44615,98,33:00.0,6,14:00,126
766315679X,U,CTY,1,1,471,139814,168,54:00.0,5,1:00,126
7663158742,U,CTY,1,3,9408,202259,218,32:00.0,7,16:00,126
7663158742,U,IB,1,3,9408,202259,143,48:00.0,7,6:00,126
7663195098,U,IB,1,1,238,135329,163,52:00.0,2,1:00,126
7663195208,U,CTY,1,1,48,138251,197,53:00.0,5,13:00,126
7663196656,U,IB,1,1,128,CVEN44339,112,41:00.0,5,16:00,126
7663197857,U,IB,1,6,2564,CVEN44339,112,59:00.0,5,17:00,126
7663199406,U,IB,1,5,3635,CVEN46003,105,07:00.0,5,20:00,126
7663203595,U,CTY,1,1,179,CVEN44868,187,40:00.0,7,18:00,126
7663204659,U,CTY,1,1,385,CVEN44786,168,43:00.0,1,21:00,126
7663205510,U,CTY,1,2,388,133807,187,45:00.0,4,5:00,126
7663206473,U,OB,1,1,170,139881,39,10:00.0,3,0:00,126
7663209975,U,OB,1,3,2915,CVEN44129,95,45:00.0,6,22:00,126
7663210240,U,CTY,1,1,1200,CVEN46008,173,17:00.0,7,7:00,126
7663225200,U,IB,1,1,550,CVEN45559,151,08:00.0,6,2:00,126
7663230729,U,CTY,1,1,1115,135608,188,22:00.0,5,19:00,126
7663231719,U,IB,1,2,2083,134073,163,24:00.0,3,20:00,126
7663235468,U,CTY,1,2,3600,127847,192,12:00.0,3,4:00,126
7663297571,U,OB,1,1,175,139511,40,34:00.0,7,4:00,615
7663297627,U,OB,1,1,274,131843,39,51:00.0,5,15:00,615
7663297737,U,OB,1,1,191,130927,31,42:00.0,5,13:00,615
7663297737,U,CTY,1,1,191,130927,O   ,03:00.0,5,22:00,615
7663327170,U,IB,1,1,1460,126729,135,49:00.0,4,14:00,216
7663327208,U,IB,1,5,4132,139612,111,45:00.0,5,9:00,216
7663327244,U,IB,1,1,1275,558899,135,29:00.0,7,0:00,216
7663327309,U,IB,1,1,1195,430356,149,49:00.0,5,14:00,216
7663327318,U,IB,1,2,2760,119446,103,50:00.0,5,18:00,216
7663376423,U,OB,1,6,1814,125969,46,37:00.0,7,4:00,551
766337646X,U,OB,1,1,152,127054,89,53:00.0,1,15:00,551
7663377523,U,IB,1,2,2486,290036,163,16:00.0,7,11:00,551
7663381016,U,IB,1,1,1073,132073,112,58:00.0,6,22:00,551
7663383160,U,OB,1,8,9195,127054,89,35:00.0,1,18:00,551
7663387414,U,CTY,1,1,2615,290603,235,42:00.0,6,18:00,551
7663387414,U,CTY,1,1,2615,290603,235,42:00.0,6,18:00,551
7663387497,U,OB,1,1,7710,140074,89,37:00.0,5,3:00,551
7663392052,U,IB,1,1,754,134122,151,20:00.0,6,6:00,551
7663392400,U,IB,1,1,100,132073,112,10:00.0,6,22:00,551
7663392602,U,OB,1,1,548,140074,89,14:00.0,5,6:00,551
766339274X,U,IB,1,1,124,290036,163,23:00.0,7,9:00,551
7663393107,U,CTY,1,1,222,290603,195,15:00.0,6,18:00,551
7663393125,U,CTY,1,1,350,132337,187,17:00.0,4,1:00,551
7663393812,U,IB,1,6,10334,132073,112,06:00.0,6,21:00,551
766345775X,U,CTY,1,4,3080,PASC33311,173,52:00.0,5,8:00,309
7663457998,U,CTY,1,1,120,135165,189,14:00.0,5,21:00,309
7663458263,U,CTY,1,1,700,132650,196,58:00.0,6,15:00,123
7663466798,U,CTY,1,1,1900,PASC634534,N21 ,21:00.0,1,7:00,309
7663466798,U,CTY,1,1,1900,PASC634534,172,53:00.0,1,3:00,309
7663471811,U,CTY,1,1,100,PASC175379,188,56:00.0,5,6:00,309
7663471903,U,CTY,1,1,100,PASC175379,188,50:00.0,5,7:00,309
7663471921,U,CTY,1,1,100,PASC175379,188,44:00.0,5,6:00,309
7663471930,U,CTY,1,1,100,PASC175379,188,28:00.0,5,3:00,309
766347194X,U,CTY,1,1,100,PASC175379,188,56:00.0,5,7:00,309
7663471959,U,CTY,1,1,100,138999,187,13:00.0,5,11:00,309
7663471968,U,CTY,1,1,100,PASC175379,188,40:00.0,5,4:00,309
7663471977,U,CTY,1,1,100,PASC175379,188,43:00.0,5,7:00,309
7663472078,U,CTY,1,1,95,PASC634534,197,27:00.0,1,5:00,309
7663472123,U,CTY,1,1,95,126138,169,34:00.0,7,15:00,309
7663483509,U,CTY,1,1,208,138232,187,09:00.0,5,17:00,309
7663493555,U,CTY,1,1,310,560074,175,28:00.0,1,19:00,309
7663494783,U,CTY,1,9,4250,PASC634534,176,50:00.0,1,19:00,309
7663498514,U,CTY,1,4,5185,PASC533243,173,13:00.0,4,10:00,309
7663498707,U,IB,1,3,5640,127775,151,45:00.0,1,21:00,309
7663498770,U,CTY,1,3,6760,PASC33311,187,44:00.0,4,6:00,309
7663499816,U,CTY,1,1,327,PASC634534,172,11:00.0,1,9:00,309
7663500687,U,CTY,1,1,145,PASC533243,173,37:00.0,6,9:00,309
7663501924,U,IB,1,1,160,135624,141,55:00.0,4,9:00,309
7663505958,U,CTY,1,1,270,PASC634534,176,15:00.0,1,14:00,309
7663506526,U,IB,1,1,1372,261088,149,01:00.0,5,8:00,309
7663509047,U,CTY,1,1,575,PASC33311,187,13:00.0,4,4:00,309
7663511788,U,IB,1,1,798,PASC33311,145,02:00.0,4,11:00,309
7663511943,U,CTY,1,2,1615,138882,187,36:00.0,7,6:00,309
7663513070,U,CTY,1,1,776,290977,197,40:00.0,3,13:00,309
7663514693,U,CTY,1,4,8250,PASC175379,175,43:00.0,5,7:00,309
7663515811,U,CTY,1,3,6589,134377,196,08:00.0,5,2:00,309
7663520853,U,CTY,1,1,250,131175,196,25:00.0,1,2:00,309
7663525419,U,CTY,1,1,298,135508,175,36:00.0,1,4:00,309
7663525419,U,CTY,1,1,298,135508,233,00:00.0,1,21:00,309
7663528609,U,CTY,1,2,405,PASC634013,195,16:00.0,6,14:00,309
7663528764,U,CTY,1,1,110,PASC533243,173,26:00.0,4,9:00,309
7663530661,U,IB,1,1,2200,126998,143,33:00.0,5,19:00,309
766353673X,U,CTY,1,1,400,PASC634534,172,17:00.0,1,6:00,309
7663537198,U,CTY,1,3,250,PASC33311,173,17:00.0,5,7:00,309
766353750X,U,CTY,1,2,455,PASC634013,175,31:00.0,7,20:00,309
7663537582,U,CTY,1,2,944,PASC175379,175,30:00.0,5,6:00,309
7663537710,U,CTY,1,4,1736,560074,175,48:00.0,1,17:00,309
7663540709,U,CTY,1,1,290,130754,168,18:00.0,5,4:00,309
7663542056,U,CTY,1,1,1360,PASC533243,168,56:00.0,7,5:00,309
7663543385,U,CTY,1,4,2526,PASC634534,172,37:00.0,1,8:00,309
7663563661,U,IB,1,8,1736,PASC33311,145,07:00.0,4,10:00,309
7663567255,U,IB,1,2,376,PASC33311,145,49:00.0,4,10:00,309
7663585001,U,CTY,1,1,1101,125814,172,04:00.0,6,0:00,309
7663658986,U,CTY,1,2,944,PASC175379,188,25:00.0,5,7:00,309
7663660196,U,CTY,1,1,170,PASC634534,197,22:00.0,1,10:00,309
7663660773,U,CTY,1,1,2005,T730211733,174,09:00.0,7,4:00,309
7663660773,U,CTY,1,1,2005,T730211733,191,03:00.0,7,18:00,309
7663660782,U,CTY,1,1,2005,T730211733,174,06:00.0,7,5:00,309
7663661094,U,CTY,1,2,1055,PASC175379,188,48:00.0,5,3:00,309
7663662268,U,CTY,1,2,365,126164,210,51:00.0,6,12:00,309
7663669362,U,IB,1,3,921,PASC33311,145,18:00.0,4,10:00,309
7663669409,U,CTY,1,1,133,PASC533243,173,28:00.0,6,9:00,309
7663669436,U,CTY,1,1,349,PASC175379,188,51:00.0,7,12:00,309
7663671059,U,CTY,1,1,300,132756,189,54:00.0,7,20:00,318
7663676265,U,CTY,1,9,4250,T730211715,169,45:00.0,2,0:00,309
7663677621,U,CTY,1,1,1085,124347,175,52:00.0,5,3:00,309
7663681664,U,CTY,1,1,240,PASC175379,188,26:00.0,7,15:00,309
7663683011,U,IB,1,4,8989,126091,141,53:00.0,1,11:00,309
7663683067,U,CTY,1,5,10290,PASC634534,176,09:00.0,1,16:00,309
7663683112,U,CTY,1,1,785,PASC634013,195,38:00.0,6,7:00,309
7663683837,U,CTY,1,1,390,135119,188,40:00.0,1,10:00,309
7663683882,U,CTY,1,1,1460,PASC33311,177,13:00.0,4,6:00,309
7663683882,U,CTY,1,1,1460,PASC33311,187,49:00.0,4,5:00,309
7663684277,U,CTY,1,1,840,PASC634534,197,01:00.0,1,7:00,309
7663684937,U,CTY,1,1,2420,PASC175379,188,15:00.0,5,9:00,309
7663691216,U,CTY,1,1,550,PASC175379,223,05:00.0,6,12:00,309
7663691216,U,CTY,1,1,550,PASC175379,192,55:00.0,6,6:00,309
7663692554,U,CTY,1,1,100,T730211733,174,27:00.0,7,0:00,309
7663692572,U,CTY,1,1,100,T730211733,174,22:00.0,7,0:00,309
7663692700,U,CTY,1,1,100,T730211733,174,14:00.0,7,3:00,309
7663702849,U,CTY,1,1,752,131175,196,33:00.0,1,0:00,309
7663702876,U,CTY,1,1,544,131175,196,36:00.0,1,0:00,309
7663704829,U,CTY,1,1,1123,PASC533243,173,37:00.0,4,10:00,309
7663705085,U,IB,1,1,550,135624,141,38:00.0,4,10:00,309
7663705269,U,CTY,1,1,3205,125161,195,43:00.0,5,18:00,309
766370767X,U,CTY,1,1,225,PASC533243,173,36:00.0,4,7:00,309
7663710172,U,CTY,1,1,2105,PASC634013,231,27:00.0,2,19:00,309
7663710172,U,CTY,1,1,2105,PASC634013,207,05:00.0,3,4:00,309
7663710181,U,CTY,1,1,2105,PASC634013,207,05:00.0,3,4:00,309
7663710181,U,CTY,1,1,2105,PASC634013,231,27:00.0,2,19:00,309
7663716076,U,CTY,1,1,250,PASC175379,188,38:00.0,5,4:00,309
7663717441,U,CTY,1,1,1605,126138,169,46:00.0,7,15:00,309
766372021X,U,CTY,1,1,85,135165,189,11:00.0,5,21:00,309
7663720851,U,CTY,1,1,125,PASC175379,175,47:00.0,5,6:00,309
7663720925,U,CTY,1,1,530,125814,172,20:00.0,6,0:00,309
7663731815,U,CTY,1,2,5838,PASC175379,175,49:00.0,5,6:00,309
7663732163,U,CTY,1,1,1180,PASC634534,197,57:00.0,1,9:00,309
7663744052,U,CTY,1,1,5,PASC533243,173,04:00.0,4,11:00,309
7663744061,U,CTY,1,1,513,PASC533243,173,02:00.0,4,11:00,309
7663749058,U,CTY,1,1,625,PASC33311,173,19:00.0,5,8:00,309
7663749269,U,CTY,1,1,470,PASC634534,176,15:00.0,1,14:00,309
7663749709,U,CTY,1,1,330,PASC33311,187,15:00.0,4,5:00,309
7663749718,U,CTY,1,1,490,PASC33311,187,11:00.0,4,5:00,309
7663749992,U,CTY,1,1,680,PASC175379,175,03:00.0,5,8:00,309
7663800592,U,CTY,1,1,228,130754,168,12:00.0,5,4:00,309
7663800693,U,IB,1,1,290,PASC634516,151,51:00.0,7,10:00,309
7663801079,U,CTY,1,2,580,261400,187,58:00.0,5,16:00,303
7663801216,U,IB,1,2,580,136940,111,15:00.0,4,21:00,303
766381613X,U,CTY,1,1,30,125630,197,52:00.0,7,6:00,309
7663816158,U,CTY,1,1,212,125630,197,45:00.0,7,6:00,309
7663819669,U,CTY,1,2,560,PASC33311,187,54:00.0,4,6:00,309
7663822830,U,IB,1,1,2390,PASC634516,151,14:00.0,7,11:00,309
7663823041,U,IB,1,1,710,PASC634013,143,46:00.0,5,13:00,309
766382306X,U,IB,1,1,350,PASC634013,143,44:00.0,5,13:00,309
7663823097,U,IB,1,1,1000,PASC634013,143,56:00.0,5,13:00,309
7663826561,U,CTY,1,1,301,PASC634534,187,15:00.0,1,20:00,309
7663826599,U,CTY,1,4,2967,PASC634534,210,55:00.0,3,5:00,309
7663826599,U,CTY,1,4,2967,PASC634534,187,54:00.0,1,21:00,309
7663828000,U,CTY,1,4,2947,PASC634534,176,15:00.0,1,18:00,309
7663828550,U,CTY,1,1,207,PASC533243,168,25:00.0,7,7:00,309
7663833419,U,CTY,1,1,716,134377,196,16:00.0,5,3:00,309
7663833565,U,CTY,1,4,10402,126138,169,10:00.0,7,16:00,309
7663833675,U,IB,1,1,493,PASC33311,145,47:00.0,4,10:00,309
7663833684,U,IB,1,1,1315,PASC33311,145,48:00.0,4,10:00,309
7663836782,U,CTY,1,1,154,136178,188,48:00.0,5,22:00,309
7663836910,U,IB,1,2,228,PASC634516,151,58:00.0,7,14:00,309
7663836975,U,IB,1,1,884,PASC634516,151,44:00.0,7,14:00,309
7663840569,U,CTY,1,5,10386,121434,174,14:00.0,5,19:00,309
7663840798,U,IB,1,4,8774,PASC33311,145,41:00.0,4,8:00,309
7663840807,U,CTY,1,4,8484,138955,196,54:00.0,3,22:00,309
7663841054,U,CTY,1,2,186,252131,189,55:00.0,3,15:00,309
7663841063,U,IB,1,2,761,PASC33311,145,43:00.0,4,14:00,309
7663841164,U,IB,1,1,185,PASC33311,145,49:00.0,4,14:00,309
7663845088,U,IB,1,1,173,126998,143,00:00.0,5,20:00,309
7663845252,U,CTY,1,2,1065,PASC175379,175,50:00.0,5,10:00,309
7663845317,U,CTY,1,1,550,135508,181,48:00.0,1,6:00,309
7663845317,U,CTY,1,1,550,135508,181,48:00.0,1,6:00,309
7663845380,U,CTY,1,1,155,127739,197,02:00.0,4,13:00,309
7663845427,U,IB,1,2,384,125848,151,00:00.0,5,10:00,309
7663845481,U,IB,1,2,272,125848,151,04:00.0,5,8:00,309
7663845564,U,CTY,1,1,136,PASC634013,195,27:00.0,6,14:00,309
7663845793,U,CTY,1,4,971,PASC533243,168,33:00.0,7,4:00,309
7663846866,U,CTY,1,1,40,140147,175,42:00.0,6,22:00,857
7663846967,U,CTY,1,1,139,137526,175,49:00.0,7,22:00,857
7663871836,U,IB,1,1,542,128506,158,44:00.0,6,21:00,251
7663880187,U,OB,1,2,2349,123993,90,56:00.0,6,10:00,251
7663882378,U,IB,1,1,2700,127570,152,21:00.0,5,1:00,251
7663882378,U,CTY,1,1,2700,127570,209,56:00.0,3,13:00,251
7663885036,U,IB,1,5,1844,128506,158,14:00.0,6,22:00,251
7663886888,U,CTY,1,2,1220,290367,169,13:00.0,6,19:00,251
7663886951,U,IB,1,2,1678,135730,145,13:00.0,3,22:00,251
7663886960,U,CTY,1,1,845,131972,169,54:00.0,4,19:00,251
7663887016,U,IB,1,1,164,127570,152,26:00.0,4,23:00,251
7663887768,U,IB,1,1,420,121528,123,49:00.0,5,3:00,251
7663896164,U,CTY,1,1,180,125939,174,04:00.0,5,21:00,251
7663898016,U,CTY,1,1,2144,130815,172,19:00.0,2,6:00,251
7663900362,U,CTY,1,1,222,125939,174,08:00.0,5,22:00,251
766390039X,U,CTY,1,1,278,125939,174,38:00.0,5,21:00,251
7663900418,U,CTY,1,1,450,130815,172,39:00.0,2,9:00,251
7663900436,U,CTY,1,1,123,130815,172,26:00.0,2,9:00,251
7663900683,U,CTY,1,1,278,130815,172,22:00.0,2,6:00,251
7663900912,U,IB,1,2,1335,134151,151,00:00.0,6,23:00,251
7663902535,U,IB,1,1,474,128506,158,50:00.0,6,20:00,251
7663902544,U,IB,1,1,185,139442,152,08:00.0,6,21:00,251
7663902562,U,IB,1,1,564,128506,158,44:00.0,6,20:00,251
7663902764,U,CTY,1,1,904,125775,194,22:00.0,2,0:00,251
766390336X,U,CTY,1,2,6487,135708,169,53:00.0,6,6:00,251
7663903397,U,IB,1,4,2420,134043,123,03:00.0,2,22:00,251
7663903433,U,IB,1,3,3051,139010,145,46:00.0,3,21:00,251
7663903442,U,IB,1,2,4544,139010,145,59:00.0,3,20:00,251
7663903451,U,IB,1,1,300,138120,152,47:00.0,4,13:00,251
7663903460,U,IB,1,2,3456,139010,145,48:00.0,3,21:00,251
7663904973,U,CTY,1,1,433,137463,195,51:00.0,4,6:00,251
766390512X,U,IB,1,2,1116,136818,158,02:00.0,7,2:00,251
7663905633,U,OB,1,1,462,123993,90,55:00.0,6,11:00,251
7663905660,U,IB,1,1,200,139442,152,39:00.0,6,21:00,251
7663906477,U,IB,1,1,668,134043,123,31:00.0,2,22:00,251
7663907339,U,IB,1,2,5022,134043,123,09:00.0,3,0:00,251
7663908219,U,IB,1,1,1570,131478,143,21:00.0,6,4:00,251
7663909474,U,IB,1,1,535,135145,135,07:00.0,1,4:00,251
7663910098,U,CTY,1,2,2128,290367,169,28:00.0,6,20:00,251
7663910464,U,IB,1,2,1746,131478,143,04:00.0,6,9:00,251
7663911371,U,IB,1,1,425,136818,158,00:00.0,7,1:00,251
7663911481,U,CTY,1,1,501,124069,175,13:00.0,6,21:00,251
7663911564,U,IB,1,1,250,135145,135,45:00.0,1,3:00,251
7663911784,U,CTY,1,1,350,125939,174,46:00.0,5,19:00,251
7663912370,U,IB,1,1,355,125583,110,41:00.0,3,0:00,251
7663912370,U,IB,1,1,355,125583,149,39:00.0,3,0:00,251
7663912417,U,IB,1,1,595,134151,151,22:00.0,6,22:00,251
7663915670,U,IB,1,1,155,135730,145,05:00.0,4,0:00,251
7663915753,U,CTY,1,1,206,125939,174,17:00.0,5,21:00,251
766391590X,U,IB,1,1,265,131478,143,21:00.0,6,3:00,251
7663916532,U,IB,1,1,363,137198,133,24:00.0,3,18:00,251
7663918833,U,CTY,1,2,690,290301,194,03:00.0,2,7:00,251
7663918961,U,CTY,1,2,795,128129,169,36:00.0,4,9:00,251
7663919558,U,CTY,1,2,1195,125939,174,16:00.0,5,22:00,251
7663919769,U,IB,1,3,1128,121528,123,18:00.0,5,1:00,251
7663919796,U,IB,1,9,7500,136818,158,17:00.0,7,2:00,251
766391986X,U,IB,1,1,2775,139010,145,16:00.0,3,21:00,251
7663919888,U,IB,1,6,3550,138120,152,04:00.0,4,13:00,251
7663982184,U,CTY,1,2,170,R621533729,237,43:00.0,3,0:00,402
7663982752,U,CTY,1,1,80,126511,188,36:00.0,4,17:00,402
7663982761,U,CTY,1,2,59,126511,188,13:00.0,4,15:00,402
7663982808,U,CTY,1,1,149,126511,188,25:00.0,4,15:00,402
7663982871,U,CTY,1,1,47,126511,188,39:00.0,4,17:00,402
766398289X,U,CTY,1,1,80,126511,188,28:00.0,4,15:00,402
7663982963,U,OB,1,50,1025,135994,22,06:00.0,1,0:00,402
7663983129,U,CTY,1,1,54,261094,235,13:00.0,3,22:00,402
7663983129,U,OB,1,1,54,261094,60,52:00.0,6,15:00,402
7663983248,U,OB,1,3,575,290056,76,51:00.0,4,1:00,402
7663983302,U,OB,1,3,30,290056,76,53:00.0,4,1:00,402
7663983320,U,OB,1,1,97,136550,17,34:00.0,3,10:00,402
7663983349,U,OB,1,1,205,128751,32,55:00.0,3,11:00,402
7663983358,U,OB,1,1,279,128751,32,22:00.0,3,12:00,402
7663983486,U,CTY,1,1,33,134389,187,20:00.0,5,16:00,402
7663983650,U,OB,1,3,55,124473,58,38:00.0,5,18:00,402
7663983843,U,CTY,1,1,1850,139670,189,10:00.0,7,21:00,402
7663983980,U,OB,1,1,17,133819,58,53:00.0,7,20:00,402
7663984128,U,OB,1,2,16,124272,73,32:00.0,3,18:00,402
7663984310,U,OB,1,1,13,123460,58,28:00.0,6,3:00,402
7663984503,U,OB,1,1,104,123460,58,34:00.0,6,4:00,402
766398454X,U,IB,1,2,208,125262,150,10:00.0,5,16:00,402
7663984568,U,OB,1,1,16,123460,58,18:00.0,6,8:00,402
7663984788,U,OB,1,2,26,123460,58,22:00.0,6,5:00,402
7663984797,U,OB,1,6,162,123460,58,52:00.0,6,4:00,402
7663984898,U,IB,1,1,13,278078,149,37:00.0,5,6:00,402
7663985109,U,CTY,1,7,163,127068,173,12:00.0,7,11:00,402
7663985118,U,OB,1,1,149,134221,76,30:00.0,7,3:00,402
7663985145,U,CTY,1,1,50,127068,237,31:00.0,2,11:00,402
7663985145,U,CTY,1,1,50,127068,173,08:00.0,7,11:00,402
7663985668,U,OB,1,5,85,133016,39,30:00.0,3,3:00,402
7663985823,U,IB,1,1,215,431022,103,22:00.0,3,18:00,402
7663985850,U,IB,1,1,39,431022,103,01:00.0,4,1:00,402
766398586X,U,IB,1,1,167,431022,103,12:00.0,3,18:00,402
7663985897,U,IB,1,21,1080,431022,103,35:00.0,3,21:00,402
7663986043,U,OB,1,2,9,131130,46,15:00.0,4,16:00,402
7663986162,U,OB,1,1,50,131130,46,15:00.0,4,16:00,402
7663986272,U,OB,1,2,42,131130,46,15:00.0,4,16:00,402
7663986319,U,OB,1,1,49,138115,73,25:00.0,5,4:00,402
7663986465,U,OB,1,1,1,211022,58,07:00.0,6,11:00,402
7663986575,U,OB,1,10,550,127322,66,29:00.0,6,16:00,402
7663986611,U,IB,1,2,22,125003,113,07:00.0,6,6:00,402
7663986703,U,IB,1,2,15,125003,113,07:00.0,6,6:00,402
7663986703,U,CTY,1,2,15,125003,207,08:00.0,6,6:00,402
766398685X,U,IB,1,1,17,125003,113,33:00.0,6,5:00,402
7663987161,U,OB,1,1,88,560490,72,32:00.0,7,7:00,402
7663987390,U,IB,1,1,104,140003,135,30:00.0,7,13:00,402
7663987446,U,OB,1,1,17,560490,72,36:00.0,7,8:00,402
7664041721,U,CTY,1,8,5675,132400,189,21:00.0,7,16:00,140
7664042098,U,OB,1,1,812,138444,87,43:00.0,1,21:00,140
7664052456,U,CTY,1,1,45,132400,189,28:00.0,7,15:00,140
7664066123,U,CTY,1,1,820,290757,197,46:00.0,7,6:00,140
7664066188,U,IB,1,2,1025,128150,135,50:00.0,2,19:00,140
7664075482,U,OB,1,1,2550,128515,40,41:00.0,3,3:00,433
7664075491,U,OB,1,9,2158,128515,40,43:00.0,3,2:00,433
7664075500,U,OB,1,9,570,121751,43,35:00.0,3,19:00,433
7664082138,U,IB,1,1,295,128150,135,27:00.0,2,21:00,140
7664088453,U,IB,1,1,315,137723,143,21:00.0,1,1:00,140
7664093807,U,OB,1,1,1250,130815,86,46:00.0,4,2:00,435
766409388X,U,OB,1,4,2585,353204,72,29:00.0,7,14:00,435
7664093908,U,IB,1,2,250,123824,113,01:00.0,6,21:00,435
7664094238,U,OB,1,1,1430,130990,60,36:00.0,3,0:00,435
7664094256,U,OB,1,1,375,130990,60,20:00.0,3,0:00,435
7664095026,U,OB,1,2,1211,261071,86,35:00.0,4,15:00,435
7664095044,U,OB,1,4,3490,129653,51,14:00.0,7,11:00,435
7664095053,U,OB,1,1,350,291096,53,40:00.0,5,9:00,435
7664095062,U,OB,1,1,200,291096,53,25:00.0,5,10:00,435
766409509X,U,OB,1,15,360,430167,75,31:00.0,6,6:00,435
7664095118,U,OB,1,1,520,129653,51,18:00.0,7,11:00,435
7664095704,U,IB,1,1,62,128065,129,08:00.0,3,4:00,435
7664098243,U,IB,1,1,410,136017,103,28:00.0,4,2:00,435
7664098252,U,IB,1,1,1200,136017,103,02:00.0,4,3:00,435
7664098353,U,OB,1,2,4067,130815,86,02:00.0,4,3:00,435
766409839X,U,OB,1,8,11205,124163,38,09:00.0,6,10:00,435
7664098427,U,IB,1,1,2542,903489,164,31:00.0,6,20:00,435
7664098436,U,IB,1,1,2624,903489,164,53:00.0,6,19:00,435
7664098445,U,OB,1,4,1806,124163,38,16:00.0,6,11:00,435
7664098445,U,OB,1,4,1806,124163,79,58:00.0,6,22:00,435
7664098490,U,OB,1,1,190,138970,52,23:00.0,3,2:00,435
766409850X,U,OB,1,1,490,211354,84,37:00.0,3,10:00,435
7664098582,U,OB,1,3,745,431154,69,11:00.0,5,9:00,435
7664098591,U,OB,1,3,1515,431154,69,25:00.0,5,9:00,435
7664098647,U,IB,1,84,1080,531258,123,02:00.0,5,14:00,435
7664098656,U,IB,1,1,455,531258,123,23:00.0,5,11:00,435
7664098674,U,OB,1,2,2839,278700,17,07:00.0,1,16:00,435
7664098692,U,IB,1,1,446,531258,123,18:00.0,5,14:00,435
7664098710,U,IB,1,18,505,531258,123,49:00.0,5,12:00,435
766409872X,U,IB,1,10,286,531258,123,04:00.0,5,13:00,435
7664101177,U,OB,1,2,1715,127379,72,43:00.0,3,5:00,435
7664101204,U,OB,1,4,2600,430574,50,42:00.0,5,12:00,435
7664101213,U,OB,1,2,1300,430574,50,39:00.0,5,11:00,435
7664101644,U,OB,1,2,1685,127379,72,39:00.0,3,5:00,435
7664101653,U,OB,1,2,1665,129596,51,29:00.0,5,4:00,435
7664101662,U,IB,1,2,1760,123084,111,19:00.0,5,10:00,435
7664101709,U,IB,1,2,1300,560345,101,07:00.0,5,16:00,435
7664101718,U,IB,1,2,1675,560345,101,20:00.0,5,16:00,435
7664101727,U,IB,1,2,1300,431218,114,09:00.0,7,22:00,435
7664101745,U,IB,1,2,1300,123843,150,48:00.0,5,12:00,435
7664101754,U,IB,1,2,1300,45318,111,08:00.0,5,21:00,435
7664103285,U,OB,1,3,803,134359,53,44:00.0,5,3:00,435
7664103303,U,IB,1,1,452,125857,113,37:00.0,6,7:00,435
7664103321,U,IB,1,1,411,132598,101,08:00.0,7,11:00,435
7664103330,U,OB,1,3,1230,133564,51,55:00.0,7,12:00,435
766410334X,U,OB,1,1,260,133564,51,41:00.0,7,12:00,435
7664103359,U,IB,1,8,1455,430909,113,49:00.0,3,16:00,435
7664103377,U,IB,1,6,2220,431144,103,58:00.0,5,17:00,435
7664103386,U,IB,1,3,650,431144,103,07:00.0,5,18:00,435
7664103395,U,IB,1,14,4058,431144,103,01:00.0,5,19:00,435
7664103496,U,OB,1,3,1172,138970,52,54:00.0,3,2:00,435
7664103523,U,IB,1,7,1864,128065,129,59:00.0,3,4:00,435
7664103541,U,IB,1,8,1486,531258,123,32:00.0,5,15:00,435
7664103550,U,IB,1,4,808,560345,101,14:00.0,5,14:00,435
766410356X,U,IB,1,2,541,560345,101,39:00.0,5,13:00,435
7664103642,U,IB,1,2,730,430528,105,08:00.0,6,20:00,435
7664104944,U,IB,1,2,354,138855,125,18:00.0,1,11:00,435
7664104962,U,IB,1,1,446,140219,117,28:00.0,1,4:00,435
7664104971,U,OB,1,9,3955,138855,63,24:00.0,1,15:00,435
7664107272,U,IB,1,1,915,136396,112,34:00.0,7,13:00,435
7664107510,U,OB,1,1,270,139872,51,20:00.0,5,3:00,435
7664107768,U,OB,1,1,295,138970,52,07:00.0,3,3:00,435
7664107804,U,OB,1,1,1645,140163,58,09:00.0,3,13:00,435
7664107840,U,IB,1,1,645,560345,101,47:00.0,5,14:00,435
7664107878,U,IB,1,1,285,132666,129,00:00.0,3,13:00,435
766410796X,U,OB,1,2,435,134377,63,19:00.0,7,13:00,435
7664107988,U,OB,1,1,275,128210,95,17:00.0,5,1:00,435
7664108006,U,IB,1,1,270,430528,105,02:00.0,6,16:00,435
7664108015,U,OB,1,1,135,133252,96,18:00.0,6,3:00,435
7664108033,U,OB,1,1,405,126615,26,05:00.0,1,11:00,435
7664108051,U,OB,1,1,455,126615,26,59:00.0,1,10:00,435
7664108060,U,OB,1,1,315,126615,79,18:00.0,1,12:00,435
7664108060,U,OB,1,1,315,126615,26,51:00.0,1,10:00,435
7664108089,U,IB,1,1,430,430909,113,38:00.0,3,14:00,435
7664108125,U,IB,1,1,120,131229,157,46:00.0,3,6:00,435
7664108125,U,OB,1,1,120,131229,69,00:00.0,3,2:00,435
7664108143,U,OB,1,1,900,45318,79,31:00.0,6,2:00,435
7664108152,U,OB,1,1,165,123631,86,58:00.0,4,6:00,435
7664108161,U,OB,1,3,2145,123631,86,46:00.0,4,7:00,435
7664108208,U,IB,1,2,990,139878,117,22:00.0,5,23:00,435
7664108244,U,OB,1,2,1175,136198,32,29:00.0,3,13:00,435
7664108253,U,OB,1,1,370,211354,84,12:00.0,3,10:00,435
7664108336,U,IB,1,1,165,140219,117,21:00.0,1,3:00,435
7664108345,U,IB,1,1,1290,138855,125,47:00.0,1,12:00,435
7664108354,U,IB,1,1,525,140219,117,46:00.0,1,3:00,435
7664108372,U,IB,1,1,140,140219,117,52:00.0,1,3:00,435
7664108381,U,OB,1,1,230,132963,95,30:00.0,3,4:00,435
7664108390,U,OB,1,1,500,132963,95,51:00.0,3,4:00,435
7664108446,U,IB,1,2,135,136017,154,51:00.0,4,2:00,435
7664108446,U,IB,1,2,135,136017,103,50:00.0,4,2:00,435
7664108455,U,IB,1,1,340,136017,103,45:00.0,4,2:00,435
7664108464,U,IB,1,2,595,127738,105,00:00.0,5,10:00,435
7664108491,U,IB,1,1,565,127738,105,00:00.0,5,11:00,435
7664108830,U,IB,1,1,1385,531258,123,18:00.0,5,13:00,435
766410884X,U,IB,1,1,465,560345,101,34:00.0,5,15:00,435
7664108877,U,IB,1,1,420,531258,156,10:00.0,5,13:00,435
7664108877,U,IB,1,1,420,531258,123,36:00.0,5,11:00,435
766410895X,U,IB,1,1,920,431218,114,43:00.0,7,18:00,435
7664108978,U,IB,1,2,3920,431218,114,13:00.0,7,20:00,435
7664108987,U,OB,1,1,345,116780,96,46:00.0,3,10:00,435
7664108996,U,IB,1,1,590,132666,129,14:00.0,3,15:00,435
7664109005,U,OB,1,3,1285,45318,79,10:00.0,6,2:00,435
7664109299,U,OB,1,2,4130,134832,89,51:00.0,5,11:00,435
7664109308,U,IB,1,2,320,531258,123,58:00.0,5,12:00,435
7664110260,U,IB,1,48,608,531258,123,58:00.0,5,14:00,435
766411027X,U,IB,1,28,816,531258,123,44:00.0,5,11:00,435
7664110298,U,IB,1,7,203,560345,101,48:00.0,5,15:00,435
7664110307,U,IB,1,1,240,560345,101,51:00.0,5,15:00,435
7664110325,U,IB,1,1,906,531258,123,09:00.0,5,15:00,435
7664110334,U,IB,1,2,903,531258,123,20:00.0,5,15:00,435
7664110343,U,IB,1,1,452,531258,123,07:00.0,5,14:00,435
7664110352,U,IB,1,9,1552,531258,123,11:00.0,5,15:00,435
7664110370,U,IB,1,12,1727,531258,123,14:00.0,5,12:00,435
7664110417,U,OB,1,1,1230,431154,69,50:00.0,5,9:00,435
7664110426,U,IB,1,1,452,560345,101,48:00.0,5,10:00,435
7664110435,U,OB,1,1,636,138705,89,42:00.0,6,9:00,435
7664110471,U,OB,1,1,917,138705,89,28:00.0,6,7:00,435
7664110471,U,IB,1,1,917,138705,153,29:00.0,6,7:00,435
7664110480,U,IB,1,1,452,560345,101,56:00.0,5,10:00,435
766411049X,U,OB,1,1,917,431154,69,59:00.0,5,8:00,435
7664110509,U,IB,1,1,903,560345,101,13:00.0,5,15:00,435
7664118611,U,IB,1,3,135,127289,103,20:00.0,6,19:00,435
7664118620,U,IB,1,1,175,127289,103,30:00.0,6,19:00,435
766411863X,U,IB,1,1,255,127289,103,53:00.0,6,19:00,435
7664118667,U,IB,1,3,690,122820,117,35:00.0,7,12:00,435
7664118676,U,OB,1,1,295,133317,90,06:00.0,7,20:00,435
7664118703,U,CTY,1,2,265,122820,R3  ,28:00.0,1,21:00,435
7664118703,U,OB,1,2,265,122820,81,41:00.0,7,13:00,435
7664118703,U,IB,1,2,265,122820,117,25:00.0,7,12:00,435
7664118712,U,OB,1,1,650,131551,95,23:00.0,7,7:00,435
7664118730,U,OB,1,1,465,133317,90,14:00.0,7,20:00,435
766411874X,U,OB,1,3,2050,133317,90,36:00.0,7,20:00,435
7664121655,U,OB,1,1,880,132977,38,42:00.0,5,10:00,435
7664121673,U,OB,1,2,2900,138592,58,46:00.0,7,8:00,435
7664121729,U,OB,1,1,180,124248,32,21:00.0,6,6:00,435
7664121747,U,OB,1,3,5840,122460,3,55:00.0,6,15:00,435
7664123314,U,OB,1,5,3650,137656,53,38:00.0,6,3:00,435
7664123332,U,IB,1,2,1063,123416,135,25:00.0,3,2:00,435
7664123341,U,OB,1,1,753,131229,69,03:00.0,3,2:00,435
7664123379,U,OB,1,2,445,134832,89,54:00.0,5,9:00,435
7664123388,U,OB,1,1,185,132977,38,20:00.0,5,10:00,435
7664123388,U,OB,1,1,185,132977,47,47:00.0,5,11:00,435
7664123406,U,OB,1,1,2815,431154,69,11:00.0,5,10:00,435
7664123415,U,IB,1,1,250,560345,101,08:00.0,5,10:00,435
766412380X,U,IB,1,1,291,123416,135,40:00.0,3,2:00,435
7664123873,U,OB,1,1,331,138592,58,10:00.0,7,10:00,435
7664123891,U,IB,1,1,440,127289,103,22:00.0,6,20:00,435
7664123929,U,OB,1,1,395,211354,84,53:00.0,3,9:00,435
7664124625,U,OB,1,1,360,291096,53,56:00.0,5,8:00,435
7664124634,U,IB,1,4,3990,123843,150,01:00.0,5,13:00,435
7664126834,U,OB,1,2,1110,211354,84,04:00.0,3,10:00,435
7664128109,U,OB,1,1,2105,430574,50,10:00.0,5,10:00,435
7664128118,U,OB,1,2,1500,130815,86,09:00.0,4,1:00,435
7664128127,U,IB,1,2,7190,127289,103,14:00.0,6,20:00,435
7664128136,U,IB,1,1,450,903489,164,57:00.0,6,19:00,435
7664128136,U,OB,1,1,450,903489,66,07:00.0,7,10:00,435
7664128163,U,IB,1,1,365,560345,101,58:00.0,5,9:00,435
7664134379,U,OB,1,2,827,134359,53,21:00.0,5,5:00,435
7664134388,U,IB,1,5,2421,291165,151,07:00.0,4,14:00,435
7664134415,U,OB,1,5,2484,134359,53,54:00.0,5,5:00,435
7664134433,U,OB,1,1,487,131229,69,47:00.0,3,0:00,435
7664134644,U,IB,1,1,265,132598,101,01:00.0,7,14:00,435
7664134709,U,IB,1,4,2075,136396,112,51:00.0,7,17:00,435
7664134709,U,IB,1,4,2075,136396,112,51:00.0,7,17:00,435
7664134772,U,OB,1,2,845,261216,84,04:00.0,4,8:00,435
7664134790,U,IB,1,2,948,431144,103,36:00.0,5,14:00,435
7664134837,U,OB,1,1,336,131229,69,49:00.0,3,0:00,435
7664134846,U,OB,1,1,607,131229,69,31:00.0,3,1:00,435
7664134873,U,OB,1,2,1038,138592,58,03:00.0,7,10:00,435
7664134882,U,OB,1,1,339,431144,28,38:00.0,5,14:00,435
7664134882,U,OB,1,1,339,431144,28,38:00.0,5,14:00,435
7664134900,U,OB,1,3,1075,431154,69,35:00.0,5,6:00,435
7664134947,U,IB,1,9,3645,903489,164,57:00.0,6,21:00,435
7664134974,U,IB,1,8,3586,903489,164,19:00.0,6,20:00,435
766413502X,U,IB,1,5,2151,121819,123,30:00.0,4,5:00,435
7664135057,U,IB,1,5,1968,132666,129,49:00.0,3,16:00,435
7664135066,U,OB,1,5,2334,131487,60,14:00.0,3,5:00,435
7664135120,U,OB,1,1,378,291096,53,16:00.0,5,11:00,435
7664135524,U,IB,1,3,1533,560345,101,27:00.0,5,15:00,435
7664135533,U,IB,1,2,753,431218,114,12:00.0,7,21:00,435
766413557X,U,OB,1,1,366,278700,17,14:00.0,7,17:00,435
7664135625,U,IB,1,1,390,132666,129,08:00.0,3,13:00,435
766413568X,U,IB,1,2,796,430528,105,47:00.0,6,15:00,435
7664135744,U,IB,1,2,746,130920,105,28:00.0,4,5:00,435
7664135753,U,IB,1,3,1330,121819,123,30:00.0,4,3:00,435
7664135771,U,IB,1,2,1073,903489,164,07:00.0,6,21:00,435
7664135890,U,OB,1,3,1369,431154,69,26:00.0,5,7:00,435
7664135982,U,OB,1,2,914,278700,17,35:00.0,7,17:00,435
7664136000,U,OB,1,1,340,431154,69,42:00.0,5,6:00,435
766413601X,U,OB,1,1,540,138970,52,30:00.0,3,2:00,435
766413601X,U,OB,1,1,540,138970,68,47:00.0,3,3:00,435
7664136065,U,OB,1,1,240,128210,95,44:00.0,5,1:00,435
7664136074,U,IB,1,1,573,136396,112,55:00.0,7,11:00,435
7664136101,U,OB,1,1,174,129653,51,54:00.0,7,4:00,435
7664136267,U,OB,1,1,174,126487,17,56:00.0,6,14:00,435
7664136276,U,OB,1,1,256,124163,38,24:00.0,6,11:00,435
7664136303,U,OB,1,1,174,131551,95,23:00.0,7,10:00,435
7664136312,U,OB,1,1,174,138970,52,11:00.0,3,4:00,435
7664136330,U,OB,1,1,225,431154,69,42:00.0,5,8:00,435
7664136359,U,IB,1,1,256,123824,113,09:00.0,6,21:00,435
7664136395,U,OB,1,1,256,353204,72,43:00.0,7,10:00,435
7664136413,U,OB,1,1,174,353204,72,51:00.0,7,10:00,435
7664136422,U,OB,1,1,240,353204,72,24:00.0,7,11:00,435
7664136440,U,OB,1,1,573,261071,86,49:00.0,4,12:00,435
766413645X,U,IB,1,1,256,130920,105,23:00.0,4,4:00,435
7664136487,U,OB,1,1,200,128210,95,20:00.0,5,2:00,435
7664136496,U,OB,1,1,256,128210,95,15:00.0,5,2:00,435
7664136505,U,OB,1,1,256,128210,95,10:00.0,5,2:00,435
7664138191,U,IB,1,2,1135,138855,119,59:00.0,1,10:00,435
7664138191,U,IB,1,2,1135,138855,119,59:00.0,1,10:00,435
7664138200,U,IB,1,1,182,140219,117,11:00.0,1,4:00,435
7664138265,U,OB,1,1,721,137656,53,08:00.0,6,1:00,435
7664138274,U,OB,1,1,157,137656,53,23:00.0,6,2:00,435
7664138283,U,IB,1,1,248,132598,101,23:00.0,7,10:00,435
7664138366,U,OB,1,1,176,261071,86,40:00.0,4,15:00,435
7664151768,U,OB,1,1,340,125489,72,23:00.0,4,4:00,435
7664151795,U,OB,1,1,760,125489,72,12:00.0,4,4:00,435
7664151840,U,OB,1,3,45,126487,17,18:00.0,6,15:00,435
7664151878,U,OB,1,2,1419,126487,17,22:00.0,6,19:00,435
7664151887,U,OB,1,2,137,138970,52,39:00.0,3,4:00,435
7664151905,U,OB,1,1,720,138970,52,42:00.0,3,4:00,435
766415229X,U,OB,1,2,434,129653,51,26:00.0,7,7:00,435
7664152309,U,OB,1,2,3740,129653,51,16:00.0,7,11:00,435
7664152318,U,OB,1,2,45,129653,51,14:00.0,7,7:00,435
7664156011,U,OB,1,1,174,129596,51,20:00.0,5,3:00,435
7664156020,U,OB,1,1,240,129596,51,32:00.0,5,3:00,435
766415603X,U,OB,1,1,256,134359,53,22:00.0,5,3:00,435
7664156049,U,OB,1,1,256,134359,53,24:00.0,5,3:00,435
7664156067,U,OB,1,1,256,137656,53,11:00.0,6,3:00,435
7664156076,U,OB,1,1,256,137656,53,52:00.0,6,2:00,435
7664156085,U,OB,1,1,256,137656,53,09:00.0,6,2:00,435
7664156112,U,OB,1,1,256,137656,53,08:00.0,6,3:00,435
7664156121,U,OB,1,1,494,126615,26,14:00.0,1,11:00,435
7664156121,U,OB,1,1,494,126615,28,47:00.0,1,12:00,435
7664156130,U,OB,1,1,200,131229,85,22:00.0,3,7:00,435
7664156130,U,OB,1,1,200,131229,69,54:00.0,3,0:00,435
766415614X,U,OB,1,1,246,131229,69,54:00.0,3,0:00,435
766415614X,U,OB,1,1,246,131229,85,21:00.0,3,7:00,435
7664156159,U,OB,1,1,240,126487,17,43:00.0,6,6:00,435
7664156168,U,OB,1,1,256,124163,38,10:00.0,6,11:00,435
7664156186,U,OB,1,1,259,126487,17,38:00.0,6,6:00,435
7664156204,U,OB,1,1,256,126487,17,49:00.0,6,6:00,435
7664156213,U,OB,1,1,240,126487,79,56:00.0,6,22:00,435
7664156213,U,OB,1,1,240,126487,17,18:00.0,6,13:00,435
7664156240,U,OB,1,1,174,126487,79,56:00.0,6,22:00,435
7664156240,U,OB,1,1,174,126487,17,56:00.0,6,12:00,435
7664157313,U,OB,1,1,265,129653,86,14:00.0,7,11:00,435
7664157313,U,OB,1,1,265,129653,51,55:00.0,7,5:00,435
7664157322,U,OB,1,1,2210,132226,76,04:00.0,7,10:00,435
766415922X,U,OB,1,13,8435,134377,63,17:00.0,7,19:00,435
7664159239,U,OB,1,1,158,291096,53,20:00.0,5,10:00,435
7664159257,U,OB,1,1,796,560243,12,46:00.0,3,12:00,435
7664159257,U,OB,1,1,796,560243,12,46:00.0,3,12:00,435
766416329X,U,OB,1,1,328,129653,51,49:00.0,7,10:00,435
7664165013,U,IB,1,6,3310,903489,164,36:00.0,6,21:00,435
7664165022,U,OB,1,1,1180,138970,52,57:00.0,3,2:00,435
7664165031,U,OB,1,2,362,138970,52,14:00.0,3,2:00,435
7664165069,U,IB,1,1,1363,123824,113,29:00.0,6,21:00,435
7664165078,U,IB,1,2,1003,431218,114,34:00.0,7,21:00,435
7664165087,U,OB,1,1,484,131487,60,40:00.0,3,7:00,435
7664165096,U,OB,1,3,2341,131487,60,18:00.0,3,7:00,435
7664166021,U,IB,1,1,255,136396,112,40:00.0,7,11:00,435
7664166508,U,IB,1,8,6690,290019,163,28:00.0,6,11:00,272
7664166800,U,IB,1,1,122,123416,135,59:00.0,3,1:00,435
766416681X,U,IB,1,1,122,123416,135,25:00.0,3,2:00,435
7664166847,U,IB,1,1,134,123416,135,46:00.0,3,1:00,435
7664167020,U,OB,1,7,5837,138592,58,42:00.0,7,10:00,435
766416703X,U,IB,1,2,465,121819,123,36:00.0,4,2:00,435
7664170760,U,OB,1,7,7123,134377,63,35:00.0,7,13:00,435
7664171788,U,IB,1,1,857,138855,125,57:00.0,1,13:00,435
7664171851,U,OB,1,1,857,136017,68,50:00.0,4,5:00,435
7664171851,U,OB,1,1,857,136017,68,50:00.0,4,5:00,435
7664171860,U,OB,1,1,857,136017,79,44:00.0,4,5:00,435
7664171860,U,OB,1,1,857,136017,79,44:00.0,4,5:00,435
766417187X,U,IB,1,1,857,136017,103,41:00.0,4,5:00,435
7664171898,U,IB,1,2,1714,136017,166,27:00.0,4,5:00,435
7664171898,U,IB,1,2,1714,136017,103,26:00.0,4,5:00,435
7664171907,U,IB,1,1,857,136017,103,39:00.0,4,5:00,435
7664171943,U,OB,1,2,1714,137656,53,14:00.0,6,3:00,435
7664171952,U,OB,1,1,857,133252,96,19:00.0,6,4:00,435
7664171999,U,OB,1,1,724,137656,53,33:00.0,6,2:00,435
7664172026,U,OB,1,1,857,137656,53,40:00.0,6,2:00,435
7664172044,U,IB,1,1,857,132598,156,34:00.0,7,15:00,435
7664172044,U,IB,1,1,857,132598,101,04:00.0,7,14:00,435
7664172071,U,OB,1,2,1714,131229,69,34:00.0,3,1:00,435
7664172080,U,IB,1,1,857,123416,135,25:00.0,3,3:00,435
7664172127,U,OB,1,1,857,123631,86,43:00.0,4,7:00,435
7664172154,U,OB,1,2,1714,430574,50,49:00.0,5,11:00,435
7664172163,U,OB,1,2,1714,123631,86,35:00.0,4,7:00,435
766417220X,U,OB,1,3,2438,125489,72,50:00.0,4,5:00,435
7664172291,U,IB,1,1,857,127289,103,57:00.0,6,22:00,435
7664172291,U,IB,1,1,857,127289,156,20:00.0,6,23:00,435
7664172365,U,OB,1,1,920,211354,84,14:00.0,3,10:00,435
7664172374,U,OB,1,3,2571,431154,69,25:00.0,5,8:00,435
7664172383,U,OB,1,1,857,431154,69,30:00.0,5,8:00,435
7664172448,U,OB,1,1,857,431154,69,55:00.0,5,9:00,435
7664172466,U,OB,1,1,857,431154,69,06:00.0,5,10:00,435
7664172475,U,OB,1,1,857,431154,69,17:00.0,5,9:00,435
7664172484,U,OB,1,3,2021,138705,89,43:00.0,6,7:00,435
766417253X,U,OB,1,2,1714,353204,72,07:00.0,7,10:00,435
7664172549,U,OB,1,1,857,133626,55,15:00.0,3,2:00,435
7664172576,U,OB,1,1,857,128210,81,59:00.0,6,9:00,435
7664172576,U,OB,1,1,857,128210,95,46:00.0,5,2:00,435
7664172603,U,IB,1,1,857,430528,105,29:00.0,6,19:00,435
7664172630,U,IB,1,1,857,430528,105,11:00.0,6,20:00,435
7664172630,U,CTY,1,1,857,430528,C   ,12:00.0,7,7:00,435
7664173016,U,OB,1,1,206,431154,69,04:00.0,5,9:00,435
7664173043,U,OB,1,1,366,431154,69,45:00.0,5,7:00,435
7664173061,U,OB,1,1,452,138705,89,38:00.0,6,10:00,435
7664173126,U,OB,1,1,377,138705,89,49:00.0,6,9:00,435
7664173144,U,OB,1,1,1028,138705,89,20:00.0,6,7:00,435
7664173153,U,OB,1,1,1746,124248,32,01:00.0,6,7:00,435
7664173171,U,OB,1,1,904,138705,89,39:00.0,6,9:00,435
7664173180,U,OB,1,2,904,138705,89,03:00.0,6,8:00,435
7664173209,U,OB,1,1,452,138705,89,05:00.0,6,11:00,435
7664173218,U,OB,1,1,452,138705,89,12:00.0,6,11:00,435
7664173227,U,OB,1,1,452,138705,89,35:00.0,6,10:00,435
7664173245,U,OB,1,1,452,138705,89,01:00.0,6,11:00,435
7664173281,U,OB,1,1,452,138705,89,56:00.0,6,9:00,435
7664173290,U,OB,1,1,452,138705,89,59:00.0,6,7:00,435
766417330X,U,OB,1,1,452,138705,89,55:00.0,6,10:00,435
7664173319,U,OB,1,1,452,138705,89,02:00.0,6,10:00,435
7664173346,U,IB,1,1,357,138705,156,24:00.0,6,16:00,435
7664173346,U,IB,1,1,357,138705,154,29:00.0,6,16:00,435
7664173346,U,OB,1,1,357,138705,89,46:00.0,6,8:00,435
7664173355,U,OB,1,1,455,138705,89,59:00.0,6,8:00,435
7664173364,U,OB,1,1,657,138705,89,53:00.0,6,8:00,435
7664173382,U,OB,1,1,207,124248,32,32:00.0,6,6:00,435
7664173391,U,OB,1,1,917,138705,89,03:00.0,6,9:00,435
7664173400,U,OB,1,1,837,125392,76,47:00.0,7,5:00,435
7664173429,U,OB,1,1,942,278700,17,48:00.0,7,16:00,435
7664173456,U,OB,1,1,999,353204,72,27:00.0,7,6:00,435
7664173465,U,OB,1,1,452,278700,17,37:00.0,7,16:00,435
7664173474,U,OB,1,1,496,278700,17,53:00.0,7,16:00,435
7664173483,U,OB,1,1,542,278700,17,46:00.0,7,17:00,435
7664173492,U,OB,1,1,452,278700,17,28:00.0,7,16:00,435
7664173566,U,OB,1,1,478,353204,72,13:00.0,7,9:00,435
7664173566,U,OB,1,1,478,353204,81,27:00.0,7,9:00,435
7664173584,U,OB,1,3,4219,353204,72,35:00.0,7,9:00,435
7664173602,U,OB,1,1,989,353204,72,49:00.0,7,13:00,435
7664173620,U,OB,1,1,917,353204,72,27:00.0,7,7:00,435
766417363X,U,OB,1,1,347,353204,72,12:00.0,7,13:00,435
7664173649,U,OB,1,4,7820,353204,72,44:00.0,7,13:00,435
7664173667,U,OB,1,1,496,353204,72,11:00.0,7,11:00,435
7664173676,U,OB,1,1,686,353204,72,16:00.0,7,11:00,435
7664173685,U,OB,1,1,521,353204,72,35:00.0,7,12:00,435
7664173694,U,OB,1,1,741,353204,72,39:00.0,7,7:00,435
7664173712,U,OB,1,1,1054,353204,72,35:00.0,7,11:00,435
7664173721,U,OB,1,1,319,353204,72,14:00.0,7,13:00,435
766417374X,U,OB,1,1,841,353204,72,28:00.0,7,9:00,435
7664173759,U,OB,1,1,242,353204,72,30:00.0,7,10:00,435
7664173768,U,OB,1,1,304,353204,72,54:00.0,7,10:00,435
7664173777,U,OB,1,1,311,353204,72,18:00.0,7,9:00,435
7664173795,U,OB,1,1,893,353204,72,10:00.0,7,12:00,435
7664173804,U,OB,1,1,903,353204,72,23:00.0,7,12:00,435
7664173813,U,OB,1,1,730,353204,72,08:00.0,7,8:00,435
7664173840,U,OB,1,1,903,133626,55,47:00.0,3,1:00,435
766417385X,U,OB,1,1,240,116780,96,44:00.0,3,12:00,435
7664173869,U,OB,1,1,452,353204,72,50:00.0,7,8:00,435
7664173905,U,OB,1,1,450,353204,72,12:00.0,7,8:00,435
7664173932,U,OB,1,1,900,131487,60,35:00.0,3,4:00,435
7664173941,U,OB,1,1,950,131487,60,21:00.0,3,4:00,435
7664173950,U,OB,1,1,620,353204,72,35:00.0,7,8:00,435
766417396X,U,OB,1,1,579,133626,55,31:00.0,3,2:00,435
766417396X,U,OB,1,1,579,133626,81,58:00.0,3,8:00,435
7664173979,U,OB,1,1,525,116780,96,19:00.0,3,11:00,435
7664173997,U,OB,1,1,330,131487,60,38:00.0,3,6:00,435
7664174015,U,OB,1,1,411,131487,60,40:00.0,3,3:00,435
7664174042,U,OB,1,1,292,131487,60,22:00.0,3,3:00,435
7664174089,U,OB,1,1,251,116780,96,43:00.0,3,12:00,435
7664174098,U,OB,1,1,350,116780,96,19:00.0,3,13:00,435
7664174107,U,OB,1,1,550,133626,55,42:00.0,3,1:00,435
7664174116,U,OB,1,1,264,116780,96,50:00.0,3,12:00,435
7664174125,U,OB,1,1,249,131487,81,59:00.0,3,8:00,435
7664174125,U,OB,1,1,249,131487,60,09:00.0,3,4:00,435
7664174134,U,OB,1,2,2303,131487,60,53:00.0,3,5:00,435
7664174152,U,OB,1,2,900,133626,55,25:00.0,3,2:00,435
7664174161,U,OB,1,1,452,116780,96,53:00.0,3,10:00,435
7664174208,U,OB,1,14,787,127884,89,54:00.0,3,15:00,435
7664174280,U,IB,1,1,201,130920,105,31:00.0,4,5:00,435
7664174309,U,IB,1,1,415,130920,105,27:00.0,4,4:00,435
7664174309,U,IB,1,1,415,130920,119,28:00.0,4,4:00,435
7664174318,U,IB,1,1,437,121819,123,46:00.0,4,5:00,435
7664174327,U,IB,1,1,917,130920,105,09:00.0,4,4:00,435
7664174345,U,OB,1,1,631,261071,86,57:00.0,4,12:00,435
7664174363,U,IB,1,1,1017,121819,123,27:00.0,4,3:00,435
7664174372,U,IB,1,2,2491,121819,123,25:00.0,4,6:00,435
766417440X,U,OB,1,1,286,128210,95,50:00.0,5,3:00,435
7664174419,U,OB,1,1,642,128210,95,19:00.0,5,2:00,435
7664174428,U,OB,1,1,212,128210,95,55:00.0,5,6:00,435
7664174437,U,OB,1,1,214,128210,95,26:00.0,5,2:00,435
7664174437,U,OB,1,1,214,128210,79,20:00.0,5,5:00,435
7664174446,U,IB,1,1,458,291096,154,01:00.0,5,11:00,435
7664174446,U,OB,1,1,458,291096,53,52:00.0,5,8:00,435
7664174455,U,OB,1,1,903,128210,95,13:00.0,5,6:00,435
7664174464,U,OB,1,1,443,128210,95,24:00.0,5,4:00,435
7664174473,U,OB,1,1,571,128210,95,22:00.0,5,2:00,435
7664174482,U,OB,1,1,330,128210,95,33:00.0,5,2:00,435
7664174491,U,OB,1,1,1223,139872,51,11:00.0,5,4:00,435
7664174500,U,OB,1,1,910,128210,95,03:00.0,5,5:00,435
766417451X,U,OB,1,1,243,128210,95,49:00.0,5,6:00,435
7664174556,U,OB,1,1,470,136148,86,24:00.0,6,18:00,435
7664174574,U,OB,1,1,446,128210,95,17:00.0,5,6:00,435
7664174583,U,OB,1,2,3289,128210,95,47:00.0,5,4:00,435
7664174592,U,OB,1,1,1314,128210,95,16:00.0,5,3:00,435
7664174601,U,OB,1,1,360,128210,95,56:00.0,5,3:00,435
7664174610,U,OB,1,1,280,128210,95,24:00.0,5,6:00,435
766417462X,U,OB,1,1,452,128210,95,13:00.0,5,5:00,435
7664174639,U,OB,1,1,452,128210,95,12:00.0,5,5:00,435
7664174648,U,OB,1,1,600,128210,95,31:00.0,5,4:00,435
7664174657,U,OB,1,1,452,128210,95,03:00.0,5,6:00,435
7664174702,U,IB,1,1,446,430528,105,19:00.0,6,18:00,435
7664174720,U,IB,1,1,224,430528,105,48:00.0,6,16:00,435
7664174749,U,OB,1,2,2735,128210,95,22:00.0,5,5:00,435
7664174776,U,IB,1,1,445,430528,105,55:00.0,6,16:00,435
7664174785,U,OB,1,1,325,128210,95,47:00.0,5,3:00,435
7664174794,U,IB,1,1,903,430528,105,50:00.0,6,15:00,435
7664174830,U,OB,1,1,646,132226,76,32:00.0,7,10:00,435
766417484X,U,OB,1,1,255,122535,78,39:00.0,7,8:00,435
7664174859,U,IB,1,1,273,430528,105,27:00.0,6,18:00,435
7664174877,U,IB,1,1,410,430528,105,40:00.0,6,14:00,435
7664174886,U,IB,1,1,311,430528,105,34:00.0,6,16:00,435
7664174895,U,IB,1,1,687,430528,105,54:00.0,6,17:00,435
7664174904,U,OB,1,1,252,430167,75,31:00.0,6,7:00,435
7664174913,U,OB,1,1,515,122535,78,03:00.0,7,10:00,435
7664174922,U,IB,1,1,465,430528,105,51:00.0,6,16:00,435
7664174931,U,OB,1,1,644,136148,86,16:00.0,6,15:00,435
766417495X,U,OB,1,1,586,430167,75,58:00.0,6,7:00,435
7664174978,U,IB,1,1,288,430528,105,59:00.0,6,15:00,435
7664174987,U,IB,1,1,239,430528,105,18:00.0,6,18:00,435
7664175005,U,OB,1,1,710,129653,51,30:00.0,7,10:00,435
7664175014,U,OB,1,1,397,129653,51,06:00.0,7,6:00,435
7664175014,U,OB,1,1,397,129653,83,13:00.0,7,6:00,435
7664175014,U,OB,1,1,397,129653,86,13:00.0,7,11:00,435
7664180029,U,OB,1,2,1285,128210,95,35:00.0,5,5:00,435
7664182613,U,OB,1,1,118,430574,50,46:00.0,5,10:00,435
7664182640,U,IB,1,1,210,560345,101,23:00.0,5,12:00,435
7664183511,U,IB,1,6,52,123327,113,43:00.0,4,13:00,435
766418353X,U,IB,1,1,316,531258,123,57:00.0,5,13:00,435
7664183558,U,IB,1,2,665,431218,114,38:00.0,7,18:00,435
7664184016,U,IB,1,4,2000,431218,114,16:00.0,7,18:00,435
7664187289,U,OB,1,1,750,127379,72,03:00.0,3,4:00,435
7664187307,U,OB,1,1,570,123101,36,19:00.0,4,0:00,435
7664187316,U,OB,1,1,570,123101,53,25:00.0,3,10:00,435
7664187399,U,OB,1,1,570,126615,26,27:00.0,1,11:00,435
7664187408,U,IB,1,1,700,132598,101,27:00.0,7,10:00,435
7664187417,U,IB,1,1,660,127289,103,08:00.0,6,20:00,435
7664187435,U,OB,1,1,609,124163,38,03:00.0,6,11:00,435
7664187509,U,IB,1,1,721,127289,103,06:00.0,6,20:00,435
766418760X,U,OB,1,1,609,138970,52,47:00.0,3,2:00,435
7664187628,U,OB,1,1,570,138970,52,26:00.0,3,3:00,435
7664187646,U,OB,1,1,730,211354,84,39:00.0,3,10:00,435
7664187655,U,OB,1,1,740,211354,84,43:00.0,3,10:00,435
7664187664,U,OB,1,1,700,136198,32,08:00.0,3,13:00,435
7664187738,U,IB,1,1,721,560345,101,00:00.0,5,16:00,435
7664187765,U,IB,1,1,612,560345,101,04:00.0,5,15:00,435
7664187774,U,OB,1,1,570,431154,69,48:00.0,5,8:00,435
7664187783,U,OB,1,1,570,431154,69,50:00.0,5,8:00,435
7664187810,U,IB,1,1,575,123824,113,23:00.0,6,22:00,435
7664187839,U,OB,1,1,570,353204,72,27:00.0,7,10:00,435
7664187848,U,OB,1,1,575,353204,72,56:00.0,7,11:00,435
7664187857,U,OB,1,1,750,116780,96,58:00.0,3,10:00,435
7664187866,U,IB,1,1,750,126047,141,43:00.0,3,18:00,435
7664187884,U,IB,1,1,600,126047,141,47:00.0,3,18:00,435
766418793X,U,OB,1,1,570,116780,96,11:00.0,3,13:00,435
7664187958,U,OB,1,1,570,116780,96,09:00.0,3,13:00,435
7664187967,U,OB,1,1,575,116780,96,21:00.0,3,14:00,435
7664187985,U,OB,1,1,580,127884,89,30:00.0,3,18:00,435
7664187994,U,OB,1,1,580,127884,89,27:00.0,3,18:00,435
7664188012,U,IB,1,1,570,130920,105,17:00.0,4,5:00,435
7664188021,U,OB,1,1,575,261071,86,18:00.0,4,14:00,435
7664188077,U,IB,1,1,580,130920,105,21:00.0,4,7:00,435
7664188131,U,OB,1,1,580,132226,76,25:00.0,7,10:00,435
7664193916,U,OB,1,1,520,202256,74,44:00.0,3,10:00,411
7664194044,U,OB,1,1,240,135381,86,21:00.0,5,22:00,411
7664197519,U,OB,1,1,250,130482,26,21:00.0,3,6:00,411
7664201955,U,OB,1,3,230,130911,52,39:00.0,7,7:00,411
7664203688,U,OB,1,2,171,131173,86,36:00.0,5,20:00,411
7664204283,U,OB,1,1,560,140330,51,40:00.0,3,11:00,411
7664204339,U,OB,1,1,327,211778,17,44:00.0,4,9:00,411
7664204357,U,OB,1,1,78,128106,63,40:00.0,4,6:00,411
7664204366,U,OB,1,5,1650,211778,17,27:00.0,4,10:00,411
7664204970,U,OB,1,2,1560,134634,41,16:00.0,6,13:00,411
7664204970,U,OB,1,2,1560,134634,39,15:00.0,6,13:00,411
7664208784,U,OB,1,4,2420,134615,52,21:00.0,4,18:00,421
7664209509,U,OB,1,2,1994,129573,52,58:00.0,4,3:00,411
7664213743,U,OB,1,1,1230,202256,74,57:00.0,3,9:00,411
7664218592,U,OB,1,3,1089,134706,63,27:00.0,1,1:00,411
7664218639,U,OB,1,3,761,202256,74,05:00.0,3,10:00,411
7664218648,U,OB,1,3,1928,202256,74,50:00.0,3,9:00,411
7664218720,U,OB,1,8,4243,129542,43,43:00.0,3,18:00,411
7664219885,U,OB,1,7,2710,134974,50,46:00.0,5,8:00,411
7664220581,U,OB,1,1,224,128551,43,06:00.0,2,18:00,411
7664220691,U,OB,1,1,385,290646,67,38:00.0,1,21:00,411
766422071X,U,OB,1,1,420,134706,63,42:00.0,1,1:00,411
7664220729,U,OB,1,1,306,129951,49,42:00.0,1,13:00,411
7664228483,U,OB,1,7,5336,135615,53,38:00.0,6,22:00,411
7664240830,U,OB,1,1,217,137849,40,56:00.0,1,5:00,411
766424183X,U,OB,1,1,1315,125712,46,33:00.0,3,10:00,411
7664241867,U,OB,1,1,857,125712,46,46:00.0,3,10:00,411
7664241894,U,OB,1,2,2243,125712,46,26:00.0,3,10:00,411
766424194X,U,OB,1,1,326,129503,51,48:00.0,7,19:00,411
7664242004,U,OB,1,2,221,131793,43,53:00.0,7,12:00,411
7664243021,U,OB,1,1,140,202256,74,36:00.0,3,9:00,411
7664243030,U,OB,1,1,100,129573,52,18:00.0,4,4:00,411
7664249017,U,CTY,1,8,2830,126743,195,00:00.0,5,8:00,
7664249026,U,CTY,1,4,1200,126743,193,34:00.0,5,8:00,411
7664249026,U,CTY,1,4,1200,126743,193,34:00.0,5,8:00,411
7664249053,U,OB,1,2,280,280868,89,15:00.0,5,20:00,411
7664251060,U,OB,1,4,1190,131173,86,12:00.0,5,18:00,411
766425107X,U,OB,1,5,1240,131173,86,15:00.0,5,18:00,411
766425294X,U,OB,1,1,437,133012,39,25:00.0,7,18:00,411
7664252986,U,OB,1,1,585,135025,39,52:00.0,6,22:00,411
7664253343,U,OB,1,2,4706,130780,72,23:00.0,6,14:00,411
7664253343,U,CTY,1,2,4706,130780,231,56:00.0,7,2:00,411
7664254288,U,OB,1,2,1569,132818,40,30:00.0,4,12:00,411
7664254499,U,OB,1,2,720,126389,60,28:00.0,6,9:00,411
7664255278,U,OB,1,1,191,131779,43,32:00.0,6,20:00,411
7664255296,U,OB,1,1,258,131779,43,26:00.0,6,20:00,411
7664255350,U,OB,1,1,278,129853,40,35:00.0,5,21:00,411
7664255424,U,OB,1,1,278,125829,73,28:00.0,2,16:00,411
7664255433,U,OB,1,1,246,122820,52,19:00.0,1,1:00,411
7664256286,U,OB,1,1,459,129503,51,35:00.0,7,19:00,411
7664256322,U,OB,1,1,1537,129894,31,29:00.0,3,7:00,411
7664256405,U,OB,1,1,1009,130780,72,34:00.0,6,13:00,411
7664257175,U,OB,1,3,474,122907,50,09:00.0,1,20:00,411
7664257193,U,OB,1,3,1155,135615,53,08:00.0,6,23:00,411
766425877X,U,OB,1,1,104,126171,52,57:00.0,4,8:00,411
766425877X,U,OB,1,1,104,126171,45,36:00.0,4,10:00,411
7664258926,U,OB,1,1,730,130449,58,54:00.0,6,16:00,411
7664258944,U,OB,1,1,260,128640,96,48:00.0,6,22:00,411
7664262639,U,OB,1,1,211,125881,63,04:00.0,4,19:00,411
7664263261,U,OB,1,1,192,123183,55,40:00.0,7,10:00,411
7664263308,U,OB,1,1,517,130538,52,04:00.0,7,19:00,411
7664264123,U,OB,1,1,456,131173,86,14:00.0,5,20:00,411
7664264141,U,OB,1,2,1395,134974,50,12:00.0,5,9:00,411
7664264572,U,OB,1,2,2895,135025,39,13:00.0,6,21:00,411
7664266195,U,OB,1,1,188,132522,26,51:00.0,7,12:00,411
7664266204,U,OB,1,1,430,132522,26,53:00.0,7,12:00,411
7664266213,U,OB,1,1,319,132522,26,30:00.0,7,12:00,411
7664266222,U,OB,1,1,405,132522,26,24:00.0,7,12:00,411
7664267286,U,OB,1,7,935,140096,67,01:00.0,7,14:00,411
7664267322,U,OB,1,2,955,126522,17,14:00.0,7,17:00,411
7664267441,U,OB,1,9,7225,124201,48,59:00.0,1,11:00,411
7664267661,U,OB,1,1,441,123901,69,40:00.0,5,16:00,411
7664267955,U,OB,1,2,1357,135412,89,15:00.0,1,20:00,411
7664268065,U,OB,1,1,813,138649,84,25:00.0,1,21:00,411
7664268404,U,OB,1,1,110,132838,69,33:00.0,6,9:00,411
7664268532,U,OB,1,1,1043,129542,43,12:00.0,3,19:00,411
7664268579,U,OB,1,1,375,202181,39,19:00.0,1,6:00,411
7664268633,U,OB,1,1,25,124201,48,07:00.0,1,11:00,411
7664268651,U,OB,1,4,2192,291008,88,46:00.0,7,19:00,411
7664268698,U,OB,1,4,5155,291008,88,16:00.0,7,19:00,411
7664268752,U,OB,1,2,2506,129696,58,04:00.0,3,20:00,411
766426878X,U,OB,1,2,1885,290056,76,41:00.0,4,0:00,411
7664268817,U,OB,1,1,210,128640,96,22:00.0,7,1:00,411
7664268853,U,CTY,1,12,6380,117643,213,53:00.0,5,12:00,411
7664269019,U,OB,1,3,2740,134040,51,35:00.0,7,7:00,411
7664269055,U,OB,1,2,1009,134040,51,31:00.0,7,9:00,411
766426911X,U,OB,1,5,1030,125829,73,02:00.0,2,22:00,411
7664269266,U,OB,1,1,320,138226,74,37:00.0,4,4:00,411
7664269349,U,OB,1,5,4896,128106,63,07:00.0,4,9:00,411
7664269513,U,OB,1,5,4300,126283,49,10:00.0,7,16:00,411
7664269632,U,OB,1,1,23,280868,89,37:00.0,5,23:00,411
7664271475,U,OB,1,1,180,129573,52,52:00.0,4,7:00,411
7664273987,U,CTY,1,11,5751,126648,217,25:00.0,3,11:00,411
7664274766,U,OB,1,6,64,123237,40,09:00.0,6,11:00,411
7664274793,U,OB,1,4,112,140096,67,17:00.0,7,10:00,411
7664274811,U,CTY,1,1,169,290404,233,09:00.0,2,22:00,411
7664274849,U,OB,1,1,184,130482,26,18:00.0,3,13:00,411
7664277552,U,OB,1,2,1500,135615,53,07:00.0,6,18:00,411
7664280834,U,OB,1,1,139,125712,46,33:00.0,3,9:00,411
7664280852,U,OB,1,1,150,129573,52,05:00.0,4,4:00,411
7664281256,U,OB,1,5,2420,133549,69,18:00.0,5,4:00,411
7664281815,U,OB,1,1,1040,133519,43,06:00.0,4,14:00,411
7664281851,U,OB,1,1,300,132522,26,04:00.0,7,10:00,411
7664282933,U,OB,1,1,500,133519,43,55:00.0,4,13:00,411
7664282942,U,OB,1,2,2150,278731,49,54:00.0,3,10:00,411
7664283539,U,OB,1,1,275,129542,43,53:00.0,3,17:00,411
7664286792,U,OB,1,1,330,119073,55,21:00.0,7,15:00,411
7664287196,U,OB,1,4,2035,123272,55,00:00.0,3,7:00,411
7664287250,U,OB,1,1,158,122907,50,42:00.0,1,16:00,411
766428759X,U,OB,1,1,247,119073,55,23:00.0,7,18:00,411
7664289973,U,OB,1,2,940,132818,40,15:00.0,4,15:00,411
7664291320,U,OB,1,1,1000,140160,43,15:00.0,6,11:00,411
7664294052,U,OB,1,1,1865,129890,31,57:00.0,7,20:00,411
7664294061,U,OB,1,1,580,129890,31,34:00.0,7,21:00,411
7664296418,U,OB,1,3,425,135615,53,39:00.0,6,18:00,411
7664296436,U,OB,1,3,611,135615,53,33:00.0,6,21:00,411
7664296445,U,OB,1,1,204,132676,78,38:00.0,6,15:00,411
7664296481,U,OB,1,1,100,123183,55,18:00.0,7,10:00,411
7664296490,U,OB,1,4,700,123183,55,50:00.0,7,12:00,411
7664296519,U,OB,1,1,150,131779,43,15:00.0,6,22:00,411
7664296528,U,OB,1,1,150,131779,43,04:00.0,6,22:00,411
7664296537,U,OB,1,1,150,140160,43,39:00.0,6,10:00,411
7664296546,U,OB,1,1,158,131779,43,30:00.0,7,0:00,411
7664296555,U,OB,1,1,251,131779,43,40:00.0,6,20:00,411
7664296564,U,OB,1,2,455,R621615905,69,39:00.0,5,15:00,411
7664296573,U,OB,1,3,450,R621615905,69,27:00.0,5,15:00,411
7664296582,U,OB,1,4,2000,133012,39,18:00.0,7,19:00,411
7664296647,U,OB,1,3,800,136988,73,26:00.0,5,14:00,411
7664297123,U,OB,1,1,194,128551,43,55:00.0,2,18:00,411
7664297150,U,OB,1,1,155,128551,43,43:00.0,2,18:00,411
7664297242,U,OB,1,1,16,137023,69,48:00.0,1,5:00,411
766429738X,U,OB,1,1,1115,130482,26,49:00.0,3,12:00,411
7664297426,U,OB,1,1,157,123272,55,16:00.0,3,7:00,411
7664297444,U,OB,1,1,258,126145,49,25:00.0,3,14:00,411
766429749X,U,OB,1,1,698,123272,55,19:00.0,3,7:00,411
7664297637,U,OB,1,4,980,125712,46,49:00.0,3,8:00,411
7664297664,U,OB,1,1,395,123901,69,22:00.0,5,14:00,411
7664297729,U,OB,1,1,170,140096,67,14:00.0,7,13:00,411
7664297875,U,OB,1,2,750,123272,55,03:00.0,3,7:00,411
7664297949,U,OB,1,1,358,137023,69,40:00.0,1,3:00,411
7664297976,U,OB,1,1,185,126522,17,42:00.0,7,16:00,411
7664298021,U,OB,1,1,342,202256,74,41:00.0,3,11:00,411
7664298030,U,OB,1,1,520,200486,50,01:00.0,4,7:00,411
7664298059,U,OB,1,2,187,129573,52,04:00.0,4,8:00,411
7664298068,U,OB,1,1,370,123901,69,13:00.0,5,15:00,411
7664298086,U,OB,1,2,460,291140,46,56:00.0,1,6:00,411
7664298122,U,OB,1,1,464,202256,74,01:00.0,3,12:00,411
7664298250,U,OB,1,1,509,126227,53,07:00.0,3,14:00,411
7664298443,U,OB,1,1,95,125881,63,31:00.0,4,18:00,411
7664298461,U,OB,1,1,352,124201,48,43:00.0,1,10:00,411
7664298470,U,OB,1,1,435,131696,55,32:00.0,4,13:00,411
7664298499,U,OB,1,1,615,129622,17,25:00.0,5,16:00,411
7664298517,U,OB,1,1,516,200486,50,34:00.0,4,6:00,411
7664298526,U,OB,1,1,228,200486,50,25:00.0,4,6:00,411
7664298535,U,OB,1,11,6600,137023,69,06:00.0,1,6:00,411
7664298764,U,OB,1,1,378,123901,69,07:00.0,5,15:00,411
7664298791,U,OB,1,1,380,137023,69,10:00.0,1,4:00,411
7664298847,U,OB,1,1,157,137023,69,28:00.0,1,3:00,411
7664298874,U,OB,1,1,21,137023,69,45:00.0,1,5:00,411
7664299094,U,OB,1,1,261,128640,96,22:00.0,7,0:00,411
7664299112,U,OB,1,1,480,130482,26,42:00.0,3,11:00,411
7664299195,U,OB,1,1,115,290395,31,32:00.0,5,22:00,411
7664299204,U,OB,1,1,140,129622,17,24:00.0,5,16:00,411
7664299323,U,OB,1,1,307,129853,40,50:00.0,5,21:00,411
7664299323,U,OB,1,1,307,129853,37,12:00.0,6,0:00,411
7664299397,U,OB,1,2,440,129863,43,45:00.0,7,9:00,411
7664299406,U,OB,1,1,370,122418,52,17:00.0,5,21:00,411
7664299442,U,OB,1,2,380,133233,63,01:00.0,4,10:00,411
7664299552,U,OB,1,2,650,291140,46,10:00.0,1,5:00,411
7664299608,U,OB,1,1,230,130482,26,38:00.0,3,11:00,411
7664299653,U,OB,1,1,197,130449,58,02:00.0,6,15:00,411
7664299680,U,OB,1,1,618,129863,43,58:00.0,7,8:00,411
7664299718,U,OB,1,1,470,123183,55,28:00.0,7,9:00,411
7664299763,U,OB,1,1,248,132674,72,14:00.0,4,14:00,411
7664299772,U,OB,1,1,145,129853,40,47:00.0,5,21:00,411
766429980X,U,OB,1,1,313,129853,40,58:00.0,5,21:00,411
766429980X,U,OB,1,1,313,129853,37,12:00.0,6,0:00,411
7664299828,U,OB,1,1,955,130449,58,46:00.0,6,20:00,411
7664299873,U,OB,1,1,140,131793,43,56:00.0,7,13:00,411
7664299882,U,OB,1,1,370,131793,43,57:00.0,7,13:00,411
7664299891,U,OB,1,2,1170,126586,39,34:00.0,6,15:00,411
7664300010,U,OB,1,1,130,129542,43,59:00.0,3,19:00,411
7664300066,U,OB,1,2,901,291008,88,01:00.0,7,20:00,411
7664300102,U,OB,1,2,1400,135509,52,25:00.0,5,14:00,411
7664300185,U,OB,1,1,365,128640,96,36:00.0,6,22:00,411
7664300194,U,OB,1,1,200,140160,43,18:00.0,6,11:00,411
7664300405,U,OB,1,1,255,132674,72,18:00.0,4,14:00,411
7664300432,U,OB,1,1,220,130449,58,50:00.0,6,15:00,411
7664300441,U,OB,1,1,160,136125,67,32:00.0,6,12:00,411
7664300450,U,OB,1,1,354,128640,96,13:00.0,7,1:00,411
766430046X,U,OB,1,1,516,128640,96,26:00.0,7,0:00,411
7664300634,U,OB,1,2,310,131793,43,04:00.0,7,13:00,411
7664301074,U,OB,1,161,5672,127036,22,14:00.0,4,7:00,411
7664301083,U,OB,1,29,829,127036,22,28:00.0,4,4:00,411
7664301166,U,OB,1,40,880,138649,84,54:00.0,1,22:00,411
7664301193,U,OB,1,26,891,R621615905,69,36:00.0,5,19:00,411
7664301267,U,OB,1,51,1574,125540,22,40:00.0,3,0:00,411
766430134X,U,CTY,1,78,1662,125881,232,51:00.0,5,13:00,411
7664301359,U,OB,1,27,672,125881,63,48:00.0,4,21:00,411
7664301368,U,OB,1,36,765,125881,63,48:00.0,4,21:00,411
7664301431,U,OB,1,30,660,121937,55,24:00.0,6,9:00,411
7664301440,U,CTY,1,88,1801,129696,208,24:00.0,5,8:00,411
7664301440,U,CTY,1,88,1801,129696,224,45:00.0,4,12:00,411
766430145X,U,CTY,1,124,3161,136926,192,16:00.0,6,13:00,411
7664301469,U,CTY,1,110,2383,136926,192,32:00.0,6,10:00,411
7664301478,U,CTY,1,80,1537,136926,192,46:00.0,6,7:00,411
7664301487,U,CTY,1,20,2003,136926,192,38:00.0,6,6:00,411
7664301496,U,CTY,1,16,1901,136926,192,53:00.0,6,5:00,411
7664301505,U,CTY,1,51,1048,136926,192,47:00.0,6,13:00,411
7664301817,U,OB,1,1,245,130482,26,55:00.0,3,11:00,411
7664301909,U,OB,1,1,380,125881,63,51:00.0,4,19:00,411
7664301927,U,OB,1,1,685,126586,39,35:00.0,6,17:00,411
7664301945,U,OB,1,2,470,126586,39,39:00.0,6,16:00,411
7664302459,U,OB,1,4,1922,122418,52,07:00.0,5,21:00,411
7664302587,U,OB,1,1,400,130911,52,58:00.0,7,6:00,411
7664302605,U,OB,1,1,565,134040,51,22:00.0,7,8:00,411
7664303512,U,OB,1,3,1630,137603,39,53:00.0,7,21:00,411
7664303521,U,OB,1,3,449,135636,50,25:00.0,5,7:00,411
7664303530,U,OB,1,2,347,135636,50,54:00.0,5,6:00,411
7664304365,U,OB,1,1,225,126586,39,22:00.0,6,15:00,411
7664304668,U,OB,1,1,258,128551,43,13:00.0,2,18:00,411
7664304823,U,OB,1,2,976,202256,74,48:00.0,3,11:00,411
7664304998,U,OB,1,1,190,136125,67,27:00.0,6,12:00,411
7664305510,U,OB,1,1,164,122820,52,11:00.0,7,22:00,411
7664306042,U,OB,1,1,2211,126145,49,49:00.0,3,13:00,411
7664308545,U,OB,1,1,353,130911,52,11:00.0,7,7:00,411
7664308563,U,OB,1,1,130,136125,67,05:00.0,6,13:00,411
7664308572,U,OB,1,1,332,136125,67,41:00.0,6,12:00,411
7664308581,U,OB,1,3,305,136125,67,44:00.0,6,12:00,411
766430860X,U,OB,1,2,276,130911,52,27:00.0,7,6:00,411
7664308619,U,OB,1,1,130,140160,43,36:00.0,6,10:00,411
7664308810,U,CTY,1,2,2640,126743,195,56:00.0,5,9:00,411
7664308839,U,OB,1,1,220,132818,40,45:00.0,4,11:00,411
7664308875,U,OB,1,1,219,134634,39,25:00.0,6,13:00,411
766430893X,U,OB,1,1,225,140313,73,37:00.0,5,7:00,411
766431135X,U,OB,1,1,548,125881,63,47:00.0,4,19:00,411
7664311414,U,OB,1,2,3575,130449,58,00:00.0,6,18:00,411
7664311726,U,OB,1,16,800,129853,40,02:00.0,5,21:00,411
7664311735,U,OB,1,1,125,R621615905,69,35:00.0,5,15:00,411
7664311964,U,IB,1,1,1700,136417,101,06:00.0,1,4:00,411
7664311973,U,OB,1,1,903,130930,52,36:00.0,3,4:00,411
7664311982,U,OB,1,1,589,129542,43,22:00.0,3,16:00,411
7664312000,U,OB,1,3,4930,139697,49,18:00.0,3,21:00,411
7664312029,U,OB,1,1,496,125712,46,06:00.0,3,8:00,411
7664312056,U,OB,1,5,488,125712,46,07:00.0,3,10:00,411
7664312092,U,OB,1,7,660,134974,50,29:00.0,5,8:00,411
766431355X,U,OB,1,4,270,122820,52,01:00.0,7,22:00,411
7664315778,U,OB,1,4,357,132935,39,21:00.0,5,16:00,411
7664318371,U,OB,1,1,610,291278,75,06:00.0,1,11:00,411
7664320443,U,OB,1,5,540,128551,43,05:00.0,2,19:00,411
766432048X,U,OB,1,1,714,134706,63,54:00.0,1,1:00,411
7664323092,U,OB,1,1,725,123183,55,27:00.0,7,11:00,411
766432312X,U,OB,1,1,482,131173,86,11:00.0,5,15:00,411
7664323139,U,OB,1,1,482,131248,49,17:00.0,5,11:00,411
7664323285,U,OB,1,1,408,139653,87,07:00.0,6,11:00,411
7664323294,U,OB,1,1,348,139653,87,27:00.0,6,11:00,411
7664323303,U,OB,1,1,532,290395,31,46:00.0,5,21:00,411
7664323359,U,OB,1,1,413,139653,87,29:00.0,6,10:00,411
7664323368,U,CTY,1,1,407,139653,186,08:00.0,6,14:00,411
7664323368,U,OB,1,1,407,139653,87,33:00.0,6,11:00,411
7664323377,U,OB,1,1,532,290395,31,56:00.0,5,22:00,411
7664323395,U,OB,1,1,532,121937,55,31:00.0,6,9:00,411
7664323404,U,CTY,1,1,440,290395,231,28:00.0,6,19:00,411
7664323404,U,OB,1,1,440,290395,31,01:00.0,5,22:00,411
7664323422,U,OB,1,1,348,290395,31,22:00.0,5,22:00,411
766432345X,U,OB,1,1,472,139653,87,45:00.0,6,10:00,411
7664323478,U,OB,1,1,719,136720,38,42:00.0,7,5:00,411
7664323505,U,OB,1,1,440,121937,55,42:00.0,6,8:00,411
7664325806,U,CTY,1,2,1275,202181,195,08:00.0,2,0:00,411
7664325806,U,OB,1,2,1275,202181,39,15:00.0,1,7:00,411
7664325815,U,OB,1,2,1325,135615,53,35:00.0,6,18:00,411
7664325824,U,OB,1,2,1255,123183,55,19:00.0,7,12:00,411
7664325907,U,IB,1,1,548,135193,150,27:00.0,4,15:00,411
7664325916,U,OB,1,1,548,133176,32,12:00.0,4,14:00,411
7664325952,U,IB,1,2,648,135193,150,32:00.0,4,15:00,411
7664326044,U,OB,1,1,450,290096,26,22:00.0,5,12:00,411
7664327539,U,OB,1,1,500,281072,60,37:00.0,1,0:00,411
7664327539,U,OB,1,1,500,281072,41,23:00.0,1,18:00,411
7664327593,U,OB,1,1,456,128106,63,17:00.0,4,6:00,411
7664327667,U,OB,1,1,320,122820,52,33:00.0,1,1:00,411
7664327840,U,OB,1,1,500,291278,75,11:00.0,1,11:00,411
766432785X,U,OB,1,2,2000,131793,43,47:00.0,7,10:00,411
7664327932,U,OB,1,1,626,280868,89,22:00.0,5,22:00,411
7664328042,U,OB,1,3,262,129622,17,44:00.0,5,14:00,411
766432807X,U,OB,1,1,140,135025,39,39:00.0,6,22:00,411
7664329802,U,OB,1,1,345,137640,60,18:00.0,5,20:00,411
7664329849,U,OB,1,1,373,132838,69,21:00.0,6,13:00,411
7664330031,U,OB,1,1,183,291140,46,48:00.0,1,3:00,411
7664330078,U,OB,1,1,481,127945,48,16:00.0,5,2:00,411
7664330179,U,OB,1,1,214,131779,43,03:00.0,6,21:00,411
7664330197,U,OB,1,1,329,131779,43,23:00.0,6,21:00,411
7664330462,U,OB,1,1,316,139653,87,26:00.0,6,10:00,411
7664330581,U,IB,1,1,495,291148,164,13:00.0,5,16:00,411
7664330590,U,IB,1,1,428,291148,164,07:00.0,5,16:00,411
766433060X,U,OB,1,1,342,140160,43,45:00.0,6,10:00,411
7664330664,U,OB,1,1,190,129896,17,05:00.0,5,17:00,411
7664330729,U,OB,1,1,284,135509,52,44:00.0,5,14:00,411
7664330738,U,OB,1,1,223,131779,43,10:00.0,6,21:00,411
7664330810,U,OB,1,1,810,125829,73,57:00.0,2,15:00,411
7664330893,U,OB,1,1,354,291278,75,33:00.0,1,11:00,411
7664334330,U,OB,1,1,146,130449,58,16:00.0,6,18:00,411
7664334386,U,OB,1,1,151,130449,58,36:00.0,6,18:00,411
766433489X,U,OB,1,1,119,278731,49,34:00.0,3,10:00,411
7664334918,U,OB,1,4,194,278731,49,00:00.0,3,7:00,411
7664337109,U,OB,1,1,460,129863,43,24:00.0,7,11:00,411
7664337466,U,OB,1,1,401,281072,60,30:00.0,7,22:00,411
7664338566,U,OB,1,1,406,137603,39,13:00.0,7,22:00,411
7664338602,U,OB,1,1,401,132935,39,29:00.0,5,16:00,411
7664338611,U,OB,1,1,406,132935,39,15:00.0,5,12:00,411
7664338658,U,OB,1,1,1356,133519,43,12:00.0,4,15:00,411
7664338685,U,OB,1,1,401,290395,31,57:00.0,5,21:00,411
7664339464,U,OB,1,1,193,131173,86,02:00.0,5,16:00,411
7664339666,U,CTY,1,1,3540,122820,N12 ,53:00.0,1,1:00,411
7664339749,U,OB,1,5,859,122418,52,15:00.0,5,21:00,411
7664339758,U,OB,1,3,4495,119073,55,27:00.0,7,18:00,411
7664340308,U,OB,1,1,8,130911,52,07:00.0,7,7:00,411
7664340317,U,OB,1,1,35,R621615905,69,36:00.0,5,21:00,411
7664340344,U,OB,1,2,35,122820,52,59:00.0,7,22:00,411
7664340912,U,OB,1,3,1980,290646,67,02:00.0,1,22:00,411
7664341004,U,OB,1,4,2470,130911,52,01:00.0,7,7:00,411
766434182X,U,OB,1,1,150,133233,63,18:00.0,4,7:00,411
7664341839,U,OB,1,1,145,135636,50,16:00.0,5,7:00,411
7664341848,U,OB,1,1,220,290395,31,36:00.0,5,21:00,411
7664341857,U,OB,1,1,540,130780,72,10:00.0,6,13:00,411
7664341958,U,OB,1,1,245,119073,55,16:00.0,7,15:00,411
7664344643,U,OB,1,1,510,126522,17,48:00.0,7,16:00,411
7664344708,U,OB,1,3,2722,125829,73,30:00.0,2,15:00,411
7664344717,U,OB,1,3,1745,125829,73,18:00.0,2,15:00,411
7664346376,U,OB,1,1,187,132818,40,53:00.0,4,12:00,411
7664346403,U,OB,1,1,185,132818,40,41:00.0,4,12:00,411
7664346412,U,OB,1,1,187,132818,40,53:00.0,4,12:00,411
7664346421,U,OB,1,1,185,132818,40,53:00.0,4,12:00,411
766434644X,U,OB,1,1,185,200486,50,50:00.0,4,6:00,411
7664346477,U,OB,1,1,216,129573,52,50:00.0,4,3:00,411
7664346486,U,OB,1,1,132,200486,50,40:00.0,4,6:00,411
7664348439,U,OB,1,1,38,128640,96,43:00.0,6,22:00,411
7664349099,U,OB,1,1,170,129573,52,48:00.0,4,3:00,411
7664349126,U,OB,1,1,10,123901,69,14:00.0,5,14:00,411
7664349135,U,OB,1,1,260,140313,73,30:00.0,5,7:00,411
7664354947,U,OB,1,2,1830,136908,39,23:00.0,7,12:00,411
7664354992,U,OB,1,2,690,133549,69,21:00.0,5,4:00,411
7664355589,U,OB,1,1,2030,130449,58,18:00.0,6,16:00,411
7664356377,U,OB,1,1,78,126283,49,53:00.0,7,11:00,411
7664357623,U,OB,1,2,3330,119405,50,28:00.0,1,2:00,411
7664357650,U,OB,1,1,1570,119405,50,06:00.0,1,2:00,411
7664357688,U,OB,1,8,1123,135636,50,05:00.0,5,8:00,411
7664357697,U,OB,1,2,2157,121937,55,07:00.0,6,7:00,411
7664360703,U,OB,1,1,715,123107,72,57:00.0,3,3:00,411
7664364095,U,OB,1,1,580,291140,46,50:00.0,1,4:00,411
7664364169,U,OB,1,2,3655,129890,31,12:00.0,7,22:00,411
7664364250,U,OB,1,2,3367,128106,63,30:00.0,4,6:00,411
766436503X,U,OB,1,1,264,129853,40,27:00.0,5,14:00,411
7664365049,U,OB,1,1,422,129853,40,22:00.0,5,14:00,411
7664365085,U,OB,1,1,234,281393,22,47:00.0,4,16:00,411
7664367404,U,OB,1,5,2792,131248,49,06:00.0,5,13:00,411
7664367487,U,OB,1,1,725,133176,32,32:00.0,4,15:00,411
7664368816,U,OB,1,2,3080,126586,39,11:00.0,6,16:00,411
7664368870,U,OB,1,5,5182,126586,39,56:00.0,6,15:00,411
7664368953,U,OB,1,4,2311,122820,52,19:00.0,1,2:00,411
7664371144,U,OB,1,1,380,129573,52,15:00.0,4,4:00,411
766437119X,U,OB,1,1,900,137023,69,31:00.0,1,3:00,411
7664371245,U,OB,1,1,64,139697,49,19:00.0,3,16:00,411
766437130X,U,OB,1,1,815,130482,26,23:00.0,3,11:00,411
7664371337,U,OB,1,4,3678,127740,50,44:00.0,3,9:00,411
7664371355,U,OB,1,1,380,127740,50,30:00.0,3,10:00,411
7664371400,U,OB,1,3,1238,130449,58,24:00.0,6,15:00,411
7664371429,U,OB,1,1,312,130521,51,29:00.0,3,9:00,411
7664372538,U,OB,1,2,944,133519,43,40:00.0,4,16:00,411
7664372556,U,OB,1,2,1600,134526,48,30:00.0,4,12:00,411
7664372610,U,OB,1,1,1000,119073,55,07:00.0,7,18:00,411
766437262X,U,OB,1,2,2466,130780,72,11:00.0,6,15:00,411
7664372931,U,OB,1,3,1986,131793,43,08:00.0,7,13:00,411
7664372969,U,OB,1,1,200,131793,43,29:00.0,7,13:00,411
7664372978,U,OB,1,1,250,278731,49,50:00.0,3,10:00,411
7664374884,U,OB,1,9,1917,134706,63,13:00.0,1,0:00,411
7664374985,U,OB,1,3,235,122907,50,52:00.0,1,16:00,411
7664375059,U,OB,1,4,440,135509,52,34:00.0,5,14:00,411
7664375187,U,CTY,1,4,1475,136125,O   ,05:00.0,7,0:00,411
7664375187,U,OB,1,4,1475,136125,67,49:00.0,6,17:00,411
7664375241,U,OB,1,6,2375,135509,52,27:00.0,5,15:00,411
7664388268,U,OB,1,1,762,129863,43,17:00.0,7,8:00,411
7664388634,U,OB,1,1,1945,211778,17,27:00.0,4,8:00,411
7664388845,U,OB,1,3,1290,132818,40,15:00.0,4,14:00,411
7664388854,U,OB,1,1,90,137227,40,09:00.0,5,18:00,411
7664388872,U,CTY,1,1,275,129503,237,46:00.0,2,19:00,411
7664388872,U,OB,1,1,275,129503,51,48:00.0,7,15:00,411
7664390816,U,OB,1,1,320,125203,63,20:00.0,2,17:00,411
7664414951,U,OB,1,2,1287,45680,67,30:00.0,5,11:00,433
7664417977,U,OB,1,1,345,131790,5,02:00.0,3,9:00,433
7664417986,U,OB,1,1,168,129500,49,04:00.0,3,4:00,433
7664417995,U,OB,1,1,435,129500,49,57:00.0,3,3:00,433
7664418004,U,OB,1,1,275,129500,49,44:00.0,3,4:00,433
7664423275,U,OB,1,1,610,129500,49,54:00.0,3,4:00,433
7664423320,U,OB,1,3,7500,290257,31,40:00.0,5,12:00,433
766442333X,U,OB,1,1,160,131324,14,55:00.0,5,9:00,433
7664423376,U,OB,1,1,1298,128090,26,01:00.0,7,12:00,433
7664423385,U,OB,1,1,420,128090,26,27:00.0,7,11:00,433
7664423403,U,OB,1,6,6466,127860,60,02:00.0,4,8:00,433
7664425172,U,OB,1,2,1210,138036,47,53:00.0,1,9:00,433
766442520X,U,OB,1,3,2223,129729,52,03:00.0,5,23:00,433
7664425237,U,OB,1,2,1041,136776,50,08:00.0,7,7:00,433
7664425246,U,OB,1,5,3535,123950,18,39:00.0,4,12:00,433
7664425255,U,OB,1,3,1740,136298,58,03:00.0,6,7:00,433
7664425549,U,OB,1,3,1820,136097,46,40:00.0,3,17:00,433
7664425558,U,OB,1,4,2425,138184,52,13:00.0,3,15:00,433
7664425576,U,OB,1,3,1820,138184,52,19:00.0,3,14:00,433
7664425603,U,OB,1,2,1210,136097,46,30:00.0,3,17:00,433
7664425612,U,OB,1,3,1820,138152,48,44:00.0,3,17:00,433
7664425677,U,OB,1,1,606,134015,72,04:00.0,4,11:00,433
7664425740,U,OB,1,1,380,129729,52,42:00.0,5,22:00,433
766442575X,U,OB,1,4,2285,129729,52,32:00.0,5,23:00,433
7664425841,U,OB,1,2,1406,118588,96,46:00.0,7,6:00,433
7664425888,U,OB,1,2,1086,119135,49,59:00.0,6,13:00,433
7664425897,U,OB,1,1,1734,139734,31,41:00.0,5,8:00,433
7664425924,U,OB,1,2,1092,134673,22,38:00.0,7,9:00,433
7664425933,U,OB,1,2,1092,129514,26,03:00.0,6,13:00,433
7664425942,U,OB,1,5,2870,125271,32,06:00.0,6,14:00,433
7664425989,U,OB,1,1,704,277828,40,56:00.0,5,12:00,433
7664425998,U,OB,1,4,3320,131883,46,09:00.0,6,7:00,433
7664433303,U,IB,1,1,385,132803,101,55:00.0,4,5:00,433
7664433597,U,OB,1,2,528,136358,60,19:00.0,4,2:00,433
7664433606,U,OB,1,3,648,140045,32,09:00.0,5,16:00,433
7664433615,U,OB,1,2,580,128874,17,24:00.0,1,11:00,433
7664433624,U,OB,1,2,408,128874,17,27:00.0,1,11:00,433
7664433633,U,OB,1,2,408,135167,32,03:00.0,5,7:00,433
7664433642,U,OB,1,1,253,126202,55,01:00.0,4,5:00,433
7664433651,U,OB,1,3,785,125735,53,59:00.0,6,9:00,433
7664437721,U,OB,1,1,15,139659,38,18:00.0,3,2:00,433
766443774X,U,OB,1,3,2356,121678,90,14:00.0,6,6:00,433
7664439041,U,OB,1,2,1002,291219,48,44:00.0,7,5:00,433
7664439050,U,OB,1,1,1085,291219,48,24:00.0,7,5:00,433
7664439133,U,OB,1,1,1793,530856,73,12:00.0,1,10:00,433
7664439142,U,OB,1,1,710,138152,48,08:00.0,3,18:00,433
7664439160,U,OB,1,3,1590,138152,48,37:00.0,3,18:00,433
766443917X,U,OB,1,3,161,118588,96,04:00.0,7,10:00,433
7664439207,U,OB,1,1,85,122948,88,00:00.0,6,15:00,433
7664439216,U,OB,1,4,5053,130844,40,50:00.0,1,14:00,433
7664439243,U,OB,1,1,2,291281,46,48:00.0,5,4:00,433
7664439252,U,OB,1,10,6759,291281,46,48:00.0,5,4:00,433
7664439371,U,OB,1,5,1415,129500,49,56:00.0,3,5:00,433
766443939X,U,OB,1,1,143,129500,49,41:00.0,3,5:00,433
7664439418,U,OB,1,1,185,129500,49,43:00.0,3,5:00,433
7664439427,U,OB,1,2,457,133913,40,52:00.0,4,1:00,433
7664439454,U,OB,1,2,456,127193,84,50:00.0,7,7:00,433
7664439481,U,OB,1,2,464,277458,48,59:00.0,6,18:00,433
7664439490,U,OB,1,3,780,431209,26,09:00.0,7,18:00,433
7664439490,U,OB,1,3,780,431209,13,07:00.0,2,13:00,433
766443950X,U,OB,1,2,456,121875,51,25:00.0,3,20:00,433
7664441636,U,OB,1,1,470,261017,63,19:00.0,6,6:00,433
7664442763,U,OB,1,1,194,139659,38,49:00.0,3,1:00,433
7664442790,U,OB,1,1,181,129500,49,48:00.0,3,3:00,433
7664442846,U,OB,1,5,1480,139659,38,49:00.0,3,1:00,433
7664442855,U,OB,1,1,585,281124,43,46:00.0,5,7:00,433
7664442864,U,OB,1,1,631,281124,43,41:00.0,5,6:00,433
7664442873,U,OB,1,3,1483,136516,89,08:00.0,5,11:00,433
7664442891,U,OB,1,3,1493,136516,89,44:00.0,5,7:00,433
7664442900,U,OB,1,3,1308,281124,43,37:00.0,5,7:00,433
766444291X,U,OB,1,5,1040,281124,43,55:00.0,5,8:00,433
7664442938,U,OB,1,1,205,281124,43,32:00.0,5,6:00,433
7664442974,U,OB,1,5,1672,124123,43,43:00.0,1,19:00,433
7664442974,U,OB,1,5,1672,124123,91,44:00.0,1,19:00,433
7664442983,U,OB,1,5,1584,134487,75,42:00.0,7,22:00,433
7664442992,U,OB,1,5,1600,124123,44,39:00.0,1,18:00,433
7664442992,U,OB,1,5,1600,124123,43,38:00.0,1,18:00,433
766444456X,U,OB,1,2,500,130908,60,20:00.0,3,13:00,433
7664444579,U,OB,1,1,325,130908,60,14:00.0,3,13:00,433
7664444642,U,OB,1,1,356,130908,60,25:00.0,3,13:00,433
7664444689,U,OB,1,1,280,138710,58,55:00.0,4,6:00,433
7664444707,U,OB,1,1,599,138710,58,00:00.0,4,7:00,433
7664444752,U,OB,1,1,487,138710,58,07:00.0,4,7:00,433
7664459593,U,OB,1,2,1754,128090,26,27:00.0,7,12:00,433
7664459602,U,OB,1,4,2569,136855,73,57:00.0,4,6:00,433
7664459611,U,OB,1,1,785,125735,53,11:00.0,6,10:00,433
7664460199,U,OB,1,1,584,132320,49,35:00.0,3,3:00,433
7664460208,U,OB,1,1,111,290367,76,37:00.0,3,7:00,433
7664460327,U,IB,1,2,2010,137630,101,05:00.0,1,11:00,433
7664460336,U,OB,1,1,160,202400,67,31:00.0,3,10:00,433
7664460354,U,OB,1,6,2710,290257,31,37:00.0,5,11:00,433
7664460363,U,OB,1,4,2615,290367,76,58:00.0,3,8:00,433
7664460372,U,OB,1,4,3050,128515,40,29:00.0,3,5:00,433
7664460381,U,OB,1,6,2505,127404,15,00:00.0,4,13:00,433
7664460381,U,OB,1,6,2505,127404,15,00:00.0,4,13:00,433
766446040X,U,CTY,1,1,160,128784,J   ,54:00.0,7,8:00,433
7664460419,U,OB,1,4,4160,132278,69,43:00.0,7,8:00,433
7664463535,U,OB,1,1,399,129500,49,01:00.0,3,5:00,433
7664463553,U,OB,1,1,150,202400,67,36:00.0,3,11:00,433
7664463746,U,OB,1,1,265,138036,47,25:00.0,1,10:00,433
7664464269,U,OB,1,1,320,130708,49,15:00.0,5,10:00,433
7664464296,U,OB,1,2,535,118588,96,33:00.0,7,7:00,433
7664465075,U,OB,1,1,298,136298,58,54:00.0,6,4:00,433
7664465268,U,OB,1,1,415,136298,58,33:00.0,6,6:00,433
7664465277,U,OB,1,1,277,136298,58,08:00.0,6,5:00,433
7664465286,U,OB,1,1,244,136298,58,27:00.0,6,6:00,433
7664465331,U,OB,1,1,282,136298,58,35:00.0,6,6:00,433
7664465340,U,OB,1,1,153,136298,58,18:00.0,6,6:00,433
7664465405,U,OB,1,1,194,136298,58,22:00.0,6,6:00,433
7664465423,U,OB,1,1,262,136298,58,24:00.0,6,6:00,433
7664465432,U,OB,1,2,2525,132320,49,17:00.0,3,5:00,433
7664467578,U,OB,1,1,597,136358,60,08:00.0,4,3:00,433
7664467587,U,OB,1,1,279,136358,60,11:00.0,4,3:00,433
7664467596,U,OB,1,1,215,136358,60,00:00.0,4,3:00,433
7664467614,U,OB,1,1,168,136358,60,14:00.0,4,3:00,433
766446766X,U,OB,1,1,237,136358,60,07:00.0,4,2:00,433
7664467679,U,OB,1,1,225,136358,60,31:00.0,4,2:00,433
766446788X,U,OB,1,1,220,129500,49,07:00.0,3,5:00,433
7664467908,U,OB,1,1,483,129500,49,47:00.0,3,4:00,433
7664467917,U,OB,1,1,330,129500,49,19:00.0,3,5:00,433
7664467935,U,OB,1,1,385,129500,49,51:00.0,3,4:00,433
7664467944,U,OB,1,1,375,202400,67,33:00.0,3,11:00,433
7664467953,U,OB,1,1,150,202400,67,43:00.0,3,11:00,433
7664467962,U,OB,1,1,367,129500,49,52:00.0,3,5:00,433
7664467971,U,OB,1,1,225,129500,49,46:00.0,3,5:00,433
7664468119,U,OB,1,4,5111,126076,31,51:00.0,1,9:00,433
7664469850,U,OB,1,1,668,136268,49,14:00.0,3,5:00,433
766446986X,U,OB,1,1,279,291199,11,29:00.0,3,6:00,433
766447008X,U,OB,1,1,470,136268,49,04:00.0,3,5:00,433
7664470108,U,OB,1,1,704,138472,14,17:00.0,7,8:00,433
7664470355,U,OB,1,1,238,559674,49,47:00.0,5,12:00,433
7664470400,U,OB,1,1,595,126047,22,44:00.0,7,15:00,433
7664470400,U,OB,1,1,595,126047,41,29:00.0,7,17:00,433
7664470438,U,OB,1,1,329,126047,22,53:00.0,7,15:00,433
7664470483,U,OB,1,1,239,136268,49,45:00.0,3,4:00,433
7664471767,U,OB,1,1,115,123950,18,49:00.0,4,11:00,433
7664471803,U,OB,1,1,130,121678,90,17:00.0,6,6:00,433
7664471904,U,OB,1,3,3510,131160,46,41:00.0,3,17:00,433
766447195X,U,OB,1,2,579,129514,26,46:00.0,6,12:00,433
7664471969,U,OB,1,4,3300,128784,31,55:00.0,7,11:00,433
7664471978,U,OB,1,2,2190,129899,72,40:00.0,1,6:00,433
7664472005,U,OB,1,4,11560,125240,31,42:00.0,4,14:00,433
7664473078,U,IB,1,2,65,137630,101,13:00.0,1,18:00,433
7664473087,U,OB,1,2,1730,136776,50,23:00.0,7,7:00,433
7664473289,U,OB,1,4,1445,124263,92,32:00.0,7,6:00,433
7664473289,U,OB,1,4,1445,124263,50,47:00.0,7,2:00,433
7664473298,U,OB,1,2,610,134487,75,55:00.0,7,21:00,433
7664473307,U,OB,1,1,836,131137,53,56:00.0,1,8:00,433
7664473316,U,OB,1,5,3485,134487,75,10:00.0,7,22:00,433
7664473325,U,OB,1,2,838,129760,63,48:00.0,3,15:00,433
7664477359,U,OB,1,2,900,140045,32,35:00.0,5,13:00,433
7664480603,U,OB,1,2,355,131883,46,52:00.0,6,6:00,433
7664480823,U,OB,1,1,137,136516,89,47:00.0,5,8:00,433
7664480841,U,OB,1,3,560,125049,18,39:00.0,7,3:00,433
7664480850,U,OB,1,2,415,279237,43,03:00.0,1,16:00,433
7664480906,U,OB,1,1,137,128075,51,16:00.0,5,5:00,433
7664480915,U,OB,1,3,411,128075,51,39:00.0,5,5:00,433
7664481539,U,OB,1,1,173,123950,18,29:00.0,4,10:00,433
7664481575,U,OB,1,4,8501,123950,18,34:00.0,4,11:00,433
7664481584,U,OB,1,1,1786,126541,63,48:00.0,4,3:00,433
7664481593,U,OB,1,1,2125,128075,51,37:00.0,5,9:00,433
7664481611,U,OB,1,1,2160,123950,18,02:00.0,4,11:00,433
7664481667,U,OB,1,1,1563,128075,51,59:00.0,5,6:00,433
7664481676,U,OB,1,1,1172,128075,51,57:00.0,5,6:00,433
7664481694,U,OB,1,1,90,134015,72,48:00.0,4,12:00,433
766448174X,U,OB,1,1,594,261017,63,16:00.0,6,6:00,433
7664481759,U,OB,1,1,2115,261017,63,10:00.0,6,6:00,433
7664483710,U,OB,1,2,1482,135585,40,02:00.0,4,9:00,433
7664483802,U,OB,1,18,225,125240,31,28:00.0,4,14:00,433
7664483811,U,OB,1,1,645,125240,31,43:00.0,4,13:00,433
7664484765,U,OB,1,1,728,129725,53,35:00.0,5,14:00,433
7664484774,U,OB,1,1,446,129725,53,31:00.0,5,14:00,433
7664484801,U,OB,1,1,300,202565,52,15:00.0,1,15:00,433
7664484810,U,OB,1,1,300,202565,52,14:00.0,1,15:00,433
766448482X,U,OB,1,1,300,202565,52,14:00.0,1,15:00,433
7664484839,U,OB,1,1,300,202565,52,15:00.0,1,15:00,433
7664484848,U,OB,1,1,300,202565,52,15:00.0,1,15:00,433
7664484875,U,OB,1,12,1603,202565,52,19:00.0,1,17:00,433
7664484884,U,OB,1,1,172,279237,43,34:00.0,1,15:00,433
7664484893,U,OB,1,1,44,530856,73,18:00.0,1,12:00,433
7664484902,U,OB,1,1,60,126541,63,52:00.0,4,4:00,433
7664484911,U,OB,1,1,125,134015,72,40:00.0,4,13:00,433
7664484976,U,OB,1,1,766,128075,51,53:00.0,5,8:00,433
7664484985,U,OB,1,1,122,134015,72,45:00.0,4,12:00,433
7664485068,U,OB,1,1,240,133913,40,10:00.0,4,3:00,433
7664485086,U,OB,1,1,538,136358,60,03:00.0,4,2:00,433
7664485104,U,OB,1,1,2168,135730,52,27:00.0,3,2:00,433
766448526X,U,OB,1,1,560,133913,40,27:00.0,4,3:00,433
7664485279,U,OB,1,1,2160,133913,40,32:00.0,4,3:00,433
7664485297,U,OB,1,1,535,134468,76,53:00.0,4,10:00,433
7664485306,U,OB,1,1,535,134468,76,49:00.0,4,10:00,433
7664485315,U,OB,1,2,4040,129500,49,26:00.0,3,3:00,433
7664485324,U,OB,1,1,2160,131790,5,22:00.0,3,9:00,433
7664485333,U,OB,1,1,2115,131790,33,43:00.0,3,9:00,433
7664485333,U,OB,1,1,2115,131790,5,18:00.0,3,9:00,433
7664485342,U,OB,1,2,4320,135730,52,21:00.0,3,2:00,433
7664487277,U,OB,1,3,1125,134468,76,27:00.0,4,9:00,433
7664487286,U,OB,1,1,566,134468,76,42:00.0,4,10:00,433
7664487295,U,IB,1,1,225,134490,117,08:00.0,5,4:00,433
7664487313,U,OB,1,2,684,137031,46,39:00.0,6,3:00,433
7664487322,U,OB,1,1,83,137031,46,12:00.0,6,4:00,433
7664487331,U,OB,1,1,944,261017,63,42:00.0,6,3:00,433
7664487340,U,OB,1,1,1320,132320,49,17:00.0,3,3:00,433
7664487369,U,OB,1,1,88,128075,51,37:00.0,5,4:00,433
7664488514,U,OB,1,1,189,129760,63,05:00.0,3,15:00,433
7664488523,U,OB,1,1,235,121875,51,15:00.0,3,20:00,433
7664488541,U,OB,1,1,339,129760,63,57:00.0,3,14:00,433
7664488541,U,OB,1,1,339,129760,34,25:00.0,3,16:00,433
7664488550,U,OB,1,1,367,129760,63,35:00.0,3,15:00,433
766448856X,U,OB,1,1,347,129760,63,40:00.0,3,15:00,433
7664488579,U,OB,1,1,329,130908,60,23:00.0,3,10:00,433
7664488588,U,OB,1,1,110,130908,60,19:00.0,3,10:00,433
7664488606,U,OB,1,1,118,129760,63,52:00.0,3,14:00,433
7664488606,U,OB,1,1,118,129760,34,25:00.0,3,16:00,433
7664488624,U,OB,1,1,468,129760,63,40:00.0,3,14:00,433
7664488642,U,OB,1,2,690,129760,63,43:00.0,3,14:00,433
7664488660,U,OB,1,1,160,130908,60,02:00.0,3,11:00,433
766448867X,U,OB,1,1,270,129760,63,14:00.0,3,14:00,433
766448867X,U,OB,1,1,270,129760,22,51:00.0,4,10:00,433
7664488689,U,OB,1,1,160,130908,60,23:00.0,3,10:00,433
7664488698,U,OB,1,2,995,121751,43,03:00.0,3,19:00,433
7664488716,U,OB,1,1,371,117384,40,26:00.0,5,6:00,433
7664488743,U,OB,1,1,210,126047,22,59:00.0,7,15:00,433
766448878X,U,OB,1,1,235,139734,31,45:00.0,5,6:00,433
7664488799,U,IB,1,1,175,128578,133,46:00.0,4,12:00,433
7664488817,U,OB,1,1,100,140045,32,13:00.0,5,13:00,433
7664488853,U,OB,1,1,405,290274,46,11:00.0,5,19:00,433
7664488862,U,OB,1,1,102,130708,49,10:00.0,5,10:00,433
7664488871,U,OB,1,1,120,140045,32,18:00.0,5,13:00,433
766448889X,U,OB,1,1,100,140045,32,20:00.0,5,13:00,433
7664488909,U,OB,1,2,330,290274,46,37:00.0,5,19:00,433
7664488918,U,OB,1,3,371,290274,46,49:00.0,5,19:00,433
7664488927,U,OB,1,1,120,131160,46,27:00.0,3,16:00,433
7664488990,U,OB,1,1,250,123950,18,53:00.0,4,11:00,433
7664489028,U,OB,1,1,205,128090,26,45:00.0,7,10:00,433
7664489046,U,OB,1,1,130,134673,22,42:00.0,7,18:00,433
7664489055,U,OB,1,1,314,128784,31,03:00.0,7,13:00,433
7664489073,U,IB,1,1,265,128578,133,59:00.0,4,12:00,433
7664489522,U,OB,1,1,180,117384,40,39:00.0,5,4:00,433
7664489531,U,OB,1,1,200,117384,40,31:00.0,5,4:00,433
7664489578,U,IB,1,1,330,128578,133,36:00.0,4,12:00,433
7664489596,U,IB,1,1,100,128578,133,41:00.0,4,12:00,433
7664492768,U,OB,1,1,576,135485,89,09:00.0,1,10:00,433
7664492786,U,OB,1,1,125,126541,63,03:00.0,4,3:00,433
7664492804,U,OB,1,1,155,123950,18,09:00.0,4,11:00,433
7664492813,U,OB,1,1,134,126541,63,53:00.0,4,2:00,433
7664492822,U,OB,1,1,155,123950,18,46:00.0,4,11:00,433
7664492831,U,OB,1,2,1323,124123,43,25:00.0,1,16:00,433
7664492840,U,OB,1,2,1319,431209,26,13:00.0,7,16:00,433
7664492869,U,OB,1,2,1319,290164,17,25:00.0,7,22:00,433
7664493015,U,OB,1,1,319,135253,32,05:00.0,3,15:00,433
7664493024,U,OB,1,1,216,45680,67,33:00.0,5,11:00,433
7664493033,U,OB,1,2,2200,127375,75,46:00.0,6,10:00,433
7664493042,U,OB,1,2,1882,131883,46,37:00.0,6,6:00,433
7664493051,U,OB,1,2,1920,127375,75,12:00.0,6,11:00,433
766449307X,U,OB,1,2,1920,127375,75,31:00.0,6,10:00,433
7664493089,U,OB,1,2,1956,127375,75,15:00.0,6,11:00,433
7664494701,U,OB,1,2,2290,135485,89,58:00.0,1,9:00,433
7664494710,U,OB,1,1,703,135485,89,00:00.0,1,10:00,433
766449472X,U,OB,1,2,324,202025,95,24:00.0,3,15:00,433
766449472X,U,OB,1,2,324,202025,48,21:00.0,3,12:00,433
7664494748,U,OB,1,2,305,135253,32,48:00.0,3,14:00,433
7664494757,U,OB,1,1,173,202025,48,10:00.0,3,12:00,433
7664495810,U,OB,1,1,135,133457,58,31:00.0,6,11:00,433
7664495839,U,OB,1,2,1301,131137,53,21:00.0,1,9:00,433
7664495848,U,OB,1,2,1329,126076,31,17:00.0,1,9:00,433
7664495857,U,OB,1,2,1306,431209,26,12:00.0,7,17:00,433
7664495884,U,OB,1,1,600,131137,53,53:00.0,1,8:00,433
7664495893,U,OB,1,1,456,131160,46,25:00.0,3,17:00,433
7664495920,U,OB,1,2,476,131160,46,13:00.0,3,17:00,433
766449593X,U,OB,1,1,267,131160,46,00:00.0,3,17:00,433
7664496003,U,OB,1,2,370,559674,49,36:00.0,5,9:00,433
7664496764,U,OB,1,1,1660,122948,88,44:00.0,6,15:00,433
7664496782,U,OB,1,2,2700,126076,31,51:00.0,1,9:00,433
7664496800,U,OB,1,1,1333,122948,88,24:00.0,6,15:00,433
7664496829,U,OB,1,1,497,122948,88,10:00.0,6,15:00,433
7664496856,U,OB,1,1,613,122948,88,58:00.0,6,15:00,433
7664496910,U,OB,1,1,478,559674,49,39:00.0,5,9:00,433
7664496957,U,OB,1,1,269,559674,49,04:00.0,5,9:00,433
7664496966,U,OB,1,1,316,559674,49,25:00.0,5,11:00,433
7664497332,U,OB,1,1,688,136097,46,01:00.0,3,17:00,433
766449736X,U,OB,1,1,287,136097,46,33:00.0,3,17:00,433
7664497406,U,OB,1,1,665,136097,46,46:00.0,3,17:00,433
7664497433,U,OB,1,1,232,136097,46,42:00.0,3,17:00,433
7664497451,U,OB,1,1,299,136097,46,17:00.0,3,17:00,433
766449747X,U,OB,1,1,295,136097,46,19:00.0,3,17:00,433
7664497498,U,OB,1,1,391,136097,46,50:00.0,3,17:00,433
7664498542,U,OB,1,1,150,136358,60,27:00.0,4,2:00,433
7664498551,U,OB,1,1,242,136358,60,35:00.0,4,2:00,433
7664498598,U,OB,1,1,331,136358,60,58:00.0,4,2:00,433
7664498607,U,OB,1,1,360,45680,67,45:00.0,5,12:00,433
7664498699,U,OB,1,1,150,45680,67,43:00.0,5,12:00,433
7664498708,U,OB,1,1,305,45680,67,00:00.0,5,11:00,433
7664498717,U,IB,1,1,384,134490,117,19:00.0,5,3:00,433
7664498753,U,OB,1,1,216,45680,67,25:00.0,5,11:00,433
766449879X,U,OB,1,1,905,126047,22,40:00.0,7,14:00,433
7664499193,U,OB,1,2,907,129500,49,12:00.0,3,3:00,433
7664499211,U,OB,1,8,6400,135253,32,43:00.0,3,14:00,433
7664499220,U,OB,1,8,7046,202196,49,31:00.0,4,7:00,433
766449923X,U,OB,1,1,1805,202196,49,56:00.0,4,6:00,433
7664499276,U,OB,1,1,180,45680,67,44:00.0,5,10:00,433
7664499285,U,OB,1,1,101,291219,48,51:00.0,7,4:00,433
7664499294,U,OB,1,2,500,279237,43,44:00.0,1,15:00,433
7664499330,U,OB,1,1,315,202565,52,34:00.0,1,15:00,433
7664499359,U,OB,1,3,3200,290367,76,58:00.0,3,10:00,433
7664499422,U,OB,1,1,772,290274,46,23:00.0,5,19:00,433
7664499440,U,OB,1,4,3356,137803,48,18:00.0,7,3:00,433
766449945X,U,OB,1,1,115,122948,88,55:00.0,6,14:00,433
7664499487,U,OB,1,21,241,130908,60,28:00.0,3,10:00,433
7664499523,U,OB,1,2,408,123163,74,30:00.0,6,9:00,433
766449978X,U,OB,1,3,3670,125271,32,03:00.0,6,16:00,433
7664499799,U,OB,1,1,811,135167,32,13:00.0,5,7:00,433
7664499862,U,OB,1,2,620,559674,49,43:00.0,5,4:00,433
7664499871,U,OB,1,1,100,559674,49,22:00.0,5,6:00,433
7664499954,U,OB,1,1,153,126047,22,11:00.0,7,14:00,433
7664499963,U,OB,1,4,3444,132278,69,54:00.0,7,10:00,433
7664506619,U,OB,1,1,1137,126541,63,49:00.0,4,2:00,433
7664506646,U,OB,1,1,2556,126443,84,23:00.0,6,12:00,433
7664506810,U,OB,1,8,3200,125035,31,39:00.0,3,13:00,433
7664507140,U,OB,1,3,5285,136855,73,18:00.0,4,7:00,433
7664507856,U,OB,1,13,6346,281124,43,40:00.0,5,9:00,433
7664507865,U,OB,1,15,8085,138472,14,47:00.0,7,8:00,433
7664508011,U,OB,1,2,1279,128515,40,02:00.0,3,4:00,433
766450803X,U,OB,1,16,9860,131478,48,16:00.0,3,4:00,433
7664508049,U,OB,1,1,837,139659,38,56:00.0,3,1:00,433
7664508067,U,OB,1,7,4330,202400,67,17:00.0,3,11:00,433
7664508076,U,OB,1,7,3608,128515,40,47:00.0,3,4:00,433
7664508094,U,OB,1,2,885,136268,49,50:00.0,3,4:00,433
7664508103,U,OB,1,6,3055,291199,55,38:00.0,3,4:00,433
7664510166,U,OB,1,1,2110,133944,14,08:00.0,2,23:00,433
7664510175,U,OB,1,1,185,135485,89,37:00.0,1,9:00,433
7664510202,U,OB,1,1,525,135485,89,49:00.0,1,9:00,433
7664510267,U,OB,1,1,2110,131160,5,50:00.0,4,14:00,433
7664510267,U,OB,1,1,2110,131160,46,47:00.0,3,16:00,433
7664510276,U,OB,1,1,270,131160,57,15:00.0,4,18:00,433
7664510276,U,OB,1,1,270,131160,46,50:00.0,3,16:00,433
7664510431,U,OB,1,1,255,277828,40,02:00.0,5,10:00,433
766451045X,U,OB,1,1,190,277828,40,49:00.0,5,9:00,433
7664510514,U,IB,1,1,670,134490,117,06:00.0,5,4:00,433
7664510523,U,OB,1,1,1470,291219,48,06:00.0,7,5:00,433
766451089X,U,OB,1,1,550,290367,76,16:00.0,3,10:00,433
766451089X,U,OB,1,1,550,290367,76,14:00.0,3,10:00,433
7664510954,U,OB,1,1,1215,133457,58,40:00.0,6,10:00,433
7664510981,U,OB,1,1,242,131160,46,41:00.0,3,16:00,433
7664510990,U,OB,1,1,635,131160,46,32:00.0,3,16:00,433
766451100X,U,OB,1,1,1055,131160,46,40:00.0,3,16:00,433
7664518984,U,CTY,1,1,105,137791,169,18:00.0,2,7:00,508
7664525328,U,CTY,1,1,2307,128365,194,11:00.0,4,19:00,508
7664525474,U,CTY,1,3,6922,140023,173,54:00.0,4,16:00,508
7664534898,U,IB,1,2,495,125318,111,31:00.0,6,16:00,508
7664549032,U,CTY,1,1,190,HAEI25964,169,27:00.0,5,16:00,508
7664549032,U,CTY,1,1,190,HAEI25964,191,17:00.0,5,18:00,508
7664551535,U,OB,1,3,4296,261258,22,24:00.0,7,12:00,508
766455753X,U,IB,1,1,457,133791,117,47:00.0,3,2:00,508
766456116X,U,IB,1,3,933,125318,111,08:00.0,6,15:00,508
766456116X,U,CTY,1,3,933,125318,221,42:00.0,6,15:00,508
7664563058,U,IB,1,1,235,139910,125,31:00.0,7,2:00,508
7664563635,U,CTY,1,1,705,131617,169,28:00.0,1,21:00,508
7664563653,U,CTY,1,1,220,131617,169,56:00.0,1,21:00,508
7664563864,U,CTY,1,22,2160,124019,174,28:00.0,2,9:00,508
7664563891,U,IB,1,1,365,130585,125,39:00.0,2,5:00,508
7664564221,U,CTY,1,1,525,431077,173,04:00.0,7,20:00,508
7664564221,U,CTY,1,1,525,431077,191,55:00.0,1,1:00,508
7664564221,U,CTY,1,1,525,431077,191,55:00.0,1,1:00,508
7664564479,U,CTY,1,1,75,558695,169,50:00.0,7,6:00,508
7664564506,U,IB,1,1,600,135552,105,35:00.0,7,8:00,508
766456479X,U,OB,1,1,402,261258,22,29:00.0,7,13:00,508
7664564827,U,OB,1,1,307,261258,22,19:00.0,7,11:00,508
7664564836,U,OB,1,1,349,261258,22,23:00.0,7,13:00,508
7664564919,U,CTY,1,3,325,135728,174,14:00.0,1,16:00,508
7664572545,U,IB,1,1,660,125318,111,54:00.0,6,15:00,508
7664572554,U,IB,1,5,151,135552,105,18:00.0,7,11:00,508
7664572738,U,CTY,1,1,2793,129746,168,20:00.0,3,4:00,508
766457777X,U,IB,1,1,246,125318,111,14:00.0,6,16:00,508
7664578779,U,OB,1,6,5001,133000,76,16:00.0,7,23:00,508
7664579769,U,IB,1,1,854,125318,111,24:00.0,6,16:00,508
7664585058,U,CTY,1,1,140,431077,199,22:00.0,1,1:00,508
7664585058,U,CTY,1,1,140,431077,173,56:00.0,7,14:00,508
7664588394,U,OB,1,1,480,132575,11,45:00.0,1,9:00,508
7664588403,U,OB,1,1,480,132575,11,48:00.0,1,9:00,508
7664588421,U,OB,1,1,610,132944,26,15:00.0,1,3:00,508
7664588569,U,CTY,1,1,2146,124330,175,22:00.0,6,16:00,508
7664588587,U,IB,1,1,195,128543,158,56:00.0,6,11:00,508
7664588605,U,IB,1,1,600,128543,158,02:00.0,6,12:00,508
7664600054,U,OB,1,2,2740,431209,26,43:00.0,7,16:00,433
7664602474,U,IB,1,3,6922,138353,116,28:00.0,7,18:00,508
7664602492,U,OB,1,20,10200,261258,22,08:00.0,7,13:00,508
7664604591,U,IB,1,2,552,135552,105,53:00.0,7,8:00,508
7664604656,U,CTY,1,2,565,HAEI25964,169,11:00.0,5,18:00,508
7664609761,U,IB,1,1,1155,HAEI23307,131,13:00.0,6,20:00,508
7664610504,U,IB,1,1,755,560306,145,10:00.0,6,16:00,508
7664622045,U,IB,1,1,755,125318,111,48:00.0,6,15:00,508
7664628077,U,CTY,1,1,185,124019,174,23:00.0,2,7:00,508
7664659647,U,OB,1,1,125,261258,22,06:00.0,7,11:00,508
7664716012,U,OB,1,1,410,132944,26,59:00.0,1,4:00,508
7664717507,U,CTY,1,1,380,117243,175,50:00.0,1,21:00,508
7664719588,U,OB,1,1,450,133000,76,25:00.0,7,22:00,508
7664721705,U,IB,1,4,6984,126056,158,17:00.0,1,22:00,508
7664727443,U,CTY,1,1,103,117243,175,37:00.0,1,18:00,508
7664727470,U,CTY,1,1,209,HAEI23255,175,23:00.0,7,16:00,508
7664741752,U,CTY,1,1,545,134869,169,52:00.0,1,8:00,508
7664797129,U,OB,1,1,43,137824,46,08:00.0,2,13:00,521
7664797495,U,OB,1,1,344,137824,46,47:00.0,2,12:00,521
7664797504,U,IB,1,2,819,134703,113,11:00.0,4,19:00,521
7664798238,U,OB,1,1,112,137824,46,13:00.0,2,14:00,521
7664798420,U,OB,1,1,355,137941,88,39:00.0,5,3:00,521
7664798741,U,IB,1,2,305,134703,113,19:00.0,4,19:00,521
7664799035,U,IB,1,1,175,127882,123,01:00.0,1,22:00,521
7664799181,U,OB,1,1,82,137941,88,36:00.0,5,3:00,521
7664799401,U,OB,1,1,46,137941,88,26:00.0,5,3:00,521
7664799603,U,OB,1,1,46,139967,67,47:00.0,7,21:00,521
7664799704,U,CTY,1,1,178,139517,168,19:00.0,1,20:00,521
7664799704,U,OB,1,1,178,139517,46,27:00.0,1,20:00,521
7664799850,U,OB,1,2,370,135215,67,53:00.0,6,14:00,521
7664800171,U,OB,1,1,130,139967,67,15:00.0,7,21:00,521
7664800263,U,OB,1,1,103,139967,67,23:00.0,7,18:00,521
7664800272,U,OB,1,1,133,139967,67,01:00.0,7,22:00,521
7664800337,U,IB,1,1,53,127882,123,05:00.0,1,21:00,521
7664800456,U,OB,1,1,191,139967,67,29:00.0,7,18:00,521
7664800620,U,IB,1,1,82,291244,113,31:00.0,5,14:00,521
7664801601,U,OB,1,1,57,127088,63,56:00.0,6,13:00,521
7664801931,U,OB,1,1,73,127088,63,52:00.0,6,13:00,521
766480239X,U,OB,1,1,81,128016,78,24:00.0,7,18:00,521
7664802629,U,OB,1,2,1190,127948,31,55:00.0,1,4:00,521
7664802665,U,IB,1,3,368,127509,129,54:00.0,3,18:00,521
7664802739,U,OB,1,1,46,128016,78,11:00.0,7,19:00,521
7664802748,U,OB,1,1,79,128016,78,25:00.0,7,18:00,521
7664802766,U,OB,1,1,53,128016,78,05:00.0,7,18:00,521
7664802793,U,OB,1,1,260,132150,67,45:00.0,2,19:00,521
766480294X,U,OB,1,1,115,132150,67,42:00.0,2,19:00,521
7664803040,U,OB,1,1,104,138066,6,27:00.0,3,8:00,521
7664803289,U,OB,1,1,299,127419,76,18:00.0,5,1:00,521
7664803298,U,OB,1,1,121,132150,67,46:00.0,2,21:00,521
7664803399,U,OB,1,1,61,127419,76,15:00.0,5,1:00,521
7664803572,U,OB,1,1,100,127419,76,50:00.0,5,1:00,521
7664803581,U,OB,1,1,90,131853,40,02:00.0,5,0:00,521
7664804113,U,OB,1,1,416,125808,88,53:00.0,7,13:00,521
7664804122,U,OB,1,1,239,125808,88,26:00.0,7,13:00,521
7664804223,U,OB,1,1,256,125808,88,14:00.0,7,13:00,521
7664804288,U,OB,1,1,310,125808,88,18:00.0,7,13:00,521
7664804627,U,OB,1,1,66,134428,14,29:00.0,1,6:00,521
7664804636,U,OB,1,1,59,134428,14,50:00.0,1,8:00,521
7664804654,U,OB,1,1,59,134428,14,27:00.0,1,5:00,521
7664804719,U,OB,1,1,625,125808,88,50:00.0,7,13:00,521
7664804829,U,OB,1,1,560,125808,88,37:00.0,7,13:00,521
7664805020,U,OB,1,1,76,134428,14,10:00.0,1,5:00,521
7664805130,U,OB,1,2,386,139944,89,40:00.0,1,15:00,521
7664805213,U,OB,1,1,97,134428,14,24:00.0,1,5:00,521
7664805323,U,OB,1,1,263,139944,89,44:00.0,1,15:00,521
7664805525,U,OB,1,1,97,139944,89,58:00.0,1,13:00,521
7664805727,U,OB,1,2,1093,140148,22,13:00.0,5,22:00,521
7664806057,U,OB,1,1,99,139944,89,48:00.0,1,15:00,521
7664806212,U,OB,1,1,205,136511,17,27:00.0,4,20:00,521
7664806634,U,OB,1,2,500,45505,55,06:00.0,6,21:00,521
7664806836,U,OB,1,1,57,45505,55,01:00.0,6,20:00,521
766480701X,U,OB,1,1,90,140148,22,27:00.0,5,18:00,521
7664807285,U,OB,1,1,83,121829,60,27:00.0,7,22:00,521
7664807377,U,CTY,1,2,854,133060,175,32:00.0,7,8:00,521
7664807469,U,OB,1,1,99,45505,55,48:00.0,6,20:00,521
7664807541,U,CTY,1,1,64,133060,175,15:00.0,7,8:00,521
7664807725,U,CTY,1,1,460,133060,175,41:00.0,7,7:00,521
7664808284,U,CTY,1,1,68,133060,175,39:00.0,7,8:00,521
7664808468,U,CTY,1,1,40,133060,175,52:00.0,7,6:00,521
7664851083,U,OB,1,1,591,128133,67,06:00.0,3,4:00,447
7664851092,U,OB,1,1,591,128133,67,10:00.0,3,4:00,447
7664851101,U,OB,1,1,118,128133,67,20:00.0,3,3:00,447
7664851110,U,OB,1,2,245,430526,89,33:00.0,4,4:00,447
766485112X,U,OB,1,1,210,R411587174,89,33:00.0,4,5:00,447
7664851139,U,OB,1,1,183,126500,58,34:00.0,1,7:00,447
7664851148,U,OB,1,1,584,126500,58,46:00.0,1,5:00,447
7664851157,U,OB,1,1,154,R42287955,75,02:00.0,4,20:00,447
7664851166,U,OB,1,6,1642,290976,51,37:00.0,3,13:00,447
7664851184,U,OB,1,1,190,135434,67,40:00.0,3,2:00,447
7664851193,U,IB,1,1,286,132970,145,17:00.0,4,0:00,447
7664920511,U,IB,1,1,80,132515,143,29:00.0,7,0:00,621
766492053X,U,IB,1,7,1760,136729,149,13:00.0,3,21:00,621
7664920769,U,IB,1,1,360,127460,123,24:00.0,4,13:00,621
7664927010,U,CTY,1,1,275,131040,194,22:00.0,6,9:00,621
7664927277,U,CTY,1,1,128,128658,169,17:00.0,6,13:00,621
7664927313,U,IB,1,1,97,135748,151,13:00.0,6,13:00,621
7664927387,U,IB,1,2,335,136592,141,22:00.0,4,21:00,621
7664927396,U,IB,1,2,320,136592,141,54:00.0,4,19:00,621
7664927423,U,IB,1,2,280,136592,141,22:00.0,4,19:00,621
7664966280,U,IB,1,1,700,129628,139,19:00.0,4,9:00,621
7664966280,U,IB,1,1,700,129628,139,19:00.0,4,9:00,621
7664966327,U,CTY,1,4,1875,128708,188,37:00.0,5,3:00,621
7664966345,U,IB,1,1,375,124178,141,27:00.0,5,16:00,621
766496651X,U,CTY,1,1,235,135212,175,26:00.0,1,4:00,621
7664967701,U,CTY,1,1,220,124072,187,03:00.0,3,20:00,621
766496805X,U,CTY,1,2,3563,290033,195,49:00.0,3,18:00,621
7664968087,U,CTY,1,1,657,125831,169,04:00.0,4,13:00,621
7664968215,U,CTY,1,1,140,135212,175,01:00.0,1,3:00,621
7664974310,U,CTY,1,1,889,290033,195,52:00.0,3,18:00,621
7664974952,U,IB,1,1,230,124178,141,19:00.0,5,16:00,621
7664976382,U,CTY,1,1,250,125614,169,15:00.0,7,18:00,621
7664976391,U,CTY,1,1,97,125614,169,00:00.0,7,19:00,621
7664977702,U,CTY,1,2,2177,128708,188,30:00.0,5,0:00,621
7664978050,U,IB,1,3,1525,124178,141,11:00.0,5,18:00,621
7664978050,U,IB,1,3,1525,124178,160,14:00.0,5,18:00,621
7664978106,U,IB,1,1,222,130455,145,28:00.0,4,12:00,621
7664978151,U,CTY,1,3,2330,128708,188,54:00.0,5,0:00,621
7664978207,U,CTY,1,1,1052,132969,172,31:00.0,1,8:00,621
7664978775,U,IB,1,1,1320,130455,145,20:00.0,4,13:00,621
7664979013,U,IB,1,2,334,135031,158,09:00.0,1,15:00,621
7664979132,U,CTY,1,1,1115,137082,174,44:00.0,5,6:00,621
7664979242,U,CTY,1,1,50,131040,194,01:00.0,6,8:00,621
7664979316,U,CTY,1,1,168,131040,194,52:00.0,6,6:00,621
766498411X,U,CTY,1,2,676,131040,194,42:00.0,6,9:00,621
7664989784,U,CTY,1,1,100,128708,188,53:00.0,5,0:00,621
766499005X,U,CTY,1,1,295,136957,196,31:00.0,5,12:00,621
7664992525,U,CTY,1,1,264,132339,192,36:00.0,3,7:00,621
7664993560,U,CTY,1,1,260,290033,195,00:00.0,3,19:00,621
7664994047,U,CTY,1,1,180,131040,194,47:00.0,6,6:00,621
7664994330,U,CTY,1,1,385,139676,195,08:00.0,6,15:00,621
7664995100,U,CTY,1,1,475,137622,173,12:00.0,3,18:00,621
766499775X,U,CTY,1,1,2570,136240,231,06:00.0,2,22:00,621
7664999199,U,IB,1,1,730,127193,141,54:00.0,5,16:00,621
7665002095,U,CTY,1,1,80,139775,174,13:00.0,3,10:00,621
7665002214,U,IB,1,1,150,311022,163,57:00.0,6,16:00,621
7665002250,U,IB,1,1,150,311022,163,48:00.0,6,17:00,621
7665002425,U,CTY,1,2,300,125831,169,25:00.0,4,13:00,621
7665004268,U,CTY,1,2,110,134604,168,11:00.0,4,15:00,621
7665004268,U,IB,1,2,110,134604,154,17:00.0,4,19:00,621
7665004304,U,CTY,1,1,315,134604,168,15:00.0,4,15:00,621
766500435X,U,IB,1,2,290,123227,101,56:00.0,4,23:00,621
7665004396,U,IB,1,2,2794,125977,129,38:00.0,5,16:00,621
7665004670,U,CTY,1,2,715,129628,194,12:00.0,4,10:00,621
7665004708,U,CTY,1,5,2465,129628,194,52:00.0,4,15:00,621
7665004881,U,CTY,1,2,405,127679,175,29:00.0,5,17:00,621
7665004982,U,CTY,1,2,130,121754,173,48:00.0,7,9:00,621
7665005184,U,IB,1,1,80,126443,145,48:00.0,3,21:00,621
7665005220,U,IB,1,3,792,430065,145,20:00.0,4,19:00,621
7665005321,U,CTY,1,4,593,136895,194,53:00.0,4,15:00,621
7665005532,U,CTY,1,2,245,128658,169,43:00.0,6,14:00,621
7665005651,U,IB,1,2,2716,261071,149,39:00.0,7,9:00,621
7665005689,U,OB,1,2,165,261071,80,36:00.0,1,6:00,621
7665005689,U,IB,1,2,165,261071,149,36:00.0,7,9:00,621
7665014534,U,IB,1,1,60,430065,145,14:00.0,4,18:00,621
7665015919,U,IB,1,1,1765,128708,167,13:00.0,5,0:00,621
7665015919,U,CTY,1,1,1765,128708,188,10:00.0,5,0:00,621
7665015919,U,IB,1,1,1765,128708,165,44:00.0,5,22:00,621
7665015928,U,CTY,1,1,265,128708,188,20:00.0,5,0:00,621
766511776X,U,IB,1,1,498,430065,145,22:00.0,4,16:00,621
7665121023,U,IB,1,1,354,136729,149,57:00.0,3,20:00,621
7665124570,U,CTY,1,2,370,128819,197,00:00.0,1,21:00,621
7665124727,U,CTY,1,6,1810,140013,169,50:00.0,6,8:00,621
7665132427,U,CTY,1,2,3050,128708,188,39:00.0,5,0:00,621
766513261X,U,IB,1,3,5890,136842,143,30:00.0,3,8:00,621
7665137303,U,IB,1,1,481,128150,135,14:00.0,2,20:00,154
7665137431,U,CTY,1,1,250,138164,187,27:00.0,2,13:00,154
766513976X,U,IB,1,4,2105,132515,143,25:00.0,7,1:00,621
7665139788,U,CTY,1,1,1106,125614,169,20:00.0,7,18:00,621
7665148056,U,CTY,1,3,1902,830887,175,30:00.0,3,13:00,621
7665148065,U,CTY,1,2,2070,132055,195,19:00.0,3,20:00,621
7665148267,U,CTY,1,1,277,128708,188,36:00.0,5,0:00,621
7665148303,U,IB,1,1,203,311022,163,38:00.0,6,18:00,621
7665148404,U,IB,1,1,1825,124178,141,22:00.0,5,18:00,621
7665148606,U,CTY,1,2,600,121754,173,37:00.0,7,9:00,621
7665151805,U,CTY,1,4,1035,134759,176,59:00.0,6,22:00,621
7665153455,U,IB,1,1,185,138216,163,02:00.0,1,17:00,621
7665165299,U,CTY,1,2,347,134759,176,33:00.0,6,21:00,621
7665165472,U,IB,1,3,725,127369,149,59:00.0,7,4:00,621
7665165472,U,CTY,1,3,725,127369,194,50:00.0,1,14:00,621
766516550X,U,IB,1,3,485,135748,151,49:00.0,6,14:00,621
7665168323,U,IB,1,1,175,430065,145,16:00.0,4,16:00,621
7665168460,U,CTY,1,1,265,138216,205,47:00.0,2,9:00,621
7665168460,U,IB,1,1,265,138216,163,59:00.0,1,16:00,621
7665169313,U,CTY,1,3,4290,123106,174,52:00.0,6,13:00,621
7665169340,U,CTY,1,2,2816,123106,174,36:00.0,6,14:00,621
7665169881,U,CTY,1,2,556,134604,168,31:00.0,4,15:00,621
766517067X,U,IB,1,1,145,138629,129,14:00.0,4,11:00,621
7665170698,U,CTY,1,1,275,134604,168,06:00.0,4,15:00,621
7665171266,U,CTY,1,1,151,211132,173,53:00.0,6,14:00,621
7665171531,U,CTY,1,14,1832,121754,173,41:00.0,7,11:00,621
766517155X,U,IB,1,5,645,126443,145,29:00.0,4,0:00,621
7665172119,U,CTY,1,1,492,137622,173,07:00.0,3,20:00,621
7665172128,U,IB,1,2,340,139775,161,13:00.0,3,20:00,621
7665172128,U,CTY,1,2,340,139775,174,14:00.0,3,13:00,621
7665172357,U,IB,1,1,2050,430065,145,28:00.0,4,18:00,621
7665172420,U,CTY,1,1,875,139676,195,59:00.0,6,15:00,621
7665172613,U,CTY,1,1,630,125614,169,45:00.0,7,16:00,621
7665174584,U,IB,1,1,303,125977,129,49:00.0,5,15:00,621
7665176820,U,CTY,1,1,1134,135212,175,47:00.0,1,2:00,621
7665176894,U,IB,1,1,1375,127460,123,15:00.0,4,13:00,621
7665176921,U,CTY,1,1,955,125614,169,14:00.0,7,19:00,621
7665177426,U,CTY,1,1,947,121754,173,41:00.0,7,9:00,621
7665179112,U,IB,1,1,1597,136842,143,34:00.0,3,7:00,621
7665179974,U,IB,1,2,533,135725,151,26:00.0,7,17:00,621
7665182055,U,CTY,1,1,312,137622,173,41:00.0,3,19:00,621
7665186931,U,IB,1,1,204,127193,141,49:00.0,5,15:00,621
7665186969,U,CTY,1,1,245,128708,188,17:00.0,5,0:00,621
7665187097,U,IB,1,1,461,276875,164,29:00.0,1,6:00,621
7665187124,U,IB,1,1,180,135031,158,46:00.0,1,15:00,621
7665187766,U,IB,1,1,179,136729,149,55:00.0,3,21:00,621
7665194137,U,CTY,1,1,485,137622,173,29:00.0,3,18:00,621
7665198490,U,IB,1,1,1650,135748,151,44:00.0,6,14:00,621
7665203743,U,CTY,1,1,335,830887,175,51:00.0,3,13:00,621
7665206915,U,IB,1,5,4625,132346,135,39:00.0,7,0:00,621
7665207254,U,CTY,1,1,164,131229,188,21:00.0,5,12:00,621
7665207584,U,CTY,1,3,4280,131229,188,54:00.0,5,14:00,621
7665207593,U,CTY,1,2,1626,131229,188,00:00.0,5,14:00,621
7665207712,U,IB,1,1,383,135748,151,59:00.0,6,14:00,621
7665213120,U,CTY,1,1,428,128708,188,28:00.0,5,0:00,621
7665213762,U,IB,1,1,1145,430065,145,29:00.0,4,16:00,621
7665214853,U,IB,1,2,562,132346,135,13:00.0,7,0:00,621
7665214936,U,CTY,1,1,319,128819,197,17:00.0,1,21:00,621
7665214972,U,CTY,1,1,443,124072,187,47:00.0,3,18:00,621
766521588X,U,CTY,1,1,382,131040,194,31:00.0,6,9:00,621
7665217062,U,CTY,1,1,152,125614,169,11:00.0,7,17:00,621
7665218510,U,IB,1,1,245,135748,151,12:00.0,6,14:00,621
7665223763,U,IB,1,3,1919,125977,129,24:00.0,5,16:00,621
7665223992,U,CTY,1,2,4440,131229,188,03:00.0,5,13:00,621
7665226257,U,CTY,1,9,1260,129628,194,17:00.0,4,14:00,621
7665228686,U,IB,1,1,1875,132515,143,25:00.0,7,0:00,621
7665228704,U,IB,1,1,132,135031,158,15:00.0,1,15:00,621
7665234287,U,CTY,1,1,321,128708,188,24:00.0,5,0:00,621
7665240795,U,CTY,1,1,355,137082,174,09:00.0,5,4:00,621
766524349X,U,CTY,1,1,256,123106,174,40:00.0,6,14:00,621
7665246515,U,CTY,1,1,350,123720,173,56:00.0,7,3:00,621
7665246589,U,CTY,1,1,290,137622,173,38:00.0,3,18:00,621
7665247606,U,CTY,1,3,555,132515,210,25:00.0,1,19:00,621
7665247606,U,CTY,1,3,555,132515,231,24:00.0,7,2:00,621
7665253775,U,CTY,1,3,2002,132969,172,08:00.0,1,8:00,621
7665253811,U,CTY,1,2,1865,128819,197,09:00.0,1,22:00,621
7665254471,U,IB,1,5,9350,124178,141,47:00.0,5,17:00,621
7665262025,U,IB,1,1,1485,132515,164,59:00.0,7,0:00,621
7665262025,U,IB,1,1,1485,132515,143,33:00.0,7,0:00,621
7665263821,U,CTY,1,1,2072,137622,173,13:00.0,3,19:00,621
7665286023,U,CTY,1,2,133,133220,194,23:00.0,6,21:00,621
7665286490,U,IB,1,2,42,135725,151,54:00.0,7,19:00,621
7665286674,U,CTY,1,1,1113,125614,169,13:00.0,7,17:00,621
7665286903,U,IB,1,1,745,135725,151,18:00.0,7,18:00,621
7665287031,U,CTY,1,1,435,125614,169,12:00.0,7,18:00,621
7665317043,U,CTY,1,2,5720,133220,194,17:00.0,6,21:00,621
7665322864,U,CTY,1,1,448,132055,195,06:00.0,3,21:00,621
766532478X,U,CTY,1,1,400,134759,176,46:00.0,6,21:00,621
7665324799,U,IB,1,2,480,134759,156,14:00.0,6,22:00,621
7665324799,U,CTY,1,2,480,134759,176,11:00.0,6,22:00,621
7665324808,U,CTY,1,1,380,134759,176,09:00.0,6,22:00,621
7665324871,U,CTY,1,6,4470,139775,174,10:00.0,3,11:00,621
7665324990,U,IB,1,1,340,138470,145,54:00.0,6,12:00,621
7665325201,U,CTY,1,1,370,290033,195,41:00.0,3,17:00,621
7665330463,U,CTY,1,1,125,131229,188,10:00.0,5,13:00,621
7665334515,U,CTY,1,4,1447,128819,197,01:00.0,2,0:00,621
7665334625,U,CTY,1,1,1653,135748,173,38:00.0,6,21:00,621
7665334625,U,IB,1,1,1653,135748,151,20:00.0,6,15:00,621
766533468X,U,IB,1,3,1050,135031,158,47:00.0,1,15:00,621
7665334708,U,IB,1,3,1965,135031,158,02:00.0,1,15:00,621
7665334818,U,IB,1,2,2440,135748,151,12:00.0,6,15:00,621
7665336715,U,IB,1,4,1500,430065,145,21:00.0,4,18:00,621
7665337146,U,CTY,1,2,913,131040,231,11:00.0,6,19:00,621
7665337146,U,CTY,1,2,913,131040,194,05:00.0,6,9:00,621
7665342105,U,IB,1,1,3715,390044,111,57:00.0,3,1:00,218
7665342399,U,CTY,1,7,4510,139676,195,19:00.0,6,16:00,621
766545876X,U,OB,1,3,3386,140158,55,26:00.0,4,20:00,152
7665492769,U,IB,1,1,480,140260,149,17:00.0,6,11:00,152
766549517X,U,CTY,1,1,893,129714,172,51:00.0,4,3:00,152
7665495317,U,CTY,1,4,182,128493,195,26:00.0,6,5:00,152
7665500523,U,CTY,1,4,1233,133118,195,58:00.0,1,5:00,152
7665500597,U,CTY,1,1,501,249243,236,54:00.0,2,9:00,152
7665500597,U,CTY,1,1,501,249243,231,14:00.0,5,21:00,152
7665500633,U,CTY,1,1,95,CVEN44152,169,33:00.0,1,22:00,152
7665500698,U,CTY,1,1,36,249122,172,07:00.0,4,18:00,152
7665500707,U,CTY,1,2,442,126862,174,57:00.0,6,4:00,152
7665501798,U,CTY,1,1,143,126542,214,34:00.0,1,5:00,152
7665503897,U,CTY,1,1,600,133118,195,54:00.0,1,5:00,152
7665581667,U,CTY,1,3,845,132111,188,23:00.0,6,0:00,152
7665582601,U,CTY,1,1,1375,249243,195,36:00.0,5,0:00,152
7665591805,U,CTY,1,1,95,135321,194,42:00.0,7,13:00,152
7665591814,U,CTY,1,1,346,135321,194,46:00.0,7,13:00,152
7665591823,U,CTY,1,1,468,135321,194,12:00.0,7,14:00,152
7665591832,U,CTY,1,1,227,135321,194,50:00.0,7,13:00,152
7665596618,U,CTY,1,1,120,134562,192,50:00.0,5,10:00,152
766559670X,U,CTY,1,3,5899,133888,189,56:00.0,4,17:00,152
766559670X,U,CTY,1,3,5899,133888,231,00:00.0,4,18:00,152
7665601622,U,IB,1,1,415,132369,149,13:00.0,5,18:00,152
7665611349,U,CTY,1,2,4572,126500,192,48:00.0,5,12:00,152
7665612476,U,IB,1,5,3456,134073,163,52:00.0,3,22:00,152
7665612842,U,IB,1,2,2712,202236,125,40:00.0,1,4:00,152
7665614135,U,CTY,1,1,2217,128595,194,10:00.0,7,18:00,152
7665615776,U,CTY,1,1,1471,128578,222,53:00.0,2,0:00,152
7665615776,U,CTY,1,1,1471,128578,195,12:00.0,6,11:00,152
7665617013,U,CTY,1,1,555,132816,197,39:00.0,6,1:00,152
7665625400,U,CTY,1,4,2028,45605,175,47:00.0,5,15:00,152
766562805X,U,CTY,1,1,194,CVEN44786,168,58:00.0,1,17:00,152
7665633412,U,CTY,1,1,400,138837,235,06:00.0,4,21:00,152
7665633412,U,CTY,1,1,400,138837,192,49:00.0,1,18:00,152
7665638537,U,IB,1,1,98,202236,125,10:00.0,1,4:00,152
7665638748,U,CTY,1,1,1008,135109,196,48:00.0,4,3:00,152
7665639078,U,CTY,1,2,399,133118,195,22:00.0,1,4:00,152
7665641130,U,CTY,1,1,1315,136760,197,43:00.0,6,10:00,152
7665645146,U,CTY,1,1,450,CVEN44786,168,22:00.0,1,19:00,152
7665648473,U,CTY,1,1,951,135109,196,25:00.0,4,3:00,152
7665648491,U,OB,1,2,1794,133143,58,04:00.0,5,0:00,152
7665706672,U,CTY,1,1,1044,129537,196,28:00.0,7,18:00,152
7665706672,U,CTY,1,1,1044,129537,206,09:00.0,2,21:00,152
766572562X,U,CTY,1,1,7,133417,187,43:00.0,1,20:00,152
7665748353,U,IB,1,1,181,132369,149,20:00.0,5,19:00,152
7665748380,U,CTY,1,2,394,136973,188,48:00.0,7,5:00,152
7665748380,U,CTY,1,2,394,136973,231,48:00.0,7,22:00,152
7665748409,U,IB,1,1,494,129496,114,09:00.0,3,8:00,152
7665752515,U,CTY,1,2,60,135900,168,29:00.0,5,8:00,152
766580658X,U,CTY,1,1,2700,125108,173,42:00.0,1,3:00,152
7665826994,U,OB,1,2,20,123681,75,53:00.0,3,7:00,152
7665827535,U,CTY,1,1,4500,CVEN44708,194,04:00.0,1,19:00,152
7665830505,U,CTY,1,51,910,138282,235,28:00.0,3,3:00,152
7665830505,U,CTY,1,51,910,138282,169,54:00.0,2,20:00,152
7665835922,U,CTY,1,1,900,133118,195,39:00.0,1,6:00,152
7665884616,U,CTY,1,1,267,124100,188,30:00.0,4,11:00,808
7665886320,U,CTY,1,1,212,137397,176,21:00.0,6,22:00,808
7665984743,U,IB,1,2,439,202328,164,46:00.0,2,12:00,431
7665985385,U,CTY,1,2,1490,124021,172,21:00.0,3,3:00,431
7665988144,U,IB,1,1,10,138066,114,28:00.0,1,2:00,431
7665988382,U,CTY,1,1,478,133640,189,59:00.0,2,19:00,431
7665989354,U,IB,1,1,300,291247,145,36:00.0,5,3:00,431
7665990023,U,CTY,1,3,880,261251,168,35:00.0,6,1:00,431
7665990418,U,CTY,1,1,403,132080,172,18:00.0,6,22:00,431
766599182X,U,CTY,1,1,575,127438,168,52:00.0,5,18:00,431
7665991866,U,IB,1,1,21,127444,164,55:00.0,4,20:00,431
7665992544,U,IB,1,1,363,135983,116,06:00.0,7,1:00,431
7665993415,U,IB,1,1,757,430569,127,59:00.0,1,6:00,431
7665994212,U,CTY,1,1,221,133640,189,53:00.0,2,13:00,431
766599699X,U,IB,1,1,221,126165,149,35:00.0,6,4:00,431
7665997173,U,CTY,1,1,956,261251,168,45:00.0,5,22:00,431
766599776X,U,CTY,1,1,140,132080,172,51:00.0,6,22:00,431
766599820X,U,IB,1,1,238,121377,145,20:00.0,5,12:00,431
7665999108,U,CTY,1,1,288,133247,192,38:00.0,3,17:00,431
7665999575,U,IB,1,1,45,136322,164,17:00.0,4,8:00,431
7666000830,U,IB,1,1,12,136322,164,06:00.0,4,8:00,431
7666000969,U,IB,1,1,131,136322,164,21:00.0,4,7:00,431
766600128X,U,CTY,1,1,450,126551,212,19:00.0,4,14:00,431
7666002316,U,OB,1,1,140,123734,46,10:00.0,5,8:00,431
7666002435,U,OB,1,1,145,137256,89,06:00.0,5,19:00,431
7666002628,U,OB,1,1,16,123734,46,32:00.0,5,7:00,431
7666002664,U,OB,1,1,215,137256,89,42:00.0,5,21:00,431
7666003241,U,CTY,1,5,140,132405,189,25:00.0,6,1:00,431
7666004332,U,CTY,1,1,492,139951,195,04:00.0,7,15:00,431
7666004846,U,CTY,1,1,9,139951,195,04:00.0,7,15:00,431
7666005396,U,CTY,1,1,152,134869,169,09:00.0,1,8:00,431
7666005699,U,IB,1,1,215,139567,116,11:00.0,1,6:00,431
7666006871,U,IB,1,2,230,123280,141,34:00.0,4,4:00,431
7666007742,U,IB,1,3,125,123280,141,30:00.0,4,4:00,431
7666009044,U,OB,1,1,125,127135,78,57:00.0,4,15:00,431
7666009163,U,OB,1,5,165,127135,78,30:00.0,4,16:00,431
7666009448,U,IB,1,2,115,121397,151,15:00.0,6,9:00,431
766600975X,U,OB,1,1,8,127135,78,23:00.0,4,16:00,431
7666010438,U,IB,1,1,57,121397,151,49:00.0,6,5:00,431
7666010557,U,IB,1,1,248,121397,151,02:00.0,6,7:00,431
7666011226,U,IB,1,1,7,121397,151,40:00.0,6,7:00,431
766601129X,U,IB,1,1,23,121397,151,42:00.0,6,7:00,431
7666011354,U,IB,1,1,18,121397,151,59:00.0,6,7:00,431
7666011372,U,IB,1,1,58,138353,116,50:00.0,7,17:00,431
766601151X,U,IB,1,2,26,138353,116,45:00.0,7,18:00,431
7666011830,U,CTY,1,1,49,530503,187,58:00.0,6,21:00,431
766601195X,U,CTY,1,1,238,530503,187,33:00.0,6,22:00,431
7666012189,U,CTY,1,1,14,530503,187,29:00.0,7,6:00,431
7666012701,U,IB,1,1,24,530859,111,37:00.0,7,17:00,431
766606541X,U,CTY,1,1,13,124021,172,35:00.0,3,4:00,431
766606585X,U,IB,1,1,82,277372,164,15:00.0,3,23:00,431
7666065923,U,CTY,1,1,4,124021,172,38:00.0,3,4:00,431
7666066372,U,CTY,1,1,140,137867,197,10:00.0,4,18:00,431
766606640X,U,CTY,1,1,4,137867,197,54:00.0,4,17:00,431
7666066437,U,IB,1,1,140,127444,164,18:00.0,4,21:00,431
7666066693,U,IB,1,2,77,127444,164,18:00.0,4,21:00,431
7666066969,U,CTY,1,1,55,127438,199,21:00.0,5,18:00,431
7666066969,U,CTY,1,1,55,127438,168,56:00.0,5,17:00,431
7666067014,U,CTY,1,1,60,127438,168,56:00.0,5,17:00,431
7666067014,U,CTY,1,1,60,127438,199,21:00.0,5,18:00,431
7666067032,U,CTY,1,2,325,127438,168,29:00.0,5,17:00,431
7666067380,U,CTY,1,1,268,131801,208,34:00.0,6,15:00,431
766606739X,U,CTY,1,1,251,131801,208,25:00.0,6,15:00,431
7666067490,U,CTY,1,1,170,131801,208,41:00.0,6,14:00,431
7666067921,U,CTY,1,1,55,431077,173,50:00.0,7,16:00,431
7666067921,U,CTY,1,1,55,431077,192,05:00.0,3,16:00,431
7666068013,U,CTY,1,1,66,431077,173,19:00.0,7,16:00,431
766606827X,U,IB,1,1,70,127614,145,21:00.0,7,16:00,431
7666068509,U,IB,1,2,298,127614,145,28:00.0,7,16:00,431
766606937X,U,OB,1,2,1815,202709,78,31:00.0,4,10:00,431
7666069452,U,CTY,1,1,3,131208,173,39:00.0,3,12:00,431
7666069939,U,CTY,1,1,140,261251,168,40:00.0,6,0:00,431
7666070433,U,IB,1,1,70,126165,149,24:00.0,6,5:00,431
766607047X,U,IB,1,1,130,139910,125,44:00.0,7,3:00,431
7666071762,U,IB,1,1,234,121377,135,26:00.0,1,21:00,431
766607179X,U,IB,1,1,610,121377,135,17:00.0,1,21:00,431
7666071818,U,IB,1,1,54,121377,135,31:00.0,1,21:00,431
7666071827,U,IB,1,1,12,121377,135,30:00.0,1,21:00,431
7666072074,U,IB,1,1,440,136322,164,36:00.0,4,7:00,431
7666072148,U,IB,1,1,11,136322,164,05:00.0,4,8:00,431
7666072514,U,IB,1,1,2125,136322,164,28:00.0,4,7:00,431
7666072588,U,IB,1,1,450,136322,164,55:00.0,4,7:00,431
7666073394,U,OB,1,1,179,137256,89,16:00.0,5,20:00,431
7666074824,U,IB,1,1,50,138766,163,34:00.0,2,0:00,431
7666075264,U,IB,1,1,11,134847,145,32:00.0,3,8:00,431
7666075677,U,OB,1,2,250,127135,78,39:00.0,4,16:00,431
7666075850,U,IB,1,2,152,121397,151,30:00.0,6,10:00,431
7666076135,U,IB,1,1,205,121397,151,30:00.0,6,8:00,431
7666076786,U,IB,1,1,75,121397,151,25:00.0,6,8:00,431
7666077482,U,IB,1,1,13,121397,151,36:00.0,6,7:00,431
7666139430,U,IB,1,1,569,277372,164,54:00.0,3,22:00,431
766613977X,U,CTY,1,1,309,137867,197,13:00.0,4,20:00,431
7666160734,U,CTY,1,1,229,119931,175,23:00.0,2,21:00,548
7666160844,U,IB,1,1,786,135512,151,06:00.0,2,5:00,548
766616089X,U,IB,1,1,383,135512,151,04:00.0,2,5:00,548
7666160927,U,IB,1,1,786,135512,151,18:00.0,2,5:00,548
7666161055,U,CTY,1,1,383,123553,192,30:00.0,6,1:00,548
7666161129,U,CTY,1,1,442,123553,192,34:00.0,6,1:00,548
7666161138,U,CTY,1,1,347,123553,192,43:00.0,6,1:00,548
7666161798,U,IB,1,1,424,126165,149,37:00.0,6,3:00,548
7666162238,U,IB,1,1,362,211132,119,43:00.0,4,7:00,548
7666162238,U,IB,1,1,362,211132,119,43:00.0,4,7:00,548
7666162238,U,IB,1,1,362,211132,121,45:00.0,4,7:00,548
7666162256,U,IB,1,1,556,131385,101,50:00.0,5,6:00,548
766616265X,U,IB,1,1,415,211132,135,49:00.0,4,7:00,548
7666162723,U,IB,1,2,518,211132,135,53:00.0,4,7:00,548
7666162732,U,IB,1,1,786,211132,135,08:00.0,4,7:00,548
7666162741,U,IB,1,1,347,211132,121,45:00.0,4,7:00,548
7666162741,U,IB,1,1,347,211132,135,43:00.0,4,7:00,548
7666162797,U,IB,1,1,415,211132,119,51:00.0,4,7:00,548
7666162797,U,IB,1,1,415,211132,135,50:00.0,4,7:00,548
7666162824,U,CTY,1,1,786,211132,190,04:00.0,4,7:00,548
7666162824,U,CTY,1,1,786,211132,190,04:00.0,4,7:00,548
7666162898,U,CTY,1,1,786,211132,236,05:00.0,2,10:00,548
7666162898,U,IB,1,1,786,211132,135,52:00.0,4,6:00,548
7666162898,U,CTY,1,1,786,211132,238,52:00.0,5,20:00,548
7666163300,U,IB,1,1,247,211132,135,47:00.0,4,7:00,548
7666163401,U,IB,1,1,593,211132,135,16:00.0,4,7:00,548
7666163695,U,CTY,1,1,247,HAEI23255,186,12:00.0,1,1:00,548
7666163695,U,CTY,1,1,247,HAEI23255,175,52:00.0,7,18:00,548
7666163989,U,IB,1,1,442,131385,101,21:00.0,5,7:00,548
7666164209,U,IB,1,2,518,131385,101,45:00.0,5,7:00,548
7666164218,U,IB,1,2,518,131385,101,38:00.0,5,6:00,548
7666164254,U,IB,1,1,247,131385,101,10:00.0,5,7:00,548
7666164611,U,CTY,1,1,790,123106,174,49:00.0,6,13:00,548
766616485X,U,IB,1,1,790,136729,149,46:00.0,3,21:00,548
7666165381,U,IB,1,1,790,131783,131,43:00.0,6,2:00,548
766616540X,U,IB,1,1,790,128543,158,52:00.0,6,12:00,548
7666165428,U,CTY,1,1,790,134755,238,52:00.0,6,18:00,548
7666165428,U,OB,1,1,790,134755,66,21:00.0,6,4:00,548
7666166023,U,OB,1,1,219,HAEI26361,86,24:00.0,7,21:00,548
7666168178,U,CTY,1,1,415,HAEI23255,175,26:00.0,7,20:00,548
7666168288,U,CTY,1,1,362,HAEI23255,186,12:00.0,1,1:00,548
7666168288,U,CTY,1,1,362,HAEI23255,175,52:00.0,7,18:00,548
7666168306,U,OB,1,1,415,HAEI23255,1,56:00.0,3,7:00,548
7666168306,U,CTY,1,1,415,HAEI23255,175,19:00.0,7,20:00,548
7666168461,U,IB,1,1,790,45495,111,52:00.0,4,15:00,548
7666168544,U,CTY,1,1,790,125345,169,35:00.0,3,18:00,548
7666168773,U,IB,1,1,790,131783,131,32:00.0,6,3:00,548
7666168847,U,IB,1,1,790,135735,131,57:00.0,7,21:00,548
7666168966,U,IB,1,1,424,131385,101,40:00.0,5,7:00,548
7666168993,U,CTY,1,1,790,124330,175,54:00.0,6,15:00,548
7666169103,U,IB,1,1,726,131385,101,15:00.0,5,7:00,548
766616914X,U,IB,1,1,786,45495,111,00:00.0,4,20:00,548
7666169379,U,IB,1,1,442,131385,101,02:00.0,5,7:00,548
7666169451,U,IB,1,1,790,131783,131,12:00.0,6,3:00,548
7666169534,U,CTY,1,1,790,137082,174,58:00.0,5,4:00,548
7666169873,U,IB,1,1,790,131783,131,56:00.0,6,2:00,548
7666171927,U,OB,1,3,1245,130863,38,38:00.0,4,1:00,548
7666171972,U,CTY,1,1,1545,137255,189,42:00.0,4,21:00,548
7666172028,U,IB,1,1,424,126165,149,45:00.0,6,3:00,548
766617299X,U,IB,1,1,790,HAEI24669,151,28:00.0,4,21:00,548
7666173027,U,CTY,1,1,790,125345,169,39:00.0,3,18:00,548
7666173200,U,CTY,1,1,790,124330,175,53:00.0,6,15:00,548
7666173851,U,IB,1,1,790,HAEI23307,131,12:00.0,6,19:00,548
7666173860,U,OB,1,1,790,127135,78,33:00.0,4,18:00,548
7666173898,U,OB,1,1,790,127135,78,39:00.0,4,18:00,548
7666173925,U,IB,1,1,790,HAEI24669,151,45:00.0,5,0:00,548
7666173925,U,OB,1,1,790,HAEI24669,86,11:00.0,5,22:00,548
766617398X,U,CTY,1,2,945,261139,174,59:00.0,3,22:00,548
7666174008,U,CTY,1,2,945,261139,174,02:00.0,3,23:00,548
7666174080,U,IB,1,1,790,131783,131,48:00.0,6,2:00,548
766617409X,U,OB,1,1,790,134755,66,23:00.0,6,4:00,548
7666174118,U,OB,1,2,945,HAEI26237,67,14:00.0,5,17:00,548
7666174127,U,IB,1,1,790,131783,131,21:00.0,6,3:00,548
7666174190,U,CTY,1,1,442,137082,174,50:00.0,5,4:00,548
7666174273,U,CTY,1,1,332,530503,187,16:00.0,6,22:00,548
7666177849,U,IB,1,1,790,135735,131,56:00.0,7,21:00,548
7666177858,U,IB,1,1,790,HAEI23307,131,30:00.0,6,23:00,548
7666178352,U,IB,1,1,786,45495,111,02:00.0,4,15:00,548
7666178399,U,IB,1,1,790,136729,149,36:00.0,3,21:00,548
7666178480,U,OB,1,1,790,127135,78,29:00.0,4,18:00,548
7666178554,U,IB,1,1,790,HAEI23307,131,25:00.0,6,23:00,548
7666178756,U,IB,1,1,790,HAEI23307,131,21:00.0,6,19:00,548
7666178875,U,IB,1,1,790,131783,131,01:00.0,6,3:00,548
7666178920,U,OB,1,2,945,HAEI26237,67,25:00.0,5,17:00,548
7666182734,U,IB,1,1,424,131385,101,40:00.0,5,7:00,548
7666182743,U,IB,1,1,790,136729,149,38:00.0,3,21:00,548
7666182918,U,IB,1,1,790,131783,107,44:00.0,6,4:00,548
7666182918,U,IB,1,1,790,131783,131,08:00.0,6,3:00,548
7666187428,U,IB,1,1,790,131783,131,27:00.0,6,3:00,548
7666197979,U,IB,1,24,443,125111,158,09:00.0,1,14:00,826
7666198060,U,OB,1,11,300,278972,74,48:00.0,2,2:00,826
7666198170,U,CTY,1,1,254,HAEI28100,172,10:00.0,5,18:00,826
7666198170,U,CTY,1,1,254,HAEI28100,R405,34:00.0,5,18:00,826
7666198931,U,CTY,1,13,259,HAEI23255,231,41:00.0,7,0:00,826
7666198931,U,CTY,1,13,259,HAEI23255,175,05:00.0,7,22:00,826
7666199189,U,CTY,1,5,174,137791,169,41:00.0,2,9:00,826
7666273237,U,CTY,1,1,411,139775,174,25:00.0,3,12:00,371
7666273246,U,CTY,1,11,3535,128819,197,50:00.0,1,22:00,371
7666273686,U,IB,1,1,323,135725,151,09:00.0,7,17:00,371
7666277370,U,IB,1,1,6224,127837,152,00:00.0,7,18:00,371
7666277435,U,IB,1,1,6122,202024,125,29:00.0,5,5:00,371
7666277527,U,CTY,1,1,900,134604,168,21:00.0,4,15:00,371
7666277563,U,CTY,1,1,715,129651,169,31:00.0,4,11:00,371
7666295264,U,CTY,1,1,1281,128658,169,37:00.0,6,14:00,371
7666295392,U,IB,1,1,45,137723,151,37:00.0,6,1:00,371
7666295484,U,IB,1,17,7280,136729,149,20:00.0,3,21:00,371
7666301020,U,IB,1,3,376,135748,151,42:00.0,6,13:00,371
7666301240,U,CTY,1,1,245,133220,194,13:00.0,6,21:00,371
7666301534,U,IB,1,1,130,135748,151,31:00.0,6,13:00,371
7666301561,U,CTY,1,1,690,128658,169,09:00.0,6,14:00,371
7666309409,U,CTY,1,1,461,140013,169,35:00.0,6,6:00,371
7666309858,U,IB,1,1,423,127369,149,27:00.0,7,1:00,371
7666309968,U,CTY,1,1,727,135212,175,02:00.0,1,6:00,371
7666351016,U,IB,1,4,1490,125935,158,48:00.0,6,21:00,811
7666351447,U,IB,1,1,500,132669,164,45:00.0,3,12:00,811
7666352749,U,IB,1,1,550,139017,133,20:00.0,6,8:00,811
7666364784,U,IB,1,1,1320,125935,158,31:00.0,6,21:00,811
7666368551,U,CTY,1,2,606,290332,192,54:00.0,7,12:00,811
7666446698,U,OB,1,8,2652,R621780290,39,52:00.0,4,17:00,112
7666515118,U,CTY,1,4,3266,138837,192,42:00.0,1,21:00,112
7666515457,U,CTY,1,26,26,126370,196,30:00.0,7,15:00,112
7666515731,U,CTY,1,10,100,133774,197,03:00.0,5,0:00,112
7666517666,U,CTY,1,1,3134,134402,176,29:00.0,4,11:00,112
7666522084,U,IB,1,1,163,127781,149,07:00.0,1,19:00,112
7666528996,U,CTY,1,3,282,126618,196,23:00.0,2,16:00,112
7666536467,U,CTY,1,1,1418,134705,222,43:00.0,2,1:00,112
7666536467,U,CTY,1,1,1418,134705,192,19:00.0,7,4:00,112
7666543790,U,CTY,1,1,640,133417,187,01:00.0,2,0:00,112
7666544533,U,IB,1,1,560,134073,163,50:00.0,3,19:00,112
7666544634,U,IB,1,2,410,134073,163,20:00.0,3,21:00,112
7666545312,U,CTY,1,1,1005,125588,168,01:00.0,1,21:00,112
7666545312,U,OB,1,1,1005,125588,99,12:00.0,2,6:00,112
7666545359,U,OB,1,2,1770,134124,39,04:00.0,4,9:00,112
7666545734,U,CTY,1,1,85,125108,173,00:00.0,1,4:00,112
7666550419,U,CTY,1,2,300,PASC33311,173,42:00.0,5,16:00,388
766655051X,U,CTY,1,4,649,PASC33311,173,12:00.0,5,9:00,388
7666550601,U,CTY,1,1,132,PASC634013,175,09:00.0,7,14:00,388
7666550767,U,CTY,1,4,1398,PASC175379,192,55:00.0,6,4:00,388
7666550895,U,CTY,1,1,485,PASC634013,175,51:00.0,7,10:00,388
7666551858,U,CTY,1,5,525,PASC175379,188,00:00.0,5,7:00,388
7666552022,U,CTY,1,9,1115,138999,187,44:00.0,5,9:00,388
7666552242,U,CTY,1,15,1725,PASC634534,187,02:00.0,1,18:00,388
7666552875,U,CTY,1,2,246,PASC175379,188,07:00.0,7,15:00,388
7666622963,U,CTY,1,2,40,132416,197,45:00.0,3,23:00,324
7666623073,U,CTY,1,1,50,137671,175,50:00.0,4,10:00,324
7666623935,U,CTY,1,1,50,202525,172,16:00.0,3,13:00,324
7666656064,U,OB,1,1,77,128783,63,58:00.0,6,21:00,172
7666668750,U,OB,1,4,1905,133715,17,39:00.0,3,18:00,730
7666668797,U,OB,1,5,2075,128204,26,45:00.0,4,1:00,730
7666668815,U,OB,1,50,934,128204,26,08:00.0,4,3:00,730
7666668898,U,OB,1,2,745,126164,49,55:00.0,4,19:00,730
7666668925,U,OB,1,24,316,140379,39,44:00.0,5,21:00,730
7666668952,U,OB,1,2,555,126164,49,13:00.0,4,19:00,730
7666669035,U,OB,1,7,2930,139647,63,06:00.0,3,21:00,730
7666669127,U,OB,1,5,2460,140158,55,39:00.0,4,19:00,730
7666686159,U,IB,1,1,1750,136659,113,02:00.0,7,0:00,216
7666687057,U,IB,1,1,555,126729,135,59:00.0,4,13:00,216
7666687075,U,CTY,1,6,3450,125608,169,22:00.0,6,19:00,216
7666687102,U,CTY,1,1,214,125608,169,47:00.0,6,18:00,216
7666688541,U,IB,1,1,488,128427,112,37:00.0,7,3:00,216
766668856X,U,CTY,1,1,900,121691,174,12:00.0,7,8:00,216
7666688606,U,IB,1,1,1218,126219,149,17:00.0,5,5:00,216
7666688624,U,IB,1,1,825,279026,112,26:00.0,6,7:00,216
7666688633,U,IB,1,1,619,130757,114,01:00.0,5,13:00,216
766668867X,U,IB,1,1,855,137169,125,56:00.0,3,8:00,216
7666695920,U,IB,1,3,508,132868,116,53:00.0,7,20:00,216
7666695958,U,IB,1,1,386,127111,104,24:00.0,7,6:00,216
7666696068,U,IB,1,2,659,129831,114,13:00.0,1,17:00,216
7666696205,U,CTY,1,3,1214,134363,187,01:00.0,6,17:00,216
7666696214,U,CTY,1,1,238,134363,187,10:00.0,6,17:00,216
7666696223,U,CTY,1,1,310,134363,187,06:00.0,6,17:00,216
7666696425,U,IB,1,3,1585,119049,117,10:00.0,4,11:00,216
7666696434,U,IB,1,2,730,119049,117,07:00.0,4,11:00,216
7666696452,U,IB,1,1,373,119049,117,30:00.0,4,11:00,216
7666696654,U,IB,1,1,733,139612,111,54:00.0,5,8:00,216
7666700834,U,IB,1,1,240,136659,113,07:00.0,7,0:00,216
7666700980,U,IB,1,2,460,121290,117,51:00.0,3,15:00,216
7666701063,U,CTY,1,1,230,134535,169,58:00.0,3,13:00,216
7666701860,U,OB,1,1,299,202371,86,10:00.0,5,13:00,216
7666706316,U,IB,1,1,2046,261306,127,56:00.0,4,9:00,216
7666706361,U,IB,1,6,6600,559619,143,21:00.0,6,0:00,216
766670638X,U,IB,1,2,2104,559619,143,56:00.0,6,0:00,216
7666706435,U,IB,1,8,10245,558899,135,22:00.0,7,2:00,216
7666706619,U,IB,1,9,2470,132162,158,43:00.0,7,16:00,216
7666710312,U,IB,1,1,597,135340,149,00:00.0,3,11:00,216
7666710413,U,IB,1,4,1801,139450,111,14:00.0,3,5:00,216
7666715500,U,IB,1,6,2365,559143,163,52:00.0,1,13:00,216
7666716124,U,IB,1,6,8224,123777,141,31:00.0,3,14:00,216
7666717848,U,OB,1,1,290,202371,86,33:00.0,5,12:00,216
7666717902,U,OB,1,1,290,202371,86,02:00.0,5,10:00,216
7666717976,U,OB,1,1,214,202371,86,32:00.0,5,12:00,216
7666720836,U,IB,1,1,610,135848,165,32:00.0,1,17:00,216
7666720881,U,OB,1,1,660,249218,86,32:00.0,1,5:00,216
7666720991,U,IB,1,1,270,134010,163,58:00.0,6,9:00,216
7666721139,U,CTY,1,2,475,121789,172,17:00.0,5,18:00,216
7666722706,U,IB,1,1,360,123777,141,41:00.0,3,13:00,216
7666724383,U,IB,1,1,413,137612,123,09:00.0,7,12:00,216
7666724383,U,IB,1,1,413,137612,162,09:00.0,7,13:00,216
7666724439,U,IB,1,1,741,132868,116,33:00.0,7,18:00,216
7666726601,U,OB,1,2,214,202371,86,25:00.0,5,9:00,216
7666726657,U,IB,1,7,7590,261306,127,51:00.0,4,9:00,216
7666726904,U,IB,1,6,10814,430356,149,24:00.0,5,12:00,216
7666727912,U,OB,1,1,1332,249027,96,10:00.0,5,10:00,216
7666730231,U,IB,1,1,880,291170,151,16:00.0,4,7:00,216
7666730240,U,IB,1,1,796,118641,133,45:00.0,3,18:00,216
766673025X,U,IB,1,1,740,118641,133,57:00.0,3,18:00,216
766673234X,U,OB,1,2,720,137535,92,01:00.0,7,18:00,216
766673234X,U,OB,1,2,720,137535,92,01:00.0,7,18:00,216
7666732761,U,IB,1,2,477,559143,163,23:00.0,1,7:00,216
7666732853,U,IB,1,3,3309,121293,105,24:00.0,7,12:00,216
766673289X,U,IB,1,1,436,135289,105,33:00.0,2,1:00,216
7666732918,U,IB,1,2,545,127557,101,31:00.0,7,14:00,216
7666732936,U,OB,1,1,273,202371,86,04:00.0,5,11:00,216
7666733064,U,IB,1,1,320,249140,117,21:00.0,4,8:00,216
7666733073,U,IB,1,4,1457,249140,117,07:00.0,4,8:00,216
7666733183,U,OB,1,1,393,129696,58,15:00.0,3,19:00,216
7666733210,U,IB,1,7,1628,129831,114,28:00.0,1,17:00,216
766673322X,U,IB,1,1,445,129831,114,53:00.0,1,16:00,216
7666738041,U,IB,1,1,632,129831,114,18:00.0,1,16:00,216
7666738050,U,IB,1,1,1635,133452,143,29:00.0,7,18:00,216
766673806X,U,OB,1,1,1010,137673,95,11:00.0,1,10:00,216
7666738079,U,IB,1,1,61,129831,114,24:00.0,1,16:00,216
7666738088,U,OB,1,1,405,137673,93,36:00.0,2,11:00,216
7666738088,U,OB,1,1,405,137673,95,09:00.0,1,10:00,216
7666738097,U,IB,1,1,895,129831,114,13:00.0,1,16:00,216
7666738106,U,CTY,1,1,1335,134535,169,04:00.0,3,14:00,216
7666738115,U,IB,1,1,631,129831,114,16:00.0,1,16:00,216
7666738133,U,IB,1,1,969,129831,114,17:00.0,1,16:00,216
7666739242,U,IB,1,1,1364,127887,129,15:00.0,6,7:00,216
7666739251,U,IB,1,4,2275,132969,145,10:00.0,6,18:00,216
7666739370,U,IB,1,4,3905,138190,114,34:00.0,6,18:00,216
766673938X,U,IB,1,2,1020,135689,101,06:00.0,6,2:00,216
7666739399,U,CTY,1,2,1472,135157,168,35:00.0,6,18:00,216
7666739462,U,IB,1,1,1343,118641,133,59:00.0,3,18:00,216
7666739480,U,CTY,1,1,817,121789,172,08:00.0,5,19:00,216
7666743945,U,IB,1,1,175,132162,158,34:00.0,7,15:00,216
7666743954,U,IB,1,1,250,132162,158,49:00.0,7,15:00,216
7666744284,U,IB,1,1,336,129895,111,29:00.0,7,14:00,216
7666750518,U,IB,1,1,1400,261054,129,20:00.0,4,19:00,216
7666750673,U,IB,1,1,129,129895,111,27:00.0,7,14:00,216
7666750691,U,IB,1,3,2572,128234,116,53:00.0,7,18:00,216
766675071X,U,IB,1,2,1164,128234,116,29:00.0,7,18:00,216
766675082X,U,IB,1,1,483,261383,131,41:00.0,6,12:00,216
7666750866,U,IB,1,1,565,129489,103,46:00.0,5,13:00,216
7666750875,U,IB,1,2,1664,129489,103,55:00.0,5,13:00,216
7666750911,U,IB,1,4,1922,202385,105,34:00.0,4,16:00,216
7666750958,U,CTY,1,4,2078,125608,169,59:00.0,6,19:00,216
7666751178,U,OB,1,2,1540,137535,92,01:00.0,7,18:00,216
7666751178,U,OB,1,2,1540,137535,92,01:00.0,7,18:00,216
7666751205,U,IB,1,1,195,430356,149,46:00.0,5,11:00,216
7666753048,U,IB,1,1,598,131089,112,33:00.0,7,9:00,216
7666753057,U,IB,1,1,256,129895,111,35:00.0,7,13:00,216
7666753066,U,IB,1,1,407,135532,114,06:00.0,4,14:00,216
7666753075,U,IB,1,1,741,129306,117,22:00.0,3,23:00,216
7666754752,U,IB,1,1,144,127887,129,35:00.0,6,6:00,216
7666768237,U,IB,1,2,1013,127887,129,05:00.0,6,8:00,216
7666768300,U,IB,1,1,739,138518,103,05:00.0,3,15:00,216
7666768374,U,IB,1,3,2705,118641,133,42:00.0,3,18:00,216
7666768410,U,IB,1,1,999,119446,103,26:00.0,5,18:00,216
7666768439,U,IB,1,1,965,136659,113,37:00.0,7,0:00,216
7666768448,U,IB,1,1,615,134790,101,11:00.0,7,4:00,216
7666771106,U,OB,1,1,270,130586,96,33:00.0,7,13:00,216
7666771133,U,OB,1,2,540,128748,88,21:00.0,4,19:00,216
7666773901,U,OB,1,2,3124,202371,86,57:00.0,5,9:00,216
7666782546,U,CTY,1,1,709,133906,197,53:00.0,4,18:00,216
7666782564,U,IB,1,1,393,121112,149,52:00.0,5,11:00,216
7666782600,U,IB,1,2,612,119676,105,41:00.0,4,16:00,216
7666790722,U,IB,1,1,4240,133854,117,22:00.0,6,6:00,216
7666791786,U,IB,1,2,1344,127816,113,09:00.0,3,13:00,216
7666791786,U,IB,1,2,1344,127816,167,57:00.0,3,16:00,216
7666791905,U,IB,1,3,4231,119049,117,38:00.0,4,10:00,216
7666791941,U,IB,1,1,166,119426,105,54:00.0,5,10:00,216
7666803996,U,CTY,1,4,8230,277216,182,45:00.0,4,7:00,216
7666803996,U,IB,1,4,8230,277216,113,58:00.0,4,6:00,216
7666804014,U,IB,1,4,653,277216,113,01:00.0,4,8:00,216
7666804088,U,OB,1,1,321,249027,96,41:00.0,5,12:00,216
7666804151,U,OB,1,1,3,249027,96,02:00.0,5,13:00,216
7666804225,U,OB,1,1,3,249027,96,06:00.0,5,13:00,216
7666809550,U,IB,1,2,618,132737,103,50:00.0,7,2:00,216
766680956X,U,IB,1,1,117,132737,103,45:00.0,7,2:00,216
7666809597,U,IB,1,1,488,133452,143,14:00.0,7,18:00,216
7666809624,U,OB,1,2,1256,137673,95,20:00.0,1,10:00,216
7666809651,U,IB,1,2,1256,129831,114,40:00.0,1,16:00,216
7666809660,U,OB,1,1,376,137673,95,22:00.0,1,10:00,216
766680967X,U,IB,1,2,980,133452,143,03:00.0,7,18:00,216
7666809698,U,IB,1,1,495,125833,105,14:00.0,7,12:00,216
7666809817,U,CTY,1,1,2707,121789,172,33:00.0,5,18:00,216
7666814280,U,CTY,1,5,1875,133906,197,39:00.0,4,18:00,216
7666815766,U,CTY,1,2,65,133257,169,14:00.0,3,14:00,216
7666815986,U,IB,1,1,114,123777,141,04:00.0,3,15:00,216
7666816078,U,CTY,1,1,180,133257,169,34:00.0,3,13:00,216
7666828288,U,IB,1,1,4,126729,135,16:00.0,4,14:00,216
7666828351,U,IB,1,4,1604,126729,135,18:00.0,4,14:00,216
7666828398,U,IB,1,1,1,126729,156,16:00.0,4,14:00,216
7666828398,U,IB,1,1,1,126729,156,16:00.0,4,14:00,216
7666828434,U,IB,1,1,1505,126729,135,48:00.0,4,14:00,216
7666828517,U,IB,1,2,722,126104,141,31:00.0,5,7:00,216
7666828627,U,IB,1,2,1548,126104,141,19:00.0,5,7:00,216
7666828636,U,IB,1,1,428,126104,141,50:00.0,5,7:00,216
7666828690,U,IB,1,1,826,138190,114,57:00.0,6,17:00,216
766682870X,U,IB,1,1,39,138190,114,25:00.0,6,18:00,216
7666828773,U,IB,1,2,91,138190,114,28:00.0,6,18:00,216
7666828847,U,IB,1,1,40,127816,113,47:00.0,3,11:00,216
7666828856,U,IB,1,1,42,127816,113,03:00.0,3,13:00,216
7666829049,U,IB,1,1,41,125833,105,22:00.0,7,14:00,216
7666829058,U,IB,1,1,486,125833,105,08:00.0,7,14:00,216
7666829067,U,IB,1,1,219,125833,105,05:00.0,7,14:00,216
7666829231,U,IB,1,1,3,127469,151,20:00.0,3,11:00,216
7666829323,U,IB,1,1,10,127469,151,30:00.0,3,11:00,216
766682936X,U,IB,1,4,4235,127469,151,58:00.0,3,11:00,216
7666829442,U,IB,1,3,5535,138190,114,05:00.0,6,18:00,216
7666829498,U,IB,1,1,39,124130,116,41:00.0,6,5:00,216
7666829662,U,IB,1,1,3,121293,105,44:00.0,7,12:00,216
7666829671,U,IB,1,1,577,121293,105,29:00.0,7,12:00,216
7666829718,U,IB,1,1,488,127469,151,43:00.0,3,10:00,216
7666830039,U,IB,1,5,1554,430356,149,39:00.0,5,11:00,216
7666838729,U,IB,1,1,888,128446,123,23:00.0,3,14:00,216
7666842770,U,IB,1,1,1546,123386,105,57:00.0,4,13:00,216
7666842927,U,IB,1,3,4638,310316,167,44:00.0,3,16:00,216
7666842927,U,IB,1,3,4638,310316,117,44:00.0,1,10:00,216
7666842936,U,IB,1,1,2115,310316,117,36:00.0,1,10:00,216
7666842990,U,CTY,1,1,1546,128076,177,28:00.0,3,3:00,216
7666842990,U,CTY,1,1,1546,128076,177,28:00.0,3,3:00,216
766684311X,U,CTY,1,1,975,133906,197,08:00.0,4,16:00,216
7666843147,U,IB,1,1,1546,277216,103,04:00.0,4,10:00,216
7666843147,U,IB,1,1,1546,277216,113,53:00.0,4,9:00,216
7666843192,U,IB,1,5,5844,121112,149,47:00.0,5,11:00,216
7666844247,U,IB,1,3,1185,129499,102,25:00.0,6,14:00,216
7666844247,U,IB,1,3,1185,129499,131,55:00.0,6,13:00,216
7666844247,U,IB,1,3,1185,129499,131,50:00.0,7,8:00,216
7666844339,U,IB,1,1,244,124130,116,37:00.0,6,5:00,216
7666844393,U,OB,1,1,1110,128287,90,40:00.0,7,10:00,216
7666845071,U,IB,1,2,60,124130,116,43:00.0,6,6:00,216
7666845080,U,OB,1,3,185,249027,96,45:00.0,5,12:00,216
7666845118,U,IB,1,1,66,277216,113,32:00.0,4,7:00,216
7666845136,U,IB,1,2,132,290902,131,59:00.0,3,6:00,216
7666845145,U,OB,1,3,108,249027,96,44:00.0,5,11:00,216
7666845219,U,IB,1,2,80,290902,131,50:00.0,3,6:00,216
7666845401,U,IB,1,1,104,123386,105,27:00.0,4,15:00,216
7666846162,U,IB,1,4,5095,310753,101,14:00.0,4,18:00,216
7666846171,U,IB,1,6,9040,310753,101,24:00.0,4,21:00,216
7666846602,U,CTY,1,11,2927,129562,209,03:00.0,7,0:00,216
7666846730,U,IB,1,1,1050,135944,116,35:00.0,3,15:00,216
7666846759,U,IB,1,2,355,128283,151,55:00.0,1,4:00,216
7666846768,U,IB,1,1,190,128283,151,20:00.0,1,5:00,216
7666846786,U,IB,1,1,99,128283,151,16:00.0,1,5:00,216
7666846795,U,IB,1,1,69,128283,151,38:00.0,1,4:00,216
7666846804,U,IB,1,1,130,128283,151,51:00.0,1,4:00,216
7666846813,U,IB,1,1,120,133452,143,19:00.0,7,19:00,216
7666846822,U,IB,1,1,160,133452,143,23:00.0,7,19:00,216
7666846887,U,IB,1,1,160,133452,143,04:00.0,7,19:00,216
7666846896,U,IB,1,3,3500,291170,151,54:00.0,4,7:00,216
7666846905,U,IB,1,1,69,132162,158,33:00.0,7,15:00,216
7666846914,U,IB,1,1,205,132162,158,39:00.0,7,15:00,216
7666846923,U,IB,1,1,51,310316,117,25:00.0,1,9:00,216
7666846932,U,IB,1,1,175,310316,117,26:00.0,1,9:00,216
7666847033,U,IB,1,1,1079,291170,151,59:00.0,4,6:00,216
7666849013,U,IB,1,2,904,136659,113,34:00.0,7,1:00,216
7666849069,U,IB,1,2,651,129562,135,18:00.0,6,13:00,216
7666849078,U,IB,1,1,364,129562,135,00:00.0,6,13:00,216
7666849141,U,IB,1,1,1361,129562,135,04:00.0,6,15:00,216
7666849141,U,IB,1,1,1361,129562,105,27:00.0,7,6:00,216
766684927X,U,IB,1,3,6037,136659,113,34:00.0,7,1:00,216
7666849289,U,CTY,1,1,358,134363,187,22:00.0,6,13:00,216
7666849361,U,IB,1,1,161,134790,101,16:00.0,7,4:00,216
7666849453,U,IB,1,1,497,129965,143,17:00.0,7,6:00,216
7666849518,U,IB,1,1,171,119446,103,23:00.0,5,19:00,216
7666849581,U,IB,1,1,92,119446,103,08:00.0,5,20:00,216
7666849619,U,IB,1,4,1346,430356,149,51:00.0,5,14:00,216
7666849628,U,IB,1,1,137,139971,104,44:00.0,4,20:00,216
7666849628,U,OB,1,1,137,139971,92,22:00.0,5,4:00,216
7666849682,U,IB,1,2,3572,136659,113,47:00.0,7,0:00,216
766684971X,U,IB,1,1,351,129965,143,32:00.0,7,7:00,216
7666849738,U,CTY,1,1,2890,129881,169,55:00.0,1,1:00,216
7666849747,U,IB,1,2,382,124130,116,32:00.0,6,5:00,216
7666849747,U,OB,1,2,382,124130,94,06:00.0,6,6:00,216
7666849810,U,IB,1,1,2146,129306,117,02:00.0,3,16:00,216
7666849866,U,IB,1,2,614,129306,117,48:00.0,3,15:00,216
7666849884,U,IB,1,1,249,129306,117,54:00.0,3,15:00,216
7666849893,U,OB,1,2,370,129306,94,29:00.0,4,0:00,216
7666849893,U,IB,1,2,370,129306,117,26:00.0,3,22:00,216
7666849976,U,IB,1,1,330,129306,117,53:00.0,3,22:00,216
7666853981,U,IB,1,1,970,132969,145,31:00.0,6,16:00,216
7666858042,U,CTY,1,1,855,310316,181,34:00.0,1,9:00,216
7666858042,U,CTY,1,1,855,310316,181,34:00.0,1,9:00,216
7666858107,U,IB,1,1,310,131089,112,25:00.0,7,9:00,216
7666858134,U,IB,1,1,226,131089,112,00:00.0,7,10:00,216
7666858199,U,IB,1,1,1100,137455,152,30:00.0,7,2:00,216
7666858208,U,IB,1,1,2492,133854,117,26:00.0,6,5:00,216
7666863845,U,IB,1,5,11440,530091,151,21:00.0,1,9:00,216
7666865623,U,IB,1,3,4950,127887,129,57:00.0,6,7:00,216
7666865697,U,IB,1,1,145,290902,157,12:00.0,3,6:00,216
7666865697,U,IB,1,1,145,290902,157,12:00.0,3,6:00,216
7666867347,U,IB,1,1,488,130757,114,23:00.0,5,11:00,216
7666868831,U,CTY,1,3,4362,134535,169,51:00.0,3,11:00,216
7666868840,U,CTY,1,1,260,134535,169,07:00.0,3,11:00,216
7666872434,U,IB,1,1,209,124186,107,16:00.0,5,11:00,216
7666872434,U,CTY,1,1,209,124186,168,46:00.0,5,7:00,216
7666872499,U,IB,1,4,1140,290262,151,54:00.0,4,16:00,216
7666872636,U,CTY,1,2,2000,129652,174,53:00.0,1,7:00,216
7666874982,U,IB,1,1,105,121112,149,52:00.0,5,10:00,216
7666875056,U,IB,1,1,725,128283,151,05:00.0,1,6:00,216
7666875065,U,CTY,1,1,215,125608,169,27:00.0,6,20:00,216
7666875294,U,IB,1,1,99,133452,143,50:00.0,7,19:00,216
7666875588,U,IB,1,1,520,261054,129,30:00.0,4,19:00,216
7666875651,U,IB,1,1,3043,121293,165,35:00.0,1,12:00,216
7666875651,U,IB,1,1,3043,121293,105,14:00.0,7,13:00,216
7666876210,U,IB,1,3,6054,41406,114,05:00.0,7,19:00,216
7666879501,U,IB,1,1,169,137169,125,43:00.0,3,8:00,216
766714000X,U,OB,1,2,260,138987,49,38:00.0,6,8:00,462
7667144987,U,OB,1,1,317,139710,74,18:00.0,3,4:00,462
7667145023,U,OB,1,1,137,126511,74,21:00.0,7,10:00,462
7667145115,U,OB,1,1,305,140034,75,22:00.0,3,5:00,462
7667145124,U,OB,1,1,342,140034,75,15:00.0,3,4:00,462
7667145142,U,OB,1,1,379,140034,75,51:00.0,3,3:00,462
7667146994,U,OB,1,1,110,139710,74,34:00.0,3,3:00,462
7667147012,U,CTY,1,1,850,HAEI25934,192,39:00.0,1,0:00,462
7667147030,U,OB,1,1,1215,123721,78,04:00.0,6,8:00,462
766714704X,U,IB,1,1,1152,132737,105,37:00.0,6,11:00,462
7667147068,U,OB,1,1,1020,133084,43,07:00.0,7,4:00,462
7667147122,U,OB,1,1,98,126239,95,56:00.0,6,13:00,462
7667147223,U,IB,1,1,500,127275,123,51:00.0,6,14:00,462
7667148094,U,IB,1,7,1517,HAEI23005,117,07:00.0,7,11:00,462
7667148094,U,IB,1,7,1517,HAEI23005,115,45:00.0,7,18:00,462
766714847X,U,OB,1,2,276,136067,72,52:00.0,4,4:00,462
7667150000,U,IB,1,1,974,127275,123,55:00.0,6,14:00,462
7667150092,U,IB,1,2,1690,130521,112,06:00.0,6,8:00,462
7667152063,U,OB,1,6,2780,127413,74,17:00.0,5,9:00,462
7667153731,U,IB,1,1,425,290910,135,19:00.0,7,8:00,462
7667153740,U,IB,1,1,1013,290910,135,28:00.0,7,12:00,462
7667155199,U,OB,1,1,338,133084,43,58:00.0,7,3:00,462
7667155217,U,IB,1,2,676,135378,111,00:00.0,7,8:00,462
7667157518,U,OB,1,1,535,123721,78,21:00.0,6,6:00,462
7667157536,U,IB,1,1,470,430102,112,48:00.0,4,9:00,462
7667157563,U,IB,1,1,608,290910,135,44:00.0,7,6:00,462
7667157857,U,OB,1,1,550,123721,78,54:00.0,6,6:00,462
7667157866,U,OB,1,1,345,126511,74,16:00.0,7,8:00,462
7667157875,U,OB,1,1,4518,126511,74,54:00.0,7,9:00,462
7667157985,U,OB,1,1,82,138436,46,16:00.0,4,6:00,462
7667159680,U,OB,1,12,5787,137703,88,33:00.0,3,3:00,462
7667159846,U,OB,1,9,225,138987,49,53:00.0,6,7:00,462
7667163494,U,OB,1,1,105,136067,72,21:00.0,4,3:00,462
7667163503,U,OB,1,1,105,138436,46,47:00.0,4,6:00,462
7667163512,U,OB,1,2,210,136067,72,30:00.0,4,3:00,462
7667163521,U,OB,1,1,40,136067,72,15:00.0,4,3:00,462
7667163530,U,OB,1,1,127,136067,72,34:00.0,4,3:00,462
7667163568,U,OB,1,1,105,138436,46,45:00.0,4,6:00,462
7667163577,U,OB,1,1,103,136067,72,26:00.0,4,3:00,462
7667163586,U,OB,1,1,107,138436,46,41:00.0,4,6:00,462
7667163613,U,OB,1,1,107,138436,46,35:00.0,4,6:00,462
7667163732,U,OB,1,4,1670,138436,46,53:00.0,4,7:00,462
7667163750,U,OB,1,2,1340,135149,75,09:00.0,5,8:00,462
766716376X,U,OB,1,1,695,135149,75,12:00.0,5,8:00,462
7667163779,U,OB,1,3,915,135149,75,25:00.0,5,8:00,462
7667163815,U,OB,1,1,400,126239,95,20:00.0,6,15:00,462
7667163815,U,OB,1,1,400,126239,66,31:00.0,7,10:00,462
7667163824,U,OB,1,2,614,126239,95,17:00.0,6,15:00,462
7667163824,U,OB,1,2,614,126239,66,32:00.0,7,10:00,462
7667163842,U,OB,1,1,360,126239,95,56:00.0,6,14:00,462
7667163851,U,OB,1,2,925,126239,95,03:00.0,6,15:00,462
7667163860,U,OB,1,1,285,139927,74,48:00.0,5,12:00,462
7667163898,U,OB,1,6,2980,139927,74,55:00.0,5,12:00,462
7667163907,U,OB,1,6,2375,139927,74,16:00.0,5,13:00,462
7667163961,U,IB,1,1,190,290910,135,20:00.0,7,7:00,462
7667164044,U,IB,1,1,87,132737,105,42:00.0,6,16:00,462
7667164062,U,IB,1,1,103,132737,105,45:00.0,6,16:00,462
7667164080,U,OB,1,1,55,133084,43,22:00.0,7,6:00,462
7667164145,U,OB,1,2,92,137246,89,01:00.0,3,18:00,462
7667164942,U,IB,1,1,345,290910,135,09:00.0,7,7:00,462
7667164951,U,IB,1,1,120,290910,135,21:00.0,7,7:00,462
7667164960,U,IB,1,1,190,290910,135,18:00.0,7,7:00,462
766716497X,U,IB,1,1,375,290910,135,08:00.0,7,7:00,462
7667165979,U,OB,1,2,3465,137246,89,11:00.0,3,18:00,462
766716618X,U,IB,1,2,3438,430102,119,46:00.0,4,14:00,462
766716618X,U,IB,1,2,3438,430102,112,52:00.0,4,10:00,462
7667166455,U,OB,1,1,1315,123721,78,09:00.0,6,7:00,462
7667166473,U,OB,1,2,2457,123721,78,43:00.0,6,6:00,462
7667166482,U,OB,1,1,438,137246,89,41:00.0,3,14:00,462
7667166648,U,OB,1,1,446,126239,95,06:00.0,6,13:00,462
7667166675,U,OB,1,9,4618,140034,75,56:00.0,3,6:00,462
766716673X,U,OB,1,1,105,291056,89,39:00.0,5,12:00,462
7667166987,U,OB,1,1,61,291056,89,52:00.0,5,10:00,462
7667167005,U,OB,1,1,46,291056,89,41:00.0,5,11:00,462
7667167014,U,OB,1,1,87,291056,89,40:00.0,5,12:00,462
7667167050,U,OB,1,3,480,291056,89,48:00.0,5,12:00,462
7667167115,U,IB,1,2,174,138223,113,34:00.0,7,8:00,462
7667167142,U,IB,1,1,55,138223,113,26:00.0,7,8:00,462
7667167151,U,IB,1,1,46,138223,113,36:00.0,7,8:00,462
7667170745,U,IB,1,1,132,132737,105,50:00.0,6,16:00,462
7667170754,U,OB,1,1,385,290910,15,21:00.0,7,10:00,462
7667170754,U,IB,1,1,385,290910,135,20:00.0,7,10:00,462
7667170763,U,OB,1,1,801,290910,81,45:00.0,7,11:00,462
7667170763,U,OB,1,1,801,290910,81,45:00.0,7,11:00,462
7667170965,U,IB,1,6,2095,138160,113,52:00.0,6,16:00,462
766717124X,U,OB,1,2,482,137246,89,08:00.0,3,16:00,462
7667172148,U,OB,1,1,75,138306,73,53:00.0,4,6:00,462
7667172175,U,IB,1,1,160,290910,135,58:00.0,7,9:00,462
7667172184,U,IB,1,5,550,290910,160,39:00.0,7,6:00,462
7667172184,U,IB,1,5,550,290910,135,29:00.0,7,6:00,462
7667172202,U,OB,1,1,117,134662,84,18:00.0,5,6:00,462
7667172211,U,OB,1,1,75,134662,84,21:00.0,5,6:00,462
7667172606,U,IB,1,1,107,138160,113,29:00.0,6,17:00,462
7667172615,U,OB,1,1,160,249064,90,28:00.0,3,17:00,462
7667172624,U,OB,1,1,135,249064,90,11:00.0,3,18:00,462
7667172633,U,OB,1,1,175,249064,90,20:00.0,3,18:00,462
7667172642,U,OB,1,1,245,249064,90,19:00.0,3,17:00,462
7667172651,U,OB,1,1,175,249064,90,27:00.0,3,18:00,462
7667172660,U,OB,1,1,175,249064,90,14:00.0,3,18:00,462
766717267X,U,OB,1,1,135,249064,90,35:00.0,3,18:00,462
766717267X,U,OB,1,1,135,249064,82,19:00.0,4,0:00,462
7667172689,U,OB,1,5,810,249064,90,16:00.0,3,16:00,462
7667172698,U,OB,1,1,135,249064,90,06:00.0,3,18:00,462
7667172707,U,OB,1,1,135,138306,73,30:00.0,4,6:00,462
7667172716,U,OB,1,3,323,138306,73,47:00.0,4,6:00,462
7667172725,U,OB,1,2,270,138306,73,24:00.0,4,6:00,462
7667173201,U,OB,1,1,135,134246,86,44:00.0,5,10:00,462
7667173239,U,OB,1,1,122,249064,90,40:00.0,3,18:00,462
7667173248,U,OB,1,13,3050,249064,90,10:00.0,3,19:00,462
7667173248,U,OB,1,13,3050,249064,88,14:00.0,3,19:00,462
7667173257,U,OB,1,2,1983,249064,90,56:00.0,3,16:00,462
7667173266,U,OB,1,4,3073,249064,90,14:00.0,3,19:00,462
7667173284,U,IB,1,9,783,140405,101,44:00.0,4,8:00,462
7667173293,U,IB,1,12,1044,140405,101,28:00.0,4,8:00,462
7667173293,U,OB,1,12,1044,140405,15,29:00.0,5,8:00,462
7667173302,U,OB,1,39,3393,134246,86,37:00.0,5,11:00,462
7667173311,U,OB,1,54,4698,134246,86,51:00.0,5,11:00,462
7667173320,U,OB,1,8,800,134246,86,59:00.0,5,10:00,462
766717333X,U,OB,1,1,135,134246,86,48:00.0,5,10:00,462
7667173358,U,IB,1,2,174,138223,113,44:00.0,7,9:00,462
7667177024,U,IB,1,1,1347,130521,112,50:00.0,6,8:00,462
7667177033,U,IB,1,1,2579,130521,112,55:00.0,6,8:00,462
7667177271,U,IB,1,2,3029,140405,101,11:00.0,4,7:00,462
7667177280,U,IB,1,1,285,130521,112,48:00.0,6,8:00,462
7667177592,U,IB,1,2,3731,140405,101,20:00.0,4,7:00,462
7667177693,U,OB,1,1,127,291056,89,05:00.0,5,9:00,462
7667178490,U,OB,1,1,1190,249064,90,56:00.0,3,14:00,462
766717850X,U,OB,1,1,110,138306,73,40:00.0,4,8:00,462
7667178519,U,IB,1,1,241,140405,101,34:00.0,4,7:00,462
7667181076,U,OB,1,1,254,139710,74,59:00.0,3,4:00,462
7667181130,U,OB,1,5,1660,139710,74,18:00.0,3,5:00,462
7667181186,U,OB,1,1,326,139710,74,22:00.0,3,4:00,462
7667181195,U,OB,1,1,250,139710,74,40:00.0,3,4:00,462
7667181204,U,OB,1,1,385,139710,74,46:00.0,3,3:00,462
7667181213,U,OB,1,1,257,139710,74,44:00.0,3,4:00,462
7667181213,U,OB,1,1,257,139710,68,20:00.0,3,6:00,462
7667181222,U,OB,1,1,510,139710,74,53:00.0,3,4:00,462
7667181296,U,OB,1,2,5000,138436,46,59:00.0,4,3:00,462
7667183157,U,OB,1,2,2409,127413,30,35:00.0,5,9:00,462
7667183157,U,OB,1,2,2409,127413,74,25:00.0,5,9:00,462
766718323X,U,IB,1,1,95,135378,111,11:00.0,7,8:00,462
7667183249,U,IB,1,1,71,135378,111,35:00.0,7,9:00,462
7667183258,U,IB,1,1,71,135378,111,21:00.0,7,8:00,462
7667183267,U,IB,1,1,71,135378,111,14:00.0,7,8:00,462
7667183276,U,IB,1,1,71,135378,111,19:00.0,7,8:00,462
7667183285,U,IB,1,1,71,135378,111,33:00.0,7,9:00,462
7667183294,U,IB,1,1,71,135378,111,10:00.0,7,8:00,462
7667183377,U,IB,1,3,7443,430102,119,46:00.0,4,14:00,462
7667183377,U,IB,1,3,7443,430102,121,47:00.0,4,15:00,462
7667183377,U,IB,1,3,7443,430102,112,49:00.0,4,10:00,462
7667183377,U,IB,1,3,7443,430102,119,15:00.0,4,19:00,462
7667183404,U,IB,1,1,437,430102,112,54:00.0,4,10:00,462
7667183413,U,IB,1,1,792,430102,112,51:00.0,4,9:00,462
766718367X,U,IB,1,1,127,135378,111,13:00.0,7,10:00,462
7667183707,U,IB,1,1,71,135378,111,26:00.0,7,9:00,462
7667183716,U,IB,1,1,71,135378,111,26:00.0,7,8:00,462
7667183725,U,IB,1,1,71,135378,111,16:00.0,7,8:00,462
7667185247,U,OB,1,1,51,136067,72,28:00.0,4,5:00,462
7667185256,U,OB,1,1,69,136067,72,29:00.0,4,5:00,462
7667185339,U,IB,1,7,715,430102,112,21:00.0,4,11:00,462
7667185348,U,IB,1,3,163,430102,112,16:00.0,4,11:00,462
7667185357,U,OB,1,8,695,134662,84,53:00.0,5,7:00,462
7667187180,U,IB,1,1,150,290910,135,20:00.0,7,7:00,462
766718719X,U,IB,1,1,87,290910,135,22:00.0,7,7:00,462
7667187254,U,OB,1,1,124,291056,89,50:00.0,5,10:00,462
7667187263,U,OB,1,1,61,291056,89,27:00.0,5,11:00,462
7667187557,U,OB,1,1,61,139710,74,11:00.0,3,3:00,462
7667187566,U,OB,1,1,105,139710,74,24:00.0,3,3:00,462
7667187575,U,OB,1,1,124,139710,74,16:00.0,3,3:00,462
7667187685,U,OB,1,1,61,291056,89,54:00.0,5,10:00,462
7667188226,U,CTY,1,3,1000,138436,N   ,46:00.0,4,15:00,462
7667188226,U,OB,1,3,1000,138436,46,46:00.0,4,7:00,462
766718884X,U,OB,1,1,1076,138200,88,13:00.0,4,4:00,462
7667215001,U,IB,1,2,850,138223,113,13:00.0,7,10:00,462
7667219511,U,IB,1,2,2211,138223,113,57:00.0,7,11:00,462
7667219520,U,IB,1,1,291,138223,113,56:00.0,7,10:00,462
766721953X,U,IB,1,1,661,138223,113,25:00.0,7,10:00,462
7667219549,U,IB,1,1,478,138223,113,51:00.0,7,9:00,462
7667219567,U,IB,1,1,190,138223,113,47:00.0,7,8:00,462
7667219576,U,IB,1,2,2395,138223,113,48:00.0,7,9:00,462
7667219585,U,IB,1,3,3360,138223,113,13:00.0,7,11:00,462
7667219603,U,IB,1,1,220,138223,113,16:00.0,7,10:00,462
7667219612,U,IB,1,2,2213,138223,113,55:00.0,7,11:00,462
766730632X,U,CTY,1,1,309,PASC533243,168,01:00.0,7,6:00,377
7667306559,U,IB,1,2,799,127772,158,58:00.0,4,1:00,377
766730797X,U,CTY,1,10,2700,TNUE56177,188,40:00.0,1,8:00,377
7667311004,U,CTY,1,9,3910,290114,169,17:00.0,1,11:00,377
7667312654,U,CTY,1,1,1005,PASC634534,176,29:00.0,1,21:00,377
7667314762,U,CTY,1,1,845,125814,172,52:00.0,6,1:00,377
7667327899,U,CTY,1,2,480,PASC175379,188,38:00.0,7,11:00,377
7667335186,U,CTY,1,1,297,125201,194,59:00.0,1,4:00,377
7667335186,U,IB,1,1,297,125201,166,38:00.0,2,12:00,377
7667335763,U,CTY,1,8,2000,PASC175379,188,24:00.0,7,14:00,377
7667336084,U,CTY,1,10,2800,125201,194,38:00.0,1,7:00,377
7667336167,U,IB,1,2,602,138457,118,30:00.0,6,17:00,377
7667336167,U,CTY,1,2,602,138457,188,32:00.0,6,12:00,377
7667338284,U,CTY,1,6,2446,138457,188,00:00.0,6,17:00,377
7667338293,U,CTY,1,3,1500,138457,188,57:00.0,6,16:00,377
7667338358,U,CTY,1,4,1923,138457,188,00:00.0,6,17:00,377
7667338486,U,CTY,1,4,1126,138457,188,55:00.0,6,16:00,377
7667338495,U,CTY,1,1,980,PASC175379,192,49:00.0,6,9:00,377
7667338605,U,CTY,1,3,1535,PASC634534,176,25:00.0,1,21:00,377
7667338825,U,CTY,1,3,1261,TNUE56177,188,22:00.0,1,8:00,377
7667338834,U,CTY,1,3,2403,TNUE56177,188,09:00.0,1,8:00,377
7667338843,U,CTY,1,1,378,PASC533243,168,13:00.0,7,3:00,377
7667338852,U,CTY,1,7,3280,TNUE56177,188,30:00.0,1,4:00,377
7667339009,U,CTY,1,5,1980,119660,204,19:00.0,6,17:00,377
766733932X,U,CTY,1,3,1325,135165,189,01:00.0,5,21:00,377
7667339339,U,CTY,1,2,1090,136178,188,16:00.0,5,21:00,377
7667339357,U,CTY,1,3,1560,T730211733,174,22:00.0,7,1:00,377
7667339476,U,CTY,1,3,1650,124080,189,11:00.0,2,20:00,377
7667340924,U,OB,1,1,1860,290056,76,58:00.0,3,23:00,401
7667342931,U,OB,1,2,1372,138421,64,07:00.0,7,16:00,401
7667342931,U,OB,1,2,1372,138421,63,19:00.0,7,11:00,401
7667343362,U,OB,1,1,706,135412,89,34:00.0,1,17:00,401
7667343371,U,OB,1,1,570,138684,39,23:00.0,3,2:00,401
7667353143,U,OB,1,9,4482,126269,17,48:00.0,5,18:00,401
7667353253,U,CTY,1,2,180,126914,176,10:00.0,1,12:00,401
7667355572,U,OB,1,2,1172,41204,66,09:00.0,3,12:00,401
766735582X,U,OB,1,2,1261,128622,58,28:00.0,2,3:00,401
7667355839,U,OB,1,1,395,128622,58,23:00.0,2,1:00,401
766735626X,U,OB,1,1,380,130712,14,46:00.0,7,18:00,401
7667360275,U,OB,1,1,313,121588,32,47:00.0,7,21:00,401
7667360733,U,OB,1,1,381,139971,52,53:00.0,5,0:00,401
7667367627,U,OB,1,6,2883,134048,67,23:00.0,4,4:00,401
7667367663,U,IB,1,11,3025,128440,141,40:00.0,7,12:00,401
7667367672,U,OB,1,1,180,135994,22,55:00.0,1,1:00,401
7667367728,U,OB,1,1,2730,136207,18,18:00.0,5,4:00,401
7667372063,U,CTY,1,4,440,131918,195,20:00.0,5,21:00,401
7667375271,U,OB,1,1,735,211022,58,04:00.0,6,13:00,401
7667375336,U,IB,1,2,534,140003,135,26:00.0,7,11:00,401
7667375354,U,IB,1,1,560,140003,135,19:00.0,7,10:00,401
766737540X,U,IB,1,1,361,140003,135,20:00.0,7,10:00,401
766737672X,U,OB,1,2,635,45562,31,57:00.0,5,2:00,401
7667376912,U,OB,1,2,957,136884,52,04:00.0,5,20:00,401
7667377022,U,OB,1,1,346,138182,53,25:00.0,5,21:00,401
7667377069,U,OB,1,1,386,136884,52,18:00.0,5,19:00,401
7667377087,U,OB,1,1,461,138182,53,49:00.0,5,21:00,401
7667377105,U,OB,1,1,254,136884,52,17:00.0,5,19:00,401
7667377132,U,OB,1,1,405,136884,52,05:00.0,5,20:00,401
7667377260,U,OB,1,1,125,130712,14,58:00.0,7,18:00,401
766737738X,U,OB,1,1,623,140184,38,45:00.0,5,19:00,401
7667377462,U,OB,1,1,85,123460,58,07:00.0,6,5:00,401
7667377839,U,OB,1,1,495,128105,76,51:00.0,1,0:00,401
7667377920,U,OB,1,1,668,134221,76,57:00.0,7,6:00,401
7667378131,U,OB,1,3,819,128641,22,25:00.0,5,21:00,401
766737837X,U,OB,1,1,297,137007,39,27:00.0,7,8:00,401
7667379525,U,OB,1,1,261,134629,74,47:00.0,6,10:00,401
7667379543,U,IB,1,1,105,124338,105,08:00.0,4,12:00,401
7667421233,U,IB,1,2,1431,261332,131,09:00.0,2,1:00,616
7667422241,U,CTY,1,1,965,261009,169,12:00.0,1,16:00,616
7667422562,U,CTY,1,2,252,139837,175,42:00.0,3,19:00,616
7667422636,U,IB,1,1,370,261332,131,42:00.0,1,23:00,616
7667422663,U,CTY,1,4,2510,139837,175,45:00.0,3,18:00,616
7667423204,U,OB,1,3,3130,559414,96,06:00.0,1,13:00,616
7667423406,U,OB,1,2,466,559414,96,07:00.0,1,13:00,616
7667423570,U,IB,1,2,1672,261332,131,11:00.0,2,1:00,616
7667423727,U,OB,1,1,701,130675,72,13:00.0,5,4:00,616
7667423846,U,CTY,1,1,1890,129628,195,21:00.0,7,1:00,616
7667423846,U,OB,1,1,1890,129628,65,37:00.0,7,2:00,616
7667423873,U,IB,1,2,385,132333,125,05:00.0,3,16:00,616
7667423947,U,IB,1,1,1951,132333,125,42:00.0,3,15:00,616
7667424048,U,IB,1,2,1250,128638,103,32:00.0,3,18:00,616
7667424102,U,IB,1,3,1252,132333,125,43:00.0,3,15:00,616
7667424149,U,OB,1,4,1871,127846,88,18:00.0,3,3:00,616
7667424542,U,IB,1,1,1181,132333,125,56:00.0,3,15:00,616
7667424818,U,OB,1,1,249,134853,31,26:00.0,6,22:00,616
7667425184,U,CTY,1,1,756,129628,195,48:00.0,7,2:00,616
7667425936,U,OB,1,2,440,129751,63,45:00.0,7,16:00,616
7667426165,U,IB,1,2,762,131347,116,51:00.0,4,6:00,616
7667426349,U,CTY,1,2,1155,123699,199,10:00.0,3,2:00,616
7667426349,U,IB,1,2,1155,123699,101,40:00.0,2,16:00,616
7667426861,U,OB,1,1,358,138423,40,28:00.0,6,13:00,616
7667426861,U,OB,1,1,358,138423,27,40:00.0,6,20:00,616
7667427238,U,IB,1,1,349,136584,163,08:00.0,4,10:00,616
7667427420,U,CTY,1,3,945,125243,194,32:00.0,7,7:00,616
7667427732,U,CTY,1,1,464,128414,187,09:00.0,6,11:00,616
7667428145,U,CTY,1,3,1113,127133,194,56:00.0,7,17:00,616
7667429007,U,OB,1,2,318,135826,74,37:00.0,4,12:00,616
7667429227,U,OB,1,2,1168,135826,74,50:00.0,4,12:00,616
7667429236,U,OB,1,3,2100,135826,74,37:00.0,4,12:00,616
7667429777,U,OB,1,1,1765,127927,39,45:00.0,7,9:00,616
7667429777,U,OB,1,1,1765,127927,25,30:00.0,7,12:00,616
7667429795,U,IB,1,2,1041,136322,164,16:00.0,2,13:00,616
766743018X,U,OB,1,3,1151,128783,63,18:00.0,6,20:00,616
7667430208,U,IB,1,1,815,202241,111,16:00.0,6,3:00,616
7667430253,U,CTY,1,1,320,127133,194,57:00.0,7,17:00,616
7667430877,U,IB,1,2,922,136322,164,04:00.0,2,12:00,616
7667431160,U,OB,1,2,525,125392,76,37:00.0,7,4:00,616
7667431261,U,OB,1,3,1205,125392,76,19:00.0,7,4:00,616
7667431308,U,OB,1,2,825,125392,76,34:00.0,7,4:00,616
7667431427,U,OB,1,2,740,125392,76,29:00.0,7,4:00,616
7667431445,U,OB,1,1,1250,125392,76,21:00.0,7,4:00,616
7667431546,U,IB,1,1,1109,278078,149,34:00.0,5,4:00,616
7667431959,U,IB,1,1,227,202241,111,25:00.0,6,8:00,616
7667431995,U,IB,1,1,341,202241,111,36:00.0,6,9:00,616
7667432352,U,IB,1,1,248,202241,111,57:00.0,6,8:00,616
7667432361,U,IB,1,1,398,202241,111,31:00.0,6,8:00,616
7667432370,U,IB,1,1,1315,202241,111,18:00.0,6,8:00,616
7667432738,U,IB,1,1,836,202241,111,07:00.0,6,10:00,616
7667432801,U,IB,1,1,1239,202241,111,19:00.0,6,3:00,616
7667524377,U,IB,1,1,162,138486,104,23:00.0,2,6:00,268
7667524606,U,IB,1,1,2055,137072,101,22:00.0,5,21:00,268
766753160X,U,IB,1,1,429,138486,104,26:00.0,2,7:00,268
7667536751,U,CTY,1,9,3877,136191,196,14:00.0,6,22:00,268
7667555608,U,CTY,1,13,2075,138010,194,04:00.0,4,18:00,268
7667557330,U,CTY,1,2,395,138010,194,21:00.0,4,16:00,268
7667594126,U,IB,1,28,230,137744,129,15:00.0,2,21:00,268
7667611414,U,IB,1,5,3660,126486,149,47:00.0,6,22:00,268
7667619967,U,IB,1,1,1055,123162,114,07:00.0,7,8:00,268
7667629088,U,IB,1,1,960,127444,113,32:00.0,2,8:00,268
7667629160,U,CTY,1,1,215,137197,168,23:00.0,3,20:00,268
7667641691,U,CTY,1,1,340,130954,188,15:00.0,6,11:00,268
7667646358,U,IB,1,2,280,290987,112,20:00.0,4,19:00,268
7667648493,U,IB,1,5,7000,139690,114,44:00.0,1,10:00,268
7667657733,U,CTY,1,1,15,121208,173,24:00.0,3,19:00,268
7667657962,U,CTY,1,1,232,135080,174,17:00.0,7,6:00,268
7667659008,U,IB,1,2,1090,138486,104,33:00.0,2,1:00,268
7667660649,U,IB,1,37,360,136874,143,36:00.0,3,21:00,268
7667664012,U,IB,1,10,44,139690,114,52:00.0,1,9:00,268
7667667588,U,CTY,1,7,9870,127851,230,40:00.0,3,1:00,268
7667667835,U,OB,1,1,315,129611,88,11:00.0,2,8:00,268
7667668742,U,IB,1,1,223,139690,114,56:00.0,1,9:00,268
7667670924,U,CTY,1,2,200,211511,168,32:00.0,2,16:00,268
7667673784,U,IB,1,1,1875,137816,112,30:00.0,6,20:00,268
7667674399,U,CTY,1,1,1300,135062,230,55:00.0,1,18:00,268
7667674399,U,CTY,1,1,1300,135062,232,30:00.0,1,17:00,268
7667674399,U,IB,1,1,1300,135062,143,39:00.0,6,11:00,268
7667674408,U,IB,1,1,496,125302,104,48:00.0,7,1:00,268
7667675288,U,IB,1,2,765,125220,164,32:00.0,6,1:00,268
7667679201,U,IB,1,2,2843,137445,103,10:00.0,6,11:00,268
7667681219,U,CTY,1,1,1795,211511,168,50:00.0,2,16:00,268
7667688396,U,IB,1,2,761,129829,125,48:00.0,6,3:00,268
7667746961,U,IB,1,1,220,138552,151,58:00.0,4,22:00,653
7667750115,U,IB,1,2,154,123603,141,15:00.0,7,6:00,653
7667750207,U,OB,1,1,122,211526,63,17:00.0,4,0:00,653
7667750216,U,OB,1,1,59,135088,95,53:00.0,3,20:00,653
7667750225,U,OB,1,1,100,211526,63,20:00.0,4,0:00,653
7667750317,U,OB,1,1,39,138316,53,26:00.0,2,18:00,653
7667750344,U,OB,1,1,1670,559259,84,24:00.0,7,16:00,653
7667750600,U,OB,1,1,1300,126896,26,16:00.0,3,3:00,653
7667754845,U,OB,1,1,309,128783,63,34:00.0,6,19:00,653
7667754872,U,CTY,1,1,764,127229,175,17:00.0,7,16:00,653
7667760922,U,IB,1,2,718,128243,117,14:00.0,7,4:00,653
7667761371,U,OB,1,1,1315,136514,78,41:00.0,3,14:00,653
7667761380,U,OB,1,1,1660,136514,78,21:00.0,3,13:00,653
7667761409,U,OB,1,2,1958,135088,95,35:00.0,3,21:00,653
7667761418,U,OB,1,2,3565,136514,78,07:00.0,3,15:00,653
7667765762,U,CTY,1,2,1332,137932,169,29:00.0,5,0:00,653
7667765973,U,IB,1,2,794,131424,105,44:00.0,5,2:00,653
7667778239,U,OB,1,1,692,138423,40,35:00.0,6,18:00,653
7667792548,U,CTY,1,1,323,139837,175,45:00.0,3,22:00,653
7667793363,U,OB,1,6,8826,139982,53,12:00.0,3,16:00,653
7667795949,U,OB,1,2,1218,139982,53,09:00.0,3,16:00,653
7667799047,U,OB,1,7,1954,122370,84,59:00.0,6,4:00,653
7667799166,U,CTY,1,2,632,137932,169,54:00.0,5,1:00,653
7667801018,U,CTY,1,4,5410,R62112290,188,07:00.0,5,1:00,653
7667801027,U,CTY,1,3,5642,R62112290,188,10:00.0,5,1:00,653
7667801283,U,OB,1,1,240,124329,52,34:00.0,7,13:00,653
7667801521,U,CTY,1,4,3200,129628,195,53:00.0,7,15:00,653
7667802017,U,IB,1,1,108,249253,103,14:00.0,6,12:00,653
7667808020,U,IB,1,1,540,135821,123,45:00.0,7,15:00,653
7667808049,U,IB,1,2,3766,122644,104,48:00.0,1,6:00,653
7667809854,U,OB,1,1,545,128783,63,38:00.0,6,22:00,653
7667814429,U,IB,1,1,322,128629,112,10:00.0,6,2:00,653
7667814997,U,IB,1,1,455,249253,103,00:00.0,6,11:00,653
7667815006,U,IB,1,1,200,249253,103,55:00.0,6,10:00,653
7667815574,U,CTY,1,1,35,118647,175,13:00.0,1,7:00,653
7667815877,U,CTY,1,2,86,118647,175,38:00.0,1,6:00,653
7667815987,U,CTY,1,1,43,139837,175,49:00.0,3,22:00,653
7667815987,U,CTY,1,1,43,139837,190,31:00.0,4,0:00,653
7667817233,U,IB,1,5,11630,134981,103,11:00.0,2,22:00,653
7667817289,U,OB,1,5,11450,558293,78,37:00.0,3,1:00,653
7667817307,U,CTY,1,4,8964,137932,169,11:00.0,5,1:00,653
7667817325,U,OB,1,4,8964,559414,96,43:00.0,1,14:00,653
7667821734,U,IB,1,1,575,132333,125,58:00.0,3,12:00,653
7667821743,U,IB,1,1,98,202451,164,23:00.0,5,18:00,653
7667821826,U,IB,1,1,975,134633,149,07:00.0,1,21:00,653
7667824612,U,CTY,1,2,3504,137246,187,53:00.0,5,3:00,653
7667828480,U,IB,1,1,465,136611,149,54:00.0,7,18:00,653
7667831616,U,CTY,1,6,5614,560027,220,48:00.0,3,3:00,653
7667831863,U,IB,1,2,435,128743,127,22:00.0,5,4:00,653
7667833641,U,IB,1,2,1760,560027,103,30:00.0,1,20:00,653
7667835823,U,IB,1,2,2394,122636,163,01:00.0,2,13:00,653
7667838344,U,CTY,1,21,13000,128106,172,11:00.0,3,16:00,653
7667844540,U,CTY,1,5,4310,128743,A   ,40:00.0,1,1:00,653
7667850251,U,IB,1,1,230,530367,103,32:00.0,7,22:00,653
7667851562,U,CTY,1,2,4090,137932,169,36:00.0,5,1:00,653
7667854761,U,OB,1,1,263,125159,72,48:00.0,4,6:00,653
7667854808,U,OB,1,4,4925,125159,72,06:00.0,4,8:00,653
7667857017,U,IB,1,2,1364,138552,151,18:00.0,5,0:00,653
7667858290,U,IB,1,1,310,123726,111,10:00.0,5,1:00,653
766785830X,U,IB,1,2,1998,123726,111,23:00.0,5,1:00,653
7667858319,U,OB,1,1,1100,136514,78,45:00.0,3,14:00,653
7667859464,U,IB,1,1,245,119379,117,49:00.0,5,20:00,653
7667862499,U,OB,1,2,1145,558947,31,14:00.0,2,20:00,653
7667862517,U,IB,1,3,865,560027,103,12:00.0,1,19:00,653
7667862526,U,CTY,1,1,827,261009,169,20:00.0,1,16:00,653
7667862654,U,IB,1,1,475,118550,129,14:00.0,7,22:00,653
7667862663,U,IB,1,1,260,118550,129,14:00.0,7,22:00,653
7667862856,U,IB,1,2,925,128629,112,07:00.0,6,2:00,653
7667862901,U,IB,1,1,480,125703,112,59:00.0,1,4:00,653
7667870161,U,OB,1,2,100,135088,95,47:00.0,3,20:00,653
7667872691,U,OB,1,1,210,558947,31,39:00.0,2,18:00,653
7667872792,U,IB,1,1,182,119379,117,27:00.0,5,19:00,653
7667872893,U,IB,1,1,240,119379,117,38:00.0,5,20:00,653
7667874269,U,OB,1,2,1195,558986,52,25:00.0,3,6:00,653
7667875102,U,OB,1,1,7785,131189,52,25:00.0,6,9:00,653
7667893683,U,OB,1,2,2415,558947,31,24:00.0,2,20:00,653
7667893977,U,IB,1,5,7700,128243,117,14:00.0,7,5:00,653
7667894563,U,OB,1,1,550,131189,52,50:00.0,6,6:00,653
7667898945,U,CTY,1,3,6000,139837,175,52:00.0,3,21:00,653
7667911238,U,CTY,1,1,73,125243,194,17:00.0,7,5:00,653
7667915739,U,OB,1,1,400,138348,5,41:00.0,5,3:00,653
766791605X,U,IB,1,2,836,128629,112,31:00.0,6,2:00,653
7667916087,U,OB,1,2,604,135172,90,35:00.0,1,3:00,653
7667916242,U,IB,1,1,716,139923,112,21:00.0,5,2:00,653
766791627X,U,CTY,1,2,2520,128414,187,46:00.0,6,12:00,653
7667916471,U,CTY,1,3,2578,R62112290,188,18:00.0,5,0:00,653
7667925226,U,IB,1,6,7305,136584,163,12:00.0,4,12:00,653
7667931514,U,IB,1,4,305,133808,123,11:00.0,3,10:00,653
7667931514,U,CTY,1,4,305,133808,P17 ,21:00.0,3,15:00,653
7667931752,U,IB,1,1,1263,138552,151,50:00.0,4,22:00,653
7667931761,U,OB,1,1,1150,129927,31,20:00.0,6,15:00,653
7667932129,U,CTY,1,4,5263,127133,194,10:00.0,7,16:00,653
7667936547,U,IB,1,1,615,261214,125,12:00.0,6,2:00,653
766793662X,U,IB,1,2,1275,261214,125,22:00.0,6,8:00,653
7667939389,U,OB,1,1,465,125699,89,08:00.0,4,13:00,653
7667951442,U,CTY,1,3,241,127229,175,50:00.0,7,15:00,653
7667951460,U,OB,1,1,50,128783,63,45:00.0,6,19:00,653
7667953139,U,CTY,1,2,196,291175,235,04:00.0,2,22:00,423
7667953624,U,IB,1,1,351,261214,125,03:00.0,6,2:00,653
7667957328,U,IB,1,4,5053,131874,135,22:00.0,2,14:00,653
7667961452,U,CTY,1,1,46,127229,175,40:00.0,7,15:00,653
7667961535,U,OB,1,1,170,129751,63,20:00.0,7,17:00,653
7667961580,U,CTY,1,1,246,122852,194,00:00.0,6,21:00,653
7667961636,U,CTY,1,1,252,125831,187,36:00.0,6,14:00,653
7667961654,U,CTY,1,1,194,125831,187,32:00.0,6,14:00,653
7667961690,U,IB,1,1,12,138348,129,55:00.0,4,0:00,653
7667961746,U,IB,1,2,262,131874,135,06:00.0,2,14:00,653
7667961957,U,IB,1,1,128,261214,125,01:00.0,6,1:00,653
7667962159,U,OB,1,1,144,559414,96,31:00.0,1,18:00,653
766796247X,U,OB,1,1,603,125429,90,08:00.0,4,9:00,653
7667962819,U,OB,1,1,532,125809,60,32:00.0,5,11:00,653
7667965605,U,IB,1,3,5645,558592,152,55:00.0,7,22:00,653
7667966750,U,OB,1,1,1535,125159,72,28:00.0,4,7:00,653
7667973561,U,CTY,1,6,549,137932,169,57:00.0,5,0:00,653
7667974661,U,OB,1,2,1801,129927,31,59:00.0,6,17:00,653
766798249X,U,IB,1,4,1685,560027,103,17:00.0,1,15:00,653
7667983654,U,OB,1,1,352,129927,31,50:00.0,6,14:00,653
7667983838,U,OB,1,3,2733,558986,52,47:00.0,3,6:00,653
7667984947,U,OB,1,1,1776,559259,84,36:00.0,7,12:00,653
7667985854,U,IB,1,1,340,136584,163,02:00.0,4,11:00,653
7667985863,U,OB,1,1,369,136514,78,02:00.0,3,15:00,653
7667990887,U,IB,1,4,8093,134403,125,52:00.0,1,16:00,123
766799558X,U,OB,1,2,665,290021,87,14:00.0,1,9:00,123
766799558X,U,IB,1,2,665,290021,100,15:00.0,1,9:00,123
7667995709,U,OB,1,7,10024,290100,76,33:00.0,6,1:00,123
7668004069,U,CTY,1,9,9716,121290,204,20:00.0,6,11:00,123
7668004069,U,CTY,1,9,9716,121290,204,03:00.0,1,14:00,123
7668005580,U,CTY,1,1,1090,138449,196,48:00.0,3,9:00,123
7668007881,U,OB,1,1,2799,135599,96,10:00.0,4,4:00,123
7668008249,U,CTY,1,1,4280,136399,194,01:00.0,6,7:00,123
7668008386,U,CTY,1,1,2110,132650,196,06:00.0,6,16:00,123
7668014124,U,CTY,1,1,1015,136399,194,40:00.0,6,7:00,123
7668014142,U,CTY,1,1,360,136399,194,35:00.0,6,7:00,123
7668014344,U,CTY,1,1,201,132301,208,25:00.0,2,2:00,123
7668014344,U,CTY,1,1,201,132301,188,16:00.0,6,6:00,123
7668014436,U,CTY,1,1,342,140262,187,55:00.0,6,14:00,123
7668014436,U,CTY,1,1,342,140262,208,25:00.0,2,2:00,123
7668017736,U,CTY,1,2,463,131208,173,53:00.0,3,13:00,123
7668024547,U,CTY,1,1,550,140262,208,24:00.0,2,2:00,123
7668024547,U,CTY,1,1,550,140262,187,24:00.0,6,15:00,123
7668027672,U,OB,1,2,1639,135599,96,40:00.0,4,3:00,123
7668038425,U,IB,1,11,8825,132176,112,20:00.0,6,1:00,123
7668038681,U,CTY,1,6,4522,139896,223,02:00.0,3,12:00,123
766811009X,U,IB,1,1,400,131375,117,19:00.0,6,14:00,123
7668110329,U,OB,1,3,965,138444,87,50:00.0,1,22:00,123
7668117881,U,OB,1,13,3305,290100,76,22:00.0,6,1:00,123
7668135903,U,CTY,1,1,155,138704,192,02:00.0,2,19:00,123
7668136031,U,OB,1,1,93,290100,76,03:00.0,6,2:00,123
7668138460,U,CTY,1,1,113,137976,172,28:00.0,7,14:00,123
7668138882,U,IB,1,1,155,128799,116,49:00.0,6,3:00,123
7668138900,U,CTY,1,2,1130,133626,192,03:00.0,6,18:00,123
7668181508,U,IB,1,1,120,HAEI24669,151,10:00.0,5,0:00,814
7668181618,U,IB,1,1,84,HAEI24669,151,20:00.0,5,0:00,814
7668181681,U,CTY,1,1,282,126655,194,09:00.0,5,16:00,814
7668210218,U,IB,1,1,147,530697,131,37:00.0,4,15:00,814
766821030X,U,CTY,1,1,1198,139757,172,58:00.0,3,13:00,814
7668210447,U,CTY,1,2,3342,127388,172,31:00.0,5,5:00,814
7668211089,U,CTY,1,2,169,133267,192,51:00.0,3,10:00,814
7668211170,U,IB,1,1,140,139923,112,19:00.0,5,3:00,814
7668211336,U,CTY,1,1,179,133267,192,57:00.0,3,7:00,814
7668211538,U,IB,1,1,157,138342,152,30:00.0,1,15:00,814
7668211922,U,CTY,1,2,1690,129553,168,58:00.0,2,16:00,814
7668212784,U,IB,1,1,538,131923,129,36:00.0,7,6:00,814
7668212820,U,IB,1,4,1432,130480,143,52:00.0,7,21:00,814
7668212849,U,IB,1,3,1373,130480,143,44:00.0,7,21:00,814
7668213289,U,IB,1,1,168,131923,129,53:00.0,7,3:00,814
7668214241,U,IB,1,4,1526,132669,164,35:00.0,3,16:00,814
7668214324,U,IB,1,5,1935,125935,158,25:00.0,6,21:00,814
7668214333,U,IB,1,2,715,128092,133,02:00.0,7,7:00,814
7668216607,U,IB,1,1,108,130990,164,49:00.0,1,10:00,814
7668218843,U,IB,1,2,3426,130480,143,11:00.0,7,19:00,814
7668219045,U,IB,1,1,74,130480,143,09:00.0,7,19:00,814
7668219512,U,CTY,1,7,3020,430868,172,29:00.0,4,18:00,814
7668219631,U,IB,1,7,2553,134287,158,05:00.0,2,15:00,814
7668219705,U,CTY,1,6,1916,124022,169,20:00.0,7,21:00,814
7668221557,U,CTY,1,2,700,133267,192,11:00.0,3,10:00,814
7668223097,U,CTY,1,2,931,249073,169,00:00.0,5,13:00,814
7668223151,U,CTY,1,3,829,132904,175,17:00.0,7,11:00,814
7668223582,U,IB,1,2,434,211026,129,48:00.0,1,9:00,814
766822361X,U,CTY,1,1,260,134789,169,58:00.0,3,18:00,814
7668223638,U,CTY,1,1,215,127388,172,00:00.0,5,6:00,814
7668223638,U,CTY,1,1,215,127388,231,40:00.0,6,18:00,814
7668223638,U,CTY,1,1,215,127388,231,22:00.0,7,3:00,814
7668223683,U,IB,1,2,853,126033,152,28:00.0,5,10:00,814
7668223793,U,CTY,1,2,568,261219,188,54:00.0,1,21:00,814
7668223885,U,IB,1,4,1526,131118,164,47:00.0,4,1:00,814
7668223968,U,IB,1,3,1086,291216,149,56:00.0,7,21:00,814
7668224013,U,IB,1,5,1830,128092,133,45:00.0,7,6:00,814
7668224069,U,IB,1,3,1044,131923,129,36:00.0,7,6:00,814
7668224096,U,CTY,1,5,1690,137462,188,09:00.0,6,16:00,814
7668226781,U,CTY,1,1,104,290332,192,10:00.0,7,18:00,814
766822922X,U,CTY,1,1,282,136232,192,07:00.0,5,13:00,814
7668230860,U,IB,1,1,564,128092,133,35:00.0,7,8:00,814
766823087X,U,IB,1,1,180,128092,133,26:00.0,7,8:00,814
7668231677,U,CTY,1,5,9650,127388,172,58:00.0,5,5:00,814
7668234317,U,IB,1,1,103,130862,158,14:00.0,3,12:00,814
7668247068,U,CTY,1,1,347,135923,173,07:00.0,1,7:00,814
7668247095,U,CTY,1,1,235,135923,173,16:00.0,1,7:00,814
7668247957,U,IB,1,1,727,134111,141,13:00.0,4,19:00,814
7668248727,U,CTY,1,1,1581,138152,174,24:00.0,2,0:00,814
7668248727,U,CTY,1,1,1581,138152,237,20:00.0,2,10:00,814
7668248956,U,CTY,1,2,1760,132904,175,42:00.0,7,10:00,814
7668248965,U,CTY,1,8,8105,132904,175,52:00.0,7,9:00,814
7668258205,U,IB,1,2,2140,137579,117,53:00.0,5,8:00,814
7668260506,U,IB,1,1,319,134145,151,03:00.0,2,9:00,814
7668261056,U,IB,1,1,670,128092,133,37:00.0,7,8:00,814
7668261175,U,CTY,1,1,629,135923,173,04:00.0,1,7:00,814
7668262459,U,CTY,1,1,198,261219,188,41:00.0,1,21:00,814
766826288X,U,IB,1,1,564,137579,117,07:00.0,5,7:00,814
7668262899,U,CTY,1,1,150,133267,192,24:00.0,3,7:00,814
766826431X,U,IB,1,1,615,134111,141,01:00.0,4,18:00,814
7668270543,U,CTY,1,1,820,128388,233,52:00.0,3,14:00,642
7668270543,U,IB,1,1,820,128388,151,51:00.0,3,14:00,642
7668270680,U,IB,1,1,710,128388,151,51:00.0,3,14:00,642
7668270680,U,CTY,1,1,710,128388,233,52:00.0,3,14:00,642
766827069X,U,IB,1,1,770,128388,151,50:00.0,3,14:00,642
766827069X,U,CTY,1,1,770,128388,233,52:00.0,3,14:00,642
766827300X,U,IB,1,1,1794,135192,164,17:00.0,7,7:00,642
7668273293,U,IB,1,1,270,139677,145,25:00.0,5,15:00,642
7668276007,U,CTY,1,1,306,128321,235,23:00.0,2,15:00,642
7668276007,U,CTY,1,1,306,128321,237,15:00.0,2,19:00,642
7668276007,U,IB,1,1,306,128321,151,22:00.0,2,15:00,642
7668276108,U,IB,1,1,324,211474,117,14:00.0,3,16:00,642
766827630X,U,IB,1,9,178,124365,141,38:00.0,3,7:00,642
7668276328,U,IB,1,5,2575,137774,145,56:00.0,3,13:00,642
7668276328,U,IB,1,5,2575,137774,162,25:00.0,4,3:00,642
7668277033,U,CTY,1,1,116,124077,188,47:00.0,3,18:00,642
766827707X,U,IB,1,3,2977,140278,127,33:00.0,4,13:00,642
7668277693,U,IB,1,1,677,131475,104,11:00.0,7,7:00,642
7668293670,U,CTY,1,1,895,133174,176,52:00.0,1,16:00,642
7668299116,U,IB,1,2,666,135950,123,48:00.0,3,6:00,642
7668299170,U,CTY,1,1,520,132772,168,38:00.0,1,7:00,642
7668299199,U,CTY,1,1,330,132772,168,39:00.0,1,7:00,642
7668299280,U,IB,1,1,415,128333,135,26:00.0,2,14:00,642
7668299381,U,IB,1,1,244,139677,145,56:00.0,5,11:00,642
7668303644,U,IB,1,1,240,127775,151,28:00.0,1,20:00,642
7668312691,U,CTY,1,1,251,128363,169,18:00.0,1,4:00,642
7668313187,U,CTY,1,4,1510,T730211715,169,58:00.0,2,1:00,642
7668313609,U,IB,1,1,183,134444,164,40:00.0,2,17:00,642
7668313618,U,IB,1,1,142,211615,123,08:00.0,1,15:00,642
7668313672,U,IB,1,1,104,135192,164,18:00.0,7,2:00,642
7668314323,U,IB,1,1,136,135192,164,26:00.0,7,2:00,642
7668314341,U,CTY,1,1,191,290274,180,54:00.0,3,1:00,642
7668314341,U,IB,1,1,191,290274,133,07:00.0,2,10:00,642
766831436X,U,IB,1,1,171,211615,123,21:00.0,1,14:00,642
7668314406,U,IB,1,1,121,135192,164,15:00.0,7,2:00,642
7668314460,U,IB,1,2,565,290274,119,02:00.0,2,10:00,642
7668314460,U,IB,1,2,565,290274,133,59:00.0,2,9:00,642
766831447X,U,IB,1,1,118,290274,133,02:00.0,2,10:00,642
7668314608,U,CTY,1,2,963,132215,174,49:00.0,4,16:00,642
7668316487,U,IB,1,2,4598,123961,151,34:00.0,4,15:00,642
7668317816,U,CTY,1,1,1526,133913,187,52:00.0,1,0:00,642
7668317825,U,IB,1,3,7522,140278,127,08:00.0,4,14:00,642
7668317870,U,CTY,1,1,435,128388,237,07:00.0,3,15:00,642
7668317870,U,CTY,1,1,435,128388,237,07:00.0,3,15:00,642
7668317870,U,IB,1,1,435,128388,151,06:00.0,3,15:00,642
766831788X,U,IB,1,2,4152,128388,151,20:00.0,3,15:00,642
7668317899,U,CTY,1,1,241,133988,194,49:00.0,2,16:00,642
7668327285,U,IB,1,4,1834,140278,127,21:00.0,4,17:00,642
7668327285,U,IB,1,4,1834,140278,166,22:00.0,4,17:00,642
7668327285,U,IB,1,4,1834,140278,166,36:00.0,5,2:00,642
7668327440,U,CTY,1,1,395,125602,231,56:00.0,4,21:00,642
7668327440,U,CTY,1,1,395,125602,169,52:00.0,6,22:00,642
7668327752,U,IB,1,1,513,131475,104,00:00.0,7,7:00,642
7668327808,U,IB,1,1,193,131475,104,29:00.0,7,7:00,642
7668327826,U,IB,1,1,578,139677,145,44:00.0,5,11:00,642
766832800X,U,CTY,1,1,167,133174,176,22:00.0,1,16:00,642
7668328019,U,CTY,1,1,433,128333,235,28:00.0,5,6:00,642
7668328028,U,IB,1,1,56,128333,135,56:00.0,2,12:00,642
7668328064,U,IB,1,1,640,128333,135,25:00.0,2,9:00,642
7668328082,U,IB,1,2,105,128333,135,52:00.0,2,12:00,642
7668328421,U,IB,1,1,810,559415,158,06:00.0,4,7:00,642
766833218X,U,IB,1,1,481,128321,151,11:00.0,2,15:00,642
766833284X,U,IB,1,1,250,131187,125,52:00.0,4,11:00,642
7668335562,U,IB,1,2,821,135192,164,06:00.0,7,5:00,642
7668336570,U,IB,1,6,2118,128871,141,55:00.0,7,19:00,642
7668336763,U,IB,1,1,23,126723,103,47:00.0,2,16:00,642
7668337533,U,IB,1,1,2938,135192,164,25:00.0,7,4:00,642
7668337616,U,IB,1,1,374,135192,164,08:00.0,7,7:00,642
7668338487,U,IB,1,1,390,138651,131,15:00.0,3,5:00,642
7668338642,U,CTY,1,3,1170,133913,187,10:00.0,1,1:00,642
7668340018,U,IB,1,2,484,124365,141,58:00.0,3,7:00,642
766834010X,U,CTY,1,1,950,133143,169,29:00.0,7,11:00,642
7668340173,U,IB,1,1,250,133143,162,10:00.0,7,13:00,642
7668340173,U,CTY,1,1,250,133143,169,38:00.0,7,9:00,642
7668340310,U,IB,1,1,297,134444,164,44:00.0,2,15:00,642
7668340384,U,IB,1,1,1091,137774,145,02:00.0,3,16:00,642
7668340393,U,CTY,1,4,6570,128598,173,36:00.0,5,18:00,642
7668340420,U,IB,1,2,590,128871,141,06:00.0,7,4:00,642
7668340494,U,CTY,1,1,335,133913,187,58:00.0,1,0:00,642
766834054X,U,CTY,1,2,792,128363,169,31:00.0,1,5:00,642
7668340604,U,IB,1,7,1855,135192,164,25:00.0,7,5:00,642
7668340604,U,CTY,1,7,1855,135192,206,19:00.0,2,21:00,642
7668340669,U,IB,1,2,685,134444,164,38:00.0,2,17:00,642
7668340696,U,IB,1,6,8945,134444,164,02:00.0,2,17:00,642
7668340934,U,IB,1,2,1740,137782,105,37:00.0,1,6:00,642
7668345352,U,IB,1,1,300,128871,141,14:00.0,7,4:00,642
7668345426,U,CTY,1,1,336,124077,188,54:00.0,3,16:00,642
7668345453,U,CTY,1,1,1100,124077,188,02:00.0,3,18:00,642
7668357838,U,IB,1,4,1600,134444,164,46:00.0,2,16:00,642
7668357910,U,IB,1,5,5835,132656,127,03:00.0,4,0:00,642
7668372037,U,IB,1,1,509,128871,141,55:00.0,7,4:00,642
7668375786,U,IB,1,1,512,131187,125,24:00.0,4,10:00,642
7668375813,U,CTY,1,1,552,133988,194,32:00.0,2,16:00,642
766837585X,U,IB,1,1,982,139677,145,00:00.0,5,15:00,642
7668375878,U,IB,1,2,632,131475,104,45:00.0,7,6:00,642
766837750X,U,CTY,1,1,472,132772,168,52:00.0,1,12:00,642
7668377582,U,IB,1,1,684,202456,105,14:00.0,2,14:00,642
7668381102,U,IB,1,1,478,136252,127,57:00.0,6,3:00,642
7668383037,U,IB,1,1,440,139677,145,43:00.0,5,13:00,642
7668384366,U,IB,1,2,1180,137774,145,50:00.0,3,14:00,642
7668384622,U,IB,1,17,3944,211474,117,28:00.0,3,15:00,642
7668387767,U,IB,1,2,8893,559415,158,28:00.0,4,7:00,642
7668387821,U,IB,1,1,375,138651,131,59:00.0,3,4:00,642
7668398473,U,IB,1,1,250,130805,117,37:00.0,3,4:00,642
766840038X,U,IB,1,1,380,128333,135,38:00.0,2,10:00,642
7668402058,U,CTY,1,1,563,138882,187,38:00.0,7,6:00,642
7668402186,U,CTY,1,2,230,132772,168,18:00.0,1,8:00,642
7668403863,U,IB,1,1,452,140278,127,32:00.0,4,14:00,642
7668406750,U,CTY,1,1,160,124077,188,45:00.0,3,18:00,642
7668408236,U,IB,1,1,228,139677,145,36:00.0,5,16:00,642
7668410198,U,CTY,1,1,409,125201,194,20:00.0,1,3:00,642
7668410454,U,IB,1,1,192,140278,127,45:00.0,4,17:00,642
7668410692,U,CTY,1,8,3720,139047,233,29:00.0,4,21:00,642
7668419061,U,IB,1,2,135,128333,135,31:00.0,2,13:00,642
7668419070,U,IB,1,2,216,139677,145,35:00.0,5,15:00,642
7668456681,U,IB,1,3,6258,128871,141,48:00.0,7,6:00,642
7668461265,U,IB,1,1,261,261149,125,46:00.0,3,2:00,642
7668462136,U,IB,1,8,12788,202456,105,13:00.0,2,15:00,642
7668462392,U,IB,1,1,495,128333,135,57:00.0,2,8:00,642
7668465317,U,CTY,1,1,225,133913,187,55:00.0,1,0:00,642
7668486152,U,CTY,1,1,225,127543,196,53:00.0,1,16:00,205
7668486161,U,CTY,1,1,225,127543,196,53:00.0,1,16:00,205
7668486170,U,CTY,1,1,225,127543,196,54:00.0,1,15:00,205
7668486309,U,CTY,1,1,225,127543,196,37:00.0,1,16:00,205
766853524X,U,OB,1,2,4735,131853,40,16:00.0,5,1:00,557
766854536X,U,OB,1,1,721,125595,76,20:00.0,2,1:00,557
7668545662,U,CTY,1,7,1246,139468,172,27:00.0,7,21:00,557
7668545983,U,IB,1,3,5486,41325,117,26:00.0,2,22:00,557
7668547972,U,IB,1,4,7446,130505,113,53:00.0,6,2:00,557
7668557304,U,IB,1,3,2068,134879,125,00:00.0,7,9:00,557
7668557643,U,CTY,1,4,5189,126332,176,24:00.0,5,2:00,557
7668560476,U,IB,1,5,6084,130505,113,14:00.0,6,3:00,557
7668561520,U,IB,1,10,7324,137659,133,50:00.0,6,23:00,557
7668561520,U,IB,1,10,7324,137659,114,51:00.0,5,21:00,557
7668565224,U,OB,1,1,80,130967,17,20:00.0,5,6:00,557
7668565224,U,IB,1,1,80,130967,133,16:00.0,5,6:00,557
7668565224,U,OB,1,1,80,130967,19,17:00.0,5,6:00,557
766856626X,U,OB,1,5,680,134428,14,35:00.0,1,8:00,557
7668575528,U,CTY,1,5,6644,123932,195,09:00.0,7,21:00,557
7668575802,U,IB,1,1,490,128333,103,02:00.0,5,20:00,557
7668578992,U,OB,1,1,56,139664,69,49:00.0,2,10:00,557
7668578992,U,OB,1,1,56,139664,87,36:00.0,2,21:00,557
7668580047,U,IB,1,1,1035,130505,113,19:00.0,6,3:00,557
7668581028,U,CTY,1,1,240,135143,189,38:00.0,3,18:00,557
7668581156,U,CTY,1,1,454,261071,R4  ,36:00.0,3,1:00,557
7668581156,U,OB,1,1,454,261071,52,30:00.0,2,17:00,557
7668583484,U,IB,1,5,2084,133170,131,12:00.0,1,2:00,557
7668585363,U,IB,1,3,706,132184,145,21:00.0,6,3:00,557
7668585372,U,IB,1,1,447,134290,151,17:00.0,2,0:00,557
7668585419,U,CTY,1,1,335,139468,172,50:00.0,7,20:00,557
766858716X,U,IB,1,2,3890,125257,150,27:00.0,4,14:00,557
7668588425,U,CTY,1,1,630,139468,172,32:00.0,7,20:00,557
7668588443,U,CTY,1,1,1057,139468,172,53:00.0,7,20:00,557
7668588984,U,IB,1,1,1580,126813,101,59:00.0,5,10:00,557
7668643306,U,OB,1,1,244,136157,88,53:00.0,7,15:00,557
7668643580,U,IB,1,1,120,134879,125,57:00.0,7,9:00,557
7668643681,U,CTY,1,2,140,139526,197,50:00.0,4,18:00,557
7668643690,U,CTY,1,2,170,139526,197,44:00.0,4,18:00,557
7668643773,U,IB,1,1,120,134879,125,46:00.0,7,9:00,557
7668643993,U,IB,1,1,292,126175,103,44:00.0,4,3:00,557
7668644058,U,IB,1,13,3890,126175,103,35:00.0,4,4:00,557
7668644168,U,IB,1,1,235,134879,125,10:00.0,7,10:00,557
7668644195,U,IB,1,1,392,126175,103,24:00.0,4,7:00,557
7668652252,U,OB,1,2,240,124330,88,59:00.0,4,7:00,557
7668652436,U,OB,1,1,334,124330,88,03:00.0,4,8:00,557
7668652519,U,IB,1,1,364,134290,151,19:00.0,2,1:00,557
7668652582,U,IB,1,1,90,134290,151,23:00.0,2,0:00,557
7668653069,U,IB,1,5,4590,134879,125,44:00.0,7,8:00,557
7668653361,U,CTY,1,5,2320,138943,194,32:00.0,1,18:00,557
766866504X,U,IB,1,1,283,138702,133,28:00.0,1,5:00,557
7668665223,U,OB,1,1,247,121548,96,07:00.0,2,7:00,557
7668668294,U,IB,1,1,158,126175,103,33:00.0,4,7:00,557
7668668972,U,IB,1,1,362,134290,151,41:00.0,2,1:00,557
7668669248,U,CTY,1,1,316,126332,176,09:00.0,5,0:00,557
7668669349,U,CTY,1,1,329,126332,176,32:00.0,5,0:00,557
7668669403,U,CTY,1,1,276,126332,176,19:00.0,5,0:00,557
7668669403,U,CTY,1,1,276,126332,193,23:00.0,5,1:00,557
7668669412,U,CTY,1,1,171,126332,176,26:00.0,5,0:00,557
7668669459,U,CTY,1,1,260,126332,176,21:00.0,5,0:00,557
7668669587,U,CTY,1,1,256,139468,172,48:00.0,7,21:00,557
7668669733,U,IB,1,1,276,134290,151,39:00.0,2,1:00,557
766866977X,U,IB,1,1,307,132184,145,56:00.0,6,2:00,557
7668669953,U,IB,1,1,278,41325,117,58:00.0,2,21:00,557
7668670458,U,CTY,1,1,120,202584,192,12:00.0,7,18:00,557
7668670815,U,CTY,1,1,276,139468,172,52:00.0,7,18:00,557
7668671383,U,IB,1,2,1228,126175,103,47:00.0,4,7:00,557
7668671410,U,IB,1,1,40,127406,127,28:00.0,2,6:00,557
7668671475,U,CTY,1,3,2356,130894,192,23:00.0,4,22:00,557
7668671731,U,IB,1,1,51,128333,103,41:00.0,5,22:00,557
766867186X,U,CTY,1,1,154,128333,212,54:00.0,6,12:00,557
766867186X,U,IB,1,1,154,128333,103,12:00.0,5,23:00,557
766867252X,U,OB,1,4,6050,121548,96,13:00.0,2,8:00,557
7668672658,U,CTY,1,4,3286,132841,195,15:00.0,2,15:00,557
7668673271,U,IB,1,1,1065,134290,151,24:00.0,2,1:00,557
7668674537,U,IB,1,2,1166,134290,151,03:00.0,2,2:00,557
7668674921,U,IB,1,1,360,134290,151,25:00.0,2,2:00,557
7668674977,U,IB,1,1,360,134290,151,24:00.0,2,2:00,557
7668676315,U,OB,1,1,120,136157,88,13:00.0,7,15:00,557
7668676910,U,CTY,1,2,240,138943,194,46:00.0,1,16:00,557
7668677240,U,CTY,1,1,1100,138943,194,44:00.0,1,18:00,557
766867725X,U,IB,1,2,2490,137659,133,50:00.0,6,23:00,557
766867725X,U,IB,1,2,2490,137659,114,29:00.0,5,21:00,557
7668677819,U,IB,1,1,166,41325,117,54:00.0,2,21:00,557
7668677992,U,IB,1,1,120,126175,103,41:00.0,4,4:00,557
7668678048,U,IB,1,1,460,126175,103,28:00.0,4,5:00,557
7668678057,U,IB,1,1,198,126175,103,42:00.0,4,6:00,557
7668678093,U,IB,1,1,160,126175,103,53:00.0,4,6:00,557
7668678111,U,IB,1,1,582,126175,103,16:00.0,4,5:00,557
766867813X,U,IB,1,1,372,126175,103,03:00.0,4,5:00,557
7668678158,U,IB,1,1,388,126175,103,31:00.0,4,5:00,557
7668678167,U,IB,1,1,582,126175,103,04:00.0,4,5:00,557
7668678295,U,IB,1,1,612,126175,103,32:00.0,4,3:00,557
7668678331,U,IB,1,1,210,126175,103,20:00.0,4,3:00,557
7668678423,U,CTY,1,2,658,127406,229,37:00.0,3,11:00,557
766867846X,U,OB,1,1,120,139664,87,33:00.0,2,21:00,557
766867846X,U,OB,1,1,120,139664,69,52:00.0,2,10:00,557
7668678670,U,IB,1,1,120,138702,133,04:00.0,1,4:00,557
7668679000,U,IB,1,1,58,134290,151,16:00.0,2,2:00,557
766867901X,U,IB,1,1,532,134290,151,19:00.0,2,2:00,557
7668679029,U,IB,1,1,206,134290,151,16:00.0,2,2:00,557
7668679074,U,IB,1,1,120,132349,133,14:00.0,6,21:00,557
7668679193,U,IB,1,1,120,132349,133,20:00.0,6,21:00,557
7668679303,U,IB,1,1,360,134290,151,26:00.0,2,2:00,557
7668679330,U,IB,1,1,120,126175,103,27:00.0,4,6:00,557
7668679597,U,CTY,1,16,6091,127406,229,57:00.0,3,11:00,557
7668679963,U,OB,1,1,120,136157,88,35:00.0,7,15:00,557
7668681568,U,IB,1,1,262,134290,151,42:00.0,2,0:00,557
766868176X,U,CTY,1,1,337,139526,197,23:00.0,4,19:00,557
7668681797,U,CTY,1,1,227,139526,197,18:00.0,4,19:00,557
7668681815,U,CTY,1,1,318,139526,197,08:00.0,4,19:00,557
7668681824,U,CTY,1,1,349,139526,197,30:00.0,4,18:00,557
7668681833,U,CTY,1,1,190,139526,197,02:00.0,4,19:00,557
7668681860,U,CTY,1,1,145,139526,197,18:00.0,4,18:00,557
7668681952,U,CTY,1,1,178,139526,197,29:00.0,4,19:00,557
7668682237,U,CTY,1,1,263,138943,R4  ,53:00.0,1,22:00,557
7668682237,U,CTY,1,1,263,138943,194,04:00.0,1,17:00,557
7668684280,U,CTY,1,1,212,139468,172,44:00.0,7,21:00,557
7668688168,U,CTY,1,1,110,139468,172,55:00.0,7,21:00,557
7668688680,U,IB,1,3,3550,130505,113,51:00.0,6,3:00,557
7668689259,U,CTY,1,1,240,139468,172,57:00.0,7,19:00,557
7668689616,U,CTY,1,1,245,202584,192,38:00.0,7,18:00,557
7668689717,U,CTY,1,1,283,139468,172,45:00.0,7,18:00,557
7668693255,U,OB,1,1,1900,125595,76,31:00.0,2,0:00,557
7668693612,U,IB,1,7,11248,133170,131,42:00.0,1,0:00,557
7668694988,U,OB,1,1,2470,125595,76,43:00.0,2,0:00,557
7668695107,U,OB,1,2,520,261071,52,32:00.0,2,16:00,557
7668695143,U,IB,1,1,495,127882,123,07:00.0,1,22:00,557
7668695226,U,IB,1,1,1615,136695,115,04:00.0,7,8:00,557
7668695226,U,IB,1,1,1615,136695,151,53:00.0,6,15:00,557
7668695345,U,CTY,1,4,2884,135143,189,35:00.0,3,18:00,557
7668695419,U,OB,1,5,2553,139664,69,43:00.0,2,10:00,557
7668695446,U,CTY,1,7,4504,132841,195,40:00.0,2,15:00,557
7668696573,U,CTY,1,1,121,139526,197,36:00.0,4,19:00,557
7668698690,U,OB,1,3,1710,261071,52,13:00.0,2,18:00,557
766869980X,U,CTY,1,5,2088,140150,196,45:00.0,5,16:00,557
7668699855,U,IB,1,1,1300,128333,103,18:00.0,5,21:00,557
7668699891,U,IB,1,2,3975,136695,151,57:00.0,6,17:00,557
7668700378,U,IB,1,4,1420,41325,117,36:00.0,2,21:00,557
7668700699,U,OB,1,1,210,125595,76,39:00.0,2,0:00,557
7668702257,U,IB,1,1,407,41325,117,54:00.0,2,20:00,557
7668702751,U,CTY,1,4,400,140150,196,50:00.0,5,16:00,557
7668702899,U,IB,1,2,3328,126813,101,01:00.0,5,12:00,557
7668703146,U,CTY,1,1,149,139526,197,19:00.0,4,21:00,557
7668703164,U,IB,1,1,538,125257,150,17:00.0,4,14:00,557
7668703256,U,IB,1,2,680,136051,133,56:00.0,1,3:00,557
7668703265,U,IB,1,3,1756,136051,133,07:00.0,1,4:00,557
7668703274,U,IB,1,5,2974,136051,133,44:00.0,1,3:00,557
7668703622,U,OB,1,3,1436,136157,88,21:00.0,7,14:00,557
7668704127,U,CTY,1,2,1120,138943,194,35:00.0,1,15:00,557
7668704136,U,CTY,1,2,1409,138943,194,23:00.0,1,15:00,557
7668704181,U,OB,1,1,367,121548,96,09:00.0,2,7:00,557
7668704228,U,CTY,1,1,382,139468,172,32:00.0,7,21:00,557
7668704567,U,IB,1,1,415,136974,125,10:00.0,2,21:00,557
7668704659,U,OB,1,1,41,139664,69,18:00.0,2,10:00,557
7668708911,U,CTY,1,2,276,132841,195,49:00.0,2,13:00,557
7668708920,U,CTY,1,9,7188,132841,195,26:00.0,2,13:00,557
7668709764,U,CTY,1,4,6205,139526,197,58:00.0,4,20:00,557
7668710671,U,CTY,1,3,1404,139526,197,08:00.0,4,21:00,557
7668710680,U,CTY,1,1,490,139526,197,34:00.0,4,20:00,557
7668717354,U,CTY,1,1,112,138943,194,24:00.0,1,17:00,557
7668717639,U,IB,1,2,128,138702,133,40:00.0,1,3:00,557
7668719298,U,CTY,1,1,35,202584,192,17:00.0,7,18:00,557
7668723431,U,IB,1,1,238,128333,103,36:00.0,6,0:00,557
7668724320,U,CTY,1,2,188,123932,195,49:00.0,7,21:00,557
7668725054,U,IB,1,1,411,130505,113,22:00.0,6,3:00,557
7668725137,U,IB,1,1,12,130505,113,58:00.0,6,2:00,557
7668730096,U,IB,1,2,246,130505,113,11:00.0,6,2:00,557
7668732680,U,IB,1,1,210,126813,101,32:00.0,5,11:00,557
7668734065,U,OB,1,2,271,125595,76,34:00.0,2,1:00,557
766873665X,U,IB,1,2,314,128333,103,50:00.0,6,0:00,557
7668738328,U,CTY,1,1,33,202584,192,17:00.0,7,18:00,557
7668738355,U,CTY,1,1,34,139468,172,01:00.0,7,21:00,557
7668738501,U,OB,1,1,820,133618,31,52:00.0,5,1:00,557
7668738510,U,OB,1,2,690,133618,31,32:00.0,5,1:00,557
7668738584,U,OB,1,1,191,133618,31,56:00.0,5,1:00,557
766876349X,U,IB,1,2,136,131926,143,23:00.0,1,14:00,335
7668765662,U,IB,1,1,290,136999,150,02:00.0,2,22:00,335
7668765763,U,CTY,1,1,265,138232,187,55:00.0,5,16:00,335
7668765983,U,CTY,1,12,182,211043,175,35:00.0,3,21:00,335
7668765983,U,IB,1,12,182,211043,161,36:00.0,3,21:00,335
7668766515,U,CTY,1,4,219,137416,187,43:00.0,5,10:00,335
7668766726,U,CTY,1,1,170,121413,172,08:00.0,1,1:00,335
7668767294,U,IB,1,1,107,290752,111,51:00.0,1,4:00,335
7668767303,U,IB,1,2,261,128046,152,58:00.0,6,17:00,335
7668767689,U,CTY,1,1,124,137416,187,47:00.0,5,10:00,335
766876778X,U,IB,1,4,128,128543,149,22:00.0,1,13:00,335
7668767808,U,CTY,1,2,122,139775,174,30:00.0,3,12:00,335
7668768147,U,IB,1,2,630,125848,151,31:00.0,5,5:00,335
766876822X,U,IB,1,4,244,125848,151,35:00.0,5,5:00,335
7668768385,U,CTY,1,1,86,123824,169,29:00.0,4,0:00,335
7668768679,U,IB,1,1,561,138232,161,52:00.0,5,16:00,335
7668768679,U,IB,1,1,561,138232,161,52:00.0,5,16:00,335
7668768706,U,IB,1,1,148,134599,127,16:00.0,1,7:00,335
7668768715,U,CTY,1,1,380,T730211733,174,15:00.0,7,7:00,335
7668768825,U,IB,1,2,120,125149,151,32:00.0,3,21:00,335
7668769018,U,IB,1,2,674,115866,164,06:00.0,1,19:00,335
7668769310,U,IB,1,1,190,126436,141,49:00.0,2,6:00,335
7668769512,U,IB,1,1,305,124153,155,22:00.0,2,21:00,335
7668769512,U,IB,1,1,305,124153,155,22:00.0,2,21:00,335
7668769577,U,CTY,1,1,147,PASC175379,188,02:00.0,7,11:00,335
7668822377,U,OB,1,2,287,133143,58,03:00.0,5,1:00,653
7668822615,U,IB,1,1,95,118550,129,22:00.0,7,22:00,653
7668822761,U,IB,1,5,1120,131347,116,25:00.0,4,6:00,653
7668822909,U,CTY,1,6,4127,122852,194,42:00.0,6,22:00,653
7668822963,U,IB,1,3,820,131424,105,05:00.0,5,1:00,653
7668823019,U,CTY,1,9,4144,122852,194,20:00.0,6,22:00,653
7668823019,U,CTY,1,9,4144,122852,237,50:00.0,6,3:00,653
7668823192,U,IB,1,3,715,131874,135,51:00.0,2,15:00,653
7668823908,U,OB,1,2,760,139982,53,06:00.0,3,15:00,653
7668824128,U,IB,1,2,470,278078,149,52:00.0,5,6:00,653
7668867614,U,CTY,1,6,2250,134402,176,37:00.0,4,10:00,122
7668867715,U,CTY,1,2,950,202127,197,57:00.0,1,22:00,122
7668867724,U,CTY,1,1,700,CVEN44786,A40 ,14:00.0,2,0:00,122
7668867724,U,CTY,1,1,700,CVEN44786,168,42:00.0,1,14:00,122
7668871428,U,CTY,1,1,131,131324,235,37:00.0,3,9:00,122
7668871428,U,CTY,1,1,131,131324,195,26:00.0,2,15:00,122
7668877624,U,IB,1,1,847,137761,114,20:00.0,6,11:00,122
7668877927,U,OB,1,2,2316,139562,55,27:00.0,6,10:00,122
7668895260,U,CTY,1,2,1336,135900,168,41:00.0,5,8:00,122
7668897900,U,CTY,1,2,94,CVEN43397,197,12:00.0,7,16:00,122
7668899395,U,CTY,1,1,276,138204,197,55:00.0,7,0:00,122
7668899395,U,CTY,1,1,276,138204,220,28:00.0,7,7:00,122
7668904720,U,CTY,1,1,200,249345,197,17:00.0,7,19:00,122
7668904785,U,CTY,1,1,100,135321,227,28:00.0,2,10:00,122
7668904785,U,CTY,1,1,100,135321,194,52:00.0,7,12:00,122
766890484X,U,CTY,1,1,250,125588,168,33:00.0,1,19:00,122
7668904868,U,CTY,1,1,125,125588,168,22:00.0,1,20:00,122
7668904922,U,CTY,1,1,700,249122,172,54:00.0,4,17:00,122
7668913520,U,CTY,1,1,161,249122,172,57:00.0,4,17:00,122
7668923045,U,CTY,1,3,2159,130556,189,08:00.0,7,2:00,122
7668923182,U,CTY,1,1,268,125588,168,01:00.0,1,22:00,122
7668937226,U,CTY,1,2,168,132666,197,32:00.0,5,22:00,122
7668947483,U,IB,1,6,1674,140260,149,19:00.0,6,12:00,122
7668953259,U,CTY,1,1,350,45605,175,02:00.0,5,15:00,122
7668955239,U,CTY,1,3,3186,202127,237,27:00.0,2,10:00,122
7668955239,U,CTY,1,3,3186,202127,197,07:00.0,2,0:00,122
7668955504,U,CTY,1,1,1080,128691,196,16:00.0,2,19:00,122
7668955522,U,CTY,1,1,21,249345,197,09:00.0,7,19:00,122
7668955540,U,CTY,1,3,1300,202127,233,23:00.0,3,14:00,122
7668955540,U,CTY,1,3,1300,202127,197,20:00.0,2,0:00,122
7668955540,U,CTY,1,3,1300,202127,235,18:00.0,5,1:00,122
7668959015,U,CTY,1,1,980,135900,168,16:00.0,5,9:00,122
7668975378,U,CTY,1,1,235,130556,189,03:00.0,7,0:00,152
7668976038,U,CTY,1,1,237,126570,233,52:00.0,3,21:00,152
7668976038,U,CTY,1,1,237,126570,188,00:00.0,3,7:00,152
7668976249,U,CTY,1,1,370,202127,197,34:00.0,2,0:00,152
7668976624,U,IB,1,1,202,128710,151,47:00.0,1,20:00,152
7668978081,U,CTY,1,1,315,CVEN44152,169,04:00.0,2,0:00,152
7668978375,U,CTY,1,1,194,138251,233,01:00.0,3,19:00,152
7668978375,U,CTY,1,1,194,138251,238,47:00.0,6,19:00,152
7668978402,U,CTY,1,1,223,CVEN44868,187,37:00.0,7,17:00,152
7668978467,U,CTY,1,1,147,133118,195,37:00.0,1,3:00,152
7668978559,U,CTY,1,1,249,133118,195,01:00.0,1,4:00,152
7668978779,U,OB,1,1,223,137579,39,50:00.0,5,1:00,152
7668980346,U,CTY,1,1,160,CVEN44152,169,02:00.0,1,21:00,152
7668980813,U,CTY,1,1,300,CVEN44152,169,31:00.0,2,3:00,152
766898096X,U,CTY,1,1,206,CVEN44152,169,59:00.0,1,21:00,152
7668981529,U,IB,1,1,236,125186,101,37:00.0,4,13:00,152
7668981767,U,CTY,1,1,205,249122,172,04:00.0,4,18:00,152
7668981996,U,CTY,1,1,151,125588,168,44:00.0,1,21:00,152
7668982014,U,CTY,1,1,196,249122,172,35:00.0,4,18:00,152
7668982216,U,CTY,1,1,247,128578,195,15:00.0,6,12:00,152
7668982234,U,CTY,1,1,378,138251,197,47:00.0,5,13:00,152
7668982270,U,CTY,1,1,247,249122,172,13:00.0,4,19:00,152
7668985534,U,CTY,1,1,208,131810,231,12:00.0,3,21:00,152
7668985534,U,CTY,1,1,208,131810,175,16:00.0,3,8:00,152
7668986286,U,CTY,1,1,500,249345,197,22:00.0,7,20:00,152
7668987038,U,CTY,1,1,201,202127,197,32:00.0,2,0:00,152
7668987038,U,CTY,1,1,201,202127,182,33:00.0,2,0:00,152
7668987249,U,CTY,1,1,278,249345,197,58:00.0,7,18:00,152
7668987633,U,CTY,1,1,214,202127,197,38:00.0,2,0:00,152
7668987835,U,CTY,1,1,196,249345,197,24:00.0,7,20:00,152
7668987853,U,CTY,1,1,220,138251,197,42:00.0,5,13:00,152
7668988064,U,CTY,1,1,272,202127,182,24:00.0,2,0:00,152
7668988064,U,CTY,1,1,272,202127,182,24:00.0,2,0:00,152
766898855X,U,CTY,1,1,189,202127,237,37:00.0,2,10:00,152
7668988760,U,CTY,1,1,166,45605,175,27:00.0,5,14:00,152
7668988962,U,CTY,1,1,171,128691,196,35:00.0,2,17:00,152
766898899X,U,CTY,1,1,311,131810,175,52:00.0,3,11:00,152
7668989072,U,IB,1,1,367,558917,131,17:00.0,3,8:00,152
7668989339,U,CTY,1,1,280,CVEN44786,168,51:00.0,1,14:00,152
7668989898,U,CTY,1,1,134,140024,189,14:00.0,5,11:00,152
7668989925,U,CTY,1,1,184,135900,168,00:00.0,5,9:00,152
7668990071,U,CTY,1,1,339,140024,189,41:00.0,5,12:00,152
7668990365,U,CTY,1,1,138,140024,189,01:00.0,5,11:00,152
7668990374,U,CTY,1,1,245,135900,168,15:00.0,5,9:00,152
7669005994,U,OB,1,6,3723,131416,84,29:00.0,1,9:00,402
766900604X,U,OB,1,1,1156,139865,78,03:00.0,3,16:00,402
7669006068,U,OB,1,1,1045,131203,58,36:00.0,4,2:00,402
7669006095,U,IB,1,2,1609,131939,141,38:00.0,4,21:00,402
7669006104,U,IB,1,2,1667,131939,141,19:00.0,4,20:00,402
7669006113,U,IB,1,2,1735,131939,141,08:00.0,4,20:00,402
7669006131,U,IB,1,3,3670,131939,141,52:00.0,4,18:00,402
7669006196,U,CTY,1,2,1445,138506,169,00:00.0,3,8:00,402
7669006214,U,OB,1,2,1300,135076,43,01:00.0,4,16:00,402
7669006241,U,OB,1,2,3152,134221,76,31:00.0,7,6:00,402
7669006342,U,OB,1,2,2005,202206,39,39:00.0,3,7:00,402
7669006351,U,OB,1,2,1533,202206,39,15:00.0,3,7:00,402
7669006360,U,OB,1,2,2890,202206,39,05:00.0,3,7:00,402
7669006407,U,OB,1,2,1995,202206,39,51:00.0,3,6:00,402
7669006452,U,IB,1,1,1438,431022,103,54:00.0,4,0:00,402
7669006461,U,IB,1,5,2870,431022,103,07:00.0,4,1:00,402
7669093857,U,IB,1,1,425,R621615927,105,28:00.0,5,12:00,216
7669094452,U,CTY,1,4,222,138696,189,26:00.0,3,11:00,216
7669098742,U,OB,1,1,348,117643,84,55:00.0,4,15:00,490
7669098935,U,OB,1,1,171,119186,55,50:00.0,7,3:00,490
7669110732,U,OB,1,3,3050,134221,76,57:00.0,7,3:00,490
7669110741,U,CTY,1,4,4140,127068,173,20:00.0,7,12:00,490
7669140735,U,OB,1,1,700,135994,22,21:00.0,7,21:00,490
7669140780,U,OB,1,7,500,138115,73,36:00.0,5,1:00,490
7669301088,U,CTY,1,1,160,125169,175,48:00.0,2,16:00,289
7669393230,U,CTY,1,1,342,TTMS750524,189,03:00.0,2,19:00,822
7669434536,U,IB,1,1,174,135237,164,04:00.0,2,3:00,303
7669434554,U,CTY,1,5,3700,127922,187,58:00.0,3,13:00,303
7669434875,U,IB,1,1,301,131973,114,36:00.0,4,18:00,303
7669434875,U,OB,1,1,301,131973,80,52:00.0,4,18:00,303
7669434902,U,IB,1,2,711,131973,114,26:00.0,4,19:00,303
7669434920,U,IB,1,2,614,131973,114,44:00.0,4,19:00,303
766943493X,U,IB,1,2,838,134428,163,20:00.0,6,18:00,303
7669435021,U,CTY,1,1,263,140306,174,10:00.0,5,14:00,303
7669445233,U,CTY,1,1,525,PASC533243,187,26:00.0,2,10:00,303
7669445370,U,IB,1,1,770,121487,164,48:00.0,7,15:00,303
7669445426,U,CTY,1,2,700,290301,194,01:00.0,2,8:00,303
7669445628,U,IB,1,2,820,131703,123,44:00.0,4,15:00,303
766944571X,U,IB,1,2,615,131973,114,44:00.0,4,18:00,303
766944571X,U,OB,1,2,615,131973,80,52:00.0,4,18:00,303
7669446104,U,IB,1,2,440,133251,125,05:00.0,4,16:00,303
7669446131,U,IB,1,3,1662,134835,143,19:00.0,4,14:00,303
7669446535,U,IB,1,1,1821,125980,131,36:00.0,2,9:00,303
7669447177,U,CTY,1,1,392,128031,197,55:00.0,5,16:00,303
7669449321,U,CTY,1,1,264,T730211733,174,12:00.0,7,7:00,303
7669449422,U,CTY,1,1,340,131209,197,32:00.0,6,15:00,303
7669449752,U,CTY,1,1,250,126222,168,11:00.0,7,16:00,303
7669449853,U,IB,1,1,858,131973,114,54:00.0,4,19:00,303
7669449954,U,IB,1,3,6691,131973,114,17:00.0,4,19:00,303
7669451411,U,IB,1,1,215,137401,151,37:00.0,5,12:00,303
766945319X,U,CTY,1,1,179,249257,175,21:00.0,5,13:00,303
7669453373,U,IB,1,1,189,138629,129,29:00.0,4,13:00,303
7669453382,U,IB,1,1,170,139791,158,08:00.0,4,22:00,303
766945363X,U,CTY,1,1,124,261217,174,56:00.0,5,12:00,303
7669453667,U,CTY,1,1,196,261217,174,20:00.0,5,13:00,303
7669453721,U,CTY,1,1,131,261217,174,20:00.0,5,13:00,303
7669454116,U,CTY,1,1,240,122835,187,22:00.0,3,16:00,303
7669454125,U,CTY,1,1,220,138050,196,36:00.0,3,18:00,303
7669454199,U,CTY,1,1,168,138050,196,15:00.0,3,21:00,303
7669454226,U,CTY,1,1,208,122835,187,13:00.0,3,16:00,303
7669454244,U,CTY,1,1,108,122835,187,06:00.0,3,16:00,303
7669454309,U,CTY,1,1,135,PASC175379,175,18:00.0,5,10:00,303
7669454318,U,CTY,1,1,262,122835,187,21:00.0,3,16:00,303
7669454336,U,CTY,1,1,210,122835,187,04:00.0,3,16:00,303
7669454547,U,IB,1,1,95,121487,164,43:00.0,7,18:00,303
7669454574,U,IB,1,1,161,121487,164,42:00.0,7,18:00,303
7669455885,U,CTY,1,1,179,PASC175379,237,56:00.0,2,15:00,303
7669455885,U,CTY,1,1,179,PASC175379,237,56:00.0,2,15:00,303
7669457095,U,CTY,1,1,155,130451,194,09:00.0,6,17:00,303
7669457544,U,CTY,1,2,1184,PASC634516,173,28:00.0,2,14:00,303
7669457553,U,IB,1,1,461,119372,165,31:00.0,1,17:00,303
7669459890,U,IB,1,2,878,137401,151,51:00.0,5,12:00,303
7669460139,U,IB,1,2,733,132523,158,18:00.0,6,15:00,303
7669460175,U,IB,1,1,513,135867,104,54:00.0,5,12:00,303
7669460359,U,CTY,1,2,816,128031,197,33:00.0,5,16:00,303
7669460377,U,CTY,1,1,246,128031,197,41:00.0,5,16:00,303
7669460541,U,IB,1,2,465,131973,114,07:00.0,4,21:00,303
7669460579,U,IB,1,1,235,131973,114,05:00.0,4,19:00,303
7669468351,U,CTY,1,2,580,127922,187,36:00.0,3,16:00,303
7669468351,U,CTY,1,2,580,127922,235,45:00.0,3,18:00,303
7669468618,U,IB,1,2,580,139791,158,48:00.0,4,22:00,303
7669468636,U,CTY,1,2,580,PASC33311,186,57:00.0,3,17:00,303
7669468654,U,CTY,1,2,580,124347,175,57:00.0,5,2:00,303
7669468672,U,CTY,1,2,580,PASC175379,192,52:00.0,6,9:00,303
7669468681,U,CTY,1,2,580,124347,175,44:00.0,5,1:00,303
766946870X,U,CTY,1,2,580,130754,168,43:00.0,5,3:00,303
7669470551,U,CTY,1,1,600,PASC634534,182,57:00.0,1,8:00,303
7669470551,U,CTY,1,1,600,PASC634534,172,56:00.0,1,8:00,303
7669473155,U,CTY,1,1,69,131209,197,52:00.0,6,14:00,303
7669477591,U,CTY,1,1,385,261400,187,59:00.0,5,13:00,303
7669479939,U,IB,1,1,232,139791,158,52:00.0,4,21:00,303
7669479975,U,IB,1,3,994,139791,158,56:00.0,4,21:00,303
7669480076,U,CTY,1,2,624,261217,174,16:00.0,5,13:00,303
7669480177,U,CTY,1,1,400,261400,187,55:00.0,5,14:00,303
7669480269,U,CTY,1,2,779,118481,192,12:00.0,6,13:00,303
7669480305,U,CTY,1,1,348,118481,192,08:00.0,6,13:00,303
7669485841,U,IB,1,1,1667,133251,125,21:00.0,4,16:00,303
7669488784,U,CTY,1,1,80,131175,196,17:00.0,1,2:00,303
7669489756,U,IB,1,3,3440,133251,125,46:00.0,4,15:00,303
7669490122,U,CTY,1,4,3030,261217,174,10:00.0,5,13:00,303
7669491112,U,CTY,1,1,160,131209,197,56:00.0,6,15:00,303
7669491332,U,CTY,1,1,411,128031,197,46:00.0,5,16:00,303
766949158X,U,IB,1,1,292,125980,131,18:00.0,2,10:00,303
7669491599,U,IB,1,1,755,135867,104,16:00.0,5,12:00,303
7669492185,U,CTY,1,1,280,126106,189,37:00.0,7,6:00,303
7669492185,U,IB,1,1,280,126106,163,50:00.0,7,8:00,303
7669493514,U,CTY,1,1,180,249257,175,13:00.0,5,13:00,303
7669493963,U,CTY,1,1,210,126222,168,05:00.0,7,17:00,303
7669495595,U,CTY,1,1,1300,261217,174,38:00.0,5,12:00,303
7669495750,U,CTY,1,1,512,130451,194,14:00.0,6,18:00,303
766949862X,U,IB,1,2,265,121487,164,20:00.0,7,16:00,303
7669499353,U,CTY,1,1,309,135119,188,56:00.0,1,10:00,303
7669499418,U,IB,1,3,1685,125980,131,04:00.0,2,10:00,303
7669499463,U,CTY,1,1,510,560074,175,35:00.0,1,16:00,303
7669499546,U,CTY,1,1,690,138050,196,45:00.0,3,18:00,303
7669502067,U,IB,1,2,775,116773,104,06:00.0,3,21:00,303
766950819X,U,CTY,1,4,4394,PASC533243,187,51:00.0,2,9:00,303
7669508209,U,CTY,1,4,3434,PASC533243,187,53:00.0,2,9:00,303
7669512874,U,IB,1,1,1100,121487,164,21:00.0,7,19:00,303
7669514780,U,CTY,1,2,580,PASC634516,173,30:00.0,2,15:00,303
7669515000,U,CTY,1,2,580,127922,187,34:00.0,3,17:00,303
7669515047,U,CTY,1,2,580,127922,187,42:00.0,3,16:00,303
7669515074,U,CTY,1,2,580,127922,187,24:00.0,3,17:00,303
7669515139,U,CTY,1,2,580,127922,187,24:00.0,3,14:00,303
7669515184,U,IB,1,2,580,133251,125,27:00.0,4,16:00,303
7669515276,U,CTY,1,2,580,127922,187,21:00.0,3,13:00,303
7669515285,U,CTY,1,2,580,127922,187,36:00.0,3,13:00,303
7669522985,U,IB,1,3,2090,133105,158,22:00.0,7,15:00,303
7669528494,U,OB,1,1,845,133519,43,53:00.0,4,16:00,303
7669529888,U,CTY,1,1,765,PASC533243,173,30:00.0,6,6:00,303
7669530117,U,IB,1,2,580,135867,104,22:00.0,5,12:00,303
7669530117,U,CTY,1,2,580,135867,235,05:00.0,5,22:00,303
766953250X,U,IB,1,1,217,131973,114,02:00.0,4,21:00,303
7669532638,U,IB,1,1,330,126018,112,42:00.0,7,4:00,303
7669533848,U,CTY,1,1,860,126222,191,06:00.0,7,18:00,303
7669533848,U,CTY,1,1,860,126222,168,42:00.0,7,16:00,303
7669535388,U,IB,1,1,320,PASC634516,151,00:00.0,7,14:00,303
766953965X,U,IB,1,2,2607,128031,115,31:00.0,5,18:00,303
766953965X,U,IB,1,2,2607,128031,115,31:00.0,5,18:00,303
7669540347,U,IB,1,2,655,116773,104,37:00.0,3,20:00,303
7669540686,U,IB,1,2,655,131973,114,18:00.0,4,21:00,303
7669540960,U,IB,1,2,690,116773,104,10:00.0,3,20:00,303
7669541290,U,CTY,1,1,600,138050,196,24:00.0,3,18:00,303
7669543234,U,CTY,1,2,900,128031,197,40:00.0,5,15:00,303
766954383X,U,IB,1,1,250,121487,164,41:00.0,7,17:00,303
7669544637,U,CTY,1,1,198,140306,174,30:00.0,5,13:00,303
7669544839,U,CTY,1,1,460,130451,194,11:00.0,6,17:00,303
7669544976,U,IB,1,1,190,136940,111,53:00.0,4,18:00,303
7669545030,U,CTY,1,3,1005,121916,174,48:00.0,6,13:00,303
7669545077,U,CTY,1,1,170,121916,174,48:00.0,6,15:00,303
7669546204,U,CTY,1,4,7571,136683,195,50:00.0,2,21:00,303
7669546213,U,CTY,1,6,17732,136683,214,13:00.0,3,6:00,303
766954845X,U,IB,1,1,643,131703,123,45:00.0,4,14:00,303
7669548487,U,CTY,1,1,2830,121916,174,53:00.0,6,15:00,303
7669548505,U,IB,1,2,1519,PASC634516,151,37:00.0,7,11:00,303
7669549248,U,IB,1,1,745,131973,114,00:00.0,4,19:00,303
766954933X,U,CTY,1,2,1552,136132,169,04:00.0,6,16:00,303
7669550613,U,IB,1,7,1505,PASC33311,151,06:00.0,2,15:00,303
7669550669,U,IB,1,1,2500,131973,114,30:00.0,4,21:00,303
7669550961,U,CTY,1,1,460,131209,197,57:00.0,6,13:00,303
7669560953,U,CTY,1,1,195,131209,197,04:00.0,6,16:00,303
7669561155,U,IB,1,1,171,116773,104,06:00.0,3,19:00,303
7669561164,U,IB,1,1,105,116773,104,07:00.0,3,19:00,303
7669561265,U,IB,1,1,242,131973,114,48:00.0,4,18:00,303
7669561274,U,IB,1,1,105,131973,114,11:00.0,4,19:00,303
7669561411,U,CTY,1,1,147,140306,174,41:00.0,5,13:00,303
766956143X,U,IB,1,1,214,134428,163,57:00.0,6,16:00,303
7669561485,U,IB,1,1,155,134428,163,53:00.0,6,16:00,303
7669562960,U,IB,1,2,580,116773,104,26:00.0,3,18:00,303
7669563456,U,CTY,1,1,425,140306,174,02:00.0,5,16:00,303
7669564327,U,CTY,1,1,750,131209,197,09:00.0,6,16:00,303
7669568177,U,IB,1,2,470,116773,104,04:00.0,3,18:00,303
7669568332,U,CTY,1,2,1580,126222,168,00:00.0,7,17:00,303
7669572090,U,IB,1,1,185,121487,164,54:00.0,7,18:00,303
7669572128,U,IB,1,1,185,121487,164,39:00.0,7,18:00,303
7669572521,U,CTY,1,1,170,121101,196,23:00.0,3,19:00,303
766957254X,U,CTY,1,1,118,128129,169,36:00.0,4,9:00,303
7669572559,U,CTY,1,1,188,128129,169,32:00.0,4,8:00,303
7669572568,U,CTY,1,1,144,121101,196,26:00.0,3,19:00,303
7669572595,U,CTY,1,1,139,128129,169,54:00.0,4,8:00,303
7669572750,U,CTY,1,1,137,128031,197,04:00.0,5,19:00,303
7669572851,U,CTY,1,1,124,121916,174,18:00.0,6,14:00,303
766957287X,U,CTY,1,1,182,121916,174,18:00.0,6,14:00,303
7669572916,U,CTY,1,1,114,121916,174,21:00.0,6,14:00,303
7669572943,U,CTY,1,1,188,128031,197,52:00.0,5,15:00,303
7669573291,U,IB,1,1,95,116773,104,14:00.0,3,20:00,303
766957331X,U,IB,1,1,225,116773,104,28:00.0,3,18:00,303
7669579415,U,CTY,1,4,3055,134270,196,29:00.0,6,11:00,303
7669601507,U,IB,1,1,26,116773,104,08:00.0,3,21:00,303
7669610691,U,CTY,1,1,153,126222,168,19:00.0,7,17:00,303
7669617255,U,CTY,1,1,272,131209,197,08:00.0,6,15:00,303
766962039X,U,CTY,1,1,954,133251,184,35:00.0,4,16:00,303
766962039X,U,CTY,1,1,954,133251,184,35:00.0,4,16:00,303
7669620436,U,IB,1,1,727,133251,125,30:00.0,4,16:00,303
7669634608,U,CTY,1,2,580,261315,174,19:00.0,3,13:00,303
7669634644,U,IB,1,2,580,133105,158,24:00.0,7,17:00,303
7669634709,U,IB,1,2,580,121487,164,33:00.0,7,15:00,303
7669634790,U,IB,1,1,550,133105,158,18:00.0,7,17:00,303
7669635753,U,IB,1,1,448,133105,158,08:00.0,7,17:00,303
7669636166,U,CTY,1,1,247,121101,196,55:00.0,3,19:00,303
7669636422,U,IB,1,1,218,PASC175379,151,49:00.0,2,15:00,303
7669636487,U,CTY,1,2,600,131209,197,51:00.0,6,13:00,303
7669636752,U,CTY,1,1,200,140306,174,27:00.0,5,13:00,303
7669637623,U,OB,1,7,80,138295,40,31:00.0,7,8:00,303
7669638797,U,IB,1,2,580,131703,123,21:00.0,4,16:00,303
7669638889,U,IB,1,1,550,121487,164,12:00.0,7,18:00,303
7669638907,U,CTY,1,1,550,261315,174,43:00.0,3,9:00,303
7669639080,U,IB,1,2,580,133105,158,33:00.0,7,15:00,303
7669639109,U,IB,1,2,580,133105,158,21:00.0,7,17:00,303
7669639264,U,IB,1,2,580,133105,158,30:00.0,7,17:00,303
7669640620,U,CTY,1,1,225,121487,183,34:00.0,7,16:00,303
7669640620,U,CTY,1,1,225,121487,183,34:00.0,7,16:00,303
7669640721,U,CTY,1,2,1100,130451,194,24:00.0,1,14:00,303
7669640721,U,CTY,1,2,1100,130451,194,50:00.0,6,16:00,303
7669642344,U,CTY,1,5,9700,261400,187,14:00.0,5,15:00,303
7669642528,U,CTY,1,1,1022,261315,174,17:00.0,3,8:00,303
7669642582,U,IB,1,1,726,126998,143,28:00.0,5,18:00,303
766964448X,U,CTY,1,1,585,130451,194,19:00.0,6,17:00,303
7669644553,U,IB,1,1,140,121487,164,28:00.0,7,16:00,303
7669645635,U,CTY,1,1,550,121916,174,55:00.0,6,14:00,303
7669645763,U,CTY,1,1,550,121916,174,23:00.0,6,15:00,303
7669648587,U,IB,1,1,115,137401,151,10:00.0,5,14:00,303
7669648789,U,IB,1,4,1680,131703,123,28:00.0,4,15:00,303
7669648816,U,CTY,1,1,578,139548,233,51:00.0,4,0:00,303
7669648816,U,CTY,1,1,578,139548,233,51:00.0,4,0:00,303
7669651180,U,IB,1,1,440,PASC33311,145,24:00.0,4,7:00,303
7669652262,U,CTY,1,4,192,138457,188,26:00.0,6,16:00,303
7669652327,U,IB,1,1,650,139791,158,46:00.0,4,20:00,303
7669652657,U,IB,1,2,580,137401,151,31:00.0,5,12:00,303
7669652877,U,IB,1,2,580,135867,104,42:00.0,5,12:00,303
7669653005,U,CTY,1,1,550,261315,174,03:00.0,3,11:00,303
7669653032,U,IB,1,1,550,121487,164,25:00.0,7,15:00,303
7669653050,U,IB,1,2,580,139548,152,40:00.0,4,0:00,303
7669654233,U,IB,1,1,686,121487,164,47:00.0,7,18:00,303
7669654994,U,CTY,1,1,550,121916,174,17:00.0,6,15:00,303
7669655012,U,CTY,1,2,660,121916,173,38:00.0,6,21:00,303
7669655012,U,CTY,1,2,660,121916,174,32:00.0,6,15:00,303
7669655351,U,CTY,1,6,1011,121101,196,58:00.0,3,22:00,303
7669655957,U,CTY,1,8,16740,138050,196,38:00.0,3,19:00,303
7669657524,U,IB,1,1,340,135237,164,26:00.0,2,1:00,303
766965999X,U,CTY,1,2,1180,118481,192,45:00.0,6,12:00,303
7669660384,U,CTY,1,1,462,121101,196,20:00.0,3,20:00,303
7669664418,U,IB,1,2,1369,136530,145,48:00.0,3,16:00,303
7669666389,U,IB,1,1,558,131973,114,07:00.0,4,20:00,303
7669666829,U,IB,1,2,855,125980,131,40:00.0,2,10:00,303
7669667828,U,CTY,1,1,1150,125240,174,25:00.0,7,1:00,303
7669667974,U,IB,1,1,820,139791,158,28:00.0,4,22:00,303
766966813X,U,IB,1,2,580,137401,151,23:00.0,5,14:00,303
7669669532,U,IB,1,1,245,125980,131,32:00.0,2,9:00,303
7669669707,U,CTY,1,1,110,140306,174,56:00.0,5,15:00,303
7669671586,U,IB,1,1,350,131973,114,31:00.0,4,18:00,303
7669673658,U,CTY,1,1,25,121916,174,59:00.0,6,13:00,303
7669673759,U,CTY,1,1,115,136683,195,11:00.0,2,21:00,303
7669674473,U,IB,1,1,971,121487,164,38:00.0,7,16:00,303
7669676188,U,CTY,1,1,74,261400,187,18:00.0,5,14:00,303
7669677618,U,CTY,1,1,168,127922,187,19:00.0,3,14:00,303
7669680202,U,IB,1,4,1449,134428,163,51:00.0,6,17:00,303
7669680440,U,CTY,1,1,550,138050,196,04:00.0,3,21:00,303
7669687581,U,OB,1,1,524,123489,40,25:00.0,2,6:00,556
7669687590,U,OB,1,2,761,123489,40,35:00.0,2,6:00,556
7669687619,U,OB,1,1,283,138134,49,38:00.0,2,12:00,556
7669688086,U,OB,1,1,365,290807,89,08:00.0,7,18:00,556
7669688333,U,IB,1,1,254,137284,101,03:00.0,3,0:00,556
7669689451,U,OB,1,1,230,139942,50,24:00.0,7,18:00,556
7669693256,U,IB,1,3,924,134941,113,58:00.0,2,6:00,556
7669713716,U,OB,1,8,9575,136511,17,01:00.0,4,20:00,556
7669714293,U,IB,1,2,125,134941,113,28:00.0,2,6:00,556
7669718098,U,IB,1,1,910,45562,103,49:00.0,4,10:00,556
7669718574,U,IB,1,1,510,127490,127,11:00.0,7,1:00,556
7669719344,U,OB,1,1,1199,136511,17,12:00.0,4,19:00,556
7669722094,U,OB,1,4,1080,132660,40,40:00.0,5,15:00,556
7669723102,U,OB,1,1,645,128595,69,43:00.0,2,22:00,556
7669723149,U,OB,1,1,645,128595,69,50:00.0,3,2:00,556
7669731884,U,OB,1,1,430,121293,53,51:00.0,1,12:00,556
7669731967,U,OB,1,1,162,121293,53,00:00.0,1,13:00,556
7669732131,U,OB,1,1,470,134130,95,55:00.0,6,11:00,556
7669732324,U,OB,1,1,228,127660,74,48:00.0,1,15:00,556
7669732351,U,IB,1,1,277,126264,125,59:00.0,4,11:00,556
7669732470,U,CTY,1,1,340,133746,196,58:00.0,5,11:00,556
7669732847,U,OB,1,2,352,121293,53,08:00.0,1,13:00,556
7669732874,U,OB,1,1,108,121293,53,13:00.0,1,13:00,556
7669733002,U,IB,1,1,272,126264,125,55:00.0,4,11:00,556
7669733002,U,CTY,1,1,272,126264,238,20:00.0,6,8:00,556
766973358X,U,OB,1,1,515,121786,26,27:00.0,7,9:00,556
7669733617,U,OB,1,1,685,121786,26,19:00.0,7,9:00,556
7669733644,U,IB,1,1,208,139940,131,05:00.0,6,21:00,556
7669733680,U,IB,1,1,340,139940,131,10:00.0,6,21:00,556
7669733790,U,OB,1,1,280,121786,26,54:00.0,7,6:00,556
7669734010,U,IB,1,2,80,131827,129,40:00.0,6,22:00,556
7669734057,U,IB,1,1,1020,131827,129,42:00.0,6,22:00,556
766973490X,U,OB,1,2,60,121293,53,55:00.0,1,12:00,556
7669735330,U,OB,1,1,200,127039,76,34:00.0,5,9:00,556
766973534X,U,OB,1,1,267,127039,76,36:00.0,5,8:00,556
7669735377,U,OB,1,1,502,127039,76,03:00.0,5,9:00,556
7669735431,U,CTY,1,1,221,127039,231,37:00.0,5,21:00,556
7669735431,U,OB,1,1,221,127039,76,53:00.0,5,10:00,556
766973545X,U,CTY,1,1,204,290603,195,03:00.0,6,18:00,556
7669735469,U,CTY,1,2,588,290603,195,07:00.0,6,18:00,556
7669736082,U,OB,1,1,352,129851,55,54:00.0,2,15:00,556
7669736239,U,OB,1,1,193,129851,55,06:00.0,2,16:00,556
7669736302,U,OB,1,1,289,131037,95,02:00.0,5,16:00,556
7669737952,U,OB,1,1,331,136427,22,07:00.0,1,4:00,556
7669739052,U,IB,1,4,159,134941,113,48:00.0,2,7:00,556
7669739162,U,OB,1,1,875,125808,88,57:00.0,7,10:00,556
7669739209,U,OB,1,1,1055,134752,73,39:00.0,3,3:00,556
7669739272,U,OB,1,1,784,137797,72,14:00.0,4,15:00,556
7669739290,U,IB,1,2,447,135616,101,09:00.0,2,15:00,556
7669740419,U,OB,1,1,269,135453,86,36:00.0,6,16:00,556
7669740428,U,OB,1,1,183,135453,86,20:00.0,6,16:00,556
7669740464,U,IB,1,2,468,139940,131,34:00.0,6,21:00,556
766974051X,U,OB,1,1,155,121786,26,32:00.0,7,8:00,556
7669740538,U,IB,1,1,392,139940,131,27:00.0,6,21:00,556
7669740996,U,IB,1,1,33,45562,103,11:00.0,4,12:00,556
7669748750,U,OB,1,1,59,127490,86,12:00.0,7,11:00,556
7669748750,U,IB,1,1,59,127490,127,49:00.0,7,1:00,556
7669748797,U,IB,1,1,13,127490,127,58:00.0,7,1:00,556
7669748907,U,OB,1,2,80,137797,72,24:00.0,4,16:00,556
7669748916,U,OB,1,2,91,137797,72,03:00.0,4,17:00,556
7669749603,U,OB,1,1,1000,131037,95,30:00.0,5,15:00,556
7669749796,U,IB,1,3,110,131827,129,20:00.0,6,22:00,556
7669751271,U,OB,1,1,898,139746,66,56:00.0,5,13:00,556
7669751758,U,OB,1,1,35,122948,78,44:00.0,7,8:00,556
7669751904,U,OB,1,1,30,122948,78,21:00.0,7,8:00,556
7669752014,U,OB,1,2,66,128892,52,25:00.0,6,18:00,556
7669752115,U,IB,1,12,429,126264,125,24:00.0,4,12:00,556
7669752308,U,OB,1,1,13,122948,78,08:00.0,7,8:00,556
7669752353,U,OB,1,6,176,136623,88,37:00.0,3,20:00,556
7669752986,U,OB,1,14,442,138353,40,19:00.0,3,21:00,556
7669753004,U,IB,1,1,29,136665,143,20:00.0,3,3:00,556
7669753399,U,OB,1,1,37,128892,52,28:00.0,6,18:00,556
7669753738,U,OB,1,1,31,128853,26,33:00.0,4,10:00,556
7669753875,U,OB,1,1,47,138066,6,21:00.0,3,8:00,556
7669754086,U,OB,1,2,56,137797,72,02:00.0,4,17:00,556
7669754288,U,OB,1,1,599,135616,81,58:00.0,3,8:00,556
7669754288,U,IB,1,1,599,135616,101,37:00.0,2,15:00,556
7669754333,U,IB,1,1,56,135616,101,18:00.0,2,16:00,556
7669754553,U,OB,1,1,50,137797,72,02:00.0,4,17:00,556
766976394X,U,IB,1,1,616,123652,111,52:00.0,3,1:00,556
7669763977,U,OB,1,1,610,121293,53,15:00.0,1,10:00,556
766976405X,U,IB,1,1,1470,123652,111,56:00.0,3,0:00,556
7669767937,U,OB,1,1,216,134130,95,22:00.0,6,12:00,556
7669767955,U,CTY,1,3,435,126398,235,21:00.0,3,21:00,556
7669767955,U,OB,1,3,435,126398,95,45:00.0,2,19:00,556
766976834X,U,OB,1,1,690,127660,74,51:00.0,1,15:00,556
7669768359,U,IB,1,2,52,138791,104,38:00.0,1,19:00,556
7669768799,U,OB,1,3,381,135453,86,49:00.0,6,15:00,556
7669768817,U,OB,1,1,582,135453,86,17:00.0,6,16:00,556
7669770512,U,CTY,1,3,578,134788,231,28:00.0,3,21:00,556
7669772108,U,CTY,1,1,1293,138066,189,31:00.0,3,6:00,556
7669772117,U,OB,1,1,894,136427,22,43:00.0,1,3:00,556
7669774362,U,OB,1,1,491,134130,95,30:00.0,6,12:00,556
7669774528,U,OB,1,1,406,127660,74,33:00.0,1,17:00,556
7669774546,U,OB,1,1,399,127660,74,28:00.0,1,17:00,556
7669774582,U,OB,1,1,260,131037,95,55:00.0,5,15:00,556
7669774591,U,OB,1,1,214,131037,95,31:00.0,5,16:00,556
766977461X,U,OB,1,1,427,131037,95,08:00.0,5,16:00,556
7669774638,U,IB,1,1,260,131827,129,12:00.0,6,22:00,556
7669774674,U,IB,1,1,182,135616,101,34:00.0,2,15:00,556
7669774674,U,OB,1,1,182,135616,81,58:00.0,3,8:00,556
7669774885,U,IB,1,1,200,131827,129,02:00.0,6,22:00,556
7669774894,U,IB,1,1,258,131827,129,24:00.0,6,22:00,556
7669774921,U,OB,1,2,308,45505,55,42:00.0,6,18:00,556
7669774995,U,IB,1,1,307,131827,129,58:00.0,6,21:00,556
7669775078,U,IB,1,1,498,131827,129,05:00.0,6,21:00,556
7669775628,U,OB,1,2,1369,138353,40,37:00.0,3,21:00,556
7669775637,U,OB,1,2,1715,138353,40,49:00.0,3,22:00,556
7669775765,U,IB,1,2,1669,138791,104,25:00.0,1,20:00,556
7669775783,U,IB,1,1,1180,138791,104,30:00.0,1,20:00,556
7669775783,U,CTY,1,1,1180,138791,205,43:00.0,2,22:00,556
7669776288,U,IB,1,1,47,135616,101,41:00.0,3,0:00,556
7669776315,U,IB,1,9,297,135616,101,14:00.0,3,0:00,556
7669776324,U,IB,1,12,441,135616,101,35:00.0,3,0:00,556
7669833158,U,IB,1,2,679,45562,103,18:00.0,4,12:00,556
7669833167,U,IB,1,2,501,45562,103,31:00.0,4,11:00,556
7669835486,U,IB,1,1,176,127490,127,30:00.0,7,1:00,556
7669837383,U,OB,1,1,425,138066,6,17:00.0,3,9:00,556
7669858348,U,OB,1,1,75,119394,32,06:00.0,2,16:00,556
7669859383,U,OB,1,1,425,138066,6,08:00.0,3,9:00,556
7669859410,U,OB,1,1,61,138066,6,06:00.0,3,9:00,556
7669859457,U,OB,1,1,61,138066,6,13:00.0,3,9:00,556
7669859502,U,OB,1,2,371,138066,6,12:00.0,3,9:00,556
7669860007,U,IB,1,1,122,127490,127,09:00.0,7,1:00,556
7669864178,U,OB,1,1,102,138066,6,04:00.0,3,9:00,556
7669864306,U,OB,1,1,93,138066,6,19:00.0,3,9:00,556
7669864764,U,OB,1,1,237,119394,32,04:00.0,2,15:00,556
7669881933,U,OB,1,3,383,121207,86,31:00.0,1,10:00,556
7669882584,U,OB,1,1,900,127660,74,28:00.0,1,16:00,556
7669882685,U,IB,1,1,380,135616,101,11:00.0,2,16:00,556
7669882878,U,IB,1,1,33,137562,111,32:00.0,5,5:00,556
7669904337,U,IB,1,1,214,126264,125,16:00.0,4,10:00,556
7669908461,U,OB,1,2,932,139942,50,52:00.0,7,18:00,556
7669908948,U,IB,1,1,150,131827,129,49:00.0,6,20:00,556
7669909240,U,OB,1,1,160,139942,50,48:00.0,7,18:00,556
7669912430,U,IB,1,1,367,45562,103,54:00.0,4,12:00,556
766991244X,U,IB,1,1,114,45562,103,12:00.0,4,10:00,556
7669912468,U,IB,1,3,1285,45562,103,20:00.0,4,13:00,556
7669913090,U,OB,1,2,364,139746,66,32:00.0,5,13:00,556
7669914008,U,OB,1,1,960,121786,26,05:00.0,7,9:00,556
7680055835,U,CTY,1,2,655,139875,172,09:00.0,6,14:00,347
7725833219,U,CTY,1,2,1355,118908,187,31:00.0,1,13:00,272
7746629765,U,CTY,1,1,211,124352,194,19:00.0,6,1:00,326
7750037483,U,IB,1,1,148,135793,123,29:00.0,1,11:00,160
7750037658,U,IB,1,2,435,135793,123,42:00.0,1,10:00,160
7750038060,U,IB,1,1,300,135793,123,26:00.0,1,11:00,160
7750040471,U,IB,1,1,290,127444,113,36:00.0,2,8:00,160
7750040920,U,OB,1,1,110,131945,96,14:00.0,4,1:00,160
7750040994,U,CTY,1,1,79,121208,173,23:00.0,3,19:00,160
7750041288,U,IB,1,4,1345,137393,164,26:00.0,6,0:00,160
7750041773,U,CTY,1,1,200,137197,168,03:00.0,3,19:00,160
7750041874,U,CTY,1,1,25,137197,168,57:00.0,3,18:00,160
7750041892,U,CTY,1,1,25,137197,168,53:00.0,3,18:00,160
7750041910,U,CTY,1,1,25,137197,168,46:00.0,3,18:00,160
7750042680,U,IB,1,1,370,139876,149,17:00.0,6,20:00,160
7750042781,U,IB,1,1,110,139876,149,16:00.0,6,21:00,160
775004280X,U,CTY,1,1,68,139876,201,24:00.0,6,20:00,160
775004280X,U,IB,1,1,68,139876,149,22:00.0,6,20:00,160
7750043084,U,IB,1,1,240,123162,114,18:00.0,7,8:00,160
775004423X,U,IB,1,1,148,139876,149,24:00.0,6,20:00,160
7750044880,U,CTY,1,1,69,430385,187,33:00.0,2,19:00,160
7750469004,U,CTY,1,1,210,138210,174,29:00.0,4,16:00,304
7750470223,U,IB,1,1,149,133296,163,57:00.0,7,13:00,304
7750476695,U,IB,1,3,6875,131132,125,41:00.0,2,6:00,304
7750477667,U,OB,1,6,5430,261260,17,42:00.0,1,8:00,304
7750480289,U,CTY,1,1,335,280932,173,15:00.0,2,14:00,304
7750480361,U,CTY,1,1,483,291281,197,39:00.0,3,15:00,304
7750480453,U,IB,1,1,110,123643,149,46:00.0,5,14:00,304
7750484184,U,IB,1,1,102,127801,125,39:00.0,6,12:00,304
7750486577,U,OB,1,2,2575,291168,88,41:00.0,5,6:00,304
7750487439,U,CTY,1,1,222,291281,197,19:00.0,3,15:00,304
7750493296,U,IB,1,1,256,291168,121,21:00.0,5,11:00,304
7750493296,U,IB,1,1,256,291168,115,27:00.0,5,19:00,304
7750493296,U,OB,1,1,256,291168,88,20:00.0,5,11:00,304
7750501656,U,IB,1,1,78,123643,149,24:00.0,5,15:00,304
7750509374,U,IB,1,1,325,249368,133,48:00.0,4,20:00,304
7750509511,U,IB,1,1,27,135748,151,31:00.0,6,13:00,304
7750509520,U,IB,1,1,6,135748,151,31:00.0,6,13:00,304
7750509567,U,IB,1,2,325,135748,151,26:00.0,6,15:00,304
7750509814,U,IB,1,1,5,135748,151,26:00.0,6,15:00,304
7750509832,U,CTY,1,2,65,135747,197,19:00.0,7,14:00,304
775050986X,U,IB,1,1,38,135748,151,31:00.0,6,13:00,304
7750509951,U,IB,1,1,12,135748,151,31:00.0,6,13:00,304
7750510923,U,IB,1,1,257,131132,125,31:00.0,2,1:00,304
7750511886,U,IB,1,12,3276,134401,116,50:00.0,1,21:00,304
7750515570,U,IB,1,4,1300,261125,113,15:00.0,2,1:00,304
7750515608,U,IB,1,3,650,131132,125,27:00.0,2,6:00,304
7750515644,U,CTY,1,1,140,290117,188,24:00.0,3,12:00,304
7750515781,U,CTY,1,1,1685,211433,196,14:00.0,6,14:00,304
7750516010,U,OB,1,2,400,291168,88,55:00.0,5,6:00,304
7750516048,U,IB,1,6,2038,139637,164,03:00.0,5,22:00,304
775052031X,U,CTY,1,11,4048,140008,196,15:00.0,4,13:00,304
7750520329,U,CTY,1,1,198,140008,196,19:00.0,4,13:00,304
7750520365,U,CTY,1,6,1930,137665,189,24:00.0,5,16:00,304
7750520457,U,CTY,1,5,941,290301,194,31:00.0,2,9:00,304
7750521319,U,CTY,1,1,650,140008,196,29:00.0,4,14:00,304
7750521337,U,CTY,1,1,220,140008,196,17:00.0,4,14:00,304
7750521346,U,CTY,1,2,410,140008,196,14:00.0,4,14:00,304
7750521382,U,CTY,1,3,680,T402218947,189,02:00.0,4,10:00,304
7750521501,U,IB,1,1,320,133296,163,49:00.0,7,11:00,304
7750523995,U,IB,1,1,18,249368,133,15:00.0,4,21:00,304
7750527762,U,CTY,1,1,145,135140,195,43:00.0,4,12:00,304
7750530018,U,CTY,1,1,216,140008,196,25:00.0,4,14:00,304
7750530384,U,OB,1,1,500,291168,88,59:00.0,5,6:00,304
775053186X,U,IB,1,2,810,125848,151,28:00.0,5,7:00,304
775053186X,U,IB,1,2,810,125848,166,54:00.0,5,21:00,304
7750540632,U,IB,1,1,150,133102,127,47:00.0,7,13:00,304
7750540816,U,IB,1,1,50,261125,113,22:00.0,2,0:00,304
7750540825,U,IB,1,1,55,131132,125,20:00.0,2,1:00,304
7750544033,U,CTY,1,1,738,290884,196,26:00.0,3,14:00,304
7750549010,U,CTY,1,2,1555,211433,196,49:00.0,6,13:00,304
7750553118,U,IB,1,2,4100,133296,163,29:00.0,7,13:00,304
7750553127,U,IB,1,2,1131,127801,125,28:00.0,6,14:00,304
7750553136,U,IB,1,5,1400,127801,125,07:00.0,6,14:00,304
7750562733,U,IB,1,1,1064,123643,149,41:00.0,5,15:00,304
7750574200,U,CTY,1,1,1065,291281,197,17:00.0,3,15:00,304
7750576602,U,CTY,1,4,4399,290884,196,14:00.0,3,14:00,304
7750576721,U,IB,1,4,4095,127801,125,33:00.0,6,13:00,304
7750576941,U,CTY,1,12,4600,135140,195,18:00.0,4,14:00,304
7750577015,U,CTY,1,2,1370,137665,189,21:00.0,5,16:00,304
7750577253,U,CTY,1,5,5540,291281,197,59:00.0,3,14:00,304
775058004X,U,IB,1,1,56,128806,149,55:00.0,6,1:00,304
7750580434,U,IB,1,1,3,128806,149,55:00.0,6,1:00,304
7750580737,U,IB,1,1,395,133296,163,52:00.0,7,13:00,304
7750583249,U,OB,1,1,485,291168,88,36:00.0,5,6:00,304
7750584284,U,IB,1,1,2250,127801,125,51:00.0,6,12:00,304
7750584760,U,CTY,1,1,215,290884,196,41:00.0,3,15:00,304
775059159X,U,IB,1,2,5650,133296,163,44:00.0,7,11:00,304
775059159X,U,CTY,1,2,5650,133296,218,28:00.0,7,16:00,304
7750591847,U,CTY,1,1,2493,280932,173,28:00.0,2,14:00,304
7750591856,U,CTY,1,1,2788,280932,173,32:00.0,2,14:00,304
7750592626,U,IB,1,3,3621,128076,163,40:00.0,2,23:00,304
7750592781,U,CTY,1,1,2490,137749,196,00:00.0,1,13:00,304
7750594157,U,IB,1,2,1135,128806,149,53:00.0,6,0:00,304
7750596310,U,CTY,1,1,186,137749,196,04:00.0,1,13:00,304
7750603552,U,CTY,1,1,650,560074,175,13:00.0,1,15:00,304
7750607925,U,CTY,1,1,270,138210,174,03:00.0,4,16:00,304
7750607934,U,CTY,1,3,920,138210,174,21:00.0,4,16:00,304
7750608136,U,CTY,1,1,499,291281,197,47:00.0,3,14:00,304
7750608154,U,OB,1,1,185,124616,49,59:00.0,5,21:00,304
7750616276,U,IB,1,2,1370,131132,125,17:00.0,2,7:00,304
7750616303,U,IB,1,2,2300,131132,125,27:00.0,2,7:00,304
775061634X,U,IB,1,2,1970,131132,125,21:00.0,2,7:00,304
7750616469,U,IB,1,1,1020,261125,113,15:00.0,2,0:00,304
7750621089,U,IB,1,6,2697,261125,113,09:00.0,2,0:00,304
775062470X,U,IB,1,1,203,139637,164,00:00.0,5,22:00,304
7750626551,U,IB,1,1,186,133296,163,52:00.0,7,12:00,304
7750626551,U,CTY,1,1,186,133296,206,23:00.0,2,21:00,304
7750626699,U,CTY,1,1,53,137665,189,57:00.0,5,14:00,304
7750628046,U,CTY,1,1,208,137665,189,12:00.0,5,15:00,304
7750628201,U,IB,1,2,95,133296,163,56:00.0,7,12:00,304
775062833X,U,IB,1,1,73,249368,133,33:00.0,4,23:00,304
7750628421,U,CTY,1,1,393,137749,196,23:00.0,1,13:00,304
7750628926,U,CTY,1,8,1750,137749,196,17:00.0,1,14:00,304
7750629036,U,OB,1,1,170,291168,88,42:00.0,5,6:00,304
7750631025,U,CTY,1,1,968,140008,196,20:00.0,4,14:00,304
7750631281,U,CTY,1,1,959,137749,196,20:00.0,1,13:00,304
7750631611,U,IB,1,1,1307,123643,149,18:00.0,5,15:00,304
7750632464,U,CTY,1,1,1251,PASC634516,195,33:00.0,5,16:00,304
7750633270,U,CTY,1,1,515,131978,173,09:00.0,5,11:00,304
7750633802,U,CTY,1,1,625,135140,195,42:00.0,4,13:00,304
7750634123,U,CTY,1,8,11800,138210,174,32:00.0,4,16:00,304
7750634298,U,IB,1,1,1035,133296,163,44:00.0,7,12:00,304
7750634426,U,IB,1,1,169,139637,164,11:00.0,5,21:00,304
7750636873,U,CTY,1,1,1190,138210,174,24:00.0,4,16:00,304
7750637039,U,IB,1,3,3610,128806,149,27:00.0,6,2:00,304
7750637708,U,CTY,1,1,1317,140008,196,06:00.0,4,14:00,304
7750641484,U,CTY,1,2,940,137749,196,38:00.0,1,13:00,304
7750641502,U,CTY,1,1,110,137749,196,12:00.0,1,13:00,304
7750641558,U,CTY,1,2,920,PASC33311,173,32:00.0,5,16:00,304
7750641585,U,CTY,1,1,1125,290884,196,44:00.0,3,13:00,304
7750641612,U,IB,1,2,380,128806,149,20:00.0,6,2:00,304
7750641659,U,CTY,1,1,198,T402218947,189,31:00.0,4,9:00,304
7750641722,U,CTY,1,3,510,T402218947,189,38:00.0,4,10:00,304
7750641906,U,CTY,1,6,2220,291168,231,46:00.0,5,12:00,304
7750641906,U,CTY,1,6,2220,291168,231,46:00.0,5,12:00,304
7750642584,U,IB,1,1,545,125949,119,06:00.0,7,4:00,304
7750643309,U,CTY,1,1,1285,138021,188,54:00.0,3,15:00,304
7750643437,U,CTY,1,2,1020,290884,196,21:00.0,3,15:00,304
7750644748,U,IB,1,1,1586,131132,125,38:00.0,2,1:00,304
7750645114,U,IB,1,8,2588,249368,133,51:00.0,4,22:00,304
7750645150,U,CTY,1,8,13125,134401,170,55:00.0,1,21:00,304
7750645150,U,CTY,1,8,13125,134401,170,55:00.0,1,21:00,304
7750650019,U,CTY,1,2,2035,138210,174,45:00.0,4,14:00,304
7750650019,U,IB,1,2,2035,138210,154,48:00.0,4,14:00,304
7750651274,U,CTY,1,1,2,211433,196,25:00.0,6,18:00,304
7750663392,U,IB,1,1,790,PASC33311,145,47:00.0,4,8:00,304
775066782X,U,OB,1,1,140,291168,88,10:00.0,5,12:00,304
775066782X,U,CTY,1,1,140,291168,231,11:00.0,5,12:00,304
7750953022,U,IB,1,1,1400,125220,164,59:00.0,6,1:00,268
7750961281,U,IB,1,1,108,137744,129,32:00.0,2,22:00,205
7750961328,U,IB,1,1,350,138486,104,15:00.0,2,1:00,205
775096240X,U,IB,1,1,140,139690,114,37:00.0,1,9:00,205
7750963811,U,IB,1,1,194,125220,164,48:00.0,6,5:00,205
7750970833,U,IB,1,1,350,290987,112,00:00.0,4,20:00,205
7750970833,U,IB,1,1,350,290987,112,25:00.0,4,19:00,205
7750981310,U,IB,1,6,3207,134885,123,14:00.0,1,5:00,205
7750985537,U,OB,1,1,745,139694,96,32:00.0,6,1:00,205
7750986260,U,IB,1,1,1250,138486,104,49:00.0,2,3:00,205
7750990579,U,IB,1,2,1097,249147,125,34:00.0,6,21:00,205
7750993740,U,IB,1,2,4620,290987,112,22:00.0,4,18:00,205
7751001193,U,CTY,1,1,540,135080,174,08:00.0,7,5:00,205
7751001505,U,IB,1,2,470,134885,123,35:00.0,1,4:00,205
775100343X,U,IB,1,1,1184,134885,123,42:00.0,1,3:00,205
7751005831,U,CTY,1,1,595,136191,196,56:00.0,6,19:00,205
7751007335,U,IB,1,2,1690,134885,123,06:00.0,1,5:00,205
775100871X,U,CTY,1,2,702,140247,208,33:00.0,6,13:00,205
7751008949,U,IB,1,2,3180,291085,125,29:00.0,7,18:00,205
7751015630,U,CTY,1,1,962,140247,208,29:00.0,6,17:00,205
7751015924,U,CTY,1,1,554,135097,192,07:00.0,4,22:00,205
775101674X,U,IB,1,1,835,135793,123,45:00.0,1,12:00,205
7751016786,U,IB,1,1,400,134885,123,05:00.0,1,4:00,205
775101685X,U,IB,1,1,570,127866,135,35:00.0,5,0:00,205
775101872X,U,IB,1,1,100,124029,113,27:00.0,4,4:00,205
7751018921,U,CTY,1,6,3237,211511,168,34:00.0,2,18:00,205
7751019289,U,IB,1,1,525,135793,123,48:00.0,1,12:00,205
7751019361,U,CTY,1,2,656,261384,192,12:00.0,1,5:00,205
7751019536,U,IB,1,1,685,135793,123,10:00.0,1,13:00,205
7751022616,U,CTY,1,1,345,430385,187,02:00.0,2,22:00,205
7751022973,U,IB,1,1,1835,134885,123,49:00.0,1,3:00,205
7751023148,U,IB,1,1,228,139876,149,14:00.0,6,21:00,205
7751024706,U,CTY,1,3,1850,123824,189,37:00.0,5,19:00,205
7751031342,U,IB,1,2,768,125220,164,15:00.0,6,6:00,205
7751035046,U,IB,1,1,517,138814,114,23:00.0,7,23:00,205
7751035064,U,OB,1,7,14896,129611,88,39:00.0,2,9:00,205
7751035183,U,IB,1,1,967,139876,149,25:00.0,6,21:00,205
775103544X,U,IB,1,1,635,138814,102,06:00.0,1,0:00,205
7751035504,U,IB,1,1,712,123162,114,19:00.0,7,3:00,205
7751036081,U,CTY,1,89,960,261384,192,46:00.0,1,5:00,205
7751036173,U,IB,1,101,452,139876,149,23:00.0,6,22:00,205
7751036200,U,IB,1,2,725,123162,114,27:00.0,7,3:00,205
7751036339,U,CTY,1,2,877,130954,188,57:00.0,6,14:00,205
7751036339,U,OB,1,2,877,130954,52,27:00.0,3,7:00,205
7751036449,U,IB,1,2,540,136650,112,51:00.0,6,9:00,205
7751036476,U,IB,1,3,2762,249147,125,57:00.0,6,22:00,205
7751036687,U,IB,1,12,105,291085,125,38:00.0,7,15:00,205
7751036750,U,IB,1,187,3499,125302,104,46:00.0,7,3:00,205
7751036961,U,IB,1,1,794,125220,164,32:00.0,6,9:00,205
7751037080,U,IB,1,1,1175,123162,114,12:00.0,7,3:00,205
7751037118,U,CTY,1,61,912,135465,187,44:00.0,2,0:00,205
7751038932,U,CTY,1,1,575,139743,194,02:00.0,7,4:00,205
7751039098,U,IB,1,4,740,139876,149,08:00.0,6,19:00,205
7751039767,U,IB,1,3,7800,126120,164,54:00.0,4,17:00,205
7751043882,U,IB,1,4,2355,290987,112,57:00.0,4,18:00,205
7751045624,U,CTY,1,2,2100,140034,198,41:00.0,6,16:00,205
7751045624,U,IB,1,2,2100,140034,151,45:00.0,5,18:00,205
7751047943,U,IB,1,1,196,135793,123,41:00.0,1,12:00,205
775104853X,U,CTY,1,4,819,135465,187,24:00.0,2,0:00,205
775104864X,U,IB,1,1,417,138592,133,05:00.0,5,15:00,205
7751049218,U,IB,1,6,1409,125302,104,16:00.0,7,4:00,205
7751049254,U,IB,1,1,191,136650,112,30:00.0,6,9:00,205
7751054992,U,IB,1,1,219,127866,135,25:00.0,5,0:00,205
7751055946,U,CTY,1,1,160,211511,168,00:00.0,2,19:00,205
7751068697,U,OB,1,1,224,137797,72,43:00.0,4,17:00,205
775107537X,U,IB,1,2,850,127866,135,29:00.0,5,0:00,205
7751075443,U,IB,1,2,845,132797,141,22:00.0,4,13:00,205
7751076451,U,IB,1,1,1760,127444,113,47:00.0,2,7:00,205
7751077039,U,CTY,1,1,280,127866,237,59:00.0,5,22:00,205
7751077039,U,CTY,1,1,280,127866,233,47:00.0,5,21:00,205
7751077039,U,IB,1,1,280,127866,135,41:00.0,5,0:00,205
7751077039,U,CTY,1,1,280,127866,236,41:00.0,2,0:00,205
7751079037,U,CTY,1,1,146,261384,192,04:00.0,1,4:00,205
7751079037,U,CTY,1,1,146,261384,237,06:00.0,2,23:00,205
7751079266,U,IB,1,1,330,139876,149,03:00.0,6,21:00,205
7751087186,U,IB,1,1,945,137072,101,52:00.0,5,20:00,205
7751090091,U,IB,1,2,180,137816,112,04:00.0,6,22:00,205
7751090091,U,OB,1,2,180,137816,31,14:00.0,2,19:00,205
7751092630,U,IB,1,3,1602,136650,112,05:00.0,6,9:00,205
7751092686,U,IB,1,3,1461,137744,129,04:00.0,3,0:00,205
7751094318,U,IB,1,5,2901,138592,133,03:00.0,5,16:00,205
7751094455,U,CTY,1,1,890,135097,192,45:00.0,4,21:00,205
7751094583,U,IB,1,2,711,127444,113,45:00.0,2,8:00,205
7751094592,U,IB,1,3,797,127444,113,06:00.0,2,8:00,205
7751099304,U,IB,1,1,626,125220,164,33:00.0,6,2:00,205
7751100101,U,IB,1,1,250,127444,113,36:00.0,2,7:00,205
7751101239,U,OB,1,2,937,127487,43,36:00.0,4,1:00,740
7751103080,U,OB,1,1,80,127439,32,40:00.0,2,2:00,740
7751103832,U,OB,1,4,3869,136112,48,41:00.0,4,8:00,740
7751103841,U,OB,1,2,1542,136112,48,43:00.0,4,8:00,740
7751103960,U,OB,1,1,218,129742,31,59:00.0,6,12:00,740
7751103989,U,OB,1,1,176,129742,31,46:00.0,6,12:00,740
7751112147,U,OB,1,1,270,135495,60,47:00.0,1,7:00,740
7751112239,U,OB,1,2,534,128364,26,19:00.0,7,14:00,740
7751112257,U,OB,1,3,2409,211424,31,37:00.0,2,6:00,740
7751112358,U,OB,1,1,616,138404,75,03:00.0,1,7:00,740
7751112367,U,OB,1,2,4074,136663,32,14:00.0,1,9:00,740
7751112367,U,OB,1,2,4074,136663,60,13:00.0,1,11:00,740
7751112403,U,OB,1,1,195,130761,63,32:00.0,5,10:00,740
7751112412,U,OB,1,1,3500,131649,38,43:00.0,6,6:00,740
7751112468,U,OB,1,4,4409,136374,76,59:00.0,1,6:00,740
7751113521,U,OB,1,1,397,134368,48,15:00.0,4,14:00,740
7751115840,U,OB,1,4,4243,134699,58,58:00.0,6,2:00,740
7751115896,U,OB,1,1,155,127487,43,44:00.0,4,0:00,740
7751117050,U,IB,1,3,621,430285,127,43:00.0,2,10:00,740
7751118298,U,OB,1,11,4851,128527,48,57:00.0,1,2:00,740
7751118325,U,OB,1,1,320,136551,58,41:00.0,5,12:00,740
7751119333,U,IB,1,1,845,249068,150,16:00.0,6,14:00,740
7751121762,U,OB,1,4,6775,131078,74,37:00.0,5,10:00,740
7751121780,U,OB,1,1,612,131078,74,07:00.0,5,10:00,740
7751121845,U,OB,1,1,805,137806,60,45:00.0,7,10:00,740
775112190X,U,OB,1,1,165,133813,50,28:00.0,4,1:00,740
7751121937,U,OB,1,1,612,134366,76,22:00.0,4,3:00,740
7751124310,U,OB,1,3,6985,133989,31,18:00.0,7,7:00,740
7751124494,U,OB,1,2,600,131649,38,55:00.0,6,9:00,740
7751129298,U,OB,1,1,1640,136551,58,15:00.0,5,12:00,740
7751129325,U,OB,1,1,132,136042,32,12:00.0,7,12:00,740
7751129361,U,OB,1,1,227,136042,32,15:00.0,7,12:00,740
7751129399,U,OB,1,1,656,291094,26,52:00.0,7,10:00,740
7751129453,U,OB,1,1,280,126109,73,59:00.0,1,18:00,740
7751129462,U,OB,1,1,333,126109,73,39:00.0,1,18:00,740
7751129480,U,OB,1,2,645,131824,51,55:00.0,1,6:00,740
7751129774,U,OB,1,1,394,127487,43,47:00.0,4,0:00,740
7751129911,U,OB,1,1,465,137806,60,42:00.0,7,8:00,740
7751133000,U,OB,1,1,477,290333,48,32:00.0,6,2:00,740
775113345X,U,OB,1,1,500,133431,39,34:00.0,5,11:00,740
7751136677,U,OB,1,1,333,134221,76,49:00.0,7,7:00,740
7751136686,U,OB,1,1,300,131649,38,55:00.0,6,6:00,740
7751136704,U,OB,1,1,87,131649,38,03:00.0,6,9:00,740
7751138015,U,OB,1,1,132,138474,43,42:00.0,1,8:00,740
7751139299,U,OB,1,1,395,125687,50,24:00.0,2,18:00,740
7751139317,U,OB,1,1,1402,125687,50,17:00.0,2,18:00,740
7751140096,U,OB,1,1,726,134366,76,30:00.0,4,2:00,740
7751140105,U,OB,1,1,267,129742,31,47:00.0,6,13:00,740
7751140444,U,OB,1,4,1630,290333,48,30:00.0,6,3:00,740
7751140444,U,CTY,1,4,1630,290333,237,52:00.0,6,17:00,740
7751140875,U,OB,1,2,220,128272,60,26:00.0,4,4:00,740
7751140949,U,OB,1,1,1020,136814,48,29:00.0,5,7:00,740
7751142671,U,OB,1,1,584,127487,43,40:00.0,4,1:00,740
7751142718,U,OB,1,2,1247,127487,43,21:00.0,4,0:00,740
7751142727,U,OB,1,5,4966,127487,43,40:00.0,4,0:00,740
7751142754,U,OB,1,1,998,137977,27,32:00.0,6,1:00,740
7751142754,U,OB,1,1,998,137977,76,28:00.0,6,1:00,740
7751146283,U,OB,1,4,1615,137806,60,28:00.0,7,9:00,740
7751146292,U,OB,1,2,739,139984,58,07:00.0,1,10:00,740
7751146301,U,OB,1,1,210,139984,58,49:00.0,1,8:00,740
7751146449,U,OB,1,3,624,138491,50,59:00.0,5,6:00,740
7751146485,U,OB,1,2,360,136814,48,45:00.0,5,7:00,740
7751147457,U,OB,1,1,335,134368,48,41:00.0,4,13:00,740
7751150308,U,OB,1,3,1624,132412,26,49:00.0,4,14:00,740
7751152517,U,OB,1,1,538,132299,18,37:00.0,7,15:00,740
7751153516,U,OB,1,1,885,136814,48,53:00.0,5,8:00,740
7751153671,U,OB,1,1,1130,138848,43,56:00.0,4,5:00,740
775115369X,U,OB,1,3,1740,130644,49,10:00.0,6,2:00,740
7751153745,U,OB,1,1,51,138474,43,43:00.0,1,10:00,740
7751153754,U,OB,1,1,309,138474,43,20:00.0,1,8:00,740
7751154268,U,OB,1,1,415,136042,32,14:00.0,7,13:00,740
7751154771,U,OB,1,1,527,139984,58,57:00.0,1,7:00,740
7751155440,U,OB,1,8,5300,134121,48,04:00.0,2,7:00,740
775115545X,U,OB,1,6,4000,125591,18,46:00.0,1,8:00,740
7751155698,U,OB,1,1,395,134121,48,05:00.0,2,7:00,740
7751159263,U,OB,1,3,260,136551,58,37:00.0,5,11:00,740
7751159694,U,OB,1,1,330,136551,58,34:00.0,5,12:00,740
7751159988,U,OB,1,3,978,290333,48,55:00.0,6,2:00,740
7751160015,U,OB,1,1,138,132149,58,55:00.0,7,13:00,740
7751160042,U,OB,1,7,3684,130644,49,08:00.0,6,1:00,740
7751160098,U,OB,1,1,542,132325,48,48:00.0,5,8:00,740
7751160125,U,OB,1,2,780,136112,48,39:00.0,4,5:00,740
7751160143,U,OB,1,1,320,138848,43,06:00.0,4,6:00,740
7751160208,U,OB,1,2,1453,133813,50,27:00.0,4,2:00,740
7751160217,U,OB,1,3,1188,133813,50,48:00.0,4,2:00,740
7751160262,U,OB,1,1,313,290333,48,14:00.0,6,1:00,740
7751162316,U,OB,1,1,258,132325,48,46:00.0,5,8:00,740
7751163580,U,OB,1,2,895,128364,26,18:00.0,7,13:00,740
7751164772,U,OB,1,1,2117,138848,43,18:00.0,4,4:00,740
7751166541,U,OB,1,4,583,136483,46,27:00.0,2,3:00,740
7751166606,U,OB,1,4,1382,137265,39,34:00.0,6,4:00,740
7751166633,U,OB,1,3,1167,132149,58,09:00.0,7,14:00,740
7751168018,U,OB,1,2,335,130761,63,11:00.0,5,11:00,740
7751168301,U,OB,1,1,200,128364,26,31:00.0,7,12:00,740
7751168375,U,OB,1,1,3500,136483,35,45:00.0,2,0:00,740
7751168375,U,OB,1,1,3500,136483,46,43:00.0,2,0:00,740
7751168467,U,OB,1,1,340,138848,43,51:00.0,4,3:00,740
7751170602,U,OB,1,1,1640,134121,48,11:00.0,2,7:00,740
7751171538,U,OB,1,1,201,136112,48,21:00.0,4,6:00,740
7751171749,U,OB,1,1,130,136663,32,21:00.0,1,9:00,740
7751171767,U,OB,1,1,20,135495,60,23:00.0,1,6:00,740
7751172243,U,OB,1,8,6988,133734,31,10:00.0,4,3:00,740
7751175516,U,OB,1,1,298,138491,50,32:00.0,5,4:00,740
7751176643,U,IB,1,5,10245,430285,127,16:00.0,2,11:00,740
7751176643,U,OB,1,5,10245,430285,41,13:00.0,2,19:00,740
7751176652,U,OB,1,1,384,138404,75,49:00.0,1,5:00,740
7751178266,U,CTY,1,1,1823,290157,235,41:00.0,3,21:00,740
7751178266,U,CTY,1,1,1823,290157,237,31:00.0,4,21:00,740
7751178266,U,OB,1,1,1823,290157,53,45:00.0,7,13:00,740
7751180630,U,OB,1,1,380,133431,39,35:00.0,5,11:00,740
7751180686,U,OB,1,2,2760,136663,32,51:00.0,1,9:00,740
7751180740,U,OB,1,1,350,125591,18,14:00.0,1,7:00,740
7751181052,U,OB,1,1,484,290333,48,11:00.0,6,1:00,740
7751181108,U,OB,1,1,500,136663,32,41:00.0,1,9:00,740
7751181209,U,IB,1,2,309,249068,150,11:00.0,6,16:00,740
7751182089,U,OB,1,1,285,138491,50,13:00.0,5,4:00,740
7751182601,U,OB,1,3,2925,133431,39,27:00.0,5,11:00,740
7751183023,U,OB,1,1,250,137977,76,04:00.0,6,2:00,740
7751183106,U,OB,1,2,4200,121820,51,31:00.0,5,9:00,740
7751183142,U,OB,1,1,835,134699,58,19:00.0,6,3:00,740
7751183216,U,OB,1,1,361,133813,50,58:00.0,4,2:00,740
7751183766,U,OB,1,1,485,134368,48,56:00.0,4,13:00,740
7751183775,U,OB,1,2,2500,131078,74,50:00.0,5,9:00,740
7751183793,U,OB,1,1,68,137093,63,15:00.0,6,1:00,740
7751183802,U,OB,1,1,64,137093,63,09:00.0,6,1:00,740
7751183903,U,OB,1,1,77,139984,58,57:00.0,1,9:00,740
7751183921,U,OB,1,1,64,139984,58,59:00.0,1,9:00,740
7751183930,U,OB,1,1,64,139984,58,02:00.0,1,10:00,740
7751183977,U,OB,1,1,160,290333,48,15:00.0,6,3:00,740
7751184628,U,OB,1,1,454,131824,51,29:00.0,1,8:00,740
7751184664,U,OB,1,2,2331,138491,50,45:00.0,5,6:00,740
7751184839,U,OB,1,1,250,291269,31,30:00.0,7,8:00,740
7751184893,U,OB,1,1,333,138404,75,08:00.0,1,7:00,740
7751187010,U,OB,1,1,413,132149,58,13:00.0,7,14:00,740
7751187230,U,OB,1,4,4265,138848,43,07:00.0,4,6:00,740
7751187863,U,OB,1,1,1380,128394,63,39:00.0,4,4:00,740
7751187890,U,OB,1,1,1380,128394,63,43:00.0,4,4:00,740
7751187937,U,OB,1,1,1380,128394,63,24:00.0,4,3:00,740
7751187964,U,OB,1,1,1380,128394,63,32:00.0,4,4:00,740
7751188029,U,OB,1,1,1380,290938,17,29:00.0,5,12:00,740
7751188083,U,OB,1,1,1380,290938,17,01:00.0,5,13:00,740
775118812X,U,OB,1,1,1380,290938,17,25:00.0,5,15:00,740
7751189302,U,OB,1,1,600,131649,38,43:00.0,6,9:00,740
7751190604,U,OB,1,1,530,138474,43,20:00.0,1,7:00,740
7751190678,U,OB,1,1,2100,136814,48,34:00.0,5,9:00,740
7751190687,U,OB,1,1,485,136814,48,58:00.0,5,8:00,740
7751190898,U,IB,1,1,600,125852,163,36:00.0,1,11:00,740
7751190916,U,OB,1,4,9000,128364,26,50:00.0,7,12:00,740
7751191291,U,OB,1,1,533,127439,32,23:00.0,2,2:00,740
7751191291,U,OB,1,1,533,127439,25,24:00.0,2,2:00,740
7751191823,U,OB,1,1,500,138474,43,38:00.0,1,8:00,740
7751191960,U,OB,1,3,540,138491,50,28:00.0,5,4:00,740
7751192593,U,OB,1,1,700,132149,58,51:00.0,7,12:00,740
7751193803,U,OB,1,1,520,127487,43,25:00.0,4,0:00,740
7751194573,U,OB,1,3,7950,133431,39,39:00.0,5,11:00,740
7751196077,U,CTY,1,2,3566,128527,205,41:00.0,2,23:00,740
7751196077,U,OB,1,2,3566,128527,48,04:00.0,1,1:00,740
7751196214,U,OB,1,1,82,128292,18,50:00.0,7,22:00,740
7751196279,U,OB,1,7,4500,134689,58,09:00.0,7,4:00,740
7751196333,U,OB,1,5,5777,137265,39,12:00.0,6,8:00,740
7751196910,U,OB,1,1,195,132149,58,47:00.0,7,13:00,740
7751197269,U,OB,1,2,593,128394,63,09:00.0,4,3:00,740
7751198827,U,OB,1,4,4229,137977,76,24:00.0,6,1:00,740
7751198863,U,OB,1,1,1187,131824,51,43:00.0,1,7:00,740
7751198964,U,OB,1,1,333,132149,58,34:00.0,7,13:00,740
7751199258,U,OB,1,2,1465,290938,17,20:00.0,5,14:00,740
7751199312,U,OB,1,3,1084,137806,60,09:00.0,7,11:00,740
7751199359,U,OB,1,1,1150,128272,60,17:00.0,4,4:00,740
7751199386,U,OB,1,1,675,128272,60,13:00.0,4,4:00,740
7751199413,U,OB,1,1,55,136551,58,24:00.0,5,11:00,740
7751199550,U,OB,1,2,298,291269,31,58:00.0,7,7:00,740
7751199579,U,OB,1,1,480,291269,31,53:00.0,7,8:00,740
7751199597,U,OB,1,3,887,136663,32,26:00.0,1,9:00,740
7751199624,U,OB,1,2,823,291269,31,31:00.0,7,7:00,740
7751199826,U,OB,1,2,1250,136551,58,06:00.0,5,12:00,740
7751200183,U,OB,1,1,100,127487,43,54:00.0,3,22:00,740
7751205858,U,OB,1,1,186,290938,17,26:00.0,5,13:00,740
7751206920,U,OB,1,4,2840,132325,48,03:00.0,5,8:00,740
7751207508,U,CTY,1,2,1229,132986,212,22:00.0,1,18:00,740
7751207636,U,OB,1,2,446,137977,76,58:00.0,6,0:00,740
7751207654,U,OB,1,1,245,131649,38,24:00.0,6,9:00,740
7751207663,U,IB,1,1,350,125852,163,52:00.0,1,11:00,740
7751207874,U,OB,1,4,4778,290157,53,14:00.0,7,14:00,740
7751207883,U,OB,1,1,130,134689,58,06:00.0,7,4:00,740
7751207892,U,OB,1,1,450,131078,74,09:00.0,5,11:00,740
7751207966,U,OB,1,2,900,125687,50,02:00.0,2,17:00,740
7751208269,U,OB,1,1,274,131078,74,14:00.0,5,11:00,740
7751208570,U,OB,1,1,500,136814,48,56:00.0,5,6:00,740
7751208635,U,IB,1,2,4200,125852,163,52:00.0,1,12:00,740
7751209149,U,OB,1,1,770,127439,32,27:00.0,2,3:00,740
7751209221,U,OB,1,1,64,134368,48,11:00.0,4,15:00,740
7751209589,U,OB,1,1,140,290157,53,49:00.0,7,12:00,740
7751209607,U,OB,1,1,338,127475,49,17:00.0,1,13:00,740
7751209652,U,OB,1,1,222,127475,49,44:00.0,1,13:00,740
7751209753,U,OB,1,1,228,126109,73,47:00.0,1,18:00,740
7751209762,U,OB,1,1,160,131824,51,02:00.0,1,7:00,740
7751209771,U,OB,1,1,194,135495,60,33:00.0,1,8:00,740
7751209890,U,OB,1,1,80,132325,48,38:00.0,5,8:00,740
775120990X,U,OB,1,1,224,130644,49,13:00.0,6,0:00,740
7751212467,U,OB,1,1,776,137265,39,49:00.0,6,6:00,740
7751213071,U,OB,1,3,1023,133813,50,11:00.0,4,2:00,740
7751213071,U,OB,1,3,1023,133813,22,51:00.0,4,10:00,740
7751213181,U,OB,1,1,1473,134221,76,27:00.0,7,6:00,740
7751215565,U,OB,1,1,2000,136551,58,51:00.0,5,12:00,740
775121562X,U,OB,1,2,2350,131824,51,10:00.0,1,8:00,740
775121683X,U,OB,1,2,1502,290333,48,14:00.0,6,4:00,740
7751216977,U,OB,1,2,2098,291269,31,18:00.0,7,8:00,740
775121705X,U,OB,1,2,1802,136663,32,35:00.0,1,9:00,740
7751217096,U,OB,1,2,1700,291269,31,20:00.0,7,8:00,740
7751217132,U,OB,1,2,1839,134366,76,51:00.0,4,2:00,740
7751217141,U,OB,1,3,1874,130761,63,24:00.0,5,11:00,740
7751217179,U,OB,1,1,1062,130761,63,42:00.0,5,10:00,740
7751217215,U,OB,1,1,180,129742,31,53:00.0,6,12:00,740
7751217224,U,OB,1,1,118,129742,31,48:00.0,6,12:00,740
7751217765,U,OB,1,1,399,132818,38,28:00.0,5,1:00,740
7751219929,U,OB,1,1,250,134699,58,09:00.0,6,3:00,740
7751219947,U,OB,1,1,89,134699,58,07:00.0,6,3:00,740
7751219983,U,OB,1,1,224,290333,48,43:00.0,6,2:00,740
7751227885,U,OB,1,1,115,138404,75,56:00.0,1,5:00,740
7751228040,U,OB,1,1,585,134221,76,26:00.0,7,4:00,740
7751228242,U,OB,1,2,4300,127933,60,57:00.0,7,10:00,740
7751230011,U,OB,1,1,576,134368,48,37:00.0,4,15:00,740
7751230819,U,OB,1,2,760,131078,74,39:00.0,5,11:00,740
7751230819,U,CTY,1,2,760,131078,212,21:00.0,6,2:00,740
7751234402,U,OB,1,1,820,130761,63,17:00.0,5,11:00,740
7751234467,U,OB,1,1,130,134121,48,26:00.0,2,6:00,740
7751237060,U,OB,1,1,1640,138474,43,08:00.0,1,7:00,740
7751237125,U,OB,1,1,671,136663,32,04:00.0,1,8:00,740
7751237143,U,OB,1,6,2400,138404,75,28:00.0,1,7:00,740
7751237161,U,OB,1,1,475,134366,76,20:00.0,4,1:00,740
7751238014,U,IB,1,4,5020,134392,131,34:00.0,2,6:00,740
7751239673,U,OB,1,1,60,136374,76,17:00.0,1,7:00,740
7751239691,U,OB,1,1,319,128364,26,55:00.0,7,12:00,740
7751240360,U,OB,1,11,138,138474,43,48:00.0,1,8:00,740
7751240452,U,OB,1,1,246,139984,58,44:00.0,1,7:00,740
7751240764,U,OB,1,1,1400,137977,76,52:00.0,6,0:00,740
7751240791,U,OB,1,2,1900,134368,48,52:00.0,4,13:00,740
7751242708,U,OB,1,4,175,127933,60,54:00.0,7,9:00,740
7751242753,U,OB,1,1,280,133989,31,55:00.0,7,6:00,740
7751243532,U,OB,1,1,700,131649,38,52:00.0,6,7:00,740
7751243799,U,OB,1,1,13,134689,58,48:00.0,7,3:00,740
7751243799,U,OB,1,1,13,134689,23,49:00.0,7,3:00,740
7751244376,U,OB,1,2,250,134121,48,17:00.0,2,8:00,740
7751244403,U,OB,1,2,1475,125591,18,20:00.0,1,7:00,740
7751244421,U,OB,1,1,456,133813,50,46:00.0,4,3:00,740
7751245512,U,OB,1,1,710,131649,38,47:00.0,6,9:00,740
7751247400,U,OB,1,1,322,290157,53,31:00.0,7,13:00,740
7751247474,U,OB,1,1,500,290333,48,36:00.0,6,2:00,740
7751247492,U,OB,1,1,613,291269,31,27:00.0,7,9:00,740
775124752X,U,OB,1,17,985,136814,48,09:00.0,5,10:00,740
7751249097,U,OB,1,3,2205,290938,17,36:00.0,5,15:00,740
7751249115,U,OB,1,1,410,133989,31,47:00.0,7,7:00,740
7751249133,U,OB,1,4,1930,136551,58,24:00.0,5,13:00,740
775124917X,U,OB,1,2,2246,138474,43,32:00.0,1,8:00,740
7751249216,U,OB,1,1,326,128292,18,03:00.0,7,22:00,740
7751249225,U,OB,1,1,43,128292,18,56:00.0,7,14:00,740
7751249344,U,OB,1,3,1458,132149,58,34:00.0,7,12:00,740
7751249555,U,OB,1,1,216,138474,43,28:00.0,1,8:00,740
7751249802,U,OB,1,1,181,127933,60,51:00.0,7,9:00,740
7751249858,U,OB,1,1,118,128292,18,47:00.0,7,21:00,740
7751249903,U,OB,1,1,117,128292,18,47:00.0,7,22:00,740
7751249912,U,CTY,1,1,100,261389,196,23:00.0,3,18:00,740
775124994X,U,OB,1,1,268,128292,18,41:00.0,7,14:00,740
7751287478,U,OB,1,1,320,132818,38,36:00.0,5,2:00,740
7751296974,U,OB,1,2,1080,132325,48,40:00.0,5,9:00,740
7751297762,U,OB,1,2,425,127933,60,28:00.0,7,15:00,740
7751298294,U,OB,1,1,44,136483,46,50:00.0,2,0:00,740
7751298523,U,OB,1,1,51,136112,48,20:00.0,4,8:00,740
7751298817,U,OB,1,2,200,132149,58,08:00.0,7,13:00,740
7751298835,U,OB,1,1,298,132149,58,38:00.0,7,13:00,740
775130054X,U,CTY,1,5,1694,138491,R4  ,32:00.0,1,23:00,740
775130054X,U,OB,1,5,1694,138491,50,29:00.0,5,6:00,740
7751300577,U,OB,1,1,174,138491,50,37:00.0,5,6:00,740
7751300640,U,OB,1,4,1168,136483,46,32:00.0,2,1:00,740
7751300714,U,OB,1,1,886,136483,45,13:00.0,2,15:00,740
7751300714,U,OB,1,1,886,136483,46,54:00.0,2,3:00,740
7751300842,U,OB,1,4,1040,137093,63,32:00.0,6,1:00,740
775130087X,U,OB,1,3,2398,137093,63,46:00.0,6,0:00,740
7751300898,U,OB,1,6,2928,137806,60,44:00.0,7,13:00,740
7751300898,U,CTY,1,6,2928,137806,O17 ,59:00.0,7,21:00,740
7751300952,U,OB,1,2,598,127475,49,08:00.0,1,14:00,740
7751301154,U,OB,1,1,376,134699,58,29:00.0,6,1:00,740
7751301255,U,OB,1,1,1,136551,58,58:00.0,5,12:00,740
7751301630,U,OB,1,1,1123,136042,32,48:00.0,7,11:00,740
775130164X,U,OB,1,10,4129,291094,26,08:00.0,7,11:00,740
7751301668,U,OB,1,2,1588,291269,31,46:00.0,7,9:00,740
7751301695,U,OB,1,1,841,131824,51,43:00.0,1,8:00,740
7751303940,U,OB,1,1,549,127439,32,42:00.0,2,2:00,740
7751309422,U,OB,1,1,652,138332,22,42:00.0,2,13:00,740
7751309469,U,OB,1,1,456,131824,51,28:00.0,1,6:00,740
7751311045,U,OB,1,1,330,136374,76,29:00.0,1,6:00,740
7751311090,U,OB,1,1,1220,136483,46,36:00.0,2,0:00,740
7751311155,U,OB,1,8,512,130644,49,59:00.0,5,22:00,740
7751315299,U,OB,1,2,113,133989,31,19:00.0,7,8:00,740
7751315317,U,OB,1,5,1290,137093,63,06:00.0,6,1:00,740
7751315537,U,OB,1,1,382,135495,60,59:00.0,1,6:00,740
7751315582,U,OB,1,1,475,128364,26,10:00.0,7,12:00,740
7751315656,U,OB,1,1,472,137265,39,39:00.0,6,5:00,740
7751316096,U,OB,1,4,10535,137806,60,36:00.0,7,11:00,740
7751316197,U,OB,1,2,1062,128292,18,42:00.0,7,21:00,740
7751316949,U,OB,1,1,901,134689,58,33:00.0,7,3:00,740
7751316958,U,OB,1,1,140,139984,58,05:00.0,1,7:00,740
7751316967,U,OB,1,2,543,139984,58,19:00.0,1,7:00,740
7751316976,U,OB,1,7,1571,139984,58,57:00.0,1,6:00,740
7751316994,U,OB,1,2,1265,134699,58,37:00.0,6,1:00,740
7751317059,U,OB,1,1,1348,128292,18,03:00.0,7,15:00,740
7751317077,U,OB,1,1,105,136112,48,30:00.0,4,7:00,740
7751341378,U,OB,1,1,43,136112,48,06:00.0,4,7:00,740
7751344274,U,OB,1,2,1711,290157,53,52:00.0,7,14:00,740
7751344310,U,OB,1,1,450,136551,58,09:00.0,5,11:00,740
7751344366,U,OB,1,1,375,291269,31,41:00.0,7,6:00,740
7751344476,U,OB,1,6,5353,131824,51,06:00.0,1,8:00,740
7751344476,U,OB,1,6,5353,131824,61,07:00.0,1,8:00,740
7751345062,U,OB,1,2,1390,125687,50,44:00.0,2,18:00,740
7751345237,U,OB,1,1,738,133989,31,41:00.0,7,6:00,740
7751349179,U,OB,1,1,1200,127933,60,10:00.0,7,11:00,740
7751349188,U,OB,1,1,192,127933,60,35:00.0,7,9:00,740
7751349637,U,OB,1,4,2000,133989,31,42:00.0,7,7:00,740
7751349673,U,OB,1,1,951,139464,31,17:00.0,6,15:00,740
7751349682,U,OB,1,1,104,134699,58,16:00.0,6,3:00,740
7751408523,U,CTY,1,6,5027,140322,176,50:00.0,7,4:00,833
7751415298,U,CTY,1,8,3680,131664,188,50:00.0,2,18:00,833
7751415307,U,CTY,1,1,324,131664,188,11:00.0,2,19:00,833
7751415774,U,CTY,1,2,717,124022,169,35:00.0,7,21:00,833
7751417992,U,CTY,1,1,145,133168,172,33:00.0,2,19:00,833
7751418699,U,CTY,1,1,314,133168,172,22:00.0,2,19:00,833
7751418699,U,IB,1,1,314,133168,137,26:00.0,2,19:00,833
7751418735,U,CTY,1,2,2030,133168,172,41:00.0,2,19:00,833
7751422612,U,CTY,1,2,705,133168,172,32:00.0,2,21:00,833
775142308X,U,IB,1,3,978,137516,163,54:00.0,6,0:00,833
7751423135,U,CTY,1,1,207,130882,175,31:00.0,2,8:00,833
775142319X,U,IB,1,3,1070,290868,143,24:00.0,3,21:00,833
7751423218,U,CTY,1,3,1165,TTMS750524,189,58:00.0,2,18:00,833
7751424051,U,CTY,1,2,1219,134501,174,42:00.0,5,18:00,833
7751427470,U,IB,1,3,1845,131617,158,37:00.0,4,9:00,833
7751427535,U,CTY,1,2,919,129734,175,33:00.0,4,19:00,833
7751427618,U,CTY,1,1,274,137462,188,20:00.0,6,16:00,833
7751432128,U,CTY,1,1,260,132935,174,20:00.0,2,22:00,833
7751436638,U,CTY,1,8,820,138146,169,06:00.0,2,13:00,833
7751437114,U,IB,1,1,3030,430868,115,44:00.0,4,20:00,833
7751437114,U,CTY,1,1,3030,430868,172,36:00.0,4,13:00,833
7751437188,U,CTY,1,2,1299,137876,237,42:00.0,3,21:00,833
7751437188,U,CTY,1,2,1299,137876,187,03:00.0,3,14:00,833
7751437352,U,CTY,1,1,155,137397,176,01:00.0,6,21:00,833
7751437810,U,CTY,1,2,1260,TTMS144654,194,48:00.0,2,12:00,833
7751438984,U,CTY,1,1,534,137462,188,28:00.0,6,16:00,833
7751438993,U,CTY,1,1,392,137462,188,46:00.0,6,15:00,833
7751445337,U,IB,1,4,1312,132655,164,41:00.0,5,7:00,833
775144728X,U,CTY,1,1,150,137640,195,12:00.0,1,16:00,833
7751447445,U,IB,1,1,246,TTMS910575,151,13:00.0,3,21:00,833
7751450754,U,CTY,1,2,389,135836,187,44:00.0,2,16:00,833
7751451313,U,IB,1,1,90,127688,123,09:00.0,5,10:00,833
7751452606,U,CTY,1,1,88,123790,169,52:00.0,2,3:00,833
7751556363,U,IB,1,2,377,133162,163,17:00.0,7,14:00,833
7751559021,U,CTY,1,1,607,128079,196,17:00.0,2,6:00,833
7751560002,U,IB,1,1,2190,123809,141,09:00.0,6,17:00,833
7751560543,U,CTY,1,1,520,129734,175,51:00.0,4,14:00,833
7751561607,U,CTY,1,1,420,135253,192,55:00.0,3,0:00,833
7751562110,U,CTY,1,1,928,530699,197,14:00.0,4,21:00,833
7751564384,U,CTY,1,1,55,132935,174,17:00.0,3,1:00,833
7751570663,U,CTY,1,1,553,TTMS144654,194,29:00.0,2,12:00,833
7751571058,U,IB,1,2,1075,TTMS910575,151,02:00.0,3,20:00,833
7751576558,U,IB,1,1,340,TTMS910575,151,57:00.0,3,19:00,833
7751591417,U,CTY,1,1,110,137876,187,57:00.0,3,12:00,833
7751596513,U,IB,1,3,1278,127688,123,26:00.0,5,13:00,833
7751598796,U,CTY,1,1,430,430868,172,15:00.0,4,14:00,833
7751599126,U,CTY,1,1,110,126510,169,13:00.0,3,3:00,833
7751603755,U,CTY,1,3,1050,132935,174,51:00.0,3,0:00,833
775165001X,U,IB,1,2,1050,125429,143,46:00.0,7,15:00,833
7751656454,U,IB,1,1,320,131183,143,44:00.0,5,16:00,851
7751660670,U,CTY,1,1,356,118561,168,46:00.0,7,4:00,851
7751660771,U,IB,1,1,130,118845,141,28:00.0,6,13:00,851
7751660955,U,CTY,1,5,1112,131917,194,37:00.0,1,9:00,851
7751660973,U,CTY,1,1,319,131026,174,36:00.0,7,6:00,851
7751661377,U,CTY,1,2,276,118561,168,32:00.0,7,3:00,851
7751661496,U,CTY,1,1,379,124297,197,54:00.0,2,9:00,851
7751661660,U,CTY,1,2,912,132120,175,28:00.0,5,2:00,851
7751661990,U,CTY,1,1,284,132671,189,22:00.0,6,2:00,851
7751662129,U,OB,1,2,750,126561,96,10:00.0,6,8:00,851
7751662201,U,IB,1,2,461,128053,112,38:00.0,2,18:00,851
7751662596,U,CTY,1,3,555,125291,197,19:00.0,2,11:00,851
7751662715,U,IB,1,1,407,131183,143,20:00.0,5,16:00,851
7751666482,U,CTY,1,4,784,124297,197,05:00.0,2,11:00,851
7751666500,U,CTY,1,1,89,131026,174,51:00.0,7,7:00,851
7751666574,U,CTY,1,1,546,131026,174,40:00.0,7,8:00,851
7751666648,U,IB,1,2,505,140274,163,15:00.0,3,10:00,851
7751666648,U,IB,1,2,505,140274,139,17:00.0,3,10:00,851
7751667014,U,IB,1,1,183,131183,143,36:00.0,5,16:00,851
7751667133,U,IB,1,1,235,118845,141,52:00.0,6,11:00,851
7751675154,U,IB,1,2,603,132139,141,32:00.0,1,1:00,851
775167707X,U,CTY,1,4,876,125843,169,20:00.0,5,3:00,851
7751677666,U,CTY,1,1,422,132671,189,01:00.0,6,3:00,851
7751677675,U,CTY,1,1,444,132671,189,10:00.0,6,0:00,851
7751677675,U,CTY,1,1,444,132671,231,11:00.0,6,0:00,851
7751678775,U,OB,1,1,905,137360,86,20:00.0,2,1:00,851
7751685696,U,CTY,1,1,496,125291,197,12:00.0,2,12:00,851
7751687887,U,CTY,1,1,465,134642,176,55:00.0,6,17:00,851
7751688208,U,IB,1,1,323,134479,152,42:00.0,1,12:00,851
7751688280,U,CTY,1,2,624,125843,169,30:00.0,5,1:00,851
7751688318,U,IB,1,1,311,134314,141,24:00.0,6,15:00,851
7751697841,U,CTY,1,3,500,132671,189,46:00.0,6,0:00,851
7751700225,U,CTY,1,1,581,132671,189,48:00.0,6,0:00,851
775170380X,U,IB,1,1,114,132139,141,18:00.0,1,0:00,851
7751704194,U,OB,1,2,1151,126561,96,51:00.0,6,7:00,851
7751704286,U,OB,1,1,283,126561,96,58:00.0,6,7:00,851
7751704753,U,CTY,1,2,337,125035,188,59:00.0,7,16:00,851
7751704964,U,CTY,1,3,1455,132120,175,20:00.0,5,4:00,851
7751704982,U,CTY,1,1,301,132120,175,47:00.0,5,3:00,851
7751755757,U,OB,1,2,400,137360,86,50:00.0,2,0:00,851
7751755912,U,CTY,1,1,146,125994,196,54:00.0,5,14:00,851
7751760514,U,CTY,1,1,244,131026,174,21:00.0,7,7:00,851
7751761100,U,CTY,1,1,50,125291,197,46:00.0,2,10:00,851
7751764869,U,CTY,1,4,2444,137723,176,43:00.0,2,8:00,851
7751765024,U,IB,1,6,685,136567,117,33:00.0,4,16:00,845
7751766151,U,CTY,1,1,336,125291,197,25:00.0,2,12:00,851
7751766234,U,OB,1,7,2261,134394,52,22:00.0,3,18:00,851
7751768389,U,CTY,1,4,1327,125828,195,15:00.0,7,7:00,851
7751770524,U,CTY,1,1,68,132671,189,33:00.0,6,2:00,851
7751770872,U,CTY,1,1,140,132671,189,52:00.0,6,2:00,851
7751770937,U,CTY,1,1,51,132671,189,07:00.0,6,2:00,851
7751771330,U,OB,1,2,128,132358,49,54:00.0,4,19:00,851
7751771386,U,CTY,1,1,164,132120,175,12:00.0,5,3:00,851
775177178X,U,CTY,1,1,260,125035,188,30:00.0,7,17:00,851
7751772019,U,CTY,1,3,567,127762,195,48:00.0,3,11:00,851
7751772046,U,CTY,1,1,68,140274,234,43:00.0,3,6:00,851
7751772046,U,IB,1,1,68,140274,163,41:00.0,3,6:00,851
7751772046,U,CTY,1,1,68,140274,228,45:00.0,3,6:00,851
775177211X,U,OB,1,1,42,126561,96,42:00.0,6,6:00,851
7751772129,U,OB,1,1,140,140179,49,25:00.0,4,10:00,851
7751772367,U,IB,1,4,1674,140274,163,18:00.0,3,9:00,851
7751772742,U,IB,1,1,67,132139,141,25:00.0,1,1:00,851
775177277X,U,OB,1,2,570,126561,96,18:00.0,6,7:00,851
7751772843,U,CTY,1,1,235,291263,196,03:00.0,6,7:00,851
7751772926,U,CTY,1,7,1760,291263,196,47:00.0,6,6:00,851
7751776089,U,IB,1,10,3350,118845,141,28:00.0,6,12:00,851
7751776372,U,CTY,1,4,1155,131026,174,00:00.0,7,8:00,851
7751778581,U,OB,1,1,258,137360,86,44:00.0,1,22:00,851
7751779178,U,OB,1,1,68,134394,52,43:00.0,3,19:00,851
7751779241,U,OB,1,1,255,139545,67,40:00.0,2,17:00,851
7751779389,U,IB,1,1,112,125619,158,07:00.0,7,19:00,851
7751783789,U,CTY,1,2,1635,132671,189,08:00.0,6,0:00,851
7751783816,U,CTY,1,2,1265,132671,189,02:00.0,6,0:00,851
7751785567,U,CTY,1,1,225,134642,176,19:00.0,6,19:00,851
7751786126,U,IB,1,6,2511,132139,141,11:00.0,1,1:00,851
7751786337,U,CTY,1,1,47,125828,195,48:00.0,7,6:00,851
7751786382,U,CTY,1,3,800,125035,188,25:00.0,7,17:00,851
7751786391,U,IB,1,10,4185,128053,112,12:00.0,2,20:00,851
7751786676,U,OB,1,1,100,133016,39,50:00.0,3,2:00,851
775178674X,U,CTY,1,1,350,132120,175,18:00.0,5,3:00,851
7751791305,U,CTY,1,1,191,127762,195,30:00.0,3,12:00,851
7751791388,U,CTY,1,1,18,127762,195,18:00.0,3,12:00,851
7751797382,U,IB,1,1,83,128702,127,11:00.0,5,17:00,851
7751799308,U,CTY,1,5,1545,131917,212,03:00.0,2,12:00,851
7751807383,U,IB,1,3,543,128053,112,36:00.0,2,18:00,851
7751807466,U,OB,1,4,1623,126561,96,30:00.0,6,6:00,851
7751820428,U,IB,1,1,955,131183,143,32:00.0,5,16:00,851
7751828265,U,CTY,1,1,78,131917,194,58:00.0,1,8:00,851
7751828485,U,CTY,1,1,120,291263,196,26:00.0,6,6:00,851
7751831574,U,CTY,1,1,883,132671,189,09:00.0,6,3:00,851
7751831702,U,CTY,1,2,1070,132120,175,38:00.0,5,3:00,851
775183492X,U,CTY,1,2,611,132671,189,04:00.0,6,3:00,851
7751834975,U,CTY,1,2,240,132120,175,44:00.0,5,3:00,851
7751834993,U,CTY,1,1,248,132120,175,22:00.0,5,3:00,851
7751836872,U,CTY,1,2,515,125291,197,13:00.0,2,13:00,851
7751837909,U,OB,1,1,380,291220,63,23:00.0,2,18:00,851
7751838037,U,CTY,1,8,2000,127502,174,49:00.0,3,6:00,851
775183811X,U,CTY,1,2,390,125994,196,51:00.0,5,15:00,851
7751838138,U,CTY,1,1,335,125994,196,02:00.0,5,16:00,851
7751838248,U,IB,1,1,67,118845,141,58:00.0,6,9:00,851
7751838320,U,CTY,1,2,750,124297,197,22:00.0,2,10:00,851
7751838358,U,CTY,1,2,660,124297,197,00:00.0,2,11:00,851
7751838394,U,CTY,1,1,215,124297,197,51:00.0,2,9:00,851
7751838495,U,OB,1,1,570,291220,63,58:00.0,2,18:00,851
7751838899,U,CTY,1,1,255,125994,196,56:00.0,5,14:00,851
7751838899,U,CTY,1,1,255,125994,186,02:00.0,5,15:00,851
7751838926,U,CTY,1,1,125,125994,196,17:00.0,5,16:00,851
7751851549,U,IB,1,2,620,131183,143,28:00.0,5,16:00,851
7751852319,U,CTY,1,6,1644,137723,176,27:00.0,2,8:00,851
7751852483,U,IB,1,2,426,140274,163,32:00.0,3,8:00,851
7751871540,U,CTY,1,5,1165,CVEN46008,173,48:00.0,7,8:00,135
7751871679,U,OB,1,4,765,CVEN44129,95,32:00.0,7,4:00,135
7751871935,U,CTY,1,2,328,261005,197,21:00.0,5,11:00,135
7751871944,U,CTY,1,3,633,261005,197,08:00.0,5,13:00,135
7751872018,U,CTY,1,2,368,CVEN44868,187,28:00.0,7,19:00,135
7751872146,U,OB,1,1,319,CVEN44635,95,19:00.0,4,21:00,135
7751872182,U,IB,1,2,213,CVEN44615,113,12:00.0,6,13:00,135
7751881615,U,IB,1,1,235,CVEN44615,113,44:00.0,6,11:00,135
7751885492,U,CTY,1,9,6890,CVEN44152,169,09:00.0,2,1:00,135
7751887802,U,IB,1,2,430,CVEN43549,133,40:00.0,4,22:00,135
7751888215,U,OB,1,3,1512,290361,86,59:00.0,3,9:00,135
7751898097,U,IB,1,1,1413,CVEN45559,151,55:00.0,6,5:00,135
7751903404,U,IB,1,3,3132,CVEN46003,105,28:00.0,6,2:00,135
7751903734,U,IB,1,1,660,CVEN45559,151,42:00.0,6,1:00,135
7751930051,U,OB,1,2,2375,CVEN44635,95,19:00.0,4,22:00,135
775193007X,U,OB,1,2,2330,CVEN44635,95,22:00.0,4,22:00,135
7751980083,U,CTY,1,19,380,431077,173,52:00.0,7,18:00,431
7751980101,U,CTY,1,91,2490,133640,193,11:00.0,2,21:00,431
7751980101,U,CTY,1,91,2490,133640,189,10:00.0,2,21:00,431
7751980110,U,CTY,1,153,4375,133640,189,10:00.0,2,21:00,431
7751980110,U,CTY,1,153,4375,133640,193,11:00.0,2,21:00,431
7751980249,U,OB,1,20,465,HAEI26237,67,08:00.0,5,20:00,431
7751993137,U,IB,1,1,345,202422,149,02:00.0,7,15:00,431
7751993164,U,IB,1,1,1088,202422,149,55:00.0,7,14:00,431
7751993925,U,CTY,1,1,285,530503,187,51:00.0,7,5:00,431
7752005071,U,IB,1,2,205,135983,116,04:00.0,7,0:00,431
7752007556,U,IB,1,1,80,277372,164,44:00.0,4,0:00,431
7752013514,U,IB,1,1,593,135983,116,19:00.0,6,20:00,431
7752013523,U,IB,1,2,930,135983,116,22:00.0,7,0:00,431
7752013532,U,CTY,1,1,390,132080,172,01:00.0,6,23:00,431
7752016924,U,OB,1,7,2037,138522,89,50:00.0,1,2:00,431
7752018592,U,CTY,1,4,6225,HAEI25964,231,23:00.0,6,17:00,431
7752018592,U,CTY,1,4,6225,HAEI25964,169,25:00.0,5,16:00,431
7752018675,U,OB,1,1,1525,251501,90,35:00.0,1,7:00,431
775202478X,U,OB,1,1,381,127135,78,20:00.0,4,15:00,431
7752024808,U,CTY,1,5,4545,530503,187,58:00.0,7,5:00,431
775202533X,U,CTY,1,2,1257,558695,169,05:00.0,7,8:00,431
7752025349,U,CTY,1,2,1060,127922,197,29:00.0,7,10:00,431
7752025376,U,CTY,1,2,1650,135846,192,30:00.0,3,15:00,431
7752025394,U,CTY,1,4,3197,HAEI25964,169,09:00.0,5,19:00,431
7752025430,U,CTY,1,2,1005,128365,194,20:00.0,4,19:00,431
7752025477,U,CTY,1,2,1758,HAEI23255,175,37:00.0,7,21:00,431
7752025486,U,CTY,1,3,2351,134387,193,03:00.0,3,20:00,431
7752025486,U,IB,1,3,2351,134387,111,55:00.0,3,19:00,431
7752026485,U,IB,1,1,1145,131617,158,28:00.0,4,10:00,431
7752032508,U,CTY,1,1,79,261383,187,35:00.0,6,21:00,431
775203567X,U,CTY,1,1,620,431077,173,17:00.0,7,19:00,431
7752035734,U,CTY,1,1,1032,431077,173,12:00.0,1,0:00,431
7752035963,U,CTY,1,1,1392,135728,174,21:00.0,1,15:00,431
7752035963,U,IB,1,1,1392,135728,147,23:00.0,1,15:00,431
7752036138,U,CTY,1,1,1094,135728,174,24:00.0,1,15:00,431
7752036156,U,CTY,1,1,1351,135728,174,26:00.0,1,15:00,431
7752036302,U,IB,1,1,490,134733,111,55:00.0,6,10:00,431
7752036376,U,IB,1,1,246,HAEI26012,158,27:00.0,6,17:00,431
7752036899,U,IB,1,2,1241,123393,145,43:00.0,1,1:00,431
7752036899,U,IB,1,2,1241,123393,137,35:00.0,1,12:00,431
7752036962,U,OB,1,1,253,45573,78,56:00.0,4,0:00,431
7752039061,U,CTY,1,1,858,HAEI23255,175,49:00.0,7,21:00,431
7752039658,U,IB,1,1,86,127614,145,40:00.0,7,16:00,431
7752041344,U,CTY,1,1,609,137867,197,47:00.0,4,17:00,431
7752042920,U,CTY,1,3,2545,125621,197,44:00.0,3,19:00,431
7752043324,U,OB,1,1,65,202709,78,25:00.0,4,10:00,431
7752043351,U,OB,1,1,52,202709,78,43:00.0,4,10:00,431
7752043398,U,OB,1,7,1958,125153,86,45:00.0,4,15:00,431
7752043398,U,OB,1,7,1958,125153,44,39:00.0,6,11:00,431
7752043398,U,IB,1,7,1958,125153,104,34:00.0,6,11:00,431
7752043407,U,IB,1,6,12300,HAEI26012,158,38:00.0,6,19:00,431
7752046092,U,OB,1,3,1270,138522,89,55:00.0,7,20:00,431
7752047019,U,OB,1,2,1133,45573,78,12:00.0,4,3:00,431
7752047064,U,IB,1,1,27,277372,164,38:00.0,4,0:00,431
7752047129,U,CTY,1,1,315,558695,169,40:00.0,7,7:00,431
7752047192,U,CTY,1,1,300,133185,174,05:00.0,7,15:00,431
7752047513,U,IB,1,1,230,HAEI24669,151,39:00.0,4,20:00,431
7752051684,U,CTY,1,1,221,130521,168,37:00.0,5,12:00,431
7752051702,U,IB,1,2,1263,560306,145,32:00.0,6,14:00,431
7752055525,U,IB,1,2,1293,HAEI27016,116,56:00.0,4,15:00,431
7752055570,U,CTY,1,2,890,125345,169,12:00.0,3,19:00,431
7752055599,U,IB,1,1,1075,HAEI24669,151,03:00.0,5,0:00,431
7752058266,U,CTY,1,8,3815,HAEI23255,175,21:00.0,7,22:00,431
7752059009,U,CTY,1,1,76,131617,169,15:00.0,1,21:00,431
7752059027,U,CTY,1,1,145,131617,169,12:00.0,1,21:00,431
7752059054,U,CTY,1,1,558,131617,169,05:00.0,1,22:00,431
7752059090,U,OB,1,1,21,HAEI23421,75,21:00.0,4,20:00,431
7752059119,U,CTY,1,1,187,137867,197,34:00.0,4,17:00,431
7752059238,U,CTY,1,2,621,261251,168,22:00.0,6,1:00,431
7752059256,U,CTY,1,1,230,261251,168,34:00.0,6,0:00,431
7752072007,U,OB,1,1,180,128717,51,38:00.0,6,11:00,431
775207241X,U,IB,1,3,1625,134387,111,31:00.0,3,21:00,431
775207241X,U,CTY,1,3,1625,134387,193,14:00.0,3,22:00,431
7752072786,U,CTY,1,3,1290,127922,197,07:00.0,7,8:00,431
7752074005,U,OB,1,1,127,249140,46,17:00.0,4,9:00,431
775208209X,U,OB,1,2,1165,45573,78,04:00.0,4,3:00,431
7752082136,U,IB,1,1,556,202422,149,23:00.0,7,16:00,431
7752087939,U,CTY,1,3,1250,124330,175,28:00.0,6,16:00,431
7752098086,U,IB,1,1,162,202422,149,17:00.0,7,15:00,431
7752098196,U,CTY,1,7,3485,290977,194,19:00.0,6,0:00,431
775209936X,U,IB,1,8,13665,136847,131,11:00.0,3,22:00,431
7752101386,U,IB,1,1,574,HAEI23552,151,44:00.0,6,18:00,431
775210552X,U,IB,1,1,151,139567,116,43:00.0,1,7:00,431
7752108417,U,CTY,1,2,4160,291132,174,32:00.0,3,0:00,431
7752108884,U,CTY,1,1,806,135728,174,39:00.0,1,15:00,431
7752110287,U,IB,1,1,240,134387,111,45:00.0,3,23:00,431
7752110671,U,CTY,1,1,191,119931,175,53:00.0,2,19:00,431
7752112532,U,CTY,1,1,477,133126,175,47:00.0,7,18:00,431
7752120196,U,OB,1,1,112,121405,48,08:00.0,7,12:00,431
775212334X,U,CTY,1,2,470,122891,233,30:00.0,3,2:00,431
775212334X,U,CTY,1,2,470,122891,233,30:00.0,3,2:00,431
775212334X,U,CTY,1,2,470,122891,231,06:00.0,6,1:00,431
7752123615,U,IB,1,5,3613,HAEI27016,116,16:00.0,4,21:00,431
7752123624,U,IB,1,3,805,HAEI27016,116,17:00.0,4,21:00,431
775212367X,U,OB,1,9,4455,HAEI27814,73,05:00.0,5,22:00,431
7752123689,U,OB,1,1,350,HAEI27814,73,32:00.0,5,19:00,431
7752123707,U,OB,1,4,2780,132944,26,23:00.0,1,5:00,431
7752123808,U,IB,1,3,387,277372,164,15:00.0,4,1:00,431
7752123817,U,IB,1,2,620,130658,115,39:00.0,3,20:00,431
7752123817,U,IB,1,2,620,130658,152,49:00.0,3,9:00,431
7752124697,U,OB,1,2,1860,251501,90,17:00.0,1,7:00,431
7752127070,U,CTY,1,12,200,139509,196,05:00.0,4,13:00,431
7752127988,U,IB,1,4,1099,HAEI23307,131,42:00.0,6,22:00,431
7752132231,U,OB,1,4,775,138522,89,18:00.0,1,2:00,431
775213280X,U,OB,1,1,153,45573,78,50:00.0,4,0:00,431
7752133432,U,IB,1,1,85,127444,164,22:00.0,4,21:00,431
7752137704,U,IB,1,1,464,126165,149,38:00.0,6,6:00,431
7752137740,U,CTY,1,1,171,261251,168,42:00.0,5,22:00,431
7752141893,U,CTY,1,4,1945,137216,196,18:00.0,2,1:00,431
7752143819,U,CTY,1,13,2035,125621,197,25:00.0,3,20:00,431
7752147081,U,CTY,1,1,320,133126,175,37:00.0,7,17:00,431
7752147568,U,OB,1,1,305,HAEI27814,73,08:00.0,5,22:00,431
7752147943,U,IB,1,1,818,134387,111,02:00.0,3,22:00,431
7752150931,U,OB,1,1,245,HAEI26361,86,13:00.0,7,20:00,431
7752151151,U,CTY,1,1,330,125345,169,01:00.0,3,20:00,431
7752153993,U,IB,1,2,1630,134703,113,06:00.0,4,19:00,431
7752155010,U,OB,1,1,283,131933,90,07:00.0,6,3:00,431
7752155479,U,CTY,1,1,372,134433,169,46:00.0,2,20:00,431
7752157147,U,IB,1,5,3670,HAEI23005,117,42:00.0,7,12:00,431
7752169898,U,CTY,1,4,2115,125621,197,14:00.0,3,20:00,431
7752170338,U,OB,1,1,451,45573,78,47:00.0,4,2:00,431
7752170493,U,IB,1,1,720,136322,164,28:00.0,4,9:00,431
7752174069,U,OB,1,3,1707,131933,90,25:00.0,6,3:00,431
7752174096,U,CTY,1,4,3533,HAEI25964,179,26:00.0,5,19:00,431
7752174096,U,CTY,1,4,3533,HAEI25964,179,26:00.0,5,19:00,431
7752174114,U,CTY,1,1,799,125621,197,27:00.0,3,20:00,431
7752174141,U,CTY,1,3,1825,132261,197,27:00.0,6,23:00,431
7752174150,U,CTY,1,4,2527,290977,194,41:00.0,6,4:00,431
7752174408,U,IB,1,6,3826,45495,111,57:00.0,4,17:00,431
7752174444,U,IB,1,4,2348,530859,111,59:00.0,7,17:00,431
7752185765,U,OB,1,1,786,HAEI26237,67,01:00.0,5,19:00,431
7752187011,U,IB,1,2,780,136847,131,35:00.0,3,18:00,431
7752187103,U,CTY,1,3,3655,560380,169,39:00.0,6,23:00,431
775218736X,U,IB,1,2,680,132147,129,02:00.0,4,15:00,431
7752187460,U,OB,1,1,127,HAEI27814,73,23:00.0,5,22:00,431
7752188295,U,CTY,1,3,998,45495,193,24:00.0,5,1:00,431
7752195591,U,IB,1,1,1200,HAEI23005,117,36:00.0,7,4:00,431
7752195701,U,IB,1,2,2776,134387,111,04:00.0,3,19:00,431
7752195921,U,IB,1,2,1792,134387,111,55:00.0,3,18:00,431
7752196215,U,IB,1,1,285,134387,111,41:00.0,3,18:00,431
7752196453,U,OB,1,1,1242,134755,66,11:00.0,6,4:00,431
7752196471,U,OB,1,1,1375,HAEI26237,67,34:00.0,6,0:00,431
7752196628,U,OB,1,1,371,HAEI26237,67,37:00.0,5,15:00,431
7752196747,U,OB,1,1,921,128717,51,33:00.0,6,14:00,431
7752196875,U,OB,1,1,64,HAEI26361,86,59:00.0,7,19:00,431
7752220516,U,OB,1,1,225,132944,26,16:00.0,1,5:00,431
775222091X,U,OB,1,1,1210,HAEI26361,86,49:00.0,7,20:00,431
7752230389,U,CTY,1,1,250,126551,210,30:00.0,4,11:00,431
7752231599,U,CTY,1,2,1015,431077,173,00:00.0,1,0:00,431
7752231644,U,OB,1,3,1767,123734,46,29:00.0,5,11:00,431
7752231662,U,OB,1,4,2298,132985,51,28:00.0,1,8:00,431
7752231680,U,OB,1,3,1475,127135,78,57:00.0,4,17:00,431
7752231790,U,IB,1,3,2070,131617,158,02:00.0,4,13:00,431
7752231828,U,IB,1,3,2101,126870,143,42:00.0,5,21:00,431
7752231864,U,IB,1,3,2084,HAEI23307,131,02:00.0,6,23:00,431
7752232075,U,IB,1,7,1945,134188,105,52:00.0,6,18:00,431
7752235366,U,CTY,1,1,904,HAEI24595,173,49:00.0,7,16:00,431
7752235586,U,CTY,1,4,1140,133185,174,14:00.0,7,16:00,431
7752240260,U,IB,1,5,810,135983,116,30:00.0,7,1:00,431
7752244038,U,CTY,1,1,238,125621,197,21:00.0,3,20:00,431
7752244056,U,CTY,1,1,485,125621,197,30:00.0,3,20:00,431
7752244770,U,IB,1,2,1655,HAEI23552,151,03:00.0,6,17:00,431
7752245129,U,CTY,1,1,318,137255,189,59:00.0,4,15:00,431
7752249996,U,IB,1,1,202,130585,125,37:00.0,2,2:00,431
7752250005,U,CTY,1,2,835,137867,197,14:00.0,4,21:00,431
7752250151,U,CTY,1,2,1080,HAEI28100,172,54:00.0,5,18:00,431
7752250160,U,OB,1,1,310,45573,78,46:00.0,4,1:00,431
7752250380,U,CTY,1,1,286,431077,173,23:00.0,7,22:00,431
775225050X,U,CTY,1,1,296,134433,169,39:00.0,3,1:00,431
7752274140,U,IB,1,1,581,HAEI23307,131,02:00.0,6,19:00,431
7752275305,U,CTY,1,1,266,125345,169,19:00.0,3,20:00,431
7752275442,U,IB,1,1,458,123280,141,00:00.0,4,5:00,431
7752275460,U,OB,1,1,202,HAEI26237,67,32:00.0,5,22:00,431
7752275507,U,OB,1,1,377,HAEI26237,67,30:00.0,6,0:00,431
7752289403,U,IB,1,12,1900,131617,158,48:00.0,4,12:00,431
7752298735,U,IB,1,3,1295,202328,164,28:00.0,2,14:00,431
7752321211,U,CTY,1,5,1759,249065,196,09:00.0,6,15:00,431
7752321258,U,CTY,1,5,1759,133185,174,27:00.0,7,18:00,431
7752322129,U,IB,1,1,153,138066,114,13:00.0,1,2:00,431
7752325667,U,CTY,1,1,285,125621,197,32:00.0,3,20:00,431
7752325887,U,CTY,1,1,485,HAEI25458,188,14:00.0,4,18:00,431
7752325887,U,CTY,1,1,485,HAEI25458,221,42:00.0,4,20:00,431
7752325923,U,OB,1,4,810,251501,90,48:00.0,1,7:00,431
7752325988,U,CTY,1,4,720,HAEI24595,173,24:00.0,7,12:00,431
775232607X,U,OB,1,5,1175,HAEI27814,73,25:00.0,5,21:00,431
7752326446,U,CTY,1,1,384,125345,169,21:00.0,3,20:00,431
7752326574,U,CTY,1,5,1281,560380,169,10:00.0,7,0:00,431
7752326583,U,CTY,1,5,1535,560380,169,02:00.0,7,0:00,431
775232662X,U,CTY,1,5,1441,132261,197,10:00.0,6,22:00,431
7752326758,U,CTY,1,1,375,125345,169,06:00.0,3,19:00,431
7752326830,U,CTY,1,1,440,131908,205,30:00.0,6,13:00,431
7752329122,U,IB,1,1,257,130658,152,55:00.0,3,11:00,431
7752329131,U,IB,1,1,415,130658,152,10:00.0,3,11:00,431
775232937X,U,CTY,1,1,156,135846,192,33:00.0,3,15:00,431
7752329517,U,IB,1,5,780,130658,152,59:00.0,3,8:00,431
7752341049,U,OB,1,2,1276,132944,80,36:00.0,1,6:00,431
7752341049,U,OB,1,2,1276,132944,26,00:00.0,1,5:00,431
7752341067,U,CTY,1,1,445,132032,192,08:00.0,1,11:00,431
7752341397,U,OB,1,1,1005,HAEI26237,67,13:00.0,5,20:00,431
7752341415,U,OB,1,1,530,HAEI26237,67,26:00.0,5,19:00,431
7752341516,U,OB,1,2,2016,134755,66,53:00.0,6,2:00,431
7752341617,U,IB,1,12,6458,530859,125,38:00.0,7,16:00,431
7752343386,U,CTY,1,7,5620,128365,214,03:00.0,5,13:00,431
7752343386,U,CTY,1,7,5620,128365,212,28:00.0,5,22:00,431
7752345595,U,IB,1,1,245,131617,158,57:00.0,4,11:00,431
7752345613,U,IB,1,1,385,131617,158,18:00.0,4,11:00,431
7752345797,U,CTY,1,16,6525,HAEI23552,216,59:00.0,7,8:00,431
7752345851,U,CTY,1,3,978,139734,187,49:00.0,1,19:00,431
7752345889,U,CTY,1,2,1505,128365,194,20:00.0,4,21:00,431
7752345943,U,CTY,1,2,1600,560380,169,47:00.0,6,18:00,431
7752346008,U,CTY,1,1,1245,HAEI23255,175,59:00.0,7,18:00,431
7752350839,U,OB,1,5,2844,45573,78,32:00.0,4,2:00,431
7752350857,U,IB,1,2,785,131223,163,43:00.0,4,16:00,431
7752355522,U,CTY,1,5,1081,133185,174,53:00.0,7,17:00,431
7752355578,U,CTY,1,1,350,140023,173,04:00.0,4,16:00,431
7752355641,U,CTY,1,4,775,135846,192,19:00.0,3,18:00,431
7752355953,U,IB,1,5,1050,138066,114,01:00.0,1,6:00,431
7752380941,U,OB,1,2,685,559536,26,11:00.0,7,2:00,422
7752380950,U,OB,1,2,1415,559536,26,24:00.0,7,2:00,422
775238096X,U,OB,1,1,145,559536,26,16:00.0,7,2:00,422
7752380988,U,OB,1,2,670,559536,26,19:00.0,7,2:00,422
7752381006,U,OB,1,2,990,821190,46,25:00.0,2,21:00,422
7752381015,U,OB,1,1,800,821190,46,21:00.0,2,21:00,422
7752381024,U,OB,1,1,785,842872,69,16:00.0,3,21:00,422
7752381033,U,OB,1,1,1535,842872,69,33:00.0,3,21:00,422
7752381042,U,IB,1,2,2215,842872,111,07:00.0,4,0:00,422
775238107X,U,OB,1,1,426,821190,66,58:00.0,4,20:00,422
7752381089,U,OB,1,2,878,821190,66,08:00.0,4,21:00,422
7752381098,U,OB,1,1,1285,821190,66,03:00.0,4,21:00,422
7752381098,U,IB,1,1,1285,821190,153,32:00.0,5,16:00,422
7752381107,U,OB,1,1,397,821190,32,50:00.0,6,22:00,422
7752385168,U,CTY,1,2,847,135481,237,35:00.0,3,0:00,251
7752385341,U,CTY,1,2,1937,121940,233,02:00.0,1,13:00,251
7752385350,U,CTY,1,1,1327,121940,238,41:00.0,3,22:00,251
7752385388,U,IB,1,1,1570,135145,135,54:00.0,1,4:00,251
775238547X,U,IB,1,2,325,135145,135,29:00.0,1,3:00,251
7752497202,U,CTY,1,1,521,122639,168,51:00.0,2,0:00,184
7752512768,U,OB,1,1,1072,123067,47,19:00.0,6,17:00,184
7752512768,U,OB,1,1,1072,123067,47,19:00.0,6,17:00,184
7752518185,U,OB,1,1,730,135469,88,47:00.0,1,11:00,184
775251824X,U,OB,1,1,2304,127846,88,58:00.0,3,2:00,184
7752520733,U,CTY,1,3,1760,560027,214,55:00.0,4,12:00,184
7752520733,U,IB,1,3,1760,560027,103,01:00.0,1,20:00,184
7752520852,U,CTY,1,1,307,132136,233,20:00.0,2,1:00,184
7752520852,U,IB,1,1,307,132136,113,19:00.0,2,1:00,184
7752529771,U,OB,1,1,90,135355,69,05:00.0,1,3:00,432
7752529836,U,OB,1,1,247,135355,69,47:00.0,1,2:00,432
7752529890,U,OB,1,2,1275,280980,28,46:00.0,3,16:00,432
7752529890,U,OB,1,2,1275,280980,63,38:00.0,3,10:00,432
775252990X,U,CTY,1,2,309,261046,E20 ,32:00.0,3,10:00,432
7752529919,U,OB,1,2,220,137413,66,14:00.0,3,12:00,432
7752529928,U,OB,1,1,113,137413,66,49:00.0,3,12:00,432
7752529937,U,OB,1,3,2170,137413,66,55:00.0,3,12:00,432
7752529946,U,OB,1,2,610,280980,63,51:00.0,3,10:00,432
7752529964,U,OB,1,1,295,280980,63,41:00.0,3,10:00,432
7752529973,U,OB,1,1,142,137413,66,17:00.0,3,14:00,432
7752529991,U,OB,1,1,446,261046,58,17:00.0,3,13:00,432
7752530000,U,OB,1,2,110,137413,66,43:00.0,3,12:00,432
775253001X,U,OB,1,1,336,261046,58,21:00.0,3,13:00,432
7752530038,U,OB,1,1,321,290890,67,13:00.0,4,9:00,432
7752530056,U,OB,1,1,86,290890,67,13:00.0,4,9:00,432
7752530065,U,OB,1,4,1415,291044,11,14:00.0,4,4:00,432
7752530074,U,OB,1,1,127,291044,11,07:00.0,4,8:00,432
7752530083,U,OB,1,4,2275,291044,11,42:00.0,4,4:00,432
7752530092,U,OB,1,3,359,291044,11,09:00.0,4,8:00,432
7752530101,U,IB,1,1,60,290209,111,17:00.0,4,10:00,432
7752530110,U,OB,1,2,1176,135260,32,43:00.0,5,22:00,432
775253012X,U,OB,1,1,117,128237,69,01:00.0,5,22:00,432
7752530157,U,OB,1,4,2086,128237,69,03:00.0,5,22:00,432
7752530211,U,OB,1,1,85,135260,32,49:00.0,5,22:00,432
7752530267,U,OB,1,1,160,134183,67,58:00.0,1,6:00,432
7752530276,U,OB,1,1,176,134183,67,57:00.0,1,7:00,432
7752530303,U,OB,1,2,1258,132130,39,02:00.0,6,7:00,432
7752530303,U,OB,1,2,1258,132130,57,52:00.0,6,12:00,432
7752530321,U,IB,1,2,8150,127706,123,05:00.0,1,8:00,432
7752530330,U,OB,1,4,3165,139518,31,10:00.0,7,13:00,432
7752530359,U,OB,1,1,333,139518,31,48:00.0,7,12:00,432
7752530368,U,OB,1,1,123,261371,76,06:00.0,7,11:00,432
7752530386,U,OB,1,2,381,249065,48,30:00.0,3,4:00,432
7752530395,U,OB,1,2,147,249065,48,33:00.0,3,4:00,432
7752530422,U,OB,1,1,174,138318,40,52:00.0,4,12:00,432
7752530469,U,OB,1,1,375,138318,40,27:00.0,4,14:00,432
7752530478,U,OB,1,1,133,138318,40,38:00.0,4,14:00,432
7752530487,U,OB,1,1,1154,430228,63,18:00.0,4,9:00,432
7752530505,U,OB,1,1,276,138318,40,20:00.0,4,13:00,432
7752530523,U,OB,1,1,158,430228,63,33:00.0,4,9:00,432
7752530523,U,OB,1,1,158,430228,62,03:00.0,4,13:00,432
7752530532,U,OB,1,1,312,138318,40,24:00.0,4,14:00,432
775253056X,U,IB,1,2,454,138475,103,53:00.0,5,21:00,432
7752530579,U,IB,1,1,285,138475,103,52:00.0,5,22:00,432
7752530588,U,OB,1,1,522,135155,53,29:00.0,5,6:00,432
7752530597,U,IB,1,1,260,138475,103,57:00.0,6,0:00,432
7752530597,U,OB,1,1,260,138475,36,22:00.0,6,14:00,432
7752530615,U,IB,1,1,181,138475,103,24:00.0,5,21:00,432
7752530624,U,IB,1,12,1071,138475,103,55:00.0,6,0:00,432
7752530642,U,OB,1,1,355,249103,39,02:00.0,6,6:00,432
7752530660,U,OB,1,5,1629,249103,39,56:00.0,6,5:00,432
7752530698,U,OB,1,1,132,131208,55,04:00.0,6,19:00,432
7752530698,U,OB,1,1,132,131208,34,05:00.0,6,19:00,432
7752530707,U,OB,1,1,205,132412,43,00:00.0,6,16:00,432
7752530725,U,OB,1,10,2460,131151,58,27:00.0,1,12:00,432
7752530734,U,OB,1,3,864,131151,58,16:00.0,1,12:00,432
7752530743,U,OB,1,1,153,131151,58,00:00.0,1,11:00,432
7752530770,U,OB,1,2,422,131151,58,47:00.0,1,11:00,432
775253078X,U,OB,1,6,950,131151,58,57:00.0,1,13:00,432
7752530799,U,OB,1,10,3405,126133,60,12:00.0,1,11:00,432
7752530799,U,OB,1,10,3405,126133,72,51:00.0,1,9:00,432
7752530808,U,OB,1,2,196,126133,72,33:00.0,1,9:00,432
7752530817,U,OB,1,1,109,126133,72,47:00.0,1,8:00,432
7752530826,U,OB,1,1,745,126133,72,55:00.0,1,9:00,432
7752530826,U,OB,1,1,745,126133,60,12:00.0,1,11:00,432
7752530835,U,OB,1,1,246,126133,72,51:00.0,1,8:00,432
7752530844,U,OB,1,1,170,126133,72,55:00.0,1,8:00,432
7752530853,U,OB,1,1,330,131151,58,34:00.0,1,12:00,432
7752530862,U,OB,1,1,84,131151,58,59:00.0,1,10:00,432
7752530871,U,OB,1,2,266,131151,58,56:00.0,1,10:00,432
7752530880,U,OB,1,1,359,131151,58,52:00.0,1,11:00,432
775253089X,U,OB,1,1,234,131151,58,58:00.0,1,11:00,432
7752530909,U,IB,1,1,122,123837,104,08:00.0,7,7:00,432
7752530927,U,OB,1,1,1044,137854,74,38:00.0,3,8:00,432
7752530936,U,OB,1,3,1087,137854,74,45:00.0,3,6:00,432
7752530945,U,OB,1,1,142,137854,74,51:00.0,3,6:00,432
7752530954,U,OB,1,4,2049,137854,74,33:00.0,3,6:00,432
7752530963,U,OB,1,2,756,126278,52,12:00.0,3,6:00,432
7752530990,U,OB,1,2,1874,128754,32,05:00.0,3,4:00,432
775253100X,U,OB,1,6,3094,137854,74,29:00.0,3,7:00,432
7752531037,U,OB,1,1,444,128754,32,58:00.0,3,3:00,432
7752531046,U,OB,1,1,161,137854,74,23:00.0,3,6:00,432
7752531046,U,OB,1,1,161,137854,61,46:00.0,3,8:00,432
7752531055,U,OB,1,1,191,132845,51,09:00.0,4,22:00,432
7752531064,U,OB,1,2,952,136417,39,09:00.0,4,21:00,432
7752531073,U,OB,1,3,366,126165,69,50:00.0,4,8:00,432
7752531082,U,OB,1,2,535,132642,50,06:00.0,4,10:00,432
7752531091,U,OB,1,1,133,132845,51,14:00.0,4,22:00,432
7752531100,U,OB,1,1,305,132845,51,26:00.0,4,19:00,432
7752531100,U,IB,1,1,305,132845,103,54:00.0,5,1:00,432
7752531156,U,OB,1,4,1723,128475,49,11:00.0,4,13:00,432
7752531174,U,OB,1,2,184,132845,51,22:00.0,4,20:00,432
7752531183,U,OB,1,1,477,119291,55,43:00.0,4,1:00,432
7752531192,U,OB,1,1,103,132845,51,01:00.0,4,22:00,432
775253122X,U,OB,1,2,605,118255,76,50:00.0,5,20:00,432
7752531284,U,OB,1,1,515,118255,76,16:00.0,5,15:00,432
7752531394,U,OB,1,1,55,129664,63,43:00.0,6,18:00,432
7752531412,U,OB,1,1,100,558827,63,24:00.0,7,12:00,432
7752531495,U,OB,1,3,585,558827,63,47:00.0,7,12:00,432
7752531522,U,OB,1,1,313,127578,69,02:00.0,1,8:00,432
7752531540,U,OB,1,1,102,558827,63,35:00.0,7,12:00,432
7752531578,U,OB,1,1,331,133228,63,40:00.0,3,3:00,432
7752531614,U,OB,1,1,150,261137,76,33:00.0,3,1:00,432
7752531632,U,OB,1,7,940,135972,17,48:00.0,3,9:00,432
775253166X,U,IB,1,1,127,135455,117,51:00.0,5,2:00,432
7752531697,U,OB,1,2,341,129746,96,44:00.0,4,23:00,432
7752531733,U,OB,1,2,203,121285,50,43:00.0,4,12:00,432
7752531742,U,IB,1,1,110,135455,117,29:00.0,5,1:00,432
7752531751,U,OB,1,1,512,128408,89,32:00.0,6,11:00,432
7752531760,U,OB,1,1,136,128408,89,55:00.0,6,10:00,432
7752531789,U,OB,1,1,233,128408,89,29:00.0,6,11:00,432
7752531798,U,OB,1,1,200,128408,89,11:00.0,6,11:00,432
7752531834,U,OB,1,4,132,128408,89,45:00.0,6,10:00,432
7752531870,U,OB,1,2,185,125687,74,05:00.0,7,8:00,432
7752531917,U,OB,1,8,9320,125687,74,39:00.0,7,9:00,432
7752531962,U,OB,1,1,103,125687,74,02:00.0,7,8:00,432
7752531980,U,OB,1,3,480,125687,74,07:00.0,7,10:00,432
7752570655,U,IB,1,1,80,131183,143,54:00.0,5,16:00,851
7752570655,U,OB,1,1,80,131183,66,50:00.0,5,22:00,851
7752570949,U,CTY,1,1,92,134642,176,56:00.0,6,16:00,851
7752571663,U,CTY,1,1,93,118561,168,23:00.0,7,3:00,851
7752571782,U,CTY,1,1,154,118561,168,20:00.0,7,3:00,851
7752573185,U,CTY,1,1,171,125994,196,40:00.0,5,14:00,851
7752574249,U,CTY,1,1,110,131026,174,56:00.0,7,7:00,851
7752575266,U,OB,1,2,300,126561,96,35:00.0,6,8:00,851
7752575403,U,OB,1,1,280,126561,96,37:00.0,6,8:00,851
7752575504,U,OB,1,1,280,126561,96,38:00.0,6,8:00,851
7752577237,U,CTY,1,1,176,132671,189,29:00.0,6,0:00,851
7752616213,U,IB,1,1,550,126080,149,31:00.0,1,3:00,201
7752616332,U,CTY,1,5,225,128714,187,33:00.0,4,0:00,201
7752616516,U,CTY,1,1,15,200701,192,50:00.0,4,18:00,201
7752616525,U,CTY,1,1,15,200701,192,54:00.0,4,18:00,201
7752616543,U,CTY,1,5,76,200701,192,58:00.0,4,18:00,201
7752616763,U,CTY,1,1,160,200701,192,26:00.0,4,18:00,201
7752616947,U,CTY,1,1,70,133451,195,48:00.0,4,20:00,201
7752616965,U,CTY,1,1,125,133451,195,42:00.0,4,19:00,201
7752616974,U,CTY,1,11,305,133451,195,13:00.0,4,22:00,201
7752617039,U,CTY,1,1,220,131999,194,26:00.0,1,8:00,201
7752617149,U,CTY,1,7,180,131999,194,07:00.0,1,11:00,201
7752617212,U,CTY,1,2,23,125856,174,05:00.0,4,20:00,201
7752617340,U,CTY,1,9,350,125856,174,05:00.0,4,20:00,201
7752617625,U,CTY,1,1,355,249118,192,19:00.0,1,8:00,201
7752617643,U,CTY,1,3,55,249118,192,22:00.0,1,8:00,201
7752617661,U,OB,1,3,1511,123446,89,37:00.0,1,3:00,201
7752617699,U,CTY,1,2,65,137437,189,02:00.0,2,5:00,201
7752617753,U,CTY,1,2,30,137437,189,17:00.0,2,4:00,201
7752617937,U,CTY,1,6,210,126202,187,23:00.0,5,3:00,201
7752617973,U,CTY,1,1,400,127512,172,49:00.0,5,1:00,201
7752617991,U,CTY,1,1,672,126202,187,24:00.0,5,3:00,201
7752618469,U,CTY,1,7,250,122579,192,54:00.0,7,0:00,201
7752661937,U,CTY,1,1,186,136592,210,40:00.0,1,13:00,682
7752671397,U,OB,1,4,2854,290361,86,06:00.0,3,10:00,138
7752671406,U,OB,1,1,358,290361,86,14:00.0,3,10:00,138
7752671891,U,OB,1,6,4525,126885,96,24:00.0,3,21:00,138
7752705221,U,IB,1,3,783,122359,164,29:00.0,1,7:00,347
7752705304,U,CTY,1,2,507,121413,172,32:00.0,1,0:00,347
7752705322,U,IB,1,2,507,122359,164,43:00.0,1,6:00,347
7752706211,U,CTY,1,1,300,131522,189,54:00.0,7,22:00,347
7752706258,U,IB,1,1,815,131617,158,38:00.0,4,8:00,347
7752706285,U,CTY,1,1,265,136419,169,09:00.0,7,4:00,347
7752713289,U,IB,1,1,350,123162,114,53:00.0,7,1:00,205
7752713902,U,IB,1,1,225,123162,114,23:00.0,7,3:00,205
7752714526,U,OB,1,1,225,129611,88,55:00.0,2,6:00,205
7752714654,U,OB,1,1,225,129611,88,07:00.0,2,7:00,205
7752714755,U,CTY,1,1,225,135465,187,11:00.0,2,1:00,205
7752714874,U,CTY,1,1,225,135465,187,20:00.0,2,1:00,205
7752715011,U,CTY,1,1,225,135465,187,09:00.0,2,0:00,205
7752715020,U,CTY,1,1,225,135465,187,03:00.0,2,0:00,205
7752715507,U,IB,1,1,225,138814,114,11:00.0,7,20:00,205
7752733639,U,CTY,1,1,1751,249257,175,57:00.0,5,13:00,324
7752733675,U,CTY,1,1,1468,249257,175,54:00.0,5,13:00,324
7753014588,U,IB,1,3,1984,132855,113,24:00.0,7,12:00,890
7753014597,U,IB,1,1,490,280582,131,36:00.0,5,21:00,890
7753015320,U,IB,1,1,264,131591,129,08:00.0,7,4:00,890
7753015367,U,IB,1,1,195,134519,163,40:00.0,2,18:00,890
7753015403,U,IB,1,1,310,134519,163,38:00.0,2,19:00,890
7753015789,U,IB,1,1,2000,134784,123,48:00.0,5,7:00,890
7753015807,U,IB,1,2,3000,134784,123,50:00.0,5,7:00,890
7753016494,U,IB,1,1,1345,128898,133,27:00.0,5,18:00,890
7753019500,U,OB,1,3,3960,138176,96,39:00.0,6,8:00,890
7753021260,U,IB,1,1,850,127051,116,34:00.0,3,3:00,890
7753021545,U,IB,1,1,391,132855,113,12:00.0,7,10:00,890
7753021545,U,IB,1,1,391,132855,121,39:00.0,7,10:00,890
7753021590,U,IB,1,1,386,138046,141,22:00.0,2,6:00,890
7753021673,U,IB,1,1,1705,133558,133,29:00.0,1,10:00,890
7753021765,U,IB,1,3,4686,128821,117,53:00.0,1,17:00,890
7753021783,U,IB,1,1,313,128821,117,36:00.0,1,17:00,890
7753025862,U,IB,1,1,455,138875,105,38:00.0,1,6:00,890
7753025945,U,IB,1,1,350,138875,105,44:00.0,1,6:00,890
7753026019,U,IB,1,1,150,133558,133,20:00.0,1,11:00,890
7753026073,U,IB,1,1,285,133558,133,47:00.0,1,7:00,890
7753026275,U,IB,1,1,605,133396,129,23:00.0,2,16:00,890
7753026513,U,IB,1,1,965,127051,116,26:00.0,3,4:00,890
7753026569,U,IB,1,1,445,134978,117,12:00.0,2,14:00,890
775302666X,U,IB,1,1,510,127051,116,28:00.0,3,7:00,890
7753033782,U,IB,1,2,4300,137913,135,33:00.0,7,7:00,890
775303381X,U,IB,1,1,392,136876,129,30:00.0,1,10:00,890
7753033865,U,IB,1,4,8600,131939,141,23:00.0,4,22:00,890
7753033948,U,IB,1,3,6450,133558,133,52:00.0,1,15:00,890
7753033957,U,IB,1,1,362,140202,151,26:00.0,2,14:00,890
775303403X,U,IB,1,1,1570,131829,143,17:00.0,3,14:00,890
7753038687,U,CTY,1,3,4779,128036,231,26:00.0,4,21:00,890
7753038714,U,IB,1,6,3120,130587,117,20:00.0,2,8:00,890
7753039181,U,IB,1,1,275,140415,163,11:00.0,4,19:00,890
775303920X,U,IB,1,4,2662,132855,113,47:00.0,7,10:00,890
7753040034,U,IB,1,1,1270,131494,152,52:00.0,5,14:00,890
7753040108,U,CTY,1,1,245,128754,187,56:00.0,6,16:00,890
7753041033,U,CTY,1,1,320,138160,168,05:00.0,2,14:00,890
7753041051,U,IB,1,1,250,135924,145,26:00.0,2,15:00,890
7753041098,U,IB,1,1,450,134735,143,51:00.0,3,15:00,890
7753042023,U,IB,1,1,1460,291005,111,54:00.0,4,12:00,890
7753042032,U,IB,1,1,575,291005,111,00:00.0,4,13:00,890
7753042097,U,IB,1,1,300,127379,111,12:00.0,2,18:00,890
7753042124,U,IB,1,1,332,127379,111,01:00.0,2,18:00,890
7753042133,U,IB,1,1,11,127379,111,25:00.0,2,19:00,890
775304217X,U,IB,1,1,268,128821,117,11:00.0,1,16:00,890
775304217X,U,IB,1,1,268,128821,121,26:00.0,1,16:00,890
7753042207,U,CTY,1,2,1105,137467,N   ,13:00.0,1,7:00,890
7753042243,U,IB,1,1,105,280582,131,59:00.0,5,21:00,890
7753044342,U,IB,1,1,228,135962,145,22:00.0,6,6:00,890
7753044425,U,IB,1,1,1070,133396,129,47:00.0,2,15:00,890
775304448X,U,IB,1,2,1580,131651,141,07:00.0,1,14:00,890
7753046176,U,IB,1,1,554,291005,111,26:00.0,4,12:00,890
7753047743,U,IB,1,2,1070,128898,133,49:00.0,5,17:00,890
7753048468,U,IB,1,1,300,129515,129,19:00.0,1,17:00,890
7753050282,U,IB,1,1,476,135907,113,18:00.0,5,18:00,890
7753050329,U,IB,1,2,1102,134353,113,47:00.0,7,5:00,890
7753050457,U,IB,1,1,860,132751,149,58:00.0,7,22:00,890
7753050722,U,IB,1,3,1095,140415,163,29:00.0,4,20:00,890
7753051061,U,IB,1,1,426,135962,145,37:00.0,6,6:00,890
775305262X,U,IB,1,1,617,291005,111,24:00.0,4,11:00,890
7753052749,U,IB,1,1,440,133558,133,07:00.0,1,8:00,890
7753052913,U,IB,1,1,189,280582,131,27:00.0,5,21:00,890
7753054637,U,IB,1,1,350,134978,117,18:00.0,2,14:00,890
7753054700,U,IB,1,1,220,140415,163,02:00.0,4,19:00,890
7753055719,U,IB,1,1,750,130933,131,28:00.0,3,0:00,890
7753055966,U,IB,1,1,355,280582,131,10:00.0,5,22:00,890
7753055984,U,IB,1,1,850,280582,131,13:00.0,5,22:00,890
7753056020,U,IB,1,1,1340,133396,129,55:00.0,2,15:00,890
7753056222,U,IB,1,2,1002,128821,117,49:00.0,1,16:00,890
7753056516,U,IB,1,1,195,131651,141,40:00.0,1,13:00,890
7753057771,U,CTY,1,1,360,136952,203,34:00.0,1,20:00,890
7753111332,U,CTY,1,1,820,138160,168,58:00.0,2,15:00,890
7753111341,U,CTY,1,2,565,138160,168,21:00.0,2,16:00,890
7753112001,U,IB,1,1,250,134784,123,45:00.0,5,6:00,890
7753117510,U,IB,1,2,440,137436,131,25:00.0,6,15:00,890
7753117548,U,IB,1,1,130,137436,131,21:00.0,6,14:00,890
7753117620,U,CTY,1,1,130,128437,188,39:00.0,7,22:00,890
7753118446,U,IB,1,4,7234,127379,111,31:00.0,2,18:00,890
7753122846,U,IB,1,2,5400,133396,129,28:00.0,2,16:00,890
7753122947,U,IB,1,4,4940,135962,145,50:00.0,6,10:00,890
7753124157,U,IB,1,78,2340,127051,116,45:00.0,3,7:00,890
7753125587,U,IB,1,1,460,133558,133,41:00.0,1,16:00,890
7753129116,U,CTY,1,1,285,119922,192,14:00.0,5,18:00,890
7753129152,U,IB,1,2,616,136876,129,58:00.0,1,9:00,890
7753129161,U,IB,1,1,507,138046,141,58:00.0,2,6:00,890
7753131188,U,CTY,1,2,1165,138160,168,23:00.0,2,16:00,890
7753137952,U,IB,1,1,1450,135907,113,45:00.0,5,18:00,890
7753139923,U,IB,1,2,751,129515,129,53:00.0,1,16:00,890
7753140006,U,IB,1,1,355,124126,141,27:00.0,5,12:00,890
7753140208,U,IB,1,2,603,140415,163,29:00.0,4,20:00,890
775314260X,U,IB,1,1,597,129515,129,42:00.0,1,15:00,890
7753145845,U,IB,1,1,664,131651,141,51:00.0,1,13:00,890
7753146918,U,IB,1,1,38,135907,113,35:00.0,5,18:00,890
7753147037,U,IB,1,1,232,133558,133,39:00.0,1,9:00,890
7753147046,U,IB,1,1,234,133558,133,03:00.0,1,11:00,890
7753147073,U,IB,1,1,235,133558,133,55:00.0,1,10:00,890
7753147082,U,IB,1,1,196,133558,133,31:00.0,1,9:00,890
775314711X,U,IB,1,1,228,133558,133,36:00.0,1,7:00,890
7753147971,U,IB,1,1,130,137467,117,03:00.0,1,0:00,890
7753147980,U,IB,1,3,215,136097,149,56:00.0,7,7:00,890
7753148512,U,IB,1,1,466,280582,131,51:00.0,5,21:00,890
7753148586,U,IB,1,1,700,133172,163,17:00.0,3,16:00,890
775314986X,U,OB,1,3,1780,137436,97,05:00.0,6,16:00,890
775314986X,U,IB,1,3,1780,137436,119,04:00.0,6,16:00,890
7753151455,U,IB,1,1,308,133558,133,09:00.0,1,14:00,890
7753151500,U,IB,1,1,880,140415,163,14:00.0,4,20:00,890
7753151720,U,IB,1,1,1035,280582,131,31:00.0,5,21:00,890
7753152124,U,IB,1,1,340,135636,116,25:00.0,2,7:00,890
7753152151,U,IB,1,1,270,134519,163,22:00.0,2,20:00,890
7753152216,U,IB,1,1,370,131829,119,49:00.0,3,13:00,890
7753152216,U,IB,1,1,370,131829,143,47:00.0,3,13:00,890
7753152317,U,IB,1,1,221,128898,133,30:00.0,5,16:00,890
7753157689,U,CTY,1,1,95,138160,168,44:00.0,2,15:00,890
7753157826,U,IB,1,3,1500,137467,117,05:00.0,1,1:00,890
7753157835,U,IB,1,1,630,132855,113,33:00.0,7,10:00,890
7753158028,U,IB,1,1,390,129515,129,35:00.0,1,17:00,890
7753158046,U,CTY,1,1,376,133491,176,40:00.0,6,15:00,890
7753158091,U,IB,1,1,1053,133558,133,13:00.0,1,8:00,890
775315811X,U,IB,1,1,151,131651,141,07:00.0,1,12:00,890
7753158138,U,IB,1,1,473,134519,163,40:00.0,2,20:00,890
7753158147,U,IB,1,1,1163,134519,163,44:00.0,2,20:00,890
7753158156,U,CTY,1,1,418,131651,205,49:00.0,2,9:00,890
7753158156,U,IB,1,1,418,131651,141,02:00.0,1,12:00,890
7753158183,U,IB,1,1,609,137436,131,17:00.0,6,13:00,890
7753158733,U,IB,1,1,310,128898,133,57:00.0,5,14:00,890
7753158742,U,IB,1,1,299,137436,131,23:00.0,6,14:00,890
7753159631,U,IB,1,1,185,139808,151,31:00.0,5,14:00,890
7753159714,U,IB,1,1,175,131829,143,00:00.0,3,13:00,890
7753159750,U,IB,1,1,150,430652,163,45:00.0,5,1:00,890
7753160118,U,CTY,1,1,150,126350,175,00:00.0,2,3:00,890
7753160219,U,IB,1,1,205,126855,143,54:00.0,7,13:00,890
7753167744,U,IB,1,1,237,134353,113,20:00.0,7,7:00,890
7753169183,U,IB,1,2,4300,134353,113,50:00.0,7,5:00,890
7753169210,U,IB,1,1,320,133396,129,51:00.0,2,15:00,890
7753169239,U,IB,1,1,1050,135962,119,02:00.0,6,15:00,890
7753169239,U,IB,1,1,1050,135962,145,16:00.0,6,11:00,890
7753209333,U,IB,1,1,120,134519,163,04:00.0,2,19:00,890
7753209791,U,IB,1,1,1840,132855,113,00:00.0,7,10:00,890
7753214018,U,OB,1,1,1365,138176,96,14:00.0,6,8:00,890
775321421X,U,IB,1,2,1470,133396,129,26:00.0,2,15:00,890
7753216795,U,CTY,1,1,606,139808,205,23:00.0,5,17:00,890
7753216795,U,IB,1,1,606,139808,151,03:00.0,5,15:00,890
775322202X,U,IB,1,3,3920,131829,143,22:00.0,3,14:00,890
7753225889,U,IB,1,1,400,131829,143,23:00.0,3,15:00,890
7753225889,U,IB,1,1,400,131829,121,24:00.0,3,15:00,890
7753225916,U,IB,1,1,265,134519,163,17:00.0,2,20:00,890
7753229261,U,IB,1,1,121,131591,129,36:00.0,7,6:00,890
7753229591,U,IB,1,1,198,132855,113,18:00.0,7,10:00,890
7753229710,U,IB,1,3,1470,140415,163,03:00.0,4,20:00,890
7753229710,U,IB,1,3,1470,140415,160,13:00.0,4,20:00,890
775323049X,U,IB,1,1,615,136567,117,34:00.0,4,13:00,890
7753230967,U,IB,1,1,315,133558,133,41:00.0,1,15:00,890
7753231095,U,IB,1,2,1151,133352,143,15:00.0,4,18:00,890
775323764X,U,IB,1,2,1185,131057,131,42:00.0,6,4:00,890
7753237778,U,IB,1,2,1700,133558,133,43:00.0,1,16:00,890
7753237879,U,IB,1,1,200,134978,117,45:00.0,2,13:00,890
7753238319,U,IB,1,1,321,137436,119,05:00.0,6,16:00,890
7753238319,U,OB,1,1,321,137436,97,06:00.0,6,16:00,890
7753240326,U,IB,1,1,820,132751,149,40:00.0,7,22:00,890
7753240930,U,IB,1,1,150,135907,113,40:00.0,5,19:00,890
7753241123,U,IB,1,1,419,134784,123,32:00.0,5,7:00,890
7753241132,U,IB,1,1,475,134784,123,06:00.0,5,8:00,890
7753241206,U,IB,1,2,905,128821,117,15:00.0,1,18:00,890
775324127X,U,CTY,1,2,690,126350,175,14:00.0,2,1:00,890
7753241307,U,IB,1,2,4032,131057,131,41:00.0,6,4:00,890
7753241426,U,IB,1,2,423,280582,131,07:00.0,5,21:00,890
7753241509,U,CTY,1,2,653,138160,168,29:00.0,2,14:00,890
7753242461,U,CTY,1,1,810,139808,205,22:00.0,5,17:00,890
7753242461,U,IB,1,1,810,139808,151,08:00.0,5,15:00,890
7753253113,U,IB,1,1,965,131591,129,55:00.0,7,5:00,890
7753253140,U,IB,1,1,325,131651,141,11:00.0,1,13:00,890
7753254543,U,IB,1,1,400,133558,133,11:00.0,1,9:00,890
7753254947,U,IB,1,1,430,128898,133,30:00.0,5,17:00,890
7753255551,U,CTY,1,1,1200,128754,187,02:00.0,6,17:00,890
7753255560,U,IB,1,3,4735,131057,131,45:00.0,6,3:00,890
7753255643,U,IB,1,1,215,128821,117,17:00.0,1,17:00,890
7753359346,U,IB,1,1,535,133005,116,26:00.0,1,13:00,381
7753359364,U,CTY,1,1,493,125237,189,27:00.0,3,12:00,381
7753359400,U,CTY,1,1,166,118683,197,53:00.0,1,3:00,381
775335941X,U,CTY,1,1,164,121722,172,48:00.0,4,19:00,381
7753359539,U,IB,1,1,691,137303,158,31:00.0,4,10:00,381
775335963X,U,CTY,1,1,589,125490,169,58:00.0,2,16:00,381
7753364635,U,CTY,1,1,246,138418,174,09:00.0,7,0:00,381
7753364680,U,IB,1,2,1252,130912,129,38:00.0,6,10:00,381
7753364709,U,IB,1,2,767,130912,129,40:00.0,6,10:00,381
7753364727,U,CTY,1,2,693,132333,189,19:00.0,6,13:00,381
7753366047,U,CTY,1,1,708,138842,187,04:00.0,4,8:00,381
7753366065,U,CTY,1,1,944,138842,187,18:00.0,4,7:00,381
7753366074,U,CTY,1,1,1062,132333,189,17:00.0,6,12:00,381
7753366083,U,CTY,1,2,3068,132333,189,17:00.0,6,11:00,381
7753366092,U,CTY,1,1,354,132333,189,52:00.0,6,10:00,381
7753366101,U,IB,1,1,1003,132333,153,17:00.0,6,13:00,381
7753366101,U,CTY,1,1,1003,132333,189,13:00.0,6,12:00,381
775336612X,U,CTY,1,1,944,132333,189,36:00.0,6,12:00,381
7753366267,U,IB,1,1,826,132292,145,51:00.0,6,1:00,381
7753366294,U,IB,1,1,1064,140386,153,17:00.0,6,13:00,381
7753366294,U,CTY,1,1,1064,140386,168,42:00.0,6,11:00,381
7753366514,U,IB,1,4,2389,127970,149,51:00.0,7,7:00,381
7753366532,U,IB,1,1,300,127970,149,43:00.0,7,7:00,381
7753366541,U,IB,1,1,150,128609,145,54:00.0,1,16:00,381
775336656X,U,IB,1,1,625,140093,143,31:00.0,1,18:00,381
7753366770,U,IB,1,1,434,125954,143,42:00.0,7,7:00,381
7753366826,U,IB,1,1,295,126241,158,08:00.0,5,7:00,381
7753370438,U,IB,1,2,3987,130912,129,50:00.0,6,7:00,381
7753370905,U,IB,1,2,2627,125954,143,37:00.0,7,8:00,381
7753370914,U,CTY,1,4,2864,121722,172,04:00.0,4,20:00,381
7753370979,U,CTY,1,1,643,121722,172,03:00.0,4,19:00,381
7753370997,U,CTY,1,1,483,121722,172,54:00.0,4,18:00,381
7753371262,U,IB,1,11,5445,137014,129,47:00.0,5,3:00,381
7753372097,U,IB,1,2,1097,137417,143,59:00.0,6,0:00,381
7753372528,U,IB,1,3,2871,125954,143,04:00.0,7,7:00,381
7753372546,U,IB,1,1,164,132650,150,42:00.0,4,21:00,381
7753372820,U,IB,1,4,5863,137303,158,12:00.0,4,11:00,381
7753372858,U,OB,1,1,1700,136673,88,22:00.0,7,6:00,381
7753372876,U,OB,1,1,1770,136673,88,29:00.0,7,6:00,381
7753373013,U,IB,1,1,480,132650,150,23:00.0,4,20:00,381
7753373765,U,IB,1,2,955,132665,135,10:00.0,1,10:00,381
7753373774,U,IB,1,3,1325,140178,123,56:00.0,1,20:00,381
7753373857,U,IB,1,9,2270,140178,123,01:00.0,1,21:00,381
7753374398,U,IB,1,1,1732,137694,111,41:00.0,2,9:00,381
7753374461,U,IB,1,1,3450,128609,145,11:00.0,1,18:00,381
7753375278,U,CTY,1,3,2462,291051,192,38:00.0,6,12:00,381
7753379851,U,IB,1,1,671,136649,129,45:00.0,4,2:00,381
7753379999,U,IB,1,3,2291,128044,103,11:00.0,7,3:00,381
7753380008,U,IB,1,4,4579,128888,145,03:00.0,7,11:00,381
775338009X,U,IB,1,1,364,128888,145,50:00.0,7,10:00,381
7753380154,U,IB,1,1,202,133005,116,30:00.0,1,13:00,381
7753380246,U,IB,1,1,158,133005,116,11:00.0,1,13:00,381
7753380291,U,IB,1,1,108,137014,129,46:00.0,5,1:00,381
775338042X,U,IB,1,1,199,133520,145,55:00.0,1,7:00,381
7753380484,U,IB,1,2,1364,125954,143,27:00.0,7,8:00,381
775338053X,U,IB,1,1,106,132650,150,32:00.0,4,22:00,381
7753380612,U,IB,1,1,711,132292,145,42:00.0,6,0:00,381
7753380630,U,IB,1,1,1072,132292,145,59:00.0,6,1:00,381
7753380713,U,CTY,1,1,153,138842,187,46:00.0,4,10:00,381
7753380769,U,CTY,1,1,265,138842,187,13:00.0,4,7:00,381
7753380796,U,CTY,1,1,149,138842,187,29:00.0,4,9:00,381
7753380805,U,CTY,1,1,260,138842,187,02:00.0,4,9:00,381
7753380850,U,CTY,1,1,183,138842,187,54:00.0,4,9:00,381
7753380850,U,IB,1,1,183,138842,119,06:00.0,4,11:00,381
7753380906,U,CTY,1,1,518,140386,168,42:00.0,6,12:00,381
7753380942,U,IB,1,1,70,130912,129,45:00.0,6,8:00,381
7753385645,U,IB,1,2,500,132072,127,14:00.0,2,1:00,381
7753385654,U,IB,1,1,186,132072,127,03:00.0,2,1:00,381
7753385663,U,IB,1,1,400,132072,127,14:00.0,2,1:00,381
7753387809,U,IB,1,1,217,132292,145,55:00.0,6,2:00,381
7753387836,U,CTY,1,7,2734,125490,169,12:00.0,2,18:00,381
7753388761,U,CTY,1,1,1322,138842,187,43:00.0,4,9:00,381
7753388770,U,CTY,1,1,198,138842,187,14:00.0,4,6:00,381
7753389486,U,IB,1,6,10407,133362,145,42:00.0,1,14:00,381
7753389522,U,CTY,1,4,1150,118683,197,41:00.0,1,6:00,381
7753389650,U,CTY,1,102,554,128363,172,42:00.0,7,17:00,381
775338966X,U,CTY,1,182,1080,128363,172,01:00.0,7,18:00,381
7753389697,U,IB,1,9,3258,125954,143,22:00.0,7,9:00,381
7753389751,U,IB,1,1,250,135111,163,45:00.0,1,21:00,381
775338977X,U,IB,1,4,3846,137303,158,27:00.0,4,12:00,381
7753389870,U,IB,1,3,2606,137694,111,23:00.0,2,11:00,381
7753389899,U,IB,1,3,863,137694,111,26:00.0,2,10:00,381
7753389917,U,IB,1,1,420,133577,163,48:00.0,7,13:00,381
7753389926,U,IB,1,2,2452,137694,111,03:00.0,2,10:00,381
7753389944,U,CTY,1,2,600,138842,187,36:00.0,4,6:00,381
7753389980,U,IB,1,11,4016,137417,143,42:00.0,6,0:00,381
775339153X,U,CTY,1,1,2550,132333,189,44:00.0,6,12:00,381
7753391924,U,IB,1,1,1602,132665,135,34:00.0,1,7:00,381
7753394023,U,CTY,1,3,963,202072,187,43:00.0,6,15:00,381
7753394041,U,IB,1,2,3450,133577,163,32:00.0,7,13:00,381
7753394124,U,IB,1,1,1913,130912,129,10:00.0,6,10:00,381
7753396297,U,IB,1,3,104,126610,151,52:00.0,4,22:00,381
7753396324,U,CTY,1,3,582,138598,169,48:00.0,6,14:00,381
7753399579,U,CTY,1,1,198,138418,174,17:00.0,6,21:00,381
7753400046,U,IB,1,3,1000,132665,135,53:00.0,1,7:00,381
7753400064,U,IB,1,1,300,135111,163,56:00.0,1,21:00,381
7753400073,U,IB,1,1,150,137724,149,42:00.0,4,0:00,381
7753400284,U,CTY,1,4,8622,118683,197,30:00.0,1,6:00,381
7753400293,U,IB,1,1,900,128044,103,27:00.0,7,1:00,381
7753400531,U,IB,1,1,198,137014,129,06:00.0,5,2:00,381
7753400578,U,IB,1,1,1365,137014,129,53:00.0,5,2:00,381
7753406857,U,CTY,1,2,1668,118683,197,49:00.0,1,6:00,381
7753406985,U,IB,1,2,1561,136649,129,45:00.0,4,6:00,381
7753434384,U,IB,1,4,3180,137303,158,41:00.0,4,12:00,381
7753463460,U,IB,1,5,2900,136649,129,12:00.0,4,3:00,381
7753464616,U,IB,1,2,872,123227,101,51:00.0,4,22:00,381
7753464643,U,IB,1,1,522,132072,127,09:00.0,2,1:00,381
7753467146,U,IB,1,2,61,133520,145,27:00.0,1,3:00,381
7753467164,U,IB,1,1,555,125954,143,53:00.0,7,8:00,381
7753467411,U,IB,1,1,27,133520,145,04:00.0,1,4:00,381
7753467449,U,IB,1,1,450,125954,143,58:00.0,7,8:00,381
7753468273,U,IB,1,2,775,133362,145,19:00.0,1,7:00,381
7753472040,U,IB,1,3,144,132072,127,30:00.0,2,0:00,381
7753473306,U,IB,1,1,1640,280728,131,28:00.0,1,5:00,381
7753473728,U,CTY,1,1,927,138842,187,05:00.0,4,10:00,381
7753473764,U,CTY,1,1,454,135193,173,34:00.0,1,3:00,381
7753473764,U,IB,1,1,454,135193,121,17:00.0,1,8:00,381
7753473782,U,CTY,1,2,1100,118683,197,45:00.0,1,6:00,381
7753473800,U,CTY,1,1,194,135193,173,28:00.0,1,3:00,381
775347392X,U,CTY,1,1,216,290396,168,54:00.0,5,22:00,381
7753473957,U,CTY,1,1,2488,290396,168,58:00.0,5,22:00,381
775347601X,U,IB,1,6,5586,140093,143,29:00.0,1,19:00,381
7753476083,U,IB,1,1,260,132292,145,49:00.0,6,2:00,381
7753476092,U,IB,1,1,452,132292,145,41:00.0,6,2:00,381
7753477055,U,CTY,1,1,1155,135193,173,42:00.0,1,3:00,381
7753477138,U,IB,1,1,440,128888,145,38:00.0,7,8:00,381
7753477257,U,IB,1,3,842,128888,158,33:00.0,7,9:00,381
7753477257,U,IB,1,3,842,128888,145,02:00.0,7,8:00,381
7753477587,U,IB,1,1,450,140093,143,57:00.0,1,18:00,381
7753477596,U,IB,1,2,610,140093,143,54:00.0,1,18:00,381
7753478604,U,IB,1,1,850,131932,123,22:00.0,7,20:00,381
7753478640,U,IB,1,9,4500,137014,129,28:00.0,5,3:00,381
7753480007,U,CTY,1,4,8000,140386,168,52:00.0,6,12:00,381
7753480658,U,CTY,1,3,1065,138598,169,10:00.0,6,14:00,381
7753480703,U,IB,1,2,4200,280728,131,26:00.0,1,5:00,381
7753481271,U,IB,1,2,439,126610,151,51:00.0,4,20:00,381
7753481830,U,CTY,1,1,504,132333,189,35:00.0,6,12:00,381
7753481913,U,IB,1,2,753,132017,143,25:00.0,6,21:00,381
7753482436,U,CTY,1,2,2968,118683,197,53:00.0,1,5:00,381
7753482445,U,CTY,1,5,7752,118683,197,18:00.0,1,5:00,381
7753483417,U,CTY,1,1,98,121722,172,43:00.0,4,19:00,381
7753485543,U,IB,1,2,920,126610,151,22:00.0,4,21:00,381
7753485552,U,IB,1,2,920,126610,151,26:00.0,4,21:00,381
7753485561,U,CTY,1,2,920,138598,169,31:00.0,6,14:00,381
7753485570,U,CTY,1,2,920,138598,169,25:00.0,6,14:00,381
7753489045,U,CTY,1,1,345,121722,172,30:00.0,4,18:00,381
775348943X,U,IB,1,3,1768,132665,135,13:00.0,1,8:00,381
7753489449,U,IB,1,32,420,132292,145,27:00.0,6,0:00,381
7753489503,U,IB,1,58,389,132292,145,14:00.0,6,0:00,381
7753491070,U,IB,1,65,2200,133362,145,18:00.0,1,11:00,381
7753491135,U,IB,1,1,545,137303,158,13:00.0,4,10:00,381
7753499028,U,IB,1,2,786,131932,123,50:00.0,7,19:00,381
7753499037,U,CTY,1,1,498,132333,189,06:00.0,6,11:00,381
7753499569,U,IB,1,8,2301,126610,151,37:00.0,4,21:00,381
7753499679,U,IB,1,140,1630,133635,113,59:00.0,6,3:00,381
7753499688,U,IB,1,88,901,133635,113,47:00.0,6,2:00,381
7753499706,U,IB,1,120,1320,128044,103,10:00.0,7,4:00,381
7753499715,U,IB,1,6,2100,133635,113,07:00.0,6,3:00,381
7753499724,U,IB,1,3,2100,131932,123,35:00.0,7,21:00,381
7753499742,U,IB,1,1,1395,133005,116,42:00.0,1,12:00,381
7753503253,U,IB,1,1,650,135658,127,21:00.0,5,4:00,381
7753503446,U,CTY,1,2,437,202072,187,03:00.0,6,16:00,381
7753503693,U,IB,1,1,1980,135658,127,24:00.0,5,8:00,381
7753505536,U,IB,1,12,158,137986,116,06:00.0,4,20:00,381
7753505581,U,IB,1,5,66,132292,145,33:00.0,6,1:00,381
7753505619,U,IB,1,10,135,132292,145,00:00.0,6,1:00,381
7753505792,U,IB,1,12,188,130912,129,46:00.0,6,9:00,381
7753505801,U,CTY,1,3,56,132333,189,23:00.0,6,8:00,381
7753506012,U,IB,1,3,56,128888,145,38:00.0,7,9:00,381
7753506122,U,CTY,1,10,132,291051,192,01:00.0,6,13:00,381
7753506407,U,IB,1,15,315,136649,129,26:00.0,4,6:00,381
7753506508,U,IB,1,37,556,128888,145,36:00.0,7,8:00,381
7753508039,U,IB,1,1,80,125954,143,54:00.0,7,7:00,381
7753508340,U,IB,1,1,492,137724,149,23:00.0,4,1:00,381
7753508634,U,CTY,1,2,698,118683,197,06:00.0,1,6:00,381
7753508652,U,CTY,1,1,284,135193,173,10:00.0,1,4:00,381
775350868X,U,CTY,1,1,122,135193,173,01:00.0,1,5:00,381
7753593096,U,CTY,1,3,1660,127712,187,17:00.0,6,20:00,830
7753593105,U,CTY,1,1,111,119870,169,26:00.0,3,3:00,830
7753593123,U,CTY,1,4,2190,119870,169,39:00.0,3,3:00,830
7753593150,U,IB,1,1,335,126070,152,24:00.0,2,22:00,830
7753593774,U,CTY,1,6,2028,135455,169,06:00.0,4,22:00,830
775359393X,U,IB,1,2,469,131621,143,31:00.0,6,14:00,830
7753599568,U,OB,1,1,1044,129894,31,09:00.0,3,5:00,411
7753599577,U,OB,1,1,1278,134612,49,39:00.0,3,15:00,411
7753599613,U,OB,1,3,2040,134727,63,50:00.0,3,12:00,411
7753619413,U,CTY,1,1,6,126511,188,23:00.0,4,17:00,402
7753619633,U,OB,1,2,11,132377,52,02:00.0,6,3:00,402
7753619770,U,OB,1,1,40,261094,60,27:00.0,6,16:00,402
7753619817,U,OB,1,2,65,130712,14,15:00.0,7,18:00,402
7753619826,U,OB,1,1,250,130712,14,26:00.0,7,18:00,402
7753620019,U,OB,1,4,40,290056,76,25:00.0,4,1:00,402
7753620046,U,OB,1,1,10,290056,76,21:00.0,4,1:00,402
7753620100,U,OB,1,2,25,290056,76,16:00.0,4,1:00,402
7753620367,U,CTY,1,3,40,134389,187,20:00.0,5,11:00,402
7753620412,U,CTY,1,4,125,134389,187,50:00.0,5,12:00,402
7753620944,U,OB,1,1,21,41204,66,58:00.0,3,11:00,402
775362154X,U,OB,1,3,35,202347,60,36:00.0,4,13:00,402
7753621604,U,OB,1,1,35,202347,60,46:00.0,4,13:00,402
7753621889,U,IB,1,2,41,121519,141,31:00.0,6,0:00,402
7753622062,U,OB,1,2,35,134221,76,02:00.0,7,6:00,402
7753622374,U,OB,1,2,30,132595,14,29:00.0,7,18:00,402
7753622594,U,OB,1,2,100,128260,58,47:00.0,4,14:00,402
7753622731,U,OB,1,2,15,128260,58,14:00.0,4,15:00,402
775362286X,U,OB,1,1,20,45562,31,11:00.0,5,3:00,402
7753623180,U,OB,1,2,150,127322,66,57:00.0,6,16:00,402
7753623391,U,OB,1,1,52,211022,58,02:00.0,6,11:00,402
7753623447,U,IB,1,2,55,125003,113,23:00.0,6,6:00,402
7753623492,U,OB,1,1,50,211022,58,09:00.0,6,11:00,402
775362396X,U,OB,1,4,90,121588,32,57:00.0,7,21:00,402
7753632018,U,CTY,1,1,483,138044,176,41:00.0,4,18:00,315
7753632512,U,CTY,1,30,855,127920,195,29:00.0,3,3:00,315
7753632521,U,CTY,1,28,700,127920,195,53:00.0,3,2:00,315
7753632613,U,CTY,1,22,795,127920,195,04:00.0,3,4:00,315
7753632898,U,IB,1,1,434,202322,152,12:00.0,6,18:00,315
775394626X,U,IB,1,1,360,137744,129,35:00.0,2,22:00,266
7753946773,U,OB,1,6,5164,129829,6,05:00.0,6,9:00,266
775394780X,U,CTY,1,2,805,127543,196,45:00.0,1,15:00,266
7753947846,U,IB,1,10,320,131479,125,29:00.0,1,17:00,266
7753948230,U,IB,1,1,485,133513,111,56:00.0,3,20:00,266
775394868X,U,IB,1,1,116,278893,112,08:00.0,4,2:00,266
7753952347,U,IB,1,4,132,136486,113,45:00.0,2,20:00,266
775395374X,U,CTY,1,1,510,125169,175,06:00.0,2,16:00,266
775395374X,U,CTY,1,1,510,125169,183,44:00.0,2,16:00,266
7753955133,U,CTY,1,1,234,129883,223,03:00.0,6,19:00,266
7753955133,U,IB,1,1,234,129883,127,18:00.0,6,1:00,266
7753956114,U,IB,1,1,645,137678,104,47:00.0,5,22:00,266
7753956251,U,IB,1,1,500,132653,131,00:00.0,6,5:00,266
7753960139,U,IB,1,1,97,132653,131,15:00.0,6,3:00,266
7753961495,U,IB,1,1,1700,134885,123,44:00.0,1,3:00,266
7753963439,U,IB,1,1,165,131553,117,35:00.0,2,17:00,266
7753963466,U,IB,1,1,182,131553,117,36:00.0,2,16:00,266
7753963567,U,CTY,1,1,250,138943,194,11:00.0,1,18:00,266
7753963567,U,IB,1,1,250,127099,104,14:00.0,6,13:00,266
7753963906,U,CTY,1,1,250,127543,196,49:00.0,1,15:00,266
775396419X,U,IB,1,2,2197,136486,113,00:00.0,2,22:00,266
7753964236,U,IB,1,1,300,136486,113,22:00.0,2,21:00,266
7753964795,U,IB,1,1,27,133513,111,43:00.0,3,22:00,266
7753964822,U,IB,1,1,24,130591,101,01:00.0,5,20:00,266
7753972037,U,CTY,1,2,2590,261384,192,16:00.0,1,7:00,266
7753972100,U,CTY,1,2,2392,261384,192,40:00.0,1,7:00,266
7753972165,U,CTY,1,3,2406,121208,173,58:00.0,3,19:00,266
7753972183,U,IB,1,4,3354,131553,117,02:00.0,2,19:00,266
7753972192,U,IB,1,1,1360,131553,117,30:00.0,2,18:00,266
7753972201,U,IB,1,1,75,131553,108,33:00.0,2,21:00,266
7753972201,U,IB,1,1,75,131553,117,29:00.0,2,17:00,266
7753972679,U,IB,1,4,8068,136874,143,25:00.0,3,22:00,266
7753990104,U,IB,1,2,660,137678,104,12:00.0,6,1:00,266
7753990122,U,IB,1,1,101,133513,111,46:00.0,3,20:00,266
7753990131,U,IB,1,2,527,134695,104,32:00.0,1,19:00,266
7753990140,U,IB,1,1,111,131479,125,18:00.0,1,17:00,266
7753990791,U,IB,1,6,1935,133513,111,55:00.0,3,21:00,266
7753990791,U,CTY,1,6,1935,133513,223,20:00.0,4,4:00,266
7753990800,U,IB,1,1,66,133513,111,38:00.0,3,21:00,266
775399081X,U,IB,1,1,138,133513,111,53:00.0,3,20:00,266
7753990856,U,IB,1,1,710,140034,151,00:00.0,5,20:00,266
7753990865,U,IB,1,1,510,127099,104,51:00.0,6,10:00,266
7753990865,U,CTY,1,1,510,127099,231,53:00.0,6,10:00,266
7753990975,U,IB,1,1,467,202245,108,11:00.0,7,4:00,266
7753990975,U,IB,1,1,467,202245,117,49:00.0,6,16:00,266
7753991507,U,IB,1,1,930,133513,111,10:00.0,3,22:00,266
7753992313,U,CTY,1,1,269,137197,168,45:00.0,3,21:00,266
7753994082,U,IB,1,1,515,202245,117,31:00.0,6,17:00,266
775399411X,U,IB,1,1,560,134695,104,55:00.0,1,18:00,266
7753994201,U,IB,1,9,4803,133513,111,36:00.0,3,20:00,266
7753994210,U,IB,1,2,1165,133513,111,36:00.0,3,22:00,266
7753994210,U,OB,1,2,1165,133513,94,30:00.0,4,12:00,266
7753994239,U,IB,1,1,222,133513,111,32:00.0,3,22:00,266
7753998720,U,CTY,1,1,45,124100,231,25:00.0,3,15:00,896
7753998720,U,CTY,1,1,45,124100,188,21:00.0,4,14:00,896
7753998720,U,CTY,1,1,45,124100,238,08:00.0,5,21:00,896
7753998720,U,CTY,1,1,45,124100,233,43:00.0,7,2:00,896
7753998720,U,CTY,1,1,45,124100,233,43:00.0,7,2:00,896
7754016733,U,IB,1,2,1654,134314,141,40:00.0,6,15:00,882
7754019052,U,IB,1,1,520,125402,105,37:00.0,3,21:00,882
7754021216,U,IB,1,2,3760,134735,143,02:00.0,3,13:00,882
7754022197,U,IB,1,2,1729,135735,131,26:00.0,7,19:00,882
7754027046,U,IB,1,1,590,131485,160,38:00.0,7,13:00,882
7754027046,U,IB,1,1,590,131485,158,17:00.0,7,7:00,882
7754040383,U,IB,1,1,530,135543,163,50:00.0,7,0:00,882
7754046094,U,IB,1,1,602,135735,131,55:00.0,7,18:00,882
7754055325,U,CTY,1,1,513,128152,175,59:00.0,4,17:00,873
7754055655,U,IB,1,1,158,138145,158,07:00.0,5,12:00,873
7754055839,U,CTY,1,3,157,130634,189,47:00.0,1,12:00,873
7754055866,U,CTY,1,3,195,130634,189,53:00.0,1,13:00,873
7754055866,U,CTY,1,3,195,130634,214,48:00.0,3,7:00,873
7754056012,U,IB,1,5,381,261258,152,00:00.0,5,12:00,873
7754056104,U,CTY,1,6,138,133770,195,27:00.0,5,15:00,873
7754056627,U,CTY,1,5,3870,138882,187,21:00.0,7,6:00,873
7754057269,U,CTY,1,2,640,137902,174,35:00.0,2,15:00,873
7754058286,U,CTY,1,1,140,129962,172,09:00.0,4,13:00,873
7754058396,U,IB,1,3,490,134289,129,20:00.0,7,16:00,873
7754059835,U,CTY,1,5,244,132787,188,16:00.0,5,7:00,873
7754059844,U,CTY,1,2,102,132787,188,23:00.0,5,6:00,873
7754060522,U,CTY,1,1,360,137902,174,43:00.0,2,15:00,873
7754061577,U,IB,1,1,2110,133622,145,25:00.0,3,9:00,873
7754061851,U,CTY,1,4,258,135843,194,15:00.0,3,20:00,873
7754061916,U,CTY,1,3,1042,135843,194,25:00.0,3,18:00,873
7754067279,U,CTY,1,1,330,136041,172,02:00.0,7,3:00,873
7754067351,U,CTY,1,1,270,128154,172,04:00.0,3,15:00,873
7754067764,U,CTY,1,1,150,129962,172,49:00.0,4,12:00,873
7754067773,U,CTY,1,1,210,129962,172,28:00.0,4,12:00,873
7754068846,U,IB,1,6,3122,261196,152,15:00.0,5,8:00,873
7754070267,U,IB,1,2,1920,135491,151,01:00.0,7,4:00,873
7754070478,U,IB,1,1,459,133442,145,29:00.0,7,23:00,873
7754070496,U,IB,1,4,2380,137762,158,54:00.0,1,8:00,873
7754070743,U,CTY,1,3,1068,137902,174,13:00.0,2,15:00,873
7754072081,U,IB,1,3,1369,135232,164,21:00.0,5,8:00,873
775407210X,U,IB,1,2,1058,135232,164,39:00.0,5,7:00,873
7754072741,U,CTY,1,1,150,138345,195,36:00.0,4,15:00,873
7754072833,U,CTY,1,3,1068,137867,197,46:00.0,4,21:00,873
7754073044,U,IB,1,1,268,133117,164,58:00.0,2,21:00,873
7754073071,U,IB,1,1,709,128068,133,23:00.0,3,11:00,873
7754073145,U,CTY,1,1,195,128152,175,46:00.0,4,17:00,873
7754076921,U,IB,1,1,320,279882,158,56:00.0,7,8:00,873
7754077040,U,IB,1,3,141,135803,116,39:00.0,2,10:00,873
775407760X,U,IB,1,3,274,138145,158,12:00.0,5,11:00,873
7754080524,U,CTY,1,3,450,261344,172,09:00.0,1,16:00,873
7754083063,U,CTY,1,1,190,138345,195,44:00.0,4,15:00,873
7754083173,U,CTY,1,2,673,129962,172,56:00.0,4,12:00,873
7754083256,U,CTY,1,1,250,137902,174,52:00.0,2,14:00,873
7754085795,U,IB,1,2,288,121096,133,07:00.0,1,13:00,873
7754086758,U,IB,1,4,2847,126878,133,32:00.0,4,7:00,873
7754086767,U,IB,1,2,674,126878,133,05:00.0,4,7:00,873
7754091221,U,CTY,1,1,2,261344,172,23:00.0,1,12:00,873
7754091304,U,CTY,1,1,40,130945,169,42:00.0,2,10:00,873
7754091313,U,CTY,1,1,2,130945,169,01:00.0,2,14:00,873
775409135X,U,CTY,1,1,141,130945,169,17:00.0,2,10:00,873
7754091506,U,IB,1,1,650,130905,164,15:00.0,1,10:00,873
7754091551,U,IB,1,1,576,134289,129,05:00.0,7,16:00,873
7754091560,U,CTY,1,1,135,128152,175,32:00.0,4,18:00,873
7754091652,U,CTY,1,1,102,128152,175,20:00.0,4,18:00,873
7754091661,U,CTY,1,1,191,128152,175,16:00.0,4,18:00,873
775409168X,U,CTY,1,1,350,128152,175,51:00.0,4,17:00,873
7754092990,U,IB,1,1,187,128152,121,52:00.0,4,22:00,873
7754092990,U,CTY,1,1,187,128152,175,31:00.0,4,19:00,873
7754093055,U,IB,1,21,978,128529,133,50:00.0,3,8:00,873
7754097143,U,IB,1,2,1256,202385,117,38:00.0,5,12:00,873
7754097161,U,IB,1,1,333,121096,133,58:00.0,1,14:00,873
7754097208,U,IB,1,1,1396,121096,133,37:00.0,1,14:00,873
7754097271,U,IB,1,9,3500,127765,127,32:00.0,2,12:00,873
775409729X,U,CTY,1,1,365,130945,169,29:00.0,2,10:00,873
7754097309,U,CTY,1,1,235,130945,169,24:00.0,2,10:00,873
7754097318,U,CTY,1,1,200,130945,169,53:00.0,2,9:00,873
7754100535,U,CTY,1,4,3058,128152,175,13:00.0,4,20:00,873
7754102524,U,IB,1,1,740,128068,133,06:00.0,3,11:00,873
7754155315,U,IB,1,2,330,125180,152,54:00.0,5,11:00,873
7754155360,U,IB,1,2,550,125180,152,30:00.0,5,12:00,873
7754155398,U,IB,1,1,340,125180,152,41:00.0,5,12:00,873
775415548X,U,CTY,1,1,250,252131,189,13:00.0,3,12:00,873
7754155580,U,CTY,1,1,114,135540,174,34:00.0,1,8:00,873
7754155672,U,CTY,1,1,119,135540,174,41:00.0,1,7:00,873
7754155737,U,CTY,1,1,171,135540,174,20:00.0,1,7:00,873
7754156011,U,IB,1,1,77,133622,145,52:00.0,3,6:00,873
7754156662,U,CTY,1,1,237,137134,173,49:00.0,2,22:00,873
7754156763,U,IB,1,4,598,133622,145,53:00.0,3,10:00,873
7754156790,U,IB,1,1,228,279882,158,27:00.0,7,10:00,873
7754157964,U,IB,1,1,285,134558,145,11:00.0,7,9:00,873
7754158193,U,IB,1,1,341,133622,145,49:00.0,3,8:00,873
7754159100,U,CTY,1,2,129,132787,188,45:00.0,5,11:00,873
775415933X,U,CTY,1,3,196,130753,187,47:00.0,3,9:00,873
7754159495,U,CTY,1,10,477,130965,172,27:00.0,2,22:00,873
7754159569,U,IB,1,3,170,135803,116,41:00.0,2,11:00,873
7754159641,U,IB,1,3,167,135803,116,01:00.0,2,13:00,873
7754159733,U,CTY,1,1,95,137849,196,07:00.0,3,4:00,873
7754161291,U,IB,1,3,159,135862,141,06:00.0,7,18:00,873
7754168066,U,IB,1,1,305,133622,166,14:00.0,3,10:00,873
7754168066,U,IB,1,1,305,133622,145,12:00.0,3,10:00,873
7754168084,U,IB,1,1,150,135491,151,18:00.0,7,3:00,873
7754168111,U,CTY,1,3,2268,129622,169,13:00.0,3,20:00,873
7754168111,U,CTY,1,3,2268,129622,233,53:00.0,6,2:00,873
7754168167,U,CTY,1,1,470,128154,172,52:00.0,3,15:00,873
7754168221,U,CTY,1,1,264,128154,172,57:00.0,3,13:00,873
7754168259,U,CTY,1,1,405,129962,172,24:00.0,4,12:00,873
7754172915,U,IB,1,2,947,125522,158,20:00.0,2,15:00,873
7754172924,U,IB,1,1,1090,125522,158,47:00.0,2,14:00,873
775417330X,U,IB,1,4,4405,133117,164,22:00.0,2,23:00,873
7754174125,U,CTY,1,1,100,131925,187,00:00.0,3,10:00,873
7754174152,U,CTY,1,5,300,131925,187,09:00.0,3,10:00,873
7754174354,U,CTY,1,2,1440,138345,195,48:00.0,4,15:00,873
7754174354,U,CTY,1,2,1440,138345,225,54:00.0,5,6:00,873
7754174648,U,CTY,1,1,150,137902,174,26:00.0,2,15:00,873
7754174904,U,IB,1,1,240,130905,164,58:00.0,1,11:00,873
7754174969,U,IB,1,1,150,134558,153,53:00.0,7,22:00,873
7754174969,U,IB,1,1,150,134558,145,43:00.0,7,10:00,873
775417506X,U,IB,1,1,456,280877,151,38:00.0,1,15:00,873
775417517X,U,IB,1,1,208,280877,151,23:00.0,1,15:00,873
7754175216,U,CTY,1,1,174,134441,185,02:00.0,1,9:00,873
7754175858,U,CTY,1,2,673,130945,169,03:00.0,2,14:00,873
7754177012,U,IB,1,1,500,129622,119,49:00.0,3,19:00,873
7754177012,U,CTY,1,1,500,129622,169,46:00.0,3,19:00,873
7754177012,U,IB,1,1,500,129622,135,08:00.0,4,2:00,873
7754177059,U,IB,1,1,585,130905,164,26:00.0,1,11:00,873
7754177068,U,IB,1,1,175,134558,145,07:00.0,7,9:00,873
7754177113,U,CTY,1,2,475,261344,172,07:00.0,1,12:00,873
7754177187,U,IB,1,1,10,128529,133,43:00.0,3,5:00,873
7754178112,U,IB,1,1,310,280877,151,30:00.0,1,15:00,873
775417814X,U,IB,1,1,6,121096,133,18:00.0,1,14:00,873
7754178159,U,IB,1,1,10,121096,133,15:00.0,1,14:00,873
7754178213,U,IB,1,1,10,121096,133,13:00.0,1,14:00,873
7754178709,U,IB,1,1,260,121096,133,51:00.0,1,12:00,873
7754178718,U,IB,1,2,797,121096,133,12:00.0,1,13:00,873
7754182696,U,IB,1,1,169,130775,152,16:00.0,3,18:00,873
7754184236,U,IB,1,1,210,128070,131,31:00.0,2,15:00,873
7754184593,U,IB,1,3,3856,279882,158,59:00.0,7,9:00,873
7754185309,U,IB,1,1,355,202385,117,40:00.0,5,13:00,873
7754185390,U,IB,1,1,366,130905,164,41:00.0,1,11:00,873
7754185419,U,IB,1,1,272,130905,164,37:00.0,1,11:00,873
7754185428,U,IB,1,2,2148,128529,133,12:00.0,3,8:00,873
7754187682,U,IB,1,2,760,121096,133,35:00.0,1,12:00,873
7754187691,U,IB,1,4,2635,135803,116,49:00.0,2,10:00,873
7754188966,U,IB,1,1,68,126575,151,59:00.0,2,22:00,873
7754193512,U,IB,1,1,530,125522,158,25:00.0,2,15:00,873
7754193961,U,CTY,1,1,244,128152,175,44:00.0,4,18:00,873
7754193970,U,CTY,1,1,230,128152,175,25:00.0,4,18:00,873
7754198866,U,IB,1,1,254,202385,117,46:00.0,5,13:00,873
7754425713,U,OB,1,2,629,125559,40,11:00.0,1,16:00,679
7754426126,U,IB,1,9,3219,530367,103,03:00.0,1,4:00,679
7754426768,U,OB,1,1,83,125559,40,56:00.0,1,16:00,679
7754426813,U,IB,1,1,130,139578,149,45:00.0,1,14:00,679
7754426950,U,IB,1,1,211,530367,103,11:00.0,7,20:00,679
775442696X,U,IB,1,3,555,530367,103,37:00.0,7,21:00,679
7754426979,U,IB,1,2,400,530367,103,46:00.0,7,21:00,679
7754426997,U,IB,1,1,336,530367,103,20:00.0,7,21:00,679
7754427060,U,CTY,1,1,214,127133,194,35:00.0,7,16:00,679
7754427089,U,CTY,1,1,387,127133,194,33:00.0,7,16:00,679
7754427170,U,CTY,1,1,280,R62112290,188,34:00.0,5,0:00,679
7754427482,U,CTY,1,1,482,R62112290,188,14:00.0,5,2:00,679
7754427720,U,OB,1,1,495,128783,63,39:00.0,6,19:00,679
7754427749,U,OB,1,5,1124,128783,63,00:00.0,7,0:00,679
775445050X,U,OB,1,1,74,128783,63,23:00.0,6,20:00,679
7754515482,U,OB,1,1,278,291167,46,40:00.0,5,13:00,730
7754515886,U,OB,1,1,151,140158,55,19:00.0,4,18:00,730
7754515895,U,OB,1,1,151,140158,55,19:00.0,4,18:00,730
7754516005,U,OB,1,1,237,290200,39,27:00.0,6,13:00,730
7754517114,U,OB,1,3,905,140166,38,25:00.0,3,20:00,730
7754517215,U,OB,1,3,1990,140166,38,47:00.0,3,20:00,730
775451727X,U,OB,1,1,460,127521,50,27:00.0,4,19:00,730
7754517307,U,OB,1,4,2675,127521,50,26:00.0,4,19:00,730
7754517325,U,OB,1,3,4389,130580,63,32:00.0,6,19:00,730
7754517408,U,OB,1,1,720,130580,63,34:00.0,6,19:00,730
7754517417,U,OB,1,1,1636,130830,40,49:00.0,6,19:00,730
7754517536,U,OB,1,1,235,131934,31,54:00.0,2,2:00,730
775451760X,U,OB,1,2,825,132104,25,43:00.0,1,6:00,730
7754518966,U,OB,1,1,135,140166,38,43:00.0,3,18:00,730
7754519552,U,OB,1,1,486,140379,39,41:00.0,5,21:00,730
7754519644,U,OB,1,1,4,136896,89,09:00.0,7,15:00,730
7754519671,U,OB,1,1,784,138890,49,22:00.0,6,16:00,730
7754519718,U,OB,1,1,111,140001,69,10:00.0,4,4:00,730
775452013X,U,OB,1,1,233,139464,31,47:00.0,6,14:00,730
7754520149,U,OB,1,1,188,139464,31,09:00.0,6,13:00,730
775452024X,U,OB,1,1,162,137607,32,58:00.0,7,20:00,730
7754520259,U,OB,1,1,108,137607,32,23:00.0,7,21:00,730
7754520515,U,OB,1,1,575,139464,31,16:00.0,6,15:00,730
7754520560,U,OB,1,1,102,136659,43,58:00.0,3,20:00,730
7754520616,U,OB,1,4,2936,131079,46,42:00.0,5,2:00,730
7754520625,U,OB,1,2,2925,134175,48,43:00.0,5,1:00,730
7754520625,U,CTY,1,2,2925,134175,233,26:00.0,6,21:00,730
7754520625,U,CTY,1,2,2925,134175,231,37:00.0,5,19:00,730
7754520643,U,OB,1,1,370,290200,39,12:00.0,6,13:00,730
7754520762,U,OB,1,1,30,140001,69,30:00.0,3,22:00,730
775452079X,U,OB,1,1,50,140001,69,39:00.0,3,22:00,730
7754520827,U,OB,1,1,38,291139,14,46:00.0,4,12:00,730
7754520955,U,OB,1,1,45,126565,73,15:00.0,6,15:00,730
7754520973,U,OB,1,1,45,126565,73,15:00.0,6,15:00,730
7754520991,U,OB,1,1,40,126565,73,10:00.0,6,15:00,730
775452101X,U,OB,1,1,70,126565,73,15:00.0,6,15:00,730
7754521038,U,OB,1,1,38,126565,73,09:00.0,6,15:00,730
7754521056,U,OB,1,1,34,126565,73,12:00.0,6,15:00,730
7754521065,U,OB,1,1,80,137607,32,06:00.0,7,20:00,730
7754521175,U,OB,1,1,35,136659,43,11:00.0,3,21:00,730
7754521202,U,OB,1,1,55,136659,43,15:00.0,3,21:00,730
7754521211,U,OB,1,1,130,136659,43,20:00.0,3,21:00,730
7754521249,U,OB,1,1,56,134175,48,33:00.0,5,1:00,730
7754521368,U,OB,1,1,300,130830,40,25:00.0,6,18:00,730
7754521395,U,OB,1,4,1305,135152,38,04:00.0,5,4:00,730
7754521404,U,OB,1,6,180,140379,39,06:00.0,5,21:00,730
7754522798,U,OB,1,4,5125,140166,38,12:00.0,3,19:00,730
7754522807,U,OB,1,1,980,139818,51,04:00.0,4,17:00,730
7754522816,U,OB,1,1,350,139818,51,58:00.0,4,16:00,730
7754522935,U,OB,1,1,150,134799,43,21:00.0,5,11:00,730
7754522962,U,OB,1,9,7755,126565,73,14:00.0,6,16:00,730
7754522971,U,OB,1,1,1245,131079,46,33:00.0,5,4:00,730
7754524805,U,OB,1,1,385,139818,51,24:00.0,4,17:00,730
7754524832,U,OB,1,1,4,139818,51,37:00.0,4,18:00,730
7754524951,U,OB,1,1,6,127742,75,42:00.0,7,17:00,730
7754525364,U,OB,1,1,717,135685,39,08:00.0,1,18:00,730
7754525373,U,OB,1,1,339,135685,39,00:00.0,1,18:00,730
7754525382,U,OB,1,3,739,135685,39,45:00.0,1,18:00,730
7754525465,U,OB,1,5,6220,136659,43,22:00.0,3,23:00,730
7754525501,U,CTY,1,2,533,140158,193,23:00.0,5,1:00,730
7754525501,U,OB,1,2,533,140158,55,07:00.0,4,20:00,730
7754525777,U,OB,1,1,598,133715,17,19:00.0,3,18:00,730
7754525822,U,OB,1,1,294,133715,17,22:00.0,3,18:00,730
7754525840,U,OB,1,1,264,133715,17,49:00.0,3,18:00,730
7754525887,U,OB,1,4,876,132179,22,36:00.0,1,12:00,730
7754525896,U,OB,1,1,493,132179,22,50:00.0,1,10:00,730
7754525914,U,OB,1,1,616,132179,23,01:00.0,1,11:00,730
7754525914,U,OB,1,1,616,132179,22,00:00.0,1,11:00,730
7754525923,U,CTY,1,1,351,126379,197,26:00.0,1,10:00,730
7754526089,U,OB,1,3,495,130580,63,26:00.0,6,17:00,730
7754526134,U,OB,1,1,345,127742,75,49:00.0,7,17:00,730
7754526161,U,OB,1,1,773,139464,31,11:00.0,6,14:00,730
7754526262,U,OB,1,1,749,132864,38,36:00.0,4,4:00,730
7754526336,U,OB,1,3,1560,135146,67,08:00.0,7,18:00,730
7754526354,U,OB,1,6,1617,138890,49,46:00.0,6,16:00,730
7754526372,U,OB,1,1,266,135146,67,13:00.0,7,20:00,730
7754526428,U,OB,1,1,400,127828,40,50:00.0,4,13:00,730
7754526455,U,OB,1,2,565,127828,40,54:00.0,4,13:00,730
7754526500,U,OB,1,4,2598,134799,43,35:00.0,5,12:00,730
775452651X,U,OB,1,1,218,135685,39,14:00.0,1,18:00,730
7754526538,U,OB,1,1,744,135685,39,46:00.0,1,17:00,730
7754526565,U,OB,1,3,675,136659,43,38:00.0,3,23:00,730
7754526583,U,OB,1,1,559,136659,43,14:00.0,4,0:00,730
7754526978,U,OB,1,5,3233,131934,31,05:00.0,2,3:00,730
7754526987,U,OB,1,1,725,130738,48,00:00.0,2,17:00,730
7754527308,U,OB,1,2,445,138725,48,05:00.0,7,23:00,730
7754527344,U,OB,1,1,267,138725,48,26:00.0,7,22:00,730
7754527362,U,OB,1,1,610,138725,48,32:00.0,7,22:00,730
7754527519,U,OB,1,2,751,140158,55,47:00.0,4,18:00,730
7754527537,U,OB,1,3,2142,291167,46,54:00.0,5,14:00,730
7754527537,U,OB,1,3,2142,291167,34,04:00.0,5,15:00,730
7754528572,U,OB,1,2,1855,290398,51,31:00.0,7,18:00,730
775452860X,U,OB,1,8,1525,290398,51,04:00.0,7,18:00,730
7754528655,U,OB,1,1,146,127828,40,33:00.0,4,12:00,730
7754528792,U,OB,1,2,691,128204,26,16:00.0,4,1:00,730
7754528792,U,OB,1,2,691,128204,23,23:00.0,4,2:00,730
7754528857,U,OB,1,2,1050,126164,49,26:00.0,4,19:00,730
7754528875,U,OB,1,1,190,132864,38,52:00.0,4,2:00,730
7754529800,U,IB,1,1,179,139600,112,36:00.0,5,12:00,730
775452981X,U,OB,1,1,153,128238,26,20:00.0,6,7:00,730
7754529829,U,OB,1,1,898,134799,43,55:00.0,5,12:00,730
7754529829,U,CTY,1,1,898,134799,190,20:00.0,5,18:00,730
7754529847,U,OB,1,1,898,134799,43,11:00.0,5,13:00,730
7754529865,U,OB,1,5,1245,127828,40,46:00.0,4,13:00,730
7754529883,U,OB,1,1,536,140001,69,27:00.0,4,0:00,730
7754529901,U,OB,1,6,11180,132372,48,35:00.0,1,3:00,730
7754529939,U,OB,1,1,310,290348,44,26:00.0,5,1:00,730
7754529939,U,OB,1,1,310,290348,44,26:00.0,5,1:00,730
775453003X,U,OB,1,5,8840,140379,39,13:00.0,5,22:00,730
7754530130,U,OB,1,2,1904,140001,69,14:00.0,4,1:00,730
7754530213,U,OB,1,1,270,134799,43,42:00.0,5,11:00,730
7754533138,U,OB,1,3,2720,290398,36,18:00.0,7,19:00,730
7754533138,U,OB,1,3,2720,290398,51,17:00.0,7,19:00,730
7754533156,U,OB,1,5,8961,137607,32,47:00.0,7,22:00,730
7754533358,U,OB,1,1,154,132179,22,46:00.0,1,10:00,730
7754533504,U,OB,1,1,60,133182,51,46:00.0,7,1:00,730
7754533807,U,OB,1,1,165,134799,43,32:00.0,5,11:00,730
7754533899,U,IB,1,1,581,139600,112,02:00.0,5,14:00,730
7754533917,U,OB,1,1,399,128238,26,38:00.0,6,6:00,730
7754533962,U,IB,1,1,700,139600,112,47:00.0,5,12:00,730
7754534018,U,OB,1,4,950,131079,46,06:00.0,5,4:00,730
7754534036,U,OB,1,1,177,135685,39,29:00.0,1,16:00,730
7754534292,U,OB,1,1,185,131079,46,30:00.0,5,4:00,730
7754534301,U,OB,1,1,120,131079,46,29:00.0,5,4:00,730
775453432X,U,OB,1,2,792,291167,46,48:00.0,5,14:00,730
7754534375,U,OB,1,1,54,290405,18,03:00.0,6,15:00,730
7754534402,U,OB,1,2,1118,290200,39,26:00.0,6,14:00,730
775453476X,U,OB,1,1,1600,133715,17,31:00.0,3,18:00,730
7754534889,U,OB,1,1,347,126080,49,02:00.0,5,23:00,730
7754534916,U,OB,1,1,187,126080,49,49:00.0,5,22:00,730
7754534952,U,OB,1,1,105,126080,49,45:00.0,5,20:00,730
7754534999,U,OB,1,2,1860,130830,40,00:00.0,6,20:00,730
7754535549,U,OB,1,3,2525,132864,38,56:00.0,4,1:00,730
7754535558,U,OB,1,2,1251,132864,38,59:00.0,4,0:00,730
7754535585,U,CTY,1,2,1830,136913,195,07:00.0,5,23:00,730
7754535603,U,CTY,1,7,6766,132372,216,19:00.0,2,11:00,730
7754535603,U,OB,1,7,6766,132372,48,18:00.0,1,4:00,730
7754535612,U,OB,1,2,1915,127828,40,49:00.0,4,12:00,730
7754535630,U,OB,1,2,1313,130877,96,08:00.0,3,18:00,730
7754535778,U,OB,1,1,220,136896,89,57:00.0,7,16:00,730
7754535796,U,OB,1,1,415,127828,40,35:00.0,4,12:00,730
775453586X,U,OB,1,1,340,127828,40,05:00.0,4,14:00,730
7754535989,U,OB,1,1,240,135146,67,06:00.0,7,19:00,730
7754536676,U,OB,1,3,1772,131416,84,21:00.0,1,10:00,730
7754537830,U,OB,1,1,350,127828,40,12:00.0,4,12:00,730
7754538371,U,OB,1,4,1550,130830,40,44:00.0,6,19:00,730
7754538445,U,OB,1,1,365,132864,38,56:00.0,4,0:00,730
7754538454,U,OB,1,1,535,132864,38,01:00.0,4,2:00,730
775453850X,U,OB,1,1,261,135152,38,49:00.0,5,4:00,730
7754538775,U,OB,1,1,2240,132179,22,17:00.0,1,11:00,730
7754540279,U,OB,1,1,310,127742,9,03:00.0,7,18:00,730
7754540279,U,OB,1,1,310,127742,75,08:00.0,7,17:00,730
7754540297,U,OB,1,2,90,130830,40,32:00.0,6,18:00,730
7754540416,U,OB,1,2,105,140166,38,47:00.0,3,17:00,730
7754541020,U,OB,1,1,150,290200,47,24:00.0,6,13:00,730
7754541020,U,OB,1,1,150,290200,45,33:00.0,6,13:00,730
7754541020,U,OB,1,1,150,290200,47,24:00.0,6,13:00,730
775454103X,U,OB,1,4,2060,291167,46,02:00.0,5,15:00,730
7754541168,U,OB,1,7,3626,133791,55,34:00.0,6,6:00,730
7754541186,U,OB,1,1,920,134799,43,34:00.0,5,11:00,730
7754541195,U,OB,1,3,3130,134799,43,23:00.0,5,12:00,730
7754541727,U,OB,1,1,830,139647,63,32:00.0,3,20:00,730
7754541736,U,OB,1,2,80,139647,63,34:00.0,3,20:00,730
7754542075,U,OB,1,1,395,137607,32,03:00.0,7,22:00,730
7754542084,U,OB,1,1,210,139464,31,07:00.0,6,15:00,730
7754542111,U,OB,1,1,434,139464,31,05:00.0,6,15:00,730
7754542268,U,OB,1,1,224,140158,55,14:00.0,4,19:00,730
7754542277,U,OB,1,1,150,140158,55,59:00.0,4,18:00,730
7754542304,U,OB,1,1,250,140158,55,50:00.0,4,19:00,730
7754542313,U,OB,1,1,150,140158,55,56:00.0,4,18:00,730
7754542331,U,OB,1,1,150,140158,55,44:00.0,4,19:00,730
775454235X,U,OB,1,1,150,140158,55,46:00.0,4,19:00,730
7754544046,U,OB,1,1,150,126565,73,10:00.0,6,18:00,730
7754544064,U,OB,1,1,115,130877,96,16:00.0,3,18:00,730
7754544073,U,OB,1,1,385,130877,96,51:00.0,3,18:00,730
7754544257,U,OB,1,1,174,137607,32,18:00.0,7,22:00,730
775454477X,U,OB,1,1,215,135685,39,53:00.0,1,17:00,730
7754544861,U,OB,1,1,825,135685,39,34:00.0,1,17:00,730
7754544899,U,OB,1,1,160,137607,32,13:00.0,7,22:00,730
7754544944,U,IB,1,1,485,139600,112,10:00.0,5,14:00,730
7754545054,U,OB,1,1,150,126164,49,38:00.0,4,19:00,730
7754545128,U,OB,1,1,245,126164,49,45:00.0,4,19:00,730
7754545182,U,OB,1,1,650,126164,49,49:00.0,4,18:00,730
7754545191,U,OB,1,1,665,126164,49,03:00.0,4,20:00,730
7754545238,U,OB,1,1,595,127828,40,39:00.0,4,12:00,730
7754545577,U,OB,1,2,5265,290200,39,43:00.0,6,13:00,730
7754545797,U,OB,1,7,190,127828,40,08:00.0,4,12:00,730
7754545815,U,OB,1,1,190,127828,40,51:00.0,4,11:00,730
7754546127,U,OB,1,1,374,130580,63,25:00.0,6,20:00,730
7754546145,U,OB,1,1,860,130580,63,26:00.0,6,20:00,730
7754546163,U,OB,1,1,420,130580,63,27:00.0,6,20:00,730
7754546502,U,OB,1,1,215,131079,46,12:00.0,5,3:00,730
7754547263,U,OB,1,1,358,125319,31,21:00.0,1,9:00,730
7754547539,U,OB,1,1,106,132864,38,43:00.0,4,1:00,730
7754547548,U,OB,1,1,385,132864,38,01:00.0,4,3:00,730
7754547557,U,OB,1,2,1350,132864,38,48:00.0,4,0:00,730
7754547566,U,OB,1,1,375,132864,38,28:00.0,4,2:00,730
7754547575,U,OB,1,1,720,132864,38,59:00.0,4,2:00,730
7754547611,U,OB,1,1,315,132864,38,39:00.0,4,4:00,730
7754547685,U,OB,1,2,243,132864,38,39:00.0,4,3:00,730
7754547730,U,OB,1,1,465,132864,38,34:00.0,4,2:00,730
7754547759,U,OB,1,1,315,132864,38,03:00.0,4,2:00,730
7754547831,U,IB,1,2,495,139600,112,57:00.0,5,13:00,730
7754547869,U,OB,1,1,375,138890,49,31:00.0,6,16:00,730
7754547950,U,OB,1,1,680,138890,49,34:00.0,6,16:00,730
7754548006,U,OB,1,1,255,126164,49,32:00.0,4,18:00,730
7754548015,U,OB,1,1,155,135685,39,37:00.0,1,16:00,730
7754548033,U,OB,1,1,160,137607,32,54:00.0,7,22:00,730
7754548042,U,OB,1,1,120,135685,39,06:00.0,1,17:00,730
7754548051,U,OB,1,1,150,130877,96,41:00.0,3,18:00,730
7754548089,U,OB,1,1,120,136659,43,30:00.0,3,23:00,730
7754548125,U,OB,1,1,120,136659,43,46:00.0,3,22:00,730
7754548143,U,OB,1,1,110,130877,96,32:00.0,3,18:00,730
7754548161,U,OB,1,1,115,130877,96,00:00.0,3,18:00,730
775454818X,U,OB,1,1,345,130877,96,01:00.0,3,18:00,730
7754548199,U,OB,1,1,385,130877,96,10:00.0,3,19:00,730
7754548208,U,OB,1,1,355,130877,96,53:00.0,3,18:00,730
7754548217,U,OB,1,1,120,140158,55,17:00.0,4,19:00,730
7754548226,U,OB,1,1,165,130877,96,24:00.0,3,19:00,730
7754548235,U,OB,1,1,125,130877,96,27:00.0,3,18:00,730
7754548244,U,OB,1,1,375,130877,96,08:00.0,3,19:00,730
7754548253,U,OB,1,1,603,130877,96,22:00.0,3,18:00,730
7754551351,U,OB,1,1,415,126080,49,47:00.0,5,20:00,730
775455137X,U,OB,1,3,5110,127521,50,29:00.0,4,19:00,730
7754551398,U,OB,1,1,150,127521,50,10:00.0,4,19:00,730
7754551737,U,OB,1,1,490,132864,38,32:00.0,4,2:00,730
7754551764,U,OB,1,1,520,127828,40,57:00.0,4,13:00,730
7754551883,U,OB,1,1,1104,139647,63,14:00.0,3,18:00,730
7754552020,U,OB,1,1,250,290398,51,42:00.0,7,16:00,730
7754552094,U,OB,1,1,420,134175,48,04:00.0,5,2:00,730
7754552103,U,OB,1,1,465,134175,48,15:00.0,5,3:00,730
7754552406,U,OB,1,2,648,130580,63,58:00.0,6,19:00,730
7754553753,U,OB,1,1,194,135412,89,03:00.0,1,18:00,730
7754553809,U,OB,1,1,257,118364,32,22:00.0,1,22:00,730
7754553836,U,OB,1,1,500,133715,17,17:00.0,3,18:00,730
7754553863,U,OB,1,1,525,139818,51,10:00.0,4,18:00,730
7754553890,U,OB,1,1,495,130580,63,26:00.0,6,18:00,730
775455390X,U,OB,1,1,300,130580,63,31:00.0,6,18:00,730
7754553919,U,OB,1,1,744,130580,63,23:00.0,6,18:00,730
7754553982,U,OB,1,2,1950,140379,39,30:00.0,5,21:00,730
7754554038,U,OB,1,1,562,128105,76,46:00.0,7,22:00,730
7754554047,U,OB,1,5,4480,135146,67,58:00.0,7,19:00,730
7754554074,U,OB,1,1,342,140001,64,48:00.0,4,3:00,730
7754554074,U,OB,1,1,342,140001,69,47:00.0,4,3:00,730
7754554083,U,OB,1,1,470,140001,69,20:00.0,4,1:00,730
7754554092,U,OB,1,5,4025,140001,69,02:00.0,4,4:00,730
775455412X,U,OB,1,1,2983,134799,43,17:00.0,5,11:00,730
7754554175,U,OB,1,1,208,128238,26,52:00.0,6,6:00,730
7754554193,U,IB,1,1,585,139600,112,40:00.0,5,13:00,730
7754554211,U,OB,1,1,470,135685,39,43:00.0,1,16:00,730
7754554220,U,OB,1,4,877,137607,32,28:00.0,7,20:00,730
7754554267,U,CTY,1,1,554,136484,O   ,21:00.0,4,18:00,730
7754554267,U,OB,1,1,554,136484,17,20:00.0,4,11:00,730
7754554276,U,OB,1,1,318,140179,49,47:00.0,4,9:00,730
7754554285,U,OB,1,2,564,131079,46,26:00.0,5,1:00,730
7754554312,U,OB,1,2,3554,131079,46,45:00.0,5,2:00,730
7754554395,U,OB,1,1,985,138725,48,12:00.0,7,22:00,730
7754555697,U,OB,1,3,485,126080,49,38:00.0,6,0:00,730
775455577X,U,OB,1,2,698,133182,51,18:00.0,7,2:00,730
7754555807,U,OB,1,1,1046,138890,49,15:00.0,6,17:00,730
775455808X,U,OB,1,1,311,131934,31,15:00.0,2,4:00,730
7754558153,U,OB,1,1,74,131934,31,24:00.0,2,4:00,730
7754558153,U,OB,1,1,74,131934,34,01:00.0,2,10:00,730
7754558162,U,OB,1,1,386,131934,31,13:00.0,2,4:00,730
7754558180,U,OB,1,1,551,131934,31,27:00.0,2,4:00,730
7754558245,U,OB,1,1,135,126080,49,57:00.0,5,22:00,730
7754558447,U,IB,1,1,298,139600,112,13:00.0,5,13:00,730
7754558456,U,OB,1,1,264,128238,26,30:00.0,6,6:00,730
7754558465,U,OB,1,4,705,131079,46,43:00.0,5,4:00,730
7754558483,U,OB,1,4,845,131079,46,34:00.0,5,4:00,730
775457876X,U,OB,1,1,650,130877,96,57:00.0,3,17:00,730
7754580272,U,IB,1,2,910,132162,158,56:00.0,7,15:00,730
7754588037,U,IB,1,1,414,139600,112,13:00.0,5,13:00,730
7754588082,U,OB,1,2,3222,139464,16,56:00.0,6,20:00,730
7754588082,U,OB,1,2,3222,139464,31,59:00.0,6,14:00,730
7754588100,U,OB,1,1,288,139464,31,14:00.0,6,15:00,730
775458811X,U,OB,1,1,1050,135685,39,38:00.0,1,17:00,730
7754588174,U,OB,1,1,160,136659,43,19:00.0,3,22:00,730
7754588210,U,OB,1,3,2715,140158,55,40:00.0,4,18:00,730
775458822X,U,OB,1,1,980,131079,46,12:00.0,5,4:00,730
7754588239,U,OB,1,1,357,134175,48,28:00.0,5,3:00,730
7754588513,U,OB,1,2,700,133791,55,33:00.0,6,4:00,730
7754589018,U,OB,1,3,1141,136659,43,22:00.0,4,0:00,730
7754589027,U,OB,1,1,1550,136659,43,33:00.0,4,0:00,730
7754589054,U,OB,1,1,303,136659,43,52:00.0,3,21:00,730
7754589063,U,OB,1,1,303,136659,43,29:00.0,4,0:00,730
7754589119,U,OB,1,1,576,290200,27,05:00.0,6,15:00,730
7754589119,U,OB,1,1,576,290200,39,49:00.0,6,14:00,730
7754589274,U,OB,1,7,980,135685,39,23:00.0,1,19:00,730
7754589393,U,OB,1,1,250,291167,46,03:00.0,5,15:00,730
7754590329,U,OB,1,1,93,130830,40,38:00.0,6,18:00,730
7754590338,U,OB,1,1,145,130830,40,59:00.0,6,18:00,730
7754590347,U,OB,1,1,163,130830,27,24:00.0,7,16:00,730
7754590347,U,OB,1,1,163,130830,40,44:00.0,6,18:00,730
7754590374,U,OB,1,1,146,132179,22,26:00.0,1,10:00,730
7754590448,U,OB,1,2,742,126164,49,28:00.0,4,18:00,730
7754590502,U,OB,1,1,39,140379,39,47:00.0,5,20:00,730
7754590520,U,OB,1,1,116,140379,39,52:00.0,5,20:00,730
7754590576,U,OB,1,2,1112,140379,39,56:00.0,5,20:00,730
7754590585,U,OB,1,1,55,138890,49,05:00.0,6,16:00,730
7754590594,U,OB,1,1,25,290398,51,04:00.0,7,17:00,730
7754590603,U,OB,1,1,41,290398,51,09:00.0,7,16:00,730
7754590612,U,OB,1,1,755,290398,51,37:00.0,7,16:00,730
7754590621,U,OB,1,1,45,139647,63,27:00.0,3,18:00,730
7754590668,U,OB,1,1,41,139647,63,30:00.0,3,18:00,730
7754590686,U,OB,1,1,1090,139647,63,19:00.0,3,18:00,730
7754590713,U,OB,1,1,51,291139,14,34:00.0,4,13:00,730
7754590796,U,OB,1,1,94,139464,31,56:00.0,6,13:00,730
7754590805,U,OB,1,1,94,139464,31,58:00.0,6,13:00,730
7754590814,U,OB,1,1,247,139464,31,03:00.0,6,14:00,730
7754590823,U,OB,1,1,221,137607,32,30:00.0,7,21:00,730
7754590915,U,OB,1,1,338,291167,46,45:00.0,5,13:00,730
7754590933,U,OB,1,1,147,290200,39,54:00.0,6,12:00,730
7754590942,U,OB,1,1,279,290200,39,07:00.0,6,13:00,730
775459097X,U,OB,1,1,37,290200,39,50:00.0,6,12:00,730
7754590989,U,OB,1,1,221,290200,39,47:00.0,6,12:00,730
7754590998,U,OB,1,1,58,290200,39,52:00.0,6,12:00,730
7754591007,U,OB,1,1,757,290200,39,00:00.0,6,13:00,730
7754591043,U,OB,1,1,556,290200,39,57:00.0,6,12:00,730
7754591061,U,OB,1,2,24,138725,48,39:00.0,7,21:00,730
7754610531,U,OB,1,2,761,128131,51,08:00.0,2,12:00,730
7754612062,U,OB,1,1,831,138725,48,02:00.0,7,22:00,730
7754721925,U,CTY,1,3,753,CVEN46008,173,53:00.0,7,10:00,135
7754731147,U,CTY,1,1,93,CVEN44868,187,42:00.0,7,17:00,135
7754735336,U,CTY,1,2,702,CVEN46008,173,20:00.0,7,10:00,135
775473606X,U,CTY,1,4,1470,CVEN46008,173,35:00.0,7,10:00,135
7754744998,U,OB,1,3,893,139806,95,53:00.0,4,0:00,135
775474750X,U,CTY,1,1,105,138282,169,19:00.0,2,22:00,135
7754750983,U,IB,1,1,83,CVEN45772,103,59:00.0,6,12:00,135
775475102X,U,IB,1,2,166,CVEN45772,103,03:00.0,6,13:00,135
7754751928,U,CTY,1,1,75,135608,188,11:00.0,5,20:00,135
7754754146,U,CTY,1,1,95,133807,187,15:00.0,4,5:00,135
7754754741,U,CTY,1,3,243,128784,197,18:00.0,5,6:00,135
7754754961,U,IB,1,1,135,CVEN44168,116,46:00.0,7,6:00,135
7754758308,U,CTY,1,1,83,CVEN44868,187,44:00.0,7,17:00,135
775475850X,U,CTY,1,1,110,CVEN44152,169,28:00.0,1,22:00,135
7754780308,U,CTY,1,1,3430,128784,197,28:00.0,5,7:00,135
7754780418,U,CTY,1,1,3028,CVEN44152,169,49:00.0,1,22:00,135
7754797522,U,CTY,1,1,2132,132314,173,28:00.0,7,19:00,135
7754797531,U,IB,1,1,958,CVEN44615,113,04:00.0,6,12:00,135
7754797540,U,IB,1,1,834,CVEN44615,113,44:00.0,6,12:00,135
7754797843,U,CTY,1,1,1689,CVEN45093,214,10:00.0,1,9:00,135
7754800997,U,CTY,1,1,1915,132773,176,25:00.0,6,18:00,135
7754803792,U,CTY,1,1,120,127847,192,15:00.0,3,4:00,135
7754803792,U,OB,1,1,120,127847,95,28:00.0,5,3:00,135
7754811914,U,IB,1,3,3665,131375,117,29:00.0,6,15:00,135
7754865511,U,OB,1,1,200,290957,67,53:00.0,6,2:00,409
7754865960,U,OB,1,1,185,290957,67,38:00.0,6,5:00,409
775486597X,U,OB,1,1,121,290957,67,42:00.0,6,5:00,409
7754865998,U,OB,1,1,475,135629,76,21:00.0,6,14:00,409
7754866016,U,OB,1,1,185,126046,52,47:00.0,5,10:00,409
7754866025,U,OB,1,1,175,126046,52,04:00.0,5,11:00,409
7754866043,U,OB,1,1,185,126046,52,06:00.0,5,11:00,409
7754866070,U,OB,1,1,285,127381,38,38:00.0,7,11:00,409
7754866099,U,OB,1,1,175,127381,38,36:00.0,7,11:00,409
7754866099,U,OB,1,1,175,127381,55,39:00.0,7,11:00,409
7754866501,U,OB,1,2,835,134483,51,20:00.0,4,6:00,409
7754866768,U,OB,1,1,140,130549,63,29:00.0,4,10:00,409
7754866795,U,OB,1,2,1135,130549,63,07:00.0,4,10:00,409
7754866869,U,OB,1,1,400,136263,75,06:00.0,6,11:00,409
7754866896,U,OB,1,1,190,136263,75,08:00.0,6,11:00,409
7754867015,U,OB,1,5,3835,134425,50,13:00.0,7,17:00,409
7754867024,U,OB,1,1,493,134425,50,20:00.0,7,17:00,409
7754867051,U,OB,1,2,735,558981,51,20:00.0,4,2:00,409
775486707X,U,OB,1,1,147,558981,51,02:00.0,4,2:00,409
7754867089,U,OB,1,1,705,133247,51,00:00.0,5,11:00,409
7754867098,U,OB,1,1,60,134295,63,57:00.0,5,6:00,409
7754867280,U,OB,1,1,400,133352,73,08:00.0,6,7:00,409
7754867336,U,OB,1,1,325,134846,53,25:00.0,7,13:00,409
7754867345,U,OB,1,1,255,134846,53,33:00.0,7,13:00,409
7754867354,U,OB,1,1,255,134846,53,23:00.0,7,13:00,409
775486751X,U,OB,1,1,135,129798,67,01:00.0,4,3:00,409
7754867529,U,OB,1,4,1728,136512,31,52:00.0,4,9:00,409
7754867574,U,OB,1,2,825,137528,49,19:00.0,7,13:00,409
7754867592,U,OB,1,1,67,137528,49,11:00.0,7,13:00,409
7754867601,U,OB,1,1,566,134700,24,38:00.0,3,4:00,409
7754867601,U,OB,1,1,566,134700,72,31:00.0,3,4:00,409
7754867812,U,OB,1,1,173,127381,38,56:00.0,7,10:00,409
7754893525,U,OB,1,1,424,139487,52,30:00.0,7,10:00,409
7754898329,U,OB,1,1,200,134425,50,55:00.0,7,14:00,409
7754898338,U,OB,1,1,1500,134425,50,55:00.0,7,15:00,409
7754898347,U,OB,1,1,300,134425,50,50:00.0,7,14:00,409
7754898356,U,OB,1,1,552,136419,53,27:00.0,3,4:00,409
7754898365,U,OB,1,1,236,136419,53,25:00.0,3,4:00,409
7754898383,U,OB,1,4,34,136842,39,19:00.0,5,8:00,409
7754898392,U,OB,1,1,105,138271,49,29:00.0,5,15:00,409
7754898401,U,OB,1,3,155,133193,49,36:00.0,6,5:00,409
775489842X,U,OB,1,1,1250,133193,49,21:00.0,6,6:00,409
7754898439,U,OB,1,1,1216,133193,49,26:00.0,6,6:00,409
7754898466,U,OB,1,3,3630,558981,51,25:00.0,4,3:00,409
7754898475,U,OB,1,1,650,558981,51,11:00.0,4,3:00,409
7754898484,U,OB,1,1,200,558981,51,47:00.0,4,2:00,409
7754899016,U,OB,1,1,904,139487,52,10:00.0,7,11:00,409
7754899025,U,OB,1,1,868,139487,52,14:00.0,7,11:00,409
7754899052,U,OB,1,1,540,133352,73,25:00.0,6,6:00,409
7754899061,U,OB,1,1,352,135629,76,29:00.0,6,14:00,409
7754899070,U,OB,1,1,500,135866,52,12:00.0,6,2:00,409
7754899144,U,OB,1,1,600,249290,51,59:00.0,3,2:00,409
7754899153,U,OB,1,1,270,290957,67,55:00.0,6,2:00,409
7754899171,U,OB,1,1,1080,127381,38,15:00.0,7,10:00,409
7754899180,U,OB,1,1,680,127381,85,04:00.0,7,10:00,409
7754899180,U,OB,1,1,680,127381,85,04:00.0,7,10:00,409
775489919X,U,OB,1,6,1495,135232,50,27:00.0,7,10:00,409
7754900812,U,OB,1,1,185,290600,55,54:00.0,5,13:00,409
7754900868,U,OB,1,1,127,290957,67,21:00.0,6,3:00,409
775490139X,U,OB,1,1,193,138271,49,40:00.0,5,17:00,409
7754901418,U,OB,1,1,362,138271,49,48:00.0,5,17:00,409
7754901903,U,OB,1,1,714,124574,60,50:00.0,6,3:00,409
7754901912,U,OB,1,3,1093,136263,75,36:00.0,6,10:00,409
7754901921,U,OB,1,1,281,128828,73,47:00.0,5,7:00,409
775490194X,U,OB,1,2,716,134863,32,58:00.0,5,13:00,409
7754901959,U,OB,1,1,205,134863,32,42:00.0,5,12:00,409
7754901968,U,OB,1,1,492,134863,32,37:00.0,5,12:00,409
7754901986,U,OB,1,1,490,134863,32,07:00.0,5,13:00,409
7754901995,U,OB,1,3,1455,134863,32,44:00.0,5,13:00,409
7754902233,U,OB,1,1,295,280629,55,17:00.0,4,10:00,409
7754902242,U,OB,1,1,280,280629,55,08:00.0,4,10:00,409
7754902637,U,OB,1,2,800,290957,67,14:00.0,6,3:00,409
7754902664,U,OB,1,5,10700,121101,52,55:00.0,1,10:00,409
7754902673,U,OB,1,1,291,139487,52,57:00.0,7,10:00,409
7754902691,U,OB,1,2,900,133352,73,11:00.0,6,8:00,409
775490271X,U,OB,1,1,2150,290980,38,53:00.0,4,18:00,409
7754902729,U,OB,1,1,1090,558981,51,56:00.0,4,1:00,409
7754902747,U,OB,1,2,937,137276,38,34:00.0,7,17:00,409
7754902783,U,OB,1,1,466,290775,51,52:00.0,3,6:00,409
7754902783,U,IB,1,1,466,290775,157,41:00.0,3,8:00,409
7754902792,U,OB,1,1,271,123499,26,59:00.0,6,2:00,409
7754904278,U,OB,1,1,250,133432,46,25:00.0,3,2:00,409
7754904305,U,OB,1,1,1180,135238,52,06:00.0,6,9:00,409
7754904314,U,OB,1,1,370,133432,46,30:00.0,3,2:00,409
7754905836,U,OB,1,1,82,133352,73,57:00.0,6,7:00,409
7754905872,U,OB,1,1,73,139487,52,35:00.0,7,8:00,409
7754906368,U,OB,1,6,2185,136419,53,17:00.0,3,4:00,409
7754906386,U,CTY,1,1,326,133193,181,20:00.0,6,13:00,409
7754906386,U,OB,1,1,326,133193,49,00:00.0,6,13:00,409
7754906413,U,OB,1,4,2745,137528,49,31:00.0,7,11:00,409
7754906422,U,OB,1,1,705,137528,49,39:00.0,7,11:00,409
7754906440,U,OB,1,1,270,134295,63,59:00.0,5,6:00,409
7754906469,U,OB,1,1,170,133352,73,28:00.0,6,6:00,409
7754906469,U,OB,1,1,170,133352,12,36:00.0,6,8:00,409
7754906478,U,OB,1,1,390,133352,73,39:00.0,6,7:00,409
7754906487,U,OB,1,1,210,133352,73,56:00.0,6,7:00,409
7754906496,U,OB,1,1,682,134483,51,26:00.0,4,5:00,409
7754907165,U,OB,1,3,6720,430951,53,36:00.0,5,11:00,409
7754907192,U,OB,1,9,14865,133748,29,19:00.0,6,7:00,409
7754908265,U,OB,1,1,985,137541,38,45:00.0,3,1:00,409
7754908274,U,OB,1,1,120,249290,51,15:00.0,3,3:00,409
775490876X,U,OB,1,1,145,125332,49,06:00.0,4,11:00,409
7754908797,U,OB,1,1,160,124574,60,01:00.0,6,2:00,409
7754908797,U,OB,1,1,160,124574,15,42:00.0,6,6:00,409
7754908806,U,OB,1,1,2500,133432,46,38:00.0,3,2:00,409
7754908815,U,OB,1,1,2053,138271,49,47:00.0,5,15:00,409
7754908824,U,OB,1,1,350,136842,39,39:00.0,5,7:00,409
7754908889,U,OB,1,1,96,134295,63,55:00.0,5,5:00,409
7754908898,U,OB,1,1,76,135206,50,44:00.0,4,9:00,409
7754908925,U,OB,1,1,173,290957,67,30:00.0,6,2:00,409
7754909017,U,OB,1,4,1528,134425,50,25:00.0,7,15:00,409
7754909026,U,OB,1,2,692,134425,50,36:00.0,7,15:00,409
7754909035,U,OB,1,2,681,276775,63,33:00.0,1,10:00,409
7754909044,U,OB,1,3,1315,137276,38,29:00.0,7,17:00,409
7754914526,U,OB,1,2,1200,558981,51,41:00.0,4,6:00,409
7754914544,U,OB,1,4,7950,558981,51,15:00.0,4,5:00,409
7754914562,U,OB,1,1,311,134295,63,03:00.0,5,7:00,409
7754914580,U,OB,1,1,482,134295,63,23:00.0,5,6:00,409
7754914609,U,OB,1,1,2106,133352,73,18:00.0,6,8:00,409
7754914627,U,OB,1,1,280,133352,73,26:00.0,6,7:00,409
7754929293,U,CTY,1,8,829,132284,231,19:00.0,2,3:00,621
7754929861,U,IB,1,1,346,138629,129,52:00.0,4,13:00,621
7754929926,U,CTY,1,1,154,830887,175,18:00.0,3,13:00,621
7754929971,U,CTY,1,4,540,830887,175,51:00.0,3,14:00,621
7754929980,U,CTY,1,1,219,830887,175,18:00.0,3,15:00,621
7754930476,U,CTY,1,1,110,129651,169,17:00.0,4,9:00,621
7754930494,U,CTY,1,1,54,129651,169,10:00.0,4,10:00,621
7754930779,U,CTY,1,8,712,134759,176,31:00.0,6,22:00,621
7754930999,U,CTY,1,1,140,134759,176,04:00.0,6,22:00,621
7754931109,U,CTY,1,2,296,123720,173,31:00.0,7,3:00,621
7754931154,U,CTY,1,2,309,132969,172,49:00.0,1,8:00,621
7754931300,U,CTY,1,1,135,132969,172,38:00.0,1,8:00,621
775493131X,U,CTY,1,1,146,132969,172,45:00.0,1,8:00,621
7754931410,U,CTY,1,1,135,132969,172,49:00.0,1,8:00,621
775493142X,U,CTY,1,1,307,128819,197,12:00.0,1,22:00,621
7754931621,U,CTY,1,1,135,139775,174,07:00.0,3,11:00,621
775493164X,U,CTY,1,1,190,139775,174,50:00.0,3,11:00,621
7754931659,U,CTY,1,1,146,139775,174,40:00.0,3,10:00,621
775493197X,U,IB,1,1,253,311022,163,54:00.0,6,16:00,621
775493219X,U,CTY,1,1,328,118856,194,09:00.0,3,21:00,621
7754932492,U,CTY,1,1,235,290033,195,34:00.0,3,17:00,621
7754932557,U,CTY,1,1,235,290033,195,35:00.0,3,17:00,621
775493263X,U,CTY,1,1,221,290033,195,32:00.0,3,17:00,621
7754932712,U,CTY,1,1,346,125831,169,49:00.0,4,12:00,621
7754932804,U,IB,1,1,142,135748,151,16:00.0,6,15:00,621
7754932831,U,IB,1,2,683,135748,151,23:00.0,6,13:00,621
775493296X,U,CTY,1,1,306,139676,195,25:00.0,6,15:00,621
7754932997,U,CTY,1,3,234,128658,169,07:00.0,6,13:00,621
7754932997,U,CTY,1,3,234,128658,231,23:00.0,6,23:00,621
7754933235,U,CTY,1,2,270,139676,195,19:00.0,6,15:00,621
7754933419,U,IB,1,1,71,135748,151,21:00.0,6,13:00,621
7754933610,U,IB,1,5,1713,135031,158,24:00.0,1,16:00,621
7754933639,U,CTY,1,1,324,135212,175,42:00.0,1,2:00,621
7754933776,U,IB,1,1,340,136729,149,46:00.0,3,20:00,621
7754933821,U,IB,1,4,238,136729,149,52:00.0,3,20:00,621
7754933931,U,CTY,1,1,346,137082,174,04:00.0,5,7:00,621
775493395X,U,IB,1,1,161,136592,141,36:00.0,4,19:00,621
7754934032,U,CTY,1,2,556,137082,174,00:00.0,5,7:00,621
775493406X,U,IB,1,1,265,136592,141,33:00.0,4,19:00,621
7754934151,U,CTY,1,1,342,137082,174,03:00.0,5,7:00,621
7754934380,U,IB,1,1,324,134741,158,28:00.0,6,1:00,621
7754934665,U,IB,1,1,54,135725,151,27:00.0,7,18:00,621
7754934683,U,CTY,1,1,87,125614,169,25:00.0,7,17:00,621
7755277169,U,CTY,1,1,630,135109,196,53:00.0,4,4:00,155
7755277178,U,IB,1,7,2615,123681,141,28:00.0,4,7:00,155
7755277315,U,CTY,1,1,626,136760,197,56:00.0,6,9:00,155
7755277360,U,CTY,1,8,2625,136760,197,41:00.0,6,9:00,155
775527825X,U,CTY,1,2,956,129910,187,41:00.0,4,0:00,155
7755278525,U,CTY,1,2,856,130556,189,40:00.0,7,1:00,155
7755279589,U,CTY,1,9,3001,126862,174,47:00.0,5,23:00,155
7755279607,U,CTY,1,1,533,126862,174,04:00.0,5,23:00,155
7755288205,U,CTY,1,4,1958,135109,196,26:00.0,4,4:00,155
7755288214,U,CTY,1,1,170,135109,196,52:00.0,4,4:00,155
7755288690,U,CTY,1,1,182,136760,197,21:00.0,6,10:00,155
7755288728,U,CTY,1,4,2141,136760,197,14:00.0,6,11:00,155
7755288901,U,IB,1,1,270,138544,105,09:00.0,3,15:00,155
7755289525,U,CTY,1,3,1741,129910,187,03:00.0,4,0:00,155
7755289754,U,CTY,1,1,137,132111,188,44:00.0,6,0:00,155
775528980X,U,CTY,1,4,2253,132111,188,44:00.0,6,0:00,155
7755290625,U,IB,1,1,250,133481,145,09:00.0,6,15:00,178
775529068X,U,CTY,1,2,2398,135900,168,58:00.0,5,8:00,178
7755290735,U,CTY,1,3,825,128683,172,01:00.0,1,20:00,178
7755290753,U,IB,1,3,5925,132369,149,52:00.0,5,19:00,178
7755292459,U,CTY,1,1,950,134705,192,01:00.0,7,4:00,178
7755295950,U,CTY,1,3,3375,202127,200,45:00.0,2,0:00,178
7755295950,U,CTY,1,3,3375,202127,200,03:00.0,2,15:00,178
7755295950,U,CTY,1,3,3375,202127,200,45:00.0,2,0:00,178
7755301809,U,CTY,1,1,1148,121767,174,05:00.0,5,11:00,178
7755302175,U,CTY,1,1,1152,45605,175,11:00.0,5,15:00,178
7755302193,U,CTY,1,1,465,128493,195,54:00.0,6,0:00,178
7755302321,U,CTY,1,1,170,249345,197,36:00.0,7,20:00,178
7755302377,U,CTY,1,1,340,132816,197,30:00.0,6,0:00,178
7755302440,U,CTY,1,3,3120,138204,197,15:00.0,7,2:00,178
7755305796,U,CTY,1,1,2255,132816,197,21:00.0,6,1:00,178
7755315842,U,CTY,1,1,575,121767,174,40:00.0,5,10:00,178
7755315934,U,CTY,1,1,236,123950,173,20:00.0,6,3:00,178
7755316127,U,IB,1,1,545,135099,164,32:00.0,5,3:00,178
7755316127,U,CTY,1,1,545,135099,238,41:00.0,5,22:00,178
7755316172,U,CTY,1,1,123,126500,192,07:00.0,5,13:00,178
775531620X,U,IB,1,1,109,135099,164,11:00.0,5,3:00,178
7755316594,U,CTY,1,1,129,134705,238,03:00.0,4,21:00,178
7755316594,U,CTY,1,1,129,134705,237,03:00.0,5,20:00,178
7755316594,U,CTY,1,1,129,134705,192,09:00.0,7,4:00,178
775531664X,U,CTY,1,1,236,134705,192,35:00.0,7,3:00,178
7755316659,U,CTY,1,1,123,138837,192,09:00.0,1,21:00,178
7755316778,U,CTY,1,1,515,202127,205,49:00.0,2,8:00,178
7755333561,U,CTY,1,1,265,128595,194,46:00.0,7,17:00,178
7755333819,U,IB,1,1,1597,202236,125,28:00.0,1,6:00,178
775533534X,U,CTY,1,1,651,128595,194,40:00.0,7,17:00,178
7755338145,U,CTY,1,3,1470,136760,197,57:00.0,6,11:00,178
7755346660,U,IB,1,1,420,140260,149,56:00.0,6,12:00,178
775535756X,U,IB,1,1,80,127781,149,11:00.0,1,19:00,178
775535921X,U,CTY,1,1,236,123950,173,47:00.0,6,4:00,178
7755359512,U,CTY,1,1,475,138837,192,41:00.0,1,19:00,178
7755359512,U,CTY,1,1,475,138837,R207,49:00.0,2,12:00,178
7755360630,U,CTY,1,1,266,134402,176,16:00.0,4,10:00,178
7755363198,U,CTY,1,2,850,126069,189,45:00.0,3,22:00,178
7755363344,U,IB,1,1,500,135099,164,09:00.0,5,2:00,178
7755363344,U,CTY,1,1,500,135099,237,27:00.0,6,18:00,178
7755363362,U,CTY,1,1,540,126500,192,47:00.0,5,14:00,178
7755375875,U,CTY,1,3,3406,126791,196,46:00.0,5,1:00,178
7755377067,U,CTY,1,2,1617,133118,195,24:00.0,1,3:00,178
7755492109,U,CTY,1,1,1745,140300,174,21:00.0,4,9:00,347
7755492237,U,CTY,1,6,2000,121910,188,52:00.0,2,19:00,347
7755499277,U,IB,1,9,8611,138297,141,47:00.0,4,4:00,347
7755499295,U,IB,1,5,961,138297,141,47:00.0,4,4:00,347
7755499313,U,IB,1,1,190,129565,149,30:00.0,4,22:00,347
775550045X,U,IB,1,1,489,123804,149,49:00.0,5,18:00,347
7755500478,U,IB,1,1,653,123804,149,23:00.0,5,19:00,347
7755500496,U,IB,1,2,690,131735,141,43:00.0,6,17:00,347
7755500579,U,IB,1,1,635,131078,162,21:00.0,6,19:00,347
7755500579,U,IB,1,1,635,131078,145,37:00.0,6,16:00,347
7755501055,U,CTY,1,2,1148,128127,168,39:00.0,5,6:00,347
7755501091,U,CTY,1,2,631,128127,168,09:00.0,5,8:00,347
7755501138,U,CTY,1,3,2848,135520,191,16:00.0,2,3:00,347
7755501138,U,CTY,1,3,2848,135520,191,16:00.0,2,3:00,347
7755501201,U,CTY,1,1,330,261308,174,41:00.0,6,16:00,347
7755501248,U,CTY,1,1,830,261308,174,45:00.0,6,16:00,347
7755503017,U,CTY,1,6,4705,139875,172,58:00.0,6,13:00,347
7755506088,U,IB,1,5,4054,135520,158,26:00.0,2,3:00,347
7755506573,U,CTY,1,2,2490,131109,175,16:00.0,7,14:00,347
7755510881,U,CTY,1,1,352,261308,174,31:00.0,6,16:00,347
7755510946,U,CTY,1,1,450,127177,197,55:00.0,4,10:00,347
7755515483,U,CTY,1,1,657,202373,173,17:00.0,2,1:00,347
7755516199,U,CTY,1,3,902,127177,197,29:00.0,4,14:00,347
7755516208,U,CTY,1,2,595,137512,188,03:00.0,3,5:00,347
7755520534,U,IB,1,1,551,135520,158,20:00.0,2,4:00,347
7755524036,U,IB,1,1,385,202751,143,15:00.0,7,11:00,347
7755524090,U,IB,1,1,650,138428,145,08:00.0,2,19:00,347
7755525044,U,IB,1,1,536,124215,125,35:00.0,4,13:00,347
7755526117,U,IB,1,1,894,135278,163,32:00.0,1,6:00,347
7755526180,U,IB,1,1,250,137314,141,39:00.0,3,1:00,347
7755533395,U,CTY,1,6,8085,128873,175,53:00.0,1,4:00,347
7755534504,U,CTY,1,1,1420,138767,196,48:00.0,2,10:00,347
7755535696,U,CTY,1,2,89,128127,168,35:00.0,5,6:00,347
7755547035,U,IB,1,1,1940,123804,149,54:00.0,5,20:00,347
7755547585,U,CTY,1,2,1759,261308,174,37:00.0,6,18:00,347
775555039X,U,IB,1,2,2180,135520,158,53:00.0,2,3:00,347
7755554533,U,CTY,1,1,479,127177,197,22:00.0,4,11:00,347
7755574645,U,CTY,1,2,1260,261308,174,32:00.0,6,17:00,347
7755578055,U,IB,1,1,1708,123804,149,03:00.0,5,19:00,347
7755579063,U,CTY,1,3,2660,127177,197,56:00.0,4,13:00,347
7755579292,U,IB,1,6,160,129699,135,36:00.0,4,15:00,347
7755579458,U,IB,1,1,1715,131078,145,01:00.0,6,18:00,347
7755741075,U,CTY,1,2,534,211043,175,13:00.0,3,22:00,347
7755741340,U,CTY,1,3,1704,138767,196,42:00.0,2,10:00,347
7755743578,U,IB,1,1,1505,134270,145,08:00.0,5,10:00,347
7755743733,U,IB,1,1,298,123804,149,07:00.0,5,21:00,347
7755747877,U,CTY,1,1,597,137858,169,52:00.0,5,9:00,347
7755748308,U,IB,1,1,764,136842,143,53:00.0,3,6:00,347
7755748326,U,CTY,1,1,854,135463,188,03:00.0,1,15:00,347
7755748335,U,CTY,1,1,271,135463,188,44:00.0,1,13:00,347
7755748362,U,IB,1,1,480,132232,158,46:00.0,1,11:00,347
7755748380,U,IB,1,4,8541,131434,163,30:00.0,2,1:00,347
7755754156,U,CTY,1,2,1557,134172,175,29:00.0,2,1:00,347
7755754540,U,CTY,1,6,120,128040,169,14:00.0,5,22:00,347
7755754569,U,IB,1,3,2050,127618,143,40:00.0,1,13:00,347
7755754623,U,IB,1,1,405,132232,158,14:00.0,1,13:00,347
7755754632,U,IB,1,1,390,127618,143,51:00.0,1,10:00,347
7755754679,U,IB,1,1,545,125149,151,47:00.0,3,19:00,347
7755754980,U,CTY,1,1,960,138767,196,45:00.0,2,10:00,347
7755756841,U,CTY,1,1,260,135463,188,20:00.0,1,13:00,347
7755757438,U,IB,1,1,80,126436,141,22:00.0,2,6:00,347
7755757438,U,IB,1,1,80,126436,161,23:00.0,2,6:00,347
7755760316,U,CTY,1,1,710,128873,175,33:00.0,1,4:00,347
7755762231,U,CTY,1,2,4025,133804,187,50:00.0,6,8:00,347
7755762314,U,IB,1,1,2400,124215,125,04:00.0,4,14:00,347
7755762314,U,IB,1,1,2400,124215,112,23:00.0,5,14:00,347
7755765367,U,IB,1,1,832,129624,150,20:00.0,6,18:00,347
7755765385,U,IB,1,1,1066,127618,143,45:00.0,1,14:00,347
7755765412,U,CTY,1,1,1282,138636,181,18:00.0,6,22:00,347
7755765412,U,CTY,1,1,1282,138636,181,18:00.0,6,22:00,347
7755765468,U,IB,1,1,126,131078,145,04:00.0,6,18:00,347
7755765679,U,CTY,1,1,537,125167,194,34:00.0,4,18:00,347
7755766054,U,IB,1,1,475,119962,135,26:00.0,2,11:00,347
7755766164,U,IB,1,1,465,129699,135,27:00.0,4,12:00,347
7755766357,U,CTY,1,1,415,139875,172,28:00.0,6,12:00,347
7755769199,U,IB,1,4,1515,129699,135,59:00.0,4,16:00,347
775577314X,U,IB,1,1,148,129624,150,24:00.0,6,18:00,347
7755773983,U,IB,1,6,12870,115866,164,26:00.0,1,19:00,347
7755774230,U,CTY,1,1,224,128127,168,00:00.0,5,10:00,347
775577424X,U,CTY,1,2,1111,140300,174,11:00.0,4,9:00,347
7755775541,U,IB,1,1,275,123804,149,09:00.0,5,21:00,347
775577556X,U,CTY,1,1,1425,261308,174,48:00.0,6,16:00,347
7755777750,U,CTY,1,1,1704,133387,195,38:00.0,4,17:00,347
7755777970,U,CTY,1,1,468,125167,194,20:00.0,4,18:00,347
7755782150,U,CTY,1,4,2264,261308,174,02:00.0,6,18:00,347
7755789062,U,CTY,1,2,2991,134172,175,34:00.0,2,2:00,347
7755789172,U,CTY,1,1,242,128040,169,51:00.0,5,22:00,347
775584046X,U,CTY,1,3,1605,134172,213,22:00.0,7,0:00,347
775584046X,U,CTY,1,3,1605,134172,175,37:00.0,2,5:00,347
775584134X,U,IB,1,9,7845,119962,135,30:00.0,2,12:00,347
7755842248,U,CTY,1,2,645,128873,175,25:00.0,1,4:00,347
7755842870,U,IB,1,1,2009,134172,162,48:00.0,2,12:00,347
7755842870,U,CTY,1,1,2009,134172,175,24:00.0,2,4:00,347
7755842935,U,CTY,1,1,1239,134172,175,43:00.0,2,2:00,347
7755843393,U,IB,1,2,3090,134270,145,20:00.0,5,10:00,347
7755843411,U,IB,1,1,577,134270,145,42:00.0,5,10:00,347
7755843420,U,IB,1,1,523,134270,145,32:00.0,5,10:00,347
7755843907,U,IB,1,1,1330,132232,158,59:00.0,1,12:00,347
7755844246,U,CTY,1,5,8309,140300,174,39:00.0,4,9:00,347
7755847371,U,CTY,1,1,900,133804,187,59:00.0,6,7:00,347
7755847775,U,CTY,1,4,7747,133387,195,10:00.0,4,16:00,347
7755847802,U,IB,1,1,577,133387,153,23:00.0,4,20:00,347
7755847802,U,CTY,1,1,577,133387,195,12:00.0,4,16:00,347
7755849681,U,IB,1,3,5736,202751,143,05:00.0,7,13:00,347
7755850653,U,CTY,1,3,3585,211329,169,59:00.0,3,8:00,347
7755850662,U,IB,1,7,3351,134236,145,22:00.0,7,15:00,347
7755850671,U,IB,1,1,1490,134236,145,03:00.0,7,13:00,347
7755850671,U,CTY,1,1,1490,134236,205,10:00.0,2,22:00,347
7755852532,U,IB,1,18,6145,261168,117,32:00.0,7,17:00,347
7755855329,U,IB,1,1,1440,130917,143,10:00.0,1,7:00,347
7755855365,U,IB,1,1,960,130917,143,23:00.0,1,7:00,347
7755855374,U,IB,1,1,960,130917,143,29:00.0,1,7:00,347
7755855630,U,CTY,1,1,1600,41167,169,36:00.0,7,13:00,347
7755855695,U,CTY,1,1,620,131522,189,52:00.0,7,22:00,347
7755856492,U,IB,1,1,71,137777,149,01:00.0,3,22:00,347
775585663X,U,CTY,1,1,375,131109,175,50:00.0,7,13:00,347
7755857015,U,IB,1,2,681,129624,150,53:00.0,6,19:00,347
7755857024,U,CTY,1,1,450,133804,187,06:00.0,6,8:00,347
7755857098,U,CTY,1,1,1445,133804,187,37:00.0,6,9:00,347
7755857107,U,CTY,1,1,775,133804,187,35:00.0,6,9:00,347
775585817X,U,CTY,1,1,1230,136419,169,45:00.0,7,3:00,347
7755858820,U,CTY,1,1,220,131078,231,29:00.0,6,19:00,347
7755858820,U,CTY,1,1,220,131078,231,29:00.0,6,19:00,347
7755859179,U,IB,1,1,292,124215,125,36:00.0,4,13:00,347
775586180X,U,CTY,1,1,1070,137858,169,47:00.0,5,7:00,347
7755862066,U,CTY,1,1,1077,134172,175,30:00.0,2,5:00,347
7755862717,U,IB,1,1,1300,290752,111,39:00.0,1,5:00,347
7755862946,U,CTY,1,1,579,121413,172,15:00.0,1,1:00,347
7755863918,U,CTY,1,2,1804,121910,188,58:00.0,2,19:00,347
7755864623,U,IB,1,1,269,130917,143,47:00.0,1,6:00,347
7755864650,U,CTY,1,1,132,131820,172,36:00.0,1,15:00,347
775586554X,U,CTY,1,1,1105,138636,189,26:00.0,7,0:00,347
7755865669,U,CTY,1,1,545,138636,189,46:00.0,6,22:00,347
7755866026,U,IB,1,1,1948,291125,151,30:00.0,5,21:00,347
775586609X,U,IB,1,1,1545,291125,151,05:00.0,5,21:00,347
7755866392,U,IB,1,1,1115,135520,158,35:00.0,2,3:00,347
7755866466,U,CTY,1,1,1330,131109,175,41:00.0,7,12:00,347
7755867007,U,IB,1,1,577,131824,158,35:00.0,7,3:00,347
7755873396,U,IB,1,1,1235,261168,117,26:00.0,7,16:00,347
7755874029,U,IB,1,1,234,126436,141,33:00.0,2,6:00,347
7755874220,U,IB,1,1,169,131824,158,47:00.0,7,3:00,347
7755874359,U,CTY,1,1,200,131852,175,00:00.0,1,15:00,347
7755874431,U,CTY,1,1,136,131852,175,01:00.0,1,15:00,347
7755877511,U,IB,1,4,5195,131078,145,28:00.0,6,19:00,347
7755879354,U,IB,1,5,732,129624,150,11:00.0,6,19:00,347
7755879446,U,IB,1,1,1225,134787,155,20:00.0,4,19:00,347
7755879446,U,IB,1,1,1225,134787,135,45:00.0,4,17:00,347
7755886816,U,IB,1,1,1056,125149,151,56:00.0,3,20:00,347
7755886825,U,CTY,1,1,1482,121910,188,22:00.0,2,19:00,347
7755889034,U,IB,1,1,555,129699,135,26:00.0,4,16:00,347
7755889649,U,CTY,1,1,136,128127,168,09:00.0,5,7:00,347
7755889950,U,CTY,1,2,1502,128040,169,29:00.0,5,22:00,347
7755889988,U,CTY,1,1,300,128040,169,44:00.0,5,22:00,347
7755900649,U,OB,1,4,4189,131445,86,59:00.0,3,14:00,108
7755900649,U,CTY,1,4,4189,131445,231,50:00.0,3,21:00,108
7755900712,U,IB,1,1,510,211275,113,33:00.0,7,5:00,108
7755900721,U,IB,1,4,4215,138961,151,25:00.0,6,21:00,108
7755902106,U,CTY,1,1,428,290757,197,43:00.0,7,6:00,108
775590349X,U,OB,1,1,1165,125155,98,33:00.0,5,10:00,108
775590481X,U,IB,1,2,675,126114,104,23:00.0,5,2:00,108
7755906863,U,IB,1,4,1690,129473,114,53:00.0,5,5:00,108
7755906973,U,IB,1,1,402,129473,114,18:00.0,5,5:00,108
7755907211,U,IB,1,1,776,130515,113,17:00.0,4,16:00,108
7755907514,U,OB,1,3,3205,130709,95,20:00.0,2,15:00,108
7755909366,U,IB,1,2,6775,135432,125,44:00.0,4,12:00,108
7755909494,U,IB,1,1,488,126114,104,16:00.0,5,3:00,108
7755909595,U,IB,1,1,598,134583,143,08:00.0,1,19:00,108
775590965X,U,OB,1,1,1100,133263,96,07:00.0,3,5:00,108
7755909943,U,CTY,1,1,1325,135140,169,56:00.0,7,12:00,108
7755915288,U,CTY,1,1,240,132835,231,06:00.0,7,10:00,108
7755915288,U,CTY,1,1,240,132835,231,06:00.0,7,10:00,108
7755915645,U,OB,1,3,1395,138316,53,48:00.0,2,18:00,108
7755917313,U,IB,1,1,152,128288,116,15:00.0,1,16:00,108
7755917533,U,IB,1,1,206,134583,108,32:00.0,2,21:00,108
7755917533,U,IB,1,1,206,134583,143,01:00.0,1,19:00,108
7755917551,U,IB,1,1,216,126114,104,36:00.0,5,2:00,108
775591867X,U,OB,1,1,937,125155,98,43:00.0,5,8:00,108
7755918707,U,OB,1,1,801,131022,88,25:00.0,6,3:00,108
7755920339,U,OB,1,1,1050,133263,96,15:00.0,3,5:00,108
7755920420,U,IB,1,1,1050,135432,125,44:00.0,4,11:00,108
7755920476,U,IB,1,1,963,135432,125,34:00.0,4,11:00,108
7755920842,U,IB,1,2,1593,135914,104,26:00.0,1,8:00,108
7755921841,U,OB,1,1,304,133263,96,59:00.0,3,4:00,108
775592186X,U,IB,1,2,782,134583,143,33:00.0,1,15:00,108
7755921960,U,OB,1,1,282,131022,88,56:00.0,6,3:00,108
7755921989,U,IB,1,2,1579,131459,116,15:00.0,7,8:00,108
7755921989,U,CTY,1,2,1579,131459,207,08:00.0,1,20:00,108
7755923024,U,OB,1,1,650,131445,86,51:00.0,3,13:00,108
7755923895,U,IB,1,1,162,290406,116,33:00.0,7,0:00,108
7755924189,U,IB,1,2,720,130551,127,30:00.0,2,21:00,108
7755924766,U,IB,1,2,620,128287,111,54:00.0,1,20:00,108
7755924802,U,OB,1,2,575,131445,86,27:00.0,3,13:00,108
7755927947,U,IB,1,1,395,135104,113,08:00.0,3,3:00,108
7755927956,U,CTY,1,5,1890,138558,173,07:00.0,4,16:00,108
7755931081,U,IB,1,5,860,129473,108,15:00.0,5,13:00,108
7755931081,U,IB,1,5,860,129473,114,10:00.0,5,6:00,108
7755933492,U,IB,1,1,137,130515,113,00:00.0,4,18:00,108
7755934565,U,IB,1,1,328,134583,143,14:00.0,1,19:00,108
7755934574,U,IB,1,1,210,134583,143,04:00.0,1,19:00,108
7755956583,U,IB,1,2,3475,290406,116,39:00.0,7,1:00,108
7755987832,U,CTY,1,1,260,135140,169,26:00.0,7,13:00,108
775599072X,U,CTY,1,4,3742,129921,205,55:00.0,1,19:00,108
775599072X,U,IB,1,4,3742,129921,112,04:00.0,1,18:00,108
7755990739,U,IB,1,5,4955,129921,112,27:00.0,1,18:00,108
775599083X,U,CTY,1,2,575,136399,194,33:00.0,6,6:00,108
7755990995,U,IB,1,2,3373,129473,114,24:00.0,5,5:00,108
7755991040,U,OB,1,6,3120,133263,96,31:00.0,3,7:00,108
7755994809,U,OB,1,1,2206,127260,90,13:00.0,7,8:00,108
7755994818,U,OB,1,1,340,127260,90,21:00.0,7,8:00,108
7755994863,U,IB,1,1,130,128287,111,11:00.0,1,21:00,108
7755994872,U,OB,1,1,1705,128287,46,38:00.0,2,12:00,108
7755994955,U,IB,1,2,1500,126114,104,04:00.0,5,2:00,108
7755994964,U,IB,1,1,639,126114,104,27:00.0,5,2:00,108
7755995166,U,IB,1,1,2119,138961,151,43:00.0,6,20:00,108
7755995166,U,OB,1,1,2119,138961,4,02:00.0,6,22:00,108
7755995193,U,IB,1,1,1909,211275,113,44:00.0,7,6:00,108
7755998080,U,IB,1,1,151,134583,143,12:00.0,1,16:00,108
7755998888,U,IB,1,2,1357,131459,116,02:00.0,7,8:00,108
7755999263,U,IB,1,8,2888,137691,141,23:00.0,1,18:00,108
7755999447,U,IB,1,2,2815,130515,113,47:00.0,4,17:00,108
7755999878,U,OB,1,3,2435,130709,95,25:00.0,2,13:00,108
775599996X,U,OB,1,1,335,130709,95,25:00.0,2,12:00,108
7756000702,U,IB,1,2,1969,129473,114,27:00.0,5,4:00,108
7756000711,U,IB,1,1,552,131459,116,10:00.0,7,8:00,108
7756000720,U,IB,1,8,2825,128288,116,55:00.0,1,17:00,108
7756002765,U,IB,1,4,3850,128016,112,07:00.0,3,21:00,108
7756003791,U,IB,1,1,380,137150,116,37:00.0,2,21:00,108
7756003847,U,IB,1,1,30,128287,111,06:00.0,1,21:00,108
7756007266,U,OB,1,1,160,133263,96,41:00.0,3,5:00,108
7756007430,U,OB,1,1,830,125155,98,36:00.0,5,8:00,108
7756007596,U,OB,1,1,175,131445,86,23:00.0,3,13:00,108
7756009879,U,IB,1,1,220,134583,143,58:00.0,1,15:00,108
7756009915,U,IB,1,1,162,134583,143,58:00.0,1,17:00,108
7756010052,U,IB,1,2,1505,126114,104,07:00.0,5,3:00,108
775601008X,U,IB,1,2,1670,125650,127,17:00.0,5,15:00,108
7756017642,U,CTY,1,2,1546,125650,233,15:00.0,3,20:00,108
7756017642,U,IB,1,2,1546,125650,127,42:00.0,5,15:00,108
7756017660,U,IB,1,1,1553,126114,104,52:00.0,5,2:00,108
7756017936,U,OB,1,2,1665,131445,86,38:00.0,3,15:00,108
775601976X,U,OB,1,1,620,131445,86,24:00.0,3,14:00,108
775601976X,U,CTY,1,1,620,131445,231,50:00.0,3,21:00,108
7756019788,U,OB,1,1,700,131445,86,20:00.0,3,14:00,108
775601987X,U,OB,1,1,800,133263,96,59:00.0,3,5:00,108
7756021786,U,OB,1,7,8050,290028,92,09:00.0,1,14:00,108
7756024260,U,IB,1,3,1910,560027,103,40:00.0,1,19:00,108
7756024307,U,IB,1,1,1985,129473,114,59:00.0,5,5:00,108
7756024316,U,OB,1,1,630,131022,88,18:00.0,6,5:00,108
7756024361,U,OB,1,1,5109,131445,86,18:00.0,3,14:00,108
775602438X,U,CTY,1,1,698,138961,231,42:00.0,7,3:00,108
775602438X,U,IB,1,1,698,138961,151,33:00.0,6,21:00,108
775602438X,U,CTY,1,1,698,138961,216,11:00.0,3,9:00,108
7756024399,U,CTY,1,2,3476,138961,233,59:00.0,2,21:00,108
7756024399,U,IB,1,2,3476,138961,151,01:00.0,6,21:00,108
7756024471,U,IB,1,2,1889,135914,104,19:00.0,1,8:00,108
7756024480,U,IB,1,2,1865,135914,104,16:00.0,1,8:00,108
7756025178,U,CTY,1,1,385,279981,169,40:00.0,2,21:00,108
7756025205,U,IB,1,1,550,128435,116,04:00.0,4,0:00,108
7756029302,U,IB,1,1,396,128288,116,31:00.0,1,16:00,108
7756030530,U,IB,1,1,1007,128287,111,41:00.0,1,20:00,108
7756031832,U,IB,1,1,430,290406,116,20:00.0,7,0:00,108
7756032649,U,OB,1,1,200,131445,86,07:00.0,3,15:00,108
7756040275,U,OB,1,1,890,136007,95,42:00.0,6,21:00,108
7756040760,U,OB,1,3,2450,134771,95,08:00.0,3,5:00,108
7756041613,U,OB,1,1,722,131445,86,22:00.0,3,13:00,108
7756041898,U,OB,1,1,530,136007,95,41:00.0,6,22:00,108
7756041943,U,CTY,1,3,3066,135140,169,47:00.0,7,12:00,108
7756042136,U,IB,1,2,1310,122603,105,03:00.0,4,20:00,108
7756042686,U,IB,1,1,1893,135432,125,16:00.0,4,11:00,108
7756042713,U,OB,1,1,504,135432,57,03:00.0,4,11:00,108
7756042713,U,IB,1,1,504,135432,125,02:00.0,4,11:00,108
7756043218,U,OB,1,1,770,130709,95,13:00.0,2,13:00,108
775604528X,U,OB,1,1,90,131445,86,39:00.0,3,15:00,108
775604583X,U,IB,1,4,2100,137150,116,37:00.0,2,18:00,108
7756046197,U,CTY,1,3,3707,127229,175,03:00.0,7,13:00,108
7756047030,U,CTY,1,1,258,131445,231,51:00.0,3,21:00,108
7756047030,U,OB,1,1,258,131445,86,15:00.0,3,14:00,108
775604803X,U,IB,1,1,273,122603,105,08:00.0,4,19:00,108
7756048076,U,OB,1,1,1291,135973,95,08:00.0,7,4:00,108
7756048085,U,OB,1,2,950,135973,95,53:00.0,7,4:00,108
7756048341,U,OB,1,1,95,135973,95,10:00.0,7,4:00,108
7756048561,U,CTY,1,1,210,138558,173,12:00.0,4,15:00,108
7756048570,U,IB,1,1,673,135104,113,05:00.0,3,4:00,108
7756048653,U,IB,1,2,483,290406,116,06:00.0,7,0:00,108
7756049057,U,IB,1,1,651,211083,108,04:00.0,2,11:00,108
7756049057,U,OB,1,1,651,211083,90,53:00.0,2,8:00,108
7756049102,U,OB,1,1,1150,211083,90,56:00.0,2,7:00,108
7756049230,U,OB,1,1,450,136007,95,32:00.0,6,19:00,108
775604924X,U,CTY,1,3,3020,136007,231,59:00.0,7,2:00,108
775604924X,U,OB,1,3,3020,136007,95,55:00.0,6,19:00,108
7756049919,U,IB,1,1,530,135914,104,06:00.0,1,8:00,108
7756050000,U,OB,1,1,650,130515,94,10:00.0,4,19:00,108
7756050000,U,IB,1,1,650,130515,113,14:00.0,4,16:00,108
7756053549,U,IB,1,3,1550,129921,112,08:00.0,1,18:00,108
7756053594,U,IB,1,1,1650,122603,105,12:00.0,4,19:00,108
7756053677,U,OB,1,1,451,135973,95,21:00.0,7,5:00,108
7756053695,U,CTY,1,5,13284,130709,211,10:00.0,3,2:00,108
7756053695,U,OB,1,5,13284,130709,95,26:00.0,2,14:00,108
7756054162,U,IB,1,4,2600,290406,116,43:00.0,7,0:00,108
775605705X,U,IB,1,7,5916,130551,127,03:00.0,2,21:00,108
7756057132,U,OB,1,2,1808,138444,87,02:00.0,1,22:00,108
7756057179,U,OB,1,1,1130,134771,95,31:00.0,3,5:00,108
7756057197,U,OB,1,1,1595,134771,95,15:00.0,3,3:00,108
7756057298,U,IB,1,1,1588,122603,105,25:00.0,4,19:00,108
7756057316,U,IB,1,1,1741,126114,104,09:00.0,5,1:00,108
7756057325,U,IB,1,1,770,126114,104,14:00.0,5,1:00,108
7756058562,U,CTY,1,1,604,132400,189,45:00.0,7,13:00,108
7756058580,U,IB,1,2,1854,290406,116,53:00.0,7,0:00,108
7756060524,U,OB,1,3,3280,130709,95,06:00.0,2,15:00,108
7756061148,U,IB,1,7,7140,132835,137,59:00.0,7,8:00,108
7756061148,U,IB,1,7,7140,132835,125,57:00.0,7,8:00,108
7756061157,U,IB,1,4,3204,132835,125,07:00.0,7,8:00,108
7756061193,U,IB,1,1,316,132835,125,20:00.0,7,9:00,108
7756061303,U,OB,1,1,2500,134771,95,59:00.0,3,5:00,108
7756063357,U,OB,1,2,4850,136007,95,19:00.0,6,21:00,108
7756067160,U,CTY,1,1,700,135140,169,05:00.0,7,11:00,108
7756067427,U,OB,1,1,446,127846,88,45:00.0,3,2:00,108
7756069773,U,IB,1,1,1206,125650,127,05:00.0,5,13:00,108
7756071652,U,IB,1,2,1000,129473,114,52:00.0,5,3:00,108
775607168X,U,IB,1,1,193,129473,114,43:00.0,5,5:00,108
7756071937,U,IB,1,1,1590,125650,127,20:00.0,5,13:00,108
7756073082,U,CTY,1,1,845,279981,169,36:00.0,2,21:00,108
7756075603,U,OB,1,2,432,127260,90,41:00.0,7,6:00,108
7756075713,U,IB,1,1,169,128287,111,45:00.0,1,20:00,108
7756075960,U,IB,1,4,3840,135104,113,58:00.0,3,3:00,108
7756078299,U,IB,1,6,5462,211275,113,09:00.0,7,7:00,108
7756078308,U,IB,1,1,675,137150,116,07:00.0,2,19:00,108
7756082313,U,IB,1,1,138,125650,127,24:00.0,5,15:00,108
7756083579,U,IB,1,1,1306,122603,105,05:00.0,4,19:00,108
7756089299,U,CTY,1,1,708,135140,169,15:00.0,7,13:00,108
7756090260,U,IB,1,1,260,137150,116,21:00.0,2,19:00,108
7756091104,U,OB,1,1,151,136007,95,58:00.0,6,19:00,108
7756091297,U,OB,1,1,565,211083,90,43:00.0,2,8:00,108
7756091398,U,IB,1,1,194,130551,127,37:00.0,2,21:00,108
7756091425,U,IB,1,1,151,130551,127,39:00.0,2,21:00,108
7756092424,U,IB,1,1,151,126114,104,45:00.0,5,2:00,108
775609258X,U,IB,1,1,207,129921,112,09:00.0,1,17:00,108
7756092745,U,IB,1,1,228,128435,116,19:00.0,4,1:00,108
7756092947,U,IB,1,1,151,130515,113,37:00.0,4,16:00,108
7756093075,U,OB,1,1,236,127260,90,05:00.0,7,13:00,108
7756093120,U,OB,1,1,151,127260,90,28:00.0,7,13:00,108
7756093277,U,OB,1,1,290,125155,98,35:00.0,5,10:00,108
7756093369,U,OB,1,1,210,125155,98,39:00.0,5,9:00,108
7756093488,U,IB,1,2,366,128287,111,19:00.0,1,22:00,108
7756093652,U,IB,1,1,151,140037,112,53:00.0,3,10:00,108
7756093836,U,IB,1,1,151,134583,143,48:00.0,1,17:00,108
7756093964,U,IB,1,1,162,134583,143,09:00.0,1,18:00,108
7756094202,U,IB,1,1,240,134583,143,33:00.0,1,16:00,108
775609467X,U,IB,1,2,800,132835,125,15:00.0,7,10:00,108
7756100362,U,IB,1,1,1325,134583,143,41:00.0,1,17:00,108
7756100409,U,CTY,1,1,1416,138385,235,57:00.0,3,19:00,108
7756100409,U,CTY,1,1,1416,138385,237,19:00.0,3,0:00,108
7756102544,U,IB,1,1,407,132835,125,17:00.0,7,9:00,108
7756104203,U,CTY,1,4,1830,129706,205,17:00.0,3,8:00,108
7756104203,U,CTY,1,4,1830,129706,211,06:00.0,3,12:00,108
7756104479,U,OB,1,2,1250,127260,90,20:00.0,7,9:00,108
7756104497,U,IB,1,1,585,131459,116,21:00.0,7,8:00,108
7756104551,U,IB,1,2,605,125564,141,05:00.0,7,0:00,108
7756104809,U,IB,1,1,425,128435,116,43:00.0,4,0:00,108
7756105220,U,CTY,1,1,740,279981,169,08:00.0,2,21:00,108
7756105312,U,OB,1,1,307,133263,96,46:00.0,3,5:00,108
7756106028,U,OB,1,3,1470,128288,97,10:00.0,2,10:00,108
7756106028,U,IB,1,3,1470,128288,116,18:00.0,1,16:00,108
7756106037,U,IB,1,2,1295,128288,116,59:00.0,1,15:00,108
7756107806,U,CTY,1,1,278,136399,194,11:00.0,6,6:00,108
7756107907,U,CTY,1,2,1380,200977,234,56:00.0,1,21:00,108
7756107907,U,CTY,1,2,1380,200977,196,11:00.0,1,7:00,108
7756108374,U,OB,1,3,990,127260,90,04:00.0,7,14:00,108
7756108585,U,IB,1,8,10705,138961,151,00:00.0,6,22:00,108
7756108695,U,CTY,1,1,507,131445,231,50:00.0,3,21:00,108
7756108695,U,OB,1,1,507,131445,86,18:00.0,3,15:00,108
7756108722,U,CTY,1,14,11755,140002,205,15:00.0,3,10:00,108
7756108722,U,IB,1,14,11755,140002,101,13:00.0,1,4:00,108
7756108915,U,IB,1,1,204,126114,104,25:00.0,5,3:00,108
7756108960,U,CTY,1,1,145,279981,169,58:00.0,2,20:00,108
7756109061,U,IB,1,1,940,290406,116,35:00.0,7,1:00,108
7756109685,U,OB,1,1,1685,125155,98,40:00.0,5,10:00,108
7756109721,U,OB,1,1,568,127260,90,09:00.0,7,13:00,108
7756109786,U,OB,1,1,575,131445,86,42:00.0,3,14:00,108
7756112206,U,CTY,1,6,3290,137150,205,07:00.0,4,0:00,108
7756112453,U,CTY,1,6,3675,200977,196,18:00.0,1,8:00,108
7756112509,U,IB,1,8,14505,132359,127,37:00.0,3,4:00,108
7756113535,U,IB,1,2,1740,129473,114,05:00.0,5,6:00,108
7756116321,U,OB,1,3,6207,135599,96,50:00.0,4,6:00,108
7756117697,U,CTY,1,1,112,138385,214,30:00.0,1,5:00,108
7756117899,U,IB,1,3,2445,138961,151,49:00.0,6,21:00,108
7756118054,U,OB,1,4,5840,131022,88,15:00.0,6,3:00,108
775611843X,U,IB,1,1,1240,135914,104,34:00.0,1,6:00,108
7756119062,U,IB,1,1,550,134583,143,56:00.0,1,18:00,108
7756119264,U,OB,1,1,320,134771,95,39:00.0,3,3:00,108
7756120804,U,IB,1,1,175,125650,127,03:00.0,5,13:00,108
7756120813,U,OB,1,1,175,135973,95,58:00.0,7,4:00,108
7756120905,U,IB,1,1,210,128288,116,08:00.0,1,16:00,108
7756120997,U,OB,1,1,151,131022,88,25:00.0,6,5:00,108
7756122674,U,IB,1,1,645,135432,125,13:00.0,4,11:00,108
7756122885,U,IB,1,1,550,122603,105,09:00.0,4,19:00,108
7756122912,U,IB,1,1,560,122603,105,20:00.0,4,19:00,108
7756123682,U,IB,1,5,2200,131459,116,35:00.0,7,8:00,108
7756123783,U,OB,1,1,1600,127260,90,08:00.0,7,8:00,108
775612382X,U,IB,1,1,1350,128288,116,37:00.0,1,15:00,108
7756124288,U,IB,1,1,512,122603,105,11:00.0,4,19:00,108
7756124324,U,IB,1,2,1795,125650,127,54:00.0,5,15:00,108
7756124901,U,OB,1,10,8880,135973,95,56:00.0,7,3:00,108
7756124984,U,CTY,1,1,1125,134771,M7  ,55:00.0,4,7:00,108
7756124984,U,OB,1,1,1125,134771,95,38:00.0,3,5:00,108
7756124984,U,IB,1,1,1125,134771,102,01:00.0,3,10:00,108
7756125076,U,IB,1,1,404,211275,113,15:00.0,7,5:00,108
7756125085,U,IB,1,1,1295,137150,116,22:00.0,2,18:00,108
7756129898,U,IB,1,1,433,137150,116,44:00.0,2,21:00,108
7756129916,U,IB,1,4,1695,137150,116,10:00.0,2,22:00,108
7756129925,U,IB,1,1,630,128435,116,01:00.0,4,1:00,108
7756129934,U,IB,1,1,379,128435,116,28:00.0,4,0:00,108
7756129999,U,CTY,1,5,4200,290757,197,26:00.0,7,5:00,108
7756130778,U,IB,1,2,1767,134403,125,05:00.0,1,18:00,108
7756130814,U,IB,1,50,1050,126114,104,27:00.0,5,3:00,108
775613097X,U,OB,1,2,1422,136007,95,59:00.0,6,21:00,108
775613163X,U,IB,1,2,2480,135104,113,44:00.0,3,3:00,108
7756132107,U,OB,1,2,705,127260,90,55:00.0,7,6:00,108
7756133344,U,IB,1,1,236,134583,143,25:00.0,1,16:00,108
7756133353,U,IB,1,2,1576,129473,114,29:00.0,5,3:00,108
7756133409,U,IB,1,2,1015,129473,114,13:00.0,5,3:00,108
7756133490,U,IB,1,1,1608,131459,116,41:00.0,7,7:00,108
7756133793,U,OB,1,1,788,131445,86,54:00.0,3,13:00,108
7756133885,U,IB,1,1,1244,130515,113,49:00.0,4,15:00,108
7756133921,U,IB,1,1,525,130515,113,34:00.0,4,16:00,108
7756133930,U,IB,1,1,865,130515,113,28:00.0,4,16:00,108
7756133959,U,CTY,1,2,2370,140393,172,57:00.0,5,4:00,108
7756134289,U,OB,1,1,914,127260,90,22:00.0,7,7:00,108
7756134334,U,IB,1,1,742,131459,116,37:00.0,7,7:00,108
7756134370,U,OB,1,1,1270,127260,90,22:00.0,7,13:00,108
7756134480,U,IB,1,2,2838,128016,112,52:00.0,3,20:00,108
7756139760,U,IB,1,2,2889,126114,104,21:00.0,5,3:00,108
7756139798,U,OB,1,3,1009,135973,95,26:00.0,7,5:00,108
7756140063,U,OB,1,1,295,125155,98,21:00.0,5,9:00,108
7756140119,U,IB,1,5,5066,134583,143,02:00.0,1,17:00,108
7756141659,U,IB,1,1,384,290342,116,41:00.0,1,2:00,243
7756141668,U,IB,1,3,1930,290342,116,20:00.0,1,0:00,243
7756141713,U,IB,1,1,322,290342,116,44:00.0,1,2:00,243
7756141740,U,IB,1,1,215,131719,104,24:00.0,4,7:00,243
7756141879,U,OB,1,1,260,291194,90,54:00.0,6,12:00,243
7756141924,U,OB,1,1,684,291194,90,14:00.0,6,13:00,243
7756142099,U,IB,1,1,332,132779,103,06:00.0,6,19:00,243
7756142117,U,IB,1,1,434,125276,116,15:00.0,1,8:00,243
7756142218,U,OB,1,3,234,249339,96,41:00.0,3,23:00,243
7756142254,U,CTY,1,1,215,140311,231,52:00.0,4,18:00,243
775614252X,U,IB,1,1,1094,125833,145,48:00.0,6,19:00,243
7756142539,U,IB,1,1,444,125833,145,56:00.0,6,19:00,243
7756142557,U,IB,1,1,224,125833,145,44:00.0,6,19:00,243
7756142768,U,IB,1,2,664,R6213954,135,38:00.0,3,7:00,243
7756142786,U,IB,1,1,444,R6213954,135,37:00.0,3,6:00,243
7756142795,U,IB,1,1,632,R6213954,135,24:00.0,3,5:00,243
7756142813,U,IB,1,1,194,R6213954,135,00:00.0,3,7:00,243
7756142822,U,IB,1,1,362,R6213954,135,39:00.0,3,8:00,243
775614296X,U,IB,1,3,952,137943,164,07:00.0,3,23:00,243
7756142979,U,IB,1,1,286,137943,164,10:00.0,3,23:00,243
7756143152,U,CTY,1,1,1066,127039,189,57:00.0,5,22:00,243
7756169745,U,CTY,1,1,1710,137322,175,25:00.0,4,4:00,857
7756169754,U,CTY,1,3,41,137322,175,29:00.0,4,4:00,857
7756169754,U,CTY,1,3,41,137322,231,32:00.0,4,8:00,857
7756171550,U,OB,1,1,241,136165,15,16:00.0,6,3:00,455
7756171550,U,OB,1,1,241,136165,15,16:00.0,6,3:00,455
7756175346,U,OB,1,1,195,138587,31,09:00.0,4,5:00,455
7756175373,U,OB,1,4,2050,138587,31,36:00.0,4,5:00,455
7756175391,U,OB,1,1,120,132358,49,39:00.0,4,22:00,455
7756175429,U,OB,1,1,155,138587,31,07:00.0,4,5:00,455
7756175501,U,OB,1,1,310,132358,49,01:00.0,4,22:00,455
7756175510,U,OB,1,7,3085,277996,17,12:00.0,5,8:00,455
7756175712,U,OB,1,1,736,140370,63,45:00.0,6,1:00,455
7756175768,U,OB,1,1,96,140370,63,53:00.0,6,1:00,455
7756175896,U,OB,1,1,51,125328,44,39:00.0,7,21:00,455
7756175896,U,OB,1,1,51,125328,44,39:00.0,7,21:00,455
7756175979,U,OB,1,6,414,138705,76,42:00.0,1,22:00,455
7756176143,U,OB,1,1,235,38422,67,13:00.0,1,8:00,455
7756176143,U,OB,1,1,235,38422,40,59:00.0,2,6:00,455
775617618X,U,OB,1,1,120,38422,67,47:00.0,1,9:00,455
7756176372,U,OB,1,2,1275,277996,17,19:00.0,5,7:00,455
7756176482,U,OB,1,1,351,277996,17,42:00.0,5,7:00,455
7756176895,U,OB,1,1,228,133257,26,47:00.0,5,5:00,455
7756176922,U,OB,1,1,247,133257,26,26:00.0,5,7:00,455
7756177005,U,OB,1,1,261,133257,26,41:00.0,5,3:00,455
7756177308,U,OB,1,4,870,290832,17,49:00.0,7,19:00,455
7756177519,U,OB,1,1,415,132327,14,45:00.0,6,18:00,455
7756177784,U,OB,1,1,50,132358,49,37:00.0,4,22:00,455
7756177793,U,OB,1,1,380,132358,49,58:00.0,4,19:00,455
775617783X,U,OB,1,2,125,138587,31,28:00.0,4,4:00,455
7756178022,U,OB,1,2,740,130643,17,51:00.0,6,16:00,455
7756178040,U,OB,1,1,100,130643,17,25:00.0,6,16:00,455
775617805X,U,OB,1,7,3115,130643,17,51:00.0,6,16:00,455
7756178087,U,OB,1,1,365,130643,17,24:00.0,6,15:00,455
7756178179,U,OB,1,1,640,132300,84,02:00.0,6,20:00,455
7756178188,U,OB,1,1,240,132327,14,46:00.0,6,19:00,455
775617838X,U,OB,1,10,5155,132327,14,30:00.0,6,19:00,455
7756178435,U,OB,1,1,102,290832,17,28:00.0,7,20:00,455
7756179791,U,OB,1,1,195,128853,26,19:00.0,4,10:00,455
7756179829,U,OB,1,1,345,128853,26,26:00.0,4,10:00,455
7756179966,U,OB,1,1,1353,138587,31,33:00.0,4,5:00,455
7756179993,U,OB,1,1,1200,133257,26,04:00.0,5,7:00,455
7756180002,U,OB,1,2,320,133257,26,10:00.0,5,4:00,455
7756180058,U,CTY,1,1,1123,135500,169,48:00.0,7,20:00,455
7756180094,U,OB,1,2,275,134176,89,03:00.0,1,4:00,455
7756181010,U,OB,1,1,300,140127,46,07:00.0,7,10:00,455
7756181039,U,OB,1,1,400,140127,46,42:00.0,7,9:00,455
7756181048,U,OB,1,1,1330,136173,49,14:00.0,1,1:00,455
7756181084,U,OB,1,1,1185,138587,31,41:00.0,4,4:00,455
7756181149,U,OB,1,6,2500,136165,73,55:00.0,6,4:00,455
7756181158,U,OB,1,1,1195,138557,50,02:00.0,5,0:00,455
7756183266,U,OB,1,4,3835,560140,32,30:00.0,5,21:00,455
7756183275,U,OB,1,7,13610,560140,32,12:00.0,5,22:00,455
775618333X,U,OB,1,5,7360,128853,26,40:00.0,4,6:00,455
7756183412,U,OB,1,8,9310,132300,84,01:00.0,6,19:00,455
7756184283,U,OB,1,4,7225,130643,17,44:00.0,6,16:00,455
775618729X,U,CTY,1,1,3000,278056,197,40:00.0,1,6:00,455
7756189518,U,OB,1,2,50,136165,73,39:00.0,6,3:00,455
7756193761,U,OB,1,1,812,126323,72,46:00.0,4,18:00,455
7756193770,U,OB,1,1,622,126323,72,54:00.0,4,18:00,455
7756193799,U,OB,1,1,336,126323,72,49:00.0,4,19:00,455
7756199528,U,OB,1,5,2105,135691,55,45:00.0,6,2:00,455
7756199573,U,OB,1,1,255,130643,17,28:00.0,6,16:00,455
7756199591,U,OB,1,2,650,130643,17,59:00.0,6,15:00,455
7756199600,U,OB,1,2,880,134195,14,04:00.0,5,19:00,455
7756199629,U,OB,1,1,535,135691,55,46:00.0,6,2:00,455
7756199811,U,OB,1,1,144,290771,72,43:00.0,4,23:00,455
7756200105,U,IB,1,3,528,137352,101,32:00.0,6,1:00,455
7756200132,U,OB,1,1,485,121290,73,52:00.0,5,20:00,455
775620038X,U,IB,1,1,190,290255,158,12:00.0,6,14:00,455
7756201351,U,OB,1,1,150,134176,89,28:00.0,1,4:00,455
7756201407,U,OB,1,1,80,136165,73,21:00.0,6,2:00,455
7756201764,U,OB,1,1,1400,140358,26,22:00.0,4,22:00,455
7756201782,U,OB,1,2,3215,126323,72,32:00.0,4,18:00,455
7756202599,U,OB,1,2,725,136173,49,00:00.0,1,1:00,455
7756202617,U,OB,1,1,360,131402,43,55:00.0,3,12:00,455
7756202828,U,OB,1,1,260,211007,31,45:00.0,3,16:00,455
7756202900,U,OB,1,1,162,211007,31,41:00.0,3,14:00,455
7756203093,U,OB,1,1,344,128310,46,02:00.0,6,4:00,455
7756203304,U,OB,1,1,688,140370,63,11:00.0,6,2:00,455
7756203322,U,OB,1,1,378,140370,63,55:00.0,6,1:00,455
7756203414,U,OB,1,1,1985,138854,49,24:00.0,5,4:00,455
7756203542,U,OB,1,3,1150,135090,65,24:00.0,1,10:00,455
7756203708,U,OB,1,6,1865,290255,43,05:00.0,1,8:00,455
7756203708,U,IB,1,6,1865,290255,158,01:00.0,6,15:00,455
7756205852,U,OB,1,5,1645,126330,76,11:00.0,6,3:00,455
7756205852,U,OB,1,5,1645,126330,15,28:00.0,6,7:00,455
7756205852,U,OB,1,5,1645,126330,19,13:00.0,6,4:00,455
7756205908,U,OB,1,1,480,126330,76,17:00.0,6,4:00,455
7756206027,U,OB,1,1,240,138587,31,20:00.0,4,5:00,455
7756206036,U,OB,1,1,128,138587,31,23:00.0,4,5:00,455
7756206045,U,OB,1,1,350,138587,31,59:00.0,4,4:00,455
7756206054,U,OB,1,1,142,138587,31,15:00.0,4,5:00,455
7756206063,U,OB,1,1,202,132358,49,00:00.0,4,22:00,455
7756206229,U,OB,1,4,1175,135691,55,25:00.0,6,1:00,455
7756206301,U,OB,1,1,160,138557,50,31:00.0,5,0:00,455
7756206420,U,OB,1,2,605,119275,50,36:00.0,5,17:00,455
7756206503,U,OB,1,1,145,134195,14,56:00.0,5,18:00,455
7756206842,U,OB,1,4,1000,128853,26,32:00.0,4,10:00,455
7756206999,U,OB,1,1,245,130515,40,38:00.0,3,22:00,455
7756207062,U,OB,1,4,3390,130515,5,50:00.0,4,14:00,455
7756207080,U,OB,1,1,142,130515,40,42:00.0,4,0:00,455
7756207127,U,OB,1,1,575,128853,26,04:00.0,4,6:00,455
7756207219,U,OB,1,1,195,140430,76,41:00.0,4,18:00,455
7756207374,U,OB,1,14,1367,530430,63,40:00.0,6,13:00,455
7756207410,U,OB,1,1,150,126330,76,48:00.0,6,3:00,455
7756207502,U,OB,1,4,1550,124313,46,33:00.0,5,18:00,455
7756207520,U,OB,1,1,255,124313,46,17:00.0,5,16:00,455
7756208153,U,OB,1,1,250,290771,72,33:00.0,4,21:00,455
7756208162,U,OB,1,6,2750,290771,72,38:00.0,4,22:00,455
7756208180,U,OB,1,1,1230,290771,72,48:00.0,4,22:00,455
7756208236,U,IB,1,1,1195,137352,101,35:00.0,6,1:00,455
7756208254,U,OB,1,1,1195,291042,73,29:00.0,1,1:00,455
7756208373,U,OB,1,65,1703,134176,89,08:00.0,1,4:00,455
7756208887,U,OB,1,1,314,138587,31,24:00.0,4,4:00,455
7756210261,U,OB,1,1,123,128853,26,07:00.0,4,6:00,455
7756210317,U,OB,1,1,287,140127,46,38:00.0,7,10:00,455
7756210317,U,OB,1,1,287,140127,19,51:00.0,1,11:00,455
7756210409,U,CTY,1,2,574,278056,197,08:00.0,1,5:00,455
7756210418,U,CTY,1,3,915,278056,197,14:00.0,1,4:00,455
7756210454,U,OB,1,1,200,138587,31,04:00.0,4,5:00,455
7756210481,U,OB,1,6,3370,132358,49,02:00.0,4,20:00,455
7756210546,U,OB,1,1,435,136439,43,34:00.0,7,4:00,455
7756210629,U,OB,1,1,246,138705,76,47:00.0,1,22:00,455
7756210647,U,OB,1,1,230,128853,26,22:00.0,4,10:00,455
7756210665,U,OB,1,1,195,134218,31,35:00.0,3,14:00,455
7756215294,U,OB,1,1,61,291042,73,07:00.0,1,1:00,455
7756215395,U,OB,1,4,1310,138220,32,00:00.0,1,9:00,455
7756215431,U,OB,1,1,103,135569,43,29:00.0,1,6:00,455
7756215505,U,OB,1,1,126,138220,32,59:00.0,1,6:00,455
7756215550,U,OB,1,1,295,138220,32,14:00.0,1,8:00,455
7756215615,U,IB,1,1,388,138544,105,48:00.0,3,15:00,455
7756215734,U,IB,1,1,226,138544,105,59:00.0,3,15:00,455
7756216156,U,OB,1,1,455,135090,65,35:00.0,1,1:00,455
7756216504,U,OB,1,1,210,211007,31,29:00.0,3,15:00,455
7756216522,U,IB,1,6,1075,137352,101,05:00.0,6,2:00,455
7756216540,U,IB,1,1,380,137352,101,59:00.0,6,1:00,455
7756216587,U,OB,1,1,140,121290,73,26:00.0,5,21:00,455
7756216632,U,OB,1,2,210,291042,73,02:00.0,1,1:00,455
7756216843,U,OB,1,1,423,133890,63,55:00.0,3,23:00,455
7756216944,U,OB,1,3,585,290771,72,06:00.0,4,21:00,455
7756217568,U,OB,1,3,720,136173,49,22:00.0,1,2:00,455
7756217586,U,OB,1,6,2645,132358,49,52:00.0,4,21:00,455
7756217824,U,OB,1,2,1130,135747,14,22:00.0,1,3:00,455
7756217889,U,OB,1,2,944,128853,26,53:00.0,4,6:00,455
7756219272,U,OB,1,1,350,135090,65,20:00.0,1,1:00,455
775621930X,U,OB,1,1,450,136439,43,08:00.0,7,4:00,455
7756219364,U,OB,1,3,4160,135691,55,01:00.0,6,3:00,455
7756219795,U,OB,1,2,902,126323,72,38:00.0,4,19:00,455
7756270404,U,OB,1,1,275,125130,69,16:00.0,3,6:00,421
7756270514,U,OB,1,4,7004,136723,40,02:00.0,5,5:00,421
7756270523,U,OB,1,1,300,136723,40,10:00.0,5,4:00,421
7756270532,U,OB,1,9,8880,136723,40,24:00.0,5,4:00,421
7756270579,U,OB,1,1,1030,134637,53,12:00.0,6,6:00,421
7756270588,U,OB,1,2,528,134637,53,46:00.0,6,6:00,421
7756270597,U,OB,1,1,960,134637,53,40:00.0,6,6:00,421
7756270606,U,OB,1,2,2152,134637,53,05:00.0,6,7:00,421
7756270615,U,OB,1,2,4085,261353,58,00:00.0,7,9:00,421
7756270624,U,OB,1,1,442,261353,58,18:00.0,7,8:00,421
7756270642,U,OB,1,1,1344,261353,58,21:00.0,7,8:00,421
7756270651,U,OB,1,2,508,261353,58,58:00.0,7,9:00,421
775627067X,U,OB,1,2,3262,261353,58,45:00.0,7,7:00,421
7756270698,U,OB,1,1,118,261353,58,55:00.0,7,8:00,421
7756270770,U,OB,1,1,600,140023,22,36:00.0,7,6:00,421
7756271284,U,OB,1,1,1150,279944,49,33:00.0,4,5:00,421
7756271385,U,OB,1,9,254,134790,46,31:00.0,4,6:00,421
7756271412,U,OB,1,1,510,R621153063,22,47:00.0,5,13:00,421
7756274043,U,CTY,1,316,1897,125065,216,29:00.0,4,15:00,421
7756275033,U,OB,1,7,1117,127739,49,09:00.0,1,1:00,421
7756275107,U,OB,1,1,610,261165,73,21:00.0,5,3:00,421
7756275134,U,OB,1,1,327,261165,73,51:00.0,5,4:00,421
7756275152,U,OB,1,1,805,123486,17,26:00.0,6,4:00,421
7756275208,U,CTY,1,3,3200,126232,189,33:00.0,6,20:00,421
7756275217,U,CTY,1,4,11920,126232,189,29:00.0,6,20:00,421
7756275464,U,OB,1,1,530,135929,38,24:00.0,5,21:00,421
775627551X,U,OB,1,2,120,132716,95,43:00.0,1,18:00,421
7756275529,U,OB,1,1,60,132716,95,58:00.0,1,18:00,421
7756275538,U,OB,1,1,60,132716,95,54:00.0,1,18:00,421
7756275547,U,OB,1,1,41,132716,95,11:00.0,1,20:00,421
7756275556,U,OB,1,1,26,132716,95,13:00.0,1,20:00,421
7756275565,U,OB,1,1,53,132716,95,38:00.0,1,18:00,421
7756275574,U,OB,1,2,120,132716,95,32:00.0,1,18:00,421
7756275583,U,OB,1,1,41,132716,95,07:00.0,1,20:00,421
7756275592,U,OB,1,1,60,132716,95,29:00.0,1,18:00,421
7756275601,U,OB,1,1,145,137716,58,15:00.0,3,13:00,421
7756275610,U,OB,1,1,60,137716,58,38:00.0,3,6:00,421
775627562X,U,OB,1,1,60,137716,58,36:00.0,3,6:00,421
7756275639,U,OB,1,2,120,137716,58,34:00.0,3,6:00,421
7756275648,U,OB,1,1,60,137716,58,30:00.0,3,6:00,421
7756275657,U,OB,1,1,60,137716,58,12:00.0,3,6:00,421
7756275666,U,OB,1,1,41,137716,58,56:00.0,3,3:00,421
7756275675,U,OB,1,1,112,137716,58,04:00.0,3,6:00,421
7756275684,U,OB,1,1,60,137716,58,02:00.0,3,5:00,421
7756275693,U,OB,1,1,60,137716,58,28:00.0,3,5:00,421
7756275702,U,OB,1,1,60,137716,58,59:00.0,3,4:00,421
7756275720,U,OB,1,1,62,137716,58,47:00.0,3,5:00,421
775627573X,U,OB,1,1,60,137716,58,36:00.0,3,5:00,421
7756275758,U,OB,1,1,41,137716,58,34:00.0,3,3:00,421
7756275767,U,OB,1,1,260,132716,95,17:00.0,1,18:00,421
7756275776,U,OB,1,1,150,132716,95,08:00.0,1,18:00,421
7756275785,U,OB,1,1,490,132716,95,45:00.0,1,17:00,421
7756275859,U,OB,1,1,403,126700,50,35:00.0,4,14:00,421
7756275886,U,OB,1,1,150,138774,73,54:00.0,6,5:00,421
7756275940,U,OB,1,1,158,125212,50,09:00.0,6,3:00,421
7756276014,U,OB,1,1,60,137716,58,24:00.0,3,4:00,421
7756276014,U,CTY,1,1,60,137716,194,17:00.0,3,11:00,421
7756276023,U,OB,1,2,120,137716,58,20:00.0,3,4:00,421
7756276032,U,OB,1,1,26,137716,58,54:00.0,3,4:00,421
7756276041,U,OB,1,1,26,137716,58,49:00.0,3,4:00,421
7756276050,U,OB,1,1,26,137716,58,47:00.0,3,4:00,421
775627606X,U,OB,1,1,112,137716,58,14:00.0,3,7:00,421
7756276079,U,OB,1,1,29,137716,58,15:00.0,3,7:00,421
7756276088,U,OB,1,1,55,137716,58,19:00.0,3,13:00,421
7756276097,U,OB,1,1,38,137716,58,44:00.0,3,4:00,421
7756276106,U,OB,1,1,60,137716,58,24:00.0,3,7:00,421
7756276115,U,OB,1,1,60,137716,58,01:00.0,3,4:00,421
7756276124,U,OB,1,1,60,137716,58,58:00.0,3,3:00,421
7756276133,U,OB,1,1,26,137716,58,28:00.0,3,4:00,421
7756276142,U,OB,1,1,29,137716,58,32:00.0,3,4:00,421
7756276151,U,OB,1,1,60,130711,69,42:00.0,4,21:00,421
7756276160,U,OB,1,1,60,130711,69,38:00.0,4,22:00,421
775627617X,U,OB,1,1,60,130711,69,33:00.0,4,22:00,421
7756276189,U,OB,1,1,60,130711,69,31:00.0,4,22:00,421
7756276198,U,OB,1,3,180,130711,69,26:00.0,4,22:00,421
7756276207,U,OB,1,1,60,130711,69,05:00.0,4,22:00,421
7756276216,U,OB,1,2,120,130711,69,55:00.0,4,21:00,421
7756276225,U,OB,1,1,60,130711,69,41:00.0,4,21:00,421
7756276234,U,OB,1,2,120,130711,69,37:00.0,4,21:00,421
7756276252,U,OB,1,1,54,130711,69,27:00.0,4,16:00,421
7756276261,U,OB,1,2,165,130711,69,52:00.0,4,16:00,421
7756276270,U,OB,1,1,41,130711,69,12:00.0,4,15:00,421
775627628X,U,OB,1,1,41,130711,69,34:00.0,4,15:00,421
7756276299,U,OB,1,1,41,130711,69,35:00.0,4,15:00,421
7756276308,U,OB,1,2,76,130711,69,43:00.0,4,16:00,421
7756276317,U,OB,1,1,60,138774,73,09:00.0,6,8:00,421
7756276326,U,OB,1,1,41,138774,73,06:00.0,6,10:00,421
7756276335,U,OB,1,1,60,138774,73,05:00.0,6,8:00,421
7756276344,U,OB,1,1,60,138774,73,02:00.0,6,8:00,421
7756276353,U,OB,1,1,60,138774,73,57:00.0,6,7:00,421
7756276362,U,OB,1,1,60,138774,73,54:00.0,6,7:00,421
7756276371,U,OB,1,2,120,138774,73,46:00.0,6,7:00,421
7756276380,U,OB,1,1,41,138774,73,02:00.0,6,10:00,421
775627639X,U,OB,1,1,41,138774,73,04:00.0,6,10:00,421
7756276409,U,OB,1,1,41,138774,73,59:00.0,6,9:00,421
7756276418,U,OB,1,1,63,138774,73,42:00.0,6,7:00,421
7756276427,U,OB,1,1,60,138774,73,39:00.0,6,7:00,421
7756276436,U,OB,1,1,61,138774,73,35:00.0,6,7:00,421
7756276445,U,OB,1,1,34,138774,73,34:00.0,6,7:00,421
7756276454,U,OB,1,1,26,138774,73,30:00.0,6,9:00,421
7756276463,U,OB,1,1,26,138774,73,55:00.0,6,9:00,421
7756276472,U,OB,1,4,104,138774,73,57:00.0,6,9:00,421
7756276490,U,OB,1,1,60,138774,73,27:00.0,6,7:00,421
775627650X,U,OB,1,1,60,138774,73,29:00.0,6,7:00,421
7756276519,U,OB,1,1,41,130711,69,29:00.0,4,16:00,421
7756276528,U,OB,1,1,26,130711,69,22:00.0,4,16:00,421
7756276537,U,OB,1,1,55,130711,69,26:00.0,4,21:00,421
7756276555,U,OB,1,2,120,130711,69,43:00.0,4,19:00,421
7756276564,U,OB,1,1,60,130711,69,48:00.0,4,19:00,421
7756276573,U,OB,1,1,32,130711,69,50:00.0,4,19:00,421
7756276582,U,OB,1,1,26,130711,69,20:00.0,4,16:00,421
7756276591,U,OB,1,1,60,130711,69,51:00.0,4,20:00,421
7756276600,U,OB,1,1,60,130711,69,48:00.0,4,20:00,421
775627661X,U,OB,1,1,60,130711,69,08:00.0,4,20:00,421
7756276629,U,OB,1,2,120,130711,69,04:00.0,4,20:00,421
7756276638,U,OB,1,1,60,130711,69,54:00.0,4,19:00,421
7756276647,U,OB,1,1,41,130711,69,38:00.0,4,15:00,421
7756276656,U,OB,1,1,41,130711,69,40:00.0,4,15:00,421
7756276665,U,OB,1,1,66,130711,69,01:00.0,4,21:00,421
7756276674,U,OB,1,1,87,130711,69,02:00.0,4,21:00,421
7756276683,U,OB,1,1,32,130711,69,07:00.0,4,21:00,421
7756276692,U,OB,1,1,40,130711,69,23:00.0,4,21:00,421
7756276701,U,OB,1,1,53,130711,69,37:00.0,4,19:00,421
7756276710,U,OB,1,1,60,130711,69,25:00.0,4,19:00,421
775627672X,U,OB,1,3,180,130711,69,15:00.0,4,19:00,421
7756276739,U,OB,1,1,60,130711,69,45:00.0,4,16:00,421
7756276748,U,OB,1,1,29,130711,69,00:00.0,4,19:00,421
7756276757,U,OB,1,1,60,130711,69,48:00.0,4,16:00,421
7756276766,U,OB,1,1,60,138774,73,12:00.0,6,8:00,421
7756276775,U,OB,1,2,120,138774,73,17:00.0,6,8:00,421
7756276784,U,OB,1,1,76,126250,18,28:00.0,6,6:00,421
7756276793,U,OB,1,2,82,138774,73,53:00.0,6,10:00,421
7756276802,U,OB,1,1,41,138774,73,50:00.0,6,10:00,421
7756276811,U,OB,1,2,82,138774,73,47:00.0,6,10:00,421
7756276820,U,OB,1,1,54,138774,73,44:00.0,6,10:00,421
7756276849,U,OB,1,1,82,138774,73,33:00.0,6,10:00,421
7756276858,U,OB,1,1,60,138774,73,31:00.0,6,10:00,421
7756276867,U,OB,1,1,62,138774,73,29:00.0,6,10:00,421
7756276876,U,OB,1,1,62,138774,73,13:00.0,6,10:00,421
7756276885,U,OB,1,1,62,138774,73,14:00.0,6,10:00,421
7756276894,U,OB,1,1,62,138774,73,18:00.0,6,10:00,421
7756276903,U,OB,1,1,62,138774,73,21:00.0,6,10:00,421
7756276912,U,OB,1,1,62,138774,73,23:00.0,6,10:00,421
7756276921,U,OB,1,1,62,138774,73,26:00.0,6,10:00,421
7756276930,U,OB,1,2,124,126250,18,32:00.0,6,6:00,421
775627694X,U,OB,1,1,62,138774,73,11:00.0,6,10:00,421
7756276959,U,OB,1,2,130,126250,18,39:00.0,6,6:00,421
7756276968,U,OB,1,1,26,138774,73,40:00.0,6,10:00,421
7756276977,U,OB,1,1,26,138774,73,43:00.0,6,10:00,421
7756276986,U,OB,1,2,86,126250,18,27:00.0,6,8:00,421
7756276995,U,OB,1,1,62,140023,22,13:00.0,7,9:00,421
7756277004,U,OB,1,1,62,140023,22,11:00.0,7,9:00,421
7756277013,U,OB,1,1,60,138774,73,51:00.0,6,6:00,421
7756277022,U,OB,1,1,60,138774,73,43:00.0,6,6:00,421
7756277031,U,OB,1,1,60,138774,73,36:00.0,6,6:00,421
7756277040,U,OB,1,1,60,138774,73,34:00.0,6,6:00,421
775627705X,U,OB,1,1,41,138774,73,27:00.0,6,9:00,421
7756277069,U,OB,1,1,54,138774,73,24:00.0,6,9:00,421
7756277078,U,OB,1,4,240,138774,73,30:00.0,6,6:00,421
7756277087,U,OB,1,1,60,138774,73,20:00.0,6,9:00,421
7756277096,U,OB,1,2,120,138774,73,18:00.0,6,9:00,421
7756277096,U,OB,1,2,120,138774,36,22:00.0,6,14:00,421
7756277105,U,OB,1,1,76,138774,73,13:00.0,6,9:00,421
7756277114,U,OB,1,1,60,138774,73,09:00.0,6,9:00,421
7756277123,U,OB,1,2,82,138774,73,56:00.0,6,10:00,421
7756277132,U,OB,1,1,60,138774,73,54:00.0,6,8:00,421
7756277141,U,OB,1,1,60,138774,73,59:00.0,6,8:00,421
7756277150,U,OB,1,1,60,138774,73,03:00.0,6,9:00,421
775627716X,U,OB,1,1,60,138774,73,47:00.0,6,8:00,421
7756277179,U,OB,1,1,60,138774,73,49:00.0,6,8:00,421
7756277188,U,OB,1,2,120,138774,36,22:00.0,6,14:00,421
7756277188,U,OB,1,2,120,138774,73,43:00.0,6,8:00,421
7756277197,U,OB,1,1,60,138774,73,32:00.0,6,8:00,421
7756277206,U,OB,1,1,60,138774,73,34:00.0,6,8:00,421
7756277215,U,OB,1,1,60,138774,73,36:00.0,6,10:00,421
7756277224,U,OB,1,1,60,138774,73,20:00.0,6,8:00,421
7756277233,U,OB,1,2,120,138774,73,22:00.0,6,8:00,421
7756277242,U,OB,1,1,60,138774,73,26:00.0,6,8:00,421
7756277251,U,OB,1,2,120,138774,73,30:00.0,6,8:00,421
7756278012,U,OB,1,1,455,139785,53,15:00.0,6,2:00,421
7756278012,U,CTY,1,1,455,127085,195,47:00.0,6,10:00,421
7756278517,U,OB,1,1,2070,126495,53,44:00.0,3,7:00,421
7756279516,U,OB,1,1,69,558965,52,30:00.0,7,9:00,421
7756279525,U,OB,1,1,38,558965,52,46:00.0,7,11:00,421
7756279534,U,OB,1,1,41,558965,52,44:00.0,7,11:00,421
7756279543,U,OB,1,1,41,558965,52,43:00.0,7,11:00,421
7756279552,U,OB,1,1,60,558965,52,25:00.0,7,9:00,421
7756279561,U,OB,1,4,240,558965,52,15:00.0,7,9:00,421
7756279570,U,OB,1,2,120,558965,52,11:00.0,7,9:00,421
775627958X,U,OB,1,1,34,558965,52,03:00.0,7,9:00,421
7756280268,U,OB,1,1,60,140023,22,25:00.0,7,9:00,421
7756280277,U,OB,1,1,60,140023,22,22:00.0,7,9:00,421
7756280286,U,OB,1,1,60,140023,22,19:00.0,7,9:00,421
7756280295,U,OB,1,1,60,140023,22,14:00.0,7,9:00,421
7756280304,U,OB,1,1,76,140023,22,31:00.0,7,9:00,421
7756280313,U,OB,1,1,60,140023,22,38:00.0,7,9:00,421
7756280322,U,OB,1,1,60,140023,22,31:00.0,7,9:00,421
7756280331,U,OB,1,1,41,140023,22,09:00.0,7,12:00,421
7756280340,U,OB,1,1,41,140023,22,13:00.0,7,12:00,421
7756280369,U,OB,1,1,41,140023,22,19:00.0,7,12:00,421
7756280378,U,OB,1,2,82,140023,22,25:00.0,7,12:00,421
7756280387,U,OB,1,1,60,140023,22,43:00.0,7,9:00,421
7756280405,U,OB,1,1,60,140023,22,41:00.0,7,9:00,421
7756280414,U,OB,1,1,60,140023,22,46:00.0,7,9:00,421
7756280423,U,OB,1,1,60,140023,22,07:00.0,7,10:00,421
7756280423,U,IB,1,1,60,140023,119,46:00.0,7,10:00,421
7756280432,U,OB,1,2,120,140023,22,01:00.0,7,10:00,421
7756280441,U,OB,1,1,60,140023,22,54:00.0,7,9:00,421
7756280450,U,OB,1,1,60,140023,22,51:00.0,7,9:00,421
775628046X,U,OB,1,1,60,140023,22,27:00.0,7,10:00,421
7756280479,U,OB,1,1,60,140023,22,14:00.0,7,10:00,421
7756280488,U,OB,1,1,60,140023,22,11:00.0,7,10:00,421
7756280497,U,OB,1,1,76,140023,22,08:00.0,7,9:00,421
7756280506,U,OB,1,1,26,140023,22,07:00.0,7,12:00,421
7756280515,U,OB,1,2,180,134344,32,53:00.0,4,18:00,421
7756280524,U,OB,1,1,60,134344,32,45:00.0,4,18:00,421
7756280533,U,OB,1,1,60,134344,32,43:00.0,4,18:00,421
7756280542,U,OB,1,1,60,134344,32,40:00.0,4,18:00,421
7756280551,U,OB,1,1,60,134344,32,24:00.0,4,18:00,421
7756280560,U,OB,1,1,60,134344,32,26:00.0,4,18:00,421
775628057X,U,OB,1,1,60,134344,32,30:00.0,4,18:00,421
7756280589,U,OB,1,1,60,134344,32,37:00.0,4,18:00,421
7756280607,U,OB,1,1,41,134344,32,38:00.0,4,16:00,421
7756280616,U,OB,1,1,41,134344,32,38:00.0,4,16:00,421
7756280625,U,OB,1,1,41,134344,32,38:00.0,4,16:00,421
7756280634,U,OB,1,1,41,134344,32,37:00.0,4,16:00,421
7756280652,U,OB,1,1,41,134344,32,27:00.0,4,16:00,421
7756280670,U,OB,1,1,60,134344,32,30:00.0,4,17:00,421
775628068X,U,OB,1,1,60,134344,32,33:00.0,4,17:00,421
7756280699,U,OB,1,1,60,134344,32,38:00.0,4,17:00,421
7756280708,U,OB,1,1,60,134344,32,22:00.0,4,18:00,421
7756280717,U,OB,1,1,87,134344,32,18:00.0,4,18:00,421
7756280726,U,OB,1,1,34,134344,32,39:00.0,4,17:00,421
7756280735,U,OB,1,1,26,134344,32,30:00.0,4,16:00,421
7756280744,U,OB,1,1,60,134344,32,24:00.0,4,17:00,421
7756280753,U,OB,1,1,60,134344,32,24:00.0,4,17:00,421
775628079X,U,OB,1,1,60,140023,22,32:00.0,7,10:00,421
7756280809,U,OB,1,1,60,140023,22,29:00.0,7,10:00,421
7756280818,U,OB,1,1,206,129847,53,12:00.0,7,14:00,421
7756280872,U,OB,1,1,870,127209,69,35:00.0,3,6:00,421
7756280881,U,OB,1,1,158,127209,30,27:00.0,3,12:00,421
7756280881,U,OB,1,1,158,127209,69,14:00.0,3,7:00,421
775628090X,U,OB,1,2,1483,126495,53,39:00.0,3,6:00,421
775628090X,U,OB,1,2,1483,126495,3,47:00.0,3,7:00,421
775628101X,U,OB,1,1,26,140023,22,02:00.0,7,12:00,421
7756281029,U,OB,1,1,26,140023,22,59:00.0,7,11:00,421
7756281038,U,OB,1,1,26,140023,22,04:00.0,7,12:00,421
7756281047,U,OB,1,3,102,140023,22,52:00.0,7,11:00,421
7756281056,U,OB,1,1,117,140023,22,03:00.0,7,9:00,421
7756281065,U,OB,1,1,38,140023,22,56:00.0,7,11:00,421
7756281074,U,OB,1,1,26,140023,22,48:00.0,7,11:00,421
7756281083,U,OB,1,1,26,140023,22,40:00.0,7,11:00,421
7756281092,U,OB,1,1,26,140023,22,44:00.0,7,11:00,421
7756281101,U,OB,1,1,62,140023,22,42:00.0,7,10:00,421
7756281110,U,OB,1,1,60,140023,22,33:00.0,7,8:00,421
775628112X,U,OB,1,1,76,140023,22,30:00.0,7,8:00,421
7756281139,U,OB,1,1,60,140023,22,26:00.0,7,8:00,421
7756281148,U,OB,1,1,41,140023,22,46:00.0,7,10:00,421
7756281157,U,OB,1,1,60,140023,22,23:00.0,7,8:00,421
7756281166,U,OB,1,1,41,140023,22,51:00.0,7,10:00,421
7756281175,U,OB,1,1,62,127209,69,24:00.0,3,9:00,421
7756281184,U,OB,1,2,124,127209,69,22:00.0,3,9:00,421
7756281193,U,OB,1,1,62,127209,69,18:00.0,3,9:00,421
7756281202,U,OB,1,2,120,127209,69,15:00.0,3,9:00,421
7756281211,U,OB,1,1,60,127209,69,10:00.0,3,9:00,421
7756281220,U,OB,1,2,120,127209,69,08:00.0,3,9:00,421
775628123X,U,OB,1,1,60,127209,69,04:00.0,3,9:00,421
7756281249,U,OB,1,1,60,127209,69,57:00.0,3,8:00,421
7756281258,U,OB,1,1,60,127209,69,55:00.0,3,8:00,421
7756281267,U,OB,1,2,120,127209,69,52:00.0,3,8:00,421
7756281276,U,OB,1,1,62,127209,69,27:00.0,3,8:00,421
7756281285,U,OB,1,1,62,127209,69,23:00.0,3,8:00,421
7756281294,U,OB,1,1,62,127209,69,21:00.0,3,8:00,421
7756281303,U,OB,1,1,60,127209,69,04:00.0,3,8:00,421
7756281312,U,OB,1,1,60,127209,69,01:00.0,3,8:00,421
7756281321,U,OB,1,1,76,127209,69,13:00.0,3,8:00,421
7756281330,U,OB,1,2,120,127209,69,11:00.0,3,8:00,421
775628134X,U,OB,1,1,60,127209,69,08:00.0,3,8:00,421
7756281359,U,OB,1,1,60,127209,69,06:00.0,3,8:00,421
7756281368,U,OB,1,1,41,127209,69,37:00.0,3,9:00,421
7756281377,U,OB,1,1,41,127209,69,39:00.0,3,9:00,421
7756281386,U,OB,1,1,62,127209,69,43:00.0,3,7:00,421
7756281395,U,OB,1,1,90,127209,69,41:00.0,3,7:00,421
7756281404,U,OB,1,1,34,127209,69,35:00.0,3,7:00,421
7756281413,U,OB,1,1,34,127209,69,38:00.0,3,7:00,421
7756281422,U,OB,1,1,53,127209,69,32:00.0,3,7:00,421
7756281431,U,OB,1,1,26,127209,69,41:00.0,3,9:00,421
7756281440,U,OB,1,1,26,127209,69,43:00.0,3,9:00,421
775628145X,U,OB,1,1,26,127209,69,45:00.0,3,9:00,421
7756281469,U,OB,1,1,26,127209,69,48:00.0,3,9:00,421
7756281478,U,OB,1,3,78,127209,69,35:00.0,3,9:00,421
7756281487,U,OB,1,1,29,127209,69,30:00.0,3,7:00,421
7756281496,U,OB,1,2,108,127209,45,52:00.0,3,12:00,421
7756281496,U,OB,1,2,108,127209,69,31:00.0,3,9:00,421
7756281505,U,OB,1,1,76,127209,69,28:00.0,3,7:00,421
7756281514,U,OB,1,1,60,261165,73,18:00.0,5,13:00,421
7756281523,U,OB,1,4,240,261165,73,26:00.0,5,12:00,421
7756281532,U,OB,1,1,60,261165,73,21:00.0,5,12:00,421
7756281541,U,OB,1,1,60,261165,73,38:00.0,5,10:00,421
7756281550,U,OB,1,1,60,261165,73,41:00.0,5,10:00,421
775628156X,U,OB,1,2,120,261165,73,45:00.0,5,10:00,421
7756281579,U,OB,1,1,60,261165,73,35:00.0,5,10:00,421
7756281588,U,OB,1,1,41,133189,38,38:00.0,5,4:00,421
7756281597,U,OB,1,1,41,133189,38,49:00.0,5,4:00,421
7756281606,U,OB,1,1,41,133189,38,40:00.0,5,4:00,421
7756281624,U,OB,1,2,67,133189,38,40:00.0,5,3:00,421
7756281633,U,OB,1,1,60,261165,73,29:00.0,5,10:00,421
7756281642,U,OB,1,1,60,261165,73,32:00.0,5,10:00,421
7756281651,U,OB,1,1,62,261165,73,11:00.0,5,10:00,421
7756281660,U,OB,1,1,62,261165,73,14:00.0,5,10:00,421
775628167X,U,OB,1,1,62,261165,73,17:00.0,5,10:00,421
7756281689,U,OB,1,1,62,261165,73,22:00.0,5,9:00,421
7756281698,U,OB,1,1,62,261165,73,16:00.0,5,9:00,421
7756281707,U,OB,1,1,67,261165,73,13:00.0,5,9:00,421
7756281716,U,OB,1,1,60,261165,73,27:00.0,5,6:00,421
7756281725,U,OB,1,1,60,261165,73,56:00.0,5,8:00,421
7756281734,U,OB,1,1,60,261165,73,05:00.0,5,9:00,421
7756281743,U,OB,1,1,62,261165,73,14:00.0,5,6:00,421
7756281752,U,OB,1,1,69,261165,73,48:00.0,5,5:00,421
7756281761,U,OB,1,1,60,134344,32,04:00.0,4,17:00,421
7756281770,U,OB,1,1,60,134344,32,07:00.0,4,17:00,421
775628178X,U,OB,1,1,60,134344,32,08:00.0,4,17:00,421
7756281799,U,OB,1,1,60,134344,32,12:00.0,4,17:00,421
7756281808,U,OB,1,1,60,134344,32,14:00.0,4,17:00,421
7756281817,U,OB,1,1,54,134344,32,28:00.0,4,16:00,421
7756281826,U,OB,1,1,41,134344,32,23:00.0,4,16:00,421
7756281844,U,OB,1,1,53,134344,32,59:00.0,4,16:00,421
7756281853,U,OB,1,2,52,134344,32,19:00.0,4,16:00,421
7756281862,U,OB,1,1,26,134344,32,15:00.0,4,16:00,421
7756281871,U,OB,1,1,26,134344,32,18:00.0,4,16:00,421
7756281880,U,OB,1,1,26,134344,32,11:00.0,4,16:00,421
775628189X,U,OB,1,1,62,134344,32,45:00.0,4,16:00,421
7756281909,U,OB,1,1,62,134344,32,57:00.0,4,16:00,421
7756281918,U,OB,1,1,62,134344,32,57:00.0,4,16:00,421
7756281927,U,OB,1,1,69,134344,32,45:00.0,4,16:00,421
7756281936,U,OB,1,1,62,134344,32,49:00.0,4,16:00,421
7756281945,U,OB,1,1,60,134344,32,45:00.0,4,16:00,421
7756281954,U,OB,1,1,41,134344,32,14:00.0,4,16:00,421
7756281963,U,OB,1,2,82,134344,32,10:00.0,4,16:00,421
7756281972,U,OB,1,1,77,261165,73,06:00.0,5,13:00,421
7756281981,U,OB,1,1,60,261165,73,30:00.0,5,12:00,421
7756281990,U,OB,1,1,60,261165,73,32:00.0,5,12:00,421
775628200X,U,OB,1,1,60,261165,73,59:00.0,5,12:00,421
7756282019,U,OB,1,1,60,125573,60,56:00.0,6,10:00,421
7756282028,U,OB,1,1,41,125573,60,40:00.0,6,10:00,421
7756282037,U,OB,1,1,54,125573,60,10:00.0,6,13:00,421
7756282046,U,OB,1,1,60,125573,60,01:00.0,6,11:00,421
7756282055,U,OB,1,2,120,128129,69,00:00.0,7,11:00,421
7756282064,U,OB,1,1,60,128129,69,56:00.0,7,10:00,421
7756282073,U,OB,1,2,120,128129,69,08:00.0,7,11:00,421
7756282082,U,OB,1,1,60,128129,69,16:00.0,7,11:00,421
7756282091,U,OB,1,1,76,128129,69,19:00.0,7,11:00,421
775628211X,U,OB,1,1,41,128129,69,21:00.0,7,9:00,421
7756282129,U,OB,1,1,41,128129,69,23:00.0,7,9:00,421
7756282138,U,OB,1,1,41,128129,69,25:00.0,7,9:00,421
7756282147,U,OB,1,2,82,128129,69,15:00.0,7,9:00,421
7756282156,U,OB,1,1,41,128129,69,18:00.0,7,9:00,421
7756282165,U,OB,1,1,41,128129,69,20:00.0,7,9:00,421
7756282174,U,OB,1,1,62,128129,69,54:00.0,7,10:00,421
7756282183,U,OB,1,3,186,128129,69,52:00.0,7,10:00,421
7756282183,U,OB,1,3,186,128129,57,46:00.0,1,9:00,421
7756282192,U,OB,1,1,60,128129,69,44:00.0,7,10:00,421
7756282201,U,OB,1,1,60,128129,69,46:00.0,7,10:00,421
7756282210,U,OB,1,1,60,128129,69,49:00.0,7,10:00,421
775628222X,U,OB,1,4,240,128129,69,41:00.0,7,10:00,421
775628222X,U,IB,1,4,240,128129,121,59:00.0,7,10:00,421
7756282239,U,OB,1,1,60,128129,69,16:00.0,7,10:00,421
7756282248,U,OB,1,4,240,128129,69,31:00.0,7,10:00,421
7756282257,U,OB,1,1,60,128129,69,37:00.0,7,10:00,421
7756282486,U,OB,1,1,860,128129,69,47:00.0,7,5:00,421
7756282513,U,OB,1,1,69,261165,73,41:00.0,5,5:00,421
7756282522,U,OB,1,1,60,261165,73,44:00.0,5,5:00,421
7756282531,U,OB,1,1,41,133189,38,31:00.0,5,4:00,421
7756282540,U,OB,1,1,41,133189,38,33:00.0,5,4:00,421
775628255X,U,OB,1,1,341,261165,73,28:00.0,5,5:00,421
7756282569,U,OB,1,1,53,261165,73,16:00.0,5,5:00,421
7756282578,U,OB,1,1,53,261165,73,20:00.0,5,5:00,421
7756282587,U,OB,1,1,26,133189,38,01:00.0,5,4:00,421
7756282596,U,OB,1,1,26,133189,38,44:00.0,5,3:00,421
7756282605,U,OB,1,1,29,261165,73,13:00.0,5,5:00,421
7756282614,U,OB,1,1,41,133189,38,36:00.0,5,3:00,421
7756282623,U,OB,1,1,112,261165,73,09:00.0,5,5:00,421
7756282641,U,OB,1,1,87,261165,73,05:00.0,5,5:00,421
7756282650,U,OB,1,1,54,261165,73,59:00.0,5,4:00,421
775628266X,U,OB,1,1,60,133189,38,58:00.0,5,9:00,421
7756282679,U,OB,1,1,60,133189,38,34:00.0,5,9:00,421
7756282688,U,OB,1,1,60,133189,38,38:00.0,5,9:00,421
7756282697,U,OB,1,1,41,133189,38,18:00.0,5,3:00,421
7756282706,U,OB,1,3,123,133189,38,14:00.0,5,3:00,421
7756282715,U,OB,1,1,60,133189,38,40:00.0,5,9:00,421
7756282724,U,OB,1,1,34,133189,38,32:00.0,5,9:00,421
7756282733,U,OB,1,1,53,133189,38,31:00.0,5,9:00,421
7756282742,U,OB,1,1,26,133189,38,59:00.0,5,2:00,421
7756282751,U,OB,1,1,26,133189,38,02:00.0,5,3:00,421
7756282760,U,OB,1,1,26,133189,38,04:00.0,5,3:00,421
775628277X,U,OB,1,1,60,125573,60,05:00.0,6,13:00,421
7756282789,U,OB,1,1,60,125573,60,02:00.0,6,13:00,421
7756282798,U,OB,1,1,60,125573,60,00:00.0,6,13:00,421
7756282807,U,OB,1,1,76,125573,60,53:00.0,6,12:00,421
7756282816,U,OB,1,2,93,125573,60,56:00.0,6,12:00,421
7756282825,U,OB,1,1,41,125573,60,38:00.0,6,10:00,421
7756282834,U,OB,1,2,120,125573,60,49:00.0,6,12:00,421
7756282843,U,OB,1,1,60,125573,60,50:00.0,6,12:00,421
7756282852,U,OB,1,1,60,125573,60,33:00.0,6,12:00,421
7756282861,U,OB,1,3,180,125573,60,40:00.0,6,12:00,421
7756282870,U,OB,1,1,60,125573,60,29:00.0,6,12:00,421
775628288X,U,OB,1,1,76,125573,60,28:00.0,6,12:00,421
7756282899,U,OB,1,2,82,125573,60,34:00.0,6,10:00,421
7756282908,U,OB,1,1,112,125573,60,24:00.0,6,12:00,421
7756282917,U,CTY,1,1,117,125573,231,52:00.0,3,3:00,421
7756282917,U,OB,1,1,117,125573,60,21:00.0,6,12:00,421
7756282926,U,OB,1,1,53,125573,60,45:00.0,6,11:00,421
7756282935,U,OB,1,2,124,125573,60,39:00.0,6,11:00,421
7756282944,U,OB,1,1,62,125573,60,35:00.0,6,11:00,421
7756282953,U,OB,1,1,69,125573,60,08:00.0,6,11:00,421
7756282962,U,OB,1,1,62,125573,60,17:00.0,6,11:00,421
7756282971,U,OB,1,1,62,125573,60,28:00.0,6,11:00,421
7756282980,U,OB,1,1,76,125573,60,13:00.0,6,11:00,421
775628299X,U,OB,1,1,60,125573,60,04:00.0,6,11:00,421
7756283009,U,OB,1,1,60,125573,60,06:00.0,6,11:00,421
7756283018,U,OB,1,1,38,128129,69,14:00.0,7,9:00,421
7756283027,U,OB,1,4,128,128129,69,33:00.0,7,8:00,421
7756283036,U,OB,1,2,76,128129,69,12:00.0,7,10:00,421
7756283045,U,OB,1,4,114,128129,69,09:00.0,7,10:00,421
7756283045,U,OB,1,4,114,128129,19,50:00.0,1,11:00,421
7756283054,U,OB,1,1,53,128129,69,06:00.0,7,10:00,421
7756283063,U,OB,1,1,26,128129,69,08:00.0,7,8:00,421
7756283072,U,OB,1,1,26,128129,69,12:00.0,7,8:00,421
7756283081,U,OB,1,1,26,128129,69,14:00.0,7,8:00,421
7756283090,U,OB,1,1,26,128129,69,16:00.0,7,8:00,421
7756283119,U,OB,1,1,77,128129,69,03:00.0,7,10:00,421
7756283128,U,OB,1,1,60,128129,69,50:00.0,7,9:00,421
7756283137,U,OB,1,1,60,128129,69,44:00.0,7,9:00,421
7756283146,U,OB,1,1,60,128129,69,48:00.0,7,9:00,421
7756283155,U,OB,1,1,41,128129,69,03:00.0,7,8:00,421
7756283164,U,OB,1,4,164,128129,69,57:00.0,7,7:00,421
7756283173,U,OB,1,1,26,128129,69,59:00.0,7,7:00,421
7756283182,U,OB,1,1,12,128129,69,53:00.0,7,7:00,421
7756283191,U,OB,1,1,60,128129,69,36:00.0,7,9:00,421
7756283200,U,OB,1,1,60,128129,69,32:00.0,7,9:00,421
775628321X,U,OB,1,1,112,128129,69,40:00.0,7,9:00,421
7756283229,U,OB,1,1,60,125130,69,32:00.0,3,10:00,421
7756283238,U,OB,1,3,180,125130,69,30:00.0,3,10:00,421
7756283247,U,OB,1,1,60,125130,69,26:00.0,3,10:00,421
7756283256,U,OB,1,1,60,125130,69,24:00.0,3,10:00,421
7756283265,U,OB,1,1,400,128129,69,00:00.0,7,6:00,421
7756283283,U,OB,1,1,244,128129,69,56:00.0,7,5:00,421
7756283348,U,OB,1,1,1245,136210,38,54:00.0,4,5:00,421
7756283375,U,OB,1,1,440,136210,38,39:00.0,4,5:00,421
7756283384,U,OB,1,1,340,136210,38,00:00.0,4,5:00,421
7756283402,U,OB,1,1,205,R621153063,22,38:00.0,5,12:00,421
7756283467,U,OB,1,1,158,134501,67,54:00.0,6,12:00,421
7756283476,U,OB,1,1,158,134501,67,51:00.0,6,12:00,421
7756283485,U,OB,1,1,456,134501,67,58:00.0,6,12:00,421
7756283494,U,OB,1,1,530,134501,67,18:00.0,6,13:00,421
7756283512,U,OB,1,1,110,127085,58,09:00.0,3,11:00,421
7756283521,U,OB,1,1,53,125130,69,15:00.0,3,10:00,421
775628354X,U,OB,1,1,60,125130,5,57:00.0,3,17:00,421
775628354X,U,OB,1,1,60,125130,69,03:00.0,3,10:00,421
7756283559,U,OB,1,1,60,125130,69,05:00.0,3,10:00,421
7756283568,U,OB,1,1,60,125130,69,59:00.0,3,9:00,421
7756283577,U,OB,1,2,120,125130,69,13:00.0,3,10:00,421
7756283622,U,OB,1,1,190,127085,58,06:00.0,3,11:00,421
7756283631,U,OB,1,1,150,127085,58,08:00.0,3,11:00,421
775628365X,U,OB,1,1,60,125130,69,23:00.0,3,9:00,421
7756283669,U,OB,1,1,60,125130,69,28:00.0,3,9:00,421
7756283678,U,OB,1,1,60,125130,69,30:00.0,3,9:00,421
7756283687,U,OB,1,1,60,125130,69,33:00.0,3,9:00,421
7756283696,U,OB,1,1,60,125130,69,58:00.0,3,9:00,421
7756283705,U,OB,1,1,34,125130,69,25:00.0,3,9:00,421
7756283714,U,OB,1,1,390,127085,58,35:00.0,3,10:00,421
7756283723,U,OB,1,1,62,125130,5,57:00.0,3,17:00,421
7756283723,U,OB,1,1,62,125130,69,22:00.0,3,9:00,421
7756283732,U,OB,1,1,62,125130,69,20:00.0,3,9:00,421
7756283741,U,OB,1,1,60,125130,69,18:00.0,3,9:00,421
7756283750,U,OB,1,3,180,125130,69,16:00.0,3,9:00,421
7756283779,U,OB,1,1,60,125130,69,04:00.0,3,9:00,421
7756283788,U,OB,1,1,60,125130,69,08:00.0,3,9:00,421
7756283797,U,OB,1,2,224,125130,69,58:00.0,3,8:00,421
7756283806,U,OB,1,1,62,136210,38,00:00.0,4,13:00,421
7756283815,U,OB,1,1,62,136210,38,54:00.0,4,12:00,421
7756283824,U,IB,1,1,60,136210,155,40:00.0,4,12:00,421
7756283824,U,IB,1,1,60,136210,155,40:00.0,4,12:00,421
7756283833,U,OB,1,1,60,136210,38,52:00.0,4,12:00,421
7756283842,U,OB,1,1,41,136210,38,53:00.0,4,6:00,421
7756283851,U,OB,1,2,136,136210,38,11:00.0,4,13:00,421
7756283860,U,OB,1,1,34,136210,38,48:00.0,4,11:00,421
775628387X,U,OB,1,1,34,136210,38,47:00.0,4,11:00,421
7756283889,U,OB,1,1,62,136210,38,32:00.0,4,12:00,421
7756283898,U,OB,1,1,60,136210,38,27:00.0,4,12:00,421
7756283907,U,OB,1,1,60,136210,38,17:00.0,4,13:00,421
7756283916,U,OB,1,1,60,136210,38,05:00.0,4,12:00,421
7756283925,U,OB,1,1,60,136210,38,07:00.0,4,12:00,421
7756283934,U,OB,1,1,60,136210,38,11:00.0,4,12:00,421
7756283943,U,OB,1,1,60,136210,38,16:00.0,4,12:00,421
7756283952,U,OB,1,1,60,136210,38,18:00.0,4,12:00,421
7756283961,U,OB,1,1,41,136210,38,42:00.0,4,6:00,421
7756283970,U,OB,1,1,41,136210,38,41:00.0,4,6:00,421
775628398X,U,OB,1,2,82,136210,38,39:00.0,4,6:00,421
7756283999,U,OB,1,2,76,136210,38,42:00.0,4,11:00,421
7756284008,U,OB,1,2,68,136210,38,37:00.0,4,11:00,421
7756284017,U,OB,1,1,54,135191,69,16:00.0,5,4:00,421
7756284026,U,OB,1,1,53,135191,69,26:00.0,5,4:00,421
7756284035,U,OB,1,1,34,135191,69,25:00.0,5,4:00,421
7756284044,U,OB,1,1,34,135191,69,25:00.0,5,4:00,421
7756284053,U,OB,1,1,34,135191,69,25:00.0,5,4:00,421
7756284062,U,OB,1,1,34,135191,69,26:00.0,5,4:00,421
7756284071,U,OB,1,1,53,135191,69,25:00.0,5,4:00,421
7756284080,U,OB,1,1,60,135191,69,25:00.0,5,4:00,421
775628409X,U,OB,1,1,62,135191,69,24:00.0,5,4:00,421
7756284109,U,OB,1,1,60,135191,69,25:00.0,5,4:00,421
7756284118,U,OB,1,1,60,135191,69,24:00.0,5,4:00,421
7756284127,U,OB,1,2,120,135191,69,24:00.0,5,4:00,421
7756284136,U,OB,1,1,112,135191,69,28:00.0,5,4:00,421
7756284145,U,OB,1,1,117,135191,69,28:00.0,5,4:00,421
7756284163,U,OB,1,1,60,134501,67,07:00.0,6,16:00,421
7756284172,U,OB,1,1,60,134501,67,00:00.0,6,16:00,421
7756284181,U,OB,1,1,60,134501,67,00:00.0,6,16:00,421
7756284190,U,OB,1,1,60,134501,67,01:00.0,6,16:00,421
775628420X,U,OB,1,1,41,134501,67,12:00.0,6,14:00,421
7756284219,U,OB,1,1,41,134501,67,11:00.0,6,14:00,421
7756284228,U,OB,1,1,41,134501,67,11:00.0,6,14:00,421
7756284237,U,OB,1,1,41,134501,67,08:00.0,6,14:00,421
7756284246,U,OB,1,4,268,134501,67,57:00.0,6,15:00,421
7756284255,U,OB,1,4,268,134501,67,59:00.0,6,16:00,421
7756284264,U,OB,1,1,60,134501,67,42:00.0,6,16:00,421
7756284273,U,OB,1,2,120,134501,67,51:00.0,6,16:00,421
7756284282,U,OB,1,2,120,134501,67,24:00.0,6,16:00,421
7756284291,U,OB,1,1,54,134501,67,12:00.0,6,14:00,421
7756284300,U,OB,1,1,41,134501,67,49:00.0,6,14:00,421
775628431X,U,OB,1,1,41,134501,67,07:00.0,6,14:00,421
7756284329,U,OB,1,1,41,134501,67,57:00.0,6,13:00,421
7756284338,U,OB,1,1,60,134501,67,00:00.0,6,16:00,421
7756284347,U,OB,1,1,41,134501,67,55:00.0,6,13:00,421
7756284356,U,OB,1,1,41,134501,67,49:00.0,6,13:00,421
7756284365,U,OB,1,1,41,134501,67,50:00.0,6,13:00,421
7756284374,U,OB,1,1,41,134501,67,02:00.0,6,14:00,421
7756284383,U,OB,1,1,60,558965,52,48:00.0,7,10:00,421
7756284392,U,OB,1,1,60,558965,52,50:00.0,7,10:00,421
7756284401,U,OB,1,1,60,558965,52,52:00.0,7,10:00,421
7756284410,U,OB,1,1,60,558965,52,39:00.0,7,10:00,421
775628442X,U,OB,1,1,69,558965,52,37:00.0,7,10:00,421
7756284439,U,OB,1,1,41,558965,52,53:00.0,7,11:00,421
7756284457,U,OB,1,2,101,558965,52,03:00.0,7,12:00,421
7756284466,U,OB,1,1,60,558965,52,33:00.0,7,10:00,421
7756284475,U,OB,1,1,60,558965,52,16:00.0,7,10:00,421
7756284484,U,OB,1,2,120,558965,52,21:00.0,7,10:00,421
7756284493,U,OB,1,1,60,558965,52,29:00.0,7,10:00,421
7756284502,U,OB,1,1,60,558965,52,31:00.0,7,10:00,421
7756284511,U,OB,1,1,60,134501,67,51:00.0,6,15:00,421
7756284520,U,OB,1,1,60,134501,67,50:00.0,6,15:00,421
775628453X,U,OB,1,1,60,134501,67,41:00.0,6,16:00,421
7756284549,U,OB,1,1,60,134501,67,47:00.0,6,16:00,421
7756284558,U,OB,1,1,60,134501,67,41:00.0,6,16:00,421
7756284567,U,OB,1,1,60,134501,67,30:00.0,6,16:00,421
7756284576,U,OB,1,1,60,134501,67,29:00.0,6,16:00,421
7756284585,U,OB,1,1,60,134501,67,34:00.0,6,16:00,421
7756284594,U,OB,1,1,60,134501,67,29:00.0,6,16:00,421
7756284603,U,OB,1,1,60,134501,67,29:00.0,6,16:00,421
7756284612,U,OB,1,1,69,134501,67,36:00.0,6,15:00,421
7756284621,U,OB,1,1,69,134501,67,37:00.0,6,15:00,421
7756284630,U,OB,1,1,60,134501,67,23:00.0,6,16:00,421
7756284659,U,OB,1,3,207,134501,67,23:00.0,6,16:00,421
7756284668,U,OB,1,1,60,134501,67,45:00.0,6,14:00,421
7756284677,U,OB,1,1,60,134501,67,45:00.0,6,14:00,421
7756284686,U,OB,1,2,120,134501,67,54:00.0,6,14:00,421
7756284695,U,OB,1,2,68,134501,67,20:00.0,6,16:00,421
7756284704,U,OB,1,4,132,134501,67,47:00.0,6,13:00,421
7756284713,U,OB,1,1,34,134501,67,37:00.0,6,13:00,421
7756284722,U,OB,1,1,34,134501,67,38:00.0,6,13:00,421
7756284740,U,OB,1,1,60,558965,52,41:00.0,7,10:00,421
775628475X,U,OB,1,1,60,558965,52,47:00.0,7,10:00,421
7756284796,U,OB,1,1,1070,134501,67,15:00.0,6,13:00,421
7756284823,U,OB,1,1,620,558965,52,42:00.0,7,6:00,421
7756284832,U,OB,1,1,34,558965,52,40:00.0,7,9:00,421
7756284841,U,OB,1,1,60,558965,52,37:00.0,7,9:00,421
7756284850,U,OB,1,2,98,558965,52,48:00.0,7,11:00,421
775628486X,U,OB,1,1,38,558965,52,50:00.0,7,11:00,421
7756284879,U,OB,1,4,212,558965,52,36:00.0,7,9:00,421
7756284888,U,OB,1,1,60,558965,52,18:00.0,7,10:00,421
7756284897,U,OB,1,1,41,558965,52,05:00.0,7,12:00,421
7756284906,U,OB,1,2,120,558965,52,52:00.0,7,9:00,421
7756284924,U,OB,1,1,34,558965,52,44:00.0,7,9:00,421
7756284942,U,OB,1,1,365,558965,52,01:00.0,7,7:00,421
7756284951,U,OB,1,1,375,558965,52,58:00.0,7,6:00,421
7756285025,U,OB,1,1,34,136210,38,21:00.0,4,11:00,421
7756285034,U,OB,1,1,76,136210,38,16:00.0,4,11:00,421
7756285043,U,OB,1,1,60,136210,38,11:00.0,4,11:00,421
7756285061,U,OB,1,1,41,136210,38,34:00.0,4,6:00,421
7756285070,U,OB,1,1,60,136210,38,02:00.0,4,11:00,421
775628508X,U,OB,1,1,60,136210,38,58:00.0,4,10:00,421
7756285099,U,OB,1,1,41,136210,38,28:00.0,4,6:00,421
7756285108,U,OB,1,2,82,136210,38,05:00.0,4,6:00,421
7756285117,U,OB,1,1,62,135191,69,27:00.0,5,4:00,421
7756285135,U,OB,1,1,60,135191,69,27:00.0,5,4:00,421
7756285144,U,OB,1,1,60,135191,69,26:00.0,5,4:00,421
7756285153,U,OB,1,1,60,135191,69,26:00.0,5,4:00,421
7756285162,U,OB,1,1,60,135191,69,26:00.0,5,4:00,421
7756285171,U,OB,1,1,60,135191,69,26:00.0,5,4:00,421
7756285180,U,OB,1,1,60,135191,69,26:00.0,5,4:00,421
775628519X,U,OB,1,1,60,135191,69,26:00.0,5,4:00,421
7756285209,U,OB,1,1,60,135191,69,26:00.0,5,4:00,421
7756285218,U,OB,1,1,41,135191,69,17:00.0,5,4:00,421
7756285227,U,OB,1,1,41,135191,69,19:00.0,5,4:00,421
7756285236,U,OB,1,1,41,135191,69,18:00.0,5,4:00,421
7756285245,U,OB,1,1,41,135191,69,20:00.0,5,4:00,421
7756285254,U,OB,1,1,41,135191,69,22:00.0,5,4:00,421
7756307539,U,OB,1,7,4630,558965,52,38:00.0,7,7:00,421
7756307548,U,OB,1,7,4640,558965,52,30:00.0,7,8:00,421
7756307557,U,OB,1,8,5335,558965,52,11:00.0,7,8:00,421
7756307566,U,OB,1,6,4110,558965,52,21:00.0,7,8:00,421
7756307777,U,OB,1,1,935,134345,22,39:00.0,4,10:00,421
7756308015,U,OB,1,2,3500,134790,46,57:00.0,4,9:00,421
7756309014,U,OB,1,2,5990,134637,53,23:00.0,6,6:00,421
7756309106,U,OB,1,1,994,558965,52,16:00.0,7,6:00,421
7756309115,U,OB,1,1,60,261353,58,10:00.0,7,6:00,421
7756309124,U,OB,1,1,2218,558965,52,37:00.0,7,6:00,421
7756310260,U,OB,1,1,2025,129847,53,10:00.0,7,16:00,421
7756310316,U,OB,1,2,1150,R621153063,22,35:00.0,5,15:00,421
7756310518,U,OB,1,1,315,132911,72,56:00.0,4,8:00,421
7756310527,U,OB,1,1,128,132911,72,54:00.0,4,8:00,421
7756310536,U,OB,1,1,430,132911,72,51:00.0,4,8:00,421
7756310554,U,OB,1,1,1490,126138,39,25:00.0,4,4:00,421
7756310765,U,OB,1,1,463,139785,53,41:00.0,6,10:00,421
7756310783,U,OB,1,1,209,139785,53,44:00.0,6,10:00,421
7756310792,U,CTY,1,2,1150,126232,189,34:00.0,6,20:00,421
7756310893,U,OB,1,1,214,134637,53,54:00.0,6,6:00,421
7756310920,U,OB,1,1,240,41398,48,48:00.0,6,17:00,421
7756310949,U,OB,1,1,425,134163,39,28:00.0,7,12:00,421
7756310958,U,OB,1,1,410,134163,39,48:00.0,7,12:00,421
7756310976,U,OB,1,1,885,134163,39,57:00.0,7,12:00,421
7756310985,U,OB,1,1,640,134163,39,31:00.0,7,13:00,421
7756315320,U,OB,1,1,330,136210,38,09:00.0,4,4:00,421
7756315459,U,OB,1,1,205,41398,48,03:00.0,6,18:00,421
7756320299,U,OB,1,1,700,134501,67,26:00.0,6,13:00,421
7756320326,U,OB,1,1,790,134501,67,20:00.0,6,17:00,421
7756320335,U,OB,1,1,740,130893,46,23:00.0,6,13:00,421
7756320739,U,OB,1,1,760,136705,39,44:00.0,7,7:00,421
7756320811,U,OB,1,1,755,136705,39,00:00.0,7,8:00,421
7756320820,U,OB,1,1,760,136705,39,56:00.0,7,7:00,421
7756320849,U,OB,1,1,785,134163,39,19:00.0,7,12:00,421
7756320858,U,OB,1,1,780,134163,39,26:00.0,7,13:00,421
7756320867,U,OB,1,1,780,134163,39,15:00.0,7,12:00,421
7756320876,U,OB,1,1,700,136705,39,38:00.0,7,7:00,421
7756320885,U,OB,1,1,785,136705,39,22:00.0,7,7:00,421
7756325761,U,OB,1,1,491,127085,58,11:00.0,3,8:00,421
7756326046,U,OB,1,2,6100,135499,51,30:00.0,3,3:00,421
775632776X,U,OB,1,3,1070,261353,58,07:00.0,7,8:00,421
7756328154,U,OB,1,1,326,126495,53,49:00.0,3,6:00,421
7756328163,U,OB,1,2,800,135499,51,36:00.0,3,3:00,421
7756328172,U,OB,1,1,1000,126495,53,52:00.0,3,6:00,421
7756328181,U,OB,1,1,215,279882,43,23:00.0,3,3:00,421
7756328549,U,OB,1,1,536,126610,53,18:00.0,1,21:00,421
7756328576,U,OB,1,1,332,290733,72,08:00.0,5,8:00,421
7756328585,U,OB,1,1,279,128543,52,09:00.0,5,8:00,421
7756328594,U,OB,1,1,605,128543,52,49:00.0,5,8:00,421
7756328603,U,OB,1,6,8150,127113,67,56:00.0,5,12:00,421
7756328612,U,OB,1,1,205,131945,38,46:00.0,5,16:00,421
7756328722,U,OB,1,1,760,128129,69,33:00.0,7,6:00,421
7756328731,U,OB,1,3,1700,128129,69,57:00.0,7,6:00,421
7756328796,U,OB,1,6,8150,125715,22,27:00.0,6,19:00,421
7756328814,U,OB,1,3,2570,125715,22,54:00.0,6,18:00,421
7756330877,U,OB,1,1,520,127085,58,23:00.0,3,6:00,421
7756330931,U,OB,1,1,381,R621153063,22,51:00.0,5,13:00,421
7756331820,U,OB,1,1,370,131020,14,33:00.0,7,6:00,421
7756333012,U,OB,1,2,560,125715,22,18:00.0,6,22:00,421
7756333333,U,OB,1,2,375,133189,38,46:00.0,5,10:00,421
7756333452,U,OB,1,1,105,130828,31,38:00.0,4,8:00,421
7756333470,U,OB,1,2,325,R621153063,22,29:00.0,5,14:00,421
7756333517,U,OB,1,1,155,126250,18,47:00.0,6,6:00,421
7756333544,U,OB,1,4,2297,125573,60,37:00.0,6,9:00,421
7756333829,U,OB,1,1,465,133942,38,03:00.0,4,4:00,421
7756333910,U,OB,1,1,530,131040,39,33:00.0,7,3:00,421
7756333939,U,OB,1,1,160,211224,51,38:00.0,3,3:00,421
7756333948,U,OB,1,1,165,290302,52,29:00.0,4,6:00,421
7756335955,U,OB,1,1,110,211224,51,46:00.0,3,3:00,421
7756335964,U,OB,1,6,6438,126624,40,02:00.0,5,3:00,421
775633678X,U,CTY,1,3,6850,126232,189,57:00.0,6,19:00,421
7756336972,U,OB,1,2,531,134163,39,25:00.0,7,12:00,421
7756337073,U,OB,1,1,135,126138,39,27:00.0,4,3:00,421
7756337091,U,OB,1,11,8465,129476,31,21:00.0,4,7:00,421
7756337183,U,OB,1,1,205,134790,46,16:00.0,4,6:00,421
7756337210,U,OB,1,1,103,125715,22,51:00.0,6,21:00,421
7756341345,U,OB,1,1,60,125746,43,37:00.0,3,6:00,421
7756341354,U,OB,1,1,60,125746,43,40:00.0,3,6:00,421
7756341363,U,OB,1,2,120,125746,34,59:00.0,3,8:00,421
7756341363,U,OB,1,2,120,125746,43,44:00.0,3,6:00,421
7756341372,U,OB,1,1,60,125746,43,47:00.0,3,6:00,421
7756341381,U,OB,1,1,60,125746,43,28:00.0,3,6:00,421
7756341390,U,OB,1,1,60,125746,43,34:00.0,3,6:00,421
775634140X,U,OB,1,1,60,125746,43,26:00.0,3,5:00,421
7756341419,U,OB,1,1,60,125746,43,37:00.0,3,5:00,421
7756341428,U,OB,1,1,60,125746,43,45:00.0,3,5:00,421
7756341437,U,OB,1,1,60,125746,43,49:00.0,3,5:00,421
7756341446,U,OB,1,1,41,125746,43,07:00.0,3,2:00,421
7756341455,U,OB,1,1,60,125746,43,13:00.0,3,5:00,421
7756341464,U,OB,1,1,60,125746,43,16:00.0,3,5:00,421
7756341473,U,OB,1,2,136,125746,43,52:00.0,3,4:00,421
7756341482,U,OB,1,1,60,125746,43,56:00.0,3,4:00,421
7756341491,U,OB,1,1,60,125746,43,02:00.0,3,5:00,421
7756341500,U,OB,1,1,26,125746,43,48:00.0,3,1:00,421
7756341529,U,OB,1,4,240,127079,38,43:00.0,5,12:00,421
7756341538,U,OB,1,1,60,127079,38,35:00.0,5,12:00,421
7756341547,U,OB,1,1,60,127079,38,05:00.0,5,12:00,421
7756341556,U,OB,1,2,120,127079,38,38:00.0,5,12:00,421
7756341565,U,OB,1,1,60,127079,38,50:00.0,5,11:00,421
7756341574,U,OB,1,1,60,127079,38,54:00.0,5,11:00,421
7756341583,U,OB,1,1,60,127079,38,58:00.0,5,11:00,421
7756341592,U,OB,1,1,60,127079,38,01:00.0,5,12:00,421
7756341601,U,OB,1,1,60,127079,38,33:00.0,5,12:00,421
7756341610,U,OB,1,1,38,127079,38,21:00.0,5,7:00,421
775634162X,U,OB,1,1,26,127079,38,35:00.0,5,7:00,421
7756341639,U,OB,1,1,26,127079,38,19:00.0,5,7:00,421
7756341648,U,OB,1,1,63,127079,38,46:00.0,5,11:00,421
7756341657,U,OB,1,1,60,127079,38,34:00.0,5,11:00,421
7756341666,U,OB,1,1,60,127079,38,38:00.0,5,11:00,421
7756341675,U,OB,1,1,60,127079,38,42:00.0,5,11:00,421
7756341684,U,OB,1,1,26,138679,49,45:00.0,6,11:00,421
7756341693,U,OB,1,1,26,138679,49,53:00.0,6,10:00,421
7756341702,U,OB,1,1,60,138679,49,53:00.0,6,12:00,421
7756341711,U,OB,1,1,60,138679,49,24:00.0,6,12:00,421
7756341720,U,OB,1,1,60,138679,49,20:00.0,6,12:00,421
775634173X,U,OB,1,1,60,138679,49,54:00.0,6,11:00,421
7756341749,U,OB,1,1,60,138679,49,01:00.0,6,12:00,421
7756341758,U,OB,1,1,60,138679,49,07:00.0,6,12:00,421
7756341767,U,OB,1,2,52,125746,43,31:00.0,3,2:00,421
7756341776,U,OB,1,1,60,125746,43,44:00.0,3,4:00,421
7756341785,U,OB,1,1,60,125746,43,49:00.0,3,4:00,421
7756341794,U,OB,1,1,41,125746,43,20:00.0,3,2:00,421
7756341803,U,OB,1,1,76,125746,43,40:00.0,3,4:00,421
7756341812,U,OB,1,1,60,125746,43,31:00.0,3,4:00,421
7756341821,U,OB,1,2,120,125746,43,26:00.0,3,4:00,421
7756341830,U,OB,1,1,60,125746,43,24:00.0,3,4:00,421
775634184X,U,OB,1,1,60,125746,43,14:00.0,3,4:00,421
7756341859,U,OB,1,1,60,125746,43,11:00.0,3,4:00,421
7756341859,U,IB,1,1,60,125746,156,40:00.0,3,4:00,421
7756341868,U,OB,1,1,34,125746,43,05:00.0,3,4:00,421
7756341877,U,OB,1,1,34,125746,43,07:00.0,3,4:00,421
7756341886,U,OB,1,1,32,125746,43,51:00.0,3,3:00,421
7756341895,U,OB,1,2,224,125746,43,48:00.0,3,2:00,421
7756341904,U,OB,1,1,112,125746,43,43:00.0,3,2:00,421
7756341913,U,OB,1,1,60,131589,39,16:00.0,4,14:00,421
7756341922,U,OB,1,1,60,131589,39,15:00.0,4,14:00,421
7756341931,U,OB,1,1,76,131589,39,01:00.0,4,14:00,421
7756341940,U,OB,1,1,41,131589,83,14:00.0,4,14:00,421
7756341940,U,OB,1,1,41,131589,39,47:00.0,4,12:00,421
775634195X,U,OB,1,1,60,131589,39,09:00.0,4,14:00,421
7756341969,U,OB,1,1,60,131589,39,11:00.0,4,14:00,421
7756341978,U,OB,1,1,60,131589,39,13:00.0,4,14:00,421
7756341987,U,OB,1,2,120,131589,39,04:00.0,4,14:00,421
7756341996,U,OB,1,1,60,131589,39,06:00.0,4,14:00,421
7756342005,U,OB,1,1,41,131589,39,27:00.0,4,12:00,421
7756344068,U,OB,1,7,1750,137083,26,14:00.0,6,13:00,421
7756344077,U,CTY,1,6,530,125065,216,47:00.0,4,12:00,421
7756344095,U,OB,1,3,805,279882,43,24:00.0,3,4:00,421
7756344113,U,OB,1,1,1230,135929,38,44:00.0,5,20:00,421
7756344140,U,OB,1,3,1343,134163,39,16:00.0,7,14:00,421
775634415X,U,OB,1,2,1214,136705,39,55:00.0,7,6:00,421
775634778X,U,OB,1,2,570,137716,58,55:00.0,3,7:00,421
7756347835,U,OB,1,1,95,291204,31,21:00.0,3,2:00,421
7756347844,U,OB,1,1,95,291204,31,16:00.0,3,2:00,421
775634789X,U,OB,1,1,362,123932,26,48:00.0,4,6:00,421
7756347927,U,OB,1,1,79,290302,52,13:00.0,4,6:00,421
7756347936,U,OB,1,1,330,126700,50,02:00.0,4,14:00,421
7756347936,U,OB,1,1,330,126700,44,05:00.0,4,14:00,421
7756347981,U,OB,1,1,410,123932,26,35:00.0,4,6:00,421
7756348064,U,OB,1,1,95,126700,50,48:00.0,4,13:00,421
7756348082,U,OB,1,1,1224,290302,52,19:00.0,4,8:00,421
7756348091,U,OB,1,1,240,290733,72,20:00.0,5,6:00,421
7756348100,U,OB,1,1,190,137774,46,20:00.0,5,7:00,421
7756348248,U,OB,1,1,1239,129847,53,03:00.0,7,15:00,421
7756348275,U,OB,1,1,180,127085,58,12:00.0,3,7:00,421
7756348293,U,OB,1,1,283,134345,22,49:00.0,4,8:00,421
7756348320,U,OB,1,1,160,R621153063,22,51:00.0,5,14:00,421
7756348513,U,OB,1,1,100,136210,38,58:00.0,4,7:00,421
775634910X,U,OB,1,1,311,125212,50,45:00.0,6,3:00,421
7756350282,U,IB,1,76,684,202445,150,35:00.0,7,20:00,421
7756350291,U,IB,1,85,524,202445,150,03:00.0,7,20:00,421
7756350300,U,IB,1,2,430,202445,150,10:00.0,7,19:00,421
7756351034,U,OB,1,1,593,125212,50,03:00.0,6,4:00,421
7756351759,U,OB,1,1,565,136776,26,25:00.0,5,4:00,421
7756351786,U,OB,1,1,2366,135929,38,20:00.0,5,21:00,421
7756352051,U,OB,1,1,263,140023,22,16:00.0,7,6:00,421
7756352089,U,OB,1,5,1470,559503,49,50:00.0,1,8:00,421
7756352098,U,OB,1,2,635,559503,49,56:00.0,1,8:00,421
7756352107,U,IB,1,1,293,202445,150,58:00.0,7,18:00,421
775635218X,U,OB,1,1,190,126495,53,43:00.0,3,7:00,421
7756352217,U,OB,1,1,230,132911,72,19:00.0,4,8:00,421
7756352244,U,OB,1,1,190,135929,38,09:00.0,5,21:00,421
7756352262,U,OB,1,1,375,132911,72,20:00.0,4,9:00,421
7756352354,U,OB,1,4,1350,132911,72,01:00.0,4,10:00,421
7756352381,U,OB,1,4,1535,132911,72,17:00.0,4,8:00,421
7756352390,U,OB,1,6,2005,132911,72,04:00.0,4,8:00,421
7756352437,U,OB,1,5,2160,132911,72,56:00.0,4,9:00,421
7756352491,U,OB,1,4,900,123486,17,53:00.0,6,3:00,421
7756352565,U,OB,1,1,140,560678,74,04:00.0,1,12:00,421
7756352574,U,OB,1,2,370,560678,74,42:00.0,1,16:00,421
7756352583,U,OB,1,1,340,560678,74,11:00.0,1,11:00,421
7756352583,U,CTY,1,1,340,560678,N12 ,56:00.0,1,22:00,421
7756352648,U,OB,1,7,1605,560678,74,36:00.0,1,14:00,421
7756352657,U,OB,1,2,760,560678,74,00:00.0,1,13:00,421
7756352666,U,OB,1,2,356,560678,74,17:00.0,1,13:00,421
7756352684,U,OB,1,2,760,560678,74,24:00.0,1,12:00,421
7756352702,U,OB,1,4,1097,560678,74,46:00.0,1,16:00,421
7756352720,U,OB,1,7,1510,560678,74,45:00.0,1,16:00,421
775635273X,U,OB,1,1,760,560678,74,13:00.0,1,16:00,421
7756352749,U,OB,1,1,200,560678,74,12:00.0,1,12:00,421
7756352758,U,OB,1,9,6630,560678,74,38:00.0,1,16:00,421
7756352785,U,OB,1,5,1470,560678,74,17:00.0,1,14:00,421
7756352794,U,OB,1,7,2561,560678,74,08:00.0,1,16:00,421
7756352812,U,OB,1,3,817,560678,74,23:00.0,1,16:00,421
7756352821,U,OB,1,4,1235,560678,74,17:00.0,1,14:00,421
7756352868,U,OB,1,1,960,134790,46,19:00.0,4,4:00,421
7756352886,U,OB,1,1,230,127085,58,38:00.0,3,6:00,421
7756352913,U,OB,1,1,210,261353,58,57:00.0,7,7:00,421
7756352940,U,OB,1,3,995,136705,39,40:00.0,7,6:00,421
7756352987,U,OB,1,1,89,136705,39,21:00.0,7,6:00,421
7756353005,U,OB,1,7,1330,121580,44,36:00.0,7,13:00,421
7756353005,U,CTY,1,7,1330,121580,DP  ,08:00.0,7,11:00,421
7756354774,U,OB,1,1,200,131589,39,34:00.0,4,10:00,421
7756354801,U,OB,1,1,95,134615,52,42:00.0,4,15:00,421
7756354839,U,OB,1,1,89,136776,26,50:00.0,5,2:00,421
7756354848,U,OB,1,1,95,127079,38,41:00.0,5,6:00,421
7756354866,U,OB,1,1,95,136776,26,48:00.0,5,2:00,421
7756354875,U,OB,1,1,150,136776,26,43:00.0,5,2:00,421
7756354884,U,OB,1,1,420,129682,22,58:00.0,5,15:00,421
7756354949,U,OB,1,1,95,138679,49,15:00.0,6,6:00,421
7756354994,U,OB,1,1,95,138679,49,07:00.0,6,7:00,421
7756355003,U,OB,1,4,1080,131437,32,09:00.0,6,12:00,421
7756355030,U,OB,1,3,835,131437,32,18:00.0,6,13:00,421
7756355059,U,OB,1,1,470,131437,32,42:00.0,6,15:00,421
7756355068,U,OB,1,1,412,131040,39,46:00.0,7,4:00,421
7756355140,U,OB,1,2,675,131437,32,43:00.0,6,15:00,421
7756355178,U,OB,1,3,1108,131437,32,42:00.0,6,15:00,421
7756355214,U,OB,1,1,200,137716,58,32:00.0,3,7:00,421
7756356011,U,OB,1,1,530,310291,14,13:00.0,5,16:00,421
7756356020,U,OB,1,1,530,310291,14,11:00.0,5,16:00,421
775635603X,U,OB,1,1,530,310291,14,32:00.0,5,16:00,421
7756356049,U,OB,1,1,530,310291,14,00:00.0,5,16:00,421
7756356058,U,OB,1,1,530,310291,14,02:00.0,5,16:00,421
7756356067,U,OB,1,1,530,310291,14,04:00.0,5,16:00,421
7756356076,U,OB,1,1,530,310291,14,33:00.0,5,17:00,421
7756356085,U,OB,1,1,530,310291,14,59:00.0,5,16:00,421
7756356094,U,OB,1,1,530,310291,14,08:00.0,5,17:00,421
7756356103,U,OB,1,1,530,310291,14,31:00.0,5,17:00,421
7756356112,U,OB,1,1,530,310291,14,29:00.0,5,17:00,421
7756356121,U,OB,1,1,530,310291,14,05:00.0,5,17:00,421
7756356130,U,OB,1,1,530,310291,14,27:00.0,5,17:00,421
775635614X,U,OB,1,1,530,310291,14,17:00.0,5,17:00,421
7756356159,U,OB,1,1,675,261165,73,18:00.0,5,4:00,421
7756356168,U,OB,1,1,595,261165,73,41:00.0,5,3:00,421
7756356177,U,OB,1,1,675,261165,73,27:00.0,5,4:00,421
7756356186,U,OB,1,1,675,261165,73,37:00.0,5,4:00,421
7756356195,U,OB,1,1,675,261165,73,24:00.0,5,4:00,421
7756356204,U,OB,1,1,675,261165,73,07:00.0,5,4:00,421
7756356213,U,OB,1,1,670,261165,73,41:00.0,5,4:00,421
7756356222,U,OB,1,1,570,261165,73,55:00.0,5,3:00,421
7756356231,U,OB,1,1,595,261165,73,33:00.0,5,3:00,421
7756356240,U,OB,1,1,530,127534,17,58:00.0,5,7:00,421
775635625X,U,OB,1,1,530,127534,13,39:00.0,5,6:00,421
775635625X,U,OB,1,1,530,127534,17,36:00.0,5,6:00,421
7756356269,U,OB,1,1,530,127534,17,52:00.0,5,6:00,421
7756356278,U,OB,1,1,530,135929,38,11:00.0,5,22:00,421
7756356287,U,OB,1,1,530,135929,38,08:00.0,5,22:00,421
7756356296,U,OB,1,1,530,127534,13,39:00.0,5,6:00,421
7756356296,U,OB,1,1,530,127534,17,33:00.0,5,6:00,421
7756356305,U,OB,1,1,530,127534,17,36:00.0,5,5:00,421
7756356314,U,OB,1,1,530,127534,17,57:00.0,5,6:00,421
7756356323,U,OB,1,1,530,127534,13,39:00.0,5,6:00,421
7756356323,U,OB,1,1,530,127534,17,14:00.0,5,6:00,421
7756356332,U,OB,1,1,530,127534,17,10:00.0,5,7:00,421
7756356341,U,OB,1,1,530,135929,38,10:00.0,5,22:00,421
7756356350,U,OB,1,1,530,135929,38,10:00.0,5,22:00,421
775635636X,U,OB,1,1,530,127534,17,12:00.0,5,6:00,421
7756356379,U,OB,1,1,530,127534,17,01:00.0,5,7:00,421
7756356388,U,OB,1,1,530,127534,17,05:00.0,5,7:00,421
7756356397,U,OB,1,1,530,127534,17,16:00.0,5,7:00,421
7756356406,U,OB,1,1,530,127534,17,58:00.0,5,4:00,421
7756356415,U,OB,1,1,530,127534,17,18:00.0,5,7:00,421
7756356424,U,OB,1,1,530,127534,17,22:00.0,5,1:00,421
7756356433,U,OB,1,1,530,127534,17,26:00.0,5,1:00,421
7756356442,U,OB,1,1,530,135929,38,13:00.0,5,22:00,421
7756356498,U,OB,1,1,785,129885,52,14:00.0,6,8:00,421
7756356790,U,OB,1,1,795,129885,52,39:00.0,6,8:00,421
7756356828,U,OB,1,1,755,134637,53,30:00.0,6,7:00,421
7756356855,U,OB,1,1,760,129885,52,26:00.0,6,8:00,421
7756356864,U,OB,1,1,775,129885,16,49:00.0,6,15:00,421
7756356864,U,OB,1,1,775,129885,52,17:00.0,6,8:00,421
7756356873,U,OB,1,1,780,134637,53,24:00.0,6,7:00,421
7756356882,U,OB,1,1,745,134637,53,27:00.0,6,7:00,421
7756356900,U,OB,1,1,810,41398,48,56:00.0,6,17:00,421
775635691X,U,OB,1,1,800,41398,48,09:00.0,6,18:00,421
7756357149,U,OB,1,1,770,558965,52,21:00.0,7,6:00,421
7756357158,U,OB,1,1,780,558965,52,24:00.0,7,6:00,421
7756357167,U,OB,1,1,785,558965,52,33:00.0,7,6:00,421
7756358532,U,OB,1,1,320,135499,51,56:00.0,3,6:00,421
7756358615,U,OB,1,1,670,139785,53,06:00.0,6,4:00,421
7756358642,U,OB,1,1,570,128129,69,41:00.0,7,5:00,421
7756358689,U,OB,1,41,1280,125130,69,46:00.0,3,7:00,421
7756358707,U,OB,1,2,400,134345,22,13:00.0,4,11:00,421
7756358734,U,OB,1,1,85,136723,40,08:00.0,5,3:00,421
7756358770,U,OB,1,1,1006,129682,22,02:00.0,5,16:00,421
7756358817,U,IB,1,1,243,134295,152,33:00.0,7,18:00,421
7756358880,U,OB,1,1,470,211224,51,59:00.0,3,3:00,421
7756358918,U,OB,1,1,517,123822,60,22:00.0,3,3:00,421
7756359138,U,OB,1,1,1500,136705,39,29:00.0,7,7:00,421
7756359147,U,OB,1,1,675,261353,58,52:00.0,7,6:00,421
7756359257,U,OB,1,1,2005,125130,69,04:00.0,3,8:00,421
7756359302,U,OB,1,1,146,279882,43,29:00.0,3,4:00,421
7756359311,U,OB,1,2,805,129476,31,08:00.0,4,8:00,421
775635955X,U,OB,1,1,797,136800,55,48:00.0,4,6:00,421
7756359587,U,OB,1,3,4300,138774,73,08:00.0,6,4:00,421
7756360063,U,OB,1,1,785,530952,46,08:00.0,7,18:00,421
7756360164,U,OB,1,1,745,130893,46,15:00.0,6,13:00,421
7756360182,U,OB,1,1,770,134501,67,39:00.0,6,14:00,421
7756361071,U,OB,1,1,249,126700,50,50:00.0,4,14:00,421
7756361136,U,OB,1,1,45,138774,73,08:00.0,6,5:00,421
7756361154,U,OB,1,1,231,127209,69,51:00.0,3,6:00,421
7756361163,U,OB,1,6,4570,132956,46,05:00.0,4,16:00,421
7756361255,U,OB,1,1,119,134501,16,51:00.0,6,15:00,421
7756361255,U,OB,1,1,119,134501,67,19:00.0,6,13:00,421
775636131X,U,OB,1,1,290,126624,40,51:00.0,5,2:00,421
7756361329,U,OB,1,1,188,140023,22,34:00.0,7,7:00,421
7756361383,U,OB,1,2,360,133189,38,38:00.0,5,10:00,421
7756361401,U,OB,1,1,228,125573,60,39:00.0,6,9:00,421
7756361549,U,OB,1,1,526,131040,39,40:00.0,7,4:00,421
7756361558,U,OB,1,1,535,131437,32,23:00.0,6,14:00,421
7756361567,U,OB,1,2,560,131040,39,27:00.0,7,5:00,421
7756361612,U,OB,1,4,659,136776,26,34:00.0,5,3:00,421
7756361630,U,OB,1,1,119,138679,49,24:00.0,6,8:00,421
7756361677,U,OB,1,1,310,129682,22,04:00.0,5,14:00,421
7756361686,U,OB,1,1,106,136776,26,58:00.0,5,2:00,421
7756361704,U,OB,1,1,209,127079,38,18:00.0,5,8:00,421
7756361769,U,OB,1,3,667,135178,39,22:00.0,3,7:00,421
7756361778,U,OB,1,5,845,139735,18,55:00.0,4,22:00,421
7756361787,U,OB,1,1,416,131947,50,34:00.0,3,2:00,421
7756361933,U,OB,1,1,277,134071,52,11:00.0,3,13:00,421
7756361942,U,OB,1,1,174,134071,52,13:00.0,3,13:00,421
7756361951,U,OB,1,1,310,135178,39,53:00.0,3,7:00,421
7756361989,U,OB,1,3,215,131437,32,15:00.0,6,14:00,421
7756362180,U,OB,1,3,1575,41398,48,01:00.0,6,16:00,421
775636219X,U,OB,1,1,1050,41398,48,45:00.0,6,16:00,421
7756362227,U,OB,1,1,241,41398,48,48:00.0,6,16:00,421
7756362281,U,OB,1,1,444,139785,53,09:00.0,6,4:00,421
7756362429,U,OB,1,1,338,133189,38,29:00.0,5,10:00,421
7756362474,U,OB,1,1,692,129476,31,27:00.0,4,6:00,421
7756362483,U,OB,1,3,511,126438,39,09:00.0,5,5:00,421
7756362492,U,OB,1,5,720,133189,38,49:00.0,5,10:00,421
7756362548,U,OB,1,1,460,130711,69,54:00.0,4,14:00,421
7756362557,U,OB,1,1,348,130711,69,08:00.0,4,15:00,421
7756362584,U,OB,1,4,168,130711,69,20:00.0,4,15:00,421
7756362593,U,OB,1,1,256,130711,69,03:00.0,4,15:00,421
7756362685,U,OB,1,1,214,126700,50,33:00.0,4,14:00,421
775636274X,U,OB,1,1,340,291204,31,05:00.0,3,3:00,421
7756362777,U,OB,1,1,990,130711,69,37:00.0,4,16:00,421
7756362813,U,OB,1,1,1315,140023,34,28:00.0,7,10:00,421
7756362813,U,OB,1,1,1315,140023,22,38:00.0,7,7:00,421
7756362831,U,OB,1,1,766,134344,32,03:00.0,4,16:00,421
7756362869,U,OB,1,1,302,129476,31,57:00.0,4,7:00,421
7756362878,U,OB,1,1,291,135929,38,04:00.0,5,21:00,421
7756362887,U,OB,1,1,301,133189,38,38:00.0,5,12:00,421
7756362979,U,OB,1,1,300,41398,48,40:00.0,6,17:00,421
7756363529,U,OB,1,1,282,140023,22,06:00.0,7,7:00,421
7756363574,U,OB,1,4,2050,140023,22,47:00.0,7,7:00,421
7756363583,U,OB,1,2,363,127209,69,49:00.0,3,6:00,421
7756363610,U,OB,1,1,185,127209,69,07:00.0,3,7:00,421
7756363657,U,OB,1,1,233,129847,53,26:00.0,7,16:00,421
7756363767,U,OB,1,1,180,127209,69,11:00.0,3,7:00,421
7756363830,U,OB,1,1,240,134344,32,02:00.0,4,16:00,421
7756363859,U,OB,1,1,197,131033,14,08:00.0,5,10:00,421
7756363868,U,OB,1,3,2014,131033,14,28:00.0,5,13:00,421
7756363877,U,OB,1,4,2950,R621153063,22,03:00.0,5,13:00,421
7756363904,U,OB,1,1,209,138774,73,49:00.0,6,5:00,421
7756364005,U,OB,1,1,262,126495,53,24:00.0,3,7:00,421
7756364261,U,OB,1,3,2440,139785,53,22:00.0,6,10:00,421
7756364308,U,OB,1,1,540,41398,48,44:00.0,6,16:00,421
7756364519,U,OB,1,1,118,129476,31,17:00.0,4,6:00,421
7756364802,U,OB,1,1,2795,133942,38,07:00.0,4,4:00,421
775636483X,U,OB,1,1,2440,130711,69,29:00.0,4,15:00,421
7756365004,U,OB,1,1,1090,135178,34,16:00.0,3,8:00,421
7756365004,U,OB,1,1,1090,135178,39,00:00.0,3,7:00,421
7756365040,U,OB,1,1,751,126624,40,49:00.0,5,2:00,421
7756365114,U,OB,1,1,140,130828,31,20:00.0,4,8:00,421
7756365123,U,OB,1,1,244,130828,31,26:00.0,4,8:00,421
7756365206,U,OB,1,1,212,130828,31,41:00.0,4,8:00,421
7756365215,U,OB,1,1,260,134790,46,39:00.0,4,6:00,421
7756365233,U,OB,1,1,2813,138774,73,02:00.0,6,5:00,421
7756366829,U,OB,1,1,151,125746,43,54:00.0,3,1:00,421
7756366966,U,OB,1,1,222,131437,32,39:00.0,6,15:00,421
7756366975,U,OB,1,1,222,138679,49,20:00.0,6,7:00,421
7756367002,U,OB,1,1,118,132716,95,22:00.0,1,18:00,421
7756367222,U,OB,1,1,345,130719,38,19:00.0,4,2:00,421
7756368780,U,OB,1,2,82,138679,49,59:00.0,6,10:00,421
775636879X,U,OB,1,1,41,138679,49,13:00.0,6,11:00,421
7756368809,U,OB,1,1,41,138679,49,20:00.0,6,11:00,421
7756368818,U,OB,1,1,41,138679,49,35:00.0,6,11:00,421
7756368827,U,OB,1,1,41,138679,49,42:00.0,6,11:00,421
7756368836,U,OB,1,1,26,138679,49,30:00.0,6,11:00,421
7756368845,U,OB,1,1,41,132716,95,32:00.0,1,20:00,421
7756368854,U,OB,1,1,41,132716,95,31:00.0,1,20:00,421
7756368872,U,OB,1,1,54,132716,95,26:00.0,1,20:00,421
7756368881,U,OB,1,1,76,132716,95,59:00.0,1,19:00,421
7756368890,U,OB,1,1,60,132716,95,56:00.0,1,19:00,421
775636890X,U,OB,1,1,60,132716,95,53:00.0,1,19:00,421
7756368919,U,OB,1,1,60,132716,95,51:00.0,1,19:00,421
7756368928,U,OB,1,1,60,132716,95,44:00.0,1,19:00,421
7756368937,U,OB,1,1,60,132716,95,41:00.0,1,19:00,421
7756368946,U,OB,1,1,60,132716,95,38:00.0,1,19:00,421
7756368955,U,OB,1,1,60,132716,95,48:00.0,1,19:00,421
7756368964,U,OB,1,1,60,132716,95,36:00.0,1,19:00,421
7756368973,U,OB,1,1,41,132716,95,20:00.0,1,20:00,421
7756368982,U,OB,1,1,41,132716,95,23:00.0,1,20:00,421
7756368991,U,OB,1,1,26,132716,95,17:00.0,1,20:00,421
7756369000,U,OB,1,1,60,132716,95,31:00.0,1,19:00,421
775636901X,U,OB,1,1,54,131589,39,30:00.0,4,12:00,421
7756369029,U,OB,1,1,41,131589,39,32:00.0,4,12:00,421
7756369038,U,OB,1,1,41,131589,39,36:00.0,4,12:00,421
7756369047,U,OB,1,1,41,131589,39,02:00.0,4,12:00,421
7756369056,U,OB,1,1,41,131589,39,05:00.0,4,12:00,421
7756369065,U,OB,1,1,41,131589,39,09:00.0,4,12:00,421
7756369074,U,OB,1,1,41,131589,39,17:00.0,4,12:00,421
7756369083,U,IB,1,2,93,131589,161,56:00.0,4,13:00,421
7756369083,U,OB,1,2,93,131589,39,59:00.0,4,11:00,421
7756369101,U,OB,1,1,60,131589,39,50:00.0,4,13:00,421
7756369110,U,OB,1,1,60,131589,39,53:00.0,4,13:00,421
775636912X,U,OB,1,1,60,131589,39,43:00.0,4,13:00,421
7756369139,U,OB,1,1,60,131589,39,41:00.0,4,13:00,421
7756369148,U,OB,1,1,41,131589,39,43:00.0,4,10:00,421
7756369157,U,OB,1,2,234,131589,39,37:00.0,4,13:00,421
7756369166,U,OB,1,1,26,131589,39,56:00.0,4,11:00,421
7756369175,U,OB,1,1,60,131589,39,58:00.0,4,12:00,421
7756369184,U,OB,1,1,60,131589,39,01:00.0,4,13:00,421
7756369193,U,OB,1,1,76,131589,39,20:00.0,4,13:00,421
7756369202,U,OB,1,1,60,131589,39,17:00.0,4,13:00,421
7756369211,U,OB,1,1,112,131589,39,07:00.0,4,13:00,421
7756369220,U,OB,1,1,26,131589,39,49:00.0,4,11:00,421
7756369220,U,IB,1,1,26,131589,159,47:00.0,4,12:00,421
775636923X,U,OB,1,1,26,131589,39,44:00.0,4,11:00,421
7756369249,U,OB,1,4,104,131589,39,56:00.0,4,10:00,421
7756369258,U,OB,1,3,78,131589,39,47:00.0,4,10:00,421
7756421800,U,OB,1,1,402,131947,50,26:00.0,3,3:00,421
7756425944,U,OB,1,2,1423,290302,52,25:00.0,4,8:00,421
7756427347,U,OB,1,10,10558,130719,38,13:00.0,4,10:00,421
7756427374,U,OB,1,1,385,126250,18,56:00.0,6,7:00,421
7756427410,U,OB,1,2,2095,279944,49,34:00.0,4,6:00,421
775642742X,U,OB,1,3,3075,136210,38,40:00.0,4,13:00,421
7756429042,U,OB,1,1,798,133942,38,31:00.0,4,3:00,421
7756429060,U,OB,1,1,597,133942,9,17:00.0,4,10:00,421
7756429060,U,OB,1,1,597,133942,38,55:00.0,4,3:00,421
775642907X,U,OB,1,1,799,137292,18,45:00.0,4,6:00,421
7756429089,U,OB,1,1,515,136776,26,14:00.0,5,4:00,421
7756429107,U,OB,1,2,1474,137292,18,49:00.0,4,6:00,421
7756429107,U,OB,1,2,1474,137292,43,16:00.0,4,7:00,421
7756429125,U,OB,1,2,816,129682,22,47:00.0,5,15:00,421
7756429134,U,OB,1,3,3195,139735,18,25:00.0,4,22:00,421
7756429217,U,OB,1,1,886,127079,38,51:00.0,5,7:00,421
7756429244,U,OB,1,1,534,138679,49,05:00.0,6,8:00,421
7756429253,U,OB,1,4,5440,132716,95,40:00.0,1,17:00,421
7756429262,U,OB,1,1,230,138679,49,00:00.0,6,9:00,421
7756429280,U,OB,1,2,1255,138679,49,17:00.0,6,8:00,421
7756429327,U,OB,1,1,472,138679,49,57:00.0,6,3:00,421
7756429363,U,OB,1,4,2890,119275,49,18:00.0,7,20:00,421
7756429437,U,OB,1,1,378,137716,58,00:00.0,3,11:00,421
7756429437,U,OB,1,1,378,137716,36,03:00.0,3,11:00,421
7756429464,U,OB,1,2,1228,137716,58,11:00.0,3,8:00,421
7756429482,U,OB,1,1,824,126700,50,09:00.0,4,14:00,421
7756429529,U,OB,1,1,745,137716,58,22:00.0,3,10:00,421
7756429574,U,OB,1,1,752,126250,18,04:00.0,6,7:00,421
7756429639,U,OB,1,1,224,129847,53,22:00.0,7,14:00,421
7756429657,U,OB,1,3,1910,140023,22,58:00.0,7,6:00,421
7756429675,U,OB,1,1,297,279882,43,59:00.0,3,4:00,421
7756429693,U,OB,1,2,1419,279882,43,57:00.0,3,4:00,421
7756429767,U,OB,1,2,1068,129476,31,26:00.0,4,7:00,421
7756429794,U,OB,1,2,920,261165,73,25:00.0,5,3:00,421
775642984X,U,OB,1,5,3510,139785,53,31:00.0,6,1:00,421
7756429859,U,OB,1,1,315,139785,53,18:00.0,6,2:00,421
7756429859,U,OB,1,1,315,139785,56,45:00.0,6,4:00,421
7756429987,U,OB,1,1,2201,127085,58,45:00.0,3,8:00,421
7756432993,U,OB,1,1,685,126250,18,14:00.0,6,8:00,421
7756433058,U,OB,1,1,296,126438,39,41:00.0,5,3:00,421
7756433240,U,OB,1,1,765,134637,53,13:00.0,6,7:00,421
7756433314,U,OB,1,1,745,R621153063,22,59:00.0,5,14:00,421
7756433350,U,OB,1,1,700,R621153063,22,55:00.0,5,14:00,421
7756433424,U,OB,1,1,785,530952,46,07:00.0,7,18:00,421
7756433424,U,OB,1,1,785,530952,85,47:00.0,7,19:00,421
7756433433,U,OB,1,1,785,530952,46,09:00.0,7,18:00,421
7756433442,U,OB,1,1,785,530952,46,11:00.0,7,18:00,421
7756433451,U,OB,1,1,785,530952,46,25:00.0,7,19:00,421
7756433460,U,OB,1,1,785,530952,46,13:00.0,7,19:00,421
775643347X,U,OB,1,1,785,530952,15,11:00.0,7,19:00,421
775643347X,U,OB,1,1,785,530952,46,11:00.0,7,18:00,421
7756433489,U,OB,1,1,785,530952,46,10:00.0,7,18:00,421
7756433498,U,CTY,1,1,785,530952,GRG ,07:00.0,7,20:00,421
7756433498,U,OB,1,1,785,530952,46,10:00.0,7,18:00,421
7756433507,U,OB,1,1,785,530952,46,07:00.0,7,18:00,421
7756433507,U,CTY,1,1,785,530952,GRG ,07:00.0,7,20:00,421
7756433516,U,CTY,1,1,785,530952,GRG ,07:00.0,7,20:00,421
7756433516,U,OB,1,1,785,530952,46,07:00.0,7,18:00,421
7756433525,U,IB,1,1,785,530952,119,47:00.0,7,19:00,421
7756433525,U,OB,1,1,785,530952,46,11:00.0,7,18:00,421
7756433736,U,OB,1,1,755,136705,39,51:00.0,7,7:00,421
7756433745,U,OB,1,1,765,136705,39,49:00.0,7,7:00,421
7756433754,U,OB,1,1,760,136705,39,47:00.0,7,7:00,421
7756434771,U,OB,1,1,75,134615,52,12:00.0,4,15:00,421
7756435193,U,OB,1,1,530,134344,32,05:00.0,4,19:00,421
7756435202,U,OB,1,1,530,134344,32,01:00.0,4,19:00,421
7756435211,U,OB,1,1,530,134344,32,08:00.0,4,19:00,421
7756435220,U,OB,1,1,590,132956,46,22:00.0,4,16:00,421
775643523X,U,OB,1,1,530,134344,32,26:00.0,4,19:00,421
7756435249,U,OB,1,1,530,134344,32,23:00.0,4,19:00,421
7756435258,U,OB,1,1,530,132956,46,47:00.0,4,16:00,421
7756438520,U,OB,1,1,355,139735,18,50:00.0,4,22:00,421
7756438621,U,OB,1,1,1390,131040,39,36:00.0,7,3:00,421
7756439510,U,OB,1,1,230,133942,38,18:00.0,4,4:00,421
7756439539,U,OB,1,2,422,133942,38,01:00.0,4,4:00,421
7756439548,U,OB,1,1,189,133942,38,21:00.0,4,4:00,421
7756439658,U,OB,1,2,648,133942,38,03:00.0,4,5:00,421
7756439676,U,OB,1,1,305,133942,38,09:00.0,4,4:00,421
7756439795,U,OB,1,2,889,119275,49,48:00.0,7,15:00,421
7756439804,U,IB,1,1,188,134295,152,14:00.0,7,18:00,421
7756439813,U,OB,1,1,589,124065,22,05:00.0,7,7:00,421
7756439822,U,OB,1,1,929,126610,53,16:00.0,1,19:00,421
7756439831,U,OB,1,1,1484,130711,69,24:00.0,4,15:00,421
7756439840,U,OB,1,1,233,138774,73,21:00.0,6,5:00,421
775643985X,U,OB,1,1,254,138774,73,36:00.0,6,5:00,421
7756439869,U,OB,1,1,284,138774,73,29:00.0,6,5:00,421
775643996X,U,OB,1,1,260,132716,95,33:00.0,1,17:00,421
7756440006,U,OB,1,1,365,131040,39,57:00.0,7,3:00,421
7756440152,U,OB,1,1,2664,132716,95,19:00.0,1,17:00,421
7756440152,U,OB,1,1,2664,132716,24,13:00.0,2,6:00,421
7756440170,U,OB,1,1,3538,126610,53,05:00.0,1,19:00,421
7756440217,U,OB,1,1,2540,126700,50,47:00.0,4,14:00,421
7756444287,U,OB,1,8,2270,130893,46,51:00.0,6,13:00,421
7756444305,U,OB,1,1,800,125715,22,07:00.0,6,22:00,421
7756445304,U,OB,1,1,544,131040,39,48:00.0,7,4:00,421
7756445405,U,OB,1,2,1209,137774,46,49:00.0,5,7:00,421
7756445414,U,OB,1,1,260,128543,52,40:00.0,5,6:00,421
7756445560,U,OB,1,1,933,121658,72,35:00.0,6,9:00,421
7756445598,U,OB,1,2,3050,130828,31,48:00.0,4,7:00,421
7756447174,U,OB,1,5,405,131589,39,27:00.0,4,8:00,421
7756447183,U,OB,1,3,1865,130719,38,17:00.0,4,2:00,421
7756448530,U,OB,1,1,260,131040,39,38:00.0,7,4:00,421
7756448568,U,OB,1,1,688,290302,52,43:00.0,4,8:00,421
7756448586,U,OB,1,3,6000,137774,46,53:00.0,5,7:00,421
775644865X,U,OB,1,1,150,279882,43,53:00.0,3,4:00,421
7756448669,U,OB,1,8,9655,135499,51,52:00.0,3,6:00,421
7756448714,U,OB,1,1,150,134790,46,19:00.0,4,5:00,421
7756451024,U,OB,1,1,426,R621153063,22,50:00.0,5,12:00,421
7756451033,U,OB,1,2,1210,131033,14,23:00.0,5,13:00,421
775645151X,U,OB,1,1,340,131437,32,01:00.0,6,15:00,421
7756451565,U,OB,1,1,293,291204,31,08:00.0,3,4:00,421
7756451601,U,OB,1,1,100,137716,58,41:00.0,3,6:00,421
7756453040,U,OB,1,1,117,129885,52,01:00.0,6,7:00,421
775645305X,U,OB,1,2,1309,129885,52,49:00.0,6,6:00,421
7756453260,U,OB,1,2,412,129885,52,01:00.0,6,8:00,421
775645327X,U,OB,1,1,68,41398,48,45:00.0,6,17:00,421
7756453307,U,OB,1,2,995,261353,58,28:00.0,7,9:00,421
7756454012,U,OB,1,1,670,130866,22,55:00.0,5,14:00,421
775645404X,U,OB,1,3,2033,137774,46,08:00.0,5,7:00,421
775645415X,U,OB,1,1,843,133189,38,59:00.0,5,11:00,421
775645415X,U,OB,1,1,843,133189,47,42:00.0,5,14:00,421
7756454187,U,OB,1,7,1606,121658,72,45:00.0,6,10:00,421
775645426X,U,OB,1,1,1345,138679,49,40:00.0,6,8:00,421
7756454333,U,OB,1,3,2030,279882,43,01:00.0,3,5:00,421
7756454342,U,OB,1,1,405,279882,43,10:00.0,3,5:00,421
7756454398,U,OB,1,1,212,125212,50,58:00.0,6,3:00,421
7756454425,U,OB,1,1,320,125212,50,54:00.0,6,3:00,421
7756454443,U,OB,1,1,420,137774,46,34:00.0,5,6:00,421
7756454470,U,OB,1,1,916,137774,46,46:00.0,5,6:00,421
7756455460,U,OB,1,1,210,135178,39,21:00.0,3,8:00,421
7756455489,U,OB,1,2,708,135178,39,12:00.0,3,8:00,421
7756457799,U,OB,1,1,247,126624,40,23:00.0,5,4:00,421
7756457808,U,OB,1,2,637,130711,69,36:00.0,4,16:00,421
7756457835,U,OB,1,1,310,128543,52,58:00.0,5,6:00,421
7756457853,U,OB,1,1,276,290733,72,10:00.0,5,7:00,421
7756457862,U,OB,1,1,206,290733,72,32:00.0,5,7:00,421
7756457909,U,OB,1,1,227,290733,72,55:00.0,5,6:00,421
7756457918,U,OB,1,1,385,128543,52,49:00.0,5,6:00,421
7756457954,U,OB,1,3,1189,130866,22,09:00.0,5,14:00,421
7756457981,U,OB,1,2,450,290733,72,07:00.0,5,7:00,421
7756457990,U,OB,1,1,252,125212,50,20:00.0,6,3:00,421
7756458046,U,OB,1,3,906,135412,89,40:00.0,1,19:00,421
7756458073,U,OB,1,1,186,125746,43,58:00.0,3,2:00,421
7756458082,U,OB,1,1,240,131947,50,23:00.0,3,2:00,421
7756458129,U,OB,1,1,219,135178,39,35:00.0,3,7:00,421
7756458165,U,OB,1,2,586,131589,39,20:00.0,4,14:00,421
7756458183,U,OB,1,1,244,134615,52,41:00.0,4,18:00,421
7756458201,U,OB,1,1,310,130719,38,23:00.0,4,2:00,421
7756459265,U,OB,1,7,1635,139785,53,38:00.0,6,10:00,421
7756459301,U,OB,1,4,1000,129885,52,30:00.0,6,6:00,421
7756459779,U,OB,1,1,305,138774,73,01:00.0,6,4:00,421
7756459788,U,OB,1,1,261,126250,18,37:00.0,6,7:00,421
7756459815,U,OB,1,2,904,559503,49,58:00.0,1,9:00,421
7756459815,U,OB,1,2,904,559503,60,02:00.0,1,11:00,421
7756459815,U,OB,1,2,904,559503,60,12:00.0,1,11:00,421
7756459824,U,OB,1,2,425,559503,49,58:00.0,1,10:00,421
7756459833,U,OB,1,2,926,559503,49,46:00.0,1,10:00,421
7756459842,U,OB,1,2,458,559503,49,09:00.0,1,11:00,421
7756459842,U,OB,1,2,458,559503,41,23:00.0,1,18:00,421
7756459842,U,OB,1,2,458,559503,41,19:00.0,2,20:00,421
7756459851,U,OB,1,1,240,559503,49,04:00.0,1,11:00,421
7756459860,U,OB,1,1,206,559503,49,02:00.0,1,11:00,421
7756459889,U,OB,1,9,6911,559503,49,46:00.0,1,9:00,421
7756459898,U,OB,1,2,1313,559503,49,15:00.0,1,9:00,421
7756459925,U,OB,1,5,2280,126495,53,41:00.0,3,7:00,421
7756459952,U,OB,1,1,1475,279882,43,22:00.0,3,4:00,421
7756459961,U,OB,1,1,507,135929,38,22:00.0,5,21:00,421
7756459999,U,OB,1,2,1125,133189,38,59:00.0,5,12:00,421
7756460026,U,OB,1,1,295,135929,38,19:00.0,5,21:00,421
7756460044,U,OB,1,2,670,126438,39,23:00.0,5,5:00,421
7756460127,U,OB,1,25,220,R621153063,22,26:00.0,5,15:00,421
7756460172,U,OB,1,1,274,R621153063,22,16:00.0,5,15:00,421
7756460181,U,OB,1,1,242,R621153063,22,09:00.0,5,15:00,421
7756460219,U,OB,1,3,1683,131033,14,14:00.0,5,11:00,421
7756460246,U,OB,1,1,351,131033,14,26:00.0,5,10:00,421
7756462529,U,OB,1,1,1520,125212,50,54:00.0,6,3:00,421
7756462538,U,OB,1,2,900,140023,22,01:00.0,7,8:00,421
7756462868,U,OB,1,1,721,126438,39,26:00.0,5,3:00,421
7756462886,U,OB,1,1,2190,126438,39,32:00.0,5,3:00,421
7756463014,U,OB,1,3,445,125212,50,37:00.0,6,3:00,421
7756463097,U,OB,1,1,167,137774,46,24:00.0,5,6:00,421
7756463115,U,OB,1,1,840,126624,40,41:00.0,5,4:00,421
7756463133,U,OB,1,1,495,130711,69,43:00.0,4,22:00,421
7756463198,U,OB,1,1,775,131040,39,21:00.0,7,5:00,421
7756463600,U,OB,1,1,190,135178,39,16:00.0,3,7:00,421
7756464132,U,OB,1,1,460,136776,26,44:00.0,5,3:00,421
7756464132,U,OB,1,1,460,136776,4,14:00.0,5,6:00,421
775646416X,U,OB,1,1,1015,131437,32,22:00.0,6,14:00,421
7756464179,U,OB,1,1,195,131437,32,44:00.0,6,14:00,421
7756464188,U,OB,1,1,515,131040,39,26:00.0,7,3:00,421
7756464197,U,OB,1,1,875,124065,22,38:00.0,7,3:00,421
7756464197,U,OB,1,1,875,124065,42,48:00.0,7,7:00,421
7756464233,U,OB,1,1,489,137774,46,17:00.0,5,6:00,421
7756464453,U,OB,1,1,125,133942,38,22:00.0,4,5:00,421
7756464471,U,OB,1,2,645,130719,38,11:00.0,4,2:00,421
7756464471,U,CTY,1,2,645,130719,O1  ,07:00.0,4,16:00,421
7756464471,U,OB,1,2,645,130719,45,09:00.0,4,16:00,421
7756464628,U,OB,1,1,136,135178,39,40:00.0,3,7:00,421
7756464637,U,OB,1,2,1312,135178,39,04:00.0,3,8:00,421
7756464884,U,OB,1,1,565,127079,38,24:00.0,5,8:00,421
7756464958,U,OB,1,6,5735,119275,49,06:00.0,7,16:00,421
7756464967,U,OB,1,1,232,119275,34,38:00.0,1,2:00,421
7756464967,U,OB,1,1,232,119275,49,11:00.0,7,20:00,421
7756464985,U,OB,1,1,1126,136800,55,27:00.0,4,6:00,421
7756464994,U,OB,1,1,442,136800,55,26:00.0,4,6:00,421
7756465856,U,OB,1,42,411,136776,26,52:00.0,5,12:00,421
775646603X,U,IB,1,1,175,202445,150,56:00.0,7,18:00,421
7756467827,U,OB,1,3,1364,125758,14,26:00.0,5,14:00,421
7756468404,U,OB,1,5,2065,125758,14,35:00.0,5,14:00,421
7756468770,U,OB,1,1,369,136210,38,31:00.0,4,13:00,421
775646878X,U,OB,1,3,2317,134345,22,24:00.0,4,8:00,421
7756468844,U,OB,1,3,3300,130828,31,08:00.0,4,8:00,421
7756468853,U,OB,1,3,2134,136210,38,02:00.0,4,8:00,421
7756468871,U,OB,1,1,810,136723,40,45:00.0,5,4:00,421
7756468880,U,OB,1,1,760,R621153063,22,57:00.0,5,13:00,421
7756468918,U,OB,1,2,907,R621153063,41,15:00.0,5,14:00,421
7756468918,U,OB,1,2,907,R621153063,41,15:00.0,5,14:00,421
7756468936,U,OB,1,1,237,R621153063,22,59:00.0,5,13:00,421
7756468945,U,OB,1,1,1085,41398,48,11:00.0,6,16:00,421
7756469019,U,OB,1,1,1400,261353,58,42:00.0,7,6:00,421
7756545954,U,CTY,1,1,217,430868,172,19:00.0,4,17:00,661
7756547063,U,IB,1,1,443,TTMS910575,151,39:00.0,3,19:00,661
7756547090,U,CTY,1,1,182,530699,197,11:00.0,4,19:00,661
7756555120,U,CTY,1,1,213,135912,192,52:00.0,4,22:00,661
7756557852,U,CTY,1,3,1053,430868,172,15:00.0,4,17:00,661
7756557861,U,CTY,1,3,779,125192,173,49:00.0,4,21:00,661
7756570778,U,CTY,1,1,166,290791,187,48:00.0,7,19:00,661
7756570814,U,CTY,1,1,100,290791,187,19:00.0,7,19:00,661
7756571510,U,IB,1,1,149,134444,164,07:00.0,2,16:00,661
7756573849,U,IB,1,1,470,135903,151,24:00.0,3,3:00,661
7756573858,U,CTY,1,1,142,135253,192,46:00.0,3,1:00,661
7756573894,U,CTY,1,1,157,135253,192,48:00.0,3,1:00,661
7756574078,U,CTY,1,1,172,123790,169,22:00.0,2,1:00,661
7756575169,U,IB,1,1,2000,134188,105,00:00.0,6,20:00,661
775657526X,U,IB,1,1,838,132655,164,40:00.0,5,1:00,661
7756578157,U,IB,1,1,139,128138,164,16:00.0,2,12:00,661
7756578220,U,CTY,1,1,145,124100,188,13:00.0,4,11:00,661
7756579073,U,CTY,1,1,159,128432,175,16:00.0,3,5:00,661
775657911X,U,CTY,1,1,830,134433,169,59:00.0,2,21:00,661
7756579834,U,IB,1,1,139,132897,127,20:00.0,7,21:00,661
7756579843,U,CTY,1,1,233,128065,173,05:00.0,6,16:00,661
7756579980,U,CTY,1,1,735,132230,168,33:00.0,1,0:00,661
775658032X,U,CTY,1,1,329,137493,192,01:00.0,2,15:00,661
7756588066,U,IB,1,1,174,131263,145,40:00.0,2,2:00,661
7756588176,U,CTY,1,1,160,118361,194,18:00.0,3,15:00,661
7756590349,U,CTY,1,1,305,TTMS910552,192,35:00.0,3,1:00,661
7756590403,U,CTY,1,1,227,132935,174,12:00.0,3,1:00,661
775659572X,U,CTY,1,1,190,131664,188,06:00.0,2,20:00,661
7756596619,U,CTY,1,1,120,131664,188,17:00.0,2,20:00,661
7756596628,U,CTY,1,1,120,130882,175,53:00.0,2,6:00,661
775660111X,U,CTY,1,1,290,132935,174,49:00.0,2,21:00,661
7756601459,U,CTY,1,6,1600,137324,174,54:00.0,3,3:00,661
7756608122,U,CTY,1,1,63,137284,189,56:00.0,2,12:00,661
7756609094,U,CTY,1,1,945,138028,178,34:00.0,4,9:00,661
7756609094,U,CTY,1,1,945,138028,176,28:00.0,4,3:00,661
7756612980,U,CTY,1,1,185,131208,173,23:00.0,3,11:00,661
775661343X,U,OB,1,1,135,127135,78,09:00.0,4,15:00,661
775661530X,U,CTY,1,5,9695,135995,211,58:00.0,3,0:00,661
775661530X,U,CTY,1,5,9695,135995,189,27:00.0,6,2:00,661
7756617775,U,CTY,1,1,468,TTMS144654,194,14:00.0,2,12:00,661
7756620379,U,IB,1,1,134,139578,149,41:00.0,1,12:00,656
7756620662,U,CTY,1,2,345,118529,206,08:00.0,6,13:00,656
7756623358,U,CTY,1,1,400,118647,175,01:00.0,1,7:00,656
7756626061,U,IB,1,1,210,136167,117,54:00.0,2,3:00,656
7756670759,U,CTY,1,1,672,132666,197,30:00.0,5,21:00,122
7756673289,U,CTY,1,60,2365,140262,187,29:00.0,6,15:00,122
7756673967,U,CTY,1,1,171,137129,172,08:00.0,2,7:00,122
775667558X,U,CTY,1,1,400,123950,173,23:00.0,6,4:00,122
7756676277,U,CTY,1,1,200,134705,192,59:00.0,7,3:00,122
7756676771,U,IB,1,1,150,132070,164,22:00.0,1,22:00,122
7756678129,U,CTY,1,1,1370,136973,188,09:00.0,7,4:00,122
7756686314,U,IB,1,1,540,202236,125,30:00.0,1,5:00,122
7756686406,U,OB,1,1,432,CVEN44290,95,50:00.0,1,20:00,122
7756687001,U,CTY,1,1,845,133888,189,14:00.0,4,16:00,122
7756687001,U,CTY,1,1,845,133888,231,16:00.0,4,16:00,122
7756687542,U,CTY,1,1,277,131324,235,13:00.0,3,21:00,122
7756687542,U,CTY,1,1,277,131324,233,35:00.0,2,22:00,122
7756687542,U,CTY,1,1,277,131324,195,39:00.0,2,15:00,122
7756690393,U,OB,1,2,1943,125624,55,50:00.0,4,17:00,122
775669043X,U,OB,1,1,397,125542,96,47:00.0,4,13:00,122
7756690494,U,CTY,1,2,1242,132666,197,58:00.0,5,22:00,122
7756690613,U,CTY,1,2,1758,131324,195,04:00.0,2,15:00,122
7756690613,U,CTY,1,2,1758,131324,233,30:00.0,2,22:00,122
7756695399,U,CTY,1,1,1296,137129,172,51:00.0,2,5:00,122
7756698551,U,CTY,1,1,240,127781,205,09:00.0,2,21:00,122
7756698551,U,IB,1,1,240,127781,149,03:00.0,1,19:00,122
7756699541,U,IB,1,2,1025,127781,149,58:00.0,1,18:00,122
7756700275,U,IB,1,16,11250,127781,149,25:00.0,1,20:00,122
7756700275,U,CTY,1,16,11250,127781,227,51:00.0,2,10:00,122
7756700376,U,CTY,1,3,1792,134705,192,52:00.0,7,3:00,122
7756700394,U,CTY,1,15,8650,126862,174,15:00.0,6,1:00,122
7756701952,U,CTY,1,32,26302,559926,185,20:00.0,4,9:00,122
7756701952,U,CTY,1,32,26302,559926,185,16:00.0,4,6:00,122
7756706215,U,IB,1,1,278,202236,125,19:00.0,1,4:00,122
7756707104,U,IB,1,1,127,202236,157,16:00.0,1,3:00,122
7756707104,U,IB,1,1,127,202236,125,15:00.0,1,3:00,122
7756710092,U,CTY,1,1,1476,135900,168,20:00.0,5,8:00,122
7756716793,U,IB,1,6,6480,202236,125,40:00.0,1,5:00,122
7756717664,U,CTY,1,4,5560,130650,173,22:00.0,4,6:00,122
7756736061,U,CTY,1,1,1415,CVEN44868,187,30:00.0,7,18:00,122
775673839X,U,CTY,1,1,250,133774,197,47:00.0,4,22:00,122
7756738454,U,CTY,1,1,210,126500,192,21:00.0,5,13:00,122
775673872X,U,CTY,1,1,200,123950,173,43:00.0,6,4:00,122
7756738748,U,CTY,1,1,350,136973,188,06:00.0,7,5:00,122
7756742670,U,CTY,1,2,1448,136973,188,52:00.0,7,5:00,122
775674268X,U,CTY,1,1,123,136973,188,47:00.0,7,5:00,122
775674499X,U,CTY,1,1,580,133417,187,32:00.0,1,22:00,122
7756750911,U,CTY,1,4,3420,127343,231,58:00.0,2,21:00,122
7756759803,U,CTY,1,2,5550,138158,196,38:00.0,2,12:00,122
7756769108,U,CTY,1,1,500,126618,196,58:00.0,2,18:00,122
7756842395,U,IB,1,16,10899,135973,131,54:00.0,4,5:00,165
7757001720,U,CTY,1,1,775,138696,189,12:00.0,3,10:00,312
7757001794,U,CTY,1,1,2895,202196,192,30:00.0,2,13:00,312
7757001978,U,CTY,1,4,3825,138928,175,11:00.0,6,17:00,312
7757002409,U,CTY,1,1,110,127450,189,59:00.0,5,18:00,312
7757002418,U,IB,1,1,110,129678,151,58:00.0,7,10:00,312
7757002436,U,CTY,1,1,110,125240,174,37:00.0,6,17:00,312
7757002683,U,IB,1,1,110,131233,149,13:00.0,6,13:00,312
7757003087,U,CTY,1,1,300,T402217967,187,39:00.0,5,1:00,312
7757004315,U,IB,1,1,348,134516,114,13:00.0,5,15:00,312
7757004416,U,IB,1,1,110,131233,149,31:00.0,6,13:00,312
7757004838,U,CTY,1,1,213,135534,188,30:00.0,6,3:00,312
7757005790,U,CTY,1,3,4100,134597,169,18:00.0,7,19:00,312
7757012639,U,IB,1,1,405,134835,143,55:00.0,4,14:00,312
775701284X,U,CTY,1,1,401,134623,195,59:00.0,6,1:00,312
7757013198,U,IB,1,1,405,121231,149,29:00.0,4,13:00,312
7757013317,U,CTY,1,2,712,126281,192,26:00.0,4,12:00,312
7757015517,U,CTY,1,1,110,139927,188,54:00.0,2,12:00,312
775701559X,U,IB,1,1,150,132785,127,54:00.0,1,17:00,312
7757017221,U,CTY,1,2,250,202196,192,02:00.0,2,15:00,312
7757022492,U,IB,1,1,341,904236,151,02:00.0,6,15:00,312
7757025628,U,CTY,1,4,1623,290117,188,05:00.0,3,13:00,312
7757025700,U,CTY,1,1,233,290117,188,09:00.0,3,15:00,312
7757025700,U,CTY,1,1,233,290117,197,57:00.0,5,12:00,312
7757025756,U,IB,1,1,479,842650,158,06:00.0,5,21:00,312
775703044X,U,IB,1,4,1105,PASC175379,109,35:00.0,2,16:00,312
775703044X,U,IB,1,4,1105,PASC175379,151,32:00.0,2,16:00,312
7757033016,U,CTY,1,1,1912,135708,169,59:00.0,6,4:00,312
7757033319,U,CTY,1,1,391,132065,187,46:00.0,4,18:00,312
775703352X,U,IB,1,2,1108,134516,114,25:00.0,5,15:00,312
7757034051,U,IB,1,6,1860,131233,149,54:00.0,6,13:00,312
775703968X,U,CTY,1,1,928,121584,196,19:00.0,7,21:00,312
7757042833,U,IB,1,2,1270,842650,158,22:00.0,5,21:00,312
7757043026,U,IB,1,2,2000,134715,131,22:00.0,7,0:00,312
7757043035,U,IB,1,2,7051,134715,131,30:00.0,7,0:00,312
7757044043,U,CTY,1,1,256,127381,188,23:00.0,4,11:00,312
7757044061,U,CTY,1,6,3691,127381,188,17:00.0,4,11:00,312
7757044328,U,CTY,1,2,2900,133221,192,44:00.0,7,18:00,312
7757045500,U,IB,1,2,160,132785,127,05:00.0,1,17:00,312
775720908X,U,CTY,1,1,160,280932,173,14:00.0,2,11:00,312
775720908X,U,CTY,1,1,160,280932,201,19:00.0,2,11:00,312
7757209099,U,IB,1,1,5150,126748,163,40:00.0,2,19:00,312
7757209135,U,IB,1,1,190,126748,163,25:00.0,2,18:00,312
7757209209,U,CTY,1,1,866,135708,169,42:00.0,6,3:00,312
7757211528,U,CTY,1,11,8300,139006,215,55:00.0,3,3:00,312
7757211528,U,CTY,1,11,8300,139006,192,36:00.0,3,6:00,312
7757211528,U,IB,1,11,8300,139006,145,29:00.0,7,9:00,312
7757219888,U,CTY,1,1,230,138928,175,02:00.0,6,17:00,312
7757225534,U,OB,1,4,150,128078,96,39:00.0,2,6:00,312
7757225736,U,CTY,1,8,544,280932,173,12:00.0,2,13:00,312
7757228513,U,CTY,1,1,89,121144,194,33:00.0,6,12:00,312
7757228825,U,IB,1,1,60,842650,158,38:00.0,5,20:00,312
7757231474,U,CTY,1,3,1889,137671,175,41:00.0,4,10:00,312
7757232556,U,IB,1,2,746,904236,151,40:00.0,6,13:00,312
7757232565,U,CTY,1,2,300,135708,169,54:00.0,6,4:00,312
775723262X,U,CTY,1,1,120,133221,192,10:00.0,7,18:00,312
7757233921,U,CTY,1,1,235,127381,188,34:00.0,4,18:00,312
7757236561,U,CTY,1,4,859,137671,175,28:00.0,4,9:00,312
7757237286,U,CTY,1,2,170,132523,183,14:00.0,6,12:00,312
7757237286,U,IB,1,2,170,132523,158,01:00.0,6,9:00,312
7757245040,U,CTY,1,2,615,291200,188,28:00.0,6,1:00,312
775724505X,U,IB,1,1,550,132785,127,27:00.0,1,18:00,312
7757246874,U,CTY,1,1,125,126281,192,21:00.0,4,12:00,312
7757247186,U,CTY,1,1,250,127450,189,05:00.0,5,16:00,312
7757247992,U,IB,1,1,869,R621615927,105,46:00.0,5,12:00,312
7757269112,U,IB,1,8,9483,430079,101,11:00.0,3,14:00,218
7757269388,U,IB,1,1,199,135114,125,42:00.0,1,10:00,218
7757269406,U,IB,1,1,61,135114,125,26:00.0,1,10:00,218
7757269451,U,IB,1,1,51,135114,125,53:00.0,1,9:00,218
7757269516,U,OB,1,1,921,T525255364,95,52:00.0,4,21:00,218
7757269525,U,OB,1,1,623,T525255364,95,56:00.0,4,20:00,218
7757269599,U,OB,1,1,455,T525255364,95,53:00.0,4,20:00,218
7757269790,U,IB,1,1,233,129558,114,44:00.0,5,18:00,218
7757269882,U,IB,1,1,237,131285,105,01:00.0,7,0:00,218
7757269900,U,IB,1,1,245,131285,105,49:00.0,7,0:00,218
7757269947,U,IB,1,1,237,131285,105,48:00.0,7,0:00,218
7757269965,U,IB,1,1,275,131285,105,27:00.0,6,23:00,218
7757269983,U,IB,1,1,275,131285,105,26:00.0,6,23:00,218
7757270066,U,IB,1,2,1682,129558,114,15:00.0,5,18:00,218
775727013X,U,IB,1,1,421,131285,105,46:00.0,7,0:00,218
7757270167,U,IB,1,1,920,140101,110,29:00.0,6,12:00,218
7757270167,U,OB,1,1,920,140101,88,28:00.0,6,12:00,218
7757270176,U,IB,1,1,312,135114,125,39:00.0,1,10:00,218
7757270230,U,IB,1,1,229,135114,125,36:00.0,1,10:00,218
7757270313,U,IB,1,3,1604,530504,105,05:00.0,7,1:00,218
7757270322,U,IB,1,3,1456,530504,105,03:00.0,7,1:00,218
7757270432,U,IB,1,1,552,530504,105,51:00.0,6,23:00,218
7757270661,U,IB,1,1,304,430899,105,48:00.0,1,7:00,218
775727068X,U,IB,1,1,183,430899,105,44:00.0,1,7:00,218
7757270726,U,IB,1,1,262,430899,105,36:00.0,1,7:00,218
7757270744,U,IB,1,1,254,430899,105,39:00.0,1,7:00,218
7757270762,U,IB,1,1,254,430899,105,33:00.0,1,7:00,218
7757270827,U,IB,1,1,321,430899,105,19:00.0,1,7:00,218
7757270863,U,IB,1,10,13611,390229,116,44:00.0,2,12:00,218
7757270919,U,IB,1,1,1231,430899,105,40:00.0,1,6:00,218
775727101X,U,IB,1,1,124,390229,116,25:00.0,2,4:00,218
7757271056,U,IB,1,1,895,390229,116,32:00.0,2,2:00,218
7757271074,U,IB,1,1,540,390229,116,28:00.0,2,2:00,218
7757271321,U,IB,1,1,906,129569,131,47:00.0,4,22:00,218
7757271330,U,IB,1,1,832,129569,131,49:00.0,4,22:00,218
7757271422,U,CTY,1,1,755,904116,182,34:00.0,7,12:00,218
7757271422,U,CTY,1,1,755,904116,189,21:00.0,7,9:00,218
7757271642,U,IB,1,1,1110,119993,114,20:00.0,6,3:00,218
775727167X,U,CTY,1,2,2086,904116,189,32:00.0,7,6:00,218
7757271752,U,CTY,1,1,853,904116,189,05:00.0,7,7:00,218
7757271770,U,CTY,1,1,199,904116,189,42:00.0,7,6:00,218
7757271817,U,CTY,1,1,866,904116,189,53:00.0,7,6:00,218
7757271835,U,CTY,1,1,593,904116,189,47:00.0,7,6:00,218
7757271853,U,CTY,1,1,971,904116,189,23:00.0,7,6:00,218
7757272028,U,IB,1,1,300,133274,129,07:00.0,3,20:00,218
7757272156,U,IB,1,1,329,290066,114,46:00.0,3,21:00,218
775727222X,U,IB,1,1,569,123779,133,00:00.0,4,21:00,218
7757272257,U,IB,1,1,516,123779,133,20:00.0,4,20:00,218
7757272320,U,IB,1,1,498,R211600269,123,50:00.0,5,20:00,218
7757272394,U,CTY,1,1,384,T415634691,192,36:00.0,7,4:00,218
7757272495,U,CTY,1,1,428,137507,175,23:00.0,6,3:00,218
775731413X,U,CTY,1,1,180,261009,169,49:00.0,1,15:00,684
7757315193,U,CTY,1,2,310,136717,188,19:00.0,5,12:00,684
7757315321,U,IB,1,1,175,530367,103,05:00.0,7,18:00,684
7757315606,U,OB,1,1,216,138316,53,41:00.0,2,17:00,684
7757315633,U,CTY,1,1,175,530810,187,13:00.0,5,23:00,684
7757320684,U,OB,1,7,15458,HAEI23421,75,17:00.0,4,16:00,431
7757332537,U,CTY,1,1,504,137936,187,21:00.0,6,21:00,223
7757350696,U,CTY,1,1,388,211588,176,43:00.0,7,0:00,223
7757350750,U,OB,1,1,393,137800,86,31:00.0,7,3:00,223
7757387775,U,CTY,1,1,130,131879,176,44:00.0,6,21:00,223
7757388958,U,OB,1,1,2900,137800,86,20:00.0,7,2:00,223
7757389407,U,IB,1,1,693,125583,149,09:00.0,3,0:00,223
7757390864,U,CTY,1,1,1992,132367,168,18:00.0,2,13:00,223
7757397574,U,CTY,1,1,32,137936,187,16:00.0,6,21:00,223
7757398362,U,CTY,1,1,400,133598,173,46:00.0,1,6:00,223
7757398701,U,OB,1,1,250,137800,86,56:00.0,7,1:00,223
7757406008,U,CTY,1,5,1700,132367,168,06:00.0,2,14:00,223
7757410352,U,CTY,1,1,92,137526,175,52:00.0,7,21:00,223
775741093X,U,CTY,1,2,437,134197,197,15:00.0,5,19:00,223
7757411059,U,CTY,1,2,900,137463,195,00:00.0,4,8:00,223
7757421215,U,CTY,1,2,535,130617,188,56:00.0,3,0:00,223
775742182X,U,CTY,1,1,476,131879,176,54:00.0,6,21:00,223
7757421949,U,CTY,1,2,468,131879,176,14:00.0,6,20:00,223
7757438732,U,CTY,1,1,960,291132,174,39:00.0,3,0:00,431
7757445112,U,OB,1,1,4,138316,53,20:00.0,2,17:00,615
7757470037,U,OB,1,2,330,45459,63,40:00.0,7,7:00,615
7757472273,U,OB,1,4,8544,45459,63,39:00.0,7,8:00,615
7757473319,U,OB,1,2,470,124111,55,16:00.0,1,22:00,615
7757478552,U,OB,1,1,310,128868,96,01:00.0,5,21:00,615
7757478644,U,OB,1,5,1532,128528,46,10:00.0,7,5:00,615
7757491074,U,IB,1,1,229,261365,103,56:00.0,1,3:00,213
7757560814,U,IB,1,2,872,128758,129,41:00.0,4,5:00,246
7757560823,U,CTY,1,1,504,126251,173,19:00.0,5,4:00,246
7757560841,U,OB,1,1,167,129903,96,52:00.0,5,10:00,246
7757561043,U,IB,1,1,385,130699,127,47:00.0,4,2:00,246
775756108X,U,IB,1,1,230,121587,103,56:00.0,4,18:00,246
7757564545,U,IB,1,1,1795,128758,129,16:00.0,4,1:00,246
7757564619,U,IB,1,2,1484,123865,117,57:00.0,6,12:00,246
7757564801,U,IB,1,2,148,132026,117,21:00.0,2,3:00,246
7757565068,U,IB,1,2,799,123101,111,41:00.0,2,1:00,246
7757565122,U,IB,1,1,277,123101,111,28:00.0,2,1:00,246
7757565131,U,IB,1,1,694,123101,111,32:00.0,2,1:00,246
7757565351,U,IB,1,1,460,121587,103,16:00.0,4,19:00,246
7757566552,U,IB,1,1,115,249155,111,14:00.0,7,7:00,246
775756658X,U,IB,1,2,3536,R621615927,105,25:00.0,5,11:00,246
7757566644,U,IB,1,1,1200,136252,127,24:00.0,6,3:00,246
7757566680,U,IB,1,1,537,127555,127,28:00.0,7,0:00,246
7757566718,U,IB,1,2,1270,127555,127,44:00.0,7,0:00,246
7757566727,U,IB,1,1,291,127555,127,30:00.0,7,0:00,246
7757567405,U,IB,1,2,675,123601,114,33:00.0,6,22:00,246
7757569302,U,IB,1,1,767,135504,105,27:00.0,1,19:00,246
775756944X,U,IB,1,1,1194,125826,113,29:00.0,3,22:00,246
7757569495,U,IB,1,1,291,125826,113,42:00.0,3,22:00,246
7757569504,U,CTY,1,1,188,130699,177,58:00.0,4,5:00,246
775756955X,U,IB,1,1,1365,130699,127,39:00.0,4,0:00,246
7757569596,U,CTY,1,1,217,130699,171,39:00.0,3,23:00,246
7757569596,U,IB,1,1,217,130699,127,38:00.0,3,23:00,246
7757569697,U,IB,1,1,403,130699,127,59:00.0,3,23:00,246
775756977X,U,IB,1,1,436,121587,103,05:00.0,4,19:00,246
7757569798,U,IB,1,1,178,121587,103,01:00.0,4,19:00,246
7757569825,U,IB,1,2,880,121587,103,53:00.0,4,18:00,246
7757569899,U,IB,1,1,197,135908,105,29:00.0,5,20:00,246
7757572391,U,IB,1,1,679,138371,125,47:00.0,5,1:00,246
7757572391,U,CTY,1,1,679,138371,184,16:00.0,5,2:00,246
7757572501,U,IB,1,3,987,131333,112,11:00.0,7,20:00,246
775757274X,U,IB,1,2,2002,125426,151,43:00.0,1,12:00,246
7757572878,U,OB,1,13,4415,129903,96,38:00.0,5,10:00,246
7757573529,U,IB,1,1,429,125495,123,38:00.0,3,21:00,246
7757573785,U,IB,1,1,171,123865,117,55:00.0,6,13:00,246
7757574528,U,IB,1,1,204,138371,125,45:00.0,5,1:00,246
7757574528,U,IB,1,1,204,138371,110,18:00.0,5,11:00,246
7757574701,U,IB,1,1,515,127974,117,52:00.0,6,18:00,246
7757575031,U,OB,1,1,662,132275,96,21:00.0,5,20:00,246
7757575087,U,CTY,1,1,950,138115,195,59:00.0,1,9:00,246
7757575123,U,IB,1,1,950,125495,123,44:00.0,3,21:00,246
7757577837,U,CTY,1,1,346,136002,174,58:00.0,2,7:00,246
7757577855,U,IB,1,1,325,125426,151,06:00.0,1,13:00,246
7757577864,U,CTY,1,1,142,136002,174,16:00.0,2,8:00,246
7757577929,U,CTY,1,1,210,126251,173,49:00.0,5,3:00,246
7757580715,U,IB,1,2,4011,132026,117,09:00.0,2,3:00,246
7757580962,U,IB,1,1,198,139849,113,48:00.0,7,3:00,246
7757581054,U,OB,1,1,130,138746,96,10:00.0,5,9:00,246
7757581146,U,CTY,1,1,472,136002,174,49:00.0,2,8:00,246
7757581283,U,IB,1,1,473,139849,113,19:00.0,7,3:00,246
7757581595,U,OB,1,1,210,132275,96,29:00.0,5,19:00,246
7757583510,U,IB,1,1,140,123601,114,26:00.0,6,21:00,246
7757588314,U,IB,1,2,3450,138371,125,31:00.0,5,1:00,246
7757588379,U,IB,1,1,136,131333,112,50:00.0,7,13:00,246
7757589780,U,IB,1,1,200,131333,112,27:00.0,7,19:00,246
7757589919,U,IB,1,1,234,131333,112,44:00.0,7,19:00,246
7757589919,U,CTY,1,1,234,131333,182,50:00.0,7,19:00,246
7757589982,U,IB,1,2,1635,139849,113,16:00.0,7,3:00,246
7757590184,U,CTY,1,1,655,136002,174,25:00.0,2,6:00,246
775759023X,U,CTY,1,2,1680,136002,174,20:00.0,2,7:00,246
7757590770,U,IB,1,1,803,135908,105,56:00.0,5,21:00,246
7757590936,U,CTY,1,1,257,138115,195,14:00.0,1,10:00,246
7757590963,U,CTY,1,2,5190,PASC175379,188,51:00.0,7,10:00,246
7757592018,U,IB,1,6,3116,135908,105,51:00.0,5,20:00,246
7757592806,U,IB,1,7,5050,277710,101,16:00.0,1,18:00,246
7757592842,U,IB,1,3,1695,123601,114,47:00.0,6,22:00,246
7757592860,U,IB,1,1,197,136252,127,08:00.0,6,5:00,246
7757595262,U,IB,1,1,93,134844,125,53:00.0,3,18:00,246
7757595309,U,IB,1,9,10810,124040,123,41:00.0,4,0:00,246
7757595309,U,IB,1,9,10810,124040,107,09:00.0,4,11:00,246
7757595345,U,IB,1,1,763,138371,125,35:00.0,5,1:00,246
7757595529,U,IB,1,3,6750,134844,125,37:00.0,3,18:00,246
7757595556,U,IB,1,1,335,134844,125,02:00.0,3,19:00,246
7757595574,U,IB,1,1,305,134844,125,44:00.0,3,18:00,246
7757595666,U,CTY,1,1,369,138115,195,38:00.0,1,10:00,246
7757595931,U,IB,1,1,296,134844,125,45:00.0,3,18:00,246
7757595978,U,CTY,1,1,314,135187,172,55:00.0,5,0:00,246
7757596014,U,IB,1,1,220,138371,125,26:00.0,5,1:00,246
7757596133,U,IB,1,1,333,128758,129,58:00.0,4,0:00,246
7757596189,U,IB,1,1,206,128758,129,41:00.0,4,1:00,246
7757596198,U,IB,1,1,290,128758,129,52:00.0,4,0:00,246
7757596701,U,IB,1,1,141,123601,114,35:00.0,6,21:00,246
7757598681,U,IB,1,1,560,127974,117,10:00.0,6,20:00,246
775759870X,U,IB,1,3,5315,127974,117,57:00.0,6,19:00,246
7757611230,U,CTY,1,1,375,133233,174,55:00.0,1,0:00,881
7757611726,U,CTY,1,1,253,138838,174,35:00.0,7,21:00,881
7757611753,U,CTY,1,3,3100,134070,172,40:00.0,3,12:00,881
7757611881,U,CTY,1,1,500,134046,196,31:00.0,5,22:00,881
775761190X,U,CTY,1,1,500,134046,196,43:00.0,5,22:00,881
7757612000,U,CTY,1,1,695,249095,187,17:00.0,4,14:00,881
7757612029,U,CTY,1,3,1637,133233,174,15:00.0,1,3:00,881
7757612038,U,CTY,1,1,500,134046,196,57:00.0,5,21:00,881
7757612110,U,CTY,1,4,2431,138838,174,27:00.0,7,21:00,881
7757612954,U,CTY,1,1,339,249067,195,13:00.0,3,4:00,881
7757617437,U,IB,1,1,348,126675,113,27:00.0,4,19:00,881
7757618766,U,CTY,1,1,285,117315,169,52:00.0,4,9:00,881
7757618784,U,CTY,1,1,775,131854,197,40:00.0,6,6:00,881
7757619251,U,IB,1,1,600,135194,145,44:00.0,7,5:00,881
7757620389,U,CTY,1,3,265,530752,173,40:00.0,5,17:00,881
7757625301,U,CTY,1,4,2410,131854,197,01:00.0,6,7:00,881
7757625310,U,IB,1,1,325,133283,164,37:00.0,6,8:00,881
7757625348,U,IB,1,1,105,133283,164,40:00.0,6,8:00,881
7757625577,U,IB,1,1,535,137513,133,08:00.0,2,19:00,881
7757626062,U,CTY,1,1,238,137152,173,36:00.0,6,6:00,881
7757626630,U,CTY,1,10,164,138838,174,51:00.0,7,18:00,881
775762664X,U,CTY,1,1,243,138838,174,19:00.0,7,18:00,881
7757626897,U,CTY,1,1,770,129628,194,21:00.0,4,8:00,881
775762785X,U,CTY,1,1,320,132854,169,45:00.0,7,21:00,881
7757629445,U,IB,1,1,581,125024,164,30:00.0,6,3:00,881
7757629463,U,IB,1,2,1004,135884,145,04:00.0,6,7:00,881
7757629784,U,IB,1,1,514,119375,125,49:00.0,5,13:00,881
775762994X,U,IB,1,1,316,119375,125,47:00.0,5,13:00,881
7757632525,U,CTY,1,1,830,128252,197,52:00.0,6,10:00,881
7757632754,U,CTY,1,3,7160,249095,187,00:00.0,4,18:00,881
7757632873,U,CTY,1,1,835,132854,169,35:00.0,7,22:00,881
7757632882,U,CTY,1,2,2850,133371,189,42:00.0,3,13:00,881
7757632938,U,IB,1,1,1105,125402,105,15:00.0,3,21:00,881
7757632947,U,IB,1,1,1390,139653,158,18:00.0,2,22:00,881
775763357X,U,IB,1,1,50,137513,133,57:00.0,2,18:00,881
7757633762,U,IB,1,1,2140,132346,135,14:00.0,7,2:00,881
775763379X,U,IB,1,1,150,132346,135,43:00.0,7,2:00,881
7757633881,U,IB,1,2,1050,139653,158,55:00.0,2,21:00,881
7757635311,U,IB,1,6,1882,133283,164,57:00.0,6,7:00,881
775763533X,U,CTY,1,1,244,131854,197,56:00.0,6,6:00,881
7757635495,U,IB,1,1,341,125024,164,47:00.0,6,2:00,881
7757635531,U,IB,1,5,5298,126675,113,47:00.0,4,20:00,881
7757635679,U,CTY,1,1,463,249095,187,01:00.0,4,14:00,881
7757635697,U,CTY,1,1,95,249095,187,10:00.0,4,13:00,881
7757638290,U,CTY,1,1,380,131854,197,55:00.0,6,7:00,881
775763863X,U,CTY,1,1,645,138245,168,35:00.0,7,23:00,881
7757638822,U,IB,1,2,2750,129515,113,32:00.0,4,6:00,881
7757639161,U,IB,1,1,2020,125024,164,24:00.0,6,3:00,881
7757650529,U,IB,1,1,585,126627,164,23:00.0,4,20:00,881
7757650565,U,CTY,1,3,2931,136440,188,10:00.0,5,9:00,881
775765062X,U,IB,1,1,645,137312,129,37:00.0,2,12:00,881
775765062X,U,IB,1,1,645,137312,159,37:00.0,2,13:00,881
7757650648,U,IB,1,3,4615,137312,129,40:00.0,2,11:00,881
7757650657,U,IB,1,9,8720,132555,141,46:00.0,7,18:00,881
7757650666,U,IB,1,6,2880,132555,141,03:00.0,7,18:00,881
7757650720,U,CTY,1,4,1315,131130,169,15:00.0,1,13:00,881
7757650758,U,CTY,1,1,95,278466,173,08:00.0,3,13:00,881
7757651270,U,IB,1,1,2145,118758,149,09:00.0,2,14:00,881
775765128X,U,CTY,1,1,1796,119922,192,29:00.0,5,18:00,881
7757651299,U,CTY,1,1,325,119922,192,04:00.0,5,18:00,881
7757651326,U,IB,1,1,330,119375,125,44:00.0,5,14:00,881
7757651344,U,IB,1,2,690,119375,125,51:00.0,5,13:00,881
7757653012,U,OB,1,5,3835,140312,80,46:00.0,2,6:00,881
7757653012,U,OB,1,5,3835,140312,80,46:00.0,2,6:00,881
7757653250,U,IB,1,1,538,118758,149,52:00.0,2,15:00,881
7757658393,U,CTY,1,1,325,138838,174,10:00.0,7,20:00,881
7757658485,U,IB,1,2,1060,131530,141,58:00.0,7,17:00,881
7757663087,U,IB,1,2,145,137312,129,31:00.0,2,11:00,881
7757663087,U,IB,1,2,145,137312,167,42:00.0,3,16:00,881
7757663857,U,IB,1,2,800,137513,133,16:00.0,2,20:00,881
7757663985,U,CTY,1,1,870,249067,195,55:00.0,3,3:00,881
7757664791,U,CTY,1,1,1270,249095,187,59:00.0,4,12:00,881
7757664874,U,CTY,1,1,145,133233,174,11:00.0,1,4:00,881
7757664910,U,IB,1,1,425,139700,164,09:00.0,1,12:00,881
7757664939,U,IB,1,2,1788,125024,164,20:00.0,6,4:00,881
7757665159,U,CTY,1,2,350,131854,197,08:00.0,6,8:00,881
7757665213,U,CTY,1,2,950,290208,197,25:00.0,7,22:00,881
7757665231,U,IB,1,1,1445,126675,113,07:00.0,4,19:00,881
7757670026,U,IB,1,1,340,130558,163,54:00.0,6,6:00,881
7757676332,U,IB,1,1,294,126675,113,07:00.0,4,20:00,881
7757676608,U,IB,1,1,190,132842,141,38:00.0,7,1:00,881
7757676763,U,CTY,1,1,132,137152,173,57:00.0,6,6:00,881
7757677194,U,IB,1,2,1125,131485,158,37:00.0,7,8:00,881
7757677277,U,OB,1,11,15425,125791,73,47:00.0,2,22:00,881
7757678496,U,CTY,1,1,103,125432,188,53:00.0,6,14:00,881
7757681778,U,IB,1,2,109,117643,143,35:00.0,6,21:00,881
7757682236,U,IB,1,1,148,132830,160,48:00.0,4,13:00,881
7757682236,U,CTY,1,1,148,132830,194,14:00.0,4,10:00,881
7757682254,U,CTY,1,3,4860,132830,194,10:00.0,4,10:00,881
775768373X,U,IB,1,1,960,117643,143,37:00.0,6,20:00,881
7757685792,U,CTY,1,1,1028,126466,194,56:00.0,5,18:00,881
7757685875,U,IB,1,1,612,133123,151,48:00.0,4,12:00,881
7757685958,U,IB,1,1,715,125024,164,20:00.0,6,5:00,881
7757685985,U,IB,1,2,1909,125024,164,35:00.0,6,4:00,881
7757686232,U,CTY,1,1,925,134070,172,59:00.0,3,13:00,881
7757686279,U,CTY,1,1,368,132854,169,41:00.0,7,22:00,881
7757687489,U,IB,1,1,751,140312,149,42:00.0,2,8:00,881
7757687489,U,IB,1,1,751,140312,159,30:00.0,3,0:00,881
7757687498,U,CTY,1,1,478,126466,194,02:00.0,5,18:00,881
7757700321,U,IB,1,1,154,131485,158,26:00.0,7,7:00,881
775770078X,U,IB,1,1,321,132555,141,29:00.0,7,17:00,881
7757708874,U,IB,1,1,261,130455,145,20:00.0,4,13:00,881
7757708939,U,CTY,1,1,443,134046,196,15:00.0,5,21:00,881
7757712789,U,IB,1,1,340,126675,113,19:00.0,4,19:00,881
7757712944,U,IB,1,2,2321,125402,105,09:00.0,3,19:00,881
7757712944,U,IB,1,2,2321,125402,162,31:00.0,3,21:00,881
7757713027,U,IB,1,1,155,131485,158,26:00.0,7,9:00,881
7757713045,U,IB,1,1,55,131485,158,26:00.0,7,9:00,881
7757715914,U,IB,1,1,642,133123,151,24:00.0,4,4:00,881
7757720388,U,IB,1,1,306,136114,145,37:00.0,7,19:00,881
7757721066,U,CTY,1,1,432,249067,195,22:00.0,3,4:00,881
7757721102,U,IB,1,1,187,133123,151,29:00.0,4,3:00,881
7757721441,U,CTY,1,1,214,128252,197,46:00.0,6,7:00,881
7757721450,U,CTY,1,1,499,128252,197,37:00.0,6,7:00,881
7757721497,U,IB,1,1,881,132842,141,36:00.0,7,3:00,881
7757721560,U,IB,1,1,490,129515,113,08:00.0,4,7:00,881
775772168X,U,IB,1,1,327,132842,141,40:00.0,7,3:00,881
7757722285,U,IB,1,2,280,126675,113,35:00.0,4,19:00,881
775772234X,U,CTY,1,5,7012,133371,189,17:00.0,3,16:00,881
7757722368,U,CTY,1,2,3036,531251,187,21:00.0,2,0:00,881
7757722377,U,CTY,1,6,9300,531251,187,42:00.0,2,0:00,881
7757724339,U,CTY,1,3,843,134070,172,22:00.0,3,13:00,881
7757724375,U,IB,1,2,2005,137494,141,08:00.0,3,7:00,881
7757724559,U,CTY,1,1,300,133233,174,36:00.0,1,0:00,881
7757724577,U,IB,1,1,194,131485,160,14:00.0,7,13:00,881
7757724577,U,IB,1,1,194,131485,162,50:00.0,7,15:00,881
7757724577,U,IB,1,1,194,131485,158,27:00.0,7,8:00,881
7757727354,U,IB,1,1,158,126760,143,25:00.0,3,13:00,881
7757727538,U,IB,1,1,80,134073,163,02:00.0,3,20:00,881
7757727610,U,IB,1,1,92,125024,164,27:00.0,6,3:00,881
7757727666,U,IB,1,1,92,125024,164,11:00.0,6,4:00,881
7757727675,U,IB,1,1,80,125024,164,27:00.0,6,3:00,881
7757727702,U,IB,1,1,80,125024,164,11:00.0,6,4:00,881
7757727758,U,IB,1,1,142,137494,141,21:00.0,3,6:00,881
7757728481,U,IB,1,1,80,118758,149,18:00.0,2,16:00,881
7757731020,U,IB,1,1,1170,131674,152,42:00.0,6,13:00,881
775773103X,U,IB,1,1,380,134162,151,48:00.0,6,6:00,881
775773125X,U,CTY,1,1,1192,249067,195,17:00.0,3,4:00,881
7757731617,U,IB,1,9,3840,119695,158,51:00.0,3,6:00,881
7757733523,U,IB,1,1,50,125024,164,23:00.0,6,4:00,881
7757734019,U,IB,1,3,2460,134188,151,03:00.0,5,15:00,881
7757736062,U,CTY,1,1,300,139775,186,27:00.0,3,13:00,881
7757736071,U,IB,1,1,470,132346,135,27:00.0,7,2:00,881
7757736080,U,IB,1,1,200,132346,135,45:00.0,7,2:00,881
7757736080,U,IB,1,1,200,132346,154,32:00.0,7,6:00,881
7757737319,U,CTY,1,3,364,126260,187,52:00.0,1,12:00,881
7757737373,U,CTY,1,1,740,133730,189,16:00.0,1,13:00,881
7757741030,U,IB,1,1,343,139653,158,11:00.0,2,22:00,881
7757741077,U,CTY,1,1,685,290268,192,21:00.0,3,23:00,881
7757741131,U,CTY,1,1,1183,530752,173,19:00.0,5,14:00,881
7757741618,U,IB,1,3,1460,132636,145,18:00.0,1,10:00,881
7757741663,U,CTY,1,1,150,127431,172,16:00.0,4,5:00,881
7757741663,U,CTY,1,1,150,127431,180,18:00.0,4,5:00,881
7757755799,U,CTY,1,1,501,530752,173,11:00.0,5,16:00,881
7757755799,U,IB,1,1,501,530752,162,12:00.0,5,16:00,881
7757757779,U,CTY,1,1,80,278466,173,26:00.0,3,13:00,881
7757757788,U,IB,1,1,70,134188,151,25:00.0,5,16:00,881
7757757815,U,IB,1,1,5,139699,164,41:00.0,1,18:00,881
7757758264,U,IB,1,1,196,119375,125,05:00.0,5,16:00,881
7757758374,U,CTY,1,1,166,278466,173,16:00.0,3,12:00,881
7757758383,U,OB,1,10,5409,131280,52,37:00.0,3,22:00,881
7757758677,U,IB,1,2,1752,129515,113,01:00.0,4,7:00,881
7757759721,U,CTY,1,9,5220,125432,188,34:00.0,6,16:00,881
7757759730,U,IB,1,2,1140,139699,164,38:00.0,1,17:00,881
7757765607,U,IB,1,1,1176,125024,164,23:00.0,6,2:00,881
775776568X,U,CTY,1,5,6445,134046,196,54:00.0,5,21:00,881
7757765708,U,CTY,1,5,6250,136041,172,10:00.0,7,1:00,881
7757766220,U,IB,1,1,504,130455,145,33:00.0,4,12:00,881
7757766440,U,CTY,1,1,1200,249067,195,30:00.0,3,3:00,881
7757766541,U,IB,1,3,2200,139653,158,21:00.0,2,21:00,881
7757770593,U,CTY,1,1,312,138838,174,21:00.0,7,19:00,881
7757771217,U,IB,1,1,150,125024,164,13:00.0,6,2:00,881
7757773132,U,IB,1,1,440,137513,133,44:00.0,2,18:00,881
7757773150,U,CTY,1,1,200,136664,188,19:00.0,2,18:00,881
7757773251,U,IB,1,5,4300,126760,143,03:00.0,3,15:00,881
7757773554,U,IB,1,4,3250,136038,118,50:00.0,1,9:00,881
7757773554,U,IB,1,4,3250,136038,141,49:00.0,1,9:00,881
7757773646,U,IB,1,2,2200,137494,141,08:00.0,3,8:00,881
7757773664,U,CTY,1,3,5000,531251,187,41:00.0,2,0:00,881
7757773700,U,CTY,1,5,3300,128252,197,50:00.0,6,9:00,881
7757773756,U,CTY,1,2,2800,125975,232,51:00.0,7,10:00,881
7757776286,U,IB,1,1,998,118758,149,51:00.0,2,14:00,881
7757776378,U,IB,1,1,588,131485,158,38:00.0,7,7:00,881
7757777478,U,IB,1,1,127,132555,141,41:00.0,7,16:00,881
7757777927,U,IB,1,2,3300,132842,141,51:00.0,7,3:00,881
7757777981,U,IB,1,1,388,125024,164,39:00.0,6,4:00,881
7757778165,U,IB,1,3,2090,124053,164,31:00.0,4,22:00,881
7757778174,U,IB,1,3,6900,124053,164,13:00.0,4,22:00,881
7757778239,U,IB,1,1,445,137494,141,55:00.0,3,6:00,881
7757778239,U,IB,1,1,445,137494,147,03:00.0,3,7:00,881
7757778275,U,IB,1,1,337,118758,149,53:00.0,2,15:00,881
7757778358,U,IB,1,4,5390,135884,145,43:00.0,6,8:00,881
7757778477,U,IB,1,1,1180,126675,113,44:00.0,4,19:00,881
7757778522,U,CTY,1,2,1150,138292,195,50:00.0,4,18:00,881
7757779420,U,IB,1,1,100,117643,143,20:00.0,6,20:00,881
7757781281,U,IB,1,6,755,118529,149,45:00.0,2,6:00,881
7757783766,U,CTY,1,7,750,125737,168,19:00.0,2,21:00,881
7757791466,U,IB,1,2,968,126760,143,26:00.0,3,13:00,881
7757791677,U,IB,1,2,224,133123,151,20:00.0,4,3:00,881
7757792099,U,IB,1,2,530,290768,147,09:00.0,3,7:00,881
7757792099,U,IB,1,2,530,290768,147,38:00.0,3,7:00,881
7757792099,U,CTY,1,2,530,290768,187,52:00.0,3,4:00,881
7757801467,U,IB,1,3,48,125024,164,44:00.0,6,2:00,881
7757804574,U,CTY,1,2,99,249095,187,58:00.0,4,16:00,881
7757811459,U,IB,1,1,223,131485,158,20:00.0,7,10:00,881
7757815015,U,IB,1,1,270,132842,141,58:00.0,7,1:00,881
7757815033,U,CTY,1,1,1173,136041,172,11:00.0,7,0:00,881
7757816528,U,IB,1,1,555,125402,105,53:00.0,3,19:00,881
7757816582,U,IB,1,2,1550,118529,149,36:00.0,2,6:00,881
7757845723,U,IB,1,4,6245,135884,145,13:00.0,6,8:00,881
7757846273,U,CTY,1,4,840,124080,189,52:00.0,2,18:00,881
7757846347,U,CTY,1,1,692,137082,174,45:00.0,5,3:00,881
7757848345,U,CTY,1,1,215,249067,195,41:00.0,3,3:00,881
7757848437,U,CTY,1,1,191,290268,192,22:00.0,3,22:00,881
7757852094,U,CTY,1,1,120,290268,192,01:00.0,3,22:00,881
775785214X,U,IB,1,1,76,139653,158,58:00.0,2,20:00,881
7757855650,U,OB,1,2,650,126349,73,21:00.0,7,5:00,685
775785566X,U,OB,1,1,190,126349,73,33:00.0,7,5:00,685
7757855679,U,OB,1,1,220,126349,73,44:00.0,7,5:00,685
7757856741,U,IB,1,2,1190,125024,164,00:00.0,6,6:00,881
7757857255,U,CTY,1,1,2570,249095,187,40:00.0,4,16:00,881
7757861408,U,CTY,1,4,4385,126511,188,46:00.0,4,17:00,402
7757861949,U,OB,1,1,127,121942,50,32:00.0,6,17:00,402
7757872251,U,OB,1,3,1290,121293,53,10:00.0,1,11:00,556
7757872792,U,IB,1,1,315,139940,131,58:00.0,6,20:00,556
7757873003,U,OB,1,1,240,129851,55,03:00.0,2,16:00,556
7757873187,U,IB,1,5,1200,135616,101,33:00.0,3,1:00,556
7757873196,U,IB,1,2,780,135616,101,41:00.0,3,1:00,556
7757873250,U,IB,1,1,250,137562,111,59:00.0,5,5:00,556
775787326X,U,OB,1,3,780,136511,17,51:00.0,4,20:00,556
7757873279,U,OB,1,4,1020,136511,17,34:00.0,4,21:00,556
7757873288,U,OB,1,3,780,136511,17,59:00.0,4,21:00,556
7757873297,U,IB,1,2,770,137562,111,12:00.0,5,6:00,556
7758020522,U,IB,1,1,805,430065,145,27:00.0,4,18:00,621
7758559825,U,CTY,1,1,303,136271,172,21:00.0,1,14:00,921
7759035180,U,IB,1,1,422,136649,129,58:00.0,4,1:00,326
7759035337,U,IB,1,1,224,131940,161,21:00.0,6,2:00,326
7759035337,U,IB,1,1,224,131940,161,21:00.0,6,2:00,326
7759035620,U,IB,1,6,1359,127821,158,56:00.0,6,1:00,326
7759038527,U,CTY,1,10,1250,117384,197,44:00.0,1,22:00,326
7759076275,U,IB,1,2,925,123514,145,16:00.0,5,7:00,326
7759076284,U,CTY,1,1,177,131157,169,57:00.0,4,16:00,326
7759076284,U,IB,1,1,177,131157,115,59:00.0,4,16:00,326
7759196074,U,CTY,1,4,3605,249234,172,49:00.0,5,15:00,326
7759196092,U,IB,1,5,4850,133520,145,46:00.0,1,10:00,326
7759196101,U,CTY,1,4,3300,291051,192,57:00.0,6,10:00,326
7759196148,U,OB,1,6,5390,291089,78,42:00.0,2,14:00,326
7759197302,U,CTY,1,1,395,133648,191,37:00.0,1,5:00,326
7759197302,U,CTY,1,1,395,133648,191,37:00.0,1,5:00,326
7759201592,U,CTY,1,4,2542,290358,168,45:00.0,4,22:00,326
7759201657,U,IB,1,1,805,129061,105,13:00.0,4,5:00,326
7759203783,U,IB,1,2,706,136097,149,13:00.0,7,7:00,326
7759217890,U,IB,1,2,501,127821,158,36:00.0,6,0:00,326
7759218029,U,CTY,1,1,774,132816,205,38:00.0,2,9:00,326
7759218029,U,CTY,1,1,774,132816,195,35:00.0,1,18:00,326
7759218038,U,IB,1,1,460,128229,133,17:00.0,2,13:00,326
7759218193,U,IB,1,1,331,132764,125,49:00.0,6,16:00,326
7759218220,U,CTY,1,1,259,129764,168,16:00.0,5,16:00,326
7759218220,U,CTY,1,1,259,129764,168,16:00.0,5,16:00,326
7759218303,U,CTY,1,3,1224,138485,174,24:00.0,6,7:00,326
7759218835,U,IB,1,1,469,353244,149,24:00.0,1,10:00,326
7759218862,U,IB,1,1,344,353244,149,52:00.0,1,8:00,326
7759218862,U,CTY,1,1,344,353244,238,43:00.0,3,22:00,326
7759218927,U,CTY,1,1,283,136280,197,53:00.0,4,9:00,326
7759218990,U,IB,1,3,781,123514,145,06:00.0,5,5:00,326
775921900X,U,IB,1,1,408,131157,115,15:00.0,4,17:00,326
775921900X,U,CTY,1,1,408,131157,169,14:00.0,4,17:00,326
7759412866,U,CTY,1,2,294,138457,188,15:00.0,6,17:00,246
7759412911,U,CTY,1,1,42,139912,174,57:00.0,5,15:00,511
7759412949,U,IB,1,1,686,126282,113,26:00.0,5,21:00,246
7759412967,U,IB,1,10,2511,126282,113,18:00.0,5,22:00,246
7759412976,U,IB,1,4,1131,126282,113,10:00.0,5,21:00,246
7759413059,U,CTY,1,1,365,431077,173,46:00.0,7,15:00,511
7759413077,U,CTY,1,1,290,136049,233,32:00.0,3,0:00,511
7759413077,U,CTY,1,1,290,136049,195,25:00.0,3,0:00,511
7759413086,U,IB,1,1,201,249155,111,29:00.0,7,8:00,246
7759413131,U,CTY,1,1,310,HAEI25934,192,11:00.0,1,3:00,511
7759413140,U,CTY,1,1,310,HAEI25934,192,08:00.0,1,3:00,511
775941315X,U,CTY,1,1,144,431077,173,51:00.0,7,16:00,511
7759413250,U,CTY,1,1,185,127112,189,56:00.0,7,18:00,511
7759413288,U,IB,1,1,105,138653,141,06:00.0,7,1:00,511
7759413407,U,IB,1,1,350,138653,141,15:00.0,7,1:00,511
7759413443,U,CTY,1,1,425,127112,189,21:00.0,7,18:00,511
7759413443,U,OB,1,1,425,127112,1,16:00.0,2,8:00,511
7759413470,U,IB,1,1,115,138653,141,46:00.0,7,0:00,511
7759413508,U,OB,1,1,470,133810,88,25:00.0,1,14:00,511
7759413526,U,OB,1,1,230,133810,88,49:00.0,1,15:00,511
7759413544,U,CTY,1,1,12,127112,189,07:00.0,7,16:00,511
7759413562,U,CTY,1,1,544,127112,219,16:00.0,2,8:00,511
7759413562,U,CTY,1,1,544,127112,189,04:00.0,7,15:00,511
7759413580,U,IB,1,2,1088,135986,164,48:00.0,1,9:00,511
7759413663,U,OB,1,2,1088,133810,88,12:00.0,1,15:00,511
7759413681,U,CTY,1,1,190,136049,195,35:00.0,3,0:00,511
7759413719,U,OB,1,1,333,133810,88,39:00.0,1,12:00,511
7759413728,U,CTY,1,1,203,136049,233,32:00.0,3,0:00,511
7759413800,U,CTY,1,3,156,136049,233,31:00.0,3,0:00,511
7759413800,U,CTY,1,3,156,136049,195,27:00.0,2,23:00,511
7759413975,U,OB,1,1,544,133810,88,04:00.0,1,16:00,511
7759414067,U,IB,1,1,196,126278,164,44:00.0,6,1:00,511
7759414076,U,CTY,1,1,180,133203,206,04:00.0,1,21:00,511
7759414076,U,CTY,1,1,180,133203,197,47:00.0,1,18:00,511
7759414130,U,CTY,1,1,325,139580,173,15:00.0,6,12:00,511
7759414177,U,CTY,1,1,567,249342,172,04:00.0,4,0:00,511
7759414195,U,CTY,1,1,372,249342,172,53:00.0,4,1:00,511
7759414204,U,OB,1,1,106,128910,40,20:00.0,1,3:00,402
7759414222,U,IB,1,1,160,126278,164,20:00.0,6,3:00,511
7759414269,U,CTY,1,1,255,139580,173,41:00.0,6,12:00,511
7759414296,U,CTY,1,1,303,279944,187,20:00.0,7,3:00,511
7759414314,U,IB,1,1,556,123834,127,37:00.0,4,13:00,511
7759414323,U,OB,1,1,544,133810,88,42:00.0,1,15:00,511
7759414350,U,OB,1,1,656,133810,88,17:00.0,1,15:00,511
7759414388,U,CTY,1,1,390,139580,173,28:00.0,6,13:00,511
7759414406,U,CTY,1,1,367,139580,173,18:00.0,6,11:00,511
7759414415,U,CTY,1,1,252,279944,187,17:00.0,7,3:00,511
7759414442,U,CTY,1,1,476,139580,173,25:00.0,6,11:00,511
7759414460,U,IB,1,1,222,126278,164,43:00.0,6,1:00,511
7759414543,U,OB,1,1,380,135062,26,05:00.0,2,23:00,511
7759414561,U,CTY,1,1,175,279944,187,27:00.0,7,3:00,511
7759414570,U,IB,1,1,152,126278,164,32:00.0,6,1:00,511
7759414653,U,CTY,1,4,2176,290980,168,01:00.0,4,18:00,511
7759414680,U,IB,1,1,544,123834,127,33:00.0,4,13:00,511
775941480X,U,CTY,1,1,80,133203,197,55:00.0,1,18:00,511
775941480X,U,CTY,1,1,80,133203,205,11:00.0,2,21:00,511
7759414819,U,CTY,1,2,645,133203,197,02:00.0,1,19:00,511
7759414828,U,CTY,1,1,145,133203,197,57:00.0,1,18:00,511
7759414855,U,OB,1,2,1120,136207,18,26:00.0,5,4:00,402
7759414873,U,OB,1,1,90,134548,84,11:00.0,2,2:00,511
7759414882,U,OB,1,1,230,134548,84,54:00.0,2,0:00,511
7759414992,U,CTY,1,1,445,249342,172,51:00.0,4,0:00,511
7759415039,U,CTY,1,1,535,139580,173,27:00.0,6,12:00,511
7759415102,U,CTY,1,1,300,139580,173,50:00.0,6,12:00,511
7759415111,U,CTY,1,1,565,139580,173,15:00.0,6,13:00,511
7759415158,U,CTY,1,1,175,279944,187,33:00.0,7,3:00,511
7759415176,U,CTY,1,1,390,139580,173,22:00.0,6,13:00,511
7759415185,U,CTY,1,1,105,139580,173,11:00.0,6,11:00,511
7759415194,U,CTY,1,1,550,139580,173,21:00.0,6,12:00,511
7759415322,U,CTY,1,1,445,139580,173,52:00.0,6,12:00,511
7759415340,U,OB,1,1,605,135062,26,56:00.0,2,22:00,511
7759415450,U,CTY,1,1,682,133203,197,52:00.0,1,16:00,511
7759415479,U,CTY,1,2,1185,133203,197,55:00.0,1,19:00,511
7759415497,U,CTY,1,2,705,249342,172,48:00.0,4,1:00,511
7759415515,U,CTY,1,1,210,133203,197,08:00.0,1,19:00,511
7759415643,U,OB,1,1,115,134548,84,18:00.0,2,2:00,511
7759415652,U,IB,1,1,260,136702,103,46:00.0,5,6:00,511
775941568X,U,CTY,1,1,735,249342,172,17:00.0,4,3:00,511
7759415726,U,CTY,1,2,825,133203,197,55:00.0,1,19:00,511
7759415735,U,CTY,1,1,735,249342,172,02:00.0,4,3:00,511
7759415809,U,IB,1,1,375,136702,103,18:00.0,5,5:00,511
7759415890,U,IB,1,1,480,136702,103,39:00.0,5,5:00,511
7759415955,U,IB,1,1,701,128758,129,09:00.0,4,5:00,246
7759415955,U,IB,1,1,701,128758,111,31:00.0,4,9:00,246
7759416101,U,IB,1,1,600,129776,135,02:00.0,6,13:00,511
7759416139,U,CTY,1,1,280,131131,187,40:00.0,7,10:00,511
7759416157,U,CTY,1,1,85,131131,187,45:00.0,7,11:00,511
7759416258,U,IB,1,1,220,211235,129,09:00.0,2,8:00,511
7759416285,U,CTY,1,1,200,131131,187,57:00.0,7,10:00,511
7759416413,U,CTY,1,1,540,131131,187,23:00.0,7,11:00,511
7759416431,U,IB,1,1,630,140420,125,30:00.0,5,6:00,511
775941645X,U,IB,1,1,325,136702,103,30:00.0,5,7:00,511
7759416478,U,CTY,1,1,175,249342,172,58:00.0,4,0:00,511
775941656X,U,CTY,1,1,235,136702,217,13:00.0,5,9:00,511
775941656X,U,IB,1,1,235,136702,103,29:00.0,5,4:00,511
7759416597,U,CTY,1,1,310,137216,211,23:00.0,3,1:00,511
7759416597,U,CTY,1,1,310,137216,196,54:00.0,7,15:00,511
7759416606,U,CTY,1,1,187,249342,172,11:00.0,4,1:00,511
7759416642,U,CTY,1,1,305,249342,172,16:00.0,4,1:00,511
7759416707,U,CTY,1,1,310,137216,196,36:00.0,2,1:00,511
7759416761,U,CTY,1,1,295,131131,187,53:00.0,7,11:00,511
7759416936,U,CTY,1,1,289,131131,187,15:00.0,7,9:00,511
7759416972,U,IB,1,1,360,132863,113,28:00.0,7,16:00,511
7759417028,U,IB,1,1,429,T402218929,145,58:00.0,5,10:00,246
7759417037,U,OB,1,1,110,124272,73,49:00.0,3,18:00,402
7759417073,U,IB,1,1,544,140420,125,16:00.0,5,7:00,511
7759417385,U,OB,1,1,365,202347,60,01:00.0,4,14:00,402
7759417394,U,CTY,1,1,188,131131,187,46:00.0,7,10:00,511
7759417504,U,IB,1,1,115,128869,151,07:00.0,7,20:00,511
7759417531,U,CTY,1,1,24,131131,187,01:00.0,7,11:00,511
775941755X,U,IB,1,1,166,136702,103,29:00.0,5,5:00,511
7759417614,U,IB,1,1,206,128759,125,01:00.0,1,4:00,511
7759417650,U,IB,1,1,270,128759,125,56:00.0,1,3:00,511
7759417697,U,IB,1,1,111,124080,133,54:00.0,7,14:00,511
7759417706,U,IB,1,1,236,128759,125,46:00.0,1,3:00,511
7759417733,U,CTY,1,1,144,128759,211,23:00.0,3,1:00,511
7759417760,U,IB,1,1,395,128759,125,28:00.0,1,8:00,511
775941777X,U,CTY,1,1,150,131131,187,19:00.0,7,9:00,511
7759417852,U,IB,1,1,249,131333,112,54:00.0,7,15:00,246
7759417962,U,IB,1,1,189,128759,125,05:00.0,1,4:00,511
7759417980,U,IB,1,1,150,128759,125,53:00.0,1,3:00,511
7759418018,U,CTY,1,2,650,290735,195,41:00.0,4,13:00,511
7759418072,U,CTY,1,1,288,138115,195,20:00.0,1,10:00,246
775941810X,U,IB,1,1,102,128759,125,31:00.0,1,3:00,511
7759418137,U,CTY,1,1,250,128759,211,23:00.0,3,1:00,511
7759418155,U,CTY,1,1,380,137452,194,16:00.0,2,8:00,511
7759418164,U,IB,1,1,225,431022,103,13:00.0,4,0:00,511
7759418229,U,CTY,1,4,1858,137452,194,39:00.0,2,9:00,511
7759418247,U,CTY,1,1,445,261353,197,25:00.0,5,8:00,511
7759418292,U,OB,1,1,160,126859,78,09:00.0,1,13:00,511
7759418339,U,CTY,1,1,170,125795,169,32:00.0,6,21:00,511
7759418420,U,CTY,1,1,375,261353,197,49:00.0,5,9:00,511
7759418449,U,CTY,1,1,165,261353,197,19:00.0,5,9:00,511
7759418512,U,IB,1,1,544,128759,125,43:00.0,1,3:00,511
775941854X,U,CTY,1,1,544,261353,197,32:00.0,5,9:00,511
7759418559,U,OB,1,3,1369,126859,78,06:00.0,1,16:00,511
7759418568,U,CTY,1,1,281,261353,197,28:00.0,5,9:00,511
7759418595,U,OB,1,1,544,126859,78,29:00.0,1,16:00,511
7759418595,U,CTY,1,1,544,126859,190,40:00.0,1,16:00,511
7759418705,U,CTY,1,2,825,261353,197,36:00.0,5,9:00,511
7759418714,U,IB,1,2,1088,137452,150,15:00.0,2,10:00,511
7759418714,U,CTY,1,2,1088,137452,194,04:00.0,2,10:00,511
7759418889,U,IB,1,1,205,123954,129,08:00.0,5,4:00,511
7759418898,U,CTY,1,1,183,261353,197,46:00.0,5,9:00,511
7759419062,U,OB,1,1,45,139461,86,36:00.0,3,18:00,402
7759419109,U,CTY,1,1,376,261353,197,13:00.0,5,9:00,511
7759419181,U,OB,1,2,674,211720,73,28:00.0,6,15:00,511
7759419264,U,CTY,1,1,520,125795,231,33:00.0,6,22:00,511
7759419264,U,CTY,1,1,520,125795,231,33:00.0,6,22:00,511
7759419291,U,CTY,1,1,265,125795,169,06:00.0,6,21:00,511
7759419338,U,IB,1,2,1088,290328,116,08:00.0,6,7:00,511
7759419383,U,OB,1,1,544,211720,73,34:00.0,6,15:00,511
7759419401,U,OB,1,1,544,211720,73,07:00.0,6,15:00,511
7759419511,U,CTY,1,1,440,125795,169,54:00.0,6,19:00,511
7759419520,U,CTY,1,1,590,125795,231,47:00.0,6,20:00,511
7759419520,U,CTY,1,1,590,125795,169,46:00.0,6,20:00,511
7759419576,U,CTY,1,1,285,125795,231,07:00.0,6,21:00,511
7759419576,U,CTY,1,1,285,125795,231,07:00.0,6,21:00,511
7759419585,U,CTY,1,1,340,125795,231,13:00.0,6,21:00,511
7759419585,U,CTY,1,1,340,125795,169,11:00.0,6,21:00,511
7759419594,U,CTY,1,1,295,125795,169,22:00.0,6,22:00,511
775941964X,U,CTY,1,1,560,125795,231,19:00.0,6,21:00,511
775941964X,U,CTY,1,1,560,125795,169,18:00.0,6,21:00,511
7759419659,U,CTY,1,1,80,125795,231,55:00.0,6,20:00,511
7759419659,U,CTY,1,1,80,125795,231,55:00.0,6,20:00,511
7759419686,U,OB,1,2,1005,131130,46,55:00.0,4,17:00,402
7759419695,U,IB,1,1,436,123865,117,30:00.0,6,9:00,246
7759419778,U,CTY,1,1,210,125795,231,31:00.0,6,22:00,511
7759419778,U,CTY,1,1,210,125795,169,30:00.0,6,22:00,511
7759420007,U,IB,1,1,150,124080,133,53:00.0,7,14:00,511
7759420025,U,IB,1,1,79,124080,133,23:00.0,7,14:00,511
7759420126,U,IB,1,1,147,124080,133,56:00.0,7,14:00,511
7759420236,U,IB,1,1,265,124080,133,49:00.0,7,14:00,511
7759547625,U,CTY,1,5,1240,138851,194,58:00.0,2,17:00,830
7759547717,U,CTY,1,2,590,125040,194,11:00.0,4,15:00,830
7759548166,U,CTY,1,4,2441,138318,197,26:00.0,2,21:00,830
7759548202,U,OB,1,5,1385,202709,78,34:00.0,4,11:00,830
7759548606,U,CTY,1,1,225,124100,188,08:00.0,4,14:00,830
7759548716,U,CTY,1,7,4455,138318,197,40:00.0,2,21:00,830
7759549248,U,CTY,1,4,1156,138851,194,53:00.0,2,15:00,830
775954999X,U,CTY,1,1,315,TTMS144654,194,08:00.0,2,14:00,830
7759550036,U,CTY,1,15,8114,123915,197,56:00.0,4,12:00,830
7759550503,U,CTY,1,2,1855,124100,188,29:00.0,4,12:00,830
7759550934,U,CTY,1,1,120,124019,174,08:00.0,2,8:00,830
7759551127,U,OB,1,2,904,202022,58,33:00.0,1,19:00,412
7759551163,U,IB,1,2,450,128138,164,50:00.0,2,12:00,830
7759551410,U,OB,1,8,4280,137041,26,20:00.0,5,16:00,412
7759551475,U,CTY,1,2,1025,128490,195,48:00.0,2,12:00,830
7759551832,U,CTY,1,1,625,558695,169,24:00.0,7,9:00,830
775955186X,U,CTY,1,1,590,123790,169,07:00.0,2,3:00,830
7759551879,U,CTY,1,2,625,128490,195,43:00.0,2,11:00,830
7759551989,U,CTY,1,12,3750,281330,197,15:00.0,4,1:00,830
7759552290,U,CTY,1,1,13,121997,174,41:00.0,2,6:00,830
7759553309,U,CTY,1,3,2165,TTMS144654,194,05:00.0,2,13:00,830
7759553601,U,OB,1,2,195,202709,78,55:00.0,4,10:00,830
7759553702,U,CTY,1,4,3387,128065,173,09:00.0,6,18:00,830
7759554014,U,CTY,1,9,4190,128690,195,27:00.0,7,10:00,412
7759554106,U,CTY,1,1,518,134255,189,34:00.0,6,19:00,830
7759554133,U,OB,1,7,2961,132021,17,25:00.0,6,21:00,830
7759554225,U,CTY,1,11,5704,136697,172,05:00.0,5,23:00,830
7759554299,U,CTY,1,3,1047,135997,195,47:00.0,5,20:00,830
7759554317,U,CTY,1,1,242,128065,173,23:00.0,6,16:00,830
775955439X,U,CTY,1,1,1210,128065,173,40:00.0,6,16:00,830
7759554418,U,CTY,1,1,420,128065,173,57:00.0,6,17:00,830
7759554968,U,CTY,1,11,2654,137324,174,57:00.0,3,4:00,830
7759555581,U,CTY,1,21,2820,124248,168,11:00.0,3,20:00,830
7759555729,U,CTY,1,1,457,137640,195,49:00.0,1,16:00,830
7759556351,U,CTY,1,5,710,137284,233,51:00.0,2,13:00,830
7759556351,U,CTY,1,5,710,137284,233,51:00.0,2,13:00,830
7759556416,U,CTY,1,2,1124,125269,221,01:00.0,2,13:00,830
7759556416,U,CTY,1,2,1124,125269,195,26:00.0,2,0:00,830
7759556636,U,OB,1,7,3630,125430,32,50:00.0,4,6:00,412
7759557067,U,CTY,1,1,162,530699,197,43:00.0,4,19:00,830
775955769X,U,CTY,1,2,573,530699,197,14:00.0,4,20:00,830
7759557781,U,OB,1,2,1014,45562,31,08:00.0,5,3:00,412
7759558295,U,CTY,1,1,593,137284,189,15:00.0,2,13:00,830
7759559157,U,CTY,1,1,380,530503,187,22:00.0,7,0:00,830
7759576519,U,IB,1,1,24,290769,129,44:00.0,6,11:00,511
7759576968,U,IB,1,30,1095,126278,164,18:00.0,6,3:00,511
7759577902,U,IB,1,1,13,129776,135,01:00.0,6,14:00,511
7759578178,U,IB,1,1,13,128759,125,24:00.0,1,4:00,511
775957837X,U,CTY,1,5,50,261353,197,55:00.0,5,8:00,511
7759649559,U,OB,1,1,3380,124581,96,28:00.0,6,10:00,243
7759649577,U,OB,1,2,685,124581,96,20:00.0,6,11:00,243
7759649631,U,IB,1,3,900,132779,103,46:00.0,6,19:00,243
7759649750,U,OB,1,1,1470,249339,96,44:00.0,3,22:00,243
775964976X,U,OB,1,10,14695,249339,96,53:00.0,3,22:00,243
7759649788,U,IB,1,2,1520,138604,104,54:00.0,4,21:00,243
7759651566,U,IB,1,4,7200,131477,143,35:00.0,4,22:00,243
7759651593,U,IB,1,2,3600,131477,143,00:00.0,4,23:00,243
7759651804,U,OB,1,1,795,119897,95,02:00.0,5,2:00,243
7759651813,U,OB,1,5,1750,119897,95,25:00.0,5,2:00,243
775965185X,U,IB,1,3,7864,138604,104,19:00.0,4,21:00,243
775965185X,U,IB,1,3,7864,138604,110,18:00.0,5,11:00,243
7759651878,U,IB,1,5,7070,133216,114,37:00.0,6,4:00,243
7759651950,U,IB,1,1,1470,135615,104,30:00.0,4,5:00,243
7759652226,U,IB,1,2,460,138925,105,44:00.0,6,12:00,243
7759652556,U,CTY,1,11,17923,125619,208,20:00.0,2,7:00,243
7759652556,U,IB,1,11,17923,125619,143,17:00.0,1,15:00,243
7759652592,U,IB,1,1,220,137095,117,28:00.0,4,1:00,243
7759652666,U,OB,1,6,9255,122780,58,33:00.0,6,5:00,243
7759652675,U,CTY,1,1,99,137526,175,49:00.0,7,22:00,243
7759653564,U,OB,1,1,790,122780,58,14:00.0,6,7:00,243
7759653600,U,IB,1,1,279,123837,135,37:00.0,6,6:00,243
7759653638,U,IB,1,1,279,123837,135,44:00.0,6,6:00,243
7759653647,U,OB,1,1,400,122780,58,39:00.0,6,6:00,243
7759653692,U,CTY,1,2,1028,126990,188,31:00.0,7,4:00,243
7759653858,U,IB,1,3,3145,R6213954,135,53:00.0,3,7:00,243
7759653876,U,OB,1,6,3965,122780,58,54:00.0,6,5:00,243
7759653986,U,OB,1,1,882,122780,58,19:00.0,6,6:00,243
7759653995,U,IB,1,2,905,123837,135,10:00.0,6,7:00,243
7759654480,U,OB,1,7,7115,119897,95,52:00.0,5,1:00,243
7759659257,U,IB,1,3,1350,136348,150,08:00.0,7,21:00,243
7759660063,U,IB,1,1,830,135919,131,29:00.0,4,2:00,243
7759660063,U,IB,1,1,830,135919,110,48:00.0,4,3:00,243
7759660283,U,IB,1,3,1885,123837,135,20:00.0,6,6:00,243
7759660595,U,OB,1,2,1466,129190,86,37:00.0,5,3:00,243
7759660604,U,OB,1,1,849,129190,86,45:00.0,5,2:00,243
7759675463,U,OB,1,2,1205,128909,48,40:00.0,5,15:00,685
7759675481,U,OB,1,3,883,128909,48,49:00.0,5,15:00,685
7759675775,U,OB,1,1,785,135237,63,13:00.0,7,1:00,685
7759675849,U,OB,1,2,1535,122911,51,24:00.0,1,12:00,685
7759675959,U,OB,1,3,2389,290348,46,27:00.0,5,2:00,685
7759676096,U,OB,1,2,920,290337,39,24:00.0,7,15:00,685
7759676224,U,OB,1,2,985,202223,38,52:00.0,4,3:00,685
7759676289,U,OB,1,4,1187,129966,72,35:00.0,5,1:00,685
7759676352,U,OB,1,1,697,134054,63,47:00.0,5,20:00,685
7759676408,U,OB,1,3,862,134054,63,10:00.0,5,20:00,685
7759676619,U,OB,1,1,757,138436,53,11:00.0,2,3:00,685
7759676646,U,OB,1,5,1523,134240,51,36:00.0,1,18:00,685
775967671X,U,OB,1,4,1485,290622,43,12:00.0,5,19:00,685
7759676738,U,OB,1,5,1482,290622,43,23:00.0,5,18:00,685
7759676756,U,OB,1,1,755,290622,43,08:00.0,5,16:00,685
7759676801,U,OB,1,2,912,134171,52,39:00.0,7,2:00,685
7759722094,U,OB,1,1,445,137455,73,48:00.0,7,9:00,510
7759749109,U,CTY,1,2,725,139728,168,21:00.0,1,9:00,511
7759749163,U,CTY,1,1,230,139728,168,57:00.0,1,8:00,511
7759749181,U,CTY,1,1,405,139728,168,11:00.0,1,9:00,511
7759749365,U,CTY,1,1,120,127112,189,59:00.0,7,14:00,511
7759749374,U,CTY,1,1,120,127112,189,59:00.0,7,14:00,511
7759749466,U,CTY,1,1,193,139580,173,00:00.0,6,11:00,511
7759749659,U,IB,1,1,120,128869,151,17:00.0,7,19:00,511
7759749677,U,IB,1,2,396,128759,125,55:00.0,1,9:00,511
7759751556,U,IB,1,8,5025,261353,115,24:00.0,5,3:00,511
7759752436,U,CTY,1,1,420,132889,187,51:00.0,4,22:00,511
7759754140,U,OB,1,2,383,125722,51,18:00.0,1,10:00,511
7759754214,U,OB,1,1,98,125722,51,09:00.0,1,10:00,511
7759754618,U,IB,1,2,3478,128759,125,14:00.0,1,5:00,511
7759755956,U,CTY,1,7,300,133203,197,38:00.0,1,17:00,511
7759757550,U,IB,1,3,87,136702,103,23:00.0,5,6:00,511
7759757606,U,IB,1,9,479,123834,127,28:00.0,4,14:00,511
775977868X,U,CTY,1,5,4833,290735,195,11:00.0,4,10:00,511
775978176X,U,OB,1,1,544,125722,51,05:00.0,1,12:00,511
7759788873,U,IB,1,1,345,136702,103,13:00.0,5,5:00,511
7759791201,U,CTY,1,1,250,290735,195,50:00.0,4,12:00,511
7759792449,U,IB,1,9,1650,138653,141,50:00.0,7,2:00,511
7759853003,U,OB,1,2,2925,125722,51,59:00.0,1,11:00,511
7759853508,U,IB,1,1,321,138653,141,00:00.0,7,1:00,511
7759858247,U,CTY,1,1,153,127112,189,27:00.0,7,16:00,511
7759864829,U,CTY,1,1,363,290980,168,48:00.0,4,17:00,511
7759864856,U,CTY,1,1,195,290980,168,12:00.0,4,16:00,511
7759864901,U,IB,1,1,245,123834,127,55:00.0,4,12:00,511
7759865002,U,CTY,1,1,737,139580,173,43:00.0,6,13:00,511
7759865561,U,CTY,1,2,4865,125795,169,17:00.0,6,21:00,511
7759865790,U,CTY,1,2,6795,125795,231,29:00.0,6,21:00,511
7759865790,U,CTY,1,2,6795,125795,169,28:00.0,6,21:00,511
7759867707,U,IB,1,1,355,290769,129,22:00.0,6,11:00,511
7759867707,U,CTY,1,1,355,290769,A   ,30:00.0,6,12:00,511
7759869512,U,IB,1,1,127,136702,103,12:00.0,5,4:00,511
7759885545,U,IB,1,1,40,123834,127,09:00.0,4,14:00,511
7759886250,U,OB,1,2,1229,211720,73,45:00.0,6,14:00,511
7759886279,U,IB,1,2,678,290328,116,25:00.0,6,5:00,511
7759889927,U,IB,1,3,3955,123954,129,49:00.0,5,2:00,511
7759889972,U,CTY,1,2,783,290735,195,34:00.0,4,9:00,511
7759892026,U,CTY,1,2,599,279944,187,27:00.0,7,2:00,511
7760002018,U,IB,1,4,3870,132234,163,03:00.0,7,20:00,783
7760002081,U,CTY,1,1,170,202332,192,22:00.0,6,11:00,783
7760009460,U,IB,1,1,100,137108,125,37:00.0,2,21:00,783
7760010863,U,CTY,1,3,1964,211745,195,28:00.0,3,3:00,783
7760010919,U,CTY,1,2,920,261224,172,48:00.0,3,22:00,783
7760011440,U,CTY,1,9,4615,134573,189,32:00.0,5,6:00,783
7760011844,U,IB,1,1,170,126712,141,45:00.0,1,18:00,783
776001189X,U,CTY,1,2,160,130531,197,33:00.0,2,18:00,783
7760014677,U,OB,1,2,1330,290336,90,09:00.0,7,15:00,783
7760015611,U,IB,1,1,130,134475,143,04:00.0,4,17:00,783
776001563X,U,IB,1,1,83,137108,125,23:00.0,2,21:00,783
7760016006,U,IB,1,4,314,124038,141,30:00.0,4,15:00,783
7760021212,U,IB,1,2,158,126122,163,00:00.0,4,16:00,783
7760021369,U,IB,1,3,1210,125570,164,48:00.0,3,18:00,783
7760021378,U,CTY,1,6,9063,261147,169,26:00.0,3,7:00,783
7760022148,U,CTY,1,2,2230,130531,197,56:00.0,2,18:00,783
7760027024,U,CTY,1,1,355,122403,176,55:00.0,4,15:00,783
7760027033,U,CTY,1,2,1965,134573,189,50:00.0,5,6:00,783
7760027051,U,CTY,1,7,204,261224,172,24:00.0,4,1:00,783
7760028930,U,CTY,1,1,685,130531,197,28:00.0,2,18:00,783
7760029417,U,IB,1,5,2902,138805,129,37:00.0,1,18:00,783
7760029426,U,IB,1,2,1836,126712,141,03:00.0,1,19:00,783
7760029435,U,CTY,1,560,8046,261224,172,30:00.0,4,0:00,783
7760030764,U,CTY,1,4,760,130734,197,49:00.0,3,6:00,783
7760034311,U,OB,1,11,175,290336,90,29:00.0,7,15:00,783
7760035613,U,CTY,1,1,1080,122403,176,00:00.0,4,16:00,783
7760036603,U,CTY,1,2,820,126502,197,34:00.0,4,15:00,783
7760036603,U,CTY,1,2,820,126502,235,58:00.0,4,21:00,783
7760040298,U,IB,1,2,1209,131495,143,24:00.0,5,7:00,783
7760040298,U,IB,1,2,1209,131495,147,02:00.0,5,10:00,783
7760040316,U,IB,1,4,875,131495,143,21:00.0,5,9:00,783
7760040325,U,CTY,1,1,405,202186,168,57:00.0,1,17:00,783
7760040682,U,IB,1,2,1117,134475,143,37:00.0,4,17:00,783
7760046806,U,IB,1,11,4610,123544,163,13:00.0,2,19:00,783
7760047695,U,IB,1,1,176,127014,143,58:00.0,3,16:00,783
7760048346,U,CTY,1,2,1106,130531,197,15:00.0,2,20:00,783
7760050977,U,IB,1,10,4964,127030,127,41:00.0,2,23:00,783
7760053130,U,CTY,1,4,7532,211745,195,38:00.0,3,4:00,783
7760053680,U,IB,1,4,2955,126712,141,26:00.0,2,12:00,783
7760066478,U,CTY,1,1,205,135037,189,35:00.0,6,13:00,783
7760073352,U,CTY,1,1,1080,130734,197,16:00.0,3,7:00,783
7760073399,U,IB,1,6,4292,126712,141,32:00.0,2,12:00,783
7760076488,U,CTY,1,2,1126,139738,174,46:00.0,2,15:00,783
7760078531,U,CTY,1,1,225,119791,197,45:00.0,4,7:00,783
7760078540,U,CTY,1,2,500,119791,197,39:00.0,4,7:00,783
776007855X,U,CTY,1,1,96,132508,189,33:00.0,3,3:00,783
7760078569,U,CTY,1,1,90,132508,189,27:00.0,3,3:00,783
7760078751,U,IB,1,1,450,137865,152,09:00.0,4,11:00,783
7760083189,U,CTY,1,1,425,202332,192,58:00.0,6,12:00,783
7760151407,U,CTY,1,2,1265,135037,189,55:00.0,6,13:00,783
7760151443,U,IB,1,1,130,137108,125,41:00.0,3,0:00,783
7760151901,U,CTY,1,13,4277,261147,181,34:00.0,3,7:00,783
7760154285,U,CTY,1,1,94,123657,172,12:00.0,6,12:00,783
7760154312,U,IB,1,1,137,127718,151,42:00.0,5,7:00,783
7760158557,U,CTY,1,2,2040,135037,189,11:00.0,6,14:00,783
7760159015,U,CTY,1,1,340,202332,192,22:00.0,6,13:00,783
7760160326,U,IB,1,3,5511,127030,127,56:00.0,2,22:00,783
776016215X,U,IB,1,1,98,124038,141,08:00.0,4,17:00,783
7760163240,U,CTY,1,2,912,127030,223,25:00.0,6,16:00,783
7760163305,U,IB,1,1,143,126712,141,38:00.0,1,18:00,783
776016347X,U,IB,1,1,98,126712,141,05:00.0,1,19:00,783
7760165056,U,IB,1,3,1140,137865,152,14:00.0,4,10:00,783
7760165110,U,CTY,1,1,665,261224,172,53:00.0,3,22:00,783
7760167310,U,OB,1,1,245,131077,1,32:00.0,4,7:00,783
7760167310,U,CTY,1,1,245,131077,168,43:00.0,3,14:00,783
7760167750,U,CTY,1,1,370,211204,196,43:00.0,7,1:00,783
7760167750,U,CTY,1,1,370,211204,231,05:00.0,7,4:00,783
7760170491,U,CTY,1,3,1975,261147,169,01:00.0,3,7:00,783
7760171317,U,IB,1,324,3746,126122,163,28:00.0,4,17:00,783
7760171647,U,IB,1,84,1186,134475,143,16:00.0,4,17:00,783
7760171701,U,CTY,1,5,3141,119791,197,36:00.0,4,7:00,783
7760171710,U,CTY,1,3,3260,202332,192,40:00.0,6,13:00,783
7760172628,U,CTY,1,7,3880,137276,189,04:00.0,4,14:00,783
7760172682,U,IB,1,7,2520,123918,129,00:00.0,5,8:00,783
7760174653,U,CTY,1,5,3447,136694,172,42:00.0,2,21:00,783
7760174864,U,IB,1,1,265,127718,151,25:00.0,5,10:00,783
7760174873,U,IB,1,1,200,127718,151,32:00.0,5,8:00,783
7760175780,U,IB,1,3,24,123544,163,39:00.0,2,18:00,783
7760175827,U,CTY,1,6,48,123544,180,54:00.0,3,1:00,783
7760175827,U,IB,1,6,48,123544,163,41:00.0,2,18:00,783
7760175854,U,CTY,1,1,134,132508,189,36:00.0,3,3:00,783
7760175872,U,CTY,1,1,355,132508,189,51:00.0,3,2:00,783
7760175919,U,CTY,1,8,2593,132508,189,12:00.0,3,3:00,783
7760176092,U,CTY,1,2,1053,202186,168,48:00.0,1,17:00,783
7760176166,U,CTY,1,1,176,118350,172,24:00.0,3,19:00,783
7760178274,U,IB,1,2,875,124038,141,43:00.0,4,15:00,783
7760178339,U,IB,1,1,240,122357,163,01:00.0,6,18:00,783
7760181033,U,CTY,1,4,3185,202332,192,09:00.0,6,11:00,783
7760181042,U,CTY,1,3,1957,202332,192,47:00.0,6,9:00,783
7760182784,U,CTY,1,1,196,130734,197,53:00.0,3,5:00,783
7760182784,U,CTY,1,1,196,130734,N2  ,27:00.0,3,8:00,783
7760184306,U,IB,1,2,1606,122357,163,08:00.0,6,19:00,783
7760184627,U,CTY,1,1,632,202186,168,43:00.0,1,17:00,783
7760185543,U,IB,1,2,1065,138805,129,13:00.0,1,19:00,783
7760185552,U,IB,1,2,905,138805,129,03:00.0,1,19:00,783
7760190365,U,IB,1,1,625,139738,156,41:00.0,2,21:00,783
7760190365,U,CTY,1,1,625,139738,174,39:00.0,2,15:00,783
7760190365,U,IB,1,1,625,139738,156,15:00.0,2,21:00,783
7760193519,U,IB,1,1,370,134475,143,27:00.0,4,16:00,783
7760198157,U,CTY,1,5,1555,135037,189,42:00.0,6,13:00,783
7760198184,U,IB,1,1,208,137865,152,55:00.0,4,9:00,783
7760198294,U,IB,1,5,2240,139614,105,13:00.0,3,19:00,783
7760198496,U,CTY,1,2,322,139738,174,27:00.0,2,15:00,783
7760199082,U,IB,1,1,220,126122,163,40:00.0,4,13:00,783
7760199091,U,IB,1,1,160,126122,163,09:00.0,4,16:00,783
7760255229,U,OB,1,2,349,134629,74,08:00.0,6,10:00,402
7760306222,U,CTY,1,1,287,125856,174,43:00.0,4,19:00,138
7760317790,U,IB,1,5,10820,126785,131,57:00.0,4,13:00,138
7760318176,U,IB,1,4,12000,127764,123,46:00.0,5,6:00,138
7760336537,U,CTY,1,10,575,249118,192,59:00.0,1,8:00,138
7760336537,U,CTY,1,10,575,249118,233,45:00.0,3,11:00,138
7760336573,U,CTY,1,38,1064,CVEN44152,219,26:00.0,2,13:00,138
7760336692,U,CTY,1,8,400,128293,175,02:00.0,5,19:00,138
7760346089,U,CTY,1,2,334,134160,173,49:00.0,1,4:00,138
7760346253,U,OB,1,1,216,139806,95,29:00.0,3,22:00,138
7760346280,U,OB,1,1,221,139806,95,22:00.0,3,22:00,138
7760346538,U,CTY,1,1,387,200701,192,28:00.0,4,18:00,138
7760346574,U,CTY,1,4,2282,131592,174,02:00.0,5,3:00,138
7760346583,U,CTY,1,1,370,131592,174,09:00.0,5,2:00,138
7760346987,U,CTY,1,1,283,125856,174,25:00.0,4,19:00,138
7760347115,U,CTY,1,1,406,137505,192,13:00.0,7,0:00,138
7760347151,U,CTY,1,1,261,137505,192,40:00.0,7,0:00,138
7760347160,U,CTY,1,1,403,137505,192,40:00.0,7,1:00,138
7760347344,U,IB,1,1,234,133882,163,11:00.0,4,2:00,138
7760347445,U,CTY,1,1,323,125404,195,35:00.0,7,0:00,138
7760348150,U,CTY,1,1,251,131810,175,08:00.0,3,11:00,138
7760348325,U,IB,1,1,112,134163,143,20:00.0,4,20:00,138
776034838X,U,IB,1,4,1370,134163,143,56:00.0,4,20:00,138
7760401583,U,CTY,1,3,1200,136637,192,41:00.0,4,13:00,830
7760401648,U,CTY,1,1,215,136637,192,00:00.0,4,12:00,830
776040547X,U,CTY,1,1,2090,123067,195,54:00.0,3,6:00,830
7760405763,U,CTY,1,1,680,127771,187,55:00.0,5,22:00,830
7760405846,U,CTY,1,3,2207,133108,194,03:00.0,2,11:00,830
7760405882,U,CTY,1,1,905,135698,188,07:00.0,2,22:00,830
7760405965,U,CTY,1,1,882,130640,194,30:00.0,4,21:00,830
7760405965,U,CTY,1,1,882,130640,238,42:00.0,6,19:00,830
7760405974,U,CTY,1,1,2067,136611,172,18:00.0,6,7:00,830
7760406001,U,CTY,1,1,1259,130640,238,44:00.0,6,19:00,830
7760406001,U,CTY,1,1,1259,130640,194,17:00.0,4,22:00,830
7760406001,U,CTY,1,1,1259,130640,233,50:00.0,3,21:00,830
7760406194,U,IB,1,1,398,135903,151,34:00.0,3,3:00,830
7760406203,U,CTY,1,1,1736,126510,169,06:00.0,3,6:00,830
776040624X,U,IB,1,1,294,131621,143,37:00.0,6,15:00,830
7760406670,U,CTY,1,1,586,TTMS910552,192,55:00.0,2,21:00,830
7760406699,U,CTY,1,1,305,TTMS910552,192,21:00.0,2,21:00,830
7760406708,U,CTY,1,1,342,TTMS144654,194,02:00.0,2,14:00,830
7760406753,U,CTY,1,1,556,127771,187,00:00.0,6,0:00,830
7760406973,U,CTY,1,1,645,134055,195,18:00.0,3,20:00,830
7760407175,U,CTY,1,1,686,128079,196,59:00.0,1,19:00,830
7760407211,U,CTY,1,1,830,128079,196,23:00.0,2,6:00,830
7760407431,U,CTY,1,1,1218,130640,194,12:00.0,4,22:00,830
776040745X,U,CTY,1,1,315,130640,194,08:00.0,4,22:00,830
7760407487,U,CTY,1,1,962,130640,194,34:00.0,4,21:00,830
7760407505,U,CTY,1,3,2606,TTMS144654,194,49:00.0,2,13:00,830
7760407660,U,CTY,1,2,1784,TTMS910552,192,54:00.0,2,20:00,830
7760407853,U,CTY,1,2,1910,122585,173,16:00.0,3,5:00,830
7760407871,U,CTY,1,1,1670,122585,173,17:00.0,3,4:00,830
776040789X,U,CTY,1,1,609,134255,189,07:00.0,6,19:00,830
7760407918,U,CTY,1,1,490,134255,189,06:00.0,6,19:00,830
7760407972,U,CTY,1,1,755,136611,172,49:00.0,6,7:00,830
7760407981,U,CTY,1,2,3555,136611,172,43:00.0,6,7:00,830
7760407990,U,CTY,1,1,1585,136611,172,13:00.0,6,8:00,830
7760408239,U,CTY,1,1,914,136990,184,06:00.0,2,18:00,830
7760408239,U,CTY,1,1,914,136990,189,55:00.0,2,17:00,830
7760414215,U,CTY,1,1,335,TTMS750524,189,58:00.0,2,9:00,830
7760414911,U,IB,1,2,2160,127688,123,38:00.0,5,11:00,830
7760428726,U,CTY,1,2,465,130640,194,57:00.0,4,21:00,830
7760430632,U,CTY,1,1,738,136990,189,41:00.0,2,18:00,830
7760430632,U,CTY,1,1,738,136990,235,48:00.0,3,5:00,830
7760430697,U,CTY,1,1,1034,136990,189,44:00.0,2,18:00,830
7760430724,U,CTY,1,1,444,128079,196,18:00.0,1,20:00,830
7760430751,U,CTY,1,1,1884,128079,196,23:00.0,1,20:00,830
7760430980,U,CTY,1,1,1008,123067,195,19:00.0,3,7:00,830
7760431274,U,CTY,1,1,466,130546,187,06:00.0,2,14:00,830
7760431283,U,CTY,1,1,1242,277828,197,39:00.0,2,8:00,830
7760431301,U,CTY,1,2,1696,277828,197,58:00.0,2,2:00,830
7760431310,U,CTY,1,2,1659,277828,197,36:00.0,2,6:00,830
7760431357,U,CTY,1,2,1848,121402,189,09:00.0,2,7:00,830
7760431375,U,CTY,1,1,525,121402,189,40:00.0,2,7:00,830
7760431449,U,CTY,1,1,686,134055,195,20:00.0,3,20:00,830
7760434794,U,IB,1,3,1445,132897,127,39:00.0,7,22:00,830
776043495X,U,CTY,1,5,2585,TTMS750524,189,29:00.0,2,13:00,830
7760436628,U,CTY,1,1,236,136611,172,52:00.0,6,7:00,830
7760439818,U,IB,1,1,280,125429,143,16:00.0,7,13:00,830
7760450396,U,CTY,1,1,21,134255,189,07:00.0,6,18:00,830
776045057X,U,CTY,1,1,158,123067,195,34:00.0,3,7:00,830
776045057X,U,IB,1,1,158,123067,147,38:00.0,3,7:00,830
7760450598,U,CTY,1,2,2584,125040,194,43:00.0,4,12:00,830
7760453779,U,CTY,1,1,600,122585,173,29:00.0,3,5:00,830
7760453833,U,CTY,1,1,1195,136990,235,11:00.0,3,7:00,830
7760453833,U,CTY,1,1,1195,136990,189,51:00.0,2,17:00,830
7760454291,U,CTY,1,2,425,137397,176,45:00.0,6,21:00,830
776045431X,U,IB,1,2,410,137429,151,56:00.0,2,2:00,830
7760454502,U,CTY,1,1,275,122585,173,16:00.0,3,3:00,830
7760458206,U,CTY,1,1,185,138851,194,18:00.0,2,15:00,830
7760479472,U,CTY,1,1,153,430868,172,40:00.0,4,12:00,830
7760484267,U,CTY,1,1,220,126510,169,57:00.0,3,5:00,830
7760490977,U,IB,1,2,2297,131621,143,29:00.0,6,14:00,830
7760494450,U,CTY,1,1,305,135253,192,59:00.0,2,21:00,830
7760497458,U,CTY,1,1,820,136990,189,54:00.0,2,17:00,830
7760502554,U,CTY,1,1,930,134255,189,44:00.0,6,19:00,830
7760512189,U,CTY,1,3,2022,124022,169,41:00.0,7,21:00,830
7760512775,U,CTY,1,1,150,128079,196,12:00.0,1,20:00,830
7760514068,U,CTY,1,3,3300,TTMS144654,194,24:00.0,2,14:00,830
7760518614,U,CTY,1,1,847,TTMS910552,192,56:00.0,2,21:00,830
7760522648,U,IB,1,1,107,127688,123,46:00.0,5,9:00,830
7760524206,U,CTY,1,2,675,131595,196,15:00.0,3,5:00,830
7760525874,U,CTY,1,1,114,290791,187,01:00.0,7,20:00,830
7760527230,U,CTY,1,1,595,122585,173,48:00.0,3,5:00,830
7760527230,U,CTY,1,1,595,122585,233,17:00.0,3,3:00,830
7760533033,U,IB,1,2,1905,131263,145,12:00.0,2,2:00,830
7760533051,U,CTY,1,3,2015,121768,188,54:00.0,1,20:00,830
7760534243,U,CTY,1,2,1164,118361,194,09:00.0,3,15:00,830
7760538598,U,CTY,1,1,606,126510,170,13:00.0,3,6:00,830
7760538598,U,CTY,1,1,606,126510,170,13:00.0,3,6:00,830
7760542915,U,CTY,1,1,600,128129,169,58:00.0,4,8:00,830
7760548570,U,CTY,1,1,294,127771,187,26:00.0,5,23:00,830
7760548570,U,CTY,1,1,294,127771,223,45:00.0,6,18:00,830
7760548635,U,CTY,1,1,100,290791,187,22:00.0,7,20:00,830
7760548709,U,CTY,1,4,2205,132927,195,36:00.0,2,20:00,830
7760553410,U,CTY,1,3,2380,136990,189,18:00.0,2,18:00,830
7760553439,U,CTY,1,1,415,136990,189,35:00.0,2,18:00,830
7760553493,U,CTY,1,1,243,136990,189,47:00.0,2,17:00,830
7760554501,U,CTY,1,1,230,124248,168,13:00.0,3,19:00,830
7760554575,U,IB,1,1,995,138491,133,10:00.0,4,4:00,830
7760554950,U,CTY,1,1,370,136637,192,47:00.0,4,13:00,830
7760555051,U,CTY,1,1,307,124248,168,52:00.0,3,19:00,830
7760560809,U,CTY,1,3,3980,117243,175,00:00.0,1,21:00,830
7760575228,U,CTY,1,2,520,127712,187,28:00.0,6,19:00,830
7760576061,U,CTY,1,1,200,138987,175,48:00.0,2,22:00,830
7760579637,U,CTY,1,356,7170,131801,208,06:00.0,6,16:00,830
7760580389,U,IB,1,1,847,131621,143,07:00.0,6,16:00,830
7760601453,U,CTY,1,1,280,121768,188,21:00.0,2,13:00,830
7760601462,U,CTY,1,1,250,121768,188,49:00.0,2,13:00,830
7760601462,U,CTY,1,1,250,121768,223,50:00.0,6,18:00,830
7760601563,U,CTY,1,5,2825,128490,195,57:00.0,2,13:00,830
7760601572,U,CTY,1,3,1307,128490,195,07:00.0,2,13:00,830
7760601747,U,CTY,1,9,13005,261165,195,15:00.0,2,22:00,830
7760610419,U,CTY,1,1,1780,134055,195,41:00.0,3,19:00,830
7760613957,U,CTY,1,1,450,137284,189,43:00.0,2,13:00,830
7760614662,U,CTY,1,1,1260,123067,195,34:00.0,3,6:00,830
776061755X,U,CTY,1,38,695,125192,173,50:00.0,4,22:00,830
7760622600,U,CTY,1,4,3470,138987,175,22:00.0,2,22:00,830
7760624791,U,OB,1,1,61,129696,58,06:00.0,3,20:00,830
7760624865,U,IB,1,1,54,123809,141,21:00.0,6,17:00,830
7760624948,U,CTY,1,15,2580,123706,192,53:00.0,2,12:00,830
7760627431,U,CTY,1,1,480,119870,169,15:00.0,3,4:00,830
7760630888,U,CTY,1,7,9345,290901,168,44:00.0,1,7:00,830
7760630915,U,CTY,1,6,8109,132927,195,21:00.0,2,21:00,830
7760636332,U,CTY,1,12,3735,137640,195,13:00.0,1,17:00,830
7760638523,U,CTY,1,4,1634,136990,189,25:00.0,2,16:00,830
7760641228,U,CTY,1,4,3608,128065,173,07:00.0,6,16:00,830
7760641410,U,CTY,1,3,1290,128065,173,39:00.0,6,17:00,830
7760642034,U,CTY,1,4,920,125269,195,09:00.0,2,0:00,830
7760651467,U,IB,1,1,480,127688,123,06:00.0,5,13:00,830
7760651485,U,IB,1,1,480,127688,123,51:00.0,5,9:00,830
7760653584,U,CTY,1,11,6630,135455,174,40:00.0,1,19:00,830
7760668562,U,OB,1,1,592,130738,48,56:00.0,2,15:00,830
7760682285,U,CTY,1,5,973,125040,194,10:00.0,4,12:00,830
7760696053,U,CTY,1,1,94,127712,187,13:00.0,6,19:00,830
7760698886,U,CTY,1,1,804,134055,195,33:00.0,3,20:00,830
7760698895,U,CTY,1,1,540,130546,187,02:00.0,2,14:00,830
7760698940,U,CTY,1,5,3324,136611,172,32:00.0,6,7:00,830
7760699005,U,CTY,1,1,953,125040,194,12:00.0,4,14:00,830
7760700911,U,CTY,1,1,275,118361,194,25:00.0,3,15:00,830
7760700949,U,CTY,1,1,92,118361,194,48:00.0,3,13:00,830
7760705412,U,CTY,1,1,179,128079,196,07:00.0,1,20:00,830
7760706622,U,CTY,1,1,179,125040,194,20:00.0,4,14:00,830
7760706916,U,CTY,1,1,42,124100,188,01:00.0,4,14:00,830
7760707008,U,CTY,1,1,42,124100,188,01:00.0,4,14:00,830
7760707300,U,IB,1,6,4032,133004,164,26:00.0,2,22:00,830
7760707347,U,CTY,1,6,4736,281330,197,09:00.0,4,1:00,830
7760707374,U,CTY,1,1,67,135253,192,52:00.0,2,22:00,830
7760707374,U,CTY,1,1,67,135253,N1  ,12:00.0,3,13:00,830
7760707466,U,CTY,1,5,6225,126510,169,21:00.0,3,4:00,830
7760708602,U,CTY,1,1,124,134255,231,06:00.0,6,16:00,830
7760708602,U,CTY,1,1,124,134255,189,05:00.0,6,16:00,830
7760709455,U,CTY,1,1,295,123067,195,37:00.0,3,5:00,830
7760712077,U,CTY,1,1,179,124100,188,35:00.0,4,12:00,830
7760712187,U,CTY,1,1,165,132130,189,10:00.0,4,14:00,830
7760712892,U,CTY,1,1,499,137284,189,23:00.0,2,13:00,830
7760712910,U,CTY,1,2,520,137284,189,20:00.0,2,13:00,830
7760712910,U,CTY,1,2,520,137284,170,25:00.0,2,13:00,830
7760713067,U,IB,1,1,480,125429,143,21:00.0,7,13:00,830
7760713130,U,IB,1,3,2340,125429,143,23:00.0,7,14:00,830
776071314X,U,IB,1,4,2725,125429,143,05:00.0,7,14:00,830
7760730227,U,IB,1,77,365,128138,164,15:00.0,2,4:00,830
7760730254,U,IB,1,62,310,128138,164,28:00.0,2,6:00,830
7760744976,U,CTY,1,4,1029,138146,169,48:00.0,2,12:00,830
7760750779,U,IB,1,3,2218,131621,143,12:00.0,6,16:00,830
7760750788,U,IB,1,2,2716,131621,143,39:00.0,6,13:00,830
7760751392,U,IB,1,1,414,135903,151,31:00.0,3,3:00,830
7760759404,U,CTY,1,1,416,TTMS750524,189,38:00.0,2,12:00,830
7760761669,U,CTY,1,1,158,130640,194,46:00.0,5,5:00,830
7760762392,U,CTY,1,2,390,123790,169,57:00.0,2,3:00,830
7760767021,U,CTY,1,1,284,136637,192,10:00.0,4,13:00,830
7760767030,U,CTY,1,1,357,123067,195,00:00.0,3,5:00,830
776076704X,U,CTY,1,1,1093,136637,192,49:00.0,4,12:00,830
7760769818,U,CTY,1,2,446,134255,189,01:00.0,6,16:00,830
7760769818,U,IB,1,2,446,134255,147,23:00.0,6,16:00,830
7760772559,U,IB,1,6,5540,123809,141,17:00.0,6,18:00,830
7760772631,U,CTY,1,4,1670,130882,175,40:00.0,2,7:00,830
776077848X,U,CTY,1,6,2293,123706,192,18:00.0,2,12:00,830
7760784841,U,CTY,1,1,284,277828,197,52:00.0,2,7:00,830
7760791396,U,CTY,1,1,157,121768,O6  ,11:00.0,2,13:00,830
7760791396,U,CTY,1,1,157,121768,188,16:00.0,2,6:00,830
776079146X,U,CTY,1,2,320,122585,173,55:00.0,3,4:00,830
7760791497,U,IB,1,1,55,123809,141,44:00.0,6,18:00,830
7760791726,U,CTY,1,1,230,135253,192,46:00.0,3,0:00,830
7760807649,U,IB,1,1,142,125429,143,39:00.0,7,15:00,830
7760817410,U,IB,1,6,3000,131263,145,41:00.0,2,3:00,830
7760818254,U,CTY,1,1,510,430868,172,25:00.0,4,13:00,830
7760823269,U,CTY,1,2,615,TTMS750524,189,51:00.0,2,12:00,830
776082336X,U,CTY,1,2,227,277828,197,43:00.0,2,8:00,830
7760825651,U,CTY,1,2,560,122585,173,41:00.0,3,5:00,830
7760840153,U,IB,1,2,1250,137429,151,42:00.0,2,1:00,830
7760843260,U,CTY,1,2,1080,132532,197,51:00.0,3,12:00,830
7760844389,U,CTY,1,1,1660,137876,187,26:00.0,3,13:00,830
7760847487,U,CTY,1,2,2440,TTMS910552,192,31:00.0,2,22:00,830
7760855059,U,CTY,1,1,1885,290977,194,29:00.0,6,0:00,572
7760855086,U,OB,1,1,1190,261063,78,38:00.0,5,18:00,572
7760855187,U,OB,1,1,200,261063,78,30:00.0,5,18:00,572
7760855571,U,CTY,1,2,689,136642,191,37:00.0,3,5:00,572
776085559X,U,OB,1,1,450,139634,86,24:00.0,2,9:00,572
7760855690,U,OB,1,1,768,139634,86,03:00.0,2,9:00,572
7760855984,U,CTY,1,1,372,530503,187,03:00.0,6,22:00,572
7760855993,U,CTY,1,1,752,530503,187,57:00.0,6,22:00,572
7760856094,U,CTY,1,1,217,HAEI28100,172,34:00.0,5,16:00,572
7760856121,U,CTY,1,1,380,HAEI28100,172,38:00.0,5,16:00,572
7760856130,U,CTY,1,2,656,127438,168,00:00.0,5,19:00,572
776085614X,U,CTY,1,1,409,HAEI28100,172,36:00.0,5,16:00,572
7760856314,U,CTY,1,1,1225,130521,168,39:00.0,5,12:00,572
7760856433,U,IB,1,2,740,HAEI24669,151,13:00.0,4,23:00,572
7760856442,U,IB,1,1,377,HAEI24669,151,20:00.0,4,22:00,572
7760856489,U,IB,1,1,377,HAEI24669,151,16:00.0,4,22:00,572
7760856498,U,OB,1,1,369,134755,66,01:00.0,6,2:00,572
7760856507,U,IB,1,1,758,HAEI24669,151,28:00.0,4,19:00,572
7760860018,U,CTY,1,2,2472,139567,190,02:00.0,1,8:00,572
7760860018,U,IB,1,2,2472,139567,116,18:00.0,1,7:00,572
7760860018,U,CTY,1,2,2472,139567,190,21:00.0,1,12:00,572
7760860348,U,OB,1,1,406,HAEI27814,73,08:00.0,6,0:00,572
7760860595,U,CTY,1,1,1225,290977,194,19:00.0,6,4:00,572
7760861585,U,CTY,1,1,445,139951,195,20:00.0,7,14:00,572
7760875335,U,IB,1,1,115,123393,145,46:00.0,1,1:00,572
7760875793,U,CTY,1,1,217,119931,175,14:00.0,2,18:00,572
7760880193,U,IB,1,2,1370,121377,135,46:00.0,1,22:00,572
7760880404,U,OB,1,1,744,HAEI26361,86,40:00.0,7,19:00,572
7760880413,U,OB,1,2,360,HAEI26361,86,13:00.0,7,19:00,572
7760880422,U,IB,1,1,209,138353,116,56:00.0,7,18:00,572
7760880532,U,IB,1,1,468,136322,164,13:00.0,4,6:00,572
7760880844,U,IB,1,1,150,HAEI24669,151,05:00.0,5,0:00,572
7760880945,U,OB,1,1,145,HAEI26237,67,59:00.0,5,15:00,572
7760881843,U,CTY,1,1,14,132080,172,07:00.0,6,23:00,572
776088188X,U,CTY,1,3,2055,127303,194,54:00.0,7,19:00,572
7760882274,U,IB,1,2,546,127614,145,10:00.0,7,16:00,572
7760882458,U,CTY,1,1,190,132080,172,25:00.0,6,22:00,572
7760882595,U,IB,1,7,4572,127614,145,07:00.0,7,15:00,572
7760886041,U,CTY,1,1,528,530503,187,38:00.0,6,22:00,572
7760886133,U,IB,1,1,345,530859,111,18:00.0,7,18:00,572
7760887370,U,OB,1,1,295,HAEI26361,86,59:00.0,7,18:00,572
7760887435,U,OB,1,1,300,HAEI26361,86,48:00.0,7,19:00,572
7761070365,U,IB,1,3,8150,130938,111,51:00.0,4,22:00,246
7761070439,U,CTY,1,5,9870,280932,173,19:00.0,2,15:00,246
7761071465,U,IB,1,1,2560,134844,125,54:00.0,3,19:00,246
7761071474,U,IB,1,2,1484,134844,125,19:00.0,3,19:00,246
7761071510,U,OB,1,3,4952,129903,96,01:00.0,5,8:00,246
776107152X,U,OB,1,5,6521,129903,96,45:00.0,5,9:00,246
7761071557,U,IB,1,1,305,123865,117,41:00.0,6,12:00,246
7761071557,U,IB,1,1,305,123865,110,42:00.0,6,13:00,246
7761072428,U,IB,1,1,290,125826,113,49:00.0,3,18:00,246
7761073555,U,OB,1,1,352,129903,96,07:00.0,5,11:00,246
7761078092,U,IB,1,6,895,130938,111,15:00.0,4,21:00,246
7761078157,U,IB,1,4,1950,430951,129,47:00.0,4,21:00,246
7761078175,U,IB,1,5,1591,430951,129,39:00.0,4,22:00,246
7761078276,U,IB,1,3,1055,135908,105,55:00.0,5,20:00,246
7761078359,U,IB,1,2,410,135908,105,54:00.0,5,21:00,246
776107845X,U,IB,1,2,810,135504,105,48:00.0,1,18:00,246
7761078487,U,IB,1,2,515,135504,105,25:00.0,1,19:00,246
7761078523,U,IB,1,1,447,249155,111,34:00.0,7,6:00,246
7761078541,U,IB,1,6,1905,135504,105,45:00.0,1,19:00,246
776107867X,U,IB,1,2,310,125826,113,34:00.0,3,22:00,246
7761078698,U,IB,1,1,141,125826,113,37:00.0,3,22:00,246
7761078743,U,IB,1,2,275,125826,113,46:00.0,3,21:00,246
7761081035,U,IB,1,1,250,118370,113,57:00.0,4,0:00,246
7761081071,U,IB,1,1,380,118370,113,49:00.0,4,0:00,246
7761081172,U,IB,1,2,950,121587,103,41:00.0,4,18:00,246
776108120X,U,IB,1,2,1190,121587,103,45:00.0,4,18:00,246
7761081219,U,IB,1,7,7345,121587,103,34:00.0,4,19:00,246
7761081246,U,IB,1,1,770,121587,103,26:00.0,4,18:00,246
7761081300,U,IB,1,1,240,118370,113,06:00.0,4,1:00,246
7761081374,U,IB,1,1,470,430951,129,04:00.0,4,22:00,246
7761081466,U,IB,1,1,450,249155,111,28:00.0,7,6:00,246
7761081475,U,IB,1,1,370,135504,105,19:00.0,1,19:00,246
7761081558,U,IB,1,1,675,135908,105,15:00.0,5,21:00,246
7761081594,U,IB,1,4,6150,130699,127,59:00.0,4,2:00,246
7761081621,U,IB,1,8,7110,135908,105,36:00.0,5,21:00,246
7761081686,U,IB,1,3,3900,135908,105,52:00.0,5,21:00,246
7761081704,U,IB,1,2,1850,126282,113,48:00.0,5,20:00,246
776108175X,U,IB,1,2,980,135504,105,59:00.0,1,16:00,246
7761081814,U,CTY,1,2,605,249155,222,12:00.0,7,18:00,246
7761081814,U,IB,1,2,605,249155,111,26:00.0,7,6:00,246
7761081832,U,IB,1,2,2930,135504,105,16:00.0,1,19:00,246
7761081841,U,IB,1,1,425,249155,111,42:00.0,7,6:00,246
7761081879,U,IB,1,6,7485,135504,105,40:00.0,1,17:00,246
7761082171,U,IB,1,1,320,136252,127,52:00.0,6,5:00,246
7761082180,U,IB,1,1,340,136252,127,59:00.0,6,4:00,246
7761082777,U,IB,1,3,1300,123601,114,23:00.0,6,22:00,246
7761082795,U,IB,1,2,1035,127555,127,01:00.0,7,1:00,246
7761082804,U,IB,1,3,1390,123601,114,08:00.0,6,22:00,246
7761082869,U,IB,1,6,6225,132026,117,03:00.0,2,4:00,246
776108296X,U,IB,1,3,2640,132026,117,35:00.0,2,3:00,246
7761083170,U,IB,1,1,880,128758,129,18:00.0,4,5:00,246
776108318X,U,IB,1,1,400,128758,129,04:00.0,4,5:00,246
7761083208,U,OB,1,2,685,138746,96,57:00.0,5,9:00,246
7761083217,U,OB,1,4,4555,138746,96,53:00.0,5,9:00,246
7761083244,U,OB,1,3,2715,138746,96,48:00.0,5,9:00,246
776108329X,U,IB,1,1,240,128758,129,17:00.0,4,5:00,246
776108340X,U,IB,1,1,495,135091,114,32:00.0,7,5:00,246
7761083574,U,OB,1,2,1735,138746,96,59:00.0,5,9:00,246
776108362X,U,OB,1,2,880,132275,96,57:00.0,5,20:00,246
7761083657,U,OB,1,4,4290,132275,96,27:00.0,5,20:00,246
7761083693,U,OB,1,3,3160,132275,96,48:00.0,5,20:00,246
7761083711,U,OB,1,1,210,132275,96,59:00.0,5,20:00,246
7761083749,U,IB,1,5,5545,135091,114,47:00.0,7,5:00,246
7761083812,U,IB,1,1,585,131333,112,29:00.0,7,14:00,246
776108384X,U,IB,1,1,1730,135091,114,54:00.0,7,4:00,246
7761083922,U,CTY,1,1,350,136002,174,37:00.0,2,9:00,246
7761083940,U,CTY,1,4,3065,136002,174,38:00.0,2,8:00,246
7761084014,U,IB,1,3,750,125826,113,08:00.0,3,22:00,246
7761084151,U,IB,1,2,530,140113,141,30:00.0,6,22:00,246
7761084207,U,IB,1,1,223,136252,127,41:00.0,6,8:00,246
7761084344,U,IB,1,2,665,136252,127,45:00.0,6,8:00,246
7761084353,U,IB,1,1,307,136252,127,37:00.0,6,8:00,246
7761084436,U,IB,1,1,257,136252,127,47:00.0,6,8:00,246
7761086196,U,IB,1,5,2650,277710,101,48:00.0,1,15:00,246
776108626X,U,CTY,1,6,1435,202196,192,51:00.0,2,13:00,246
7761087525,U,CTY,1,1,790,136002,174,35:00.0,2,9:00,246
7761087680,U,CTY,1,1,285,126251,173,36:00.0,5,4:00,246
7761087772,U,CTY,1,1,740,126251,173,56:00.0,5,4:00,246
776108780X,U,CTY,1,1,1220,126251,173,51:00.0,5,4:00,246
7761087873,U,IB,1,3,1260,123865,117,17:00.0,6,13:00,246
7761087873,U,IB,1,3,1260,123865,109,18:00.0,6,13:00,246
7761087965,U,IB,1,4,3930,123865,110,47:00.0,6,13:00,246
7761087965,U,IB,1,4,3930,123865,110,47:00.0,6,13:00,246
7761088039,U,IB,1,1,600,123865,117,00:00.0,6,14:00,246
7761088295,U,IB,1,6,8865,127974,117,14:00.0,6,19:00,246
7761088322,U,IB,1,2,720,127974,117,17:00.0,6,20:00,246
7761088506,U,IB,1,5,5215,127974,117,46:00.0,6,19:00,246
7761089770,U,OB,1,7,1365,138746,96,20:00.0,5,9:00,246
7761089963,U,CTY,1,3,765,125775,194,59:00.0,2,2:00,246
7761090504,U,IB,1,2,960,132311,131,55:00.0,6,18:00,246
7761090513,U,IB,1,1,143,127555,127,09:00.0,7,1:00,246
7761090522,U,IB,1,1,155,127555,127,19:00.0,7,1:00,246
7761090596,U,IB,1,1,540,127555,127,13:00.0,7,1:00,246
776109451X,U,IB,1,1,380,134844,125,48:00.0,3,19:00,246
7761094592,U,IB,1,2,705,138371,125,00:00.0,5,2:00,246
7761094657,U,IB,1,1,350,138371,125,40:00.0,5,1:00,246
7761094693,U,IB,1,2,2160,138371,125,20:00.0,5,2:00,246
776109473X,U,IB,1,3,3300,138371,125,27:00.0,5,2:00,246
776109473X,U,CTY,1,3,3300,138371,235,14:00.0,5,22:00,246
7761094877,U,IB,1,1,316,135091,114,43:00.0,7,6:00,246
7761094922,U,CTY,1,6,1885,135091,227,30:00.0,1,21:00,246
7761094931,U,IB,1,2,250,131333,112,28:00.0,7,15:00,246
776109495X,U,IB,1,4,972,135091,114,04:00.0,7,7:00,246
7761096233,U,IB,1,1,475,125495,123,14:00.0,3,21:00,246
7761096242,U,IB,1,1,476,125495,123,59:00.0,3,20:00,246
7761096251,U,IB,1,1,472,125495,123,03:00.0,3,21:00,246
7761097773,U,IB,1,1,268,131333,112,44:00.0,7,14:00,246
7761097948,U,IB,1,3,571,125495,123,10:00.0,3,22:00,246
7761099268,U,IB,1,1,171,130699,127,55:00.0,4,2:00,246
7761099286,U,IB,1,10,3440,277710,101,00:00.0,1,17:00,246
7761099295,U,IB,1,1,171,136252,127,46:00.0,6,4:00,246
7761099304,U,IB,1,1,171,136252,127,55:00.0,6,4:00,246
7761099313,U,OB,1,10,3640,558937,88,57:00.0,3,22:00,246
7761099378,U,IB,1,1,171,131333,112,53:00.0,7,19:00,246
7761099396,U,CTY,1,1,260,136002,174,41:00.0,2,6:00,246
7761099405,U,CTY,1,1,260,136002,174,08:00.0,2,7:00,246
7761099423,U,IB,1,1,192,125495,123,19:00.0,3,21:00,246
7761099450,U,IB,1,1,171,123865,117,00:00.0,6,13:00,246
7761099450,U,OB,1,1,171,123865,93,02:00.0,6,13:00,246
7761099497,U,IB,1,1,171,127974,117,25:00.0,6,19:00,246
7761101513,U,IB,1,1,279,135504,105,27:00.0,1,17:00,246
7761102851,U,CTY,1,6,1718,290117,188,59:00.0,3,12:00,246
7761104272,U,IB,1,1,698,133480,163,14:00.0,1,12:00,246
7761104914,U,IB,1,4,3458,430951,129,26:00.0,4,22:00,246
7761109644,U,IB,1,2,345,138200,113,02:00.0,1,17:00,246
776110969X,U,IB,1,2,640,138200,113,43:00.0,1,16:00,246
7761109709,U,IB,1,2,685,138200,113,07:00.0,1,17:00,246
7761109727,U,IB,1,7,1530,138200,113,11:00.0,1,14:00,246
7761109736,U,IB,1,2,375,138200,113,34:00.0,1,16:00,246
7761109882,U,CTY,1,1,256,T402217967,187,16:00.0,4,21:00,246
7761110771,U,IB,1,1,656,138371,125,55:00.0,5,1:00,246
7761110937,U,IB,1,1,535,139849,113,23:00.0,7,3:00,246
7761114118,U,IB,1,1,270,124040,123,51:00.0,3,23:00,246
7761114457,U,IB,1,3,387,124040,123,32:00.0,3,22:00,246
7761114502,U,CTY,1,34,8555,133480,213,20:00.0,3,11:00,246
7761119562,U,OB,1,1,176,129903,96,45:00.0,5,7:00,246
7761119571,U,CTY,1,2,310,127039,189,53:00.0,5,21:00,246
7761119571,U,CTY,1,2,310,127039,231,04:00.0,5,22:00,246
7761119609,U,CTY,1,1,73,126251,173,40:00.0,5,3:00,246
7761119618,U,CTY,1,3,1005,126251,173,59:00.0,5,3:00,246
7761119838,U,CTY,1,1,67,126106,189,56:00.0,7,3:00,246
7761237886,U,IB,1,1,3950,131719,104,56:00.0,4,12:00,243
7761238207,U,IB,1,8,3320,137893,125,33:00.0,3,22:00,243
7761238216,U,IB,1,3,1017,137893,125,39:00.0,3,21:00,243
776123828X,U,IB,1,4,1875,131719,104,11:00.0,4,12:00,243
7761238683,U,IB,1,5,2180,126666,117,24:00.0,1,8:00,243
7761238784,U,IB,1,4,1440,290342,116,50:00.0,1,2:00,243
7761238849,U,IB,1,1,546,131719,104,41:00.0,4,12:00,243
7761238885,U,IB,1,3,1045,131719,104,35:00.0,4,12:00,243
7761238912,U,IB,1,1,401,125671,117,19:00.0,4,21:00,243
7761239069,U,IB,1,8,5595,125671,117,28:00.0,5,0:00,243
7761239132,U,CTY,1,2,1487,249121,189,59:00.0,3,20:00,243
7761239224,U,OB,1,8,2925,124581,96,59:00.0,6,12:00,243
7761239260,U,OB,1,4,1590,124581,96,28:00.0,6,12:00,243
7761239655,U,IB,1,4,2024,211023,111,28:00.0,1,14:00,243
7761239810,U,IB,1,1,540,128425,131,13:00.0,7,0:00,243
776123982X,U,IB,1,2,752,132779,103,05:00.0,6,18:00,243
7761239884,U,IB,1,3,1335,132779,103,10:00.0,6,18:00,243
7761239958,U,CTY,1,3,1130,211023,K   ,26:00.0,1,9:00,243
7761240140,U,OB,1,1,565,125587,88,16:00.0,6,1:00,243
7761240389,U,IB,1,3,1370,135322,117,15:00.0,1,7:00,243
7761240407,U,IB,1,5,2200,135322,117,56:00.0,1,8:00,243
7761240773,U,OB,1,5,4693,129190,86,19:00.0,5,7:00,243
7761240874,U,OB,1,2,669,125587,88,59:00.0,5,22:00,243
776124103X,U,IB,1,7,3215,135322,117,35:00.0,1,7:00,243
7761241058,U,IB,1,6,2640,135322,117,49:00.0,1,8:00,243
7761241204,U,IB,1,1,781,135615,104,21:00.0,4,6:00,243
7761241204,U,CTY,1,1,781,135615,181,54:00.0,4,7:00,243
7761241240,U,OB,1,3,1398,290981,90,11:00.0,4,7:00,243
7761241947,U,IB,1,7,5179,R6213954,135,18:00.0,3,7:00,243
7761242194,U,IB,1,4,2440,R6213954,135,54:00.0,3,8:00,243
7761242533,U,OB,1,5,1950,122780,58,29:00.0,6,4:00,243
7761313721,U,CTY,1,1,219,290134,231,08:00.0,1,16:00,326
776131451X,U,IB,1,3,1451,133172,163,12:00.0,3,18:00,326
7761315151,U,IB,1,1,705,279944,112,39:00.0,3,20:00,326
7761315189,U,IB,1,1,202,128237,164,58:00.0,2,17:00,326
7761315481,U,IB,1,1,365,133172,163,21:00.0,3,18:00,326
7761315692,U,CTY,1,1,204,126260,187,23:00.0,1,12:00,326
7761315802,U,IB,1,1,374,133172,163,53:00.0,3,14:00,326
7761315876,U,CTY,1,3,2034,119922,192,00:00.0,5,16:00,326
776131594X,U,IB,1,2,528,128237,164,07:00.0,2,18:00,326
7761315995,U,IB,1,2,461,128237,164,02:00.0,2,18:00,326
7761316013,U,IB,1,1,288,128237,164,54:00.0,2,17:00,326
7761316307,U,IB,1,1,183,128237,164,47:00.0,2,17:00,326
7761316462,U,IB,1,1,314,133172,163,29:00.0,3,17:00,326
776131649X,U,IB,1,1,170,279944,112,02:00.0,3,19:00,326
7761316682,U,IB,1,4,2045,133172,163,46:00.0,3,17:00,326
7761316700,U,CTY,1,7,2954,128281,176,07:00.0,5,1:00,326
7761316949,U,IB,1,1,451,279944,112,54:00.0,3,18:00,326
7761316958,U,IB,1,1,217,129061,105,15:00.0,4,5:00,326
7761316967,U,IB,1,2,720,128839,152,35:00.0,4,11:00,326
7761317030,U,CTY,1,3,1223,119922,192,40:00.0,5,18:00,326
7761317059,U,CTY,1,3,4685,128281,186,28:00.0,4,23:00,326
7761317059,U,CTY,1,3,4685,128281,186,28:00.0,4,23:00,326
7761317086,U,CTY,1,1,283,119922,192,54:00.0,5,15:00,326
7761317140,U,IB,1,1,231,129061,105,07:00.0,4,4:00,326
7761317140,U,CTY,1,1,231,129061,191,09:00.0,4,4:00,326
7761317205,U,CTY,1,2,2725,128281,176,53:00.0,4,22:00,326
7761317288,U,CTY,1,4,2352,119922,192,52:00.0,5,17:00,326
7761317315,U,IB,1,1,458,128839,152,46:00.0,4,11:00,326
7761317398,U,CTY,1,1,219,119922,192,24:00.0,5,16:00,326
7761317452,U,IB,1,1,291,136097,149,04:00.0,7,7:00,326
7761317562,U,CTY,1,2,1198,119922,192,56:00.0,5,17:00,326
776131759X,U,CTY,1,2,1137,128281,176,27:00.0,4,23:00,326
7761317672,U,IB,1,1,268,128839,152,38:00.0,4,11:00,326
7761317719,U,IB,1,3,1137,127610,164,32:00.0,1,0:00,326
776131781X,U,CTY,1,1,241,125723,175,40:00.0,5,0:00,326
7761317847,U,IB,1,3,3515,134081,163,21:00.0,5,22:00,326
7761317856,U,IB,1,1,1153,134081,163,27:00.0,5,22:00,326
7761317856,U,CTY,1,1,1153,134081,186,19:00.0,6,14:00,326
7761317865,U,IB,1,1,236,129061,105,30:00.0,4,3:00,326
7761317883,U,CTY,1,1,249,119922,192,06:00.0,5,16:00,326
7761317901,U,IB,1,1,171,136097,149,38:00.0,7,7:00,326
7761317975,U,IB,1,2,1307,127872,135,52:00.0,1,20:00,326
7761318011,U,IB,1,1,783,127610,164,35:00.0,1,0:00,326
7761318112,U,CTY,1,1,167,137753,195,30:00.0,6,7:00,326
7761318240,U,CTY,1,1,308,137753,195,37:00.0,6,10:00,326
7761318296,U,CTY,1,1,757,137753,195,00:00.0,6,8:00,326
7761318296,U,IB,1,1,757,137753,160,55:00.0,6,9:00,326
7761318442,U,CTY,1,1,243,137753,195,41:00.0,6,7:00,326
7761318442,U,IB,1,1,243,137753,160,57:00.0,6,9:00,326
7761318489,U,CTY,1,1,422,137753,195,48:00.0,6,7:00,326
7761318498,U,IB,1,1,318,127610,164,21:00.0,1,0:00,326
7761318552,U,CTY,1,1,182,137753,195,56:00.0,6,7:00,326
7761318635,U,IB,1,1,510,133349,149,18:00.0,7,13:00,326
7761318653,U,IB,1,1,415,133349,149,02:00.0,7,14:00,326
7761318662,U,IB,1,1,405,133349,149,00:00.0,7,14:00,326
7761318864,U,IB,1,1,413,127610,164,48:00.0,1,0:00,326
7761318900,U,IB,1,2,521,127610,164,05:00.0,1,1:00,326
7761319010,U,IB,1,1,208,127872,135,08:00.0,1,21:00,326
7761319075,U,IB,1,1,352,127872,135,29:00.0,1,20:00,326
7761319102,U,IB,1,1,283,128320,115,52:00.0,2,20:00,326
7761319102,U,IB,1,1,283,128320,151,13:00.0,2,20:00,326
7761319102,U,IB,1,1,283,128320,115,51:00.0,2,20:00,326
7761319111,U,CTY,1,1,179,128320,177,33:00.0,2,22:00,326
7761319111,U,IB,1,1,179,128320,151,12:00.0,2,20:00,326
7761319259,U,IB,1,1,327,127872,135,24:00.0,1,20:00,326
7761319286,U,IB,1,2,923,136097,149,32:00.0,7,6:00,326
7761319378,U,IB,1,1,296,127872,135,12:00.0,1,19:00,326
7761319414,U,IB,1,1,250,127872,135,19:00.0,1,21:00,326
7761319423,U,CTY,1,1,266,128320,233,18:00.0,3,20:00,326
7761319423,U,IB,1,1,266,128320,151,29:00.0,2,21:00,326
7761319423,U,CTY,1,1,266,128320,231,23:00.0,2,22:00,326
7761319735,U,IB,1,1,289,128320,151,52:00.0,2,19:00,326
776131990X,U,CTY,1,1,460,290164,187,07:00.0,4,20:00,326
7761320056,U,CTY,1,1,284,290164,187,39:00.0,4,18:00,326
7761320092,U,IB,1,1,460,127872,135,20:00.0,1,21:00,326
7761320166,U,IB,1,1,419,127872,135,12:00.0,1,19:00,326
7761320330,U,IB,1,1,168,133043,149,57:00.0,6,19:00,326
7761320469,U,CTY,1,1,245,290164,187,38:00.0,4,18:00,326
7761320514,U,CTY,1,1,515,290164,187,02:00.0,4,18:00,326
7761320541,U,CTY,1,5,1360,290164,187,11:00.0,4,20:00,326
7761320880,U,CTY,1,1,827,136417,175,57:00.0,5,12:00,326
7761320990,U,CTY,1,1,331,125723,175,42:00.0,5,0:00,326
7761321019,U,IB,1,1,255,133520,145,34:00.0,1,9:00,326
7761321147,U,IB,1,1,407,131289,131,56:00.0,5,17:00,326
7761321165,U,IB,1,1,210,133043,149,17:00.0,6,22:00,326
776132122X,U,IB,1,1,158,131289,131,29:00.0,5,17:00,326
7761321302,U,CTY,1,8,2965,291051,192,55:00.0,6,13:00,326
7761321311,U,IB,1,1,227,131289,131,49:00.0,5,17:00,326
7761321358,U,IB,1,1,330,130528,127,16:00.0,6,15:00,326
7761321486,U,IB,1,1,354,133520,145,25:00.0,1,9:00,326
7761321522,U,IB,1,1,228,134958,149,06:00.0,1,14:00,326
7761321650,U,IB,1,1,314,137311,149,02:00.0,3,9:00,326
7761321679,U,IB,1,1,341,353244,149,29:00.0,1,6:00,326
7761321688,U,IB,1,1,265,353244,149,25:00.0,1,7:00,326
7761321733,U,CTY,1,3,1420,136417,231,38:00.0,6,6:00,326
7761321733,U,CTY,1,3,1420,136417,175,51:00.0,5,13:00,326
776132177X,U,IB,1,1,239,131289,131,01:00.0,5,17:00,326
7761321834,U,IB,1,1,437,131289,131,44:00.0,5,17:00,326
7761321861,U,IB,1,2,1905,130528,127,13:00.0,6,16:00,326
7761321926,U,CTY,1,1,153,135089,187,30:00.0,6,8:00,326
776132199X,U,IB,1,1,436,133043,149,15:00.0,6,22:00,326
776132210X,U,IB,1,1,451,133043,149,01:00.0,6,20:00,326
7761322119,U,IB,1,1,639,124301,127,03:00.0,3,20:00,326
7761322128,U,IB,1,1,745,137311,149,59:00.0,3,8:00,326
7761322420,U,IB,1,1,165,137311,149,47:00.0,3,8:00,326
7761322449,U,IB,1,1,267,133520,145,44:00.0,1,10:00,326
776132254X,U,IB,1,1,394,137311,149,25:00.0,3,8:00,326
7761322577,U,IB,1,1,296,137311,149,40:00.0,3,8:00,326
7761322723,U,IB,1,4,2230,137311,149,13:00.0,3,9:00,326
7761322898,U,CTY,1,1,207,127356,196,47:00.0,3,11:00,326
7761323008,U,IB,1,2,1189,133520,145,23:00.0,1,10:00,326
7761323026,U,CTY,1,1,716,139787,169,17:00.0,1,17:00,326
7761323109,U,IB,1,1,444,137311,149,53:00.0,3,8:00,326
7761323136,U,IB,1,1,333,137311,149,28:00.0,3,8:00,326
7761323154,U,IB,1,2,261,124301,127,21:00.0,3,19:00,326
7761323172,U,IB,1,1,241,134958,149,55:00.0,1,14:00,326
7761323237,U,IB,1,1,320,134958,149,58:00.0,1,14:00,326
7761323300,U,IB,1,2,395,353244,149,38:00.0,1,6:00,326
7761323484,U,IB,1,1,330,124301,127,49:00.0,3,19:00,326
7761323493,U,IB,1,1,211,137311,149,32:00.0,3,7:00,326
7761323520,U,IB,1,1,305,137311,149,25:00.0,3,7:00,326
7761323520,U,IB,1,1,305,137311,162,24:00.0,3,13:00,326
776132375X,U,CTY,1,1,1080,127356,196,00:00.0,3,12:00,326
7761323814,U,CTY,1,9,8181,136280,197,15:00.0,4,7:00,326
7761323832,U,CTY,1,2,1330,131157,169,50:00.0,4,18:00,326
7761323924,U,IB,1,1,324,124301,127,12:00.0,3,19:00,326
7761323951,U,IB,1,1,316,124301,127,00:00.0,3,19:00,326
7761324034,U,CTY,1,1,614,127356,196,57:00.0,3,11:00,326
7761324263,U,IB,1,1,894,124301,127,19:00.0,3,20:00,326
7761324337,U,CTY,1,6,681,131157,191,51:00.0,4,18:00,326
7761324337,U,CTY,1,6,681,131157,191,51:00.0,4,18:00,326
7761324483,U,CTY,1,1,288,135108,187,06:00.0,6,1:00,326
7761324548,U,CTY,1,1,285,139787,169,06:00.0,1,17:00,326
7761324620,U,CTY,1,2,573,135108,187,02:00.0,6,1:00,326
7761324667,U,IB,1,3,1985,126855,143,39:00.0,7,13:00,326
7761324676,U,CTY,1,1,629,135108,187,15:00.0,6,1:00,326
7761324786,U,CTY,1,1,1026,127688,174,26:00.0,6,8:00,326
7761324923,U,CTY,1,1,224,132816,195,52:00.0,1,18:00,326
7761324950,U,CTY,1,1,223,127688,174,23:00.0,6,8:00,326
7761325161,U,CTY,1,1,790,135108,187,55:00.0,6,1:00,326
776132518X,U,IB,1,1,154,129764,141,30:00.0,5,14:00,326
7761325309,U,CTY,1,1,791,123740,194,57:00.0,5,10:00,326
7761325354,U,CTY,1,1,529,135089,187,47:00.0,6,6:00,326
7761325372,U,IB,1,1,224,123514,145,19:00.0,5,6:00,326
776132551X,U,CTY,1,1,276,135108,187,28:00.0,6,1:00,326
7761325601,U,CTY,1,1,242,132816,195,42:00.0,1,18:00,326
7761325675,U,IB,1,1,157,131940,133,15:00.0,6,0:00,326
7761325675,U,CTY,1,1,157,131940,N   ,07:00.0,6,15:00,326
7761325785,U,CTY,1,1,305,127688,174,01:00.0,6,9:00,326
7761325821,U,CTY,1,2,584,127688,174,06:00.0,6,11:00,326
7761325877,U,CTY,1,2,669,127688,174,18:00.0,6,9:00,326
7761325895,U,CTY,1,1,241,127688,174,40:00.0,6,8:00,326
7761326133,U,IB,1,1,367,139700,164,16:00.0,1,12:00,326
7761326270,U,CTY,1,1,680,139787,177,13:00.0,1,17:00,326
7761326270,U,CTY,1,1,680,139787,177,13:00.0,1,17:00,326
7761326445,U,CTY,1,8,7470,137041,169,38:00.0,7,4:00,326
7761326454,U,CTY,1,1,273,127688,174,02:00.0,6,11:00,326
7761326490,U,CTY,1,1,223,127688,174,01:00.0,6,11:00,326
7761326564,U,CTY,1,1,195,132816,195,51:00.0,1,17:00,326
7761326591,U,CTY,1,1,306,132816,195,56:00.0,1,17:00,326
7761326701,U,CTY,1,1,745,136872,173,59:00.0,3,12:00,326
7761326766,U,CTY,1,3,1254,136872,173,23:00.0,3,12:00,326
7761326802,U,CTY,1,1,476,132816,195,22:00.0,1,16:00,326
7761326867,U,CTY,1,1,265,132816,195,10:00.0,1,19:00,326
7761326903,U,CTY,1,1,233,139787,169,41:00.0,1,16:00,326
7761326912,U,IB,1,1,317,139700,164,20:00.0,1,12:00,326
7761326921,U,CTY,1,1,229,132816,195,52:00.0,1,18:00,326
7761326930,U,CTY,1,1,230,132816,195,07:00.0,1,19:00,326
776132694X,U,CTY,1,1,308,132816,205,58:00.0,2,8:00,326
776132694X,U,CTY,1,1,308,132816,195,55:00.0,1,18:00,326
7761326968,U,IB,1,1,324,122611,143,56:00.0,4,21:00,326
7761326986,U,CTY,1,1,246,132816,195,10:00.0,1,19:00,326
7761327087,U,CTY,1,1,336,139787,170,15:00.0,1,17:00,326
7761327087,U,CTY,1,1,336,139787,169,14:00.0,1,17:00,326
776132716X,U,CTY,1,2,792,136872,173,14:00.0,3,12:00,326
7761327179,U,CTY,1,2,1054,132816,195,36:00.0,1,16:00,326
7761327188,U,CTY,1,2,1681,136872,173,29:00.0,3,12:00,326
7761327206,U,CTY,1,1,204,132816,195,54:00.0,1,19:00,326
7761327242,U,CTY,1,1,430,132816,195,45:00.0,1,16:00,326
7761327352,U,CTY,1,2,264,136872,173,23:00.0,3,13:00,326
7761327361,U,CTY,1,2,613,139787,180,35:00.0,1,16:00,326
7761327361,U,CTY,1,2,613,139787,180,35:00.0,1,16:00,326
7761327399,U,CTY,1,1,226,261007,176,55:00.0,4,14:00,326
7761327408,U,CTY,1,1,267,132816,195,10:00.0,1,19:00,326
7761327581,U,CTY,1,1,232,136872,173,04:00.0,3,10:00,326
776132760X,U,IB,1,1,164,129764,141,22:00.0,5,16:00,326
7761327637,U,CTY,1,1,422,136872,173,00:00.0,3,11:00,326
7761327646,U,CTY,1,3,1840,136872,173,21:00.0,3,13:00,326
7761327729,U,CTY,1,2,881,136872,173,14:00.0,3,13:00,326
7761327774,U,CTY,1,1,448,136872,173,40:00.0,3,10:00,326
7761327792,U,CTY,1,2,783,136872,173,49:00.0,3,10:00,326
7761327848,U,CTY,1,1,236,136872,173,06:00.0,3,12:00,326
7761328003,U,CTY,1,1,568,136872,173,05:00.0,3,11:00,326
7761328068,U,CTY,1,1,404,261007,176,57:00.0,4,15:00,326
7761328324,U,IB,1,1,340,131940,133,45:00.0,6,0:00,326
7761328324,U,CTY,1,1,340,131940,191,46:00.0,6,0:00,326
7761328517,U,CTY,1,1,303,261007,176,53:00.0,4,15:00,326
7761328562,U,IB,1,1,872,129764,141,27:00.0,5,16:00,326
7761328580,U,CTY,1,4,3107,261007,176,43:00.0,4,15:00,326
7761328609,U,CTY,1,3,1994,261007,176,01:00.0,4,16:00,326
7761328681,U,CTY,1,1,406,261007,176,33:00.0,4,16:00,326
7761328782,U,OB,1,1,485,131940,80,27:00.0,6,0:00,326
7761328782,U,OB,1,1,485,131940,80,27:00.0,6,0:00,326
7761328865,U,IB,1,1,239,132764,125,05:00.0,6,10:00,326
7761328901,U,IB,1,1,791,135194,160,14:00.0,7,13:00,326
7761328901,U,IB,1,1,791,135194,145,52:00.0,7,5:00,326
776132892X,U,IB,1,1,265,129764,141,19:00.0,5,16:00,326
7761328939,U,IB,1,2,1245,132764,125,02:00.0,6,10:00,326
7761329058,U,CTY,1,1,463,119435,188,40:00.0,6,10:00,326
7761329130,U,IB,1,6,2895,132764,125,47:00.0,6,9:00,326
7761329332,U,IB,1,1,357,131940,133,38:00.0,6,0:00,326
7761329350,U,IB,1,2,635,122611,143,20:00.0,4,22:00,326
776132936X,U,IB,1,1,251,131940,133,00:00.0,6,1:00,326
7761329424,U,IB,1,2,2725,132764,125,22:00.0,6,10:00,326
7761329460,U,IB,1,1,440,129764,141,30:00.0,5,14:00,326
7761329498,U,IB,1,1,122,129764,141,30:00.0,5,14:00,326
776132980X,U,IB,1,1,222,131940,133,17:00.0,6,0:00,326
7761329965,U,CTY,1,1,175,119435,188,11:00.0,6,12:00,326
7761329983,U,IB,1,1,595,131940,133,32:00.0,6,0:00,326
7761329992,U,IB,1,1,282,131940,133,19:00.0,6,0:00,326
7761329992,U,OB,1,1,282,131940,80,26:00.0,6,0:00,326
7761361562,U,OB,1,1,374,127419,76,26:00.0,5,1:00,521
7761362020,U,OB,1,1,3000,125891,51,03:00.0,6,4:00,521
7761362406,U,IB,1,2,1145,132582,123,52:00.0,1,5:00,521
7761362516,U,OB,1,1,826,140358,26,55:00.0,4,20:00,521
7761362754,U,IB,1,2,396,131836,101,20:00.0,7,0:00,521
7761366265,U,OB,1,15,3582,118732,46,22:00.0,7,16:00,521
7761374102,U,OB,1,1,345,128016,78,22:00.0,7,21:00,521
7761374212,U,OB,1,2,490,131853,40,10:00.0,5,0:00,521
7761377559,U,IB,1,2,820,138779,131,03:00.0,5,11:00,521
7761379575,U,OB,1,2,2335,131836,83,13:00.0,7,1:00,521
7761380089,U,OB,1,1,57,128595,69,30:00.0,3,2:00,521
7761380327,U,OB,1,1,76,128595,69,41:00.0,3,2:00,521
7761380345,U,OB,1,1,91,128595,69,36:00.0,3,2:00,521
7761380574,U,OB,1,1,470,131011,72,36:00.0,1,18:00,521
7761380657,U,IB,1,1,475,130967,133,58:00.0,5,10:00,521
7761383526,U,OB,1,2,1350,133078,88,29:00.0,4,6:00,521
7761383609,U,OB,1,2,2541,134428,14,45:00.0,1,5:00,521
7761383636,U,OB,1,1,385,125891,51,39:00.0,6,3:00,521
776138370X,U,OB,1,1,250,125891,51,35:00.0,6,3:00,521
7761384332,U,OB,1,1,430,131011,72,31:00.0,1,21:00,521
7761384653,U,IB,1,2,3188,127801,111,02:00.0,4,18:00,521
7761384680,U,OB,1,12,5832,131729,73,24:00.0,5,15:00,521
7761387046,U,OB,1,2,1080,140154,39,33:00.0,6,14:00,521
7761387073,U,OB,1,1,930,138745,78,07:00.0,7,13:00,521
7761387100,U,OB,1,1,121,138745,78,49:00.0,7,12:00,521
7761387257,U,OB,1,2,781,131853,40,50:00.0,5,1:00,521
7761387403,U,IB,1,2,1081,121724,133,35:00.0,1,8:00,521
7761388119,U,CTY,1,10,8220,138630,196,18:00.0,5,9:00,521
7761388741,U,IB,1,2,1800,130948,103,19:00.0,2,10:00,521
7761389017,U,IB,1,1,209,134703,113,36:00.0,4,19:00,521
7761389264,U,IB,1,3,2855,127801,111,14:00.0,4,18:00,521
7761389558,U,OB,1,1,150,140154,39,50:00.0,6,14:00,521
7761391583,U,OB,1,1,857,506875,40,34:00.0,4,22:00,422
7761391592,U,OB,1,1,885,506875,40,54:00.0,4,22:00,422
7761391610,U,OB,1,1,1409,506875,40,31:00.0,4,22:00,422
7761391610,U,CTY,1,1,1409,506875,M6  ,10:00.0,5,0:00,422
7761394874,U,IB,1,1,1010,127801,111,31:00.0,4,17:00,521
776139492X,U,OB,1,1,349,135215,67,15:00.0,6,15:00,521
7761396149,U,OB,1,2,1090,136758,39,53:00.0,7,22:00,521
7761398569,U,OB,1,1,200,124137,32,50:00.0,4,21:00,521
7761399530,U,OB,1,1,145,138432,46,51:00.0,6,22:00,521
7761399631,U,OB,1,1,126,138432,19,57:00.0,6,21:00,521
7761399631,U,OB,1,1,126,138432,46,15:00.0,6,21:00,521
776140031X,U,OB,1,1,170,140154,39,44:00.0,6,11:00,521
7761400493,U,OB,1,1,855,128016,78,29:00.0,7,21:00,521
7761401061,U,OB,1,2,1880,125279,52,21:00.0,6,12:00,521
7761404298,U,IB,1,1,360,134703,113,25:00.0,4,20:00,521
7761404352,U,IB,1,2,1520,290255,158,31:00.0,6,12:00,521
7761407661,U,IB,1,2,1630,291244,113,07:00.0,5,16:00,521
7761408404,U,IB,1,1,218,138779,131,45:00.0,5,11:00,521
7761408541,U,IB,1,1,2050,127801,111,05:00.0,4,17:00,521
7761408853,U,OB,1,2,3775,130744,88,08:00.0,5,9:00,521
776140900X,U,IB,1,1,274,130948,103,43:00.0,2,8:00,521
7761409138,U,OB,1,1,350,139942,50,10:00.0,7,19:00,521
7761413538,U,IB,1,1,1325,127801,111,26:00.0,4,17:00,521
7761413702,U,IB,1,1,1345,134673,133,33:00.0,4,6:00,521
7761413711,U,OB,1,1,1340,131853,40,25:00.0,5,1:00,521
7761419954,U,OB,1,1,1594,133578,76,04:00.0,4,6:00,521
776142000X,U,CTY,1,15,10015,291007,176,28:00.0,3,21:00,521
7761431540,U,OB,1,2,255,133578,76,32:00.0,4,9:00,521
7761432310,U,OB,1,1,81,211184,95,34:00.0,1,22:00,521
776143298X,U,OB,1,2,234,133078,88,13:00.0,4,7:00,521
7761433080,U,IB,1,4,626,134703,113,53:00.0,4,19:00,521
776143309X,U,OB,1,1,100,124137,32,56:00.0,4,22:00,521
7761433585,U,OB,1,1,193,128595,69,40:00.0,3,3:00,521
7761433594,U,OB,1,1,97,128595,69,01:00.0,3,3:00,521
7761433713,U,IB,1,3,390,134703,113,06:00.0,4,20:00,521
776143397X,U,OB,1,2,372,131729,73,59:00.0,5,14:00,521
7761433989,U,OB,1,3,404,133251,17,41:00.0,5,13:00,521
7761433989,U,OB,1,3,404,133251,87,55:00.0,6,0:00,521
7761434126,U,OB,1,1,72,124137,32,44:00.0,4,22:00,521
7761434153,U,OB,1,2,339,124137,32,04:00.0,4,23:00,521
7761434236,U,OB,1,1,139,128416,40,12:00.0,7,17:00,521
776143452X,U,OB,1,2,454,124137,32,25:00.0,4,22:00,521
7761434658,U,IB,1,3,399,119548,116,46:00.0,6,3:00,521
7761434703,U,OB,1,1,67,128416,40,18:00.0,7,16:00,521
7761434759,U,IB,1,14,2415,121724,133,58:00.0,1,8:00,521
7761434997,U,IB,1,2,193,127801,111,18:00.0,4,16:00,521
7761436784,U,OB,1,1,245,127948,31,17:00.0,1,5:00,521
7761436784,U,CTY,1,1,245,127948,227,28:00.0,2,10:00,521
7761437031,U,OB,1,1,1940,131011,72,53:00.0,1,20:00,521
7761443952,U,OB,1,3,2035,128853,26,36:00.0,4,10:00,521
776144607X,U,IB,1,1,1415,131836,101,22:00.0,7,2:00,521
7761446262,U,OB,1,2,545,139942,50,27:00.0,7,20:00,521
7761448233,U,CTY,1,1,600,138630,196,53:00.0,5,8:00,521
7761448408,U,OB,1,2,1390,138432,46,47:00.0,6,21:00,521
7761448949,U,CTY,1,2,1280,139517,195,09:00.0,2,0:00,521
7761448949,U,CTY,1,2,1280,139517,168,15:00.0,1,18:00,521
7761449389,U,OB,1,1,260,137797,72,05:00.0,4,15:00,521
7761449425,U,OB,1,1,420,136758,39,59:00.0,7,22:00,521
7761452294,U,OB,1,1,415,133078,88,40:00.0,4,6:00,521
7761453073,U,OB,1,6,2580,139743,49,22:00.0,7,12:00,521
7761455549,U,OB,1,40,375,139944,89,10:00.0,1,14:00,521
7761461709,U,CTY,1,1,1080,249390,187,16:00.0,1,14:00,521
7761462167,U,OB,1,2,2328,125891,51,56:00.0,6,3:00,521
7761462167,U,OB,1,2,2328,125891,3,25:00.0,6,7:00,521
7761462340,U,OB,1,2,670,136969,17,39:00.0,6,9:00,521
7761465797,U,OB,1,1,352,45505,55,13:00.0,6,19:00,521
776146587X,U,OB,1,1,400,134428,14,20:00.0,1,7:00,521
7761466255,U,OB,1,1,1426,136511,17,05:00.0,4,19:00,521
7761466401,U,OB,1,1,1300,139942,50,29:00.0,7,20:00,521
7761466502,U,OB,1,1,42,126921,38,59:00.0,6,5:00,521
776146818X,U,OB,1,1,54,125891,51,23:00.0,6,3:00,521
7761469326,U,OB,1,1,945,45505,55,54:00.0,6,21:00,521
7761469793,U,OB,1,1,502,139517,46,26:00.0,1,19:00,521
7761469793,U,CTY,1,1,502,139517,168,25:00.0,1,19:00,521
7761474880,U,OB,1,1,65,125891,51,08:00.0,6,3:00,521
7761474909,U,CTY,1,1,2270,131836,189,15:00.0,7,3:00,521
7761474909,U,IB,1,1,2270,131836,101,13:00.0,7,3:00,521
7761476090,U,IB,1,2,650,132582,123,43:00.0,1,6:00,521
7761479107,U,OB,1,1,165,137797,72,01:00.0,4,15:00,521
7761479859,U,OB,1,1,435,136511,17,19:00.0,4,18:00,521
7761479868,U,OB,1,1,390,132300,84,27:00.0,6,18:00,521
7761480270,U,CTY,1,1,124,128712,194,26:00.0,6,10:00,521
7761480326,U,IB,1,1,124,127801,111,37:00.0,4,17:00,521
7761480600,U,OB,1,1,352,131011,72,55:00.0,1,19:00,521
776148061X,U,OB,1,1,1453,137824,46,41:00.0,2,13:00,521
776148061X,U,OB,1,1,1453,137824,15,26:00.0,2,15:00,521
7761485808,U,OB,1,1,1100,139967,67,06:00.0,7,19:00,521
7761487586,U,OB,1,1,356,133251,17,30:00.0,5,13:00,521
7761487860,U,CTY,1,5,11248,128712,194,53:00.0,6,10:00,521
7761490170,U,OB,1,1,1600,137941,88,20:00.0,5,7:00,521
7761493389,U,IB,1,1,343,290255,158,39:00.0,6,12:00,521
7761493672,U,OB,1,1,340,137797,72,00:00.0,4,14:00,521
7761493719,U,OB,1,2,6440,139944,89,24:00.0,1,14:00,521
7761493719,U,CTY,1,2,6440,139944,193,25:00.0,1,14:00,521
7761493800,U,IB,1,23,175,291244,113,49:00.0,5,15:00,521
7761494002,U,CTY,1,1,191,290119,237,21:00.0,3,0:00,521
7761494653,U,IB,1,1,280,119548,116,14:00.0,6,3:00,521
7761498842,U,IB,1,7,1745,131836,101,25:00.0,7,3:00,521
776149887X,U,OB,1,3,3865,118732,46,01:00.0,7,16:00,521
7761498898,U,OB,1,3,4800,118732,46,40:00.0,7,15:00,521
7761499291,U,IB,1,1,615,130967,133,23:00.0,5,10:00,521
7761499329,U,CTY,1,2,2040,128712,194,03:00.0,6,10:00,521
7761499356,U,CTY,1,2,1952,128712,194,15:00.0,6,10:00,521
776149953X,U,OB,1,2,600,140263,74,01:00.0,5,5:00,521
7761499567,U,OB,1,10,11071,140263,74,14:00.0,5,8:00,521
7761501776,U,OB,1,2,200,131011,72,22:00.0,1,21:00,521
7761501913,U,OB,1,1,215,134428,14,25:00.0,1,3:00,521
7761501969,U,IB,1,17,13710,132582,123,43:00.0,1,5:00,521
7761502005,U,OB,1,1,1594,131011,72,41:00.0,1,21:00,521
7761502041,U,IB,1,4,7215,134673,133,02:00.0,4,8:00,521
7761502050,U,OB,1,1,1283,137797,72,44:00.0,4,15:00,521
7761502079,U,OB,1,3,6378,126921,38,31:00.0,6,6:00,521
7761503022,U,IB,1,5,3600,138779,131,29:00.0,5,10:00,521
7761503316,U,OB,1,1,242,126921,38,27:00.0,6,6:00,521
7761503480,U,IB,1,1,567,291244,113,44:00.0,5,14:00,521
7761503619,U,OB,1,2,1750,136969,17,50:00.0,6,9:00,521
7761503646,U,OB,1,1,385,136511,17,05:00.0,4,22:00,521
7761504618,U,IB,1,1,600,127801,111,12:00.0,4,16:00,521
7761505130,U,CTY,1,3,370,139517,168,30:00.0,1,20:00,521
7761505498,U,CTY,1,9,14540,133060,175,34:00.0,7,7:00,521
7761505727,U,IB,1,1,130,121724,133,16:00.0,1,6:00,521
776150602X,U,OB,1,1,711,134218,31,29:00.0,3,14:00,521
7761506102,U,IB,1,1,425,134673,133,02:00.0,4,6:00,521
7761506120,U,OB,1,1,1352,140263,74,31:00.0,5,4:00,521
776150613X,U,OB,1,1,532,130744,88,02:00.0,5,9:00,521
7761507110,U,OB,1,1,877,133578,76,21:00.0,4,7:00,521
7761507285,U,OB,1,8,3956,137824,46,55:00.0,2,13:00,521
7761508019,U,IB,1,2,1260,134673,133,49:00.0,4,6:00,521
7761511932,U,IB,1,2,380,123777,141,20:00.0,3,13:00,216
7761511941,U,IB,1,1,380,118641,133,48:00.0,3,18:00,216
776151196X,U,IB,1,1,280,118641,133,54:00.0,3,18:00,216
7761513591,U,IB,1,9,3044,559619,143,02:00.0,6,1:00,216
7761514233,U,CTY,1,3,2100,290869,174,20:00.0,6,7:00,216
7761514242,U,IB,1,1,357,135340,149,57:00.0,3,13:00,216
7761516534,U,IB,1,1,190,133452,143,44:00.0,7,17:00,216
7761516718,U,OB,1,2,1150,137673,95,04:00.0,1,19:00,216
7761517699,U,IB,1,2,457,140074,103,56:00.0,3,14:00,216
7761517726,U,IB,1,2,2088,139450,111,22:00.0,3,5:00,216
776151834X,U,IB,1,2,1809,119426,105,48:00.0,5,12:00,216
776151900X,U,IB,1,1,400,559143,163,43:00.0,1,6:00,216
7761524198,U,IB,1,1,536,135340,149,42:00.0,3,11:00,216
7761524234,U,IB,1,1,396,123579,149,53:00.0,4,14:00,216
7761529056,U,IB,1,1,45,135340,149,43:00.0,3,12:00,216
7761529092,U,IB,1,4,3986,290262,151,16:00.0,4,18:00,216
7761529101,U,IB,1,4,3517,290262,151,08:00.0,4,18:00,216
7761529157,U,IB,1,1,985,310316,117,35:00.0,1,8:00,216
7761529249,U,IB,1,3,5145,138518,103,04:00.0,3,15:00,216
7761529541,U,IB,1,4,6735,531239,116,34:00.0,5,18:00,216
7761529588,U,IB,1,6,12979,559143,163,14:00.0,1,11:00,216
7761529615,U,IB,1,4,5889,125025,143,46:00.0,3,11:00,216
7761529633,U,IB,1,5,5425,559619,143,42:00.0,5,22:00,216
776152967X,U,IB,1,4,5205,261306,127,04:00.0,4,10:00,216
7761529698,U,IB,1,4,6675,558899,135,51:00.0,7,1:00,216
7761529716,U,IB,1,3,870,558899,135,24:00.0,7,1:00,216
7761529752,U,IB,1,2,295,291170,151,37:00.0,4,7:00,216
7761530394,U,IB,1,1,257,137169,125,19:00.0,3,13:00,216
7761530477,U,IB,1,4,2483,123579,149,22:00.0,4,13:00,216
7761530486,U,IB,1,4,2324,261385,116,37:00.0,4,10:00,216
7761530504,U,IB,1,4,2312,123579,149,15:00.0,4,15:00,216
7761530605,U,CTY,1,8,5286,124186,168,50:00.0,5,8:00,216
7761530605,U,IB,1,8,5286,124186,160,21:00.0,5,12:00,216
7761530614,U,IB,1,1,14328,290262,151,40:00.0,4,15:00,216
7761530614,U,IB,1,1,14328,290262,160,34:00.0,4,16:00,216
7761530632,U,IB,1,4,1890,135311,104,11:00.0,5,8:00,216
7761530679,U,IB,1,4,2153,310316,117,15:00.0,1,10:00,216
7761530843,U,CTY,1,5,3302,124186,223,50:00.0,6,18:00,216
7761530843,U,CTY,1,5,3302,124186,168,45:00.0,5,8:00,216
776153088X,U,IB,1,5,2878,279026,112,05:00.0,6,10:00,216
7761530935,U,CTY,1,5,2829,130757,172,04:00.0,5,10:00,216
7761530935,U,IB,1,5,2829,130757,114,53:00.0,5,9:00,216
7761531009,U,IB,1,2,363,310316,117,54:00.0,1,9:00,216
7761531036,U,IB,1,5,4625,121112,149,40:00.0,5,13:00,216
7761531393,U,IB,1,4,2386,129895,111,04:00.0,7,15:00,216
7761531512,U,CTY,1,3,1815,135252,188,38:00.0,3,11:00,216
7761531631,U,CTY,1,3,1863,135252,188,01:00.0,3,11:00,216
7761531723,U,IB,1,4,1945,135532,114,48:00.0,4,14:00,216
7761535775,U,CTY,1,2,390,134363,187,54:00.0,6,16:00,216
7761535885,U,IB,1,2,510,129562,135,28:00.0,6,12:00,216
7761535921,U,IB,1,2,370,129965,143,11:00.0,7,9:00,216
7761535977,U,CTY,1,2,520,134363,187,39:00.0,6,14:00,216
7761536040,U,IB,1,1,270,119049,117,37:00.0,4,10:00,216
7761536069,U,IB,1,1,380,119049,117,41:00.0,4,10:00,216
7761539818,U,CTY,1,4,1260,126104,236,18:00.0,2,10:00,216
7761539818,U,CTY,1,4,1260,126104,237,07:00.0,5,19:00,216
7761539818,U,IB,1,4,1260,126104,141,42:00.0,5,9:00,216
7761540808,U,CTY,1,2,950,134535,169,01:00.0,3,13:00,216
7761540853,U,IB,1,1,310,128446,123,05:00.0,3,16:00,216
7761540963,U,IB,1,1,350,128446,123,46:00.0,3,17:00,216
776154111X,U,IB,1,2,810,119049,117,02:00.0,4,10:00,216
7761543576,U,IB,1,1,1095,126219,149,29:00.0,5,5:00,216
7761543731,U,IB,1,3,1470,126219,149,49:00.0,5,5:00,216
7761543841,U,IB,1,16,1810,261054,129,11:00.0,4,19:00,216
7761544144,U,IB,1,1,1030,135863,152,13:00.0,4,19:00,216
776154419X,U,IB,1,1,202,135863,152,38:00.0,4,16:00,216
7761548782,U,CTY,1,2,389,135252,188,16:00.0,3,10:00,216
7761548791,U,IB,1,1,449,121290,117,01:00.0,3,10:00,216
7761548829,U,IB,1,5,5865,121290,117,09:00.0,3,11:00,216
7761548847,U,IB,1,1,4416,290354,129,26:00.0,4,9:00,216
776154892X,U,CTY,1,2,3845,127557,B9  ,56:00.0,7,13:00,216
7761553889,U,IB,1,1,20,290902,131,09:00.0,3,7:00,216
7761553934,U,IB,1,4,156,290902,131,07:00.0,3,7:00,216
7761553970,U,OB,1,6,237,249027,96,21:00.0,5,11:00,216
7761554026,U,OB,1,1,40,249027,96,00:00.0,5,12:00,216
7761554136,U,OB,1,2,75,130586,96,33:00.0,7,15:00,216
7761554172,U,IB,1,1,26,277216,113,10:00.0,4,10:00,216
7761554181,U,CTY,1,2,60,277216,182,29:00.0,4,10:00,216
7761554181,U,IB,1,2,60,277216,113,28:00.0,4,10:00,216
7761554219,U,IB,1,2,66,290902,131,11:00.0,3,7:00,216
7761554255,U,IB,1,6,180,277216,113,44:00.0,4,10:00,216
7761554291,U,IB,1,2,327,126104,141,59:00.0,5,8:00,216
7761554300,U,IB,1,8,320,126104,141,07:00.0,5,8:00,216
776155431X,U,IB,1,6,180,126104,141,49:00.0,5,8:00,216
7761554338,U,IB,1,2,130,126104,141,12:00.0,5,9:00,216
7761554457,U,IB,1,2,162,126104,141,08:00.0,5,9:00,216
7761554493,U,IB,1,1,40,124130,116,46:00.0,6,6:00,216
7761554659,U,IB,1,2,585,127469,151,58:00.0,3,10:00,216
7761554796,U,IB,1,4,72,134010,163,56:00.0,6,11:00,216
7761554841,U,IB,1,2,80,134405,117,15:00.0,7,10:00,216
7761555355,U,IB,1,1,358,137169,125,16:00.0,3,13:00,216
7761555447,U,CTY,1,5,2797,136953,176,18:00.0,4,2:00,216
7761558013,U,IB,1,8,7249,119676,102,11:00.0,4,18:00,216
7761559068,U,IB,1,20,900,134010,163,56:00.0,6,10:00,216
7761559077,U,IB,1,1,58,134405,117,32:00.0,7,7:00,216
7761559178,U,IB,1,3,120,134405,117,39:00.0,7,9:00,216
7761559187,U,IB,1,1,40,134405,117,32:00.0,7,9:00,216
7761559672,U,IB,1,1,26,125833,105,13:00.0,7,14:00,216
7761559690,U,IB,1,6,246,119426,105,44:00.0,5,17:00,216
7761559719,U,IB,1,1,110,119426,105,53:00.0,5,17:00,216
7761559728,U,IB,1,1,40,135095,155,41:00.0,4,12:00,216
7761559728,U,IB,1,1,40,135095,149,22:00.0,4,11:00,216
7761559764,U,IB,1,1,40,134405,117,03:00.0,7,8:00,216
7761621364,U,IB,1,1,170,41406,114,05:00.0,7,20:00,216
7761621373,U,IB,1,1,229,41406,114,08:00.0,7,20:00,216
7761621382,U,OB,1,1,330,137535,95,39:00.0,7,15:00,216
7761621400,U,IB,1,1,1310,291246,114,05:00.0,6,6:00,216
776162141X,U,IB,1,1,413,291246,114,01:00.0,6,6:00,216
7761621429,U,IB,1,1,1045,291246,110,00:00.0,6,14:00,216
7761621429,U,IB,1,1,1045,291246,114,04:00.0,6,6:00,216
7761621474,U,IB,1,1,71,135095,149,47:00.0,4,8:00,216
7761621501,U,IB,1,1,309,129562,135,29:00.0,6,13:00,216
776162306X,U,IB,1,6,8674,134405,117,56:00.0,7,7:00,216
7761623088,U,IB,1,3,2055,134405,117,46:00.0,7,10:00,216
7761623097,U,IB,1,3,1551,132162,158,29:00.0,7,15:00,216
7761623207,U,CTY,1,1,115,134363,187,06:00.0,6,14:00,216
7761645032,U,IB,1,1,807,291246,114,28:00.0,6,6:00,216
7761645079,U,IB,1,1,717,291246,114,35:00.0,6,6:00,216
7761645088,U,IB,1,1,375,119676,105,21:00.0,4,16:00,216
7761645097,U,IB,1,1,94,119446,103,59:00.0,5,17:00,216
7761645115,U,IB,1,1,870,291246,114,59:00.0,6,6:00,216
7761645225,U,IB,1,1,355,139971,104,21:00.0,4,21:00,216
7761649524,U,IB,1,6,3177,136659,113,31:00.0,7,0:00,216
7761650249,U,OB,1,2,3320,137673,95,22:00.0,1,18:00,216
7761651100,U,IB,1,2,3405,130980,150,30:00.0,7,10:00,216
7761651129,U,IB,1,1,210,129965,143,35:00.0,7,7:00,216
7761651156,U,IB,1,1,790,129965,143,18:00.0,7,8:00,216
7761651174,U,IB,1,1,735,129965,143,03:00.0,7,7:00,216
776165298X,U,IB,1,1,358,291246,114,32:00.0,6,6:00,216
7761653008,U,IB,1,1,150,119446,103,05:00.0,5,18:00,216
7761657976,U,IB,1,1,900,132162,158,01:00.0,7,15:00,216
7761661478,U,IB,1,1,310,127557,101,23:00.0,7,14:00,216
7761661633,U,IB,1,4,770,559143,163,51:00.0,1,11:00,216
7761661909,U,IB,1,1,410,279882,116,16:00.0,6,20:00,216
7761661963,U,IB,1,5,2160,279882,116,04:00.0,6,19:00,216
776166200X,U,IB,1,9,3270,261383,131,00:00.0,6,14:00,216
7761662284,U,IB,1,1,2439,138518,103,23:00.0,3,14:00,216
7761662376,U,OB,1,1,280,202371,86,10:00.0,5,11:00,216
776166255X,U,IB,1,1,205,559143,163,30:00.0,1,6:00,216
7761662614,U,IB,1,1,310,127557,101,17:00.0,7,14:00,216
7761664026,U,CTY,1,1,180,134363,187,42:00.0,6,13:00,216
7761664190,U,OB,1,1,280,137535,92,01:00.0,7,18:00,216
7761664190,U,OB,1,1,280,137535,92,01:00.0,7,18:00,216
7761664255,U,IB,1,1,260,135704,101,21:00.0,7,10:00,216
7761670433,U,IB,1,6,2150,125176,145,38:00.0,3,13:00,216
7761670442,U,IB,1,2,760,125176,145,00:00.0,3,15:00,216
7761670460,U,IB,1,2,640,123777,141,14:00.0,3,13:00,216
7761670489,U,CTY,1,1,220,134535,169,43:00.0,3,12:00,216
7761670525,U,IB,1,1,270,128446,123,54:00.0,3,17:00,216
7761670561,U,IB,1,1,300,128446,123,59:00.0,3,17:00,216
7761670718,U,IB,1,1,260,128446,123,08:00.0,3,15:00,216
7761674339,U,CTY,1,1,520,135252,188,10:00.0,3,11:00,216
7761674375,U,IB,1,1,270,121290,117,56:00.0,3,13:00,216
7761674411,U,IB,1,1,290,121290,117,34:00.0,3,14:00,216
7761674467,U,IB,1,1,240,121290,117,34:00.0,3,11:00,216
7761674503,U,IB,1,1,390,121290,117,31:00.0,3,15:00,216
7761674916,U,OB,1,1,480,137673,95,52:00.0,1,18:00,216
7761674934,U,IB,1,2,520,127111,104,40:00.0,7,6:00,216
776167762X,U,IB,1,1,420,133854,117,48:00.0,6,5:00,216
7761677666,U,IB,1,1,400,279026,112,40:00.0,6,5:00,216
7761677711,U,IB,1,1,320,133854,117,45:00.0,6,5:00,216
7761677803,U,IB,1,1,280,137169,125,21:00.0,3,11:00,216
7761677812,U,IB,1,1,260,137169,125,18:00.0,3,11:00,216
7761677886,U,IB,1,1,370,137169,125,45:00.0,3,10:00,216
7761677895,U,IB,1,1,310,137169,125,42:00.0,3,10:00,216
7761677969,U,IB,1,1,280,137169,125,07:00.0,3,13:00,216
7761677978,U,IB,1,1,270,137169,125,07:00.0,3,11:00,216
7761678151,U,IB,1,1,290,126219,149,35:00.0,5,5:00,216
7761678189,U,IB,1,1,350,137169,125,47:00.0,3,12:00,216
7761678207,U,IB,1,4,895,135863,152,42:00.0,4,18:00,216
7761678409,U,IB,1,1,280,135848,165,32:00.0,1,17:00,216
7761678463,U,OB,1,3,1190,249218,86,21:00.0,1,6:00,216
7761678490,U,IB,1,1,430,279026,112,51:00.0,6,6:00,216
7761679013,U,CTY,1,1,250,138518,231,01:00.0,4,5:00,216
7761679013,U,IB,1,1,250,138518,103,30:00.0,3,15:00,216
7761679040,U,IB,1,1,370,125025,143,20:00.0,3,12:00,216
7761680838,U,IB,1,1,330,129499,131,44:00.0,6,11:00,216
7761680847,U,IB,1,1,210,129499,131,59:00.0,6,11:00,216
7761680874,U,IB,1,1,300,129499,131,38:00.0,6,12:00,216
7761680883,U,IB,1,1,230,129499,131,53:00.0,6,12:00,216
7761681121,U,OB,1,1,460,130586,96,10:00.0,7,13:00,216
7761681130,U,OB,1,1,430,130586,96,00:00.0,7,13:00,216
7761681159,U,OB,1,1,490,130586,96,06:00.0,7,13:00,216
7761681278,U,IB,1,1,435,121290,117,06:00.0,3,15:00,216
7761681415,U,IB,1,1,450,121290,117,21:00.0,3,16:00,216
7761681460,U,OB,1,1,200,128748,88,23:00.0,4,18:00,216
7761681525,U,IB,1,1,650,249140,117,50:00.0,4,9:00,216
7761681534,U,IB,1,1,370,129306,117,12:00.0,3,16:00,216
7761681599,U,IB,1,1,340,129306,117,52:00.0,3,14:00,216
7761681680,U,IB,1,1,460,249140,117,43:00.0,4,9:00,216
776168169X,U,IB,1,1,260,138518,103,53:00.0,3,15:00,216
7761682111,U,OB,1,2,790,137535,92,02:00.0,7,18:00,216
7761682111,U,OB,1,2,790,137535,95,01:00.0,7,18:00,216
7761682158,U,OB,1,1,350,137535,95,01:00.0,7,18:00,216
7761682158,U,OB,1,1,350,137535,92,02:00.0,7,18:00,216
7761682295,U,IB,1,1,270,129965,143,30:00.0,7,10:00,216
7761682304,U,IB,1,2,540,129965,143,51:00.0,7,10:00,216
7761682414,U,CTY,1,1,170,134363,187,39:00.0,6,15:00,216
776168246X,U,CTY,1,2,530,134363,187,32:00.0,6,15:00,216
7761682542,U,IB,1,1,280,119049,117,44:00.0,4,10:00,216
7761682560,U,IB,1,1,220,119049,117,41:00.0,4,9:00,216
7761682771,U,IB,1,2,630,139971,104,36:00.0,4,22:00,216
7761682982,U,IB,1,1,190,119049,117,32:00.0,4,10:00,216
776168301X,U,IB,1,1,270,128446,123,21:00.0,3,13:00,216
7761683029,U,IB,1,1,480,128446,123,10:00.0,3,13:00,216
7761683083,U,IB,1,1,400,128446,123,53:00.0,3,14:00,216
776168312X,U,CTY,1,1,250,134535,169,11:00.0,3,11:00,216
7761683139,U,CTY,1,1,520,134535,169,40:00.0,3,11:00,216
7761683184,U,IB,1,1,270,128446,123,02:00.0,3,13:00,216
7761683294,U,IB,1,1,270,128446,123,55:00.0,3,15:00,216
7761683294,U,IB,1,1,270,128446,155,49:00.0,4,3:00,216
7761683321,U,CTY,1,1,490,134535,169,26:00.0,3,11:00,216
7761683368,U,IB,1,1,230,128446,123,07:00.0,3,14:00,216
7761683440,U,IB,1,1,300,128446,123,29:00.0,3,14:00,216
7761683505,U,IB,1,1,510,128446,123,07:00.0,3,13:00,216
7761683597,U,CTY,1,2,770,121789,172,56:00.0,5,19:00,216
7761683689,U,IB,1,1,310,119676,105,38:00.0,4,15:00,216
7761683761,U,IB,1,4,1060,430356,149,57:00.0,5,12:00,216
7761683808,U,IB,1,3,870,129965,143,44:00.0,7,9:00,216
7761683871,U,IB,1,2,390,291246,114,23:00.0,6,6:00,216
776168389X,U,IB,1,1,220,430356,149,00:00.0,5,12:00,216
7761684037,U,IB,1,1,300,135689,101,40:00.0,6,1:00,216
7761684055,U,IB,1,1,440,135689,101,23:00.0,6,2:00,216
7761684100,U,IB,1,7,1980,132737,103,25:00.0,7,4:00,216
7761684129,U,IB,1,2,580,261383,131,05:00.0,6,13:00,216
7761684156,U,OB,1,1,540,202371,86,17:00.0,5,12:00,216
7761684275,U,IB,1,1,300,261306,127,03:00.0,4,9:00,216
7761684311,U,IB,1,1,230,129306,117,32:00.0,3,22:00,216
7761684320,U,CTY,1,2,650,133257,169,29:00.0,3,13:00,216
776168433X,U,IB,1,1,250,249140,117,36:00.0,4,9:00,216
7761684376,U,IB,1,1,540,249140,117,10:00.0,4,10:00,216
7761684688,U,OB,1,1,240,202371,86,06:00.0,5,13:00,216
7761684706,U,OB,1,1,290,202371,86,31:00.0,5,12:00,216
7761684724,U,OB,1,1,250,202371,86,51:00.0,5,12:00,216
776168477X,U,IB,1,1,480,125025,143,03:00.0,3,13:00,216
7761684789,U,IB,1,1,250,125025,143,05:00.0,3,13:00,216
7761684834,U,IB,1,3,1590,249140,117,23:00.0,4,10:00,216
7761684834,U,IB,1,3,1590,249140,105,44:00.0,4,11:00,216
7761684908,U,IB,1,1,150,118641,133,49:00.0,3,13:00,216
7761689555,U,IB,1,1,230,138518,103,43:00.0,3,15:00,216
7761689582,U,IB,1,2,830,138518,103,58:00.0,3,15:00,216
7761689739,U,IB,1,1,500,138518,103,14:00.0,3,15:00,216
7761689784,U,IB,1,2,450,128446,123,50:00.0,3,12:00,216
7761689903,U,OB,1,7,1785,137673,95,51:00.0,1,10:00,216
7761689968,U,IB,1,1,790,132868,116,27:00.0,7,19:00,216
7761689995,U,IB,1,1,340,132868,116,53:00.0,7,18:00,216
7761693643,U,IB,1,1,270,129306,117,05:00.0,3,16:00,216
7761693863,U,IB,1,3,890,135340,149,21:00.0,3,14:00,216
7761693955,U,IB,1,1,280,135340,149,02:00.0,3,14:00,216
7761693973,U,IB,1,1,350,137169,125,07:00.0,3,10:00,216
7761693982,U,IB,1,1,430,137169,125,36:00.0,3,10:00,216
7761694029,U,IB,1,1,210,135340,149,58:00.0,3,14:00,216
7761694431,U,OB,1,1,440,128748,88,11:00.0,4,18:00,216
7761694440,U,OB,1,2,410,128748,88,52:00.0,4,17:00,216
7761694487,U,IB,1,2,560,129499,131,29:00.0,6,10:00,216
7761694541,U,IB,1,1,430,121112,149,35:00.0,5,11:00,216
7761694734,U,IB,1,1,380,261383,131,08:00.0,6,14:00,216
7761694752,U,IB,1,2,740,261383,131,24:00.0,6,14:00,216
7761694826,U,IB,1,1,280,121112,149,02:00.0,5,12:00,216
7761694981,U,IB,1,1,300,121112,149,40:00.0,5,11:00,216
7761698061,U,IB,1,1,190,137169,125,11:00.0,3,13:00,216
776169808X,U,IB,1,1,250,140074,103,33:00.0,3,13:00,216
7761698144,U,IB,1,1,330,137169,125,52:00.0,3,12:00,216
7761699116,U,OB,1,1,310,202371,86,23:00.0,5,11:00,216
7761699170,U,OB,1,1,240,202371,86,33:00.0,5,10:00,216
7761699208,U,IB,1,1,320,202371,165,48:00.0,5,9:00,216
7761699208,U,IB,1,1,320,202371,165,48:00.0,5,9:00,216
7761699217,U,OB,1,1,300,202371,86,38:00.0,5,10:00,216
776169962X,U,IB,1,3,820,135632,117,18:00.0,4,10:00,216
7761699657,U,IB,1,1,310,129562,135,54:00.0,6,13:00,216
7761699657,U,CTY,1,1,310,129562,231,36:00.0,6,18:00,216
7761699767,U,IB,1,1,580,261383,131,11:00.0,6,13:00,216
7761699877,U,IB,1,1,240,128446,123,23:00.0,3,16:00,216
7761699886,U,IB,1,2,710,128446,123,11:00.0,3,16:00,216
7761699940,U,IB,1,1,240,128446,123,51:00.0,3,17:00,216
7761700573,U,IB,1,1,230,129895,111,16:00.0,7,14:00,216
7761700995,U,CTY,1,1,440,121691,174,59:00.0,7,7:00,216
776170105X,U,IB,1,1,560,131089,112,44:00.0,7,13:00,216
7761701132,U,IB,1,1,320,129895,111,32:00.0,7,14:00,216
776170127X,U,IB,1,1,580,140074,103,00:00.0,3,15:00,216
7761701316,U,IB,1,1,280,135863,152,50:00.0,4,18:00,216
7761701408,U,IB,1,1,200,135863,152,11:00.0,4,18:00,216
7761702068,U,OB,1,1,300,128748,88,02:00.0,4,18:00,216
7761702086,U,OB,1,1,420,128748,88,07:00.0,4,18:00,216
7761702223,U,IB,1,1,440,127557,101,12:00.0,7,14:00,216
7761702389,U,OB,1,1,520,128748,88,17:00.0,4,18:00,216
7761702407,U,OB,1,1,340,128748,88,19:00.0,4,18:00,216
7761702470,U,OB,1,1,390,128748,88,47:00.0,4,17:00,216
7761702535,U,IB,1,1,340,128283,151,48:00.0,1,3:00,216
7761702544,U,IB,1,2,850,559143,163,58:00.0,1,8:00,216
7761702544,U,OB,1,2,850,559143,88,34:00.0,1,13:00,216
7761702580,U,IB,1,1,250,138518,103,30:00.0,3,15:00,216
7761702580,U,CTY,1,1,250,138518,231,01:00.0,4,5:00,216
7761702618,U,IB,1,1,260,125025,143,12:00.0,3,13:00,216
7761702645,U,IB,1,1,270,138518,103,42:00.0,3,15:00,216
7761702672,U,IB,1,1,270,138518,103,45:00.0,3,15:00,216
7761702755,U,IB,1,1,320,138518,103,35:00.0,3,15:00,216
7761702755,U,CTY,1,1,320,138518,231,01:00.0,4,5:00,216
7761702847,U,IB,1,2,310,279882,116,49:00.0,6,18:00,216
7761702957,U,OB,1,1,260,202371,86,09:00.0,5,10:00,216
7761703121,U,IB,1,1,200,249140,117,39:00.0,4,8:00,216
776170314X,U,IB,1,1,400,249140,117,58:00.0,4,7:00,216
7761703240,U,IB,1,1,320,125025,143,51:00.0,3,11:00,216
7761703296,U,IB,1,1,200,261306,127,07:00.0,4,9:00,216
7761703323,U,IB,1,1,280,261306,127,49:00.0,4,8:00,216
7761703406,U,IB,1,1,700,138518,103,08:00.0,3,15:00,216
7761703498,U,IB,1,1,460,125025,143,19:00.0,3,13:00,216
7761703635,U,IB,1,1,220,125025,143,57:00.0,3,12:00,216
7761703653,U,IB,1,1,190,125025,143,46:00.0,3,12:00,216
7761703662,U,CTY,1,1,170,129306,DP  ,13:00.0,3,12:00,216
7761704075,U,IB,1,1,340,430356,149,13:00.0,5,13:00,216
7761704120,U,IB,1,1,300,129562,135,58:00.0,6,12:00,216
7761704221,U,IB,1,1,260,291246,114,25:00.0,6,6:00,216
7761704230,U,IB,1,1,150,119446,103,12:00.0,5,19:00,216
7761704268,U,IB,1,1,340,135704,108,32:00.0,7,10:00,216
7761704268,U,IB,1,1,340,135704,101,31:00.0,7,10:00,216
7761704286,U,IB,1,2,1075,132162,158,08:00.0,7,16:00,216
7761704313,U,IB,1,1,250,135704,101,35:00.0,7,10:00,216
7761704340,U,IB,1,1,260,135704,101,45:00.0,7,10:00,216
7761704387,U,IB,1,1,290,132162,158,53:00.0,7,15:00,216
7761704432,U,OB,1,2,1070,137535,92,02:00.0,7,18:00,216
7761704432,U,OB,1,2,1070,137535,95,00:00.0,7,18:00,216
7761704497,U,IB,1,1,240,135704,101,39:00.0,7,10:00,216
7761705514,U,IB,1,1,230,135340,149,05:00.0,3,15:00,216
7761705523,U,IB,1,2,360,135340,149,15:00.0,3,16:00,216
7761705734,U,IB,1,1,320,140074,103,03:00.0,3,15:00,216
7761706129,U,IB,1,1,820,131089,112,10:00.0,7,12:00,216
7761706156,U,IB,1,1,260,279026,112,31:00.0,6,5:00,216
7761706156,U,CTY,1,1,260,279026,231,01:00.0,6,14:00,216
7761706156,U,CTY,1,1,260,279026,233,49:00.0,2,21:00,216
7761706192,U,IB,1,1,240,279026,112,11:00.0,6,5:00,216
7761706320,U,OB,1,1,280,128748,88,09:00.0,4,19:00,216
7761706349,U,IB,1,1,300,135944,116,00:00.0,3,15:00,216
7761706358,U,IB,1,1,210,135944,116,51:00.0,3,14:00,216
776170644X,U,OB,1,1,360,128748,88,13:00.0,4,18:00,216
7761706531,U,IB,1,1,480,279882,116,08:00.0,6,19:00,216
7761706632,U,IB,1,1,230,249140,117,51:00.0,4,8:00,216
7761706807,U,CTY,1,1,250,133906,197,38:00.0,4,15:00,216
7761706908,U,CTY,1,1,530,133906,197,01:00.0,4,15:00,216
7761706935,U,CTY,1,1,250,128748,199,46:00.0,4,18:00,216
7761706935,U,CTY,1,1,250,128748,199,46:00.0,4,18:00,216
7761706980,U,OB,1,1,370,128748,88,21:00.0,4,18:00,216
776170699X,U,OB,1,1,340,128748,88,39:00.0,4,18:00,216
776170699X,U,CTY,1,1,340,128748,231,57:00.0,4,18:00,216
776170699X,U,CTY,1,1,340,128748,235,47:00.0,5,2:00,216
776170699X,U,CTY,1,1,340,128748,204,39:00.0,6,3:00,216
7761707036,U,IB,1,1,220,129895,111,26:00.0,7,14:00,216
7761707348,U,IB,1,1,510,558759,108,44:00.0,6,20:00,216
7761707348,U,IB,1,1,510,558759,111,05:00.0,6,20:00,216
7761707348,U,CTY,1,1,510,558759,N   ,37:00.0,7,1:00,216
7761707357,U,IB,1,2,1160,558759,111,43:00.0,6,21:00,216
776170776X,U,CTY,1,1,315,129881,169,32:00.0,1,1:00,216
7761707824,U,IB,1,1,490,126013,163,38:00.0,7,12:00,216
7761707943,U,IB,1,1,280,135289,105,28:00.0,2,1:00,216
7761707961,U,IB,1,1,250,135289,105,47:00.0,2,1:00,216
7761708017,U,IB,1,2,950,123280,111,10:00.0,1,1:00,216
7761708044,U,IB,1,1,360,123280,111,58:00.0,1,0:00,216
776170809X,U,IB,1,1,560,279882,116,20:00.0,6,18:00,216
7761708190,U,IB,1,1,400,261383,131,51:00.0,6,12:00,216
7761708228,U,IB,1,5,2515,132737,103,46:00.0,7,4:00,216
776170908X,U,OB,1,1,340,137535,95,47:00.0,7,15:00,216
7761709263,U,OB,1,1,480,137673,95,47:00.0,1,18:00,216
7761709272,U,IB,1,1,220,132868,116,59:00.0,7,18:00,216
776170941X,U,IB,1,1,400,123280,111,33:00.0,1,1:00,216
7761709492,U,IB,1,1,520,123280,111,19:00.0,1,1:00,216
776170952X,U,IB,1,2,290,123280,111,17:00.0,1,0:00,216
7761709584,U,IB,1,1,680,132868,116,37:00.0,7,18:00,216
7761709611,U,IB,1,3,970,132868,116,10:00.0,7,20:00,216
7761709667,U,IB,1,1,420,125833,105,17:00.0,7,13:00,216
7761709813,U,IB,1,1,290,123280,111,29:00.0,1,1:00,216
7761710702,U,IB,1,1,778,126610,151,41:00.0,4,21:00,381
7761735544,U,OB,1,1,267,291025,74,50:00.0,3,4:00,431
7761735627,U,CTY,1,2,670,131617,169,29:00.0,1,22:00,431
7761735645,U,CTY,1,2,919,131617,169,40:00.0,1,22:00,431
7761735654,U,CTY,1,4,2240,131617,169,01:00.0,1,23:00,431
7761735993,U,CTY,1,1,973,119931,175,07:00.0,2,19:00,431
7761737450,U,IB,1,1,168,131223,163,51:00.0,4,18:00,431
7761737488,U,OB,1,2,279,HAEI23421,75,05:00.0,4,22:00,431
7761737506,U,OB,1,2,598,HAEI23421,75,44:00.0,4,23:00,431
7761737524,U,OB,1,5,2935,HAEI23421,75,56:00.0,4,21:00,431
7761737533,U,OB,1,3,1930,HAEI23421,75,08:00.0,4,21:00,431
7761737744,U,IB,1,1,365,430569,115,54:00.0,1,6:00,431
7761737744,U,IB,1,1,365,430569,115,54:00.0,1,6:00,431
776173790X,U,IB,1,6,1230,134733,111,05:00.0,6,13:00,431
776173790X,U,CTY,1,6,1230,134733,213,49:00.0,1,20:00,431
7761737928,U,CTY,1,5,1320,127438,212,54:00.0,6,12:00,431
7761737928,U,CTY,1,5,1320,127438,168,07:00.0,5,17:00,431
7761737955,U,CTY,1,3,905,HAEI28100,172,07:00.0,5,15:00,431
7761737955,U,CTY,1,3,905,HAEI28100,235,51:00.0,1,3:00,431
7761737964,U,CTY,1,3,1140,HAEI28100,235,51:00.0,6,6:00,431
7761737964,U,CTY,1,3,1140,HAEI28100,172,24:00.0,5,15:00,431
7761738285,U,IB,1,19,5310,430569,127,45:00.0,1,11:00,431
7761738386,U,IB,1,6,1420,430569,127,12:00.0,1,11:00,431
7761738422,U,IB,1,2,935,430569,127,57:00.0,1,9:00,431
7761738496,U,IB,1,4,3150,430569,127,13:00.0,1,9:00,431
776173856X,U,CTY,1,2,1176,135728,174,31:00.0,1,15:00,431
7761738660,U,CTY,1,2,1145,135728,231,58:00.0,1,16:00,431
7761738660,U,CTY,1,2,1145,135728,174,03:00.0,1,15:00,431
776173878X,U,OB,1,1,415,138522,89,20:00.0,7,20:00,431
7761738835,U,CTY,1,4,1230,134433,169,00:00.0,3,1:00,431
7761739302,U,CTY,1,7,2825,140023,173,40:00.0,4,21:00,431
7761739311,U,CTY,1,4,1340,140023,173,28:00.0,4,21:00,431
7761739596,U,CTY,1,4,645,261251,168,55:00.0,6,1:00,431
7761739825,U,CTY,1,4,770,261251,168,03:00.0,6,2:00,431
7761739861,U,CTY,1,1,235,HAEI25964,169,24:00.0,5,19:00,431
7761740009,U,IB,1,10,5125,139910,125,03:00.0,7,5:00,431
7761740155,U,CTY,1,6,2405,HAEI25964,169,54:00.0,5,18:00,431
7761740155,U,CTY,1,6,2405,HAEI25964,233,08:00.0,2,22:00,431
7761740182,U,CTY,1,2,1100,126165,170,29:00.0,6,16:00,431
7761740274,U,CTY,1,2,1505,261251,168,44:00.0,6,1:00,431
7761740274,U,CTY,1,2,1505,261251,187,42:00.0,1,20:00,431
7761740393,U,CTY,1,2,905,HAEI25964,169,29:00.0,5,17:00,431
7761740393,U,CTY,1,2,905,HAEI25964,233,58:00.0,5,17:00,431
7761740494,U,CTY,1,1,541,128398,173,14:00.0,5,14:00,431
7761740696,U,CTY,1,2,1020,126165,168,15:00.0,6,12:00,431
7761740696,U,IB,1,2,1020,126165,149,43:00.0,6,5:00,431
7761741300,U,CTY,1,2,670,127303,194,45:00.0,7,19:00,431
7761741401,U,IB,1,1,278,126165,149,52:00.0,6,3:00,431
7761741466,U,CTY,1,4,3350,HAEI24595,173,14:00.0,7,19:00,431
7761741466,U,CTY,1,4,3350,HAEI24595,231,56:00.0,1,2:00,431
7761741466,U,CTY,1,4,3350,HAEI24595,202,21:00.0,2,4:00,431
7761741466,U,CTY,1,4,3350,HAEI24595,212,47:00.0,2,3:00,431
7761741603,U,CTY,1,2,860,HAEI24595,173,14:00.0,7,19:00,431
7761742099,U,IB,1,3,1278,136642,164,14:00.0,3,6:00,431
7761743363,U,OB,1,4,1055,HAEI27814,73,46:00.0,5,21:00,431
7761743684,U,CTY,1,11,9601,211617,169,40:00.0,5,21:00,431
7761743749,U,CTY,1,14,7920,560380,169,59:00.0,6,21:00,431
7761744317,U,IB,1,1,146,138766,163,51:00.0,1,22:00,431
7761744573,U,IB,1,3,1200,HAEI24669,151,19:00.0,4,19:00,431
7761744629,U,OB,1,5,1905,HAEI26237,67,03:00.0,5,22:00,431
7761744638,U,OB,1,4,4564,HAEI26237,67,54:00.0,5,22:00,431
7761744811,U,IB,1,3,1565,135982,145,10:00.0,4,16:00,431
776174483X,U,IB,1,1,655,HAEI24669,151,28:00.0,5,0:00,431
7761744876,U,IB,1,2,595,HAEI24669,151,55:00.0,5,0:00,431
7761744903,U,IB,1,2,405,HAEI24669,151,38:00.0,4,21:00,431
7761744912,U,IB,1,4,575,135982,145,56:00.0,4,15:00,431
7761744977,U,OB,1,1,717,127135,78,01:00.0,4,15:00,431
7761745004,U,IB,1,4,839,HAEI24669,151,59:00.0,5,0:00,431
7761745087,U,IB,1,4,920,134847,145,12:00.0,3,8:00,431
7761745114,U,IB,1,8,5480,134847,145,21:00.0,3,8:00,431
7761745123,U,IB,1,2,515,135982,145,59:00.0,4,14:00,431
7761745132,U,IB,1,4,2270,134847,145,36:00.0,3,7:00,431
7761745233,U,CTY,1,3,1480,125760,174,54:00.0,3,4:00,431
776174527X,U,CTY,1,3,1240,123843,194,36:00.0,3,0:00,431
7761745289,U,CTY,1,2,1375,125760,174,31:00.0,3,4:00,431
7761745361,U,IB,1,3,2040,134847,145,28:00.0,3,8:00,431
7761745370,U,CTY,1,2,1840,125760,174,50:00.0,3,4:00,431
7761745572,U,IB,1,3,1241,134847,145,23:00.0,3,7:00,431
7761745581,U,IB,1,2,1760,134847,145,46:00.0,3,7:00,431
7761746113,U,CTY,1,18,7695,131908,205,52:00.0,6,15:00,431
7761746315,U,CTY,1,6,4085,131908,205,31:00.0,6,14:00,431
7761746416,U,IB,1,1,265,HAEI23307,131,08:00.0,6,20:00,431
7761747103,U,IB,1,2,340,HAEI24669,151,14:00.0,4,21:00,431
7761747159,U,IB,1,2,967,HAEI24669,151,42:00.0,4,18:00,431
7761747195,U,IB,1,2,280,HAEI24669,151,46:00.0,4,21:00,431
7761747204,U,IB,1,2,720,HAEI24669,151,23:00.0,4,19:00,431
7761747213,U,IB,1,3,565,HAEI24669,151,13:00.0,4,22:00,431
776174725X,U,IB,1,3,1213,HAEI24669,151,53:00.0,4,18:00,431
7761747287,U,IB,1,3,4082,121397,151,58:00.0,6,6:00,431
7761747379,U,IB,1,1,601,HAEI24669,151,50:00.0,4,20:00,431
7761747388,U,IB,1,2,320,HAEI24669,151,05:00.0,4,19:00,431
7761747442,U,IB,1,6,1425,121397,151,59:00.0,6,7:00,431
7761772807,U,IB,1,1,250,CVEN44339,112,55:00.0,5,14:00,135
776177354X,U,CTY,1,1,92,CVEN43397,197,24:00.0,7,17:00,135
7761773559,U,CTY,1,1,225,CVEN43397,197,24:00.0,7,16:00,135
776190411X,U,CTY,1,2,551,136507,194,05:00.0,5,22:00,324
7761904275,U,IB,1,4,1470,134835,143,21:00.0,4,13:00,324
7761904623,U,CTY,1,3,1012,291200,188,56:00.0,5,22:00,324
7761905274,U,IB,1,3,725,128076,163,52:00.0,3,0:00,324
7761947469,U,CTY,1,2,83,137322,175,28:00.0,4,4:00,857
7761947660,U,CTY,1,2,90,133819,195,06:00.0,6,21:00,857
7761948183,U,CTY,1,3,81,134846,188,05:00.0,5,1:00,857
7761948358,U,CTY,1,2,104,123493,192,44:00.0,6,21:00,857
7761948412,U,CTY,1,3,61,123493,192,50:00.0,6,21:00,857
7761948587,U,OB,1,1,12,558489,88,27:00.0,3,8:00,857
7761948679,U,CTY,1,3,150,121486,192,47:00.0,5,3:00,857
7761959046,U,IB,1,1,1395,530698,125,37:00.0,6,2:00,857
7761959046,U,CTY,1,1,1395,530698,231,38:00.0,6,2:00,857
7762011085,U,CTY,1,5,1250,127351,174,13:00.0,3,22:00,857
7762021544,U,CTY,1,1,415,124196,192,10:00.0,5,9:00,857
7762021883,U,IB,1,1,254,131085,141,40:00.0,3,22:00,857
7762023212,U,CTY,1,1,1255,133819,195,35:00.0,6,20:00,857
7762024000,U,CTY,1,2,860,131879,176,03:00.0,6,20:00,857
7762024377,U,CTY,1,1,220,122929,192,38:00.0,3,22:00,857
7762024963,U,CTY,1,2,1436,127884,172,33:00.0,4,21:00,857
7762025165,U,CTY,1,2,1820,133013,233,29:00.0,4,13:00,857
7762025165,U,CTY,1,2,1820,133013,176,54:00.0,5,21:00,857
7762028373,U,CTY,1,1,350,134846,188,51:00.0,5,0:00,857
7762028786,U,CTY,1,1,333,137322,175,31:00.0,4,4:00,857
7762033020,U,CTY,1,6,8760,121486,192,36:00.0,5,6:00,857
7762034066,U,CTY,1,1,1560,131085,R1  ,47:00.0,4,2:00,857
7762034066,U,IB,1,1,1560,131085,141,35:00.0,3,21:00,857
7762047349,U,CTY,1,1,480,140147,175,51:00.0,6,23:00,857
7762052014,U,CTY,1,1,3235,133715,187,54:00.0,1,7:00,857
776205217X,U,CTY,1,1,3140,125210,189,04:00.0,2,22:00,857
7762054957,U,CTY,1,2,2110,530698,183,35:00.0,6,2:00,857
7762054957,U,CTY,1,2,2110,530698,183,35:00.0,6,2:00,857
7762055195,U,CTY,1,1,419,124196,192,02:00.0,5,9:00,857
7762058679,U,OB,1,1,256,128622,58,57:00.0,2,3:00,857
7762058688,U,CTY,1,1,150,131879,176,06:00.0,6,20:00,857
7762062280,U,CTY,1,1,285,125210,189,55:00.0,2,21:00,857
7762065205,U,CTY,1,2,890,127351,174,59:00.0,3,23:00,857
7762065205,U,OB,1,2,890,127351,91,16:00.0,4,6:00,857
7762065580,U,CTY,1,3,1480,130617,188,55:00.0,3,1:00,857
7762065636,U,CTY,1,3,1590,122929,192,09:00.0,3,22:00,857
7762065672,U,CTY,1,5,1100,123493,192,34:00.0,6,21:00,857
7762065681,U,CTY,1,3,2300,125210,181,17:00.0,2,22:00,857
7762065681,U,CTY,1,3,2300,125210,189,01:00.0,2,22:00,857
7762065690,U,IB,1,1,505,131085,141,45:00.0,3,22:00,857
776206570X,U,CTY,1,2,715,133744,194,01:00.0,4,21:00,857
776206746X,U,CTY,1,1,285,124196,192,01:00.0,5,11:00,857
7762077085,U,IB,1,1,130,131085,141,40:00.0,3,21:00,857
7762077222,U,CTY,1,2,2136,131879,176,30:00.0,6,22:00,857
7762086087,U,CTY,1,6,3050,131879,217,57:00.0,2,22:00,857
7762086150,U,CTY,1,8,1415,127884,172,11:00.0,4,21:00,857
7762091807,U,CTY,1,1,200,133819,195,26:00.0,6,20:00,857
7762092476,U,CTY,1,1,110,130617,188,33:00.0,3,3:00,857
7762097673,U,IB,1,1,53,127866,135,21:00.0,5,0:00,205
7762098416,U,CTY,1,1,61,138010,194,29:00.0,4,16:00,205
7762219553,U,IB,1,1,2270,136426,145,08:00.0,1,21:00,511
7762221010,U,OB,1,1,793,133810,88,45:00.0,1,12:00,511
7762223531,U,IB,1,1,1025,126278,164,53:00.0,6,1:00,511
7762223540,U,IB,1,1,2014,126278,164,55:00.0,6,2:00,511
7762224018,U,CTY,1,1,1709,133203,197,05:00.0,1,18:00,511
7762226263,U,IB,1,1,420,290328,116,13:00.0,6,7:00,511
7762228014,U,OB,1,6,192,125722,51,27:00.0,1,10:00,511
7762228198,U,CTY,1,1,2360,131131,187,35:00.0,7,9:00,511
7762228600,U,IB,1,1,205,140420,125,24:00.0,5,6:00,511
7762229215,U,OB,1,1,694,126859,78,58:00.0,1,13:00,511
776223125X,U,CTY,1,1,1939,127112,189,19:00.0,7,15:00,511
7762235631,U,IB,1,1,634,128869,151,25:00.0,7,23:00,511
7762235705,U,CTY,1,2,2051,290735,195,53:00.0,4,10:00,511
7762241791,U,IB,1,1,1900,129776,135,18:00.0,6,13:00,511
7762244808,U,CTY,1,1,209,431077,173,02:00.0,7,16:00,511
7762244826,U,CTY,1,1,300,431077,173,14:00.0,7,16:00,511
7762244972,U,CTY,1,2,955,127112,189,52:00.0,7,14:00,511
7762245468,U,IB,1,1,752,138653,141,41:00.0,7,0:00,511
7762245486,U,OB,1,1,131,133810,88,04:00.0,1,11:00,511
7762245495,U,IB,1,1,247,135986,164,24:00.0,1,9:00,511
7762245861,U,IB,1,1,273,290769,129,52:00.0,6,13:00,511
7762246063,U,IB,1,1,176,123834,127,58:00.0,4,12:00,511
7762246842,U,IB,1,1,175,124080,133,10:00.0,7,14:00,511
7762246851,U,IB,1,2,655,124080,133,57:00.0,7,13:00,511
7762247511,U,CTY,1,1,3500,261353,197,04:00.0,5,7:00,511
7762247558,U,CTY,1,1,2260,261353,197,49:00.0,5,7:00,511
7762251958,U,CTY,1,1,294,290980,168,45:00.0,4,17:00,511
7762254955,U,IB,1,1,234,138653,141,31:00.0,7,3:00,511
7762255148,U,IB,1,1,810,128759,125,37:00.0,1,6:00,511
7762255166,U,CTY,1,2,950,290735,195,02:00.0,4,13:00,511
7762257265,U,IB,1,1,6750,124080,133,58:00.0,7,16:00,511
7762260024,U,OB,1,5,3289,211720,73,14:00.0,6,17:00,511
7762267028,U,OB,1,2,730,134548,84,05:00.0,2,2:00,511
7762267028,U,CTY,1,2,730,134548,235,36:00.0,5,9:00,511
776228229X,U,IB,1,1,263,290328,116,31:00.0,6,6:00,511
7762300760,U,IB,1,2,1175,128869,151,31:00.0,7,19:00,511
776230077X,U,IB,1,1,185,132863,113,23:00.0,7,16:00,511
7762318214,U,IB,1,5,685,129596,164,41:00.0,3,6:00,511
7762318398,U,CTY,1,1,355,139518,169,23:00.0,4,6:00,511
776231859X,U,IB,1,2,822,138653,141,46:00.0,7,4:00,511
7762318645,U,IB,1,12,678,138653,141,21:00.0,7,3:00,511
7762318755,U,CTY,1,1,1018,127112,189,34:00.0,7,15:00,511
7762318764,U,IB,1,3,1440,290769,129,40:00.0,6,10:00,511
7762319213,U,IB,1,2,252,136702,103,50:00.0,5,3:00,511
7762319956,U,OB,1,1,515,126859,78,47:00.0,1,12:00,511
7762320230,U,CTY,1,1,105,133203,197,51:00.0,1,18:00,511
7762320387,U,CTY,1,2,1070,139728,168,25:00.0,1,9:00,511
7762320432,U,CTY,1,1,180,139728,168,27:00.0,1,6:00,511
7762320497,U,CTY,1,1,130,139728,168,05:00.0,1,7:00,511
7762321175,U,CTY,1,1,1830,290980,168,20:00.0,4,16:00,511
7762322046,U,CTY,1,1,247,139518,169,56:00.0,4,5:00,511
7762322688,U,CTY,1,1,181,139580,173,22:00.0,6,11:00,511
7762322751,U,IB,1,1,368,123834,127,46:00.0,4,15:00,511
7762327930,U,OB,1,1,1405,126859,78,23:00.0,1,13:00,511
7762328260,U,IB,1,8,2340,126278,164,22:00.0,6,2:00,511
7762330727,U,OB,1,1,466,133810,88,12:00.0,1,11:00,511
7762330992,U,CTY,1,1,340,132889,187,14:00.0,5,2:00,511
7762331120,U,IB,1,1,290,290328,116,54:00.0,6,4:00,511
7762331149,U,IB,1,1,1220,124080,133,40:00.0,7,15:00,511
7762337060,U,OB,1,1,2564,125722,51,46:00.0,1,11:00,511
776234202X,U,IB,1,3,3379,136702,103,39:00.0,5,6:00,511
7762342313,U,IB,1,2,2670,123834,127,52:00.0,4,15:00,511
7762342396,U,OB,1,2,550,134548,84,18:00.0,2,4:00,511
7762344028,U,IB,1,5,675,140420,125,14:00.0,5,8:00,511
7762344183,U,IB,1,6,3320,129776,135,34:00.0,6,15:00,511
7762344430,U,CTY,1,2,1325,127112,189,14:00.0,7,18:00,511
7762349921,U,CTY,1,1,95,127112,189,14:00.0,7,16:00,511
7762354698,U,CTY,1,1,814,134079,189,54:00.0,3,8:00,511
7762354835,U,CTY,1,1,253,139912,174,05:00.0,5,15:00,511
7762354844,U,CTY,1,1,165,139912,174,46:00.0,5,14:00,511
7762354909,U,CTY,1,1,274,139912,174,01:00.0,5,15:00,511
7762356631,U,OB,1,1,288,125722,51,13:00.0,1,14:00,511
7762357502,U,IB,1,1,168,290328,116,08:00.0,6,5:00,511
7762357502,U,CTY,1,1,168,290328,226,36:00.0,6,6:00,511
7762360977,U,CTY,1,1,485,139518,169,45:00.0,4,7:00,511
7762360986,U,CTY,1,1,1620,139518,169,15:00.0,4,7:00,511
7762365029,U,CTY,1,1,1330,139580,173,07:00.0,6,11:00,511
7762426005,U,IB,1,2,950,249079,145,27:00.0,7,22:00,511
776244333X,U,CTY,1,1,411,139580,173,07:00.0,6,13:00,511
776244344X,U,IB,1,2,372,290328,116,50:00.0,6,4:00,511
7762450544,U,IB,1,4,3782,129776,135,25:00.0,6,15:00,511
7762450609,U,CTY,1,1,199,249342,172,28:00.0,4,3:00,511
7762459748,U,IB,1,1,960,290769,129,39:00.0,6,13:00,511
7762459757,U,OB,1,2,954,133810,88,53:00.0,1,11:00,511
7762459811,U,IB,1,6,3569,290769,129,58:00.0,6,14:00,511
7762464880,U,CTY,1,1,960,127112,189,45:00.0,7,18:00,511
7762464936,U,IB,1,1,620,123834,127,31:00.0,4,12:00,511
7762465055,U,IB,1,1,460,123834,127,27:00.0,4,12:00,511
7762483021,U,CTY,1,1,320,125795,169,46:00.0,6,22:00,511
776250878X,U,IB,1,1,325,290328,116,44:00.0,6,4:00,511
7762508799,U,IB,1,1,540,290328,116,27:00.0,6,6:00,511
7762509028,U,IB,1,1,164,124080,133,17:00.0,7,16:00,511
7762509248,U,CTY,1,1,660,125795,169,21:00.0,6,22:00,511
7762513639,U,IB,1,1,100,290328,116,39:00.0,6,7:00,511
7762513803,U,IB,1,1,47,290328,116,25:00.0,6,4:00,511
7762550772,U,CTY,1,2,1900,PASC533243,168,29:00.0,7,4:00,388
7762550855,U,CTY,1,3,1520,125814,172,00:00.0,6,1:00,388
776255091X,U,IB,1,1,450,134743,151,56:00.0,7,0:00,388
7762550956,U,CTY,1,1,95,PASC533243,187,19:00.0,2,7:00,388
7762553349,U,CTY,1,1,206,PASC33311,173,19:00.0,5,11:00,388
776255344X,U,CTY,1,1,206,PASC33311,173,02:00.0,5,9:00,388
7762553899,U,IB,1,1,185,261088,149,00:00.0,5,7:00,388
776255399X,U,CTY,1,1,229,125814,172,58:00.0,5,22:00,388
7762554283,U,CTY,1,1,174,PASC634013,195,51:00.0,6,7:00,388
7762554678,U,IB,1,1,185,135636,116,57:00.0,2,6:00,388
7762554934,U,CTY,1,1,185,136178,188,43:00.0,5,20:00,388
7762555282,U,CTY,1,1,185,138882,187,01:00.0,7,3:00,388
7762556941,U,CTY,1,1,722,124347,175,42:00.0,5,3:00,388
7762557089,U,CTY,1,1,228,138583,235,16:00.0,3,21:00,388
776255839X,U,CTY,1,1,185,125630,197,28:00.0,7,3:00,388
7762558546,U,CTY,1,1,185,PASC634534,187,18:00.0,1,20:00,388
7762558647,U,CTY,1,2,1444,41166,175,35:00.0,5,7:00,388
776276937X,U,IB,1,19,5810,128864,125,59:00.0,5,0:00,261
7762771717,U,CTY,1,2,165,136624,168,13:00.0,4,4:00,261
776277333X,U,IB,1,1,228,131798,145,17:00.0,5,20:00,261
7762813984,U,CTY,1,1,300,TTMS910552,192,32:00.0,3,0:00,641
7762814002,U,CTY,1,4,1840,TTMS910552,192,03:00.0,3,2:00,641
7762814002,U,CTY,1,4,1840,TTMS910552,231,36:00.0,5,19:00,641
7762814222,U,IB,1,1,72,128138,164,57:00.0,2,3:00,641
7762814350,U,CTY,1,1,240,137640,205,20:00.0,2,22:00,641
7762814350,U,CTY,1,1,240,137640,233,17:00.0,3,22:00,641
7762814350,U,CTY,1,1,240,137640,235,22:00.0,4,21:00,641
7762814350,U,CTY,1,1,240,137640,195,20:00.0,1,16:00,641
7762899692,U,CTY,1,1,704,430868,172,17:00.0,4,17:00,641
7762900022,U,IB,1,2,450,TTMS910575,151,35:00.0,3,18:00,641
7762903515,U,CTY,1,1,232,TTMS910552,192,47:00.0,3,0:00,641
7762903542,U,CTY,1,1,571,119870,169,04:00.0,3,4:00,641
7762903634,U,CTY,1,1,280,137640,195,28:00.0,1,16:00,641
7762908180,U,CTY,1,5,1041,290977,194,06:00.0,6,3:00,431
7762908795,U,CTY,1,1,357,290977,194,33:00.0,5,22:00,431
7762908905,U,IB,1,3,400,HAEI23005,117,20:00.0,7,9:00,431
7762909089,U,CTY,1,1,389,HAEI23255,175,07:00.0,7,19:00,431
7762909143,U,CTY,1,1,199,HAEI23255,175,09:00.0,7,20:00,431
7762909170,U,CTY,1,1,164,HAEI23255,175,01:00.0,7,20:00,431
7762909354,U,CTY,1,2,246,125345,169,05:00.0,3,20:00,431
7762938100,U,OB,1,1,520,134546,26,24:00.0,5,18:00,429
776293811X,U,OB,1,1,508,134546,26,14:00.0,5,18:00,429
7762939256,U,OB,1,1,995,137455,73,57:00.0,7,13:00,429
7762940841,U,OB,1,1,253,136623,69,59:00.0,7,1:00,429
7762940850,U,OB,1,1,200,136623,69,05:00.0,7,2:00,429
776294086X,U,OB,1,1,253,136623,69,50:00.0,7,0:00,429
7762940879,U,OB,1,1,253,136623,15,32:00.0,7,4:00,429
7762940897,U,CTY,1,1,345,136623,238,00:00.0,3,22:00,429
7762940924,U,CTY,1,1,90,136623,233,59:00.0,3,18:00,429
7762940924,U,OB,1,1,90,136623,69,05:00.0,7,1:00,429
7762941364,U,OB,1,3,1009,130455,84,49:00.0,6,12:00,429
7762941400,U,OB,1,2,2060,125836,75,57:00.0,1,18:00,429
7762941548,U,OB,1,4,885,530430,63,21:00.0,6,12:00,429
7762942556,U,OB,1,1,1370,133890,63,33:00.0,3,21:00,429
7762942583,U,OB,1,2,506,133890,63,05:00.0,3,22:00,429
776294328X,U,OB,1,3,600,131402,43,58:00.0,3,14:00,429
7762943784,U,OB,1,1,360,136165,73,27:00.0,6,2:00,429
7762958075,U,OB,1,1,337,138557,50,45:00.0,5,0:00,429
7762959597,U,CTY,1,1,290,290124,203,35:00.0,1,20:00,429
7762962695,U,OB,1,1,558,134942,95,43:00.0,1,8:00,429
7762962713,U,OB,1,7,5949,134942,95,56:00.0,1,8:00,429
7762965692,U,OB,1,1,790,130643,17,17:00.0,6,16:00,429
7762965739,U,OB,1,1,910,136348,38,21:00.0,7,18:00,429
7762965811,U,OB,1,1,420,277996,17,52:00.0,5,4:00,429
7762965930,U,OB,1,1,725,138854,49,49:00.0,5,2:00,429
7762967829,U,OB,1,2,2210,131402,43,49:00.0,3,16:00,429
7762967838,U,OB,1,3,1375,131402,43,43:00.0,3,16:00,429
7762967856,U,OB,1,3,2058,131402,43,57:00.0,3,16:00,429
7762971046,U,CTY,1,1,846,125843,169,30:00.0,5,2:00,429
7762971861,U,OB,1,3,1025,136061,48,15:00.0,4,4:00,429
7762972027,U,OB,1,3,3850,560280,69,10:00.0,4,13:00,429
7762972283,U,CTY,1,1,200,125843,169,37:00.0,5,3:00,429
7762972806,U,OB,1,1,253,130455,84,16:00.0,6,14:00,429
7762975262,U,OB,1,1,250,134394,52,19:00.0,3,19:00,429
7762975271,U,IB,1,4,5700,140134,158,11:00.0,4,14:00,429
7762975529,U,CTY,1,2,118,135090,233,18:00.0,1,2:00,429
7762975529,U,CTY,1,2,118,135090,233,18:00.0,1,2:00,429
7762975657,U,OB,1,1,104,125836,75,27:00.0,1,15:00,429
7762975666,U,IB,1,12,739,138544,105,44:00.0,3,15:00,429
7762975684,U,CTY,1,2,118,125843,169,14:00.0,5,2:00,429
7762975922,U,OB,1,64,2525,119275,50,23:00.0,5,14:00,429
7762976647,U,OB,1,3,692,125836,75,30:00.0,1,18:00,429
7762977554,U,OB,1,2,1380,140430,76,23:00.0,4,20:00,429
7762977682,U,OB,1,2,1890,130643,17,14:00.0,6,16:00,429
7762977765,U,OB,1,2,4888,277996,17,37:00.0,5,4:00,429
7762978672,U,OB,1,1,800,137455,73,44:00.0,7,9:00,429
776297870X,U,OB,1,1,715,140127,46,29:00.0,7,11:00,429
7762980066,U,OB,1,2,215,290207,32,18:00.0,3,2:00,429
7762980158,U,OB,1,2,215,139982,53,32:00.0,3,16:00,429
7762980387,U,IB,1,1,107,136922,141,50:00.0,1,14:00,429
7762980479,U,OB,1,1,108,134546,26,54:00.0,5,17:00,429
776298057X,U,OB,1,2,845,121290,73,22:00.0,5,22:00,429
7762980652,U,CTY,1,2,760,132364,231,24:00.0,7,3:00,429
7762980652,U,IB,1,2,760,132364,143,35:00.0,6,15:00,429
7763034112,U,OB,1,19,5485,R447530900,55,52:00.0,3,16:00,447
7763034121,U,OB,1,12,3720,R447530900,55,16:00.0,3,16:00,447
7763034130,U,OB,1,14,6178,R447530900,55,50:00.0,3,15:00,447
776303414X,U,OB,1,11,1354,R447530900,55,52:00.0,3,14:00,447
7763034159,U,OB,1,15,5171,R447530900,55,19:00.0,3,13:00,447
7763034177,U,OB,1,52,1977,127109,26,48:00.0,3,14:00,447
7763034186,U,OB,1,11,7729,R447530900,55,50:00.0,3,12:00,447
7763034222,U,OB,1,2,417,121678,75,11:00.0,3,9:00,447
7763034305,U,OB,1,3,1521,121678,75,21:00.0,3,9:00,447
7763034314,U,OB,1,4,1750,121678,75,59:00.0,3,7:00,447
7763034332,U,OB,1,5,2570,121678,75,21:00.0,3,8:00,447
7763034332,U,OB,1,5,2570,121678,13,44:00.0,3,12:00,447
7763034341,U,OB,1,6,2440,121678,75,41:00.0,3,9:00,447
7763034350,U,OB,1,4,1020,121678,75,01:00.0,3,10:00,447
776303436X,U,OB,1,4,1355,121678,75,48:00.0,3,6:00,447
7763034379,U,OB,1,3,670,121678,75,13:00.0,3,7:00,447
7763034388,U,OB,1,4,1138,211059,69,25:00.0,3,13:00,447
7763034397,U,OB,1,4,1295,211059,69,42:00.0,3,13:00,447
7763034406,U,OB,1,1,494,211059,69,43:00.0,3,12:00,447
7763034415,U,OB,1,1,474,211059,69,37:00.0,3,12:00,447
7763034424,U,OB,1,2,353,211059,69,55:00.0,3,12:00,447
7763034433,U,OB,1,2,243,211059,69,41:00.0,3,11:00,447
7763034442,U,OB,1,4,1411,211059,69,05:00.0,3,12:00,447
7763034451,U,OB,1,2,246,211059,69,45:00.0,3,11:00,447
7763034460,U,OB,1,4,1930,211059,69,33:00.0,3,11:00,447
776303447X,U,OB,1,2,544,211059,69,22:00.0,3,11:00,447
7763034489,U,OB,1,4,2180,211059,69,06:00.0,3,11:00,447
7763034507,U,OB,1,1,395,R621703751,52,16:00.0,4,13:00,447
7763034525,U,OB,1,2,394,R621703751,52,10:00.0,4,13:00,447
7763034534,U,OB,1,1,164,R621703751,52,06:00.0,4,13:00,447
7763034543,U,OB,1,1,164,R621703751,52,04:00.0,4,13:00,447
7763034552,U,OB,1,2,260,R621703751,52,00:00.0,4,13:00,447
7763034561,U,OB,1,1,515,R621703751,52,49:00.0,4,12:00,447
7763034608,U,OB,1,6,1513,R621703751,52,44:00.0,4,12:00,447
7763034626,U,OB,1,1,635,R621703751,52,59:00.0,4,12:00,447
7763034635,U,OB,1,1,439,R621703751,52,47:00.0,4,12:00,447
7763034644,U,OB,1,1,174,126505,69,40:00.0,4,10:00,447
7763034653,U,OB,1,4,1070,251861,73,15:00.0,5,10:00,447
7763034671,U,OB,1,2,214,R621703751,52,35:00.0,4,12:00,447
7763034680,U,OB,1,3,675,251861,73,38:00.0,5,9:00,447
7763034709,U,OB,1,13,6075,R621200,88,30:00.0,5,16:00,447
7763034718,U,OB,1,14,6408,R621200,88,09:00.0,5,16:00,447
7763034727,U,OB,1,3,764,251861,73,51:00.0,5,13:00,447
7763034736,U,OB,1,1,119,251861,73,39:00.0,5,13:00,447
7763034745,U,OB,1,2,619,123183,76,06:00.0,4,4:00,447
7763034754,U,OB,1,2,605,123183,76,11:00.0,4,4:00,447
7763034763,U,OB,1,2,720,123183,76,12:00.0,4,3:00,447
7763034781,U,OB,1,2,1043,123183,76,17:00.0,4,3:00,447
7763034790,U,OB,1,1,349,123183,76,14:00.0,4,3:00,447
776303480X,U,OB,1,1,227,251861,73,51:00.0,5,14:00,447
7763034819,U,OB,1,1,227,251861,73,16:00.0,5,14:00,447
7763034828,U,OB,1,1,227,251861,73,08:00.0,5,13:00,447
7763034837,U,OB,1,1,227,251861,73,39:00.0,5,14:00,447
7763034846,U,OB,1,1,227,251861,73,46:00.0,5,14:00,447
7763034855,U,OB,1,1,227,251861,73,00:00.0,5,13:00,447
7763034873,U,OB,1,3,445,251861,73,09:00.0,5,14:00,447
7763034882,U,OB,1,3,1023,251861,73,03:00.0,5,14:00,447
7763034891,U,OB,1,3,1169,251861,73,28:00.0,5,13:00,447
7763034900,U,OB,1,2,252,251861,73,04:00.0,5,14:00,447
776303491X,U,OB,1,2,265,251861,73,49:00.0,5,13:00,447
7763034929,U,OB,1,1,168,251861,73,34:00.0,5,13:00,447
7763034938,U,OB,1,2,372,251861,73,18:00.0,5,13:00,447
7763034947,U,OB,1,1,439,251861,73,14:00.0,5,13:00,447
7763034956,U,OB,1,10,3327,251861,73,52:00.0,5,12:00,447
7763034965,U,OB,1,10,2591,251861,73,55:00.0,5,11:00,447
7763034974,U,OB,1,9,2703,251861,73,50:00.0,5,10:00,447
7763034983,U,OB,1,2,174,119372,66,41:00.0,5,8:00,447
7763034992,U,OB,1,2,400,119372,66,47:00.0,5,8:00,447
7763035001,U,OB,1,3,1505,119372,66,36:00.0,5,8:00,447
7763035010,U,OB,1,2,2150,119372,66,22:00.0,5,8:00,447
776303502X,U,IB,1,1,1031,119372,160,12:00.0,5,13:00,447
776303502X,U,OB,1,1,1031,119372,66,47:00.0,5,7:00,447
7763035039,U,OB,1,1,773,119372,66,02:00.0,5,8:00,447
7763035048,U,OB,1,1,706,119372,66,59:00.0,5,7:00,447
7763035057,U,OB,1,2,2509,119372,66,58:00.0,5,8:00,447
7763035066,U,OB,1,2,1730,38682,48,26:00.0,6,3:00,447
7763035075,U,OB,1,1,275,251861,73,00:00.0,5,10:00,447
7763035084,U,OB,1,3,1335,38682,48,11:00.0,6,4:00,447
7763035093,U,OB,1,4,1170,119372,66,50:00.0,5,8:00,447
7763035102,U,OB,1,2,474,38682,48,14:00.0,6,4:00,447
7763035111,U,OB,1,2,262,38682,48,55:00.0,6,3:00,447
7763035120,U,OB,1,2,262,38682,48,42:00.0,6,3:00,447
776303513X,U,OB,1,2,1042,38682,48,08:00.0,6,4:00,447
7763035149,U,OB,1,3,398,38682,48,10:00.0,6,4:00,447
7763035158,U,OB,1,1,299,123048,55,50:00.0,1,1:00,447
7763035167,U,OB,1,3,434,38682,48,05:00.0,6,4:00,447
7763035230,U,OB,1,13,6740,251296,73,46:00.0,3,12:00,447
776303524X,U,OB,1,4,712,38682,48,57:00.0,6,3:00,447
7763035259,U,OB,1,2,1004,123048,55,00:00.0,1,1:00,447
7763035268,U,OB,1,4,1685,123048,55,55:00.0,1,1:00,447
7763035277,U,OB,1,4,805,38682,48,13:00.0,6,4:00,447
7763035286,U,OB,1,5,980,38682,48,02:00.0,6,4:00,447
7763035295,U,OB,1,3,575,38682,48,06:00.0,6,4:00,447
7763035304,U,OB,1,2,500,249121,48,24:00.0,6,12:00,447
7763035313,U,OB,1,1,415,249121,48,02:00.0,6,11:00,447
7763035322,U,OB,1,2,382,127542,74,44:00.0,7,21:00,447
7763035331,U,OB,1,1,228,127542,74,54:00.0,7,20:00,447
7763035340,U,OB,1,2,378,127542,79,35:00.0,1,11:00,447
7763035369,U,OB,1,2,599,127542,74,49:00.0,7,22:00,447
7763035378,U,OB,1,2,357,137962,51,57:00.0,2,11:00,447
7763035387,U,OB,1,1,165,249121,48,12:00.0,6,12:00,447
7763035396,U,OB,1,3,381,127542,74,22:00.0,7,21:00,447
7763035405,U,OB,1,2,446,127542,74,09:00.0,7,22:00,447
7763035414,U,OB,1,6,3834,127542,74,54:00.0,7,22:00,447
7763035423,U,OB,1,5,1875,127542,74,02:00.0,1,0:00,447
7763035432,U,OB,1,2,311,127542,74,37:00.0,7,21:00,447
7763035450,U,OB,1,3,1456,137962,51,58:00.0,2,10:00,447
776303546X,U,OB,1,2,331,137962,51,13:00.0,2,11:00,447
7763035479,U,OB,1,3,1678,137962,51,53:00.0,2,6:00,447
7763035488,U,OB,1,2,824,137962,51,56:00.0,2,11:00,447
7763035497,U,OB,1,2,577,137962,51,30:00.0,2,10:00,447
7763035506,U,OB,1,2,543,137962,51,48:00.0,2,6:00,447
7763035515,U,OB,1,2,453,137962,51,38:00.0,2,6:00,447
7763035533,U,OB,1,9,3263,123048,55,50:00.0,1,1:00,447
7763035551,U,OB,1,9,5735,251296,73,25:00.0,3,11:00,447
7763035560,U,OB,1,2,1275,251296,73,09:00.0,3,15:00,447
776303557X,U,OB,1,1,855,251296,73,03:00.0,3,15:00,447
7763035589,U,OB,1,2,239,251296,73,18:00.0,3,15:00,447
7763035598,U,OB,1,6,3130,129829,74,47:00.0,3,7:00,447
7763035607,U,OB,1,14,6631,134672,66,59:00.0,7,11:00,447
7763035625,U,OB,1,6,2342,129829,74,43:00.0,3,7:00,447
7763035634,U,OB,1,8,3040,129829,74,33:00.0,3,7:00,447
7763035643,U,OB,1,2,169,129829,74,57:00.0,3,7:00,447
7763035643,U,OB,1,2,169,129829,5,41:00.0,5,3:00,447
7763035670,U,OB,1,3,537,251296,73,38:00.0,3,14:00,447
776303568X,U,OB,1,3,1181,251296,73,33:00.0,3,14:00,447
7763035699,U,OB,1,2,485,251296,73,27:00.0,3,14:00,447
7763035717,U,OB,1,3,1566,251296,73,33:00.0,3,13:00,447
7763035726,U,OB,1,2,289,134672,66,14:00.0,7,12:00,447
7763035735,U,OB,1,2,981,134672,66,56:00.0,7,14:00,447
7763035744,U,OB,1,2,513,134672,66,50:00.0,7,10:00,447
7763035753,U,OB,1,2,285,134672,66,10:00.0,7,14:00,447
7763035762,U,OB,1,2,310,134672,66,51:00.0,7,14:00,447
7763035771,U,OB,1,2,200,134672,66,32:00.0,7,14:00,447
7763035809,U,OB,1,5,1310,261187,81,17:00.0,4,14:00,447
7763035809,U,OB,1,5,1310,261187,75,01:00.0,4,13:00,447
7763035818,U,OB,1,3,970,261187,75,47:00.0,4,12:00,447
7763035881,U,OB,1,1,210,261187,75,52:00.0,4,12:00,447
7763035890,U,OB,1,1,500,261187,75,47:00.0,4,11:00,447
7763035890,U,OB,1,1,500,261187,57,44:00.0,4,12:00,447
776303590X,U,OB,1,1,807,123659,60,21:00.0,3,6:00,447
7763035919,U,OB,1,1,706,123659,60,13:00.0,3,6:00,447
7763035937,U,OB,1,2,241,261187,75,16:00.0,4,13:00,447
7763035946,U,OB,1,2,306,261187,75,12:00.0,4,12:00,447
7763035955,U,OB,1,2,322,261187,75,46:00.0,4,10:00,447
7763035955,U,OB,1,2,322,261187,57,44:00.0,4,12:00,447
7763035964,U,OB,1,8,2305,261187,75,33:00.0,4,12:00,447
7763035964,U,OB,1,8,2305,261187,81,09:00.0,4,14:00,447
7763035973,U,OB,1,2,628,261187,75,31:00.0,4,11:00,447
7763035982,U,OB,1,2,415,261187,75,38:00.0,4,11:00,447
7763036092,U,OB,1,2,1700,129559,49,06:00.0,4,13:00,447
7763036101,U,OB,1,1,166,129559,49,02:00.0,4,12:00,447
7763036110,U,OB,1,1,655,125622,39,35:00.0,4,11:00,447
7763036110,U,OB,1,1,655,125622,60,36:00.0,4,11:00,447
776303612X,U,OB,1,2,201,129559,49,53:00.0,4,11:00,447
7763036139,U,IB,1,2,348,137577,105,44:00.0,4,17:00,447
7763036148,U,OB,1,3,816,558498,95,55:00.0,4,21:00,447
7763036157,U,IB,1,2,363,137577,105,13:00.0,4,14:00,447
7763036166,U,IB,1,2,522,137577,105,30:00.0,4,18:00,447
7763036175,U,OB,1,16,4995,45610,17,40:00.0,4,13:00,447
7763036184,U,OB,1,12,6230,558498,95,46:00.0,4,21:00,447
7763036193,U,OB,1,6,2920,125622,39,36:00.0,4,11:00,447
7763036202,U,OB,1,5,2542,558498,95,21:00.0,4,20:00,447
7763036211,U,OB,1,8,3225,558498,95,24:00.0,4,21:00,447
7763036220,U,OB,1,3,2000,558498,95,23:00.0,4,21:00,447
776303623X,U,IB,1,4,2283,137577,105,25:00.0,4,18:00,447
7763036249,U,OB,1,7,2686,558498,95,10:00.0,4,20:00,447
7763036258,U,OB,1,8,4300,125622,39,40:00.0,4,11:00,447
7763036267,U,IB,1,8,3335,137577,105,09:00.0,4,18:00,447
7763036276,U,OB,1,5,2360,129559,49,02:00.0,4,13:00,447
7763036285,U,OB,1,2,952,129559,49,47:00.0,4,12:00,447
7763036294,U,IB,1,3,1285,137577,105,10:00.0,4,14:00,447
7763036303,U,OB,1,5,2425,129559,49,48:00.0,4,11:00,447
7763036312,U,OB,1,3,930,129559,49,54:00.0,4,12:00,447
7763036321,U,OB,1,2,438,129559,49,53:00.0,4,12:00,447
7763036330,U,OB,1,2,1142,129559,49,42:00.0,4,12:00,447
776303634X,U,OB,1,3,2167,129559,49,58:00.0,4,12:00,447
7763036359,U,IB,1,2,968,137577,105,55:00.0,4,13:00,447
7763036368,U,IB,1,4,1970,137577,105,29:00.0,4,18:00,447
7763036377,U,OB,1,1,327,125622,39,37:00.0,4,10:00,447
7763036386,U,OB,1,1,169,125622,45,32:00.0,4,10:00,447
7763036386,U,OB,1,1,169,125622,45,32:00.0,4,10:00,447
7763036395,U,OB,1,1,265,125622,39,03:00.0,4,10:00,447
7763036404,U,OB,1,1,168,125622,39,30:00.0,4,10:00,447
7763036413,U,OB,1,2,347,125622,62,27:00.0,4,10:00,447
7763036413,U,OB,1,2,347,125622,62,27:00.0,4,10:00,447
7763036422,U,OB,1,2,246,126838,14,29:00.0,5,22:00,447
7763036431,U,OB,1,2,401,126838,14,23:00.0,5,22:00,447
7763036440,U,OB,1,3,2489,135329,75,45:00.0,6,22:00,447
776303645X,U,OB,1,2,227,431170,74,26:00.0,6,8:00,447
7763036469,U,OB,1,22,2770,45610,17,20:00.0,4,13:00,447
7763036478,U,OB,1,10,5229,431170,74,30:00.0,6,10:00,447
7763036487,U,OB,1,13,6847,431170,74,55:00.0,6,8:00,447
7763036496,U,OB,1,10,5835,431170,54,55:00.0,6,1:00,447
7763036496,U,OB,1,10,5835,431170,74,52:00.0,6,1:00,447
7763036505,U,OB,1,13,8100,431170,74,30:00.0,6,0:00,447
7763036514,U,OB,1,5,1481,431170,74,38:00.0,6,0:00,447
7763036523,U,OB,1,3,569,431170,74,27:00.0,5,22:00,447
7763036532,U,OB,1,23,2450,558498,27,37:00.0,5,9:00,447
7763036541,U,OB,1,4,1143,126838,14,16:00.0,5,22:00,447
7763036550,U,OB,1,2,585,431170,74,52:00.0,5,21:00,447
776303656X,U,OB,1,1,225,45610,17,15:00.0,4,11:00,447
7763036579,U,OB,1,1,225,45610,17,18:00.0,4,11:00,447
7763036579,U,OB,1,1,225,45610,57,44:00.0,4,12:00,447
7763036588,U,OB,1,3,404,126838,14,52:00.0,5,21:00,447
7763036597,U,OB,1,2,276,126838,14,22:00.0,5,20:00,447
7763036606,U,OB,1,2,517,125622,39,36:00.0,4,9:00,447
7763036615,U,OB,1,2,674,45610,17,42:00.0,4,12:00,447
7763036624,U,OB,1,2,454,45610,17,57:00.0,4,11:00,447
7763036633,U,OB,1,1,145,126838,14,08:00.0,5,20:00,447
7763036642,U,OB,1,1,134,126838,14,12:00.0,5,19:00,447
7763036651,U,OB,1,1,171,126838,14,51:00.0,5,18:00,447
7763036660,U,OB,1,11,3920,126838,14,20:00.0,5,19:00,447
776303667X,U,OB,1,10,3032,431170,74,36:00.0,6,11:00,447
7763036689,U,OB,1,10,4099,126838,14,44:00.0,5,18:00,447
7763036698,U,OB,1,1,208,126838,14,30:00.0,5,18:00,447
7763036707,U,OB,1,3,1733,137347,84,30:00.0,5,19:00,447
7763036716,U,OB,1,3,1928,135329,75,34:00.0,6,22:00,447
7763036725,U,OB,1,2,712,132561,89,08:00.0,5,16:00,447
7763036734,U,OB,1,3,934,135329,75,20:00.0,6,22:00,447
7763036743,U,OB,1,2,554,137347,84,21:00.0,5,19:00,447
7763036752,U,OB,1,2,399,135329,75,42:00.0,6,21:00,447
7763036761,U,OB,1,2,494,135329,75,10:00.0,6,22:00,447
7763036770,U,OB,1,2,523,137347,84,14:00.0,5,19:00,447
776303678X,U,OB,1,2,324,431170,74,54:00.0,6,10:00,447
7763036799,U,OB,1,11,7098,133426,95,43:00.0,5,15:00,447
7763036808,U,OB,1,7,2487,118334,50,22:00.0,7,0:00,447
7763036826,U,OB,1,12,7386,137347,84,01:00.0,5,21:00,447
7763036844,U,OB,1,7,3461,133426,95,56:00.0,5,14:00,447
7763036853,U,OB,1,1,395,132561,89,20:00.0,5,16:00,447
7763036862,U,OB,1,1,395,135329,75,28:00.0,6,21:00,447
7763036871,U,OB,1,1,395,132561,89,12:00.0,5,16:00,447
7763036880,U,OB,1,1,395,137347,84,09:00.0,5,19:00,447
776303689X,U,OB,1,1,395,126838,14,41:00.0,5,21:00,447
7763036945,U,OB,1,3,1006,133426,95,51:00.0,5,15:00,447
7763036972,U,OB,1,2,633,135329,75,35:00.0,6,21:00,447
7763036981,U,OB,1,3,1196,132561,89,39:00.0,5,16:00,447
7763036990,U,OB,1,2,673,135329,75,13:00.0,6,21:00,447
7763036990,U,OB,1,2,673,135329,66,53:00.0,7,9:00,447
776303700X,U,OB,1,1,518,135329,75,09:00.0,6,21:00,447
7763037019,U,CTY,1,2,368,135329,181,47:00.0,6,20:00,447
7763037019,U,OB,1,2,368,135329,75,45:00.0,6,20:00,447
7763037028,U,OB,1,2,526,137347,84,15:00.0,5,20:00,447
7763037037,U,OB,1,1,297,137347,84,28:00.0,5,20:00,447
7763037046,U,OB,1,2,653,137347,84,17:00.0,5,20:00,447
7763037055,U,OB,1,1,1049,139813,48,49:00.0,1,12:00,447
7763037073,U,OB,1,1,120,118334,50,45:00.0,6,21:00,447
7763037082,U,OB,1,1,180,118334,50,08:00.0,6,21:00,447
7763037091,U,OB,1,1,241,118334,50,36:00.0,6,21:00,447
7763037100,U,OB,1,9,4321,129949,39,52:00.0,1,20:00,447
776303711X,U,OB,1,50,2684,129949,39,35:00.0,1,20:00,447
7763037147,U,OB,1,12,3909,124297,55,02:00.0,7,17:00,447
7763037156,U,OB,1,15,7253,124297,55,31:00.0,7,20:00,447
7763037156,U,OB,1,15,7253,124297,55,26:00.0,7,17:00,447
7763037165,U,OB,1,2,313,139813,48,55:00.0,1,12:00,447
7763037174,U,OB,1,2,346,139813,48,51:00.0,1,12:00,447
7763037192,U,OB,1,17,8495,139813,48,10:00.0,1,14:00,447
7763037201,U,OB,1,9,3237,249254,18,35:00.0,1,11:00,447
7763037210,U,OB,1,8,1900,249254,18,54:00.0,1,11:00,447
776303722X,U,OB,1,1,1073,137512,76,24:00.0,3,13:00,447
7763037239,U,OB,1,15,9405,137512,76,25:00.0,3,13:00,447
7763037248,U,OB,1,17,7637,137512,38,35:00.0,3,10:00,447
7763037257,U,OB,1,2,712,249254,18,00:00.0,1,11:00,447
7763037266,U,OB,1,3,407,249254,18,58:00.0,1,10:00,447
7763037275,U,OB,1,2,229,249254,81,50:00.0,1,10:00,447
7763037275,U,OB,1,2,229,249254,81,50:00.0,1,10:00,447
7763037293,U,OB,1,1,335,134444,49,57:00.0,3,9:00,447
7763037302,U,OB,1,1,179,134444,49,53:00.0,3,9:00,447
7763037311,U,OB,1,2,905,134444,49,54:00.0,3,10:00,447
7763037320,U,OB,1,2,634,134444,49,49:00.0,3,9:00,447
776303733X,U,OB,1,1,225,134444,49,25:00.0,3,10:00,447
7763037349,U,OB,1,1,225,134444,49,02:00.0,3,10:00,447
7763037367,U,OB,1,8,4275,134444,49,43:00.0,3,9:00,447
7763037385,U,OB,1,4,1692,134444,49,26:00.0,3,9:00,447
776303744X,U,OB,1,1,78,138460,66,21:00.0,3,2:00,447
7763037468,U,OB,1,2,308,138460,66,42:00.0,3,2:00,447
7763037477,U,OB,1,7,3009,127503,73,18:00.0,5,1:00,447
7763037486,U,OB,1,44,1881,127503,73,25:00.0,5,1:00,447
7763037495,U,OB,1,12,6925,126454,17,28:00.0,4,15:00,447
7763037504,U,OB,1,3,865,126454,17,30:00.0,4,15:00,447
7763037513,U,OB,1,2,798,124100,49,57:00.0,4,22:00,447
7763037522,U,OB,1,5,3525,127503,73,32:00.0,5,1:00,447
7763037531,U,OB,1,2,734,127503,73,23:00.0,5,1:00,447
7763037540,U,OB,1,1,172,127503,73,06:00.0,5,1:00,447
7763037587,U,OB,1,1,443,126454,17,01:00.0,4,14:00,447
7763037596,U,OB,1,1,140,290999,63,19:00.0,5,1:00,447
7763037605,U,OB,1,1,208,290999,63,42:00.0,5,1:00,447
7763037614,U,OB,1,3,1730,126454,17,29:00.0,4,15:00,447
7763037623,U,OB,1,4,1177,290999,63,56:00.0,5,0:00,447
7763037641,U,OB,1,11,7872,135136,6,55:00.0,5,12:00,447
7763037650,U,OB,1,10,4291,119854,67,12:00.0,5,14:00,447
776303766X,U,OB,1,1,723,290999,63,10:00.0,5,1:00,447
7763037679,U,OB,1,2,764,126454,17,50:00.0,4,14:00,447
7763037688,U,OB,1,1,650,290999,63,26:00.0,5,1:00,447
7763037715,U,OB,1,1,215,290999,63,35:00.0,5,0:00,447
7763037724,U,OB,1,2,379,290999,63,44:00.0,5,0:00,447
7763037733,U,OB,1,13,5994,131878,84,42:00.0,5,13:00,447
7763037742,U,OB,1,11,7027,131878,84,57:00.0,5,12:00,447
7763037751,U,OB,1,5,2253,119854,67,07:00.0,5,14:00,447
7763037760,U,OB,1,1,239,290999,63,06:00.0,5,1:00,447
776303777X,U,OB,1,1,726,290999,63,02:00.0,5,1:00,447
7763037798,U,OB,1,2,403,211421,72,55:00.0,5,14:00,447
7763037807,U,OB,1,2,357,131878,84,45:00.0,5,12:00,447
7763037816,U,OB,1,2,385,202735,53,45:00.0,5,15:00,447
7763037843,U,OB,1,10,3320,290218,7,28:00.0,5,13:00,447
7763037852,U,OB,1,11,2904,211421,72,32:00.0,5,15:00,447
7763037861,U,OB,1,11,3638,211421,72,40:00.0,5,14:00,447
7763037861,U,OB,1,11,3638,211421,62,41:00.0,5,14:00,447
7763037870,U,OB,1,1,250,211421,72,39:00.0,5,13:00,447
776303788X,U,OB,1,1,115,211421,72,06:00.0,5,15:00,447
7763037899,U,OB,1,1,198,211421,72,14:00.0,5,15:00,447
7763037908,U,OB,1,1,321,119854,67,10:00.0,5,13:00,447
7763037908,U,OB,1,1,321,119854,25,26:00.0,5,13:00,447
7763037917,U,OB,1,1,57,119854,67,09:00.0,5,14:00,447
7763037926,U,OB,1,1,146,119854,67,58:00.0,5,12:00,447
7763037935,U,OB,1,2,600,131878,84,20:00.0,5,12:00,447
7763037944,U,OB,1,7,3285,138908,43,57:00.0,6,18:00,447
7763037953,U,OB,1,9,2440,126686,75,33:00.0,6,16:00,447
7763037962,U,IB,1,13,7219,126307,131,05:00.0,4,15:00,447
7763037971,U,OB,1,2,271,119854,67,53:00.0,5,12:00,447
7763037980,U,OB,1,2,346,119854,67,26:00.0,5,12:00,447
776303799X,U,OB,1,1,245,119854,67,42:00.0,5,12:00,447
7763038009,U,OB,1,2,723,138908,43,48:00.0,6,18:00,447
7763038018,U,OB,1,2,375,126686,75,06:00.0,6,15:00,447
7763038027,U,OB,1,4,931,290292,48,20:00.0,6,19:00,447
7763038036,U,OB,1,2,449,126686,75,46:00.0,6,14:00,447
7763038045,U,OB,1,2,982,126686,75,13:00.0,6,15:00,447
7763038054,U,OB,1,2,471,290292,48,08:00.0,6,19:00,447
7763038063,U,OB,1,2,327,290292,48,51:00.0,6,18:00,447
7763038072,U,OB,1,2,304,290292,48,57:00.0,6,18:00,447
7763038081,U,OB,1,2,270,126686,75,26:00.0,6,15:00,447
7763038090,U,OB,1,2,555,126686,75,56:00.0,6,15:00,447
776303810X,U,IB,1,1,417,249336,101,32:00.0,6,21:00,447
7763038119,U,IB,1,2,292,249336,101,17:00.0,6,21:00,447
7763038128,U,OB,1,9,4458,138908,43,43:00.0,6,18:00,447
7763038137,U,IB,1,1,372,131384,105,55:00.0,1,3:00,447
7763038146,U,OB,1,11,5908,131787,55,15:00.0,1,9:00,447
7763038155,U,IB,1,13,7885,131384,105,29:00.0,1,4:00,447
7763038173,U,IB,1,12,2005,126307,131,21:00.0,4,15:00,447
7763038182,U,OB,1,6,2246,131384,35,26:00.0,1,5:00,447
7763038182,U,IB,1,6,2246,131384,105,11:00.0,1,5:00,447
776303821X,U,OB,1,10,4980,123745,66,34:00.0,1,15:00,447
7763038229,U,OB,1,14,5510,123274,73,07:00.0,1,0:00,447
7763038238,U,IB,1,13,3050,249336,101,24:00.0,6,19:00,447
7763038247,U,OB,1,5,705,123745,66,19:00.0,1,14:00,447
7763038256,U,OB,1,2,800,123274,73,09:00.0,1,2:00,447
7763038274,U,OB,1,2,391,123274,73,05:00.0,1,2:00,447
7763038283,U,OB,1,2,255,123274,73,11:00.0,1,2:00,447
7763038292,U,OB,1,2,189,123274,73,26:00.0,1,2:00,447
7763038301,U,OB,1,2,1289,123745,66,20:00.0,1,15:00,447
7763038310,U,OB,1,2,779,132168,60,59:00.0,1,13:00,447
776303832X,U,OB,1,2,856,123274,73,31:00.0,1,1:00,447
7763038339,U,OB,1,2,704,123745,66,17:00.0,1,15:00,447
7763038348,U,OB,1,2,401,131787,55,15:00.0,1,10:00,447
7763038357,U,OB,1,2,382,132168,60,41:00.0,1,14:00,447
7763038366,U,OB,1,2,311,123745,66,59:00.0,1,13:00,447
7763038375,U,OB,1,2,270,123274,73,23:00.0,1,1:00,447
7763038384,U,OB,1,2,208,123274,73,50:00.0,1,1:00,447
7763038393,U,OB,1,2,372,132168,60,05:00.0,1,14:00,447
7763038411,U,OB,1,1,821,123274,73,16:00.0,1,2:00,447
7763038420,U,OB,1,12,3121,131787,55,49:00.0,1,10:00,447
7763038458,U,OB,1,2,576,123745,66,40:00.0,1,15:00,447
7763038467,U,OB,1,3,671,123274,73,53:00.0,1,1:00,447
7763038476,U,OB,1,3,456,123274,73,00:00.0,1,2:00,447
7763038485,U,OB,1,2,1093,290976,51,17:00.0,3,13:00,447
7763038494,U,OB,1,1,725,903951,73,06:00.0,3,16:00,447
7763038503,U,OB,1,2,127,132168,60,54:00.0,1,13:00,447
7763038512,U,OB,1,2,173,132168,60,52:00.0,1,13:00,447
7763038521,U,OB,1,2,627,903951,73,10:00.0,3,14:00,447
7763038530,U,OB,1,2,235,903951,73,02:00.0,3,14:00,447
776303854X,U,OB,1,3,1360,903951,73,52:00.0,3,13:00,447
7763038559,U,OB,1,2,446,903951,73,04:00.0,3,15:00,447
7763038568,U,OB,1,1,332,R42287955,75,45:00.0,4,12:00,447
7763038577,U,OB,1,2,2668,290976,51,00:00.0,3,14:00,447
7763038586,U,OB,1,7,2105,R42287955,75,09:00.0,4,12:00,447
7763038595,U,OB,1,2,431,R42287955,75,57:00.0,4,13:00,447
7763038604,U,OB,1,2,253,135897,90,25:00.0,7,1:00,447
7763038613,U,OB,1,2,188,R42287955,75,27:00.0,4,12:00,447
7763038631,U,OB,1,1,395,290976,51,22:00.0,3,13:00,447
7763038640,U,OB,1,1,122,560041,67,35:00.0,3,18:00,447
776303865X,U,OB,1,1,122,560041,67,18:00.0,3,16:00,447
7763038669,U,OB,1,2,241,132168,60,43:00.0,1,13:00,447
7763038678,U,OB,1,2,274,132168,60,39:00.0,1,13:00,447
7763038687,U,OB,1,2,519,132168,60,05:00.0,1,13:00,447
7763038696,U,OB,1,2,308,132168,60,27:00.0,1,13:00,447
7763038705,U,OB,1,7,4053,903951,73,59:00.0,3,15:00,447
7763038714,U,OB,1,5,2272,903951,73,11:00.0,3,15:00,447
7763038723,U,OB,1,3,1557,903951,73,21:00.0,3,14:00,447
7763038732,U,OB,1,4,1676,903951,73,54:00.0,3,15:00,447
7763038741,U,OB,1,3,1170,903951,73,16:00.0,3,16:00,447
7763038750,U,OB,1,2,827,903951,73,34:00.0,3,14:00,447
776303876X,U,OB,1,2,1389,903951,73,52:00.0,3,14:00,447
7763038779,U,OB,1,2,738,903951,73,25:00.0,3,15:00,447
7763038788,U,OB,1,2,526,903951,73,19:00.0,3,15:00,447
7763038797,U,OB,1,2,628,903951,73,19:00.0,3,16:00,447
7763038806,U,OB,1,2,1091,903951,73,22:00.0,3,16:00,447
7763038815,U,OB,1,2,985,560041,67,06:00.0,3,20:00,447
7763038824,U,OB,1,2,955,560041,67,45:00.0,3,18:00,447
7763038833,U,OB,1,2,243,903951,73,37:00.0,3,15:00,447
7763038842,U,OB,1,8,2465,R42287955,75,54:00.0,4,14:00,447
7763038851,U,OB,1,5,1505,R42287955,75,25:00.0,4,14:00,447
7763038860,U,OB,1,11,4941,560041,67,57:00.0,3,18:00,447
776303887X,U,OB,1,13,6768,560041,67,40:00.0,3,19:00,447
7763038889,U,OB,1,6,2340,290976,51,01:00.0,3,14:00,447
7763038898,U,OB,1,2,948,290976,51,03:00.0,3,13:00,447
7763038907,U,OB,1,2,948,290976,51,33:00.0,3,13:00,447
7763038916,U,OB,1,1,142,R42287955,75,50:00.0,4,13:00,447
7763038925,U,OB,1,1,324,R42287955,75,07:00.0,4,11:00,447
7763038934,U,OB,1,2,432,R42287955,75,29:00.0,4,11:00,447
7763038943,U,OB,1,2,388,R42287955,75,05:00.0,4,14:00,447
7763038952,U,OB,1,2,649,R42287955,75,41:00.0,4,13:00,447
7763038961,U,OB,1,2,614,131197,51,49:00.0,4,11:00,447
7763038970,U,OB,1,6,2306,131197,51,51:00.0,4,11:00,447
776303898X,U,OB,1,2,523,131197,51,31:00.0,4,11:00,447
7763038999,U,OB,1,2,613,R42287955,75,17:00.0,4,14:00,447
7763039008,U,OB,1,2,323,131197,51,36:00.0,4,11:00,447
7763039017,U,OB,1,2,344,131197,51,29:00.0,4,11:00,447
7763039026,U,OB,1,1,375,R44779962,26,42:00.0,6,11:00,447
7763039035,U,OB,1,1,151,131197,51,56:00.0,4,10:00,447
7763039044,U,OB,1,1,53,R42287955,75,00:00.0,4,14:00,447
7763039053,U,OB,1,15,8374,R44779962,26,18:00.0,6,12:00,447
7763039062,U,OB,1,7,1826,R44779962,26,22:00.0,6,4:00,447
7763039071,U,OB,1,12,4998,R44779962,26,19:00.0,6,3:00,447
7763039080,U,OB,1,11,6424,R44779962,26,29:00.0,6,2:00,447
776303909X,U,OB,1,11,6189,R44779962,26,33:00.0,6,1:00,447
7763039109,U,OB,1,3,1114,R44779962,26,27:00.0,6,0:00,447
7763039219,U,OB,1,5,2214,559909,66,50:00.0,5,16:00,447
7763039228,U,OB,1,2,1155,R44779962,26,32:00.0,6,10:00,447
7763039237,U,OB,1,2,662,R44779962,26,54:00.0,6,10:00,447
7763039246,U,OB,1,2,827,R44779962,26,47:00.0,6,11:00,447
7763039255,U,OB,1,2,386,R44779962,26,42:00.0,6,10:00,447
7763039264,U,OB,1,13,5966,559909,66,17:00.0,5,18:00,447
7763039273,U,OB,1,15,6118,559909,66,07:00.0,5,17:00,447
7763039282,U,OB,1,13,5263,559909,66,26:00.0,5,16:00,447
7763039291,U,OB,1,2,192,559909,66,45:00.0,5,16:00,447
776303931X,U,OB,1,13,4985,137452,74,04:00.0,6,0:00,447
7763039329,U,OB,1,2,572,559909,66,18:00.0,5,18:00,447
7763039338,U,OB,1,1,224,559909,66,47:00.0,5,16:00,447
7763039347,U,OB,1,1,122,559909,66,48:00.0,5,16:00,447
7763039356,U,OB,1,3,732,559909,66,27:00.0,5,15:00,447
7763039365,U,OB,1,3,716,559909,66,18:00.0,5,18:00,447
7763039365,U,CTY,1,3,716,559909,B29 ,59:00.0,6,7:00,447
7763039365,U,OB,1,3,716,559909,81,59:00.0,6,9:00,447
7763039383,U,OB,1,3,3895,135897,27,31:00.0,7,2:00,447
7763039383,U,OB,1,3,3895,135897,90,29:00.0,7,2:00,447
7763039392,U,OB,1,3,1330,135897,90,03:00.0,7,3:00,447
7763039401,U,OB,1,12,7455,135897,90,25:00.0,7,3:00,447
7763039466,U,OB,1,2,363,202041,73,05:00.0,6,11:00,447
7763039475,U,OB,1,2,210,202041,73,03:00.0,6,10:00,447
7763039484,U,OB,1,2,355,202041,73,59:00.0,6,10:00,447
7763039493,U,OB,1,2,283,202041,73,44:00.0,6,10:00,447
7763039502,U,OB,1,2,357,211527,75,03:00.0,7,10:00,447
7763039520,U,OB,1,5,1860,132682,13,27:00.0,6,11:00,447
776303953X,U,OB,1,3,1227,202041,73,54:00.0,6,9:00,447
7763039549,U,OB,1,2,550,202041,73,09:00.0,6,10:00,447
7763039558,U,OB,1,2,667,202041,73,27:00.0,6,11:00,447
7763039567,U,OB,1,2,403,202041,73,21:00.0,6,11:00,447
7763039576,U,OB,1,2,349,202041,73,06:00.0,6,11:00,447
7763039594,U,OB,1,2,425,211527,75,30:00.0,7,9:00,447
7763039630,U,OB,1,10,2526,202041,73,20:00.0,6,11:00,447
776303964X,U,OB,1,6,1490,202041,73,52:00.0,6,10:00,447
7763039659,U,OB,1,1,10,211527,75,07:00.0,7,10:00,447
7763079259,U,CTY,1,1,455,118481,192,47:00.0,6,13:00,303
7763088279,U,IB,1,1,124,133251,158,56:00.0,5,16:00,261
7763088728,U,CTY,1,1,231,121384,188,41:00.0,4,0:00,261
7763093943,U,IB,1,1,350,133535,129,34:00.0,6,3:00,261
776309596X,U,IB,1,2,1584,133251,158,22:00.0,5,16:00,261
7763096098,U,CTY,1,1,361,134524,169,38:00.0,1,3:00,261
7763096280,U,CTY,1,4,1852,129585,197,53:00.0,6,18:00,261
7763096419,U,CTY,1,2,3348,127977,173,30:00.0,5,3:00,261
7763098738,U,CTY,1,1,200,121384,188,33:00.0,4,0:00,261
7763100121,U,CTY,1,9,4565,134197,197,40:00.0,5,19:00,261
7763100891,U,IB,1,1,340,133535,129,25:00.0,6,2:00,261
7763109260,U,CTY,1,3,1280,130594,195,33:00.0,3,22:00,261
7763112158,U,CTY,1,1,205,127154,196,56:00.0,3,21:00,261
7763112203,U,CTY,1,4,3355,136308,173,03:00.0,5,20:00,261
7763115045,U,CTY,1,7,1045,137647,173,42:00.0,2,10:00,261
7763116109,U,CTY,1,1,114,136308,173,39:00.0,5,22:00,261
7763117281,U,CTY,1,1,166,119911,172,56:00.0,5,22:00,261
7763117465,U,CTY,1,1,120,261251,192,29:00.0,6,21:00,261
7763117566,U,CTY,1,1,155,134197,197,46:00.0,5,19:00,261
7763127338,U,CTY,1,7,518,133013,176,09:00.0,5,23:00,261
7763128539,U,CTY,1,2,406,134524,169,09:00.0,1,3:00,261
7763128676,U,CTY,1,1,250,121384,188,16:00.0,3,23:00,261
7763128887,U,CTY,1,1,233,135900,187,36:00.0,1,9:00,261
7763128887,U,CTY,1,1,233,135900,180,43:00.0,1,15:00,261
776312896X,U,CTY,1,1,200,135900,187,38:00.0,1,7:00,261
7763129235,U,IB,1,2,377,135451,151,28:00.0,5,21:00,261
7763133451,U,CTY,1,3,2969,134524,169,59:00.0,1,2:00,261
7763136257,U,CTY,1,1,745,135016,196,40:00.0,3,0:00,261
7763145973,U,IB,1,1,656,280465,113,40:00.0,5,3:00,261
7763146166,U,IB,1,1,266,280465,113,38:00.0,5,3:00,261
7763146395,U,IB,1,1,265,127209,149,40:00.0,5,19:00,261
7763146689,U,IB,1,1,482,127209,149,43:00.0,5,19:00,261
7763147019,U,CTY,1,1,1652,128048,192,54:00.0,7,22:00,261
7763147019,U,CTY,1,1,1652,128048,N   ,04:00.0,1,7:00,261
776314733X,U,IB,1,2,2795,133251,158,14:00.0,5,14:00,261
7763147349,U,IB,1,1,510,133251,158,01:00.0,5,13:00,261
7763147522,U,IB,1,1,1017,133251,158,26:00.0,5,16:00,261
7763147751,U,CTY,1,1,336,139877,172,20:00.0,7,21:00,261
7763148577,U,CTY,1,2,900,134846,189,42:00.0,4,22:00,261
7763148577,U,CTY,1,2,900,134846,188,41:00.0,4,22:00,261
7763149457,U,CTY,1,5,10453,124196,192,00:00.0,5,12:00,261
7763149585,U,IB,1,3,1500,135900,161,09:00.0,1,10:00,261
7763149585,U,CTY,1,3,1500,135900,187,01:00.0,1,10:00,261
7763149659,U,IB,1,1,250,135900,161,09:00.0,1,10:00,261
7763149659,U,CTY,1,1,250,135900,187,02:00.0,1,10:00,261
7763149823,U,IB,1,2,560,133251,158,10:00.0,5,13:00,261
7763149879,U,CTY,1,3,750,137647,173,21:00.0,2,12:00,261
7763149915,U,CTY,1,4,1000,139877,172,33:00.0,7,21:00,261
7763163362,U,CTY,1,1,521,138969,235,24:00.0,2,22:00,261
7763163362,U,CTY,1,1,521,138969,172,30:00.0,1,3:00,261
7763165580,U,CTY,1,1,489,139877,172,54:00.0,7,21:00,261
7763165654,U,CTY,1,5,4210,138184,169,34:00.0,4,4:00,261
7763165663,U,IB,1,2,878,131798,145,24:00.0,5,22:00,261
7763165800,U,OB,1,1,5262,128078,97,19:00.0,3,15:00,261
7763165800,U,OB,1,1,5262,128078,82,10:00.0,3,15:00,261
7763165847,U,CTY,1,2,5772,128048,192,26:00.0,7,22:00,261
7763165892,U,CTY,1,1,180,135900,187,28:00.0,1,7:00,261
7763166159,U,IB,1,2,338,133535,129,08:00.0,6,1:00,261
7763166516,U,CTY,1,1,327,138969,235,39:00.0,1,4:00,261
7763166516,U,CTY,1,1,327,138969,172,37:00.0,1,4:00,261
7763166635,U,CTY,1,2,1182,139877,172,22:00.0,7,22:00,261
7763166662,U,CTY,1,1,478,137647,173,05:00.0,2,10:00,261
7763173830,U,CTY,1,2,425,135900,187,45:00.0,1,7:00,261
7763199561,U,CTY,1,1,760,124019,174,25:00.0,2,9:00,581
7763199873,U,IB,1,1,170,131281,135,28:00.0,3,20:00,581
7763199891,U,IB,1,1,159,131281,135,22:00.0,3,20:00,581
7763199947,U,IB,1,1,478,131281,135,26:00.0,3,20:00,581
7763199992,U,IB,1,1,377,HAEI24669,151,13:00.0,5,0:00,581
7763200286,U,OB,1,1,156,137256,89,43:00.0,5,17:00,581
776320090X,U,OB,1,1,1587,139634,86,52:00.0,2,11:00,581
7763204511,U,IB,1,2,150,HAEI23307,131,38:00.0,6,20:00,581
7763209562,U,IB,1,1,295,137892,131,44:00.0,7,9:00,581
776321058X,U,IB,1,1,620,560306,145,01:00.0,6,15:00,581
7763212029,U,IB,1,1,160,135983,116,01:00.0,6,20:00,581
7763213834,U,CTY,1,1,362,291179,172,27:00.0,5,13:00,581
7763213852,U,CTY,1,2,2092,291179,172,55:00.0,5,13:00,581
7763213917,U,IB,1,1,25,137892,131,29:00.0,7,12:00,581
7763220517,U,OB,1,2,2610,119897,48,20:00.0,7,12:00,581
7763226383,U,IB,1,1,1200,HAEI23307,131,58:00.0,6,20:00,581
7763226383,U,CTY,1,1,1200,HAEI23307,204,30:00.0,7,13:00,581
7763243433,U,CTY,1,1,150,124019,174,15:00.0,2,8:00,581
7763410368,U,OB,1,25,1478,558293,78,09:00.0,3,4:00,292
7763410532,U,CTY,1,2,116,133257,197,37:00.0,6,1:00,292
7763410588,U,OB,1,11,572,136061,48,35:00.0,4,5:00,292
7763410761,U,CTY,1,23,1196,117065,229,43:00.0,5,8:00,292
7763410761,U,CTY,1,23,1196,117065,225,17:00.0,4,12:00,292
776341089X,U,OB,1,10,580,558881,66,31:00.0,2,10:00,292
7763410909,U,OB,1,12,984,558881,66,46:00.0,2,10:00,292
7763410918,U,OB,1,8,464,558881,66,00:00.0,2,10:00,292
7763410936,U,OB,1,2,146,558881,66,30:00.0,2,6:00,292
7763410954,U,OB,1,1,89,134576,26,44:00.0,3,1:00,292
7763410963,U,OB,1,10,885,134576,26,18:00.0,3,2:00,292
7763410972,U,OB,1,16,1412,134576,26,13:00.0,3,5:00,292
7763410981,U,OB,1,13,1157,134576,26,19:00.0,3,4:00,292
7763410990,U,IB,1,14,1070,R172513206,101,21:00.0,3,22:00,292
776341100X,U,IB,1,2,149,R172513206,101,54:00.0,3,16:00,292
7763411019,U,IB,1,5,442,R172513206,101,12:00.0,3,15:00,292
7763411028,U,IB,1,10,881,R172513206,101,40:00.0,3,20:00,292
7763411037,U,IB,1,15,1302,R172513206,101,51:00.0,3,22:00,292
7763411046,U,IB,1,8,705,R172513206,101,50:00.0,3,17:00,292
7763411055,U,IB,1,17,1437,R172513206,101,23:00.0,3,21:00,292
7763411064,U,IB,1,6,94,R172513206,101,20:00.0,3,17:00,292
7763411073,U,IB,1,2,184,R172513206,101,40:00.0,3,15:00,292
7763411082,U,IB,1,13,909,R172513206,101,14:00.0,3,19:00,292
7763411091,U,IB,1,12,984,R172513206,101,46:00.0,3,22:00,292
7763411100,U,IB,1,6,432,R172513206,101,02:00.0,3,16:00,292
776341111X,U,IB,1,9,657,R172513206,101,45:00.0,3,16:00,292
7763411138,U,OB,1,7,574,117344,60,03:00.0,3,1:00,292
7763411412,U,CTY,1,7,376,137437,189,35:00.0,2,3:00,292
7763411614,U,IB,1,3,174,530616,116,36:00.0,3,6:00,292
7763411623,U,IB,1,8,688,530616,116,55:00.0,3,15:00,292
7763411632,U,IB,1,4,319,530616,116,32:00.0,3,11:00,292
7763411641,U,IB,1,9,801,530616,116,43:00.0,3,16:00,292
7763411650,U,IB,1,3,267,530616,116,44:00.0,3,11:00,292
776341166X,U,IB,1,4,356,530616,116,51:00.0,3,11:00,292
7763411679,U,IB,1,4,353,530616,116,02:00.0,3,12:00,292
7763411688,U,IB,1,13,1153,530616,116,07:00.0,3,16:00,292
7763411697,U,IB,1,4,352,530616,116,30:00.0,3,12:00,292
7763411706,U,IB,1,6,534,202543,101,08:00.0,4,3:00,292
7763411715,U,IB,1,1,89,202543,101,18:00.0,4,2:00,292
7763411724,U,IB,1,6,522,202543,101,55:00.0,4,2:00,292
7763411733,U,IB,1,6,516,202543,101,27:00.0,4,3:00,292
7763411742,U,IB,1,13,1157,202543,101,53:00.0,4,3:00,292
7763411751,U,IB,1,6,525,202543,101,37:00.0,4,2:00,292
776341177X,U,IB,1,1,89,202543,101,21:00.0,4,2:00,292
7763411789,U,IB,1,3,267,202543,101,24:00.0,4,2:00,292
7763411798,U,OB,1,2,178,290897,86,06:00.0,4,4:00,292
7763411807,U,OB,1,2,178,290897,86,52:00.0,4,3:00,292
7763411816,U,OB,1,2,178,290897,86,15:00.0,4,4:00,292
7763411825,U,OB,1,2,178,290897,86,29:00.0,4,4:00,292
7763411834,U,OB,1,10,890,290897,86,31:00.0,4,5:00,292
7763411843,U,OB,1,3,153,290897,86,46:00.0,4,4:00,292
7763411852,U,OB,1,6,306,290897,86,09:00.0,4,5:00,292
7763411861,U,OB,1,15,765,290897,86,38:00.0,4,6:00,292
7763412265,U,IB,1,2,172,139006,145,56:00.0,7,9:00,292
7763412393,U,IB,1,10,880,135822,105,55:00.0,5,12:00,292
7763412402,U,IB,1,6,528,135822,105,23:00.0,5,11:00,292
7763412411,U,IB,1,16,1204,135822,105,13:00.0,5,12:00,292
7763412420,U,IB,1,1,86,135822,105,53:00.0,5,10:00,292
776341243X,U,IB,1,7,623,135822,105,41:00.0,5,12:00,292
7763412449,U,IB,1,4,344,135822,105,06:00.0,5,11:00,292
7763412458,U,IB,1,3,264,135822,105,32:00.0,5,10:00,292
7763412604,U,CTY,1,1,89,135246,189,42:00.0,4,19:00,292
7763412631,U,CTY,1,1,82,135246,189,55:00.0,4,19:00,292
7763412723,U,IB,1,4,232,140042,103,13:00.0,4,8:00,292
7763412732,U,IB,1,12,696,140042,103,25:00.0,4,14:00,292
7763412741,U,IB,1,6,348,140042,103,07:00.0,4,11:00,292
7763412750,U,IB,1,8,656,140042,103,13:00.0,4,13:00,292
776341276X,U,IB,1,1,89,140042,103,26:00.0,4,8:00,292
7763412788,U,IB,1,4,352,140042,103,55:00.0,4,8:00,292
7763412797,U,IB,1,6,534,140042,103,43:00.0,4,9:00,292
7763412806,U,IB,1,10,890,530117,112,31:00.0,5,9:00,292
7763412815,U,IB,1,1,89,530117,112,23:00.0,5,6:00,292
7763412824,U,IB,1,2,178,530117,112,36:00.0,5,6:00,292
7763412833,U,IB,1,4,232,530117,112,44:00.0,5,7:00,292
7763412842,U,CTY,1,10,880,530117,205,22:00.0,5,17:00,292
7763412842,U,IB,1,10,880,530117,112,09:00.0,5,9:00,292
7763412851,U,IB,1,8,688,530117,112,26:00.0,5,8:00,292
7763412860,U,IB,1,3,258,530117,112,03:00.0,5,7:00,292
7763412860,U,OB,1,3,258,530117,81,28:00.0,5,8:00,292
776341287X,U,IB,1,12,1032,530117,112,04:00.0,5,10:00,292
7763412889,U,IB,1,14,1204,530117,112,28:00.0,5,10:00,292
7763412916,U,IB,1,7,574,530117,112,59:00.0,5,7:00,292
7763412925,U,IB,1,4,344,530117,112,40:00.0,5,7:00,292
7763412943,U,IB,1,3,246,530117,112,53:00.0,5,6:00,292
7763412961,U,OB,1,1,89,134530,95,55:00.0,6,6:00,292
7763413053,U,IB,1,1,89,560484,114,40:00.0,5,12:00,292
7763413062,U,IB,1,1,89,560484,114,18:00.0,5,12:00,292
7763413071,U,IB,1,1,89,560484,114,59:00.0,5,12:00,292
7763413080,U,IB,1,1,89,560484,114,33:00.0,5,12:00,292
776341309X,U,IB,1,20,1160,560484,114,03:00.0,5,15:00,292
7763413118,U,IB,1,8,464,560484,114,46:00.0,5,13:00,292
7763413127,U,IB,1,16,928,560484,114,24:00.0,5,14:00,292
7763413136,U,IB,1,1,82,560484,114,01:00.0,5,13:00,292
7763413145,U,IB,1,30,1740,560484,114,51:00.0,5,15:00,292
7763413154,U,IB,1,1,82,560484,114,08:00.0,5,13:00,292
7763413163,U,IB,1,1,89,560484,114,06:00.0,5,13:00,292
7763454541,U,OB,1,8,554,558293,78,52:00.0,3,5:00,292
7763454817,U,OB,1,8,464,558881,66,32:00.0,2,8:00,292
7763454826,U,OB,1,6,348,558881,66,58:00.0,2,7:00,292
7763454835,U,OB,1,5,410,558881,66,37:00.0,2,7:00,292
7763454844,U,OB,1,2,176,558881,66,27:00.0,2,7:00,292
7763454853,U,OB,1,6,492,558881,66,48:00.0,2,7:00,292
7763454871,U,OB,1,18,936,134576,26,08:00.0,3,5:00,292
7763454880,U,OB,1,8,464,134576,26,20:00.0,3,3:00,292
776345489X,U,IB,1,1,82,R172513206,101,49:00.0,3,14:00,292
7763454909,U,OB,1,1,82,117344,60,41:00.0,3,0:00,292
7763455138,U,CTY,1,12,696,137437,189,41:00.0,2,1:00,292
7763455257,U,IB,1,2,178,202543,101,14:00.0,4,2:00,292
7763455266,U,IB,1,5,445,202543,101,01:00.0,4,3:00,292
7763455275,U,IB,1,8,712,530616,116,36:00.0,3,15:00,292
7763455284,U,IB,1,1,89,530616,116,20:00.0,3,4:00,292
7763455293,U,IB,1,1,89,530616,116,59:00.0,3,3:00,292
7763455311,U,IB,1,5,445,530616,116,10:00.0,3,13:00,292
7763455320,U,IB,1,4,356,530616,116,47:00.0,3,12:00,292
776345533X,U,IB,1,5,445,530616,116,01:00.0,3,13:00,292
7763455349,U,IB,1,4,356,530616,116,54:00.0,3,12:00,292
7763455358,U,IB,1,11,638,530616,116,57:00.0,3,16:00,292
7763455367,U,OB,1,2,178,290897,86,26:00.0,4,3:00,292
7763455376,U,OB,1,1,89,290897,86,14:00.0,4,3:00,292
7763455385,U,OB,1,2,178,290897,86,30:00.0,4,4:00,292
7763455394,U,OB,1,2,178,290897,86,37:00.0,4,4:00,292
7763455522,U,IB,1,42,3696,121528,123,16:00.0,5,5:00,292
7763455531,U,IB,1,1,86,135822,105,56:00.0,5,10:00,292
7763455540,U,CTY,1,1,89,135246,189,44:00.0,4,19:00,292
776345555X,U,IB,1,5,445,140042,103,25:00.0,4,10:00,292
7763455569,U,IB,1,2,176,140042,103,57:00.0,4,7:00,292
7763455578,U,IB,1,8,712,140042,103,58:00.0,4,11:00,292
7763455587,U,IB,1,5,445,140042,103,45:00.0,4,10:00,292
7763455596,U,IB,1,3,267,140042,103,34:00.0,4,8:00,292
776345566X,U,IB,1,1,95,560484,114,21:00.0,5,12:00,292
7763455679,U,IB,1,1,89,560484,114,30:00.0,5,12:00,292
7763477899,U,OB,1,1,119,125203,63,35:00.0,2,18:00,411
776347799X,U,OB,1,1,138,125203,63,51:00.0,2,17:00,411
7763478018,U,OB,1,1,1000,125203,63,54:00.0,2,17:00,411
7763478274,U,OB,1,1,125,125712,46,12:00.0,3,7:00,411
7763478402,U,OB,1,1,178,202256,74,38:00.0,3,11:00,411
7763478485,U,OB,1,1,233,202256,74,48:00.0,3,10:00,411
7763478494,U,OB,1,2,338,129573,52,26:00.0,4,3:00,411
776347854X,U,OB,1,1,220,123901,69,55:00.0,5,14:00,411
776347865X,U,OB,1,1,237,123901,69,34:00.0,5,16:00,411
7763478678,U,OB,1,1,465,123901,69,58:00.0,5,14:00,411
7763478696,U,OB,1,1,178,134974,50,39:00.0,5,6:00,411
7763478705,U,OB,1,1,119,134974,50,17:00.0,5,6:00,411
776347876X,U,OB,1,1,218,134974,50,31:00.0,5,6:00,411
7763478806,U,OB,1,1,230,131248,49,44:00.0,5,12:00,411
7763479044,U,OB,1,3,433,123237,40,31:00.0,6,8:00,411
7763479080,U,OB,1,1,331,131248,49,51:00.0,5,12:00,411
7763479145,U,OB,1,1,172,140096,67,46:00.0,7,12:00,411
7763479172,U,OB,1,1,404,140096,67,27:00.0,7,10:00,411
7763479181,U,OB,1,1,283,126522,17,46:00.0,7,15:00,411
7763479282,U,OB,1,1,169,126522,17,59:00.0,7,16:00,411
776347931X,U,OB,1,1,169,140096,67,51:00.0,7,11:00,411
7763479511,U,OB,1,1,62,202181,39,14:00.0,1,6:00,411
7763479549,U,OB,1,1,220,124201,48,57:00.0,1,9:00,411
7763479576,U,OB,1,2,440,123107,62,34:00.0,3,4:00,411
7763479576,U,OB,1,2,440,123107,62,34:00.0,3,4:00,411
7763479659,U,OB,1,1,170,123107,72,35:00.0,3,3:00,411
7763479659,U,CTY,1,1,170,123107,R2  ,58:00.0,3,14:00,411
7763479668,U,OB,1,4,536,129542,43,47:00.0,3,17:00,411
7763479722,U,OB,1,1,155,290300,43,19:00.0,4,3:00,411
7763479731,U,OB,1,1,155,290300,43,26:00.0,4,3:00,411
776347975X,U,OB,1,1,155,290300,43,24:00.0,4,3:00,411
7763479769,U,OB,1,1,220,136911,67,35:00.0,4,18:00,411
7763479787,U,OB,1,4,1098,130593,22,00:00.0,4,16:00,411
7763479823,U,OB,1,1,132,136911,67,29:00.0,4,18:00,411
7763479832,U,OB,1,1,220,136911,67,31:00.0,4,18:00,411
7763479879,U,OB,1,1,229,290300,43,03:00.0,4,4:00,411
7763479888,U,OB,1,1,303,133176,32,09:00.0,4,14:00,411
7763479933,U,OB,1,1,296,136911,67,38:00.0,4,16:00,411
776347997X,U,OB,1,1,180,290300,43,33:00.0,4,3:00,411
7763480034,U,OB,1,1,122,290300,43,01:00.0,4,4:00,411
7763480043,U,OB,1,1,143,136911,67,05:00.0,4,19:00,411
776348008X,U,OB,1,1,420,135509,52,05:00.0,5,16:00,411
7763480117,U,OB,1,1,636,135509,52,02:00.0,5,15:00,411
7763480144,U,OB,1,1,165,135509,52,52:00.0,5,16:00,411
7763480162,U,OB,1,1,229,135509,52,38:00.0,5,15:00,411
7763480171,U,OB,1,1,229,135509,52,31:00.0,5,15:00,411
776348019X,U,OB,1,1,229,135509,52,08:00.0,5,16:00,411
7763480236,U,OB,1,1,178,136125,67,55:00.0,6,12:00,411
7763480245,U,OB,1,1,229,136125,67,15:00.0,6,13:00,411
7763480263,U,OB,1,1,119,136125,67,11:00.0,6,13:00,411
7763480290,U,OB,1,1,230,136125,67,17:00.0,6,13:00,411
7763480382,U,OB,1,1,295,134040,51,03:00.0,7,9:00,411
7763480391,U,OB,1,1,360,134040,51,15:00.0,7,8:00,411
7763480429,U,OB,1,1,300,134040,51,56:00.0,7,7:00,411
7763480438,U,OB,1,1,229,132070,76,05:00.0,1,9:00,411
7763480474,U,OB,1,1,155,134040,51,42:00.0,7,9:00,411
776348052X,U,OB,1,1,203,127740,50,47:00.0,3,12:00,411
7763480539,U,OB,1,1,114,127740,50,49:00.0,3,12:00,411
7763480584,U,OB,1,1,102,127740,50,41:00.0,3,12:00,411
7763480620,U,OB,1,1,89,211778,17,50:00.0,4,8:00,411
7763480667,U,OB,1,1,89,211778,17,47:00.0,4,9:00,411
7763480694,U,OB,1,3,803,138226,74,09:00.0,4,5:00,411
776348074X,U,OB,1,1,161,211778,17,02:00.0,4,11:00,411
7763480786,U,OB,1,1,155,138226,74,26:00.0,4,4:00,411
7763480795,U,OB,1,1,102,138226,74,49:00.0,4,4:00,411
7763480804,U,OB,1,4,630,132674,72,40:00.0,4,14:00,411
7763480822,U,OB,1,1,133,131938,38,35:00.0,4,10:00,411
7763480869,U,OB,1,4,566,211778,17,39:00.0,4,9:00,411
7763480905,U,OB,1,1,235,138226,74,15:00.0,4,5:00,411
7763480914,U,OB,1,1,178,138226,74,13:00.0,4,4:00,411
7763480932,U,OB,1,1,115,138226,74,18:00.0,4,5:00,411
7763480950,U,OB,1,1,246,129853,40,06:00.0,5,14:00,411
7763480997,U,OB,1,1,171,137640,60,01:00.0,5,20:00,411
7763481015,U,OB,1,2,614,129853,40,46:00.0,5,12:00,411
776348107X,U,OB,1,2,392,129853,40,09:00.0,5,14:00,411
7763481125,U,OB,1,1,207,R621615905,69,55:00.0,5,18:00,411
7763481134,U,OB,1,1,465,R621615905,69,44:00.0,5,19:00,411
7763481161,U,OB,1,1,252,R621615905,69,45:00.0,5,17:00,411
7763481226,U,OB,1,1,102,126283,49,00:00.0,7,15:00,411
7763481244,U,OB,1,1,138,126283,49,37:00.0,7,15:00,411
7763481253,U,OB,1,1,585,126283,49,50:00.0,7,10:00,411
7763481280,U,OB,1,1,80,126283,49,28:00.0,7,15:00,411
776348129X,U,OB,1,1,254,123141,6,15:00.0,1,7:00,411
7763481327,U,OB,1,1,102,124238,55,49:00.0,3,10:00,411
7763481372,U,OB,1,1,280,124238,55,46:00.0,3,10:00,411
7763481390,U,OB,1,1,295,129696,58,43:00.0,3,19:00,411
7763481437,U,OB,1,1,2250,124238,55,40:00.0,3,11:00,411
7763481455,U,OB,1,1,102,129784,66,11:00.0,2,10:00,411
7763481610,U,OB,1,1,238,133519,43,22:00.0,4,15:00,411
7763481666,U,OB,1,1,108,133519,43,01:00.0,4,15:00,411
7763481684,U,OB,1,1,113,133233,63,12:00.0,4,8:00,411
7763481693,U,OB,1,1,122,134526,48,10:00.0,4,13:00,411
7763481711,U,OB,1,1,113,133233,63,30:00.0,4,10:00,411
7763481749,U,OB,1,1,135,131869,53,39:00.0,4,15:00,411
7763481776,U,OB,1,1,102,131869,53,29:00.0,4,14:00,411
7763481886,U,OB,1,1,162,133519,43,02:00.0,4,16:00,411
7763481922,U,OB,1,1,122,134526,48,24:00.0,4,12:00,411
7763481931,U,OB,1,1,253,133519,43,14:00.0,4,16:00,411
7763481969,U,OB,1,1,80,134526,48,34:00.0,4,12:00,411
7763481987,U,OB,1,1,104,280868,89,41:00.0,5,18:00,411
7763481996,U,OB,1,1,102,280868,89,44:00.0,5,19:00,411
7763482189,U,OB,1,1,102,280868,89,23:00.0,5,20:00,411
7763482234,U,OB,1,1,207,121937,55,53:00.0,6,7:00,411
7763482252,U,OB,1,1,102,121937,55,56:00.0,6,9:00,411
7763482317,U,OB,1,1,229,121937,55,59:00.0,6,9:00,411
7763482335,U,OB,1,1,404,202088,60,23:00.0,6,14:00,411
7763482353,U,OB,1,1,133,202088,60,07:00.0,6,14:00,411
7763482362,U,OB,1,1,113,202088,60,09:00.0,6,15:00,411
7763482436,U,OB,1,1,102,202088,60,00:00.0,6,13:00,411
7763482454,U,OB,1,1,149,121937,55,03:00.0,6,7:00,411
7763509743,U,CTY,1,2,845,41422,R106,18:00.0,4,12:00,847
7763509743,U,CTY,1,2,845,41422,168,35:00.0,4,7:00,847
7763510349,U,CTY,1,1,400,136647,196,19:00.0,4,19:00,847
7763510504,U,CTY,1,11,12035,128833,173,05:00.0,1,23:00,847
7763511384,U,CTY,1,1,165,133495,175,07:00.0,4,3:00,847
7763511934,U,CTY,1,4,1685,139733,189,26:00.0,1,22:00,847
7763512740,U,OB,1,2,1610,211720,73,39:00.0,6,14:00,847
7763516810,U,IB,1,1,105,123837,104,24:00.0,7,7:00,847
7763516848,U,IB,1,1,100,134351,164,41:00.0,5,9:00,847
7763516857,U,IB,1,1,87,134351,164,38:00.0,5,8:00,847
7763517131,U,CTY,1,4,681,128079,196,28:00.0,2,12:00,847
7763517131,U,CTY,1,4,681,128079,228,21:00.0,3,3:00,847
7763518011,U,CTY,1,3,2880,128833,173,44:00.0,1,21:00,847
7763518049,U,IB,1,3,4590,138066,114,10:00.0,1,5:00,847
776352166X,U,CTY,1,1,465,211270,188,00:00.0,3,19:00,847
7763521843,U,CTY,1,1,750,133495,175,41:00.0,4,4:00,847
7763521852,U,OB,1,1,118,138705,76,20:00.0,1,22:00,847
7763521861,U,CTY,1,1,177,133495,175,54:00.0,4,3:00,847
7763522274,U,CTY,1,2,730,140077,197,34:00.0,3,3:00,847
7763525098,U,IB,1,1,36,134351,164,21:00.0,5,13:00,847
7763525107,U,IB,1,1,85,134351,164,25:00.0,5,13:00,847
7763525419,U,CTY,1,1,196,211270,188,02:00.0,3,19:00,847
7763525702,U,IB,1,1,1485,134351,164,57:00.0,5,12:00,847
7763526528,U,CTY,1,7,2200,138028,176,38:00.0,4,3:00,847
7763529121,U,OB,1,1,680,135062,26,25:00.0,2,22:00,847
7763529525,U,CTY,1,1,747,249377,168,32:00.0,5,6:00,847
7763529680,U,CTY,1,3,4150,135206,189,47:00.0,2,0:00,847
7763529736,U,IB,1,5,11405,138410,149,17:00.0,4,20:00,847
7763530432,U,IB,1,1,520,249192,135,20:00.0,2,3:00,847
7763530488,U,CTY,1,6,7640,135206,189,12:00.0,2,1:00,847
7763531110,U,CTY,1,1,526,135206,189,32:00.0,2,0:00,847
7763532540,U,IB,1,1,68,134351,164,07:00.0,5,14:00,847
776353255X,U,IB,1,1,61,134351,164,05:00.0,5,14:00,847
7763533045,U,CTY,1,3,2494,134501,174,53:00.0,5,11:00,847
7763533119,U,IB,1,2,2089,129822,114,38:00.0,4,22:00,847
7763533137,U,IB,1,2,930,133055,125,45:00.0,5,0:00,847
7763537088,U,CTY,1,1,557,134984,R204,41:00.0,6,11:00,847
7763537088,U,OB,1,1,557,134984,26,54:00.0,5,9:00,847
7763537124,U,CTY,1,2,560,430868,172,10:00.0,4,17:00,847
7763538114,U,IB,1,1,538,249192,135,30:00.0,2,3:00,847
7763539829,U,CTY,1,1,102,136647,196,07:00.0,4,19:00,847
7763539838,U,CTY,1,1,142,136647,196,05:00.0,4,21:00,847
7763539874,U,CTY,1,1,690,249377,P   ,52:00.0,5,9:00,847
7763539874,U,CTY,1,1,690,249377,168,19:00.0,5,4:00,847
7763540662,U,CTY,1,1,153,211270,188,28:00.0,3,18:00,847
7763540709,U,CTY,1,1,195,211270,188,08:00.0,3,20:00,847
7763541295,U,CTY,1,11,2685,128833,173,05:00.0,1,22:00,847
7763541378,U,CTY,1,13,2430,126458,172,13:00.0,3,8:00,847
7763541735,U,CTY,1,1,134,249377,168,23:00.0,5,2:00,847
7763541744,U,CTY,1,1,21,249377,168,22:00.0,5,2:00,847
7763541753,U,CTY,1,1,80,249377,168,49:00.0,5,1:00,847
7763541928,U,CTY,1,1,200,135206,189,52:00.0,1,22:00,847
7763542844,U,CTY,1,1,576,211270,188,53:00.0,3,22:00,847
7763543789,U,IB,1,2,1270,133055,125,22:00.0,5,0:00,847
776354509X,U,CTY,1,3,1549,125383,169,23:00.0,2,16:00,847
7763545365,U,CTY,1,2,663,125383,169,28:00.0,2,18:00,847
776354630X,U,IB,1,1,265,128918,152,28:00.0,4,18:00,847
7763546584,U,CTY,1,1,435,133495,175,17:00.0,4,4:00,847
7763546593,U,CTY,1,2,615,133495,175,25:00.0,4,4:00,847
7763546768,U,CTY,1,2,1110,132574,173,52:00.0,3,19:00,847
7763546777,U,CTY,1,1,370,132574,173,54:00.0,3,19:00,847
7763547116,U,CTY,1,1,509,125383,170,39:00.0,2,15:00,847
7763547116,U,CTY,1,1,509,125383,170,39:00.0,2,15:00,847
7763547170,U,CTY,1,2,740,121323,194,56:00.0,6,19:00,847
7763548472,U,IB,1,1,97,138410,149,35:00.0,4,19:00,847
7763548481,U,IB,1,1,242,138410,149,59:00.0,4,18:00,847
7763549188,U,CTY,1,1,155,211270,188,16:00.0,3,20:00,847
7763549628,U,IB,1,2,1630,133055,125,49:00.0,5,0:00,847
7763549866,U,CTY,1,1,274,211270,188,18:00.0,3,20:00,847
7763549976,U,IB,1,3,4520,129822,114,26:00.0,5,2:00,847
7763551891,U,CTY,1,1,133,211270,188,23:00.0,3,19:00,847
7763552277,U,IB,1,9,1615,138410,149,20:00.0,4,20:00,847
7763552277,U,CTY,1,9,1615,138410,170,13:00.0,4,21:00,847
7763552340,U,CTY,1,1,330,211270,188,12:00.0,3,20:00,847
7763552405,U,CTY,1,1,184,122898,174,11:00.0,7,13:00,847
7763552661,U,IB,1,5,6308,134351,164,47:00.0,5,13:00,847
7763552699,U,CTY,1,1,497,290910,195,08:00.0,5,10:00,847
7763552726,U,CTY,1,4,2625,134501,174,39:00.0,5,11:00,847
7763553056,U,CTY,1,1,181,290910,195,17:00.0,5,9:00,847
7763553175,U,CTY,1,1,185,122898,174,22:00.0,7,13:00,847
7763553615,U,IB,1,2,319,249192,135,39:00.0,2,4:00,847
7763553642,U,IB,1,2,221,249192,135,03:00.0,2,4:00,847
7763554293,U,CTY,1,2,1505,125383,169,30:00.0,2,15:00,847
7763554367,U,CTY,1,2,840,133495,175,41:00.0,4,3:00,847
7763554403,U,IB,1,5,2541,129822,114,12:00.0,5,1:00,847
7763554459,U,CTY,1,1,572,136647,196,13:00.0,4,19:00,847
7763554477,U,IB,1,2,855,138410,149,50:00.0,4,19:00,847
7763554522,U,IB,1,1,1255,129776,135,17:00.0,6,14:00,847
7763554816,U,CTY,1,1,864,135206,189,54:00.0,1,23:00,847
7763556228,U,IB,1,1,145,128138,164,09:00.0,2,4:00,847
7763556356,U,IB,1,1,72,129822,114,12:00.0,5,2:00,847
7763556365,U,IB,1,1,176,129822,114,41:00.0,5,1:00,847
7763556401,U,IB,1,2,585,134351,164,57:00.0,5,13:00,847
7763556448,U,IB,1,4,1915,129822,114,38:00.0,5,2:00,847
7763556841,U,IB,1,1,198,129822,114,38:00.0,5,2:00,847
776356093X,U,IB,1,1,148,129822,114,51:00.0,4,22:00,847
7763560958,U,IB,1,1,415,129822,114,35:00.0,5,1:00,847
7763564880,U,CTY,1,1,424,133126,175,43:00.0,7,18:00,847
7763564909,U,CTY,1,1,422,133126,175,52:00.0,7,18:00,847
7763564972,U,CTY,1,1,200,132405,189,29:00.0,6,0:00,847
7763564972,U,CTY,1,1,200,132405,193,47:00.0,6,6:00,847
7763564990,U,OB,1,1,760,119897,48,18:00.0,7,10:00,847
7763570380,U,CTY,1,1,140,136271,172,14:00.0,1,18:00,847
7763571920,U,CTY,1,2,1585,140077,197,58:00.0,3,1:00,847
7763571920,U,CTY,1,2,1585,140077,233,41:00.0,4,21:00,847
7763571920,U,CTY,1,2,1585,140077,237,06:00.0,3,22:00,847
7763571920,U,CTY,1,2,1585,140077,235,48:00.0,3,18:00,847
7763575422,U,IB,1,2,1200,138410,149,35:00.0,4,20:00,847
7763578044,U,CTY,1,2,435,134501,174,33:00.0,5,11:00,847
7763578062,U,CTY,1,2,170,TTMS144654,194,36:00.0,2,12:00,847
7763578621,U,CTY,1,1,451,249377,168,09:00.0,5,4:00,847
7763581445,U,CTY,1,2,2295,137791,169,51:00.0,2,7:00,847
7763581454,U,CTY,1,4,4830,137791,169,52:00.0,2,7:00,847
7763581629,U,IB,1,4,4105,121377,135,06:00.0,1,22:00,847
7763582197,U,IB,1,1,119,133055,125,35:00.0,5,0:00,847
7763582673,U,CTY,1,1,382,136271,172,13:00.0,1,19:00,847
7763585084,U,IB,1,1,180,129822,114,32:00.0,5,1:00,847
7763589109,U,CTY,1,1,325,140077,197,30:00.0,3,3:00,847
7763590337,U,CTY,1,4,1120,133495,175,11:00.0,4,13:00,847
7763590346,U,CTY,1,6,5073,133495,175,38:00.0,4,4:00,847
7763591271,U,CTY,1,1,576,125383,169,28:00.0,2,16:00,847
776359140X,U,OB,1,5,1800,138834,14,00:00.0,7,3:00,847
7763591437,U,CTY,1,2,1400,41422,168,51:00.0,4,7:00,847
7763604756,U,CTY,1,1,184,133495,175,04:00.0,4,3:00,847
7763604810,U,IB,1,1,406,134351,164,46:00.0,5,8:00,847
7763604810,U,CTY,1,1,406,134351,N   ,35:00.0,5,13:00,847
7763605571,U,CTY,1,1,808,136647,236,00:00.0,5,6:00,847
7763605571,U,CTY,1,1,808,136647,196,10:00.0,4,20:00,847
7763605609,U,CTY,1,1,767,136647,196,02:00.0,4,20:00,847
7763605627,U,CTY,1,1,131,136647,196,26:00.0,4,19:00,847
7763605975,U,CTY,1,1,393,136271,172,54:00.0,1,18:00,847
7763611109,U,CTY,1,1,371,137867,197,22:00.0,4,20:00,847
7763611118,U,CTY,1,1,671,137867,197,40:00.0,4,17:00,847
7763611145,U,IB,1,1,700,138066,114,17:00.0,1,3:00,847
7763611190,U,CTY,1,1,195,131208,173,43:00.0,3,12:00,847
7763615783,U,CTY,1,1,202,131664,188,02:00.0,2,20:00,847
776361802X,U,CTY,1,2,2570,140077,197,09:00.0,3,4:00,847
7763618048,U,CTY,1,2,3110,135897,192,59:00.0,4,7:00,847
7763618066,U,IB,1,2,2590,138410,149,27:00.0,4,19:00,847
7763618836,U,IB,1,2,299,134351,164,43:00.0,5,13:00,847
7763618881,U,IB,1,1,250,134351,164,55:00.0,5,10:00,847
7763618890,U,IB,1,2,295,134351,164,12:00.0,5,14:00,847
7763619148,U,CTY,1,3,1148,290791,187,14:00.0,7,19:00,847
7763623786,U,CTY,1,1,90,132574,173,47:00.0,3,22:00,847
7763623905,U,CTY,1,1,298,119363,168,53:00.0,7,8:00,847
7763627553,U,CTY,1,1,130,135206,189,27:00.0,2,0:00,847
7763633630,U,IB,1,2,1880,134351,164,40:00.0,5,13:00,847
7763635309,U,CTY,1,7,3150,211270,188,26:00.0,3,22:00,847
7763636629,U,CTY,1,1,208,41422,168,40:00.0,4,7:00,847
7763636674,U,OB,1,6,1752,290832,17,36:00.0,7,20:00,847
776364002X,U,CTY,1,4,1760,126458,172,43:00.0,3,7:00,847
7763640084,U,OB,1,8,9259,138522,89,08:00.0,7,22:00,847
7763642742,U,CTY,1,1,122,136271,172,25:00.0,1,13:00,847
7763642926,U,CTY,1,1,180,122898,174,34:00.0,7,12:00,847
7763643898,U,CTY,1,1,552,288045,212,22:00.0,1,18:00,847
7763643970,U,CTY,1,10,2245,123915,197,49:00.0,4,11:00,847
776364398X,U,CTY,1,1,159,136271,172,10:00.0,1,15:00,847
7763644163,U,OB,1,1,185,202709,78,53:00.0,4,8:00,847
776364420X,U,IB,1,1,163,134351,164,24:00.0,5,10:00,847
7763644219,U,IB,1,1,88,134351,164,56:00.0,5,8:00,847
7763647133,U,CTY,1,1,320,290910,195,52:00.0,5,6:00,847
7763650709,U,CTY,1,1,252,133495,175,30:00.0,4,3:00,847
7763652368,U,CTY,1,5,2111,132130,189,30:00.0,4,12:00,847
7763652386,U,CTY,1,1,150,136271,172,30:00.0,1,14:00,847
7763652422,U,CTY,1,3,735,125383,180,54:00.0,3,1:00,847
7763652422,U,CTY,1,3,735,125383,169,37:00.0,2,16:00,847
7763652440,U,CTY,1,7,1785,125383,169,46:00.0,2,16:00,847
7763653843,U,CTY,1,1,162,125383,169,31:00.0,2,18:00,847
776365410X,U,CTY,1,1,113,122898,174,32:00.0,7,14:00,847
776371570X,U,OB,1,1,183,280969,55,39:00.0,3,12:00,245
7763715746,U,IB,1,1,492,139580,135,46:00.0,3,6:00,245
7763715755,U,IB,1,1,355,128291,105,51:00.0,7,6:00,245
7763750093,U,OB,1,1,250,41204,66,47:00.0,3,11:00,418
7763834160,U,IB,1,1,433,128806,149,47:00.0,6,1:00,304
7763836104,U,IB,1,1,170,123643,149,57:00.0,5,15:00,304
7763836196,U,IB,1,1,176,123643,149,28:00.0,5,15:00,304
7763837195,U,CTY,1,1,619,211433,196,27:00.0,6,16:00,304
7763837222,U,CTY,1,1,472,211433,196,59:00.0,6,17:00,304
7763837240,U,CTY,1,1,173,211433,196,43:00.0,6,13:00,304
7763837534,U,CTY,1,1,544,211008,196,10:00.0,7,13:00,304
7763944977,U,IB,1,1,128,125468,157,10:00.0,2,15:00,642
7763944977,U,IB,1,1,128,125468,157,10:00.0,2,15:00,642
7763945105,U,IB,1,1,123,135950,123,34:00.0,3,8:00,642
7763945132,U,IB,1,1,170,140278,127,34:00.0,4,17:00,642
7763945188,U,IB,1,1,170,135950,123,19:00.0,3,4:00,642
7763945224,U,IB,1,1,170,135950,123,51:00.0,3,4:00,642
7763945233,U,IB,1,1,245,135950,123,27:00.0,3,4:00,642
7763945352,U,IB,1,6,2630,135950,123,04:00.0,3,10:00,642
7763945509,U,IB,1,1,202,140278,127,43:00.0,4,13:00,642
7763945527,U,IB,1,1,206,559415,158,50:00.0,4,6:00,642
7763945700,U,IB,1,1,267,135192,164,37:00.0,7,2:00,642
7763945774,U,IB,1,1,170,290274,133,45:00.0,2,9:00,642
7763946003,U,IB,1,3,1018,290274,133,17:00.0,2,9:00,642
776394626X,U,IB,1,1,560,128321,151,27:00.0,2,16:00,642
776394637X,U,IB,1,1,267,137774,145,35:00.0,3,15:00,642
7763946461,U,CTY,1,2,627,121201,187,04:00.0,4,14:00,642
776394659X,U,IB,1,2,488,132656,127,24:00.0,3,21:00,642
7763946690,U,CTY,1,2,741,128598,173,03:00.0,5,18:00,642
7763946966,U,IB,1,2,595,128871,141,51:00.0,7,5:00,642
7763947121,U,IB,1,1,528,140309,158,33:00.0,3,0:00,642
7763947159,U,IB,1,1,170,202456,105,38:00.0,2,14:00,642
7763947177,U,IB,1,1,170,140309,158,15:00.0,2,22:00,642
7763947213,U,IB,1,4,2240,202456,105,09:00.0,2,13:00,642
7763947240,U,IB,1,4,1545,128388,151,28:00.0,3,17:00,642
7763947287,U,IB,1,1,170,131187,125,54:00.0,4,12:00,642
7763947296,U,IB,1,1,293,128388,151,48:00.0,3,15:00,642
7763947341,U,IB,1,1,170,131187,125,51:00.0,4,11:00,642
7763947350,U,IB,1,1,123,131187,125,24:00.0,4,12:00,642
7763947379,U,IB,1,1,173,131187,125,49:00.0,4,11:00,642
7763947525,U,IB,1,2,604,138055,145,18:00.0,7,13:00,642
7763947617,U,CTY,1,1,272,133143,237,21:00.0,2,11:00,642
7763947617,U,CTY,1,1,272,133143,169,59:00.0,7,9:00,642
7763948176,U,IB,1,1,170,139677,145,30:00.0,5,16:00,642
7763948221,U,IB,1,2,836,139677,145,32:00.0,5,16:00,642
7764052016,U,CTY,1,7,8810,124019,174,55:00.0,2,7:00,431
7764052180,U,OB,1,1,1180,45573,78,27:00.0,4,2:00,
7764052896,U,CTY,1,2,1505,HAEI25934,192,06:00.0,1,2:00,431
7764054317,U,CTY,1,2,2833,135846,192,00:00.0,3,19:00,431
7764054903,U,CTY,1,2,883,140023,173,19:00.0,4,20:00,431
7764055691,U,CTY,1,53,826,HAEI25964,169,17:00.0,5,18:00,431
7764055839,U,CTY,1,1,1740,127303,194,57:00.0,7,19:00,431
7764057076,U,IB,1,2,2055,127509,129,13:00.0,3,20:00,431
7764057168,U,CTY,1,2,1025,125307,195,50:00.0,2,1:00,431
7764057379,U,IB,1,1,481,136322,164,32:00.0,4,7:00,431
7764057736,U,OB,1,1,898,HAEI27814,73,19:00.0,5,22:00,431
776406209X,U,OB,1,2,1003,128717,51,24:00.0,6,15:00,431
7764082531,U,CTY,1,2,1644,261384,192,57:00.0,1,6:00,256
7764082715,U,OB,1,3,2410,249081,76,28:00.0,1,17:00,256
7764082724,U,OB,1,3,2520,249081,76,51:00.0,1,16:00,256
7764082751,U,IB,1,1,415,126120,164,42:00.0,4,18:00,256
7764083155,U,OB,1,4,3327,131945,96,59:00.0,4,0:00,256
7764083173,U,CTY,1,3,2520,137197,168,13:00.0,3,20:00,256
7764083191,U,OB,1,2,1646,131945,96,13:00.0,4,0:00,256
776408321X,U,OB,1,2,1643,131945,96,08:00.0,4,0:00,256
776408321X,U,CTY,1,2,1643,131945,191,32:00.0,4,3:00,256
7764083898,U,IB,1,4,3140,123162,114,24:00.0,7,8:00,256
7764084017,U,CTY,1,3,2362,125499,187,47:00.0,4,16:00,256
7764084026,U,CTY,1,1,420,137197,168,37:00.0,3,22:00,256
7764084035,U,CTY,1,1,215,137197,168,08:00.0,3,19:00,256
7764084044,U,IB,1,3,2362,127866,135,58:00.0,5,1:00,256
7764084053,U,IB,1,2,1471,126120,164,30:00.0,4,18:00,256
7764084062,U,IB,1,2,1041,127866,135,52:00.0,5,1:00,256
7764086702,U,IB,1,2,1643,127866,135,58:00.0,5,1:00,256
7764086711,U,IB,1,2,1090,126120,164,45:00.0,4,18:00,256
776408673X,U,IB,1,2,1105,126120,164,55:00.0,4,18:00,256
7764086749,U,CTY,1,1,888,125499,187,11:00.0,4,8:00,256
7764086758,U,IB,1,3,2362,126120,164,39:00.0,4,18:00,256
7764087014,U,CTY,1,2,1790,125499,187,16:00.0,4,8:00,256
776409289X,U,IB,1,3,2028,135062,143,57:00.0,6,11:00,256
7764092909,U,IB,1,1,850,135062,143,18:00.0,6,10:00,256
7764095374,U,IB,1,1,190,126486,149,35:00.0,6,20:00,256
7764095392,U,IB,1,1,100,126486,149,41:00.0,6,20:00,256
7764116467,U,IB,1,1,135,138486,104,26:00.0,2,1:00,256
7764116530,U,CTY,1,1,460,135434,194,32:00.0,4,8:00,256
7764116586,U,IB,1,1,235,140034,151,22:00.0,5,18:00,256
7764116595,U,IB,1,1,617,140034,151,47:00.0,5,18:00,256
7764116705,U,IB,1,1,506,132797,141,26:00.0,4,13:00,256
7764117109,U,CTY,1,1,1645,130954,188,52:00.0,6,7:00,256
7764117338,U,CTY,1,4,7020,261384,192,11:00.0,1,7:00,256
7764117493,U,IB,1,1,270,139876,149,01:00.0,6,21:00,256
7764123855,U,CTY,1,1,165,140247,208,07:00.0,6,13:00,256
7764123938,U,CTY,1,1,285,136191,196,11:00.0,6,21:00,256
7764124450,U,CTY,1,2,431,430385,187,17:00.0,2,19:00,256
7764159899,U,CTY,1,1,517,125939,174,32:00.0,5,19:00,251
7764159971,U,CTY,1,2,1051,126239,175,53:00.0,1,8:00,251
776416032X,U,CTY,1,1,322,135708,169,03:00.0,6,5:00,251
7764160366,U,IB,1,7,3570,127860,145,43:00.0,1,11:00,251
7764228539,U,OB,1,1,760,125149,50,59:00.0,7,18:00,423
776422874X,U,OB,1,3,1950,125786,40,48:00.0,4,4:00,423
7764243279,U,OB,1,4,1900,131459,32,09:00.0,6,12:00,423
7764244525,U,OB,1,1,220,131459,32,20:00.0,6,7:00,423
7764245039,U,CTY,1,1,1268,135306,227,09:00.0,2,11:00,423
7764245039,U,OB,1,1,1268,135306,18,40:00.0,7,10:00,423
7764245268,U,OB,1,1,1930,138679,31,07:00.0,7,19:00,423
776424601X,U,OB,1,6,13375,131459,32,37:00.0,6,11:00,423
7764251024,U,OB,1,1,2612,138483,22,35:00.0,7,8:00,423
7764264260,U,OB,1,1,500,121201,22,52:00.0,1,5:00,423
7764264343,U,OB,1,1,453,138483,22,01:00.0,7,7:00,423
7764274582,U,OB,1,2,501,138679,31,15:00.0,7,20:00,423
7764274600,U,OB,1,2,1525,138679,31,30:00.0,7,19:00,423
7764274629,U,OB,1,1,355,132115,52,34:00.0,1,19:00,423
7764360061,U,OB,1,9,1105,310506,75,32:00.0,7,15:00,422
7764360070,U,OB,1,131,965,310506,75,48:00.0,7,14:00,422
776436008X,U,OB,1,45,382,310506,75,41:00.0,7,14:00,422
7764360099,U,OB,1,2,540,559443,75,45:00.0,2,21:00,422
7764360117,U,OB,1,102,597,430695,75,15:00.0,3,22:00,422
7764360126,U,OB,1,103,870,430695,75,31:00.0,3,22:00,422
7764360135,U,IB,1,41,440,841925,103,53:00.0,5,1:00,422
7764360153,U,OB,1,54,750,570104,43,10:00.0,6,1:00,422
7764360218,U,OB,1,4,1395,558899,72,01:00.0,2,22:00,422
7764360236,U,OB,1,1,340,558899,72,44:00.0,2,22:00,422
7764360245,U,OB,1,2,385,90060,31,59:00.0,3,22:00,422
7764360254,U,OB,1,3,640,90060,31,11:00.0,3,23:00,422
7764360263,U,OB,1,1,65,821190,69,33:00.0,4,18:00,422
7764360272,U,OB,1,1,65,821190,69,16:00.0,4,18:00,422
7764360281,U,OB,1,1,65,821190,69,25:00.0,4,18:00,422
7764360290,U,OB,1,1,65,821190,69,19:00.0,4,18:00,422
776436030X,U,OB,1,1,65,821190,69,13:00.0,4,18:00,422
7764360319,U,OB,1,1,65,821190,69,51:00.0,4,18:00,422
7764360328,U,OB,1,1,65,821190,69,48:00.0,4,18:00,422
7764360337,U,OB,1,1,65,821190,69,42:00.0,4,18:00,422
7764360346,U,OB,1,1,65,821190,69,30:00.0,4,18:00,422
7764360355,U,OB,1,1,65,821190,39,39:00.0,5,21:00,422
7764360364,U,OB,1,1,65,821190,69,53:00.0,4,18:00,422
7764360373,U,OB,1,1,65,821190,69,04:00.0,4,19:00,422
7764360382,U,OB,1,1,65,821190,69,55:00.0,4,18:00,422
7764360391,U,OB,1,1,65,821190,69,40:00.0,4,18:00,422
7764360400,U,OB,1,1,65,821190,69,38:00.0,4,18:00,422
776436041X,U,OB,1,1,87,821190,39,12:00.0,5,21:00,422
7764360438,U,OB,1,1,65,821190,39,19:00.0,5,20:00,422
7764360447,U,OB,1,1,65,821190,39,02:00.0,5,20:00,422
7764360456,U,OB,1,1,65,821190,39,14:00.0,5,20:00,422
7764360465,U,OB,1,1,65,821190,39,21:00.0,5,20:00,422
7764360474,U,OB,1,1,145,821190,39,12:00.0,5,20:00,422
7764360483,U,OB,1,1,145,821190,39,54:00.0,5,19:00,422
7764360492,U,OB,1,1,65,821190,46,03:00.0,2,21:00,422
7764360501,U,OB,1,1,87,559536,26,32:00.0,6,21:00,422
7764360510,U,OB,1,1,65,559536,26,34:00.0,7,0:00,422
776436052X,U,OB,1,1,65,559536,26,28:00.0,7,0:00,422
7764360539,U,OB,1,1,65,559536,26,44:00.0,6,21:00,422
7764360548,U,OB,1,1,65,821190,46,16:00.0,2,21:00,422
7764360557,U,OB,1,1,65,821190,46,01:00.0,2,21:00,422
7764360566,U,OB,1,1,65,821190,46,12:00.0,2,21:00,422
7764360575,U,OB,1,1,65,821190,46,14:00.0,2,21:00,422
7764360584,U,OB,1,1,65,821190,46,06:00.0,2,21:00,422
7764360593,U,OB,1,1,65,821190,46,36:00.0,2,20:00,422
7764360602,U,OB,1,1,65,821190,46,13:00.0,2,20:00,422
7764360611,U,OB,1,1,65,821190,46,18:00.0,2,20:00,422
7764360620,U,OB,1,1,65,821190,46,21:00.0,2,20:00,422
776436063X,U,OB,1,1,65,821190,46,03:00.0,2,20:00,422
7764360649,U,OB,1,1,65,821190,46,11:00.0,2,20:00,422
7764360658,U,OB,1,1,65,821190,46,31:00.0,2,20:00,422
7764360667,U,OB,1,1,65,821190,46,06:00.0,2,20:00,422
7764360676,U,OB,1,1,65,821190,46,08:00.0,2,21:00,422
7764360685,U,OB,1,1,65,821190,46,10:00.0,2,21:00,422
7764360694,U,OB,1,1,65,821190,46,00:00.0,2,21:00,422
7764360703,U,OB,1,1,65,821190,46,24:00.0,2,20:00,422
7764360712,U,OB,1,1,65,821190,46,34:00.0,2,20:00,422
7764360721,U,OB,1,1,65,821190,31,58:00.0,6,20:00,422
7764360730,U,OB,1,1,65,821190,31,25:00.0,6,20:00,422
776436074X,U,OB,1,1,65,821190,31,22:00.0,6,20:00,422
7764360759,U,OB,1,1,65,120863,51,15:00.0,2,20:00,422
7764360777,U,OB,1,1,65,559536,26,36:00.0,7,0:00,422
7764360786,U,OB,1,1,65,559536,26,22:00.0,7,0:00,422
7764360804,U,OB,1,1,65,559536,26,39:00.0,7,0:00,422
7764360822,U,OB,1,1,65,559536,26,18:00.0,7,0:00,422
7764360840,U,OB,1,1,65,559536,26,26:00.0,6,23:00,422
776436085X,U,OB,1,1,65,559536,33,08:00.0,6,22:00,422
776436085X,U,OB,1,1,65,559536,33,08:00.0,6,22:00,422
7764360869,U,OB,1,1,65,559536,26,26:00.0,6,22:00,422
7764360878,U,OB,1,1,65,559536,26,20:00.0,7,0:00,422
7764360887,U,OB,1,1,65,559536,26,37:00.0,7,0:00,422
7764360896,U,OB,1,1,65,559536,59,48:00.0,6,21:00,422
7764360896,U,OB,1,1,65,559536,59,48:00.0,6,21:00,422
7764360905,U,OB,1,1,65,559536,26,26:00.0,7,0:00,422
7764360923,U,OB,1,1,65,559536,26,52:00.0,6,21:00,422
7764360932,U,OB,1,1,65,559536,26,56:00.0,6,21:00,422
7764360941,U,OB,1,1,65,559536,26,50:00.0,6,21:00,422
7764360950,U,OB,1,1,65,559536,26,24:00.0,7,0:00,422
7764360988,U,OB,1,1,65,559536,26,36:00.0,6,21:00,422
7764361015,U,OB,1,1,65,821190,52,27:00.0,3,21:00,422
7764361024,U,OB,1,1,65,821190,52,44:00.0,3,21:00,422
7764361033,U,OB,1,1,65,821190,52,55:00.0,3,20:00,422
7764361042,U,OB,1,1,65,821190,52,09:00.0,3,21:00,422
7764361051,U,OB,1,1,65,821190,52,13:00.0,3,21:00,422
7764361060,U,OB,1,1,65,821190,52,24:00.0,3,21:00,422
776436107X,U,OB,1,1,65,821190,52,46:00.0,3,20:00,422
7764361089,U,OB,1,1,65,821190,52,18:00.0,3,21:00,422
7764361098,U,OB,1,1,65,842100,63,08:00.0,4,21:00,422
7764361107,U,OB,1,1,65,842100,63,42:00.0,4,20:00,422
7764361116,U,OB,1,1,65,842100,63,43:00.0,4,20:00,422
7764361125,U,OB,1,1,65,842100,63,12:00.0,4,21:00,422
7764361134,U,OB,1,1,65,842100,63,13:00.0,4,21:00,422
7764361143,U,OB,1,1,65,842100,63,48:00.0,4,20:00,422
7764361152,U,OB,1,1,65,842100,63,54:00.0,4,20:00,422
7764361161,U,OB,1,1,65,842100,63,52:00.0,4,20:00,422
7764361170,U,OB,1,1,65,842100,63,09:00.0,4,21:00,422
776436118X,U,OB,1,1,357,821190,63,44:00.0,5,21:00,422
7764361199,U,OB,1,1,65,821190,63,19:00.0,5,22:00,422
7764361208,U,OB,1,1,65,821190,63,24:00.0,5,22:00,422
7764361217,U,OB,1,1,65,821190,63,13:00.0,5,22:00,422
7764361226,U,OB,1,1,65,821190,63,20:00.0,5,22:00,422
7764361235,U,OB,1,1,87,821190,31,53:00.0,6,20:00,422
7764361244,U,OB,1,1,87,821190,31,19:00.0,6,20:00,422
7764361253,U,OB,1,1,65,821190,31,56:00.0,6,20:00,422
7764361262,U,OB,1,3,354,558189,58,20:00.0,4,22:00,422
7764361280,U,OB,1,1,240,558189,58,10:00.0,4,21:00,422
776436129X,U,OB,1,4,60,558189,58,23:00.0,4,21:00,422
7764361309,U,IB,1,2,575,558189,108,12:00.0,4,22:00,422
7764361309,U,OB,1,2,575,558189,58,03:00.0,4,22:00,422
7764361345,U,OB,1,5,954,505667,89,24:00.0,6,3:00,422
7764361354,U,OB,1,6,1160,505667,89,40:00.0,6,3:00,422
7764361363,U,OB,1,1,270,R447505667,89,15:00.0,6,4:00,422
7764361372,U,OB,1,3,401,505667,89,08:00.0,6,1:00,422
7764361381,U,OB,1,1,120,505667,89,10:00.0,6,4:00,422
7764361390,U,OB,1,2,261,505667,89,44:00.0,6,3:00,422
776436140X,U,OB,1,3,702,505667,89,27:00.0,6,1:00,422
7764361419,U,OB,1,1,231,505667,89,52:00.0,6,3:00,422
7764361428,U,OB,1,2,232,505667,89,58:00.0,6,3:00,422
7764361437,U,OB,1,2,462,505667,89,52:00.0,6,2:00,422
7764361446,U,OB,1,11,2313,505667,89,15:00.0,6,3:00,422
7764361455,U,OB,1,8,1848,505667,89,46:00.0,6,1:00,422
7764361464,U,OB,1,1,445,505667,89,20:00.0,6,1:00,422
7764361473,U,OB,1,1,231,505667,89,32:00.0,6,1:00,422
7764361482,U,OB,1,4,730,505667,89,35:00.0,6,0:00,422
7764361491,U,OB,1,2,30,842167,72,46:00.0,7,1:00,422
7764361500,U,OB,1,2,978,842167,72,04:00.0,7,3:00,422
776436151X,U,OB,1,1,364,842167,72,55:00.0,7,2:00,422
7764361529,U,OB,1,1,489,842167,72,10:00.0,7,3:00,422
7764361538,U,OB,1,1,1275,842167,72,54:00.0,7,1:00,422
7764361547,U,OB,1,1,265,842167,72,41:00.0,7,1:00,422
7764361556,U,OB,1,1,106,842167,72,17:00.0,7,2:00,422
7764361565,U,OB,1,1,106,842167,72,20:00.0,7,2:00,422
7764361574,U,OB,1,1,140,842167,72,23:00.0,7,2:00,422
7764361583,U,OB,1,2,462,842167,72,12:00.0,7,2:00,422
7764361592,U,OB,1,3,693,842167,72,04:00.0,7,2:00,422
7764361601,U,OB,1,2,336,842167,72,36:00.0,7,1:00,422
7764361610,U,OB,1,8,3348,558194,69,10:00.0,3,2:00,422
776436162X,U,OB,1,1,280,558194,69,59:00.0,3,1:00,422
776436162X,U,CTY,1,1,280,558194,O   ,27:00.0,3,22:00,422
7764361657,U,OB,1,1,106,558194,69,13:00.0,3,1:00,422
7764361666,U,OB,1,1,44,558194,69,06:00.0,3,1:00,422
7764361675,U,OB,1,2,136,558194,69,24:00.0,3,1:00,422
7764361684,U,OB,1,1,106,558194,69,19:00.0,3,1:00,422
7764361693,U,OB,1,2,232,558194,69,28:00.0,3,1:00,422
7764361711,U,OB,1,3,262,558194,69,35:00.0,3,1:00,422
776436173X,U,OB,1,2,205,558194,69,00:00.0,3,2:00,422
7764361749,U,OB,1,4,173,558194,69,32:00.0,3,1:00,422
7764361758,U,OB,1,13,1080,558194,69,02:00.0,3,1:00,422
7764361758,U,CTY,1,13,1080,558194,M   ,13:00.0,3,13:00,422
7764361776,U,OB,1,1,140,558194,69,56:00.0,3,1:00,422
7764361794,U,OB,1,1,350,530717,73,25:00.0,3,20:00,422
7764361803,U,OB,1,2,107,530717,73,46:00.0,3,20:00,422
7764361812,U,OB,1,5,835,530717,73,12:00.0,3,22:00,422
7764361821,U,OB,1,3,372,530717,73,44:00.0,3,20:00,422
7764361830,U,OB,1,3,150,530717,73,28:00.0,3,20:00,422
776436184X,U,OB,1,3,425,530717,73,16:00.0,3,22:00,422
7764361868,U,OB,1,3,535,530717,73,56:00.0,3,21:00,422
7764361877,U,OB,1,3,265,530717,73,04:00.0,3,22:00,422
7764361886,U,OB,1,1,1275,530717,73,35:00.0,3,20:00,422
7764361895,U,OB,1,1,225,530717,73,22:00.0,3,20:00,422
7764361913,U,OB,1,1,140,530717,73,31:00.0,3,21:00,422
7764361922,U,OB,1,1,475,311022,78,25:00.0,4,22:00,422
7764361931,U,OB,1,1,75,311022,78,09:00.0,4,22:00,422
7764361940,U,OB,1,1,180,311022,68,37:00.0,4,22:00,422
7764361940,U,OB,1,1,180,311022,68,37:00.0,4,22:00,422
776436195X,U,OB,1,2,245,311022,81,35:00.0,4,22:00,422
776436195X,U,OB,1,2,245,311022,78,34:00.0,4,22:00,422
7764361969,U,OB,1,2,385,311022,29,40:00.0,4,22:00,422
7764361969,U,OB,1,2,385,311022,78,39:00.0,4,22:00,422
7764361978,U,OB,1,1,180,311022,56,29:00.0,4,22:00,422
7764361978,U,OB,1,1,180,311022,78,28:00.0,4,22:00,422
7764361987,U,OB,1,8,3310,310753,86,39:00.0,6,8:00,422
7764361996,U,OB,1,4,241,310753,86,32:00.0,6,6:00,422
7764362005,U,OB,1,1,175,310753,86,27:00.0,6,8:00,422
7764362014,U,OB,1,1,300,310753,86,35:00.0,6,6:00,422
7764362023,U,OB,1,9,726,310753,79,56:00.0,6,9:00,422
7764362023,U,OB,1,9,726,310753,81,26:00.0,6,9:00,422
7764362023,U,OB,1,9,726,310753,86,26:00.0,6,7:00,422
7764362032,U,OB,1,1,44,310753,86,22:00.0,6,8:00,422
7764362041,U,OB,1,1,475,89542,87,18:00.0,6,21:00,422
7764362050,U,OB,1,1,375,89542,87,08:00.0,6,21:00,422
776436206X,U,OB,1,1,375,89542,87,14:00.0,6,21:00,422
7764362079,U,OB,1,1,475,89542,87,20:00.0,6,21:00,422
7764362088,U,OB,1,2,255,89542,87,27:00.0,6,21:00,422
7764362519,U,OB,1,4,2815,830959,58,18:00.0,6,21:00,422
7764362555,U,OB,1,1,123,830959,58,50:00.0,6,20:00,422
7764362564,U,OB,1,4,2258,830890,69,25:00.0,5,18:00,422
7764362573,U,OB,1,1,350,830890,69,31:00.0,5,18:00,422
7764362582,U,OB,1,2,4500,830890,67,20:00.0,4,18:00,422
7764362591,U,OB,1,1,800,830890,67,23:00.0,4,18:00,422
7764362600,U,OB,1,3,3751,830890,67,29:00.0,4,18:00,422
776436261X,U,OB,1,6,5970,830890,67,36:00.0,4,18:00,422
7764362629,U,OB,1,2,1825,830890,40,54:00.0,3,21:00,422
7764362638,U,OB,1,5,1664,830890,38,17:00.0,2,18:00,422
7764362647,U,OB,1,1,326,830890,38,26:00.0,2,18:00,422
7764362656,U,OB,1,1,482,830890,38,35:00.0,2,18:00,422
7764362665,U,OB,1,1,230,830890,49,27:00.0,5,18:00,422
7764362674,U,OB,1,1,873,830890,49,30:00.0,5,18:00,422
7764362683,U,OB,1,2,1050,830890,49,04:00.0,5,19:00,422
7764362701,U,OB,1,2,1770,830890,17,21:00.0,4,19:00,422
776436272X,U,OB,1,1,675,830890,48,22:00.0,3,18:00,422
7764362739,U,OB,1,1,585,830890,48,32:00.0,3,18:00,422
7764362757,U,OB,1,7,9725,830890,48,32:00.0,3,19:00,422
7764362766,U,CTY,1,1,720,830890,231,04:00.0,5,4:00,422
7764362766,U,OB,1,1,720,830890,48,57:00.0,3,19:00,422
7764362775,U,OB,1,1,318,830890,55,24:00.0,2,18:00,422
7764362784,U,OB,1,1,513,830890,55,30:00.0,2,18:00,422
7764362793,U,OB,1,1,115,830890,55,37:00.0,2,18:00,422
7764362802,U,OB,1,1,165,830890,55,24:00.0,2,19:00,422
7764362811,U,OB,1,1,595,830890,55,20:00.0,2,19:00,422
776436283X,U,OB,1,1,1425,830890,76,28:00.0,6,18:00,422
7764362849,U,OB,1,1,215,830890,76,15:00.0,6,18:00,422
7764362867,U,OB,1,1,345,830890,76,52:00.0,6,18:00,422
7764362885,U,OB,1,1,1405,830890,73,10:00.0,5,18:00,422
7764362894,U,OB,1,4,8309,830890,73,33:00.0,5,18:00,422
7764362903,U,OB,1,1,550,830890,73,00:00.0,5,19:00,422
7764362912,U,OB,1,2,2440,830890,73,57:00.0,5,18:00,422
7764362930,U,IB,1,1,450,830890,103,14:00.0,4,20:00,422
776436294X,U,IB,1,1,215,830890,103,58:00.0,4,19:00,422
7764362959,U,IB,1,1,1000,830890,103,17:00.0,4,20:00,422
7764363233,U,OB,1,1,2545,830890,74,23:00.0,6,19:00,422
7764363242,U,OB,1,1,600,830890,74,53:00.0,6,19:00,422
7764363260,U,OB,1,1,210,00DOCK,1,34:00.0,6,10:00,422
776436327X,U,CTY,1,1,400,00DOCK,180,54:00.0,6,6:00,422
7764363289,U,OB,1,1,270,00DOCK,1,06:00.0,6,9:00,422
7764364012,U,OB,1,4,4400,559536,69,11:00.0,3,19:00,422
7764364021,U,OB,1,1,890,559536,69,16:00.0,3,19:00,422
7764364030,U,OB,1,1,300,560486,67,56:00.0,5,22:00,422
776436404X,U,OB,1,1,575,560486,67,36:00.0,5,21:00,422
7764364068,U,CTY,1,12,1256,559443,211,01:00.0,5,14:00,422
7764364095,U,OB,1,1,700,560136,48,37:00.0,5,18:00,422
7764364122,U,OB,1,3,3300,830967,86,52:00.0,5,20:00,422
7764364131,U,OB,1,1,225,830967,72,34:00.0,6,20:00,422
7764364140,U,OB,1,3,1900,830967,72,00:00.0,6,19:00,422
7764364250,U,OB,1,9,3534,530751,60,47:00.0,3,19:00,422
7764366010,U,OB,1,2,525,506875,63,40:00.0,3,0:00,422
776436602X,U,OB,1,1,328,506875,63,26:00.0,3,0:00,422
7764366268,U,OB,1,1,150,430681,63,00:00.0,5,0:00,422
7764366369,U,OB,1,1,235,506875,63,29:00.0,3,1:00,422
7764366378,U,OB,1,1,236,R422506875,63,00:00.0,3,1:00,422
7764366387,U,OB,1,1,150,R422506875,63,10:00.0,3,1:00,422
7764366396,U,OB,1,1,150,506875,63,24:00.0,3,1:00,422
7764366405,U,OB,1,1,253,903850,69,17:00.0,3,0:00,422
7764366414,U,OB,1,1,150,903850,69,18:00.0,3,1:00,422
7764366423,U,OB,1,1,355,903850,69,03:00.0,3,0:00,422
7764366432,U,IB,1,1,221,79962,101,38:00.0,6,18:00,422
7764366450,U,IB,1,1,233,79962,101,23:00.0,6,18:00,422
776436646X,U,IB,1,1,177,79962,101,06:00.0,6,18:00,422
7764366479,U,IB,1,1,150,79962,101,54:00.0,6,19:00,422
7764366479,U,IB,1,1,150,79962,102,28:00.0,7,1:00,422
7764366488,U,IB,1,1,180,79962,101,17:00.0,6,20:00,422
7764366497,U,OB,1,1,150,903850,69,02:00.0,3,1:00,422
7764366506,U,OB,1,1,150,79962,79,57:00.0,6,22:00,422
7764366506,U,IB,1,1,150,79962,101,56:00.0,6,17:00,422
7764366524,U,OB,1,1,178,430681,63,42:00.0,5,2:00,422
7764366533,U,OB,1,1,150,430681,63,49:00.0,5,0:00,422
7764366542,U,OB,1,1,295,000OSD,25,11:00.0,5,14:00,422
7764366551,U,OB,1,1,518,430681,63,36:00.0,5,2:00,422
7764366560,U,OB,1,1,150,430681,63,53:00.0,5,0:00,422
776436657X,U,OB,1,2,1127,430681,63,47:00.0,5,2:00,422
7764366589,U,OB,1,1,189,79962,79,57:00.0,6,22:00,422
7764366589,U,IB,1,1,189,79962,101,08:00.0,6,18:00,422
7764366598,U,OB,1,1,150,79962,79,57:00.0,6,22:00,422
7764366598,U,IB,1,1,150,79962,101,10:00.0,6,18:00,422
7764366607,U,OB,1,3,840,903850,69,14:00.0,3,0:00,422
7764366616,U,OB,1,1,308,903850,69,07:00.0,3,0:00,422
7764366762,U,OB,1,1,289,430681,63,07:00.0,5,2:00,422
7764366771,U,OB,1,1,215,430681,63,29:00.0,5,2:00,422
7764366780,U,OB,1,1,360,000OSD,68,52:00.0,5,14:00,422
7764366780,U,OB,1,1,360,000OSD,1,53:00.0,5,13:00,422
776436679X,U,OB,1,1,433,506875,63,01:00.0,3,2:00,422
7764369265,U,OB,1,14,6113,730114,89,42:00.0,2,21:00,422
7764370264,U,OB,1,1,375,252351,73,08:00.0,7,1:00,422
7764370273,U,OB,1,17,9319,353225,14,07:00.0,2,22:00,422
7764370291,U,OB,1,2,775,97664,72,53:00.0,5,1:00,422
7764370300,U,OB,1,7,7880,97664,72,19:00.0,5,0:00,422
7764370329,U,OB,1,7,8190,842091,4,31:00.0,4,21:00,422
7764370612,U,OB,1,4,2490,821190,48,39:00.0,4,22:00,422
7764370621,U,OB,1,1,1250,310506,89,59:00.0,3,21:00,422
7764370630,U,OB,1,1,510,310506,34,19:00.0,4,0:00,422
7764370630,U,OB,1,1,510,310506,89,51:00.0,3,21:00,422
776437064X,U,OB,1,8,3205,310506,89,14:00.0,3,22:00,422
7764370668,U,IB,1,3,1018,830887,103,53:00.0,5,1:00,422
7764370668,U,OB,1,3,1018,830887,43,39:00.0,4,21:00,422
7764370677,U,OB,1,4,2386,841940,48,53:00.0,3,21:00,422
7764370686,U,OB,1,1,594,841940,48,48:00.0,3,22:00,422
7764370695,U,IB,1,3,8765,830967,110,59:00.0,4,20:00,422
7764370695,U,IB,1,3,8765,830967,110,59:00.0,4,20:00,422
7764370704,U,IB,1,3,8790,830967,123,14:00.0,4,21:00,422
7764370713,U,IB,1,3,8345,830967,110,37:00.0,4,21:00,422
7764370713,U,IB,1,3,8345,830967,110,37:00.0,4,21:00,422
7764370722,U,CTY,1,2,3665,830967,198,28:00.0,4,22:00,422
7764370722,U,IB,1,2,3665,830967,123,27:00.0,4,21:00,422
7764370731,U,OB,1,1,276,842789,17,55:00.0,3,18:00,422
7764370769,U,OB,1,2,1430,530900,72,43:00.0,2,3:00,422
7764370778,U,OB,1,1,1145,530900,72,03:00.0,2,2:00,422
7764370787,U,OB,1,1,882,530900,72,36:00.0,2,3:00,422
7764370796,U,OB,1,1,1347,530900,72,00:00.0,2,2:00,422
7764370805,U,OB,1,1,344,530900,72,02:00.0,2,3:00,422
7764370814,U,OB,1,1,625,530900,72,05:00.0,2,3:00,422
7764370823,U,OB,1,1,336,530900,72,58:00.0,2,1:00,422
7764370832,U,OB,1,1,186,530900,72,54:00.0,2,1:00,422
7764370841,U,OB,1,1,2355,530900,72,24:00.0,2,1:00,422
7764370850,U,OB,1,1,595,530900,72,39:00.0,2,1:00,422
776437086X,U,OB,1,2,1396,530900,72,18:00.0,2,1:00,422
7764370879,U,OB,1,5,4595,530900,72,21:00.0,2,1:00,422
7764370897,U,OB,1,1,150,506945,51,53:00.0,6,3:00,422
7764370906,U,OB,1,1,1564,506945,51,10:00.0,6,3:00,422
7764370915,U,OB,1,1,1765,506945,51,56:00.0,6,0:00,422
7764370924,U,OB,1,2,1778,506945,51,44:00.0,6,3:00,422
7764370933,U,OB,1,1,212,506945,25,48:00.0,6,3:00,422
7764370933,U,OB,1,1,212,506945,25,48:00.0,6,3:00,422
7764370942,U,OB,1,4,3262,506945,51,06:00.0,6,4:00,422
7764370942,U,OB,1,4,3262,506945,81,11:00.0,6,10:00,422
7764370951,U,OB,1,1,620,506945,51,45:00.0,6,2:00,422
7764370951,U,OB,1,1,620,506945,79,59:00.0,6,2:00,422
7764370960,U,OB,1,1,246,506945,51,03:00.0,6,3:00,422
776437097X,U,OB,1,1,446,506945,51,39:00.0,6,2:00,422
7764370989,U,OB,1,1,142,506945,51,29:00.0,6,2:00,422
7764370989,U,CTY,1,1,142,506945,_UNK,03:00.0,6,9:00,422
7764370998,U,OB,1,1,194,506945,51,38:00.0,6,3:00,422
7764371007,U,OB,1,1,375,506945,51,31:00.0,6,2:00,422
7764371016,U,OB,1,1,751,842274,76,28:00.0,7,4:00,422
7764371025,U,OB,1,1,457,842274,76,23:00.0,7,4:00,422
7764371034,U,OB,1,1,523,113063,50,10:00.0,3,1:00,422
7764371043,U,OB,1,1,227,113063,50,07:00.0,3,1:00,422
7764371052,U,OB,1,1,265,113063,50,05:00.0,3,1:00,422
7764371061,U,OB,1,1,725,113063,50,42:00.0,3,0:00,422
7764371070,U,OB,1,2,656,113063,50,04:00.0,3,1:00,422
776437108X,U,OB,1,1,1159,113063,50,35:00.0,3,0:00,422
7764371099,U,OB,1,1,375,113063,50,29:00.0,3,0:00,422
7764371108,U,OB,1,10,3745,113063,50,33:00.0,3,0:00,422
7764371117,U,OB,1,7,136,113063,50,48:00.0,2,22:00,422
7764371126,U,OB,1,1,193,113063,50,12:00.0,3,0:00,422
7764371135,U,OB,1,1,140,113063,50,20:00.0,3,0:00,422
7764371153,U,OB,1,1,21,113063,50,15:00.0,3,1:00,422
776437119X,U,OB,1,3,136,113063,50,12:00.0,3,1:00,422
776437119X,U,OB,1,3,136,113063,58,19:00.0,3,3:00,422
7764371209,U,OB,1,1,233,113063,50,07:00.0,2,22:00,422
7764371218,U,OB,1,1,178,113063,50,10:00.0,2,22:00,422
7764371227,U,OB,1,1,163,113063,50,13:00.0,2,22:00,422
7764371236,U,OB,1,1,216,113063,50,04:00.0,2,22:00,422
7764371245,U,OB,1,1,648,113063,79,03:00.0,3,0:00,422
7764371245,U,OB,1,1,648,113063,50,05:00.0,2,22:00,422
7764371254,U,OB,1,8,171,113979,25,56:00.0,3,2:00,422
7764371254,U,OB,1,8,171,113979,25,56:00.0,3,2:00,422
7764371263,U,OB,1,1,213,431218,46,19:00.0,4,2:00,422
7764371272,U,OB,1,1,760,112054,67,41:00.0,5,1:00,422
7764371281,U,OB,1,1,1429,431218,46,09:00.0,4,2:00,422
7764371290,U,OB,1,1,1380,431218,46,19:00.0,4,2:00,422
776437130X,U,OB,1,1,636,431218,46,11:00.0,4,2:00,422
7764371319,U,OB,1,1,549,431218,46,48:00.0,4,1:00,422
7764371328,U,OB,1,1,182,431218,46,34:00.0,4,1:00,422
7764371337,U,OB,1,4,3740,431218,46,05:00.0,4,2:00,422
7764371346,U,OB,1,1,1048,431218,46,36:00.0,4,0:00,422
7764371355,U,OB,1,1,371,431218,46,43:00.0,4,1:00,422
7764371364,U,OB,1,1,236,431218,46,12:00.0,4,0:00,422
7764371373,U,OB,1,1,231,431218,46,46:00.0,4,1:00,422
7764371382,U,OB,1,1,337,431218,46,54:00.0,4,0:00,422
7764371391,U,OB,1,6,75,431218,46,23:00.0,4,2:00,422
7764371400,U,OB,1,1,559,431218,46,35:00.0,4,1:00,422
776437141X,U,OB,1,1,364,431218,46,32:00.0,4,1:00,422
7764371429,U,OB,1,1,448,431218,46,51:00.0,4,0:00,422
7764371438,U,OB,1,1,375,431218,46,37:00.0,4,0:00,422
7764371447,U,OB,1,1,290,431218,46,48:00.0,4,0:00,422
7764371456,U,OB,1,1,181,431218,46,40:00.0,4,1:00,422
7764371465,U,OB,1,1,239,431218,46,39:00.0,4,0:00,422
7764371483,U,OB,1,3,3540,431218,46,54:00.0,4,0:00,422
7764371492,U,OB,1,4,2315,431218,46,09:00.0,4,0:00,422
7764371539,U,OB,1,1,394,112054,67,54:00.0,5,0:00,422
7764371557,U,OB,1,1,818,112054,67,18:00.0,5,1:00,422
7764371557,U,OB,1,1,818,112054,47,48:00.0,5,6:00,422
7764371566,U,OB,1,1,603,112054,67,39:00.0,5,1:00,422
7764371575,U,OB,1,1,1698,112054,67,31:00.0,5,1:00,422
7764371593,U,OB,1,1,258,112054,67,29:00.0,5,1:00,422
7764371602,U,OB,1,2,1470,112054,67,58:00.0,5,0:00,422
7764371611,U,OB,1,1,943,112054,67,25:00.0,5,1:00,422
776437163X,U,OB,1,1,224,112054,67,27:00.0,5,1:00,422
7764371795,U,OB,1,1,184,506945,51,13:00.0,6,4:00,422
7764371804,U,OB,1,1,406,506945,51,20:00.0,6,3:00,422
7764371813,U,OB,1,1,909,506945,51,14:00.0,6,3:00,422
7764371822,U,OB,1,1,6,506945,51,49:00.0,6,5:00,422
7764371831,U,OB,1,1,545,506945,51,13:00.0,6,4:00,422
7764371840,U,OB,1,1,313,506945,51,14:00.0,6,3:00,422
7764371840,U,CTY,1,1,313,506945,R4  ,44:00.0,7,9:00,422
776437185X,U,OB,1,14,254,506945,51,48:00.0,6,5:00,422
7764371869,U,OB,1,1,239,506945,51,54:00.0,6,3:00,422
7764371869,U,OB,1,1,239,506945,25,55:00.0,6,3:00,422
7764371878,U,OB,1,1,645,506945,36,25:00.0,6,2:00,422
7764371878,U,OB,1,1,645,506945,51,22:00.0,6,2:00,422
7764371887,U,OB,1,1,6,506945,51,47:00.0,6,5:00,422
7764371896,U,OB,1,1,170,506945,51,58:00.0,6,2:00,422
7764371905,U,OB,1,1,151,506945,51,49:00.0,6,3:00,422
7764371914,U,OB,1,1,903,506945,51,46:00.0,6,2:00,422
7764371923,U,OB,1,1,178,506945,51,52:00.0,6,2:00,422
7764371932,U,OB,1,1,295,506945,51,29:00.0,6,2:00,422
7764371941,U,OB,1,1,315,506945,51,00:00.0,6,2:00,422
7764371950,U,OB,1,2,1529,506945,51,44:00.0,6,1:00,422
776437196X,U,OB,1,1,285,506945,51,13:00.0,6,1:00,422
7764371979,U,OB,1,1,610,506945,51,25:00.0,6,2:00,422
7764371988,U,OB,1,1,658,506945,51,15:00.0,6,1:00,422
7764372006,U,OB,1,1,931,842274,76,23:00.0,7,6:00,422
7764372015,U,OB,1,1,125,842274,76,33:00.0,7,5:00,422
7764372024,U,OB,1,1,192,842274,76,07:00.0,7,4:00,422
7764372033,U,OB,1,1,1051,842274,76,28:00.0,7,5:00,422
7764372042,U,OB,1,1,186,842274,76,20:00.0,7,6:00,422
7764372051,U,OB,1,1,518,842274,76,29:00.0,7,5:00,422
7764372060,U,OB,1,1,385,842274,76,33:00.0,7,5:00,422
776437207X,U,OB,1,1,415,842274,76,06:00.0,7,7:00,422
7764372089,U,OB,1,1,526,842274,76,33:00.0,7,6:00,422
7764372098,U,OB,1,1,291,842274,76,35:00.0,7,5:00,422
7764372107,U,OB,1,1,647,842274,76,39:00.0,7,6:00,422
7764372116,U,OB,1,1,968,842274,76,01:00.0,7,7:00,422
7764372125,U,OB,1,1,1765,842274,76,48:00.0,7,6:00,422
7764372134,U,OB,1,1,708,842274,76,59:00.0,7,3:00,422
7764372143,U,CTY,1,1,175,842274,N2  ,21:00.0,7,19:00,422
7764372143,U,OB,1,1,175,842274,76,45:00.0,7,6:00,422
7764372152,U,OB,1,1,488,842274,76,09:00.0,7,4:00,422
7764372161,U,OB,1,1,269,842274,76,41:00.0,7,6:00,422
7764372170,U,OB,1,1,521,842274,76,02:00.0,7,4:00,422
776437218X,U,OB,1,1,201,842274,76,03:00.0,7,4:00,422
7764372199,U,OB,1,1,230,842274,81,55:00.0,7,6:00,422
7764372199,U,OB,1,1,230,842274,76,11:00.0,7,4:00,422
7764372208,U,OB,1,1,163,842274,76,23:00.0,7,3:00,422
7764372217,U,OB,1,1,260,842274,76,05:00.0,7,4:00,422
7764372226,U,OB,1,1,263,842274,76,03:00.0,7,7:00,422
7764372235,U,OB,1,1,248,842274,76,22:00.0,7,4:00,422
7764372244,U,OB,1,1,280,842274,76,20:00.0,7,4:00,422
7764372262,U,OB,1,4,90,842274,76,24:00.0,7,5:00,422
7764372271,U,OB,1,1,131,842274,76,04:00.0,7,7:00,422
7764372280,U,OB,1,1,555,842274,76,13:00.0,7,4:00,422
776437229X,U,OB,1,1,283,842274,76,25:00.0,7,4:00,422
7764372309,U,OB,1,1,219,842274,76,27:00.0,7,4:00,422
7764372318,U,OB,1,1,174,842274,76,10:00.0,7,4:00,422
7764372327,U,OB,1,2,2420,842274,76,19:00.0,7,4:00,422
7764372336,U,OB,1,1,293,842274,76,15:00.0,7,4:00,422
7764372345,U,OB,1,1,50,842274,76,26:00.0,7,3:00,422
7764372354,U,CTY,1,1,527,903983,OFN ,35:00.0,4,15:00,422
7764372354,U,OB,1,1,527,903983,60,15:00.0,4,2:00,422
7764372363,U,OB,1,2,2359,903983,60,20:00.0,4,2:00,422
7764372372,U,OB,1,1,185,903983,60,04:00.0,4,2:00,422
7764372381,U,OB,1,1,184,903983,60,26:00.0,4,1:00,422
7764372390,U,OB,1,1,161,903983,60,29:00.0,4,1:00,422
776437240X,U,OB,1,1,714,903983,60,22:00.0,4,1:00,422
7764372419,U,OB,1,1,937,903983,60,16:00.0,4,0:00,422
7764372428,U,OB,1,1,171,903983,60,42:00.0,4,0:00,422
7764372437,U,OB,1,1,481,903983,60,24:00.0,4,1:00,422
7764372446,U,OB,1,1,198,903983,60,21:00.0,4,1:00,422
7764372455,U,OB,1,1,409,903983,60,19:00.0,4,1:00,422
7764372464,U,OB,1,1,116,903983,60,37:00.0,4,0:00,422
7764372473,U,OB,1,1,396,903983,60,23:00.0,4,0:00,422
7764372482,U,OB,1,1,293,903983,60,25:00.0,4,0:00,422
7764372491,U,OB,1,1,175,903983,60,23:00.0,4,1:00,422
7764372500,U,OB,1,1,11,842274,76,26:00.0,7,5:00,422
7764372767,U,OB,1,2,600,830967,48,29:00.0,4,21:00,422
7764372776,U,OB,1,3,1460,830967,48,18:00.0,4,21:00,422
7764372794,U,OB,1,1,557,559443,75,33:00.0,2,22:00,422
7764372830,U,OB,1,1,822,558373,88,25:00.0,6,21:00,422
776437284X,U,OB,1,1,470,558373,88,24:00.0,6,21:00,422
7764372859,U,OB,1,1,641,558373,88,38:00.0,6,21:00,422
7764372868,U,OB,1,1,190,560856,48,16:00.0,5,19:00,422
7764372886,U,OB,1,1,300,560856,48,21:00.0,5,19:00,422
7764372895,U,OB,1,2,515,560856,48,10:00.0,5,20:00,422
7764372904,U,OB,1,1,1605,560856,48,28:00.0,5,20:00,422
7764372940,U,OB,1,1,675,530751,89,31:00.0,4,18:00,422
776437295X,U,OB,1,1,780,530751,89,47:00.0,4,18:00,422
7764372978,U,OB,1,1,1804,530751,89,50:00.0,4,18:00,422
7764372987,U,OB,1,1,509,530751,89,58:00.0,4,18:00,422
7764372996,U,OB,1,1,137,530751,89,02:00.0,4,19:00,422
7764373005,U,OB,1,1,116,530751,89,55:00.0,4,18:00,422
7764373766,U,IB,1,1,863,558189,103,20:00.0,3,1:00,422
7764373775,U,IB,1,3,518,558189,103,26:00.0,3,1:00,422
7764373793,U,OB,1,2,2950,311349,50,14:00.0,3,21:00,422
7764374013,U,CTY,1,6,3530,560751,176,53:00.0,4,19:00,422
7764374022,U,CTY,1,2,1400,560751,176,36:00.0,4,19:00,422
7764374031,U,OB,1,1,365,531239,89,11:00.0,7,3:00,422
7764374040,U,OB,1,10,18330,531239,89,00:00.0,7,3:00,422
776437405X,U,OB,1,2,750,531239,89,28:00.0,7,2:00,422
7764374518,U,OB,1,9,1925,821190,43,29:00.0,6,22:00,422
7764374527,U,OB,1,1,470,830887,75,42:00.0,3,22:00,422
7764374536,U,OB,1,1,710,830887,75,38:00.0,3,22:00,422
7764374545,U,CTY,1,6,444,310707,OFN ,24:00.0,4,0:00,422
7764374554,U,OB,1,2,148,310707,32,15:00.0,3,23:00,422
7764374581,U,OB,1,1,1115,310707,32,56:00.0,3,22:00,422
7764375012,U,OB,1,1,62,290738,17,14:00.0,4,18:00,422
7764375021,U,OB,1,1,2886,430890,92,32:00.0,7,6:00,422
7764375021,U,IB,1,1,2886,430890,117,54:00.0,6,21:00,422
7764375030,U,OB,1,2,4595,531169,26,14:00.0,5,22:00,422
776437504X,U,OB,1,1,165,531169,26,32:00.0,5,22:00,422
7764375059,U,IB,1,2,1536,841925,117,58:00.0,4,21:00,422
7764375250,U,IB,1,1,545,841925,117,44:00.0,4,22:00,422
7764375984,U,IB,1,6,3065,841925,117,43:00.0,4,21:00,422
7764376002,U,IB,1,8,3565,841925,117,17:00.0,4,21:00,422
7764376525,U,OB,1,1,830,570104,43,52:00.0,6,1:00,422
7764376534,U,OB,1,1,320,570104,43,27:00.0,6,1:00,422
7764376543,U,OB,1,1,100,570104,43,59:00.0,6,1:00,422
7764376552,U,OB,1,1,70,570104,43,55:00.0,6,1:00,422
7764379742,U,OB,1,1,390,841940,53,27:00.0,7,2:00,422
7764379751,U,OB,1,1,410,841940,53,22:00.0,7,2:00,422
7764379760,U,IB,1,3,1289,559536,111,07:00.0,4,0:00,422
776437977X,U,OB,1,1,960,559536,22,55:00.0,3,21:00,422
7764379789,U,OB,1,1,1460,559536,22,36:00.0,3,21:00,422
7764379798,U,OB,1,1,1360,559536,22,35:00.0,3,21:00,422
7764379807,U,OB,1,1,423,111483,22,59:00.0,6,1:00,422
7764380054,U,OB,1,1,2381,97664,79,04:00.0,3,0:00,422
7764380063,U,OB,1,1,1870,97664,74,38:00.0,2,22:00,422
7764380072,U,OB,1,2,3229,97664,74,26:00.0,2,21:00,422
7764380081,U,OB,1,2,3448,97664,74,30:00.0,2,22:00,422
7764380090,U,OB,1,5,6161,97664,74,20:00.0,2,22:00,422
7764380137,U,OB,1,1,225,842789,88,41:00.0,7,3:00,422
7764380146,U,OB,1,1,231,842789,88,20:00.0,7,3:00,422
7764380155,U,OB,1,1,729,842789,88,39:00.0,7,3:00,422
7764380173,U,OB,1,2,2195,97664,74,44:00.0,3,1:00,422
7764380182,U,OB,1,1,1432,842789,88,01:00.0,7,4:00,422
7764380191,U,OB,1,1,297,842789,88,45:00.0,7,3:00,422
7764380200,U,OB,1,1,921,842789,88,53:00.0,7,4:00,422
776438021X,U,OB,1,2,3295,842789,88,10:00.0,7,4:00,422
7764380229,U,OB,1,4,4852,842789,88,25:00.0,7,6:00,422
7764380238,U,OB,1,1,1347,842789,88,37:00.0,7,5:00,422
7764380247,U,OB,1,1,1578,842789,88,49:00.0,7,4:00,422
7764380256,U,OB,1,6,6030,842789,88,03:00.0,7,5:00,422
7764380265,U,OB,1,3,2935,311022,86,04:00.0,3,20:00,422
7764380274,U,OB,1,1,1110,311022,5,49:00.0,4,14:00,422
7764380274,U,OB,1,1,1110,311022,86,00:00.0,3,20:00,422
7764380283,U,OB,1,3,3095,311022,86,02:00.0,3,21:00,422
7764380283,U,OB,1,3,3095,311022,24,17:00.0,4,0:00,422
7764380292,U,OB,1,1,410,311022,86,48:00.0,3,21:00,422
7764380301,U,OB,1,3,2823,311022,86,49:00.0,3,21:00,422
7764380310,U,OB,1,4,3590,311022,86,48:00.0,3,21:00,422
776438032X,U,OB,1,1,267,311022,86,25:00.0,3,21:00,422
7764380339,U,OB,1,1,1147,311022,86,31:00.0,3,21:00,422
7764380348,U,OB,1,2,2572,311022,86,43:00.0,3,20:00,422
7764380357,U,OB,1,3,2207,311022,86,47:00.0,3,20:00,422
7764380375,U,IB,1,1,1120,97664,119,33:00.0,2,22:00,422
7764380375,U,OB,1,1,1120,97664,74,56:00.0,2,20:00,422
7764380384,U,OB,1,1,1505,97664,74,26:00.0,2,21:00,422
7764380384,U,OB,1,1,1505,97664,28,38:00.0,2,23:00,422
7764380393,U,OB,1,1,851,311022,86,49:00.0,3,21:00,422
7764380402,U,OB,1,2,1882,97664,74,28:00.0,2,21:00,422
7764380402,U,OB,1,2,1882,97664,28,38:00.0,2,23:00,422
7764380411,U,OB,1,1,337,97664,28,38:00.0,2,23:00,422
7764380411,U,OB,1,1,337,97664,74,58:00.0,2,20:00,422
7764380420,U,OB,1,1,285,C422097664,79,04:00.0,3,0:00,422
776438043X,U,OB,1,1,311,97664,74,43:00.0,2,19:00,422
7764380449,U,OB,1,1,775,97664,74,56:00.0,2,20:00,422
7764380485,U,OB,1,1,1233,97664,74,09:00.0,2,20:00,422
7764380494,U,OB,1,1,333,97664,74,08:00.0,2,20:00,422
7764380503,U,OB,1,1,295,97664,74,08:00.0,2,20:00,422
7764380512,U,OB,1,3,6997,310232,78,58:00.0,3,17:00,422
7764380521,U,OB,1,1,1737,310232,78,46:00.0,3,17:00,422
7764380530,U,OB,1,2,1458,310232,78,40:00.0,3,17:00,422
776438054X,U,OB,1,2,1842,310232,78,58:00.0,3,17:00,422
7764380559,U,OB,1,3,3639,310232,78,57:00.0,3,17:00,422
7764380568,U,OB,1,2,2755,310506,26,52:00.0,2,19:00,422
7764380568,U,OB,1,2,2755,310506,47,10:00.0,2,20:00,422
7764380568,U,OB,1,2,2755,310506,47,10:00.0,2,20:00,422
7764380577,U,OB,1,1,1035,310506,26,52:00.0,2,19:00,422
7764380586,U,OB,1,1,1318,310506,26,53:00.0,2,19:00,422
7764380586,U,OB,1,1,1318,310506,81,57:00.0,2,20:00,422
7764380595,U,OB,1,1,1035,310506,26,52:00.0,2,19:00,422
7764380604,U,OB,1,1,1505,310506,26,48:00.0,2,19:00,422
7764380613,U,OB,1,1,231,310506,28,43:00.0,2,21:00,422
7764380613,U,OB,1,1,231,310506,26,26:00.0,2,21:00,422
7764380622,U,OB,1,2,2280,310506,26,57:00.0,2,20:00,422
7764380640,U,OB,1,1,556,310506,26,26:00.0,2,21:00,422
776438065X,U,OB,1,1,1070,310506,26,58:00.0,2,20:00,422
7764380669,U,OB,1,1,1269,310506,26,57:00.0,2,20:00,422
7764380669,U,OB,1,1,1269,310506,22,48:00.0,2,21:00,422
7764380678,U,OB,1,3,3915,310506,26,05:00.0,2,21:00,422
7764380678,U,IB,1,3,3915,310506,119,06:00.0,2,21:00,422
7764380687,U,OB,1,1,1025,310506,81,57:00.0,2,20:00,422
7764380687,U,OB,1,1,1025,310506,26,55:00.0,2,19:00,422
7764380696,U,OB,1,2,1665,558981,40,46:00.0,6,22:00,422
7764380705,U,OB,1,1,549,558981,40,02:00.0,6,22:00,422
7764380714,U,OB,1,1,1710,558981,40,35:00.0,6,22:00,422
7764380723,U,OB,1,1,921,558981,40,48:00.0,6,20:00,422
7764380732,U,OB,1,1,621,558981,40,53:00.0,6,21:00,422
7764380741,U,OB,1,1,297,558981,40,58:00.0,6,21:00,422
7764380750,U,OB,1,1,549,558981,40,27:00.0,6,21:00,422
776438076X,U,OB,1,1,341,530751,45,04:00.0,5,0:00,422
776438076X,U,OB,1,1,341,530751,45,04:00.0,5,0:00,422
7764380806,U,OB,1,19,1344,530751,53,25:00.0,5,0:00,422
7764380806,U,OB,1,19,1344,530751,30,26:00.0,5,0:00,422
7764380815,U,OB,1,1,725,530751,30,25:00.0,5,0:00,422
7764380815,U,OB,1,1,725,530751,53,16:00.0,5,0:00,422
7764380833,U,OB,1,2,2104,530751,53,05:00.0,5,0:00,422
7764380851,U,OB,1,1,2153,530751,30,25:00.0,5,0:00,422
7764380860,U,IB,1,7,8491,530751,119,00:00.0,5,0:00,422
7764380860,U,IB,1,7,8491,530751,119,00:00.0,5,0:00,422
776438087X,U,OB,1,1,702,530751,25,15:00.0,5,0:00,422
776438087X,U,OB,1,1,702,530751,25,15:00.0,5,0:00,422
7764380889,U,OB,1,1,437,530751,37,19:00.0,5,0:00,422
7764380889,U,OB,1,1,437,530751,53,13:00.0,5,0:00,422
7764380907,U,CTY,1,1,413,530751,R4  ,55:00.0,5,13:00,422
7764380916,U,IB,1,1,775,530751,119,01:00.0,5,0:00,422
7764380925,U,OB,1,2,2960,530751,68,11:00.0,4,23:00,422
7764380934,U,OB,1,2,2950,841940,5,49:00.0,4,14:00,422
7764380934,U,OB,1,2,2950,841940,48,44:00.0,3,21:00,422
7764380943,U,OB,1,1,353,311022,86,24:00.0,3,21:00,422
7764380952,U,OB,1,1,857,311022,86,11:00.0,3,21:00,422
7764380961,U,OB,1,1,1053,311022,86,11:00.0,3,20:00,422
7764380961,U,OB,1,1,1053,311022,5,49:00.0,4,14:00,422
7764380970,U,OB,1,7,7165,311022,86,48:00.0,3,21:00,422
776438098X,U,OB,1,1,415,311022,86,49:00.0,3,21:00,422
7764380999,U,OB,1,1,1286,311022,86,58:00.0,3,19:00,422
7764381008,U,OB,1,1,230,311022,86,06:00.0,3,21:00,422
7764381008,U,OB,1,1,230,311022,5,49:00.0,4,14:00,422
7764381017,U,OB,1,1,2527,842789,88,33:00.0,7,6:00,422
7764381026,U,OB,1,1,1651,842789,88,27:00.0,7,6:00,422
7764381035,U,OB,1,1,213,842789,88,51:00.0,7,4:00,422
7764381044,U,OB,1,1,285,559926,49,15:00.0,5,21:00,422
7764381044,U,OB,1,1,285,559926,81,49:00.0,5,21:00,422
7764381053,U,OB,1,1,1225,559926,81,49:00.0,5,21:00,422
7764381053,U,OB,1,1,1225,559926,49,16:00.0,5,21:00,422
7764381062,U,OB,1,1,801,842789,88,49:00.0,7,3:00,422
7764381071,U,OB,1,1,827,559926,49,42:00.0,5,21:00,422
7764381080,U,OB,1,3,1883,559926,49,52:00.0,5,22:00,422
776438109X,U,OB,1,1,283,559926,49,15:00.0,5,21:00,422
7764381109,U,OB,1,1,1797,559926,49,18:00.0,5,21:00,422
7764381109,U,OB,1,1,1797,559926,81,49:00.0,5,21:00,422
7764381118,U,OB,1,1,269,559926,49,41:00.0,5,21:00,422
7764381118,U,OB,1,1,269,559926,81,49:00.0,5,21:00,422
7764381136,U,OB,1,4,4148,559926,49,36:00.0,6,0:00,422
7764381136,U,OB,1,4,4148,559926,79,39:00.0,6,0:00,422
7764381136,U,OB,1,4,4148,559926,81,53:00.0,6,0:00,422
7764381145,U,CTY,1,1,773,559926,R4  ,25:00.0,6,0:00,422
7764381145,U,OB,1,1,773,559926,49,44:00.0,5,21:00,422
7764381154,U,OB,1,1,997,559926,49,03:00.0,5,23:00,422
7764381172,U,OB,1,1,1413,559926,79,39:00.0,6,0:00,422
7764381172,U,OB,1,1,1413,559926,49,36:00.0,6,0:00,422
7764381181,U,OB,1,1,479,559926,49,19:00.0,6,0:00,422
7764381181,U,OB,1,1,479,559926,30,24:00.0,6,0:00,422
7764381190,U,OB,1,2,1845,559926,79,39:00.0,6,0:00,422
7764381190,U,OB,1,2,1845,559926,49,36:00.0,6,0:00,422
776438120X,U,OB,1,4,4852,559926,85,35:00.0,6,0:00,422
776438120X,U,OB,1,4,4852,559926,49,33:00.0,6,0:00,422
7764381228,U,OB,1,1,1390,C422010260,52,26:00.0,5,1:00,422
7764381237,U,OB,1,6,5935,C422010260,52,05:00.0,5,1:00,422
7764381246,U,OB,1,1,913,559926,79,39:00.0,6,0:00,422
7764381246,U,OB,1,1,913,559926,49,36:00.0,6,0:00,422
7764381264,U,OB,1,5,2475,311058,60,45:00.0,2,18:00,422
7764381273,U,OB,1,1,702,311058,60,22:00.0,2,19:00,422
7764381282,U,OB,1,1,293,311058,60,17:00.0,2,19:00,422
7764381291,U,OB,1,1,309,311058,60,17:00.0,2,19:00,422
7764381300,U,OB,1,1,637,311058,60,25:00.0,2,19:00,422
776438131X,U,OB,1,1,1413,850053,38,13:00.0,3,22:00,422
7764381329,U,OB,1,1,235,850053,38,16:00.0,3,22:00,422
7764381338,U,OB,1,1,556,311058,60,57:00.0,2,19:00,422
7764381338,U,CTY,1,1,556,311058,R4  ,27:00.0,2,21:00,422
7764381347,U,OB,1,2,2645,311058,60,33:00.0,2,19:00,422
7764381356,U,OB,1,1,355,311058,60,47:00.0,2,19:00,422
7764381356,U,CTY,1,1,355,311058,193,18:00.0,2,22:00,422
7764381356,U,OB,1,1,355,311058,4,02:00.0,3,0:00,422
7764381365,U,OB,1,1,727,311058,60,49:00.0,2,19:00,422
7764381374,U,OB,1,1,1251,311058,60,20:00.0,2,19:00,422
7764381374,U,OB,1,1,1251,311058,5,41:00.0,5,3:00,422
7764381383,U,OB,1,1,2162,311058,60,30:00.0,2,19:00,422
7764381392,U,OB,1,1,297,311058,60,23:00.0,2,19:00,422
7764381401,U,OB,1,1,605,311058,60,57:00.0,2,19:00,422
7764381410,U,OB,1,1,702,311058,60,25:00.0,2,21:00,422
776438142X,U,OB,1,1,1389,311058,60,24:00.0,2,21:00,422
7764381439,U,OB,1,2,2868,311058,60,56:00.0,2,19:00,422
7764381448,U,OB,1,2,2184,311058,62,46:00.0,2,21:00,422
7764381448,U,OB,1,2,2184,311058,60,20:00.0,2,21:00,422
7764381448,U,CTY,1,2,2184,311058,N   ,44:00.0,3,13:00,422
7764381457,U,OB,1,2,6390,311058,60,04:00.0,2,20:00,422
7764381457,U,OB,1,2,6390,311058,5,41:00.0,5,3:00,422
7764381466,U,OB,1,1,493,311058,60,07:00.0,2,20:00,422
7764381475,U,OB,1,1,629,311058,60,45:00.0,2,21:00,422
7764381484,U,OB,1,1,1501,311058,60,21:00.0,2,21:00,422
7764381493,U,OB,1,1,1221,311058,60,45:00.0,2,21:00,422
7764381502,U,OB,1,1,1720,311058,60,07:00.0,2,20:00,422
7764381511,U,OB,1,1,790,10260,52,27:00.0,5,1:00,422
7764381520,U,OB,1,2,4570,10260,52,01:00.0,5,2:00,422
776438153X,U,OB,1,1,1333,10260,52,39:00.0,5,1:00,422
7764381549,U,OB,1,1,213,10260,52,38:00.0,5,1:00,422
7764381558,U,OB,1,1,200,10260,52,08:00.0,5,2:00,422
7764381567,U,OB,1,1,849,10260,52,10:00.0,5,2:00,422
7764381576,U,OB,1,1,264,10260,52,36:00.0,5,1:00,422
7764381576,U,OB,1,1,264,10260,68,41:00.0,5,1:00,422
7764381585,U,OB,1,2,3500,10260,52,28:00.0,5,1:00,422
7764381594,U,OB,1,1,605,10260,52,57:00.0,5,1:00,422
7764381603,U,OB,1,1,941,10260,52,15:00.0,5,2:00,422
7764381603,U,OB,1,1,941,10260,30,14:00.0,5,4:00,422
7764381612,U,OB,1,1,410,850053,38,49:00.0,3,19:00,422
7764381612,U,OB,1,1,410,850053,81,01:00.0,3,22:00,422
7764381612,U,OB,1,1,410,850053,81,01:00.0,3,22:00,422
7764381621,U,OB,1,2,1002,850053,45,43:00.0,3,19:00,422
7764381621,U,OB,1,2,1002,850053,45,43:00.0,3,19:00,422
776438164X,U,OB,1,1,581,850053,38,17:00.0,3,22:00,422
7764381659,U,OB,1,5,5627,850053,38,57:00.0,3,20:00,422
7764381695,U,OB,1,2,2632,850053,38,16:00.0,3,20:00,422
7764381704,U,OB,1,1,1489,850053,74,59:00.0,3,21:00,422
7764381704,U,OB,1,1,1489,850053,38,58:00.0,3,21:00,422
7764381713,U,OB,1,1,479,850053,74,00:00.0,3,22:00,422
7764381713,U,OB,1,1,479,850053,74,00:00.0,3,22:00,422
7764381722,U,OB,1,1,1359,850053,38,22:00.0,3,22:00,422
7764381731,U,OB,1,1,775,850053,38,16:00.0,3,21:00,422
7764381731,U,OB,1,1,775,850053,81,59:00.0,3,21:00,422
7764381740,U,OB,1,2,3448,850053,38,28:00.0,3,21:00,422
7764381769,U,OB,1,8,3595,830967,53,20:00.0,6,0:00,422
7764381778,U,OB,1,2,4310,830967,53,48:00.0,5,22:00,422
7764381787,U,OB,1,5,11210,830967,53,33:00.0,5,22:00,422
7764381814,U,IB,1,1,198,530751,104,22:00.0,6,22:00,422
7764381823,U,OB,1,1,188,530751,57,49:00.0,7,4:00,422
7764381832,U,OB,1,1,504,559414,49,25:00.0,2,21:00,422
7764381841,U,OB,1,2,1545,559414,49,19:00.0,2,21:00,422
7764381850,U,OB,1,4,2805,559414,49,22:00.0,2,21:00,422
7764381879,U,OB,1,5,13820,903951,86,10:00.0,7,11:00,422
7764381888,U,OB,1,3,661,903951,69,11:00.0,6,21:00,422
7764381897,U,OB,1,1,1062,903951,69,58:00.0,6,20:00,422
7764381906,U,OB,1,2,1960,903951,69,11:00.0,6,20:00,422
7764383089,U,OB,1,1,65,821190,67,19:00.0,6,22:00,422
7764383098,U,OB,1,1,65,821190,67,31:00.0,6,21:00,422
7764383107,U,OB,1,1,65,821190,67,12:00.0,6,22:00,422
7764383116,U,OB,1,1,65,821190,67,28:00.0,6,21:00,422
7764383125,U,OB,1,1,65,821190,67,39:00.0,6,21:00,422
7764383134,U,OB,1,1,65,821190,67,34:00.0,6,21:00,422
7764383143,U,OB,1,1,65,821190,67,15:00.0,6,22:00,422
7764383152,U,OB,1,1,65,821190,67,25:00.0,6,21:00,422
7764383161,U,IB,1,1,65,410224,112,36:00.0,5,0:00,422
7764383170,U,IB,1,1,150,410224,112,04:00.0,4,23:00,422
7764383208,U,CTY,1,1,65,410224,R2  ,41:00.0,5,0:00,422
7764383235,U,IB,1,1,87,410224,112,03:00.0,5,0:00,422
7764383253,U,IB,1,1,65,410224,112,51:00.0,5,0:00,422
7764383262,U,IB,1,1,65,410224,112,03:00.0,5,0:00,422
7764383271,U,OB,1,1,65,841940,55,31:00.0,3,21:00,422
7764383280,U,OB,1,1,65,841940,55,16:00.0,3,21:00,422
776438329X,U,OB,1,1,65,841940,55,21:00.0,3,21:00,422
7764383309,U,OB,1,1,65,841940,55,47:00.0,3,20:00,422
7764383318,U,OB,1,1,65,841940,55,02:00.0,3,21:00,422
7764383327,U,OB,1,1,65,841940,55,05:00.0,3,21:00,422
7764383336,U,OB,1,1,65,841940,55,26:00.0,3,21:00,422
7764383345,U,OB,1,1,65,841940,55,28:00.0,3,21:00,422
7764383345,U,OB,1,1,65,841940,54,00:00.0,4,1:00,422
7764383354,U,IB,1,1,65,410224,112,00:00.0,5,0:00,422
7764383363,U,IB,1,1,65,410224,112,46:00.0,5,0:00,422
7764383381,U,OB,1,1,65,410224,54,55:00.0,5,7:00,422
7764383381,U,IB,1,1,65,410224,112,30:00.0,5,0:00,422
7764383390,U,IB,1,1,65,410224,112,56:00.0,4,23:00,422
776438340X,U,OB,1,1,65,430060,53,37:00.0,3,0:00,422
7764383482,U,OB,1,1,65,821190,32,28:00.0,6,21:00,422
7764383491,U,OB,1,1,65,821190,32,31:00.0,6,21:00,422
7764383500,U,OB,1,1,65,821190,32,37:00.0,6,21:00,422
776438351X,U,OB,1,1,65,821190,32,23:00.0,6,21:00,422
7764383529,U,OB,1,1,65,430060,53,36:00.0,3,0:00,422
7764383538,U,OB,1,1,65,430060,53,31:00.0,3,0:00,422
7764383547,U,OB,1,1,65,430060,53,27:00.0,3,0:00,422
7764383556,U,OB,1,1,65,430060,53,34:00.0,3,0:00,422
7764383565,U,OB,1,1,65,430060,53,32:00.0,3,0:00,422
7764383574,U,OB,1,1,65,821190,74,49:00.0,5,19:00,422
7764383583,U,OB,1,1,65,821190,74,02:00.0,5,20:00,422
7764383592,U,OB,1,1,65,821190,74,06:00.0,5,20:00,422
7764383601,U,OB,1,1,65,821190,74,18:00.0,5,20:00,422
7764383610,U,OB,1,1,65,821190,74,54:00.0,5,19:00,422
776438362X,U,OB,1,1,65,821190,74,11:00.0,5,22:00,422
7764383639,U,OB,1,1,65,821190,74,17:00.0,5,20:00,422
7764383648,U,OB,1,1,65,821190,74,06:00.0,5,21:00,422
7764383657,U,OB,1,1,65,821190,74,15:00.0,5,21:00,422
7764383666,U,OB,1,1,65,821190,74,43:00.0,5,19:00,422
7764383675,U,OB,1,1,65,821190,74,22:00.0,5,20:00,422
7764383684,U,OB,1,1,65,821190,74,22:00.0,5,21:00,422
7764383693,U,OB,1,1,65,821190,74,56:00.0,5,19:00,422
7764383702,U,OB,1,1,65,821190,74,21:00.0,5,21:00,422
7764383711,U,OB,1,1,65,821190,74,10:00.0,5,21:00,422
7764383720,U,OB,1,1,65,821190,74,03:00.0,5,21:00,422
776438373X,U,OB,1,1,65,821190,74,39:00.0,5,19:00,422
7764383749,U,OB,1,1,65,821190,74,41:00.0,5,19:00,422
7764383758,U,OB,1,1,65,821190,74,47:00.0,5,19:00,422
7764384766,U,OB,1,1,65,530419,39,07:00.0,2,19:00,422
7764384775,U,OB,1,1,65,530419,39,54:00.0,2,18:00,422
7764384811,U,OB,1,1,65,821190,31,06:00.0,6,21:00,422
776438494X,U,OB,1,1,65,530419,39,52:00.0,2,18:00,422
7764384959,U,OB,1,1,65,530419,39,41:00.0,2,18:00,422
7764384968,U,OB,1,1,65,530419,39,43:00.0,2,18:00,422
7764384977,U,OB,1,1,65,530419,39,49:00.0,2,18:00,422
7764384986,U,OB,1,1,65,530419,39,50:00.0,2,18:00,422
7764384995,U,OB,1,1,65,530419,39,39:00.0,2,18:00,422
7764385004,U,OB,1,1,65,530419,39,37:00.0,2,18:00,422
7764385022,U,OB,1,7,1680,820869,17,54:00.0,7,1:00,422
776438505X,U,OB,1,1,415,830967,92,16:00.0,5,0:00,422
776438505X,U,OB,1,1,415,830967,75,13:00.0,5,0:00,422
7764385069,U,OB,1,6,1400,830967,75,04:00.0,5,0:00,422
7764385096,U,OB,1,1,590,390234,48,58:00.0,5,22:00,422
776438582X,U,OB,1,3,2235,530088,75,09:00.0,2,22:00,422
7764385839,U,OB,1,7,5014,842029,58,05:00.0,3,20:00,422
7764385848,U,OB,1,1,3510,842029,58,49:00.0,3,19:00,422
7764385848,U,OB,1,1,3510,842029,24,06:00.0,4,0:00,422
7764385866,U,OB,1,2,1502,820869,74,12:00.0,5,20:00,422
7764385875,U,OB,1,2,1100,820869,74,29:00.0,5,20:00,422
7764385884,U,OB,1,1,2310,830967,76,05:00.0,7,0:00,422
7764385893,U,OB,1,7,1815,820869,72,28:00.0,4,22:00,422
7764385902,U,IB,1,4,1085,842100,112,39:00.0,5,21:00,422
7764385911,U,IB,1,6,2491,842100,112,23:00.0,5,21:00,422
7764385920,U,IB,1,1,3110,842100,112,39:00.0,5,20:00,422
776438593X,U,IB,1,2,700,842100,112,34:00.0,5,20:00,422
7764385958,U,OB,1,1,865,841925,52,27:00.0,3,22:00,422
7764385967,U,OB,1,5,10340,841925,52,36:00.0,3,22:00,422
7764385967,U,OB,1,5,10340,841925,5,50:00.0,4,14:00,422
7764386279,U,OB,1,4,7500,841895,69,48:00.0,6,22:00,422
7764386288,U,OB,1,3,1725,841895,69,29:00.0,6,21:00,422
7764386306,U,IB,1,1,750,830887,117,01:00.0,2,22:00,422
7764386315,U,OB,1,1,285,820869,88,13:00.0,6,20:00,422
7764386324,U,OB,1,1,450,820869,88,59:00.0,6,19:00,422
7764386333,U,OB,1,7,4329,820869,88,39:00.0,6,19:00,422
7764386342,U,OB,1,1,255,820869,88,59:00.0,6,18:00,422
7764386351,U,OB,1,2,923,820869,88,52:00.0,6,18:00,422
7764386360,U,OB,1,1,417,820869,88,30:00.0,6,18:00,422
7764386508,U,IB,1,2,1160,830887,117,57:00.0,2,21:00,422
7764386517,U,OB,1,2,2550,830887,50,03:00.0,2,19:00,422
7764386526,U,OB,1,1,992,830887,50,08:00.0,2,19:00,422
7764386553,U,OB,1,1,250,532178,76,24:00.0,6,18:00,422
7764386782,U,OB,1,11,4358,430581,31,49:00.0,6,1:00,422
7764386791,U,OB,1,2,1516,430581,31,41:00.0,6,1:00,422
7764386800,U,OB,1,1,605,430581,31,48:00.0,6,0:00,422
776438681X,U,OB,1,1,354,430581,31,54:00.0,6,0:00,422
7764386829,U,OB,1,1,75,430581,31,40:00.0,6,1:00,422
7764386847,U,OB,1,1,440,559773,60,04:00.0,7,4:00,422
7764386856,U,OB,1,2,766,559773,60,55:00.0,7,2:00,422
7764386865,U,OB,1,1,490,559773,60,59:00.0,7,2:00,422
7764386874,U,OB,1,4,2359,559773,60,22:00.0,7,3:00,422
7764386883,U,OB,1,2,942,559773,60,19:00.0,7,2:00,422
7764386892,U,OB,1,3,1230,559773,60,27:00.0,7,2:00,422
7764386901,U,OB,1,1,475,559773,60,50:00.0,7,2:00,422
7764386910,U,OB,1,1,702,559773,60,28:00.0,7,3:00,422
776438692X,U,OB,1,1,718,559773,60,25:00.0,7,3:00,422
7764386939,U,OB,1,12,9386,97063,58,50:00.0,3,1:00,422
7764386948,U,OB,1,1,379,97063,58,04:00.0,3,2:00,422
7764386957,U,OB,1,1,859,97063,58,58:00.0,3,1:00,422
7764386966,U,OB,1,3,1570,530419,31,52:00.0,2,22:00,422
7764386975,U,OB,1,3,1954,530419,31,11:00.0,3,0:00,422
7764386984,U,OB,1,2,1477,530419,31,44:00.0,2,22:00,422
7764386993,U,IB,1,2,955,830887,105,50:00.0,5,0:00,422
7764387002,U,IB,1,2,516,830887,105,23:00.0,5,1:00,422
7764387011,U,OB,1,1,65,821190,74,18:00.0,5,21:00,422
7764387020,U,OB,1,1,65,821190,74,02:00.0,5,22:00,422
776438703X,U,OB,1,1,65,821190,74,37:00.0,5,21:00,422
7764387049,U,OB,1,1,65,821190,74,24:00.0,5,21:00,422
7764387058,U,OB,1,1,65,821190,74,04:00.0,5,22:00,422
7764387067,U,OB,1,1,65,821190,74,59:00.0,5,21:00,422
7764387076,U,OB,1,1,65,821190,74,06:00.0,5,22:00,422
7764387085,U,OB,1,1,65,821190,74,13:00.0,5,21:00,422
7764387103,U,OB,1,1,65,559414,38,03:00.0,3,21:00,422
7764387112,U,OB,1,1,65,559414,38,50:00.0,3,20:00,422
7764387121,U,OB,1,1,65,559414,38,52:00.0,3,20:00,422
7764387130,U,OB,1,1,65,559414,38,56:00.0,3,20:00,422
776438714X,U,OB,1,1,65,559414,38,57:00.0,3,20:00,422
7764387159,U,OB,1,1,65,559414,38,59:00.0,3,20:00,422
7764387168,U,OB,1,1,65,559414,38,04:00.0,3,21:00,422
7764387177,U,OB,1,1,65,559414,38,55:00.0,3,20:00,422
7764387186,U,OB,1,1,65,559414,38,18:00.0,3,21:00,422
7764387195,U,OB,1,1,65,559414,38,15:00.0,3,21:00,422
7764387204,U,OB,1,1,87,559414,38,00:00.0,3,21:00,422
7764387213,U,OB,1,1,65,120863,61,46:00.0,3,8:00,422
7764387213,U,OB,1,1,65,120863,51,17:00.0,2,20:00,422
7764387222,U,OB,1,1,65,120863,51,21:00.0,2,20:00,422
7764387231,U,OB,1,1,65,120863,51,22:00.0,2,20:00,422
7764387240,U,OB,1,1,65,120863,51,10:00.0,2,20:00,422
776438725X,U,OB,1,1,65,120863,51,12:00.0,2,20:00,422
7764387516,U,OB,1,1,493,842100,56,56:00.0,5,0:00,422
7764387516,U,OB,1,1,493,842100,56,56:00.0,5,0:00,422
7764387525,U,OB,1,3,3274,390072,69,52:00.0,4,22:00,422
7764387534,U,OB,1,1,213,842100,69,54:00.0,5,0:00,422
7764387543,U,CTY,1,2,2426,842100,199,20:00.0,5,3:00,422
7764387543,U,OB,1,2,2426,842100,69,34:00.0,5,2:00,422
7764387552,U,CTY,1,1,1870,842100,199,20:00.0,5,3:00,422
7764387552,U,OB,1,1,1870,842100,69,56:00.0,5,0:00,422
7764387561,U,OB,1,1,315,842100,81,01:00.0,5,4:00,422
7764387561,U,OB,1,1,315,842100,69,29:00.0,5,0:00,422
7764387570,U,OB,1,3,3639,842100,81,00:00.0,5,4:00,422
7764387570,U,OB,1,3,3639,842100,69,16:00.0,5,3:00,422
776438758X,U,OB,1,2,992,390072,69,50:00.0,4,22:00,422
776438758X,U,OB,1,2,992,390072,45,56:00.0,4,22:00,422
7764387599,U,OB,1,1,994,842100,69,33:00.0,5,2:00,422
7764387608,U,OB,1,6,5865,390072,69,28:00.0,4,21:00,422
7764387617,U,OB,1,1,735,390072,69,17:00.0,4,22:00,422
7764387626,U,OB,1,1,1359,390072,69,42:00.0,4,21:00,422
7764387635,U,OB,1,1,425,390072,69,36:00.0,4,22:00,422
7764387644,U,OB,1,1,2965,842100,69,51:00.0,5,2:00,422
7764387653,U,OB,1,1,1333,390072,69,13:00.0,4,21:00,422
7764387653,U,OB,1,1,1333,390072,85,19:00.0,4,21:00,422
7764387662,U,OB,1,1,325,842100,83,20:00.0,5,1:00,422
7764387662,U,OB,1,1,325,842100,69,19:00.0,5,1:00,422
7764387671,U,OB,1,1,994,390072,69,36:00.0,4,22:00,422
7764387680,U,OB,1,2,2280,390072,69,18:00.0,4,22:00,422
7764387680,U,OB,1,2,2280,390072,81,53:00.0,4,22:00,422
776438769X,U,OB,1,1,661,97130,41,24:00.0,6,2:00,422
776438769X,U,OB,1,1,661,97130,41,24:00.0,6,2:00,422
7764387709,U,OB,1,1,1165,509713,28,30:00.0,6,2:00,422
7764387709,U,OB,1,1,1165,509713,67,11:00.0,6,2:00,422
7764387718,U,OB,1,2,1882,509713,67,28:00.0,6,2:00,422
7764387718,U,OB,1,2,1882,509713,30,31:00.0,6,2:00,422
7764387727,U,OB,1,1,773,509713,28,30:00.0,6,2:00,422
7764387727,U,OB,1,1,773,509713,67,11:00.0,6,2:00,422
7764387736,U,OB,1,1,629,509713,28,30:00.0,6,2:00,422
7764387736,U,OB,1,1,629,509713,67,12:00.0,6,2:00,422
7764387745,U,OB,1,2,1495,509713,67,00:00.0,6,2:00,422
7764387754,U,OB,1,2,2394,509713,67,36:00.0,6,2:00,422
7764387763,U,OB,1,1,2162,841925,56,25:00.0,2,20:00,422
7764387763,U,OB,1,1,2162,841925,73,24:00.0,2,20:00,422
7764387772,U,OB,1,1,387,841925,81,39:00.0,2,20:00,422
7764387772,U,OB,1,1,387,841925,81,39:00.0,2,20:00,422
7764387790,U,OB,1,2,1266,841925,73,26:00.0,2,20:00,422
7764387790,U,OB,1,2,1266,841925,58,29:00.0,2,20:00,422
776438780X,U,OB,1,2,1230,841925,73,31:00.0,2,19:00,422
7764387819,U,OB,1,2,2750,841925,56,23:00.0,2,20:00,422
7764387819,U,OB,1,2,2750,841925,56,23:00.0,2,20:00,422
7764387828,U,OB,1,1,225,841925,73,31:00.0,2,20:00,422
7764387828,U,OB,1,1,225,841925,37,34:00.0,2,20:00,422
7764387837,U,OB,1,1,675,841925,81,39:00.0,2,20:00,422
7764387837,U,OB,1,1,675,841925,81,39:00.0,2,20:00,422
7764387846,U,OB,1,5,6065,841925,68,32:00.0,2,20:00,422
7764387846,U,OB,1,5,6065,841925,68,32:00.0,2,20:00,422
7764387855,U,OB,1,1,890,830967,89,57:00.0,2,21:00,422
7764387864,U,OB,1,1,1020,841925,81,37:00.0,2,20:00,422
7764387864,U,OB,1,1,1020,841925,81,37:00.0,2,20:00,422
7764387873,U,OB,1,2,2572,830967,89,23:00.0,2,21:00,422
7764387882,U,OB,1,2,1350,830967,89,33:00.0,2,21:00,422
7764387891,U,OB,1,1,765,841925,73,36:00.0,2,20:00,422
7764387891,U,OB,1,1,765,841925,81,38:00.0,2,20:00,422
7764387900,U,OB,1,1,1318,841925,81,37:00.0,2,20:00,422
7764387900,U,OB,1,1,1318,841925,81,37:00.0,2,20:00,422
776438791X,U,OB,1,1,246,830967,89,47:00.0,2,21:00,422
7764387929,U,OB,1,1,1505,842193,67,12:00.0,4,0:00,422
7764387929,U,OB,1,1,1505,842193,30,29:00.0,4,0:00,422
7764387938,U,OB,1,1,355,842193,81,15:00.0,4,7:00,422
7764387938,U,OB,1,1,355,842193,67,08:00.0,4,0:00,422
7764387947,U,OB,1,1,661,841925,73,26:00.0,2,21:00,422
7764387947,U,OB,1,1,661,841925,54,27:00.0,2,21:00,422
7764387956,U,OB,1,2,1516,841925,30,36:00.0,2,21:00,422
7764387956,U,OB,1,2,1516,841925,30,36:00.0,2,21:00,422
7764387965,U,OB,1,1,941,841925,30,36:00.0,2,21:00,422
7764387965,U,OB,1,1,941,841925,30,36:00.0,2,21:00,422
7764387974,U,OB,1,1,784,841925,54,20:00.0,2,21:00,422
7764387974,U,OB,1,1,784,841925,54,20:00.0,2,21:00,422
7764387983,U,OB,1,1,410,841925,54,19:00.0,2,21:00,422
7764387983,U,OB,1,1,410,841925,73,18:00.0,2,21:00,422
7764387992,U,OB,1,1,621,841925,56,09:00.0,2,21:00,422
7764387992,U,OB,1,1,621,841925,56,09:00.0,2,21:00,422
7764388001,U,OB,1,2,2285,841925,81,38:00.0,2,21:00,422
7764388001,U,OB,1,2,2285,841925,81,38:00.0,2,21:00,422
7764388010,U,OB,1,1,973,842100,28,13:00.0,5,3:00,422
7764388010,U,OB,1,1,973,842100,69,59:00.0,5,0:00,422
776438802X,U,OB,1,8,9704,842100,69,38:00.0,5,1:00,422
7764388039,U,OB,1,1,702,842100,69,54:00.0,5,0:00,422
7764388039,U,OB,1,1,702,842100,81,01:00.0,5,4:00,422
7764388048,U,OB,1,2,2329,842100,69,01:00.0,5,3:00,422
7764388048,U,OB,1,2,2329,842100,64,15:00.0,5,3:00,422
7764388057,U,OB,1,2,2508,842100,69,31:00.0,5,0:00,422
7764388057,U,OB,1,2,2508,842100,68,17:00.0,5,2:00,422
7764388066,U,OB,1,2,1210,842100,81,01:00.0,5,4:00,422
7764388066,U,OB,1,2,1210,842100,69,31:00.0,5,0:00,422
7764388075,U,OB,1,2,3302,842100,69,36:00.0,5,0:00,422
7764388084,U,OB,1,1,230,842193,67,09:00.0,4,0:00,422
7764388084,U,OB,1,1,230,842193,81,15:00.0,4,7:00,422
7764388093,U,OB,1,2,2818,842193,67,24:00.0,3,22:00,422
7764388102,U,OB,1,2,2572,842193,67,19:00.0,3,22:00,422
7764388111,U,OB,1,1,661,842193,67,20:00.0,3,22:00,422
7764388111,U,CTY,1,1,661,842193,P1  ,14:00.0,4,0:00,422
7764388120,U,OB,1,1,1405,842193,30,28:00.0,4,0:00,422
7764388120,U,OB,1,1,1405,842193,67,18:00.0,3,22:00,422
776438813X,U,OB,1,1,1432,842100,69,32:00.0,5,0:00,422
7764388149,U,OB,1,1,629,390072,85,27:00.0,4,22:00,422
7764388149,U,OB,1,1,629,390072,69,14:00.0,4,22:00,422
7764388158,U,OB,1,1,479,842193,30,28:00.0,4,0:00,422
7764388158,U,OB,1,1,479,842193,67,33:00.0,3,22:00,422
7764388176,U,OB,1,1,2277,842193,67,06:00.0,4,0:00,422
7764388176,U,OB,1,1,2277,842193,81,10:00.0,4,0:00,422
7764388194,U,OB,1,1,476,842193,30,28:00.0,4,0:00,422
7764388194,U,OB,1,1,476,842193,67,37:00.0,3,22:00,422
7764388212,U,OB,1,4,4148,842193,67,38:00.0,3,22:00,422
7764388230,U,OB,1,2,1366,842193,30,28:00.0,4,0:00,422
7764388230,U,OB,1,2,1366,842193,67,34:00.0,3,22:00,422
776438824X,U,OB,1,1,269,842193,67,08:00.0,4,0:00,422
776438824X,U,OB,1,1,269,842193,68,14:00.0,4,0:00,422
7764388479,U,OB,1,1,500,841925,54,34:00.0,2,21:00,422
7764388479,U,OB,1,1,500,841925,54,34:00.0,2,21:00,422
7764388488,U,OB,1,3,2103,841925,56,54:00.0,2,20:00,422
7764388488,U,OB,1,3,2103,841925,56,54:00.0,2,20:00,422
7764388497,U,OB,1,2,1753,841925,37,21:00.0,2,21:00,422
7764388497,U,OB,1,2,1753,841925,37,21:00.0,2,21:00,422
7764388506,U,OB,1,2,1692,841925,73,01:00.0,2,21:00,422
7764388515,U,OB,1,1,500,558899,25,45:00.0,6,2:00,422
7764388515,U,OB,1,1,500,558899,25,45:00.0,6,2:00,422
7764388524,U,OB,1,1,773,558899,22,41:00.0,6,2:00,422
7764388533,U,OB,1,1,1053,558899,22,35:00.0,6,4:00,422
7764388542,U,OB,1,1,890,558899,22,48:00.0,6,4:00,422
7764388551,U,OB,1,1,1629,558899,81,07:00.0,6,3:00,422
7764388551,U,OB,1,1,1629,558899,22,02:00.0,6,3:00,422
7764388560,U,OB,1,1,665,558899,22,02:00.0,6,4:00,422
7764388589,U,OB,1,1,905,558899,25,40:00.0,6,2:00,422
7764388589,U,OB,1,1,905,558899,25,40:00.0,6,2:00,422
7764388598,U,OB,1,1,1485,558899,25,47:00.0,6,2:00,422
7764388598,U,OB,1,1,1485,558899,25,47:00.0,6,2:00,422
7764388607,U,OB,1,2,1550,558899,22,51:00.0,6,3:00,422
7764388616,U,OB,1,4,2271,558899,22,49:00.0,6,2:00,422
7764388625,U,OB,1,3,4175,558899,22,48:00.0,6,3:00,422
7764388634,U,OB,1,4,4852,558899,22,20:00.0,6,4:00,422
7764388643,U,OB,1,1,1943,506875,81,47:00.0,5,0:00,422
7764388643,U,OB,1,1,1943,506875,40,46:00.0,5,0:00,422
7764388652,U,OB,1,2,2426,506875,81,47:00.0,5,0:00,422
7764388652,U,OB,1,2,2426,506875,81,47:00.0,5,0:00,422
7764388661,U,CTY,1,1,2235,506875,N   ,06:00.0,5,21:00,422
776438868X,U,OB,1,2,1210,506875,68,03:00.0,5,0:00,422
776438868X,U,OB,1,2,1210,506875,68,03:00.0,5,0:00,422
7764388699,U,OB,1,1,848,506875,40,34:00.0,5,0:00,422
7764388699,U,IB,1,1,848,506875,119,49:00.0,5,0:00,422
7764388717,U,IB,1,1,355,506875,119,49:00.0,5,0:00,422
7764388717,U,OB,1,1,355,506875,40,45:00.0,5,0:00,422
7764388726,U,OB,1,1,225,506875,25,02:00.0,5,0:00,422
7764388726,U,OB,1,1,225,506875,25,02:00.0,5,0:00,422
7764388744,U,OB,1,1,549,506875,64,33:00.0,5,0:00,422
7764388744,U,OB,1,1,549,506875,64,33:00.0,5,0:00,422
7764388753,U,OB,1,2,2442,506875,40,34:00.0,5,0:00,422
776438901X,U,OB,1,3,1900,00SHOP,1,56:00.0,4,8:00,422
7764389029,U,OB,1,1,255,00SHOP,1,13:00.0,4,15:00,422
7764389038,U,OB,1,1,500,00DOCK,1,47:00.0,6,14:00,422
7764389047,U,OB,1,2,2890,00DOCK,36,53:00.0,3,9:00,422
7764389065,U,IB,1,1,2410,00SHOP,162,33:00.0,3,16:00,422
7764389074,U,IB,1,1,3000,00SHOP,150,37:00.0,6,21:00,422
7764389083,U,CTY,1,1,70,00SHOP,178,24:00.0,6,16:00,422
7764389092,U,OB,1,1,190,00SHOP,1,22:00.0,5,13:00,422
7764389101,U,OB,1,1,80,00SHOP,1,28:00.0,6,10:00,422
7764389110,U,OB,1,1,105,00SHOP,27,30:00.0,6,10:00,422
776438923X,U,CTY,1,1,100,00SHOP,170,35:00.0,3,16:00,422
7764389258,U,OB,1,1,2600,00DOCK,27,44:00.0,6,10:00,422
7764389514,U,OB,1,1,65,113979,58,16:00.0,3,22:00,422
7764389514,U,CTY,1,1,65,113979,O1  ,00:00.0,4,0:00,422
7764389532,U,OB,1,1,65,113979,58,53:00.0,3,21:00,422
7764389541,U,OB,1,1,65,113979,58,54:00.0,3,22:00,422
7764389550,U,OB,1,1,65,113979,58,17:00.0,3,22:00,422
7764389579,U,OB,1,1,65,113979,58,38:00.0,3,22:00,422
7764389588,U,OB,1,1,65,113979,58,32:00.0,3,22:00,422
7764389597,U,OB,1,1,65,113979,58,41:00.0,3,21:00,422
7764389615,U,OB,1,1,65,113979,58,56:00.0,3,22:00,422
7764389633,U,OB,1,1,65,903811,55,48:00.0,5,2:00,422
7764389651,U,OB,1,1,65,903811,55,43:00.0,5,0:00,422
776438967X,U,OB,1,1,65,903811,55,52:00.0,5,2:00,422
7764389707,U,OB,1,1,65,113979,58,35:00.0,3,21:00,422
7764389716,U,OB,1,1,65,113979,58,37:00.0,3,22:00,422
7764389725,U,OB,1,1,65,113979,58,44:00.0,3,22:00,422
7764389734,U,IB,1,1,65,113979,106,01:00.0,4,1:00,422
7764389752,U,OB,1,1,65,113979,58,50:00.0,3,22:00,422
7764389761,U,OB,1,1,65,903811,55,48:00.0,5,0:00,422
7764389770,U,OB,1,1,65,903811,55,50:00.0,5,2:00,422
776438978X,U,OB,1,1,65,903811,55,39:00.0,5,2:00,422
7764389799,U,OB,1,1,65,903811,55,26:00.0,5,0:00,422
7764389808,U,OB,1,1,65,903811,55,16:00.0,5,3:00,422
7764389817,U,OB,1,1,65,903811,55,09:00.0,5,0:00,422
7764389826,U,OB,1,1,65,903811,55,46:00.0,5,0:00,422
7764389853,U,OB,1,1,65,903811,55,06:00.0,5,0:00,422
7764389862,U,OB,1,1,65,903811,55,05:00.0,5,0:00,422
7764389880,U,OB,1,1,65,903811,55,22:00.0,5,0:00,422
776438989X,U,OB,1,1,65,903811,55,34:00.0,5,2:00,422
7764389909,U,OB,1,1,65,903811,55,01:00.0,5,1:00,422
7764389918,U,OB,1,1,65,903811,55,36:00.0,5,0:00,422
7764389936,U,OB,1,1,65,903811,55,02:00.0,5,0:00,422
7764389945,U,OB,1,1,65,903811,55,48:00.0,5,1:00,422
7764389954,U,OB,1,1,65,903811,55,36:00.0,5,2:00,422
7764389963,U,OB,1,1,65,903811,55,32:00.0,5,0:00,422
7764389972,U,OB,1,1,65,903811,55,42:00.0,5,2:00,422
7764389981,U,OB,1,1,65,903811,55,39:00.0,5,0:00,422
7764389990,U,OB,1,1,65,903811,55,29:00.0,5,0:00,422
776439000X,U,OB,1,1,65,903811,55,40:00.0,5,0:00,422
7764390019,U,CTY,1,9,1480,00DOCK,223,48:00.0,6,19:00,422
7764390028,U,IB,1,14,800,00DOCK,102,57:00.0,2,22:00,422
7764390037,U,OB,1,2,1081,00DOCK,1,53:00.0,4,20:00,422
7764390046,U,OB,1,1,520,00DROP,61,55:00.0,3,20:00,422
7764390266,U,OB,1,2,500,842029,39,37:00.0,3,18:00,422
7764390284,U,IB,1,1,175,00DOCK,156,53:00.0,2,15:00,422
7764390293,U,OB,1,1,482,842029,39,33:00.0,3,18:00,422
7764390320,U,OB,1,2,264,560856,48,06:00.0,5,20:00,422
7764390358,U,OB,1,2,400,842274,49,58:00.0,3,20:00,422
7764390367,U,OB,1,2,400,842274,49,39:00.0,3,20:00,422
7764390376,U,OB,1,2,468,842274,49,05:00.0,3,21:00,422
7764390385,U,OB,1,2,318,842274,49,28:00.0,3,20:00,422
7764390394,U,OB,1,8,2620,559026,46,39:00.0,4,21:00,422
7764390403,U,OB,1,2,347,430681,74,43:00.0,5,0:00,422
7764390578,U,OB,1,3,1637,558470,46,52:00.0,2,19:00,422
7764390587,U,OB,1,1,925,558470,46,19:00.0,2,19:00,422
7764390596,U,OB,1,1,449,558470,46,15:00.0,2,19:00,422
7764390605,U,OB,1,8,6240,558470,46,10:00.0,2,20:00,422
7764390623,U,OB,1,1,955,558470,46,37:00.0,2,19:00,422
7764390632,U,OB,1,1,239,558470,46,03:00.0,2,19:00,422
7764390632,U,CTY,1,1,239,558470,231,54:00.0,3,2:00,422
7764390641,U,OB,1,2,1354,842789,66,00:00.0,3,18:00,422
7764390650,U,OB,1,1,309,842789,66,12:00.0,3,18:00,422
776439066X,U,OB,1,3,1406,842789,66,22:00.0,3,18:00,422
7764390688,U,OB,1,1,557,842789,66,56:00.0,3,17:00,422
7764390697,U,OB,1,1,505,530751,51,46:00.0,4,20:00,422
7764390706,U,OB,1,1,405,530751,51,50:00.0,4,20:00,422
7764390715,U,OB,1,1,865,530751,51,55:00.0,4,20:00,422
7764390724,U,OB,1,5,3300,530751,51,30:00.0,4,22:00,422
7764390733,U,OB,1,2,1005,530751,51,12:00.0,4,22:00,422
7764390742,U,OB,1,1,1555,530751,51,44:00.0,4,21:00,422
7764390751,U,OB,1,1,179,560751,74,27:00.0,6,21:00,422
776439077X,U,OB,1,2,5355,530751,38,08:00.0,2,18:00,422
7764390789,U,OB,1,2,5400,530751,38,33:00.0,2,18:00,422
7764391512,U,OB,1,1,1475,506875,40,38:00.0,4,22:00,422
7764391512,U,OB,1,1,1475,506875,37,53:00.0,4,22:00,422
7764391521,U,OB,1,2,3302,506875,40,51:00.0,4,22:00,422
7764391521,U,OB,1,2,3302,506875,37,53:00.0,4,22:00,422
7764391530,U,OB,1,1,890,506875,40,28:00.0,4,22:00,422
776439154X,U,OB,1,1,235,506875,40,47:00.0,4,22:00,422
7764391568,U,OB,1,1,556,506875,40,27:00.0,4,22:00,422
7764391595,U,OB,1,1,941,506875,37,53:00.0,4,22:00,422
7764391595,U,OB,1,1,941,506875,40,35:00.0,4,22:00,422
7764391604,U,OB,1,1,405,506875,40,47:00.0,4,22:00,422
776439176X,U,OB,1,1,513,57017,65,38:00.0,4,3:00,422
7764391779,U,OB,1,6,5860,57017,65,28:00.0,4,4:00,422
7764391788,U,OB,1,1,1085,57017,65,43:00.0,4,3:00,422
7764391797,U,OB,1,1,945,57017,65,56:00.0,4,3:00,422
7764391806,U,OB,1,1,885,57017,65,54:00.0,4,3:00,422
7764391815,U,OB,1,1,353,57017,65,49:00.0,4,3:00,422
7764391824,U,OB,1,2,2207,57017,65,33:00.0,4,4:00,422
7764391833,U,OB,1,1,275,57017,65,00:00.0,4,4:00,422
7764391842,U,OB,1,1,556,57017,65,01:00.0,4,4:00,422
7764391851,U,OB,1,1,410,310232,78,57:00.0,3,17:00,422
7764391860,U,OB,1,1,493,310232,78,57:00.0,3,17:00,422
776439187X,U,OB,1,1,258,310232,78,54:00.0,3,17:00,422
7764391889,U,OB,1,1,425,310232,78,57:00.0,3,17:00,422
7764391898,U,OB,1,19,19425,57017,65,35:00.0,4,2:00,422
7764391907,U,OB,1,2,984,310232,78,50:00.0,3,17:00,422
7764391916,U,OB,1,1,1205,310232,78,45:00.0,3,17:00,422
7764391925,U,OB,1,3,3092,310232,78,57:00.0,3,17:00,422
7764391934,U,OB,1,1,345,310232,78,57:00.0,3,17:00,422
7764391943,U,OB,1,1,556,310232,78,53:00.0,3,17:00,422
7764391952,U,OB,1,1,437,310232,78,57:00.0,3,17:00,422
7764391961,U,OB,1,1,657,310232,78,48:00.0,3,17:00,422
7764391970,U,OB,1,1,264,310232,78,43:00.0,3,17:00,422
776439198X,U,OB,1,2,2570,310232,78,57:00.0,3,17:00,422
7764391999,U,OB,1,1,629,310232,78,58:00.0,3,17:00,422
7764392008,U,OB,1,1,1213,310232,78,57:00.0,3,17:00,422
7764392017,U,OB,1,3,5172,558981,40,16:00.0,6,21:00,422
7764392026,U,OB,1,1,321,558981,40,46:00.0,6,20:00,422
7764392035,U,OB,1,2,1890,558981,40,35:00.0,6,21:00,422
7764392053,U,OB,1,1,767,558981,40,21:00.0,6,21:00,422
7764392062,U,OB,1,2,1890,558981,40,12:00.0,6,22:00,422
7764392071,U,OB,1,2,1330,558981,40,08:00.0,6,21:00,422
776439209X,U,OB,1,1,437,558981,40,50:00.0,6,22:00,422
7764392109,U,OB,1,1,913,558981,40,52:00.0,6,22:00,422
7764392118,U,OB,1,1,2892,558981,40,03:00.0,7,0:00,422
7764392127,U,OB,1,1,225,558981,40,58:00.0,6,22:00,422
7764392145,U,OB,1,1,603,353244,39,39:00.0,5,18:00,422
7764392154,U,OB,1,1,337,353244,39,58:00.0,5,18:00,422
7764392163,U,OB,1,3,2919,353244,39,06:00.0,5,19:00,422
7764392172,U,OB,1,1,349,353244,39,56:00.0,5,18:00,422
7764392181,U,OB,1,1,994,353244,39,57:00.0,5,18:00,422
7764392190,U,OB,1,1,1449,353244,25,48:00.0,5,18:00,422
7764392190,U,OB,1,1,1449,353244,25,48:00.0,5,18:00,422
776439220X,U,OB,1,1,1970,353244,39,49:00.0,5,18:00,422
7764392228,U,OB,1,1,2135,530751,53,59:00.0,4,22:00,422
7764392246,U,OB,1,1,605,530751,30,25:00.0,5,0:00,422
7764392255,U,OB,1,2,1402,353244,39,58:00.0,5,18:00,422
7764392264,U,OB,1,1,1797,505671,89,56:00.0,6,17:00,422
7764392273,U,OB,1,1,2926,505671,89,53:00.0,6,17:00,422
7764392282,U,OB,1,1,537,505671,89,33:00.0,6,18:00,422
7764392291,U,OB,1,1,315,505671,89,29:00.0,6,18:00,422
7764392300,U,OB,1,1,1501,311058,60,21:00.0,2,21:00,422
776439231X,U,IB,1,1,386,505671,121,48:00.0,6,21:00,422
776439231X,U,OB,1,1,386,505671,89,28:00.0,6,18:00,422
7764392329,U,OB,1,1,463,505671,89,06:00.0,6,18:00,422
7764392338,U,OB,1,1,682,505671,89,30:00.0,6,18:00,422
7764392347,U,OB,1,1,1493,505671,89,24:00.0,6,18:00,422
7764392356,U,OB,1,1,915,505671,89,02:00.0,6,18:00,422
7764392365,U,OB,1,1,921,505671,89,47:00.0,6,18:00,422
7764392374,U,OB,1,2,1154,505671,89,09:00.0,6,18:00,422
7764392392,U,OB,1,1,775,505671,89,30:00.0,6,18:00,422
7764392401,U,OB,1,2,2960,505671,89,19:00.0,6,18:00,422
7764392410,U,OB,1,1,417,505671,89,03:00.0,6,18:00,422
776439242X,U,OB,1,8,9704,505671,89,22:00.0,6,18:00,422
7764392439,U,OB,1,1,685,509713,67,47:00.0,6,1:00,422
7764392448,U,OB,1,1,848,509713,67,46:00.0,6,1:00,422
7764392457,U,OB,1,1,337,509713,78,45:00.0,6,1:00,422
7764392457,U,OB,1,1,337,509713,78,45:00.0,6,1:00,422
7764392466,U,OB,1,1,264,509713,67,16:00.0,6,1:00,422
7764392475,U,OB,1,2,3930,97130,67,19:00.0,6,2:00,422
7764392484,U,OB,1,3,1807,509713,67,36:00.0,6,1:00,422
7764392493,U,OB,1,1,1870,509713,67,13:00.0,6,2:00,422
7764392502,U,OB,1,1,693,509713,67,10:00.0,6,3:00,422
7764392511,U,OB,1,1,65,559443,53,40:00.0,5,2:00,422
776439253X,U,OB,1,1,65,559443,53,44:00.0,5,2:00,422
7764392549,U,OB,1,1,65,559443,53,11:00.0,5,2:00,422
7764392558,U,OB,1,1,65,559443,41,27:00.0,5,2:00,422
7764392558,U,OB,1,1,65,559443,41,27:00.0,5,2:00,422
7764392567,U,OB,1,1,65,559443,53,26:00.0,5,0:00,422
7764392576,U,OB,1,1,65,559443,53,44:00.0,5,2:00,422
7764392585,U,OB,1,1,65,559443,53,57:00.0,5,1:00,422
7764392594,U,OB,1,1,65,559443,53,43:00.0,5,2:00,422
7764392603,U,OB,1,1,65,559443,53,36:00.0,5,2:00,422
7764392612,U,OB,1,1,65,559443,53,30:00.0,5,0:00,422
7764392621,U,OB,1,1,65,559443,53,35:00.0,5,2:00,422
7764392630,U,OB,1,1,65,559443,53,22:00.0,5,0:00,422
776439264X,U,OB,1,1,65,559443,53,29:00.0,5,2:00,422
7764392659,U,OB,1,1,65,559443,53,16:00.0,5,0:00,422
7764392668,U,OB,1,1,65,559443,53,20:00.0,5,2:00,422
7764392677,U,OB,1,1,65,559443,53,49:00.0,5,2:00,422
7764392686,U,OB,1,1,65,559443,53,15:00.0,5,0:00,422
7764392695,U,OB,1,1,65,559443,53,28:00.0,5,0:00,422
7764392704,U,OB,1,1,65,559443,53,23:00.0,5,2:00,422
7764392713,U,OB,1,1,65,559443,53,20:00.0,5,0:00,422
7764392722,U,OB,1,1,65,559443,53,51:00.0,5,1:00,422
7764392731,U,OB,1,1,65,559443,53,10:00.0,5,0:00,422
7764392740,U,OB,1,1,65,559443,53,25:00.0,5,2:00,422
7764392769,U,OB,1,1,65,559443,53,39:00.0,5,2:00,422
7764392778,U,OB,1,1,65,559443,53,01:00.0,5,0:00,422
7764392796,U,OB,1,1,65,559443,53,02:00.0,5,0:00,422
7764392805,U,OB,1,1,65,559443,53,13:00.0,5,0:00,422
7764392814,U,OB,1,1,65,559443,53,07:00.0,5,0:00,422
7764392823,U,OB,1,1,65,559443,53,04:00.0,5,0:00,422
7764392832,U,OB,1,1,65,559443,53,10:00.0,5,0:00,422
7764392841,U,OB,1,1,65,559443,53,18:00.0,5,0:00,422
7764392850,U,OB,1,1,65,559443,53,59:00.0,5,2:00,422
776439286X,U,OB,1,1,65,841940,43,22:00.0,6,0:00,422
7764392879,U,OB,1,1,65,841940,43,09:00.0,6,0:00,422
7764392888,U,OB,1,1,65,841940,43,55:00.0,6,1:00,422
7764392897,U,OB,1,1,65,841940,43,17:00.0,6,0:00,422
7764392906,U,OB,1,1,65,841940,43,06:00.0,6,0:00,422
7764392915,U,OB,1,1,65,841940,43,52:00.0,6,2:00,422
7764392924,U,OB,1,1,65,841940,43,11:00.0,6,2:00,422
7764392933,U,OB,1,1,65,841940,43,52:00.0,6,1:00,422
7764392942,U,OB,1,1,65,841940,43,03:00.0,6,0:00,422
7764392951,U,OB,1,1,65,841940,43,09:00.0,6,2:00,422
7764392960,U,OB,1,1,65,841940,43,12:00.0,6,0:00,422
776439297X,U,OB,1,1,65,841940,43,50:00.0,6,2:00,422
7764392989,U,OB,1,1,65,841940,43,58:00.0,6,1:00,422
7764392998,U,OB,1,1,65,841940,43,15:00.0,6,2:00,422
7764393007,U,OB,1,1,65,841940,43,42:00.0,6,2:00,422
7764393016,U,OB,1,1,65,841940,43,46:00.0,6,1:00,422
7764393025,U,OB,1,1,65,841940,43,47:00.0,6,0:00,422
7764393034,U,OB,1,1,65,841940,43,51:00.0,6,2:00,422
7764393043,U,OB,1,1,65,841940,43,46:00.0,6,2:00,422
7764393061,U,OB,1,1,65,841940,43,21:00.0,6,0:00,422
7764393070,U,OB,1,1,65,841940,43,44:00.0,6,1:00,422
776439308X,U,OB,1,1,65,841940,43,47:00.0,6,1:00,422
7764393099,U,OB,1,1,65,841940,43,15:00.0,6,0:00,422
7764393108,U,OB,1,1,65,841940,43,07:00.0,6,0:00,422
7764393117,U,OB,1,1,65,841940,43,45:00.0,6,0:00,422
7764393126,U,OB,1,1,65,841940,34,19:00.0,6,0:00,422
7764393126,U,OB,1,1,65,841940,34,19:00.0,6,0:00,422
7764393135,U,OB,1,1,65,841940,43,48:00.0,6,1:00,422
7764393144,U,OB,1,1,65,841940,43,40:00.0,6,2:00,422
7764393153,U,OB,1,1,65,841940,43,48:00.0,6,2:00,422
7764393162,U,OB,1,1,65,841940,43,43:00.0,6,2:00,422
7764393171,U,OB,1,1,65,841940,43,04:00.0,6,2:00,422
7764393180,U,OB,1,1,65,841940,43,57:00.0,6,2:00,422
776439319X,U,OB,1,1,65,504612,51,14:00.0,6,23:00,422
7764393218,U,OB,1,1,65,504612,51,37:00.0,6,21:00,422
7764393227,U,OB,1,1,65,504612,51,13:00.0,6,22:00,422
7764393768,U,OB,1,1,65,430909,67,19:00.0,3,22:00,422
7764393777,U,OB,1,1,65,430909,35,17:00.0,4,0:00,422
7764393777,U,OB,1,1,65,430909,67,16:00.0,4,0:00,422
7764393786,U,OB,1,1,65,430909,67,05:00.0,4,0:00,422
7764393795,U,OB,1,1,65,430909,67,04:00.0,4,0:00,422
7764393813,U,OB,1,1,65,430909,67,26:00.0,4,0:00,422
7764393822,U,OB,1,1,65,430909,67,18:00.0,3,22:00,422
7764393831,U,OB,1,1,65,430909,67,33:00.0,3,21:00,422
776439385X,U,OB,1,1,65,430909,67,19:00.0,3,23:00,422
7764393878,U,OB,1,1,65,430909,67,21:00.0,3,22:00,422
7764393896,U,OB,1,1,65,430909,67,24:00.0,3,22:00,422
7764393905,U,OB,1,1,65,430909,67,11:00.0,4,1:00,422
7764393923,U,OB,1,1,65,430909,67,01:00.0,4,0:00,422
7764393932,U,OB,1,1,65,430909,67,25:00.0,3,21:00,422
7764393941,U,OB,1,1,65,430909,67,13:00.0,4,1:00,422
7764393950,U,OB,1,1,65,430909,67,09:00.0,4,0:00,422
776439396X,U,OB,1,1,65,430909,67,14:00.0,4,0:00,422
7764393988,U,OB,1,1,65,430909,67,27:00.0,3,21:00,422
7764393997,U,OB,1,1,65,559443,53,25:00.0,5,0:00,422
7764394015,U,OB,1,1,65,843351,6,52:00.0,7,0:00,422
7764394024,U,OB,1,1,65,843351,6,37:00.0,7,0:00,422
7764394033,U,OB,1,1,125,843351,6,53:00.0,7,3:00,422
7764394060,U,OB,1,1,65,843351,6,18:00.0,7,1:00,422
776439407X,U,OB,1,1,65,843351,6,45:00.0,7,0:00,422
7764394089,U,OB,1,1,65,843351,6,20:00.0,7,2:00,422
7764394098,U,OB,1,1,65,843351,6,08:00.0,7,2:00,422
7764394107,U,OB,1,1,65,843351,6,55:00.0,7,1:00,422
7764394116,U,OB,1,1,65,843351,6,30:00.0,7,1:00,422
7764394125,U,OB,1,1,65,843351,6,10:00.0,7,2:00,422
7764394134,U,OB,1,1,65,843351,6,59:00.0,7,3:00,422
7764394143,U,OB,1,1,65,430632,63,57:00.0,2,20:00,422
7764394152,U,OB,1,1,65,430632,63,30:00.0,2,20:00,422
7764394161,U,OB,1,1,65,430632,63,12:00.0,2,22:00,422
7764394170,U,OB,1,1,65,430632,63,24:00.0,2,22:00,422
776439418X,U,OB,1,1,65,430632,63,25:00.0,2,22:00,422
7764394199,U,OB,1,1,65,430632,63,36:00.0,2,20:00,422
7764394217,U,OB,1,1,65,430909,67,02:00.0,4,0:00,422
7764394244,U,OB,1,1,65,430909,67,33:00.0,3,21:00,422
7764394262,U,OB,1,1,65,430632,63,18:00.0,2,20:00,422
7764394271,U,OB,1,1,65,430632,63,20:00.0,2,20:00,422
7764394280,U,OB,1,1,65,430632,63,56:00.0,2,21:00,422
776439429X,U,OB,1,1,65,430632,63,06:00.0,2,21:00,422
7764394309,U,OB,1,1,65,430632,63,04:00.0,2,21:00,422
7764394318,U,OB,1,1,65,430632,63,22:00.0,2,20:00,422
7764394327,U,OB,1,1,65,430632,63,19:00.0,2,22:00,422
7764394336,U,OB,1,1,65,430632,63,44:00.0,2,21:00,422
7764394345,U,OB,1,1,65,430632,63,44:00.0,2,21:00,422
7764394363,U,OB,1,1,65,430632,63,36:00.0,2,20:00,422
7764394372,U,OB,1,1,65,430632,63,21:00.0,2,22:00,422
7764394381,U,OB,1,1,65,430632,63,50:00.0,2,21:00,422
7764394390,U,OB,1,1,65,430632,63,45:00.0,2,20:00,422
776439440X,U,OB,1,1,65,430632,63,18:00.0,2,20:00,422
7764394419,U,OB,1,1,65,430632,63,07:00.0,2,22:00,422
7764394428,U,OB,1,1,65,430632,63,52:00.0,2,20:00,422
7764394437,U,OB,1,1,65,430632,63,16:00.0,2,22:00,422
7764394446,U,OB,1,1,65,430632,63,53:00.0,2,20:00,422
7764394455,U,OB,1,1,65,430632,63,50:00.0,2,21:00,422
7764394464,U,OB,1,1,65,430632,63,10:00.0,2,22:00,422
7764394473,U,OB,1,1,65,430632,63,25:00.0,2,20:00,422
7764394482,U,OB,1,1,65,430632,63,53:00.0,2,21:00,422
7764394491,U,OB,1,1,65,430632,63,45:00.0,2,20:00,422
7764394500,U,OB,1,1,65,430632,63,35:00.0,2,20:00,422
7764394500,U,OB,1,1,65,430632,47,36:00.0,2,20:00,422
776439451X,U,OB,1,1,65,507989,74,47:00.0,4,22:00,422
7764394529,U,OB,1,1,65,507989,74,34:00.0,4,22:00,422
7764394538,U,OB,1,1,65,430204,53,15:00.0,5,22:00,422
7764394547,U,OB,1,1,65,430204,53,27:00.0,5,22:00,422
7764394556,U,OB,1,1,65,430204,53,56:00.0,5,22:00,422
7764394565,U,OB,1,1,65,430204,53,46:00.0,5,21:00,422
7764394583,U,OB,1,1,65,430204,53,39:00.0,5,22:00,422
7764394592,U,OB,1,1,65,430204,53,22:00.0,5,22:00,422
7764394601,U,OB,1,1,65,430204,53,33:00.0,5,22:00,422
7764394610,U,OB,1,1,65,430204,53,50:00.0,5,22:00,422
776439462X,U,OB,1,1,65,430204,53,19:00.0,5,22:00,422
7764394639,U,OB,1,1,65,430204,53,44:00.0,5,21:00,422
7764394648,U,OB,1,1,65,430204,53,42:00.0,5,22:00,422
7764394666,U,OB,1,1,65,430204,53,59:00.0,5,21:00,422
7764394675,U,OB,1,1,65,430204,53,14:00.0,5,21:00,422
7764394684,U,OB,1,1,65,430204,53,04:00.0,5,21:00,422
7764394693,U,OB,1,1,65,430204,53,45:00.0,5,20:00,422
7764394702,U,OB,1,1,65,430204,53,34:00.0,5,21:00,422
7764394711,U,OB,1,1,65,430204,53,57:00.0,5,20:00,422
7764394720,U,OB,1,1,65,430204,53,40:00.0,5,21:00,422
776439473X,U,OB,1,1,65,430204,53,30:00.0,5,22:00,422
7764394749,U,OB,1,1,65,430204,53,49:00.0,5,21:00,422
7764394758,U,OB,1,1,65,430204,53,54:00.0,5,20:00,422
7764394767,U,OB,1,1,65,430204,53,20:00.0,5,21:00,422
7764394776,U,OB,1,1,65,430204,53,08:00.0,5,21:00,422
7764394785,U,OB,1,1,65,430204,53,47:00.0,5,20:00,422
7764394794,U,OB,1,1,65,430204,53,55:00.0,5,21:00,422
7764394803,U,OB,1,1,65,430204,53,36:00.0,5,22:00,422
7764394812,U,OB,1,1,65,430204,53,00:00.0,5,21:00,422
7764394821,U,OB,1,1,65,430204,53,26:00.0,5,21:00,422
7764394830,U,OB,1,1,65,430204,53,17:00.0,5,21:00,422
776439484X,U,OB,1,1,65,430204,53,30:00.0,5,20:00,422
7764394859,U,OB,1,1,65,430204,53,28:00.0,5,20:00,422
7764394868,U,OB,1,1,65,430204,53,38:00.0,5,20:00,422
7764394877,U,OB,1,1,65,430204,53,52:00.0,5,21:00,422
7764394886,U,OB,1,1,65,843351,6,43:00.0,7,3:00,422
7764394895,U,OB,1,1,65,843351,6,09:00.0,7,1:00,422
7764394904,U,OB,1,1,65,843351,6,38:00.0,7,3:00,422
7764394913,U,OB,1,1,65,843351,6,35:00.0,7,0:00,422
7764394922,U,OB,1,1,65,843351,6,16:00.0,7,1:00,422
7764394931,U,OB,1,1,65,843351,6,20:00.0,7,0:00,422
776439495X,U,OB,1,1,65,843351,6,35:00.0,7,3:00,422
7764394969,U,OB,1,1,65,843351,6,22:00.0,7,3:00,422
7764394987,U,OB,1,1,65,843351,6,39:00.0,7,0:00,422
7764394996,U,OB,1,1,65,843351,6,42:00.0,7,0:00,422
7764395766,U,OB,1,1,125,559536,26,44:00.0,7,1:00,422
7764395775,U,OB,1,1,100,559536,26,00:00.0,7,1:00,422
7764396013,U,OB,1,1,65,120863,72,18:00.0,6,2:00,422
7764396022,U,OB,1,1,65,120863,72,50:00.0,6,1:00,422
7764396040,U,OB,1,1,65,120863,72,32:00.0,6,3:00,422
776439605X,U,OB,1,1,65,120863,72,32:00.0,6,0:00,422
7764396069,U,OB,1,1,65,120863,72,56:00.0,6,0:00,422
7764396078,U,OB,1,1,65,120863,72,48:00.0,6,1:00,422
7764396087,U,OB,1,1,65,120863,72,53:00.0,6,0:00,422
7764396096,U,OB,1,1,65,120863,72,25:00.0,6,2:00,422
7764396141,U,OB,1,1,65,120863,72,39:00.0,6,2:00,422
7764396150,U,OB,1,1,65,120863,72,23:00.0,6,0:00,422
776439616X,U,OB,1,1,65,120863,72,20:00.0,6,2:00,422
7764396179,U,OB,1,1,65,120863,72,31:00.0,6,0:00,422
7764396179,U,CTY,1,1,65,120863,N   ,30:00.0,6,9:00,422
7764396206,U,OB,1,1,65,120863,72,22:00.0,6,2:00,422
7764396206,U,OB,1,1,65,120863,36,22:00.0,6,14:00,422
7764396215,U,OB,1,1,65,120863,72,26:00.0,6,3:00,422
7764396224,U,OB,1,1,65,120863,72,50:00.0,6,0:00,422
7764396233,U,OB,1,1,65,120863,72,56:00.0,6,1:00,422
7764396242,U,OB,1,1,65,120863,27,30:00.0,6,2:00,422
7764396242,U,OB,1,1,65,120863,27,30:00.0,6,2:00,422
776439627X,U,OB,1,1,65,120863,72,30:00.0,6,3:00,422
7764396289,U,OB,1,1,65,120863,72,35:00.0,6,2:00,422
7764396289,U,CTY,1,1,65,120863,O17 ,51:00.0,6,7:00,422
7764396298,U,OB,1,1,65,120863,72,26:00.0,6,2:00,422
7764396316,U,OB,1,1,65,559350,49,24:00.0,7,4:00,422
7764396325,U,OB,1,1,65,559350,49,34:00.0,7,1:00,422
7764396343,U,OB,1,1,65,559350,49,52:00.0,7,1:00,422
7764396352,U,OB,1,1,65,559350,49,00:00.0,7,0:00,422
7764396361,U,OB,1,1,65,559350,49,57:00.0,7,1:00,422
7764396370,U,OB,1,1,65,559350,49,54:00.0,7,3:00,422
776439638X,U,OB,1,1,65,559350,49,02:00.0,7,4:00,422
7764396399,U,OB,1,1,65,559350,49,22:00.0,7,2:00,422
7764396408,U,CTY,1,1,65,559350,N20 ,35:00.0,7,1:00,422
7764396417,U,OB,1,1,65,559350,49,13:00.0,7,2:00,422
7764396435,U,OB,1,1,65,559350,49,34:00.0,7,1:00,422
7764396444,U,OB,1,1,65,559350,49,15:00.0,7,1:00,422
7764396462,U,OB,1,1,65,559350,49,17:00.0,7,3:00,422
7764396471,U,OB,1,1,65,559350,49,35:00.0,7,3:00,422
7764396509,U,OB,1,1,65,559350,49,21:00.0,7,2:00,422
7764396518,U,OB,1,1,65,559350,49,12:00.0,7,0:00,422
7764396527,U,OB,1,1,65,559350,49,52:00.0,7,1:00,422
7764396536,U,OB,1,1,65,559350,49,56:00.0,7,0:00,422
7764396545,U,OB,1,1,65,559350,49,52:00.0,7,1:00,422
7764396554,U,OB,1,1,65,559350,49,10:00.0,7,4:00,422
7764396572,U,OB,1,1,65,559350,49,00:00.0,7,0:00,422
7764396581,U,OB,1,1,65,559350,49,07:00.0,7,1:00,422
7764396590,U,OB,1,1,65,559350,66,58:00.0,7,9:00,422
7764396590,U,OB,1,1,65,559350,49,19:00.0,7,0:00,422
776439660X,U,OB,1,1,65,559350,49,05:00.0,7,2:00,422
7764396619,U,OB,1,1,65,559350,49,00:00.0,7,0:00,422
7764396637,U,OB,1,1,65,559350,49,28:00.0,7,4:00,422
7764396646,U,OB,1,1,65,10422,51,52:00.0,3,0:00,422
7764396655,U,OB,1,1,65,10422,51,20:00.0,3,1:00,422
7764396664,U,OB,1,1,65,10422,51,46:00.0,3,1:00,422
7764396673,U,OB,1,1,65,10422,51,12:00.0,3,1:00,422
7764396682,U,OB,1,1,65,10422,51,07:00.0,3,1:00,422
7764396691,U,OB,1,1,65,10422,51,27:00.0,3,1:00,422
7764396729,U,OB,1,1,65,507989,74,23:00.0,4,22:00,422
7764396738,U,OB,1,1,65,507989,74,43:00.0,4,22:00,422
7764396747,U,OB,1,1,65,507989,74,49:00.0,4,21:00,422
7764396756,U,OB,1,1,65,507989,74,21:00.0,4,22:00,422
7764396765,U,OB,1,1,65,10422,27,19:00.0,3,4:00,422
7764396765,U,OB,1,1,65,10422,51,03:00.0,3,1:00,422
7764396774,U,OB,1,1,65,10422,51,45:00.0,3,1:00,422
7764396783,U,OB,1,1,65,10422,51,17:00.0,3,1:00,422
7764396792,U,OB,1,1,65,10422,51,44:00.0,3,1:00,422
7764396801,U,OB,1,1,65,R422010422,51,39:00.0,3,1:00,422
7764396810,U,OB,1,1,65,10422,51,54:00.0,3,0:00,422
7764396848,U,OB,1,1,65,10422,51,43:00.0,3,0:00,422
7764396857,U,OB,1,1,65,10422,51,45:00.0,3,0:00,422
7764396866,U,OB,1,1,65,10422,51,49:00.0,3,0:00,422
7764396884,U,OB,1,1,65,10422,51,21:00.0,3,1:00,422
7764396893,U,OB,1,1,65,10422,51,48:00.0,3,0:00,422
7764396902,U,OB,1,1,65,10422,51,25:00.0,3,1:00,422
7764396911,U,OB,1,1,65,10422,51,28:00.0,3,1:00,422
776439693X,U,OB,1,1,65,10422,51,30:00.0,3,1:00,422
7764396958,U,OB,1,1,65,10422,27,19:00.0,3,4:00,422
7764396958,U,OB,1,1,65,10422,51,40:00.0,3,1:00,422
7764396967,U,OB,1,1,65,10422,51,09:00.0,3,1:00,422
7764396976,U,OB,1,1,65,10422,51,36:00.0,3,1:00,422
7764396976,U,CTY,1,1,65,10422,199,11:00.0,3,2:00,422
7764396994,U,OB,1,1,65,10422,51,41:00.0,3,1:00,422
7764397003,U,OB,1,1,65,10422,51,02:00.0,3,1:00,422
7764397012,U,OB,1,1,65,310753,53,39:00.0,3,21:00,422
7764397030,U,OB,1,1,65,310753,53,03:00.0,3,22:00,422
776439704X,U,OB,1,1,65,310753,53,39:00.0,3,22:00,422
7764397059,U,OB,1,1,65,310753,53,49:00.0,3,22:00,422
7764397068,U,OB,1,1,65,507989,74,44:00.0,4,21:00,422
7764397077,U,OB,1,1,65,507989,74,36:00.0,4,21:00,422
7764397095,U,OB,1,1,65,507989,74,47:00.0,4,21:00,422
7764397104,U,OB,1,1,65,507989,74,02:00.0,4,23:00,422
7764397113,U,OB,1,1,65,507989,74,41:00.0,4,22:00,422
7764397122,U,OB,1,1,65,507989,74,32:00.0,4,21:00,422
7764397131,U,OB,1,1,65,507989,74,45:00.0,4,22:00,422
776439715X,U,OB,1,1,65,507989,74,37:00.0,4,21:00,422
7764397169,U,OB,1,1,65,507989,74,30:00.0,4,21:00,422
7764397178,U,OB,1,1,65,507989,74,39:00.0,4,22:00,422
7764397187,U,OB,1,1,65,507989,74,28:00.0,4,22:00,422
7764397196,U,OB,1,1,65,507989,74,30:00.0,4,22:00,422
7764397214,U,OB,1,1,65,507989,74,57:00.0,4,22:00,422
7764397223,U,OB,1,1,65,507989,74,33:00.0,4,22:00,422
7764397232,U,OB,1,1,65,507989,74,04:00.0,5,0:00,422
7764397241,U,OB,1,1,65,507989,74,10:00.0,4,21:00,422
7764397250,U,OB,1,1,65,507989,74,26:00.0,4,22:00,422
776439726X,U,OB,1,1,65,310753,53,20:00.0,3,22:00,422
7764397288,U,OB,1,1,65,310753,53,14:00.0,3,22:00,422
7764397297,U,OB,1,1,65,310753,53,12:00.0,3,22:00,422
7764397306,U,OB,1,1,65,310753,53,47:00.0,3,22:00,422
7764397315,U,OB,1,1,65,310753,53,42:00.0,3,21:00,422
7764397324,U,OB,1,1,65,310753,53,05:00.0,3,22:00,422
7764397333,U,OB,1,1,65,310753,53,02:00.0,3,22:00,422
7764397351,U,OB,1,1,65,310753,53,45:00.0,3,21:00,422
7764397360,U,OB,1,1,65,310753,53,02:00.0,3,23:00,422
776439737X,U,OB,1,1,65,310753,53,25:00.0,3,22:00,422
7764397389,U,OB,1,1,65,310753,53,29:00.0,3,22:00,422
7764397398,U,OB,1,1,65,310753,53,47:00.0,3,21:00,422
7764397407,U,OB,1,1,65,310753,53,17:00.0,3,22:00,422
7764397416,U,OB,1,1,65,310753,53,45:00.0,3,22:00,422
7764397416,U,OB,1,1,65,310753,54,12:00.0,4,1:00,422
7764397425,U,OB,1,1,65,310753,53,32:00.0,3,22:00,422
7764397434,U,OB,1,1,65,310753,53,15:00.0,3,23:00,422
7764397452,U,OB,1,1,65,310753,53,27:00.0,3,22:00,422
7764397461,U,OB,1,1,65,310753,53,56:00.0,3,21:00,422
7764397470,U,OB,1,1,65,310753,53,43:00.0,3,22:00,422
776439748X,U,OB,1,1,65,310753,53,59:00.0,3,22:00,422
7764397508,U,OB,1,1,65,310753,53,56:00.0,3,22:00,422
7764398269,U,OB,1,1,253,560486,67,25:00.0,5,20:00,422
7764398278,U,OB,1,1,311,560486,67,29:00.0,5,20:00,422
7764400276,U,OB,1,2,1345,10304,55,33:00.0,3,2:00,422
7764400285,U,OB,1,1,277,10304,55,57:00.0,3,1:00,422
7764400294,U,OB,1,1,216,10304,81,15:00.0,3,2:00,422
7764400294,U,OB,1,1,216,10304,55,59:00.0,3,1:00,422
7764400303,U,OB,1,7,7415,10304,55,50:00.0,3,2:00,422
7764400312,U,OB,1,1,1411,505671,53,12:00.0,4,1:00,422
7764400321,U,OB,1,2,391,505671,53,28:00.0,4,1:00,422
7764400330,U,OB,1,2,1134,505671,53,09:00.0,4,1:00,422
776440034X,U,OB,1,1,187,505671,53,05:00.0,4,1:00,422
7764400359,U,OB,1,1,190,505671,53,02:00.0,4,1:00,422
7764400368,U,OB,1,1,717,505671,9,17:00.0,4,10:00,422
7764400368,U,OB,1,1,717,505671,53,09:00.0,4,1:00,422
7764400377,U,OB,1,1,167,505671,53,00:00.0,4,1:00,422
7764400386,U,OB,1,1,626,505671,53,02:00.0,4,1:00,422
7764400395,U,OB,1,1,254,505671,53,00:00.0,4,1:00,422
7764400404,U,OB,1,1,210,505671,53,02:00.0,4,0:00,422
7764400413,U,OB,1,1,462,505671,53,04:00.0,4,1:00,422
7764400431,U,OB,1,1,401,505671,53,06:00.0,4,1:00,422
7764400440,U,OB,1,1,125,505671,53,10:00.0,4,0:00,422
7764400469,U,OB,1,1,214,505671,53,58:00.0,4,0:00,422
7764400478,U,OB,1,1,675,505671,53,13:00.0,4,0:00,422
7764400487,U,OB,1,1,209,505671,53,55:00.0,4,0:00,422
7764400496,U,OB,1,1,693,505671,53,24:00.0,4,0:00,422
7764400505,U,OB,1,1,141,505671,53,07:00.0,4,0:00,422
7764400514,U,OB,1,1,355,10304,55,56:00.0,3,1:00,422
7764400523,U,OB,1,1,342,10304,55,55:00.0,3,1:00,422
7764400523,U,OB,1,1,342,10304,56,56:00.0,3,1:00,422
7764400532,U,OB,1,1,190,10304,81,15:00.0,3,2:00,422
7764400532,U,OB,1,1,190,10304,55,58:00.0,3,1:00,422
7764400541,U,OB,1,1,175,10304,55,05:00.0,3,1:00,422
7764400550,U,OB,1,1,131,10304,55,52:00.0,3,0:00,422
776440056X,U,OB,1,1,410,10304,55,53:00.0,3,1:00,422
7764400579,U,OB,1,2,655,10304,55,53:00.0,3,0:00,422
7764400597,U,OB,1,2,1219,10304,55,51:00.0,3,0:00,422
7764400597,U,OB,1,2,1219,10304,36,56:00.0,3,0:00,422
7764400606,U,OB,1,1,510,10304,55,32:00.0,3,0:00,422
7764400606,U,OB,1,1,510,10304,33,50:00.0,3,2:00,422
7764400615,U,OB,1,2,1210,10304,54,19:00.0,3,0:00,422
7764400615,U,OB,1,2,1210,10304,55,18:00.0,3,0:00,422
7764400624,U,IB,1,1,227,10304,145,08:00.0,6,11:00,422
7764400624,U,OB,1,1,227,10304,55,15:00.0,3,0:00,422
7764400633,U,OB,1,1,356,10304,55,48:00.0,3,0:00,422
7764400642,U,OB,1,1,215,10304,55,08:00.0,3,0:00,422
7764400651,U,OB,1,1,160,10304,56,08:00.0,3,0:00,422
7764400651,U,OB,1,1,160,10304,55,07:00.0,3,0:00,422
7764400660,U,OB,1,1,227,10304,55,14:00.0,3,0:00,422
776440067X,U,OB,1,1,157,10304,55,18:00.0,3,0:00,422
7764400689,U,OB,1,1,813,10304,55,05:00.0,3,0:00,422
7764400698,U,OB,1,4,48,10304,55,48:00.0,3,0:00,422
7764400707,U,OB,1,1,2778,505671,53,53:00.0,4,0:00,422
7764400716,U,OB,1,1,295,10408,46,09:00.0,5,1:00,422
7764400725,U,OB,1,1,178,10408,46,03:00.0,5,1:00,422
7764400734,U,OB,1,1,200,10408,46,03:00.0,5,1:00,422
7764400743,U,OB,1,1,522,10408,46,59:00.0,5,0:00,422
7764400752,U,OB,1,1,572,10408,85,46:00.0,5,2:00,422
7764400752,U,OB,1,1,572,10408,46,09:00.0,5,1:00,422
7764400918,U,OB,1,2,594,559026,67,25:00.0,6,20:00,422
7764400927,U,OB,1,3,2790,559026,67,09:00.0,6,21:00,422
7764400963,U,OB,1,4,1075,830887,38,56:00.0,4,20:00,422
7764400972,U,OB,1,6,7125,830967,50,31:00.0,3,21:00,422
7764400981,U,OB,1,6,13150,830967,50,07:00.0,3,22:00,422
7764400990,U,OB,1,4,12440,830967,50,15:00.0,3,22:00,422
7764401019,U,OB,1,5,890,505671,53,40:00.0,4,0:00,422
7764401028,U,OB,1,1,353,505671,53,45:00.0,4,0:00,422
7764401028,U,OB,1,1,353,505671,81,55:00.0,4,7:00,422
7764401046,U,OB,1,2,818,505671,53,58:00.0,4,0:00,422
7764401055,U,OB,1,1,301,505671,53,13:00.0,4,0:00,422
7764401064,U,OB,1,1,441,505671,53,51:00.0,4,0:00,422
7764401073,U,OB,1,1,393,505671,53,36:00.0,4,0:00,422
7764401082,U,OB,1,1,440,505671,53,42:00.0,4,0:00,422
7764401091,U,OB,1,1,306,505671,53,16:00.0,4,0:00,422
7764401100,U,OB,1,1,165,505671,53,48:00.0,4,0:00,422
776440111X,U,OB,1,1,156,505671,53,50:00.0,4,0:00,422
776440111X,U,OB,1,1,156,505671,81,54:00.0,4,7:00,422
7764401129,U,OB,1,1,71,505671,53,06:00.0,4,0:00,422
7764401156,U,OB,1,1,184,10408,46,39:00.0,5,0:00,422
7764401165,U,OB,1,1,325,10408,46,09:00.0,5,0:00,422
7764401174,U,OB,1,1,560,10408,46,37:00.0,5,0:00,422
7764401183,U,OB,1,2,1125,10408,46,00:00.0,5,1:00,422
7764401192,U,OB,1,1,326,10408,46,41:00.0,5,0:00,422
7764401201,U,OB,1,1,1370,10408,46,34:00.0,5,0:00,422
7764401210,U,OB,1,8,12547,10408,46,06:00.0,5,0:00,422
776440122X,U,OB,1,3,75,10408,46,27:00.0,5,0:00,422
7764401266,U,OB,1,7,140,10408,46,17:00.0,5,1:00,422
7764401275,U,OB,1,1,243,10408,46,44:00.0,5,0:00,422
7764401284,U,OB,1,1,3434,10408,46,56:00.0,5,0:00,422
7764401293,U,OB,1,1,561,10408,46,53:00.0,5,0:00,422
7764401302,U,OB,1,1,731,10408,46,50:00.0,5,0:00,422
7764401311,U,OB,1,1,535,10408,46,47:00.0,5,0:00,422
7764401320,U,OB,1,1,317,10408,46,59:00.0,5,0:00,422
776440133X,U,OB,1,1,312,559375,76,23:00.0,6,9:00,422
7764401349,U,OB,1,1,858,559375,76,59:00.0,6,8:00,422
7764401367,U,OB,1,1,212,559375,76,57:00.0,6,8:00,422
7764401376,U,OB,1,1,396,559375,76,33:00.0,6,9:00,422
7764401385,U,OB,1,1,2324,559375,76,46:00.0,6,8:00,422
7764401394,U,OB,1,1,325,10422,69,37:00.0,7,3:00,422
7764401403,U,OB,1,1,240,10422,69,33:00.0,7,3:00,422
7764401412,U,OB,1,2,1020,10422,69,35:00.0,7,3:00,422
7764401421,U,OB,1,2,2001,10422,69,37:00.0,7,2:00,422
7764401430,U,OB,1,1,572,10422,69,20:00.0,7,3:00,422
776440144X,U,OB,1,1,1018,10422,69,50:00.0,7,2:00,422
7764401459,U,OB,1,1,189,10422,69,16:00.0,7,2:00,422
7764401468,U,OB,1,2,806,10422,69,24:00.0,7,2:00,422
7764401477,U,OB,1,1,1587,10422,69,13:00.0,7,2:00,422
7764401486,U,OB,1,1,251,10422,69,10:00.0,7,2:00,422
7764401495,U,OB,1,1,313,10422,69,05:00.0,7,2:00,422
7764401504,U,OB,1,1,307,10422,69,06:00.0,7,2:00,422
7764401522,U,OB,1,1,191,559375,76,27:00.0,6,9:00,422
7764401531,U,OB,1,1,2047,559375,76,44:00.0,6,9:00,422
7764401540,U,OB,1,1,228,559375,76,31:00.0,6,8:00,422
776440155X,U,OB,1,1,173,559375,76,39:00.0,6,9:00,422
7764401569,U,OB,1,1,103,559375,76,46:00.0,6,10:00,422
7764401578,U,OB,1,1,1025,559375,76,21:00.0,6,9:00,422
7764401587,U,OB,1,1,195,559375,76,28:00.0,6,10:00,422
7764401596,U,OB,1,1,151,559375,76,30:00.0,6,7:00,422
7764401605,U,OB,1,1,345,559375,76,50:00.0,6,7:00,422
7764401614,U,OB,1,1,808,559375,76,22:00.0,6,7:00,422
7764401623,U,OB,1,1,199,559375,76,58:00.0,6,6:00,422
7764401632,U,OB,1,1,221,559375,76,44:00.0,6,7:00,422
7764401641,U,OB,1,1,306,559375,76,37:00.0,6,7:00,422
7764401650,U,OB,1,1,305,559375,76,45:00.0,6,6:00,422
7764401650,U,OB,1,1,305,559375,57,52:00.0,6,12:00,422
776440166X,U,OB,1,2,1485,559375,76,25:00.0,6,6:00,422
7764401679,U,OB,1,1,844,559375,76,02:00.0,6,8:00,422
7764401688,U,OB,1,1,621,559375,76,37:00.0,6,8:00,422
7764401697,U,OB,1,1,467,559375,76,31:00.0,6,6:00,422
7764401706,U,OB,1,1,443,559375,76,52:00.0,6,6:00,422
7764401715,U,OB,1,1,550,559375,76,35:00.0,6,7:00,422
7764401724,U,OB,1,1,239,559375,76,28:00.0,6,6:00,422
7764401733,U,OB,1,10,162,10422,69,49:00.0,7,2:00,422
7764401742,U,OB,1,1,197,559375,76,18:00.0,6,6:00,422
7764401751,U,OB,1,1,610,10422,69,43:00.0,7,2:00,422
7764401760,U,OB,1,1,535,10422,69,43:00.0,7,2:00,422
776440177X,U,OB,1,1,602,10422,69,33:00.0,7,2:00,422
7764401789,U,OB,1,1,736,507989,75,55:00.0,1,2:00,422
7764401798,U,OB,1,1,190,507989,75,57:00.0,1,2:00,422
7764401807,U,OB,1,1,1140,507989,75,51:00.0,1,2:00,422
7764401816,U,OB,1,1,799,507989,75,54:00.0,1,2:00,422
7764401825,U,OB,1,1,148,507989,75,34:00.0,1,3:00,422
7764401834,U,OB,1,1,429,507989,75,42:00.0,1,4:00,422
7764401843,U,OB,1,1,205,507989,75,06:00.0,1,4:00,422
7764401852,U,OB,1,1,151,507989,75,28:00.0,1,3:00,422
7764401852,U,IB,1,1,151,507989,107,29:00.0,1,3:00,422
7764401861,U,OB,1,1,306,507989,75,56:00.0,1,3:00,422
7764401870,U,OB,1,1,197,507989,75,58:00.0,1,2:00,422
776440188X,U,OB,1,2,804,507989,75,58:00.0,1,1:00,422
7764401899,U,OB,1,2,572,507989,75,50:00.0,1,1:00,422
7764401908,U,OB,1,10,14865,507989,75,56:00.0,1,2:00,422
7764401917,U,OB,1,1,384,507989,75,09:00.0,1,2:00,422
7764401926,U,OB,1,7,633,507989,75,02:00.0,1,5:00,422
7764401935,U,OB,1,1,169,507989,75,55:00.0,1,1:00,422
7764401944,U,OB,1,1,551,507989,75,30:00.0,1,1:00,422
7764401953,U,OB,1,1,550,507989,75,28:00.0,1,1:00,422
7764401962,U,OB,1,1,2556,507989,75,36:00.0,1,1:00,422
7764401971,U,OB,1,4,7465,530900,72,38:00.0,2,5:00,422
7764401980,U,OB,1,1,269,530900,72,22:00.0,2,5:00,422
7764401980,U,OB,1,1,269,530900,15,03:00.0,3,1:00,422
776440199X,U,OB,1,1,436,507989,75,52:00.0,1,1:00,422
7764402009,U,OB,1,1,376,530900,72,17:00.0,2,5:00,422
7764402018,U,OB,1,1,902,10422,69,41:00.0,7,1:00,422
7764402027,U,OB,1,1,134,10422,69,03:00.0,7,2:00,422
7764402036,U,OB,1,1,233,10422,69,28:00.0,7,1:00,422
7764402045,U,OB,1,1,2754,10422,69,29:00.0,7,1:00,422
7764402054,U,OB,1,1,144,10422,69,37:00.0,7,1:00,422
7764402063,U,OB,1,1,705,10422,69,39:00.0,7,1:00,422
7764402072,U,OB,1,1,200,10422,69,35:00.0,7,1:00,422
7764402081,U,OB,1,1,85,10422,69,25:00.0,7,1:00,422
7764402090,U,OB,1,1,60,10422,69,21:00.0,7,1:00,422
776440210X,U,OB,1,6,111,570104,5,41:00.0,5,3:00,422
7764402119,U,OB,1,3,85,570104,52,25:00.0,3,0:00,422
7764402128,U,OB,1,2,1815,570104,37,36:00.0,3,1:00,422
7764402128,U,OB,1,2,1815,570104,37,36:00.0,3,1:00,422
7764402137,U,OB,1,1,1041,570104,52,37:00.0,3,1:00,422
7764402146,U,OB,1,1,370,570104,52,33:00.0,3,1:00,422
7764402155,U,OB,1,1,661,570104,52,19:00.0,3,2:00,422
7764402164,U,OB,1,1,650,570104,52,10:00.0,3,0:00,422
7764402173,U,OB,1,7,7220,570104,30,19:00.0,3,2:00,422
7764402173,U,OB,1,7,7220,570104,30,19:00.0,3,2:00,422
7764402229,U,CTY,1,1,186,570104,R4  ,31:00.0,3,2:00,422
7764402238,U,OB,1,9,167,570104,52,20:00.0,3,2:00,422
7764402247,U,OB,1,1,693,431218,46,16:00.0,4,2:00,422
7764402256,U,OB,1,1,296,431218,46,15:00.0,4,2:00,422
7764402265,U,OB,1,4,4209,507989,75,01:00.0,1,2:00,422
7764402274,U,OB,1,1,290,507989,75,59:00.0,1,2:00,422
7764402283,U,OB,1,1,702,507989,75,00:00.0,1,3:00,422
7764402292,U,OB,1,1,646,507989,75,25:00.0,1,3:00,422
7764402301,U,OB,1,1,271,507989,75,49:00.0,1,4:00,422
7764402310,U,OB,1,1,819,507989,75,54:00.0,1,2:00,422
776440232X,U,OB,1,12,174,507989,75,25:00.0,1,5:00,422
7764402339,U,OB,1,1,19,507989,75,36:00.0,1,5:00,422
7764402348,U,OB,1,1,30,507989,75,05:00.0,1,5:00,422
7764402357,U,OB,1,1,1237,530900,72,13:00.0,2,5:00,422
7764402366,U,OB,1,1,420,530900,72,06:00.0,2,4:00,422
7764402375,U,OB,1,1,248,530900,72,03:00.0,2,4:00,422
7764402384,U,OB,1,1,436,530900,72,11:00.0,2,5:00,422
7764402393,U,OB,1,1,316,530900,72,50:00.0,2,3:00,422
7764402402,U,OB,1,1,1685,530900,72,13:00.0,2,4:00,422
7764402411,U,OB,1,1,286,530900,72,08:00.0,2,5:00,422
7764402420,U,OB,1,1,477,530900,72,16:00.0,2,4:00,422
776440243X,U,OB,1,1,2111,530900,72,53:00.0,2,4:00,422
7764402449,U,OB,1,1,385,530900,72,42:00.0,2,5:00,422
7764402458,U,OB,1,1,217,530900,72,45:00.0,2,5:00,422
7764402467,U,OB,1,1,185,530900,72,53:00.0,2,3:00,422
7764402476,U,OB,1,1,265,530900,72,01:00.0,2,4:00,422
7764402485,U,OB,1,1,449,530900,72,40:00.0,2,3:00,422
7764402494,U,OB,1,1,594,530900,72,46:00.0,2,3:00,422
7764402503,U,OB,1,1,1256,530900,72,24:00.0,2,3:00,422
7764408012,U,OB,1,2,1310,311022,88,16:00.0,6,2:00,422
7764408012,U,IB,1,2,1310,311022,100,22:00.0,6,2:00,422
7764408021,U,OB,1,1,610,311022,88,25:00.0,6,2:00,422
7764408030,U,OB,1,4,400,311022,88,23:00.0,6,1:00,422
776440804X,U,OB,1,1,245,311022,88,09:00.0,6,1:00,422
7764408059,U,OB,1,3,1500,311022,88,36:00.0,6,0:00,422
7764408068,U,OB,1,2,1090,311022,88,10:00.0,6,0:00,422
7764408077,U,OB,1,1,365,830959,58,56:00.0,6,21:00,422
7764408086,U,OB,1,1,850,830959,58,53:00.0,6,21:00,422
7764408095,U,OB,1,1,1310,830959,58,50:00.0,6,21:00,422
7764408104,U,OB,1,1,610,830959,58,24:00.0,6,21:00,422
776440826X,U,OB,1,1,500,112054,53,42:00.0,4,22:00,422
7764408517,U,OB,1,1,490,59899,51,24:00.0,5,1:00,422
7764408526,U,OB,1,9,2995,59899,51,18:00.0,5,1:00,422
7764408535,U,OB,1,1,264,59899,51,23:00.0,5,0:00,422
7764408544,U,OB,1,2,148,59899,51,21:00.0,5,0:00,422
7764408553,U,OB,1,4,296,59899,51,16:00.0,5,0:00,422
7764409745,U,OB,1,5,2470,842100,46,09:00.0,3,22:00,422
7764409754,U,OB,1,2,1200,842100,46,13:00.0,3,22:00,422
7764410277,U,OB,1,1,113,390229,60,49:00.0,3,22:00,422
7764410295,U,OB,1,2,425,531251,50,49:00.0,6,20:00,422
7764411267,U,IB,1,3,1545,904186,114,27:00.0,6,22:00,422
7764411276,U,IB,1,2,6903,904186,114,24:00.0,6,21:00,422
7764412513,U,OB,1,2,405,903814,31,07:00.0,3,19:00,422
7764412522,U,OB,1,1,216,903814,31,22:00.0,3,19:00,422
7764412531,U,OB,1,1,289,903814,31,20:00.0,3,19:00,422
7764412540,U,OB,1,1,205,903814,31,23:00.0,3,19:00,422
776441255X,U,OB,1,1,277,903814,31,24:00.0,3,19:00,422
7764412569,U,OB,1,1,335,903814,31,18:00.0,3,19:00,422
7764412578,U,OB,1,1,207,903814,31,16:00.0,3,19:00,422
7764412587,U,OB,1,1,256,903814,31,15:00.0,3,19:00,422
7764412596,U,OB,1,1,264,903814,31,10:00.0,3,19:00,422
7764412605,U,OB,1,1,300,903814,31,49:00.0,3,18:00,422
776441376X,U,OB,1,2,1172,390229,60,13:00.0,4,0:00,422
7764413779,U,OB,1,2,320,904284,55,47:00.0,4,22:00,422
7764413815,U,IB,1,2,969,850053,127,35:00.0,5,21:00,422
7764413824,U,IB,1,1,362,850053,127,54:00.0,5,21:00,422
7764413833,U,IB,1,2,578,850053,127,48:00.0,5,21:00,422
7764413842,U,OB,1,1,360,531251,50,22:00.0,6,21:00,422
7764413851,U,OB,1,1,635,531251,50,10:00.0,6,21:00,422
7764413860,U,OB,1,1,422,531251,50,53:00.0,6,20:00,422
7764414511,U,OB,1,9,2005,821149,18,37:00.0,7,3:00,422
7764414520,U,OB,1,3,1500,821149,18,34:00.0,7,6:00,422
7764417270,U,OB,1,6,6120,830959,97,09:00.0,5,21:00,422
7764417270,U,OB,1,6,6120,830959,97,09:00.0,5,21:00,422
7764419764,U,OB,1,1,253,821190,50,50:00.0,2,20:00,422
7764419773,U,OB,1,1,175,821190,50,52:00.0,2,20:00,422
776441981X,U,OB,1,7,15170,821190,50,27:00.0,2,20:00,422
7764419829,U,OB,1,1,500,821190,29,34:00.0,2,20:00,422
7764419829,U,OB,1,1,500,821190,50,14:00.0,2,20:00,422
7764419838,U,OB,1,1,30,821190,49,16:00.0,3,19:00,422
7764419856,U,OB,1,6,12480,821190,49,48:00.0,3,18:00,422
7764419892,U,OB,1,1,1050,559033,95,41:00.0,6,0:00,422
7764419910,U,OB,1,5,6122,558373,60,43:00.0,7,0:00,422
776441992X,U,OB,1,1,1060,558373,60,17:00.0,7,1:00,422
7764420269,U,CTY,1,8,4321,530751,O   ,11:00.0,7,19:00,422
7764420269,U,OB,1,8,4321,530751,72,34:00.0,6,21:00,422
7764420287,U,OB,1,1,845,310232,51,33:00.0,4,21:00,422
7764420516,U,OB,1,1,364,311349,64,00:00.0,7,6:00,422
7764420516,U,OB,1,1,364,311349,73,41:00.0,6,22:00,422
7764420525,U,OB,1,1,346,311349,73,39:00.0,6,22:00,422
7764420534,U,OB,1,1,284,311349,86,11:00.0,7,11:00,422
7764420534,U,OB,1,1,284,311349,73,16:00.0,6,22:00,422
7764420543,U,OB,1,1,400,311349,73,28:00.0,6,22:00,422
7764420552,U,OB,1,1,296,821190,67,35:00.0,6,22:00,422
7764420570,U,IB,1,1,730,821190,105,57:00.0,6,0:00,422
776442058X,U,OB,1,1,276,821190,67,39:00.0,6,22:00,422
7764421010,U,OB,1,1,354,111483,74,15:00.0,7,11:00,422
776442102X,U,OB,1,2,1420,111483,74,50:00.0,7,10:00,422
7764421039,U,OB,1,1,641,111483,74,04:00.0,7,10:00,422
7764421048,U,OB,1,1,347,111483,74,10:00.0,7,10:00,422
7764421057,U,OB,1,1,879,111483,74,01:00.0,7,10:00,422
7764421066,U,OB,1,1,187,111483,74,08:00.0,7,10:00,422
7764421075,U,OB,1,2,1879,111483,74,59:00.0,7,9:00,422
7764421084,U,OB,1,2,1349,111483,74,43:00.0,7,9:00,422
7764421093,U,OB,1,1,265,111483,74,47:00.0,7,9:00,422
7764421102,U,OB,1,1,168,111483,74,45:00.0,7,9:00,422
7764421111,U,OB,1,2,1139,111483,74,40:00.0,7,9:00,422
7764421120,U,OB,1,1,161,111483,74,28:00.0,7,9:00,422
776442113X,U,OB,1,1,421,111483,74,23:00.0,7,9:00,422
7764421149,U,OB,1,1,1111,111483,74,31:00.0,7,9:00,422
7764421158,U,OB,1,1,222,111483,74,26:00.0,7,9:00,422
7764421167,U,OB,1,1,759,113979,32,13:00.0,3,2:00,422
7764421176,U,OB,1,1,254,113979,32,37:00.0,3,2:00,422
7764421185,U,OB,1,2,1337,113979,25,58:00.0,3,2:00,422
7764421185,U,OB,1,2,1337,113979,25,58:00.0,3,2:00,422
7764421194,U,OB,1,1,362,113979,81,58:00.0,3,8:00,422
7764421194,U,OB,1,1,362,113979,32,40:00.0,3,2:00,422
7764421194,U,OB,1,1,362,113979,87,41:00.0,3,2:00,422
7764421203,U,OB,1,1,361,113979,32,37:00.0,3,1:00,422
7764421212,U,OB,1,1,580,113979,25,42:00.0,3,2:00,422
7764421212,U,OB,1,1,580,113979,25,42:00.0,3,2:00,422
7764421221,U,OB,1,2,1672,113979,32,32:00.0,3,2:00,422
7764421230,U,OB,1,1,244,113979,32,07:00.0,3,2:00,422
776442124X,U,OB,1,1,273,113979,32,12:00.0,3,2:00,422
7764421259,U,OB,1,1,369,113979,47,30:00.0,3,2:00,422
7764421259,U,OB,1,1,369,113979,32,08:00.0,3,2:00,422
7764421268,U,OB,1,1,366,113979,32,16:00.0,3,2:00,422
7764421277,U,OB,1,1,422,113979,32,09:00.0,3,2:00,422
7764421286,U,OB,1,3,3536,113979,54,24:00.0,3,2:00,422
7764421286,U,OB,1,3,3536,113979,54,24:00.0,3,2:00,422
7764421295,U,OB,1,1,886,113979,32,15:00.0,3,1:00,422
7764421304,U,OB,1,1,945,113979,81,58:00.0,3,8:00,422
7764421304,U,OB,1,1,945,113979,32,31:00.0,3,0:00,422
7764421304,U,OB,1,1,945,113979,87,23:00.0,3,1:00,422
7764421313,U,OB,1,1,582,113979,32,31:00.0,3,0:00,422
7764421313,U,CTY,1,1,582,113979,C7  ,11:00.0,3,16:00,422
7764421322,U,OB,1,1,199,113979,32,27:00.0,3,0:00,422
7764421331,U,OB,1,1,193,310291,20,52:00.0,4,15:00,422
7764421331,U,OB,1,1,193,310291,48,25:00.0,4,1:00,422
7764421340,U,OB,1,1,482,310291,48,08:00.0,4,2:00,422
776442135X,U,OB,1,2,1965,310291,48,10:00.0,4,2:00,422
7764421369,U,OB,1,1,140,310291,48,18:00.0,4,3:00,422
7764421378,U,OB,1,1,1515,310291,48,06:00.0,4,2:00,422
7764421387,U,OB,1,3,117,310291,48,11:00.0,4,3:00,422
7764421396,U,OB,1,2,60,310291,48,08:00.0,4,3:00,422
7764421405,U,OB,1,3,2669,310291,48,10:00.0,4,2:00,422
7764421414,U,OB,1,1,157,310291,48,24:00.0,4,1:00,422
7764421423,U,OB,1,1,200,310291,25,49:00.0,4,0:00,422
7764421423,U,OB,1,1,200,310291,25,49:00.0,4,0:00,422
7764421432,U,OB,1,1,272,310291,48,58:00.0,4,0:00,422
7764421441,U,OB,1,1,289,310291,48,57:00.0,4,0:00,422
7764421450,U,OB,1,1,197,310291,48,48:00.0,4,0:00,422
776442146X,U,OB,1,2,908,312365,79,23:00.0,5,5:00,422
776442146X,U,OB,1,2,908,312365,88,27:00.0,5,4:00,422
7764421479,U,OB,1,2,195,312365,88,04:00.0,5,4:00,422
7764421488,U,OB,1,1,22,312365,88,33:00.0,5,3:00,422
7764421497,U,OB,1,2,2500,312365,88,10:00.0,5,3:00,422
7764421506,U,OB,1,1,152,312365,88,54:00.0,5,3:00,422
7764421515,U,OB,1,2,641,310291,48,50:00.0,4,0:00,422
7764421524,U,OB,1,1,421,310291,48,03:00.0,4,1:00,422
7764421524,U,OB,1,1,421,310291,68,03:00.0,4,2:00,422
7764421533,U,OB,1,1,845,310291,48,04:00.0,4,1:00,422
7764421542,U,CTY,1,1,257,310291,N   ,57:00.0,4,1:00,422
7764421542,U,OB,1,1,257,310291,48,02:00.0,4,1:00,422
7764421551,U,OB,1,1,215,310291,48,51:00.0,4,0:00,422
7764421560,U,OB,1,2,1192,310291,48,52:00.0,4,0:00,422
776442157X,U,OB,1,1,130,310291,48,01:00.0,4,1:00,422
7764421589,U,OB,1,1,535,310291,48,48:00.0,4,0:00,422
7764421598,U,OB,1,1,605,312365,88,18:00.0,5,2:00,422
7764421607,U,OB,1,1,835,312365,88,44:00.0,5,3:00,422
7764421616,U,OB,1,1,152,312365,88,58:00.0,5,1:00,422
7764421625,U,OB,1,1,299,312365,88,54:00.0,5,1:00,422
7764421634,U,OB,1,1,660,312365,88,28:00.0,5,4:00,422
7764421643,U,OB,1,1,1569,312365,88,40:00.0,5,3:00,422
7764421652,U,OB,1,1,103,312365,88,04:00.0,5,2:00,422
7764421661,U,OB,1,3,6390,312365,88,45:00.0,5,1:00,422
7764421670,U,OB,1,1,166,312365,88,48:00.0,5,0:00,422
776442168X,U,OB,1,1,935,310291,63,40:00.0,6,1:00,422
7764421699,U,OB,1,1,645,310291,63,36:00.0,6,1:00,422
7764421708,U,OB,1,1,707,310291,63,33:00.0,6,1:00,422
7764421717,U,OB,1,1,697,310291,63,38:00.0,6,1:00,422
7764421726,U,OB,1,1,226,310291,63,32:00.0,6,1:00,422
7764421735,U,OB,1,1,1051,310291,57,56:00.0,6,2:00,422
7764421735,U,OB,1,1,1051,310291,63,35:00.0,6,1:00,422
7764421744,U,OB,1,1,252,310291,63,27:00.0,6,1:00,422
7764421753,U,OB,1,1,160,310291,63,30:00.0,6,1:00,422
776442201X,U,OB,1,1,364,310291,63,29:00.0,6,1:00,422
7764422029,U,OB,1,1,151,310291,63,25:00.0,6,1:00,422
7764422038,U,OB,1,1,324,59899,72,01:00.0,7,0:00,422
7764422047,U,OB,1,1,637,59899,72,42:00.0,7,0:00,422
7764422065,U,OB,1,1,127,59899,72,28:00.0,7,0:00,422
7764422761,U,OB,1,2,3500,904284,55,18:00.0,5,2:00,422
7764422770,U,OB,1,2,640,904284,55,20:00.0,5,0:00,422
7764422799,U,IB,1,7,10190,850053,127,14:00.0,5,22:00,422
7764422808,U,IB,1,1,710,850053,127,06:00.0,5,22:00,422
7764422817,U,IB,1,2,560,850053,127,02:00.0,5,22:00,422
7764422844,U,OB,1,7,15700,830887,81,16:00.0,7,6:00,422
7764422844,U,OB,1,7,15700,830887,89,47:00.0,6,23:00,422
7764423019,U,OB,1,1,623,532178,72,03:00.0,6,2:00,422
7764423028,U,OB,1,1,372,532178,72,04:00.0,6,2:00,422
7764423037,U,OB,1,1,252,532178,72,51:00.0,6,3:00,422
7764423046,U,OB,1,1,220,532178,30,26:00.0,6,4:00,422
7764423046,U,OB,1,1,220,532178,72,29:00.0,6,2:00,422
7764423055,U,OB,1,1,219,532178,72,15:00.0,6,2:00,422
7764423064,U,OB,1,1,347,532178,72,26:00.0,6,2:00,422
7764423064,U,OB,1,1,347,532178,64,29:00.0,6,2:00,422
7764423073,U,OB,1,1,725,532178,68,35:00.0,6,2:00,422
7764423073,U,OB,1,1,725,532178,68,35:00.0,6,2:00,422
7764423082,U,OB,1,1,500,532178,72,52:00.0,6,3:00,422
7764423082,U,OB,1,1,500,532178,37,53:00.0,6,3:00,422
7764423091,U,OB,1,3,3565,532178,72,24:00.0,6,3:00,422
7764423091,U,OB,1,3,3565,532178,30,51:00.0,6,3:00,422
7764423100,U,OB,1,3,6556,532178,72,26:00.0,6,2:00,422
7764423100,U,OB,1,3,6556,532178,30,26:00.0,6,4:00,422
776442311X,U,OB,1,1,507,532178,72,12:00.0,6,2:00,422
7764423129,U,OB,1,1,729,532178,72,58:00.0,6,1:00,422
7764423129,U,OB,1,1,729,532178,35,00:00.0,6,2:00,422
7764423147,U,OB,1,1,123,532178,72,28:00.0,6,1:00,422
7764423156,U,OB,1,1,1570,532178,72,47:00.0,6,4:00,422
7764423174,U,OB,1,1,1519,113979,32,13:00.0,3,1:00,422
7764423174,U,OB,1,1,1519,113979,29,06:00.0,3,2:00,422
7764423183,U,OB,1,1,645,113979,25,12:00.0,3,1:00,422
7764423183,U,OB,1,1,645,113979,25,12:00.0,3,1:00,422
7764423192,U,OB,1,1,450,113979,87,23:00.0,3,1:00,422
7764423192,U,OB,1,1,450,113979,32,49:00.0,3,0:00,422
7764423201,U,OB,1,1,1313,113979,32,46:00.0,3,0:00,422
7764423210,U,OB,1,1,378,113979,32,27:00.0,3,0:00,422
776442322X,U,OB,1,1,206,113979,32,13:00.0,3,1:00,422
7764423239,U,OB,1,1,552,113979,32,39:00.0,3,0:00,422
7764423248,U,OB,1,1,339,113979,32,48:00.0,3,0:00,422
7764423257,U,OB,1,1,192,113979,81,07:00.0,3,3:00,422
7764423257,U,OB,1,1,192,113979,87,23:00.0,3,1:00,422
7764423257,U,OB,1,1,192,113979,32,48:00.0,3,0:00,422
7764423275,U,OB,1,6,3945,430890,46,23:00.0,7,13:00,422
7764423284,U,OB,1,1,380,430890,46,11:00.0,7,10:00,422
7764423302,U,OB,1,2,140,430890,46,25:00.0,7,10:00,422
7764423311,U,OB,1,2,750,430890,46,30:00.0,7,13:00,422
7764423320,U,IB,1,4,100,00DOCK,121,34:00.0,2,13:00,422
7764424274,U,OB,1,1,510,00DROP,81,26:00.0,5,11:00,422
7764424283,U,OB,1,2,380,10260,55,41:00.0,5,19:00,422
776442432X,U,OB,1,1,643,00DROP,1,42:00.0,6,13:00,422
7764424339,U,OB,1,1,655,311022,88,42:00.0,6,2:00,422
7764425511,U,OB,1,1,3070,135463,38,40:00.0,3,18:00,422
7764425520,U,IB,1,1,383,904284,103,53:00.0,5,1:00,422
776442564X,U,OB,1,2,1487,132320,49,49:00.0,3,4:00,433
7764425740,U,OB,1,1,945,135463,38,37:00.0,3,18:00,422
776442575X,U,OB,1,2,265,90060,52,50:00.0,3,0:00,422
7764425778,U,OB,1,1,348,904284,40,41:00.0,4,21:00,422
7764425787,U,OB,1,1,147,904284,40,12:00.0,4,21:00,422
7764425796,U,OB,1,3,550,904284,40,26:00.0,4,21:00,422
7764425850,U,OB,1,3,1149,134487,75,20:00.0,7,22:00,433
7764425942,U,OB,1,3,1500,730114,48,40:00.0,4,18:00,422
7764425960,U,OB,1,1,1617,730114,48,59:00.0,4,18:00,422
776442597X,U,OB,1,1,1910,730114,48,57:00.0,4,18:00,422
7764425989,U,OB,1,1,525,730114,48,30:00.0,4,18:00,422
7764426007,U,OB,1,1,800,730114,48,11:00.0,4,19:00,422
7764426768,U,IB,1,23,3227,310506,112,51:00.0,5,23:00,422
7764426777,U,OB,1,7,1574,559510,52,38:00.0,6,22:00,422
7764426795,U,OB,1,2,285,559510,52,21:00.0,6,22:00,422
7764426804,U,OB,1,1,144,559510,52,24:00.0,6,22:00,422
7764430764,U,OB,1,1,1045,82703,84,08:00.0,5,22:00,422
7764430773,U,OB,1,4,2178,82703,61,00:00.0,5,22:00,422
7764430773,U,OB,1,4,2178,82703,61,00:00.0,5,22:00,422
7764430800,U,OB,1,2,910,82703,40,49:00.0,6,19:00,422
7764430829,U,OB,1,1,330,82703,40,35:00.0,6,19:00,422
7764430838,U,OB,1,2,700,82703,40,30:00.0,6,19:00,422
7764430847,U,OB,1,2,935,82703,65,32:00.0,2,21:00,422
7764430856,U,OB,1,1,1352,82703,41,19:00.0,4,0:00,422
7764430856,U,OB,1,1,1352,82703,48,09:00.0,3,20:00,422
7764430865,U,OB,1,1,690,82703,48,15:00.0,3,20:00,422
7764430874,U,OB,1,1,1096,82703,48,12:00.0,3,20:00,422
7764430883,U,OB,1,1,833,82703,48,02:00.0,3,20:00,422
7764430910,U,OB,1,1,76,82703,67,16:00.0,4,21:00,422
7764433514,U,OB,1,3,835,310291,52,29:00.0,2,16:00,422
7764435018,U,IB,1,3,813,430035,123,15:00.0,5,4:00,422
7764435027,U,IB,1,2,990,430035,123,19:00.0,5,4:00,422
7764435036,U,IB,1,1,612,430035,123,08:00.0,5,4:00,422
7764435045,U,IB,1,4,3000,430035,123,00:00.0,5,4:00,422
7764435054,U,IB,1,3,1931,430035,123,47:00.0,5,3:00,422
7764435063,U,IB,1,3,2174,430035,123,14:00.0,5,3:00,422
7764435072,U,IB,1,3,3445,430035,123,37:00.0,5,3:00,422
7764435081,U,OB,1,1,797,113979,84,41:00.0,6,8:00,422
7764435090,U,OB,1,1,413,113979,85,07:00.0,6,8:00,422
7764435090,U,OB,1,1,413,113979,85,07:00.0,6,8:00,422
7764435128,U,OB,1,1,356,430204,58,08:00.0,7,1:00,422
7764435137,U,OB,1,1,427,430204,58,17:00.0,7,1:00,422
7764435146,U,OB,1,2,926,430204,58,00:00.0,7,3:00,422
7764435155,U,OB,1,1,415,430204,58,53:00.0,7,2:00,422
7764438262,U,IB,1,2,4400,821149,104,41:00.0,2,21:00,422
7764438271,U,OB,1,22,500,821149,32,43:00.0,3,21:00,422
776443851X,U,OB,1,2,3888,820869,18,43:00.0,3,22:00,422
7764439032,U,OB,1,1,110,430681,74,17:00.0,5,0:00,422
7764439041,U,OB,1,1,500,830887,55,38:00.0,5,21:00,422
776444544X,U,OB,1,1,1000,842274,46,09:00.0,5,20:00,422
7764445459,U,OB,1,1,1065,558194,26,45:00.0,4,21:00,422
7764445468,U,OB,1,7,11180,558194,26,31:00.0,4,22:00,422
7764445477,U,OB,1,4,6240,830887,48,54:00.0,3,21:00,422
7764445486,U,OB,1,1,1092,830887,48,58:00.0,3,21:00,422
7764445504,U,OB,1,1,848,830887,48,59:00.0,3,21:00,422
7764446018,U,OB,1,1,692,59899,72,48:00.0,7,2:00,422
7764446027,U,OB,1,2,678,59899,72,43:00.0,7,2:00,422
7764446036,U,OB,1,1,126,59899,72,30:00.0,7,2:00,422
7764446045,U,OB,1,2,1009,59899,72,27:00.0,7,2:00,422
7764446054,U,OB,1,1,850,59899,72,36:00.0,7,2:00,422
7764446063,U,OB,1,1,840,59899,72,38:00.0,7,2:00,422
7764446072,U,OB,1,3,1827,59899,72,22:00.0,7,2:00,422
7764446081,U,OB,1,1,281,59899,72,49:00.0,7,2:00,422
7764446090,U,OB,1,1,397,59899,72,53:00.0,7,1:00,422
776444610X,U,OB,1,1,725,59899,81,11:00.0,7,2:00,422
776444610X,U,OB,1,1,725,59899,72,10:00.0,7,2:00,422
7764446119,U,OB,1,8,140,59899,72,37:00.0,7,0:00,422
7764446128,U,OB,1,1,201,59899,72,34:00.0,7,1:00,422
7764446137,U,OB,1,1,234,59899,72,41:00.0,7,1:00,422
7764446146,U,OB,1,1,498,59899,72,49:00.0,7,1:00,422
7764446155,U,OB,1,1,228,59899,72,40:00.0,7,1:00,422
7764446164,U,OB,1,1,388,59899,72,01:00.0,7,1:00,422
7764446173,U,OB,1,1,160,59899,72,37:00.0,7,1:00,422
7764446191,U,OB,1,1,257,59899,72,50:00.0,7,0:00,422
7764446200,U,OB,1,9,14740,59899,72,08:00.0,7,1:00,422
7764446265,U,OB,1,18,504,830967,69,06:00.0,2,21:00,422
7764446274,U,OB,1,1,133,830967,69,56:00.0,2,20:00,422
7764450014,U,OB,1,1,2379,560231,73,22:00.0,3,20:00,422
7764450023,U,OB,1,1,1107,560231,73,54:00.0,3,20:00,422
7764450032,U,OB,1,1,1565,560231,73,05:00.0,3,20:00,422
7764452021,U,OB,1,1,186,353244,89,12:00.0,2,21:00,422
7764452030,U,OB,1,1,140,353244,89,17:00.0,2,21:00,422
776445204X,U,OB,1,1,354,353244,89,27:00.0,2,21:00,422
7764452059,U,OB,1,1,835,830967,38,21:00.0,3,22:00,422
7764452068,U,OB,1,1,2680,830967,38,44:00.0,3,20:00,422
7764455770,U,IB,1,7,1815,904186,114,06:00.0,6,21:00,422
776445578X,U,OB,1,4,1970,559510,52,42:00.0,6,21:00,422
7764457274,U,OB,1,1,193,830967,43,56:00.0,5,21:00,422
7764457283,U,OB,1,1,283,830967,43,50:00.0,5,21:00,422
7764457301,U,OB,1,1,235,830967,43,48:00.0,5,20:00,422
776446513X,U,OB,1,1,693,132278,69,58:00.0,7,10:00,433
7764560014,U,OB,1,1,330,129514,26,57:00.0,6,12:00,433
7764560023,U,OB,1,1,440,129514,26,55:00.0,6,13:00,433
7764560032,U,OB,1,1,170,129514,26,21:00.0,6,15:00,433
7764560041,U,OB,1,1,182,129514,26,25:00.0,6,14:00,433
7764560050,U,OB,1,1,255,129514,26,49:00.0,6,13:00,433
776456006X,U,OB,1,1,341,129514,26,56:00.0,6,15:00,433
7764560079,U,OB,1,1,1277,129514,26,23:00.0,6,13:00,433
7764560088,U,OB,1,1,182,129514,26,44:00.0,6,15:00,433
7764560097,U,OB,1,1,85,129514,26,32:00.0,6,15:00,433
7764560106,U,OB,1,1,225,129514,26,58:00.0,6,14:00,433
7764560115,U,OB,1,2,370,129514,26,18:00.0,6,14:00,433
7764560124,U,OB,1,1,920,129514,26,50:00.0,6,12:00,433
7764560133,U,OB,1,1,315,560817,86,12:00.0,7,15:00,433
7764560142,U,OB,1,1,495,560817,86,23:00.0,7,16:00,433
7764560160,U,OB,1,2,770,560817,86,01:00.0,7,14:00,433
776456017X,U,OB,1,2,1050,560817,86,56:00.0,7,14:00,433
7764560189,U,OB,1,1,270,560817,86,20:00.0,7,12:00,433
7764560198,U,OB,1,1,390,560817,86,00:00.0,7,15:00,433
7764560207,U,OB,1,1,790,560817,86,27:00.0,7,16:00,433
7764560216,U,OB,1,1,375,560817,86,26:00.0,7,16:00,433
7764560225,U,OB,1,2,395,560817,86,50:00.0,7,15:00,433
7764560234,U,OB,1,1,215,560817,86,02:00.0,7,15:00,433
7764560243,U,OB,1,2,440,560817,86,47:00.0,7,14:00,433
7764560261,U,OB,1,1,170,560817,86,15:00.0,7,15:00,433
7764560270,U,OB,1,1,730,560817,86,22:00.0,7,16:00,433
776456028X,U,OB,1,1,420,125735,53,37:00.0,6,12:00,433
7764560299,U,OB,1,1,308,125735,53,53:00.0,6,12:00,433
7764560308,U,OB,1,1,233,125735,53,21:00.0,6,12:00,433
7764560317,U,OB,1,1,170,125735,53,12:00.0,6,12:00,433
7764560326,U,OB,1,1,180,125735,53,04:00.0,6,12:00,433
7764560335,U,OB,1,1,330,125735,53,33:00.0,6,12:00,433
7764560519,U,OB,1,1,257,125735,53,46:00.0,6,12:00,433
7764560528,U,OB,1,1,370,125735,53,49:00.0,6,12:00,433
7764560537,U,OB,1,1,340,125735,53,07:00.0,6,12:00,433
7764560546,U,OB,1,1,315,125735,53,34:00.0,6,12:00,433
7764560555,U,OB,1,1,330,125735,53,32:00.0,6,12:00,433
7764560564,U,OB,1,1,308,125735,53,55:00.0,6,12:00,433
7764560573,U,OB,1,1,308,125735,53,57:00.0,6,12:00,433
7764560582,U,OB,1,1,440,125735,53,08:00.0,6,12:00,433
7764562517,U,OB,1,9,2845,121875,51,39:00.0,3,21:00,433
7764562782,U,OB,1,1,309,560817,86,38:00.0,7,7:00,433
7764562829,U,OB,1,1,177,127375,75,29:00.0,6,11:00,433
7764565954,U,OB,1,3,3362,290164,17,01:00.0,7,22:00,433
7764565972,U,OB,1,2,1067,290164,17,39:00.0,7,21:00,433
7764565981,U,OB,1,1,368,290164,17,46:00.0,7,21:00,433
7764566028,U,OB,1,1,506,127860,60,30:00.0,4,7:00,433
7764566037,U,OB,1,1,2500,126202,55,34:00.0,4,6:00,433
7764566073,U,OB,1,2,1800,129899,72,08:00.0,1,0:00,433
776456611X,U,OB,1,2,2186,117384,40,34:00.0,5,6:00,433
7764566129,U,OB,1,11,14005,135167,32,01:00.0,5,8:00,433
7764566165,U,OB,1,5,3973,136855,73,05:00.0,4,10:00,433
7764566174,U,OB,1,2,2907,136855,73,55:00.0,4,9:00,433
776456622X,U,OB,1,2,2490,128515,40,01:00.0,3,5:00,433
7764566257,U,OB,1,3,1650,130908,30,27:00.0,3,12:00,433
7764566257,U,OB,1,3,1650,130908,60,23:00.0,3,12:00,433
7764567521,U,OB,1,1,212,133457,79,58:00.0,6,22:00,433
7764567521,U,OB,1,1,212,133457,58,08:00.0,6,15:00,433
7764567530,U,OB,1,1,212,133457,58,35:00.0,6,17:00,433
776456754X,U,OB,1,1,212,133457,79,57:00.0,6,22:00,433
776456754X,U,OB,1,1,212,133457,58,14:00.0,6,15:00,433
7764567559,U,OB,1,1,212,133457,58,13:00.0,6,15:00,433
7764567622,U,OB,1,2,640,130844,40,06:00.0,1,16:00,433
776456765X,U,OB,1,1,735,130844,40,12:00.0,1,16:00,433
7764567678,U,OB,1,1,212,130844,40,44:00.0,1,15:00,433
7764567696,U,OB,1,1,350,130844,40,40:00.0,1,15:00,433
7764567705,U,OB,1,1,285,130844,40,18:00.0,1,16:00,433
7764567714,U,OB,1,1,290,130844,40,29:00.0,1,18:00,433
7764567723,U,OB,1,1,267,130844,40,52:00.0,1,15:00,433
7764567732,U,OB,1,1,935,130844,40,16:00.0,1,16:00,433
7764567741,U,OB,1,1,295,130844,40,36:00.0,1,14:00,433
7764567750,U,OB,1,1,250,130844,40,54:00.0,1,15:00,433
776456776X,U,OB,1,1,595,130844,40,09:00.0,1,16:00,433
7764567779,U,OB,1,1,270,131478,48,40:00.0,3,4:00,433
7764567788,U,OB,1,1,280,131478,48,56:00.0,3,4:00,433
7764567797,U,OB,1,1,330,131478,48,19:00.0,3,5:00,433
7764567806,U,OB,1,1,280,131478,48,08:00.0,3,5:00,433
7764567815,U,OB,1,1,1280,131478,48,07:00.0,3,5:00,433
7764567824,U,OB,1,3,620,131478,48,11:00.0,3,5:00,433
7764567833,U,OB,1,1,315,131478,48,02:00.0,3,5:00,433
7764567842,U,OB,1,1,410,131478,48,36:00.0,3,4:00,433
7764567851,U,OB,1,1,105,131478,48,20:00.0,3,5:00,433
7764567860,U,OB,1,1,330,131478,48,22:00.0,3,5:00,433
776456787X,U,OB,1,1,420,132052,39,56:00.0,5,10:00,433
7764567889,U,OB,1,1,425,132052,39,16:00.0,5,9:00,433
7764567898,U,OB,1,1,415,132052,39,40:00.0,5,9:00,433
7764567907,U,OB,1,1,420,132052,39,51:00.0,5,10:00,433
7764567916,U,OB,1,1,415,132052,39,34:00.0,5,9:00,433
7764567925,U,OB,1,1,415,132052,39,36:00.0,5,10:00,433
7764567934,U,OB,1,1,94,132052,39,35:00.0,5,9:00,433
7764567943,U,OB,1,1,420,132052,39,44:00.0,5,10:00,433
7764567952,U,OB,1,1,395,132052,39,48:00.0,5,8:00,433
7764567961,U,OB,1,1,226,132052,39,17:00.0,5,10:00,433
7764567970,U,OB,1,1,259,132052,39,15:00.0,5,10:00,433
776456798X,U,OB,1,2,910,132052,39,10:00.0,5,9:00,433
7764567999,U,OB,1,1,415,132052,39,35:00.0,5,10:00,433
7764568008,U,OB,1,1,420,132052,39,49:00.0,5,10:00,433
7764568017,U,OB,1,1,380,132052,39,24:00.0,5,8:00,433
7764568026,U,OB,1,1,415,132052,39,37:00.0,5,9:00,433
7764568035,U,OB,1,1,420,132052,39,40:00.0,5,10:00,433
7764568044,U,OB,1,1,425,132052,39,32:00.0,5,9:00,433
7764568053,U,OB,1,1,415,132052,39,17:00.0,5,9:00,433
7764568062,U,OB,1,1,465,132052,39,37:00.0,5,8:00,433
7764568071,U,OB,1,1,430,132052,39,20:00.0,5,10:00,433
7764568080,U,OB,1,1,305,132052,39,16:00.0,5,10:00,433
776456809X,U,OB,1,1,392,132052,39,23:00.0,5,10:00,433
7764568109,U,OB,1,1,278,132052,39,22:00.0,5,10:00,433
7764568118,U,OB,1,1,256,132052,39,52:00.0,5,8:00,433
7764568127,U,OB,1,1,1277,132052,39,44:00.0,5,9:00,433
7764568136,U,OB,1,1,420,132052,39,56:00.0,5,10:00,433
7764568145,U,OB,1,1,760,129514,26,04:00.0,6,14:00,433
7764568154,U,OB,1,1,156,129514,26,14:00.0,6,15:00,433
7764568163,U,OB,1,1,150,129514,26,44:00.0,6,13:00,433
7764568172,U,OB,1,2,665,129514,26,41:00.0,6,13:00,433
7764568181,U,OB,1,1,210,129514,26,56:00.0,6,15:00,433
7764568181,U,OB,1,1,210,129514,35,37:00.0,6,17:00,433
7764568190,U,OB,1,1,405,129514,26,58:00.0,6,13:00,433
776456820X,U,OB,1,1,113,129514,26,53:00.0,6,15:00,433
7764568219,U,OB,1,1,350,129514,26,37:00.0,6,12:00,433
7764568228,U,OB,1,1,215,129514,26,23:00.0,6,14:00,433
7764568237,U,OB,1,1,170,129514,26,39:00.0,6,15:00,433
7764568246,U,OB,1,1,191,129514,26,16:00.0,6,15:00,433
7764568255,U,OB,1,1,182,129514,26,41:00.0,6,15:00,433
7764570015,U,OB,1,1,420,290257,31,50:00.0,5,13:00,433
7764570042,U,OB,1,1,435,290257,31,10:00.0,5,13:00,433
7764570051,U,OB,1,1,194,290257,31,09:00.0,5,13:00,433
7764570060,U,OB,1,1,275,290257,31,49:00.0,5,13:00,433
776457007X,U,OB,1,1,368,290257,31,38:00.0,5,13:00,433
7764570098,U,OB,1,1,234,290257,31,53:00.0,5,13:00,433
7764570107,U,OB,1,1,92,290257,31,16:00.0,5,13:00,433
7764570116,U,OB,1,1,210,290257,31,44:00.0,5,13:00,433
7764570152,U,OB,1,1,230,290257,31,07:00.0,5,13:00,433
7764570161,U,OB,1,2,460,290257,31,46:00.0,5,13:00,433
776457018X,U,OB,1,1,330,290257,31,43:00.0,5,13:00,433
7764570235,U,OB,1,1,315,290354,50,09:00.0,6,11:00,433
7764570244,U,OB,1,1,410,290354,50,26:00.0,6,18:00,433
7764570253,U,OB,1,2,1220,290354,79,07:00.0,6,11:00,433
7764570253,U,OB,1,2,1220,290354,50,48:00.0,6,10:00,433
7764570262,U,OB,1,1,234,261017,63,45:00.0,6,6:00,433
7764570271,U,OB,1,1,332,261017,63,22:00.0,6,6:00,433
7764570280,U,OB,1,1,182,290354,50,16:00.0,6,7:00,433
7764570280,U,OB,1,1,182,290354,79,07:00.0,6,11:00,433
776457029X,U,OB,1,1,332,290354,50,06:00.0,6,7:00,433
7764570309,U,OB,1,1,210,290354,50,46:00.0,6,7:00,433
7764570318,U,OB,1,1,210,290354,50,37:00.0,6,8:00,433
7764570327,U,OB,1,1,275,290354,50,00:00.0,6,18:00,433
7764570336,U,OB,1,1,208,136298,58,30:00.0,6,5:00,433
7764570345,U,OB,1,1,230,290354,50,37:00.0,6,7:00,433
7764570363,U,OB,1,1,305,290354,50,13:00.0,6,7:00,433
7764570372,U,OB,1,1,230,290354,50,41:00.0,6,8:00,433
7764570381,U,OB,1,1,194,290354,50,19:00.0,6,18:00,433
7764570390,U,OB,1,1,227,290354,50,43:00.0,6,10:00,433
776457040X,U,OB,1,1,296,290354,50,14:00.0,6,7:00,433
7764570419,U,OB,1,1,425,290354,50,58:00.0,6,17:00,433
7764570428,U,OB,1,1,241,290354,50,23:00.0,6,18:00,433
7764570437,U,OB,1,1,334,290354,50,03:00.0,6,11:00,433
7764570446,U,OB,1,1,334,290354,50,53:00.0,6,10:00,433
7764570455,U,OB,1,2,210,290354,50,31:00.0,6,18:00,433
7764570464,U,OB,1,2,210,290354,50,31:00.0,6,18:00,433
7764570473,U,OB,1,1,188,290354,50,19:00.0,6,7:00,433
7764570482,U,OB,1,4,3210,290354,50,52:00.0,6,17:00,433
7764570491,U,OB,1,1,585,290354,50,08:00.0,6,7:00,433
7764570500,U,OB,1,1,351,530429,49,58:00.0,7,0:00,433
776457051X,U,OB,1,1,320,530429,49,56:00.0,7,0:00,433
7764570529,U,OB,1,1,425,530429,49,23:00.0,7,1:00,433
7764570538,U,OB,1,1,315,530429,49,28:00.0,7,1:00,433
7764570547,U,OB,1,1,334,530429,49,08:00.0,7,1:00,433
7764570556,U,OB,1,1,275,530429,49,34:00.0,6,22:00,433
7764570565,U,OB,1,1,265,530429,49,13:00.0,7,2:00,433
7764570583,U,OB,1,1,1277,530429,49,08:00.0,7,2:00,433
7764570592,U,OB,1,1,250,530429,49,51:00.0,6,22:00,433
7764570601,U,OB,1,1,210,530429,49,13:00.0,7,2:00,433
7764570610,U,OB,1,1,210,530429,49,44:00.0,7,1:00,433
776457062X,U,OB,1,1,210,530429,49,35:00.0,7,1:00,433
7764570639,U,OB,1,1,212,530429,49,22:00.0,6,22:00,433
7764570657,U,OB,1,1,212,530429,49,03:00.0,6,22:00,433
7764570666,U,OB,1,1,212,530429,49,24:00.0,6,22:00,433
7764570675,U,OB,1,1,210,530429,49,11:00.0,7,2:00,433
7764570684,U,OB,1,1,212,530429,49,51:00.0,6,22:00,433
7764570702,U,OB,1,1,210,530429,49,12:00.0,7,2:00,433
7764570711,U,OB,1,1,210,530429,49,12:00.0,7,2:00,433
7764570720,U,OB,1,1,212,530429,49,19:00.0,6,21:00,433
776457073X,U,OB,1,1,212,530429,49,12:00.0,7,2:00,433
7764570758,U,OB,1,1,210,530429,49,50:00.0,6,22:00,433
7764570776,U,OB,1,1,212,530429,49,28:00.0,6,23:00,433
7764570794,U,OB,1,1,210,530429,49,12:00.0,7,2:00,433
7764570803,U,OB,1,1,810,290995,86,27:00.0,7,14:00,433
7764570812,U,OB,1,1,263,290995,86,49:00.0,7,17:00,433
7764570821,U,OB,1,1,234,290995,86,01:00.0,7,19:00,433
7764570830,U,OB,1,1,590,290995,86,46:00.0,7,17:00,433
776457084X,U,OB,1,1,415,290995,86,09:00.0,7,18:00,433
7764570859,U,OB,1,1,285,290995,79,08:00.0,7,14:00,433
7764570859,U,OB,1,1,285,290995,86,19:00.0,7,13:00,433
7764570868,U,OB,1,1,212,290995,86,46:00.0,7,12:00,433
7764570877,U,OB,1,1,212,290995,81,52:00.0,7,12:00,433
7764570877,U,OB,1,1,212,290995,86,53:00.0,7,11:00,433
7764570895,U,OB,1,2,212,290995,86,13:00.0,7,19:00,433
7764570904,U,OB,1,1,635,290995,86,42:00.0,7,13:00,433
7764570913,U,OB,1,1,315,290995,86,15:00.0,7,14:00,433
7764570922,U,OB,1,1,570,290995,86,30:00.0,7,16:00,433
7764570931,U,OB,1,1,285,290995,86,47:00.0,7,13:00,433
7764570940,U,OB,1,5,1070,290995,86,11:00.0,7,19:00,433
776457095X,U,OB,1,1,1185,290995,86,13:00.0,7,18:00,433
7764570969,U,OB,1,1,105,290995,86,46:00.0,7,18:00,433
7764570978,U,OB,1,1,191,290995,86,44:00.0,7,11:00,433
7764570987,U,OB,1,1,580,290995,86,55:00.0,7,13:00,433
7764570996,U,OB,1,1,216,290995,86,44:00.0,7,18:00,433
7764571005,U,OB,1,1,580,290995,86,41:00.0,7,17:00,433
7764571014,U,OB,1,1,212,290995,86,58:00.0,7,11:00,433
7764571014,U,OB,1,1,212,290995,81,52:00.0,7,12:00,433
7764571023,U,OB,1,1,212,290995,86,03:00.0,7,13:00,433
7764571032,U,OB,1,1,600,530429,49,38:00.0,6,22:00,433
7764571041,U,OB,1,1,245,530429,49,31:00.0,6,22:00,433
7764571050,U,OB,1,1,625,530429,49,10:00.0,7,0:00,433
776457106X,U,OB,1,1,210,530429,49,39:00.0,7,1:00,433
7764571079,U,OB,1,1,210,530429,49,16:00.0,7,1:00,433
7764571088,U,OB,1,1,210,530429,49,36:00.0,6,21:00,433
7764571097,U,OB,1,1,19,530429,49,12:00.0,7,1:00,433
7764571106,U,OB,1,1,265,290995,86,19:00.0,7,16:00,433
7764571115,U,OB,1,1,570,290995,86,33:00.0,7,16:00,433
7764571124,U,OB,1,1,527,290995,86,44:00.0,7,16:00,433
7764571133,U,OB,1,1,1165,290995,86,44:00.0,7,17:00,433
7764571243,U,OB,1,1,526,121444,97,53:00.0,3,11:00,433
7764571270,U,OB,1,1,585,121444,57,05:00.0,3,9:00,433
7764571270,U,OB,1,1,585,121444,69,29:00.0,3,4:00,433
7764571308,U,OB,1,1,575,121444,27,03:00.0,3,10:00,433
7764571371,U,CTY,1,1,570,122862,DP  ,24:00.0,3,6:00,433
7764571418,U,CTY,1,1,575,122862,DP  ,23:00.0,3,6:00,433
776457150X,U,CTY,1,1,526,122862,E28 ,33:00.0,3,6:00,433
776457150X,U,OB,1,1,526,122862,59,00:00.0,3,8:00,433
7764571582,U,OB,1,2,585,122433,29,59:00.0,3,17:00,433
7764571591,U,OB,1,1,526,122433,69,10:00.0,3,15:00,433
7764571600,U,OB,1,4,2280,122433,69,31:00.0,3,15:00,433
776457161X,U,OB,1,1,399,118503,75,48:00.0,3,9:00,433
7764571638,U,OB,1,2,580,122433,69,41:00.0,3,15:00,433
7764571647,U,OB,1,1,263,122433,69,43:00.0,3,15:00,433
7764571656,U,OB,1,1,263,122433,69,52:00.0,3,15:00,433
7764571665,U,OB,1,1,263,118503,75,52:00.0,3,9:00,433
7764571674,U,OB,1,1,180,122433,69,13:00.0,3,14:00,433
7764571683,U,OB,1,1,580,118503,75,41:00.0,3,9:00,433
7764571692,U,OB,1,1,263,122433,69,23:00.0,3,13:00,433
7764571701,U,OB,1,1,526,122433,69,05:00.0,3,14:00,433
7764571710,U,OB,1,2,870,122433,69,36:00.0,3,14:00,433
776457172X,U,OB,1,1,585,122433,69,06:00.0,3,15:00,433
776457172X,U,OB,1,1,585,122433,62,38:00.0,4,3:00,433
7764571739,U,OB,1,1,585,122433,69,21:00.0,3,14:00,433
7764571748,U,OB,1,1,310,121444,54,28:00.0,3,13:00,433
7764571766,U,OB,1,1,575,122433,69,17:00.0,3,14:00,433
7764571775,U,OB,1,1,526,122433,69,37:00.0,3,15:00,433
7764571784,U,OB,1,1,575,122433,69,07:00.0,3,14:00,433
7764571793,U,OB,1,1,580,122433,69,19:00.0,3,14:00,433
7764571802,U,OB,1,1,580,122433,69,12:00.0,3,15:00,433
7764571811,U,OB,1,1,575,118503,75,44:00.0,3,9:00,433
7764571820,U,OB,1,1,526,118503,75,48:00.0,3,11:00,433
776457183X,U,OB,1,1,263,118503,75,00:00.0,3,11:00,433
7764571849,U,OB,1,1,585,118503,75,27:00.0,3,12:00,433
7764571858,U,OB,1,1,570,118503,75,15:00.0,3,10:00,433
7764571867,U,OB,1,1,263,118503,75,06:00.0,3,11:00,433
7764571876,U,OB,1,1,526,118503,75,10:00.0,3,12:00,433
7764571885,U,OB,1,1,575,118503,75,46:00.0,3,11:00,433
7764571894,U,OB,1,1,263,118503,75,00:00.0,3,12:00,433
7764571912,U,OB,1,1,580,118503,75,39:00.0,3,9:00,433
7764571921,U,OB,1,1,575,118503,75,08:00.0,3,10:00,433
7764571930,U,OB,1,1,263,118503,75,10:00.0,3,10:00,433
776457194X,U,OB,1,1,263,118503,75,23:00.0,3,10:00,433
7764571959,U,OB,1,1,263,118503,75,23:00.0,3,12:00,433
7764571968,U,OB,1,1,305,118503,75,29:00.0,3,10:00,433
7764571977,U,OB,1,1,580,118503,75,19:00.0,3,12:00,433
7764571986,U,OB,1,1,245,121444,69,14:00.0,3,3:00,433
7764571995,U,OB,1,1,526,118503,75,38:00.0,3,10:00,433
7764572004,U,OB,1,1,263,118503,75,07:00.0,3,12:00,433
7764572013,U,OB,1,1,195,118503,75,37:00.0,3,9:00,433
7764572022,U,OB,1,2,1155,118503,75,36:00.0,3,10:00,433
7764572031,U,OB,1,3,1730,118503,85,29:00.0,3,12:00,433
7764572031,U,OB,1,3,1730,118503,75,59:00.0,3,9:00,433
7764572040,U,OB,1,1,585,123588,39,37:00.0,4,2:00,433
776457205X,U,OB,1,1,595,123588,27,38:00.0,4,2:00,433
776457205X,U,OB,1,1,595,123588,27,38:00.0,4,2:00,433
7764572069,U,OB,1,1,570,123588,39,52:00.0,4,3:00,433
7764572078,U,OB,1,1,590,123588,36,00:00.0,4,3:00,433
7764572078,U,OB,1,1,590,123588,36,00:00.0,4,3:00,433
7764572105,U,OB,1,1,570,123588,35,28:00.0,4,2:00,433
7764572105,U,OB,1,1,570,123588,39,27:00.0,4,2:00,433
7764572114,U,OB,1,1,575,128075,51,37:00.0,5,8:00,433
7764572123,U,OB,1,1,580,123588,39,16:00.0,4,3:00,433
7764572132,U,OB,1,1,575,123588,39,58:00.0,4,2:00,433
7764572141,U,OB,1,1,527,123588,39,34:00.0,4,2:00,433
7764572150,U,OB,1,1,575,123588,39,15:00.0,4,3:00,433
776457216X,U,OB,1,1,590,123588,39,48:00.0,4,3:00,433
7764572179,U,OB,1,1,585,123588,39,42:00.0,4,3:00,433
7764572188,U,OB,1,1,580,123588,39,21:00.0,4,3:00,433
7764572197,U,OB,1,1,600,126541,63,19:00.0,4,3:00,433
7764572206,U,OB,1,1,590,123588,85,45:00.0,4,2:00,433
7764572206,U,OB,1,1,590,123588,85,45:00.0,4,2:00,433
7764572215,U,OB,1,1,580,126541,63,35:00.0,4,4:00,433
7764572224,U,OB,1,1,585,123588,39,54:00.0,4,3:00,433
7764572233,U,OB,1,1,570,123588,39,36:00.0,4,2:00,433
7764572242,U,OB,1,1,526,123588,36,30:00.0,4,2:00,433
7764572242,U,OB,1,1,526,123588,36,30:00.0,4,2:00,433
7764572251,U,OB,1,1,620,123588,35,28:00.0,4,2:00,433
7764572251,U,OB,1,1,620,123588,35,28:00.0,4,2:00,433
7764572260,U,OB,1,1,605,123588,35,50:00.0,4,3:00,433
7764572260,U,OB,1,1,605,123588,35,50:00.0,4,3:00,433
776457227X,U,OB,1,1,585,123588,39,42:00.0,4,3:00,433
7764572289,U,OB,1,1,43,133457,58,52:00.0,6,17:00,433
7764572289,U,OB,1,1,43,133457,25,08:00.0,6,20:00,433
7764572298,U,OB,1,1,212,133457,58,26:00.0,6,17:00,433
7764572307,U,OB,1,1,212,133457,58,23:00.0,6,17:00,433
7764572307,U,OB,1,1,212,133457,79,57:00.0,6,22:00,433
7764572316,U,OB,1,1,212,133457,58,12:00.0,6,17:00,433
7764572316,U,OB,1,1,212,133457,66,07:00.0,7,10:00,433
7764572325,U,OB,1,1,280,133457,58,20:00.0,6,17:00,433
7764572334,U,OB,1,1,136,133457,58,55:00.0,6,17:00,433
7764572343,U,OB,1,1,210,133457,58,54:00.0,6,12:00,433
7764572361,U,OB,1,1,210,133457,58,16:00.0,6,12:00,433
7764572370,U,OB,1,1,70,133457,58,17:00.0,6,17:00,433
776457238X,U,OB,1,1,1102,133457,58,44:00.0,6,11:00,433
7764572399,U,OB,1,1,670,133457,58,48:00.0,6,11:00,433
7764572408,U,OB,1,1,210,133457,58,48:00.0,6,18:00,433
7764572417,U,OB,1,1,210,133457,58,50:00.0,6,17:00,433
7764572417,U,OB,1,1,210,133457,79,57:00.0,6,22:00,433
7764572426,U,OB,1,1,260,133457,79,58:00.0,6,22:00,433
7764572426,U,OB,1,1,260,133457,58,25:00.0,6,14:00,433
7764572435,U,OB,1,1,315,133457,58,42:00.0,6,17:00,433
7764572444,U,OB,1,1,107,133457,58,58:00.0,6,12:00,433
7764572462,U,OB,1,1,378,133457,58,57:00.0,6,19:00,433
7764572471,U,CTY,1,2,535,137803,E18 ,55:00.0,6,14:00,433
7764572480,U,OB,1,4,1640,133457,58,21:00.0,6,19:00,433
776457249X,U,OB,1,1,285,133457,58,46:00.0,6,17:00,433
7764572509,U,OB,1,1,755,133457,58,02:00.0,6,11:00,433
7764576514,U,OB,1,1,680,118588,96,30:00.0,7,6:00,433
7764576761,U,OB,1,2,2010,137465,69,48:00.0,6,15:00,433
7764576936,U,OB,1,1,450,202565,25,31:00.0,1,15:00,433
7764576936,U,OB,1,1,450,202565,52,30:00.0,1,15:00,433
7764576945,U,OB,1,1,335,202565,25,25:00.0,1,15:00,433
7764576945,U,OB,1,1,335,202565,25,25:00.0,1,15:00,433
7764576954,U,OB,1,2,2302,127193,84,36:00.0,7,12:00,433
7764576981,U,OB,1,11,1020,530856,73,15:00.0,1,13:00,433
776457700X,U,OB,1,4,4342,45680,61,41:00.0,5,12:00,433
776457700X,U,OB,1,4,4342,45680,61,41:00.0,5,12:00,433
7764577082,U,OB,1,4,1200,130908,60,34:00.0,3,13:00,433
7764577091,U,OB,1,2,1956,128515,40,37:00.0,3,5:00,433
776457711X,U,OB,1,2,1505,118588,96,04:00.0,7,7:00,433
7764577201,U,OB,1,2,370,127193,84,27:00.0,7,6:00,433
7764577210,U,OB,1,1,946,127193,84,48:00.0,7,6:00,433
7764577239,U,OB,1,1,125,281124,43,27:00.0,5,6:00,433
7764577248,U,OB,1,5,6425,133913,40,27:00.0,4,5:00,433
7764580016,U,OB,1,1,1460,136516,89,24:00.0,5,7:00,433
7764580025,U,OB,1,1,795,136298,58,25:00.0,6,5:00,433
7764580034,U,OB,1,1,215,136298,58,21:00.0,6,5:00,433
7764580043,U,OB,1,1,205,136298,58,19:00.0,6,5:00,433
7764580061,U,OB,1,1,255,136298,58,24:00.0,6,5:00,433
7764580070,U,OB,1,1,455,136516,89,14:00.0,5,7:00,433
7764580117,U,OB,1,6,2910,126443,84,20:00.0,6,13:00,433
7764580272,U,OB,1,1,2160,290367,76,50:00.0,3,8:00,433
7764580281,U,OB,1,2,3571,290367,76,49:00.0,3,9:00,433
776458030X,U,OB,1,1,840,290367,76,39:00.0,3,10:00,433
7764580319,U,OB,1,2,405,290367,76,43:00.0,3,10:00,433
7764580328,U,OB,1,2,650,290367,76,35:00.0,3,10:00,433
7764580337,U,OB,1,3,1625,290367,76,43:00.0,3,10:00,433
7764580346,U,OB,1,2,405,290367,76,31:00.0,3,10:00,433
7764580373,U,OB,1,1,435,136097,46,13:00.0,3,15:00,433
7764580539,U,OB,1,1,609,290274,46,41:00.0,5,19:00,433
7764580548,U,OB,1,2,1144,290274,46,58:00.0,5,19:00,433
7764580557,U,OB,1,1,300,290274,46,34:00.0,5,19:00,433
7764580584,U,OB,1,1,2240,140045,32,57:00.0,5,13:00,433
7764580620,U,OB,1,1,2295,117384,40,48:00.0,5,6:00,433
7764580658,U,OB,1,1,600,117384,40,38:00.0,5,6:00,433
7764580676,U,OB,1,1,566,139734,31,11:00.0,5,8:00,433
7764580712,U,OB,1,1,773,139734,31,47:00.0,5,8:00,433
7764580730,U,OB,1,1,830,139734,31,23:00.0,5,9:00,433
7764580777,U,OB,1,2,5095,124263,50,41:00.0,7,1:00,433
7764580786,U,OB,1,1,2850,124263,50,07:00.0,7,2:00,433
7764580795,U,OB,1,1,2550,134487,75,23:00.0,7,21:00,433
7764580804,U,OB,1,1,387,124123,43,34:00.0,1,19:00,433
7764580813,U,OB,1,1,540,134487,75,48:00.0,7,20:00,433
7764580822,U,OB,1,1,731,124123,43,32:00.0,1,19:00,433
7764580831,U,OB,1,1,476,124123,43,33:00.0,1,19:00,433
7764580869,U,OB,1,1,2295,130908,60,04:00.0,3,13:00,433
7764580878,U,OB,1,2,3572,121751,9,30:00.0,3,20:00,433
7764580878,U,OB,1,2,3572,121751,9,30:00.0,3,20:00,433
7764580887,U,OB,1,1,1786,121751,43,29:00.0,3,20:00,433
7764580896,U,OB,1,1,2160,130908,60,42:00.0,3,12:00,433
7764580914,U,OB,1,2,3571,130908,60,53:00.0,3,12:00,433
7764580923,U,OB,1,1,2160,130908,60,47:00.0,3,12:00,433
7764580941,U,OB,1,1,2114,130908,60,37:00.0,3,12:00,433
776458096X,U,OB,1,1,461,121751,43,25:00.0,3,20:00,433
776458096X,U,OB,1,1,461,121751,27,01:00.0,3,21:00,433
7764580988,U,OB,1,1,2160,119135,49,40:00.0,6,13:00,433
776458151X,U,OB,1,1,1819,560817,86,43:00.0,7,9:00,433
7764581529,U,OB,1,1,1250,560817,86,07:00.0,7,9:00,433
7764581538,U,OB,1,1,654,560817,86,46:00.0,7,9:00,433
7764581556,U,OB,1,1,565,560817,86,33:00.0,7,8:00,433
7764581565,U,OB,1,1,897,136268,49,32:00.0,3,4:00,433
7764581583,U,OB,1,1,501,277828,40,36:00.0,5,11:00,433
7764581648,U,OB,1,1,1395,126047,22,28:00.0,7,14:00,433
7764582014,U,OB,1,4,8501,125735,53,53:00.0,6,9:00,433
7764582032,U,OB,1,2,4320,125735,53,01:00.0,6,12:00,433
7764582050,U,OB,1,1,270,123163,74,22:00.0,6,9:00,433
776458206X,U,OB,1,5,10801,126047,22,23:00.0,7,16:00,433
7764596278,U,OB,1,1,2125,136268,49,39:00.0,3,3:00,433
7764596314,U,IB,1,3,3225,128578,133,28:00.0,4,12:00,433
7764600018,U,OB,1,3,5620,137031,46,27:00.0,6,7:00,433
7764600027,U,OB,1,85,15381,121776,84,46:00.0,7,1:00,433
7764600045,U,OB,1,2,2500,126076,31,28:00.0,1,9:00,433
7764600063,U,IB,1,6,42500,251450,150,48:00.0,5,20:00,433
7764600072,U,OB,1,1,106,118588,96,43:00.0,7,9:00,433
776460010X,U,OB,1,1,2028,128515,40,10:00.0,3,4:00,433
7764600200,U,OB,1,2,1050,125271,32,26:00.0,6,14:00,433
776460021X,U,OB,1,3,3170,119135,49,53:00.0,6,14:00,433
7764600238,U,OB,1,3,7865,119135,49,28:00.0,6,14:00,433
7764601035,U,OB,1,1,954,126202,55,59:00.0,4,5:00,433
7764601044,U,OB,1,1,70,126202,55,04:00.0,4,6:00,433
7764601127,U,OB,1,1,284,134610,74,43:00.0,5,10:00,433
7764601172,U,OB,1,1,150,126047,22,08:00.0,7,14:00,433
7764601291,U,OB,1,7,4120,135167,32,32:00.0,5,7:00,433
7764601300,U,OB,1,1,960,123402,43,07:00.0,6,5:00,433
776460131X,U,OB,1,1,498,126443,84,37:00.0,6,12:00,433
7764601401,U,OB,1,4,9715,136268,49,21:00.0,3,4:00,433
7764601439,U,OB,1,2,5155,123163,74,06:00.0,6,11:00,433
7764601466,U,OB,1,4,2850,118934,18,23:00.0,6,10:00,433
7764601475,U,OB,1,1,500,125735,53,43:00.0,6,9:00,433
7764601484,U,OB,1,1,2058,126047,22,48:00.0,7,13:00,433
7764601493,U,OB,1,1,940,132278,69,31:00.0,7,6:00,433
7764601778,U,OB,1,4,480,118588,96,49:00.0,7,9:00,433
7764601841,U,OB,1,1,2100,137803,48,39:00.0,7,0:00,433
7764601888,U,OB,1,1,70,133457,58,11:00.0,6,19:00,433
7764601897,U,OB,1,1,1260,124123,43,31:00.0,1,19:00,433
7764601897,U,OB,1,1,1260,124123,45,45:00.0,2,10:00,433
7764601906,U,OB,1,3,500,431209,26,36:00.0,7,16:00,433
7764601915,U,OB,1,3,8087,431209,26,02:00.0,7,18:00,433
7764601942,U,OB,1,1,89,117384,40,24:00.0,5,4:00,433
7764601989,U,OB,1,2,1385,291281,46,48:00.0,5,4:00,433
7764601998,U,IB,1,1,300,PASC634516,151,48:00.0,7,14:00,433
7764602007,U,IB,1,1,300,PASC634516,151,47:00.0,7,14:00,433
7764602016,U,OB,1,1,236,123402,43,57:00.0,6,4:00,433
7764602043,U,OB,1,2,900,129899,72,25:00.0,7,23:00,433
7764602052,U,OB,1,2,1305,134678,43,36:00.0,2,9:00,433
7764602061,U,OB,1,3,1275,134678,43,59:00.0,2,7:00,433
7764602070,U,OB,1,1,410,128784,31,38:00.0,7,11:00,433
776460208X,U,OB,1,1,425,128784,31,28:00.0,7,11:00,433
7764602099,U,OB,1,1,430,128784,31,35:00.0,7,11:00,433
7764602108,U,OB,1,1,405,128784,31,31:00.0,7,11:00,433
7764602144,U,OB,1,3,4836,136268,49,34:00.0,3,3:00,433
7764602171,U,OB,1,1,1722,559674,49,36:00.0,5,4:00,433
776460219X,U,OB,1,1,735,131883,46,47:00.0,6,7:00,433
7764602227,U,OB,1,16,2573,137465,69,31:00.0,6,18:00,433
7764602566,U,OB,1,1,1160,129729,52,01:00.0,5,21:00,433
7764602602,U,OB,1,1,700,122848,69,10:00.0,2,16:00,433
7764602602,U,OB,1,1,700,122848,40,38:00.0,1,7:00,433
7764602611,U,OB,1,3,6228,122848,40,43:00.0,1,7:00,433
7764602658,U,OB,1,4,9275,122848,40,54:00.0,1,7:00,433
7764602676,U,OB,1,2,2211,122848,40,17:00.0,1,8:00,433
7764602703,U,OB,1,1,1038,122848,40,57:00.0,1,7:00,433
7764602730,U,OB,1,2,3570,128874,56,19:00.0,1,14:00,433
7764602730,U,OB,1,2,3570,128874,17,29:00.0,1,12:00,433
776460274X,U,OB,1,1,280,121751,43,12:00.0,3,20:00,433
7764602759,U,OB,1,1,1241,121751,43,03:00.0,3,20:00,433
7764602786,U,OB,1,1,684,128874,69,09:00.0,2,16:00,433
7764602786,U,OB,1,1,684,128874,17,33:00.0,1,12:00,433
7764602795,U,OB,1,1,1104,126076,31,40:00.0,1,8:00,433
7764602813,U,OB,1,1,2208,126076,31,20:00.0,1,9:00,433
7764602822,U,OB,1,1,610,126076,31,02:00.0,1,9:00,433
7764602831,U,OB,1,1,541,126076,31,12:00.0,1,9:00,433
7764602831,U,OB,1,1,541,126076,13,07:00.0,2,13:00,433
7764602840,U,OB,1,1,431,132052,39,06:00.0,5,8:00,433
776460285X,U,OB,1,1,177,132052,39,12:00.0,5,8:00,433
7764602869,U,OB,1,1,510,121751,43,14:00.0,3,20:00,433
7764602878,U,OB,1,1,2916,121751,43,08:00.0,3,20:00,433
7764602887,U,OB,1,1,1638,121751,43,10:00.0,3,20:00,433
7764602979,U,OB,1,1,195,132052,39,11:00.0,5,8:00,433
7764602988,U,OB,1,1,256,132052,39,07:00.0,5,8:00,433
7764602997,U,OB,1,2,2825,134678,43,06:00.0,2,9:00,433
7764603006,U,OB,1,1,1670,126202,55,21:00.0,4,6:00,433
7764603015,U,OB,1,1,1620,138710,58,03:00.0,4,5:00,433
7764603024,U,OB,1,2,5517,138710,58,57:00.0,4,4:00,433
776460307X,U,OB,1,1,2599,138710,58,00:00.0,4,5:00,433
7764603143,U,OB,1,1,368,137465,69,01:00.0,6,16:00,433
7764603170,U,OB,1,2,3535,137465,69,11:00.0,6,16:00,433
7764603199,U,OB,1,1,400,137465,69,42:00.0,6,15:00,433
7764603217,U,OB,1,1,1182,125735,53,41:00.0,6,9:00,433
7764603271,U,OB,1,1,1998,123402,42,03:00.0,6,5:00,433
7764603271,U,OB,1,1,1998,123402,43,02:00.0,6,5:00,433
7764603354,U,OB,1,3,4570,123402,43,30:00.0,6,4:00,433
7764603419,U,OB,1,2,2403,126202,55,28:00.0,4,6:00,433
7764603437,U,OB,1,1,810,126202,55,32:00.0,4,6:00,433
7764603446,U,OB,1,2,3070,127860,60,29:00.0,4,6:00,433
776460351X,U,OB,1,1,810,125035,31,24:00.0,3,11:00,433
7764603529,U,OB,1,1,412,125035,31,22:00.0,3,11:00,433
7764603538,U,OB,1,1,2277,125035,31,43:00.0,3,12:00,433
7764603547,U,OB,1,1,745,125035,31,31:00.0,3,12:00,433
7764603556,U,OB,1,1,412,125035,31,35:00.0,3,11:00,433
7764603565,U,OB,1,1,1539,125035,31,34:00.0,3,12:00,433
7764603574,U,OB,1,3,7632,291199,55,34:00.0,3,3:00,433
7764603610,U,OB,1,3,2160,126202,55,53:00.0,4,5:00,433
7764603648,U,OB,1,1,155,126202,55,07:00.0,4,6:00,433
7764603657,U,OB,1,1,1640,126202,55,09:00.0,4,6:00,433
7764603657,U,OB,1,1,1640,126202,42,22:00.0,4,6:00,433
7764603666,U,OB,1,1,552,126202,55,57:00.0,4,5:00,433
7764603684,U,OB,1,2,3645,126202,55,14:00.0,4,6:00,433
7764603702,U,OB,1,1,1660,127860,60,19:00.0,4,4:00,433
7764603720,U,OB,1,2,4320,559674,49,28:00.0,5,4:00,433
7764603785,U,OB,1,1,2358,128784,31,11:00.0,7,10:00,433
7764603821,U,OB,1,3,4299,129899,72,25:00.0,1,6:00,433
7764603868,U,OB,1,2,3315,129899,72,12:00.0,1,7:00,433
7764603922,U,OB,1,5,10857,277828,40,28:00.0,5,11:00,433
7764604088,U,OB,1,2,2320,132278,69,17:00.0,7,6:00,433
7764606562,U,OB,1,2,3365,130708,49,15:00.0,5,13:00,433
7764606571,U,OB,1,1,110,290274,46,39:00.0,5,18:00,433
7764606609,U,OB,1,1,164,130708,49,18:00.0,5,10:00,433
776460670X,U,OB,1,1,815,121678,90,56:00.0,6,4:00,433
7764606746,U,OB,1,3,5184,277458,48,20:00.0,6,19:00,433
7764606800,U,OB,1,2,3375,130708,49,32:00.0,5,10:00,433
776460681X,U,OB,1,1,306,130708,49,35:00.0,5,10:00,433
7764606838,U,OB,1,1,2025,130708,49,45:00.0,5,10:00,433
7764606856,U,OB,1,6,4230,290274,46,58:00.0,5,17:00,433
7764606874,U,OB,1,2,3280,130708,49,43:00.0,5,11:00,433
7764606939,U,OB,1,2,5248,277458,48,10:00.0,6,19:00,433
7764606966,U,OB,1,1,205,277458,48,06:00.0,6,19:00,433
7764606984,U,OB,1,4,5532,290274,46,34:00.0,5,18:00,433
7764607076,U,OB,1,2,4100,290274,46,42:00.0,5,18:00,433
776460714X,U,OB,1,1,1688,137920,53,18:00.0,5,18:00,433
7764607159,U,OB,1,1,2250,121678,90,31:00.0,6,4:00,433
7764607195,U,OB,1,1,276,130844,40,30:00.0,1,14:00,433
7764607213,U,OB,1,1,270,277458,48,02:00.0,6,19:00,433
7764607222,U,OB,1,1,2208,277458,48,53:00.0,6,18:00,433
776460725X,U,OB,1,3,6228,126076,31,08:00.0,1,9:00,433
7764607278,U,OB,1,1,1299,121678,90,23:00.0,6,5:00,433
7764607287,U,OB,1,2,2866,290274,46,26:00.0,5,17:00,433
776460736X,U,OB,1,1,1672,121678,90,30:00.0,6,5:00,433
7764607379,U,OB,1,1,164,122948,88,17:00.0,6,16:00,433
7764607388,U,OB,1,1,984,121678,90,05:00.0,6,5:00,433
7764607415,U,OB,1,1,390,122848,40,36:00.0,1,7:00,433
7764607460,U,OB,1,2,3585,121751,43,45:00.0,3,19:00,433
776460747X,U,OB,1,1,406,121751,43,15:00.0,3,19:00,433
7764607498,U,OB,1,1,545,121875,51,12:00.0,3,20:00,433
7764607507,U,OB,1,2,2964,121751,43,49:00.0,3,19:00,433
7764610275,U,OB,1,1,245,129725,53,20:00.0,5,14:00,433
7764610284,U,OB,1,1,255,131324,14,01:00.0,5,10:00,433
7764617636,U,OB,1,1,930,136097,46,02:00.0,3,16:00,433
7764617883,U,IB,1,1,1279,123558,129,40:00.0,1,16:00,433
7764618011,U,OB,1,1,292,140045,32,10:00.0,5,14:00,433
7764618049,U,OB,1,1,799,140045,32,51:00.0,5,13:00,433
7764618058,U,OB,1,1,897,122948,88,38:00.0,6,15:00,433
7764618094,U,OB,1,5,562,131137,53,39:00.0,1,10:00,433
7764618186,U,OB,1,1,2125,136855,73,36:00.0,4,5:00,433
7764618195,U,OB,1,1,2165,138710,58,22:00.0,4,5:00,433
7764618231,U,OB,1,1,2240,138710,58,46:00.0,4,6:00,433
7764618269,U,OB,1,5,3195,560817,86,09:00.0,7,7:00,433
7764618287,U,OB,1,3,7920,559674,49,21:00.0,5,10:00,433
7764618745,U,OB,1,1,984,202025,48,38:00.0,3,12:00,433
7764618754,U,OB,1,1,944,134468,76,15:00.0,4,9:00,433
7764618965,U,OB,1,1,1553,135585,40,51:00.0,4,8:00,433
7764618965,U,OB,1,1,1553,135585,27,34:00.0,4,10:00,433
7764618974,U,OB,1,5,6976,202196,49,03:00.0,4,8:00,433
7764618992,U,OB,1,2,1515,135585,40,41:00.0,4,8:00,433
7764619149,U,OB,1,1,2624,202025,48,43:00.0,3,12:00,433
7764619158,U,OB,1,1,612,202025,48,36:00.0,3,12:00,433
7764619185,U,OB,1,1,275,202025,48,16:00.0,3,13:00,433
7764619203,U,OB,1,2,2100,202025,48,44:00.0,3,13:00,433
7764619212,U,OB,1,3,6380,202025,48,42:00.0,3,12:00,433
7764619230,U,OB,1,1,1635,202025,48,13:00.0,3,12:00,433
776461924X,U,OB,1,1,1028,134468,76,09:00.0,4,10:00,433
7764619259,U,OB,1,1,908,134468,76,24:00.0,4,8:00,433
7764619432,U,OB,1,1,1735,135253,32,00:00.0,3,13:00,433
7764619441,U,OB,1,1,480,135253,32,00:00.0,3,14:00,433
7764619488,U,OB,1,2,2645,135253,32,24:00.0,3,14:00,433
7764619497,U,OB,1,1,512,135253,32,23:00.0,3,14:00,433
7764619506,U,OB,1,1,1024,135253,32,26:00.0,3,14:00,433
7764619661,U,OB,1,1,410,135730,52,56:00.0,3,0:00,433
7764619670,U,OB,1,1,2195,202025,48,51:00.0,3,12:00,433
7764619717,U,OB,1,2,3647,135730,52,25:00.0,3,1:00,433
7764619726,U,OB,1,1,1638,135730,52,16:00.0,3,1:00,433
776461990X,U,OB,1,1,110,530856,73,46:00.0,1,9:00,433
7764619919,U,OB,1,1,335,530856,73,55:00.0,1,10:00,433
7764619928,U,OB,1,2,2852,202565,52,07:00.0,1,19:00,433
7764619946,U,OB,1,1,182,134468,76,55:00.0,4,10:00,433
7764619964,U,OB,1,1,705,118304,33,22:00.0,6,14:00,433
7764619964,U,OB,1,1,705,118304,33,22:00.0,6,14:00,433
7764619973,U,IB,1,1,216,136097,106,02:00.0,4,5:00,433
7764619973,U,OB,1,1,216,136097,46,25:00.0,3,16:00,433
7764619982,U,OB,1,1,855,140262,50,44:00.0,3,13:00,433
7764620698,U,OB,1,5,2565,261017,63,09:00.0,6,4:00,433
7764622081,U,OB,1,3,2595,138036,47,48:00.0,1,9:00,433
776462210X,U,OB,1,1,320,138036,36,33:00.0,1,9:00,433
776462210X,U,OB,1,1,320,138036,36,33:00.0,1,9:00,433
7764622146,U,OB,1,1,440,138036,47,21:00.0,1,9:00,433
7764622274,U,OB,1,1,2550,530856,73,26:00.0,1,11:00,433
7764622283,U,OB,1,1,383,530856,73,00:00.0,1,11:00,433
7764622292,U,OB,1,2,2205,530856,73,48:00.0,1,11:00,433
7764622301,U,OB,1,1,930,530856,73,50:00.0,1,10:00,433
7764622310,U,OB,1,2,480,530856,73,40:00.0,1,11:00,433
776462232X,U,OB,1,1,610,530856,73,48:00.0,1,10:00,433
7764622339,U,OB,1,1,335,202565,52,53:00.0,1,17:00,433
7764622348,U,OB,1,1,320,530856,73,58:00.0,1,10:00,433
7764622366,U,OB,1,1,1785,127860,60,15:00.0,4,7:00,433
7764622375,U,OB,1,1,2160,127860,60,36:00.0,4,7:00,433
7764622411,U,OB,1,1,2160,277828,40,33:00.0,5,11:00,433
7764622420,U,OB,1,1,2160,277828,40,30:00.0,5,11:00,433
7764622449,U,OB,1,1,2125,277828,40,53:00.0,5,12:00,433
7764622806,U,OB,1,1,540,138036,47,28:00.0,1,9:00,433
7764622824,U,OB,1,1,895,129854,30,30:00.0,1,11:00,433
7764622851,U,IB,1,5,2210,137630,101,17:00.0,1,11:00,433
7764622860,U,IB,1,5,1804,137630,101,47:00.0,1,10:00,433
7764622907,U,OB,1,1,105,134610,74,07:00.0,5,11:00,433
7764622925,U,OB,1,1,345,126047,22,22:00.0,7,16:00,433
7764623017,U,OB,1,1,90,136516,89,32:00.0,5,10:00,433
7764623026,U,OB,1,1,415,136516,89,47:00.0,5,11:00,433
7764623053,U,OB,1,19,675,291219,48,02:00.0,7,4:00,433
7764623062,U,OB,1,19,675,291219,48,19:00.0,7,4:00,433
7764623118,U,OB,1,1,705,291219,48,18:00.0,7,3:00,433
7764623136,U,OB,1,2,555,128090,26,04:00.0,7,11:00,433
7764623264,U,OB,1,1,1785,128075,51,23:00.0,5,9:00,433
7764623282,U,OB,1,1,438,128075,51,51:00.0,5,6:00,433
7764623282,U,OB,1,1,438,128075,44,52:00.0,5,6:00,433
7764623300,U,OB,1,1,210,137920,53,43:00.0,5,20:00,433
7764623338,U,OB,1,1,210,137920,53,04:00.0,5,19:00,433
7764623347,U,OB,1,1,210,137920,81,14:00.0,5,20:00,433
7764623347,U,OB,1,1,210,137920,53,46:00.0,5,18:00,433
7764623365,U,OB,1,1,210,137920,53,40:00.0,5,18:00,433
7764623374,U,OB,1,1,210,137920,81,14:00.0,5,20:00,433
7764623374,U,OB,1,1,210,137920,53,51:00.0,5,18:00,433
7764623401,U,OB,1,1,355,137920,53,10:00.0,5,20:00,433
7764623410,U,OB,1,1,1277,137920,53,58:00.0,5,19:00,433
776462342X,U,OB,1,1,1277,137920,53,26:00.0,5,19:00,433
7764623439,U,OB,1,1,290,137920,53,34:00.0,5,18:00,433
7764623448,U,OB,1,1,335,137920,53,02:00.0,5,20:00,433
7764623457,U,OB,1,3,175,137920,53,45:00.0,5,20:00,433
7764623466,U,OB,1,1,165,137920,53,47:00.0,5,19:00,433
7764623475,U,OB,1,1,170,137920,53,35:00.0,5,19:00,433
7764623484,U,OB,1,1,113,137920,53,15:00.0,5,18:00,433
7764623493,U,OB,1,1,195,137920,53,30:00.0,5,19:00,433
7764623502,U,OB,1,1,201,137920,53,50:00.0,5,19:00,433
7764623511,U,CTY,1,1,260,128578,E6  ,54:00.0,4,6:00,433
7764623511,U,OB,1,1,260,128578,58,23:00.0,4,7:00,433
7764624510,U,OB,1,1,155,117384,15,33:00.0,5,4:00,433
7764624510,U,OB,1,1,155,117384,40,23:00.0,5,4:00,433
7764624539,U,OB,1,3,1677,123402,43,43:00.0,6,6:00,433
7764624566,U,OB,1,1,250,128784,31,13:00.0,7,10:00,433
7764624575,U,OB,1,1,185,128784,31,45:00.0,7,13:00,433
7764626519,U,OB,1,4,4415,45680,67,21:00.0,5,12:00,433
7764626528,U,IB,1,5,5605,134490,117,39:00.0,5,4:00,433
7764626537,U,OB,1,1,1300,136516,89,18:00.0,5,9:00,433
7764626573,U,OB,1,6,1350,133913,40,24:00.0,4,5:00,433
7764626591,U,OB,1,1,788,135485,89,19:00.0,1,11:00,433
7764626600,U,OB,1,1,710,138036,47,25:00.0,1,9:00,433
776462661X,U,IB,1,1,774,137630,101,19:00.0,1,11:00,433
7764626629,U,OB,1,1,2000,135485,89,22:00.0,1,11:00,433
7764627206,U,OB,1,1,1385,136358,60,34:00.0,4,1:00,433
7764627215,U,OB,1,1,294,136358,60,17:00.0,4,3:00,433
776462782X,U,OB,1,1,87,133944,53,13:00.0,2,16:00,433
7764627839,U,OB,1,4,6005,138036,47,26:00.0,1,10:00,433
7764627857,U,OB,1,3,5880,133944,14,35:00.0,2,21:00,433
7764627875,U,OB,1,1,590,133944,14,17:00.0,2,22:00,433
7764627884,U,OB,1,1,782,133944,14,49:00.0,2,22:00,433
7764627893,U,OB,1,1,300,133944,14,52:00.0,2,22:00,433
7764627902,U,OB,1,1,300,133944,14,54:00.0,2,22:00,433
7764627911,U,OB,1,8,312,530683,66,31:00.0,1,13:00,433
7764627920,U,OB,1,4,164,530683,66,09:00.0,1,16:00,433
776462793X,U,IB,1,1,415,137630,101,30:00.0,1,8:00,433
7764627967,U,OB,1,1,56,530683,66,44:00.0,1,14:00,433
7764627976,U,OB,1,1,236,530683,66,56:00.0,1,13:00,433
7764628883,U,IB,1,1,305,291216,149,07:00.0,7,21:00,433
7764634228,U,OB,1,1,275,125918,88,31:00.0,1,10:00,433
7764634237,U,OB,1,1,1277,125918,88,58:00.0,1,10:00,433
7764634246,U,OB,1,1,200,125918,88,54:00.0,1,10:00,433
7764634255,U,OB,1,1,355,125918,88,57:00.0,1,10:00,433
7764634264,U,OB,1,1,315,125918,88,34:00.0,1,10:00,433
7764634273,U,OB,1,1,1277,125918,88,02:00.0,1,10:00,433
7764634282,U,OB,1,1,203,125918,88,50:00.0,1,10:00,433
7764634291,U,OB,1,1,310,125918,88,38:00.0,1,10:00,433
7764634300,U,OB,1,1,380,125918,88,54:00.0,1,9:00,433
776463431X,U,OB,1,4,3819,125918,88,04:00.0,1,11:00,433
7764634329,U,OB,1,1,205,125918,88,30:00.0,1,10:00,433
7764634338,U,OB,1,1,265,125918,88,44:00.0,1,10:00,433
7764634347,U,OB,1,1,245,125918,88,26:00.0,1,10:00,433
7764634356,U,OB,1,1,205,125918,88,40:00.0,1,10:00,433
7764634365,U,OB,1,1,250,125918,88,47:00.0,1,10:00,433
7764634374,U,OB,1,1,250,125918,88,28:00.0,1,10:00,433
7764634383,U,OB,1,1,275,125918,88,00:00.0,1,11:00,433
7764634392,U,OB,1,1,265,125918,88,35:00.0,1,10:00,433
7764634401,U,OB,1,1,98,125918,88,52:00.0,1,10:00,433
7764634410,U,OB,1,1,275,125918,88,25:00.0,1,10:00,433
7764634448,U,OB,1,1,195,133252,74,42:00.0,4,10:00,433
7764634457,U,OB,1,1,195,133252,74,45:00.0,4,9:00,433
7764634475,U,OB,1,1,1277,133252,74,29:00.0,4,8:00,433
7764634493,U,OB,1,1,177,133252,74,57:00.0,4,9:00,433
7764634558,U,OB,1,1,455,133252,74,48:00.0,4,10:00,433
7764634576,U,OB,1,1,194,133252,74,21:00.0,4,10:00,433
7764634585,U,OB,1,1,185,133252,74,33:00.0,4,10:00,433
7764634612,U,OB,1,1,285,133252,74,26:00.0,4,10:00,433
7764634621,U,OB,1,2,450,133252,74,52:00.0,4,9:00,433
7764634659,U,OB,1,1,310,133252,74,05:00.0,4,10:00,433
7764634668,U,OB,1,1,310,133252,74,55:00.0,4,10:00,433
7764634677,U,OB,1,1,184,133252,74,17:00.0,4,10:00,433
7764634695,U,OB,1,1,177,133252,74,59:00.0,4,10:00,433
7764634704,U,OB,1,1,395,133252,74,10:00.0,4,10:00,433
7764634713,U,OB,1,1,197,133252,74,02:00.0,4,11:00,433
7764634722,U,OB,1,1,310,261017,63,41:00.0,6,6:00,433
7764634731,U,OB,1,1,430,290257,31,11:00.0,5,13:00,433
7764634740,U,OB,1,2,680,290257,31,08:00.0,5,13:00,433
776463475X,U,OB,1,1,300,290257,31,10:00.0,5,13:00,433
7764636262,U,OB,1,1,164,134468,76,28:00.0,4,10:00,433
7764636271,U,OB,1,1,226,134468,76,30:00.0,4,10:00,433
7764636280,U,OB,1,1,623,134468,76,39:00.0,4,10:00,433
776463629X,U,OB,1,1,629,134468,76,24:00.0,4,10:00,433
7764636318,U,OB,1,1,109,128075,51,41:00.0,5,8:00,433
7764636372,U,OB,1,1,198,290274,46,04:00.0,5,19:00,433
7764636419,U,OB,1,1,134,121678,90,26:00.0,6,6:00,433
7764636482,U,OB,1,1,200,290274,46,15:00.0,5,19:00,433
7764636491,U,OB,1,1,111,140045,32,25:00.0,5,13:00,433
7764636500,U,OB,1,1,256,290274,46,10:00.0,5,19:00,433
7764636702,U,OB,1,1,300,261384,50,19:00.0,3,8:00,433
7764636711,U,OB,1,1,191,261384,50,58:00.0,3,6:00,433
7764636758,U,OB,1,1,285,261384,50,49:00.0,3,7:00,433
7764636767,U,OB,1,1,90,202196,49,38:00.0,4,6:00,433
7764636812,U,OB,1,1,338,202196,49,41:00.0,4,7:00,433
7764636821,U,OB,1,1,465,202196,49,17:00.0,4,6:00,433
7764636830,U,OB,1,1,374,117384,40,43:00.0,5,5:00,433
7764636904,U,OB,1,1,145,559674,49,49:00.0,5,4:00,433
7764636913,U,OB,1,1,328,134610,74,49:00.0,5,10:00,433
7764636922,U,OB,1,1,715,134610,74,11:00.0,5,11:00,433
7764636931,U,OB,1,1,205,126047,22,13:00.0,7,16:00,433
7764637142,U,OB,1,1,160,261384,50,22:00.0,3,8:00,433
7764637151,U,OB,1,1,200,261384,50,02:00.0,3,7:00,433
776463717X,U,OB,1,1,161,261384,50,28:00.0,3,6:00,433
7764637189,U,OB,1,1,230,261384,50,53:00.0,3,7:00,433
7764637198,U,OB,1,1,205,261384,50,14:00.0,3,7:00,433
7764637207,U,OB,1,1,680,261384,50,12:00.0,3,7:00,433
7764637234,U,OB,1,1,371,261384,50,36:00.0,3,6:00,433
7764637243,U,OB,1,1,147,261384,50,16:00.0,3,7:00,433
7764637252,U,OB,1,1,245,135253,32,57:00.0,3,12:00,433
776463827X,U,OB,1,1,2500,277828,40,13:00.0,5,13:00,433
7764638289,U,OB,1,1,2500,134610,74,13:00.0,5,11:00,433
7764638316,U,OB,1,1,780,559674,49,10:00.0,5,13:00,433
7764638518,U,OB,1,1,620,261017,63,38:00.0,6,6:00,433
7764638527,U,OB,1,1,75,202565,52,29:00.0,1,16:00,433
7764638536,U,OB,1,5,2570,128075,51,05:00.0,5,5:00,433
7764638545,U,OB,1,1,436,128075,51,05:00.0,5,4:00,433
7764638563,U,OB,1,1,203,134015,72,44:00.0,4,11:00,433
7764638655,U,OB,1,1,209,119135,49,44:00.0,6,13:00,433
7764638747,U,OB,1,1,550,136298,58,12:00.0,6,5:00,433
7764638756,U,OB,1,5,12500,129725,53,53:00.0,5,14:00,433
7764639517,U,OB,1,1,250,560817,86,32:00.0,7,6:00,433
7764639535,U,OB,1,1,495,134673,22,16:00.0,7,15:00,433
7764639544,U,OB,1,4,4080,134673,22,06:00.0,7,19:00,433
7764639553,U,OB,1,1,928,128013,89,47:00.0,7,12:00,433
7764639562,U,OB,1,1,175,291199,55,39:00.0,3,4:00,433
776463959X,U,OB,1,1,3700,131883,46,43:00.0,6,6:00,433
7764639654,U,OB,1,4,477,132278,69,03:00.0,7,10:00,433
7764639663,U,OB,1,2,1296,126047,22,56:00.0,7,13:00,433
7764639966,U,OB,1,11,217,290164,17,53:00.0,7,22:00,433
7764639975,U,OB,1,2,1566,131137,53,45:00.0,1,9:00,433
7764639984,U,OB,1,1,450,130908,60,27:00.0,3,12:00,433
7764640269,U,OB,1,1,221,134015,72,57:00.0,4,11:00,433
7764640287,U,OB,1,1,175,130708,49,01:00.0,5,11:00,433
7764640323,U,OB,1,1,240,130708,49,07:00.0,5,12:00,433
7764640332,U,OB,1,6,4195,121678,90,41:00.0,6,6:00,433
7764640341,U,OB,1,1,225,140045,32,46:00.0,5,13:00,433
7764640379,U,OB,1,2,6760,290164,17,37:00.0,7,22:00,433
7764640388,U,OB,1,1,475,134487,75,45:00.0,7,21:00,433
7764640397,U,OB,1,1,323,134487,75,00:00.0,7,22:00,433
7764640424,U,OB,1,5,1173,134673,22,26:00.0,7,18:00,433
7764640442,U,OB,1,1,1125,134673,22,51:00.0,7,18:00,433
7764640451,U,OB,1,1,430,134673,22,18:00.0,7,15:00,433
7764640498,U,OB,1,1,600,134610,74,41:00.0,5,10:00,433
7764640507,U,OB,1,1,486,126541,63,10:00.0,4,4:00,433
7764640965,U,OB,1,1,310,129725,53,07:00.0,5,16:00,433
7764640974,U,OB,1,1,300,136298,58,48:00.0,6,4:00,433
7764641001,U,IB,1,3,4531,134490,117,42:00.0,5,4:00,433
7764643513,U,OB,1,1,1450,119135,49,58:00.0,6,14:00,433
7764643522,U,OB,1,1,710,128013,89,08:00.0,7,13:00,433
7764645145,U,OB,1,1,755,125035,31,57:00.0,3,13:00,433
7764645300,U,OB,1,2,860,138036,47,22:00.0,1,10:00,433
7764645401,U,OB,1,6,7347,135485,89,25:00.0,1,10:00,433
776464542X,U,IB,1,1,710,137630,101,14:00.0,1,8:00,433
7764645457,U,OB,1,2,530,202025,48,15:00.0,3,13:00,433
7764645466,U,OB,1,1,3365,202025,48,11:00.0,3,13:00,433
7764645475,U,OB,1,3,2319,135730,52,03:00.0,3,1:00,433
776464553X,U,OB,1,2,676,134468,76,07:00.0,4,11:00,433
7764645549,U,OB,1,1,396,135585,40,28:00.0,4,8:00,433
7764645612,U,OB,1,1,2570,136516,89,06:00.0,5,9:00,433
7764645621,U,CTY,1,14,5034,125049,215,56:00.0,1,1:00,433
7764645621,U,OB,1,14,5034,125049,18,14:00.0,7,3:00,433
7764645668,U,OB,1,1,240,261017,63,44:00.0,6,4:00,433
7764645677,U,OB,1,1,700,127193,84,31:00.0,7,8:00,433
7764645787,U,OB,1,1,79,134015,72,37:00.0,4,13:00,433
7764645814,U,OB,1,2,1669,121678,90,45:00.0,6,5:00,433
7764645888,U,IB,1,3,5421,530159,105,03:00.0,7,9:00,433
7764645897,U,IB,1,2,2966,530159,105,56:00.0,7,8:00,433
7764645906,U,IB,1,1,1908,530159,105,50:00.0,7,8:00,433
7764645915,U,IB,1,4,9685,530159,105,48:00.0,7,7:00,433
7764645924,U,IB,1,1,352,530159,105,31:00.0,7,6:00,433
7764645933,U,IB,1,2,611,530159,105,49:00.0,7,6:00,433
7764645933,U,OB,1,2,611,530159,61,00:00.0,7,7:00,433
7764645942,U,IB,1,1,945,530159,105,43:00.0,7,6:00,433
7764645951,U,IB,1,2,201,530159,105,44:00.0,7,8:00,433
7764645960,U,IB,1,1,396,530159,105,01:00.0,7,7:00,433
776464597X,U,OB,1,1,42,130908,60,19:00.0,3,12:00,433
7764646070,U,OB,1,1,1366,139734,31,15:00.0,5,7:00,433
776464608X,U,OB,1,5,7995,117384,40,01:00.0,5,6:00,433
776464608X,U,OB,1,5,7995,117384,13,39:00.0,5,6:00,433
7764646144,U,OB,1,1,2500,128013,62,17:00.0,7,14:00,433
7764646144,U,OB,1,1,2500,128013,62,17:00.0,7,14:00,433
7764646153,U,OB,1,1,890,123402,43,54:00.0,6,4:00,433
7764646171,U,OB,1,1,504,128013,89,18:00.0,7,14:00,433
7764646171,U,CTY,1,1,504,128013,183,19:00.0,7,14:00,433
7764646180,U,OB,1,1,504,128013,89,13:00.0,7,14:00,433
776464619X,U,OB,1,1,504,128013,89,10:00.0,7,14:00,433
7764646209,U,OB,1,1,504,128013,89,03:00.0,7,14:00,433
7764646218,U,OB,1,1,504,128013,89,14:00.0,7,14:00,433
7764646218,U,OB,1,1,504,128013,89,14:00.0,7,14:00,433
7764646227,U,OB,1,1,504,128013,89,59:00.0,7,13:00,433
7764646263,U,IB,1,1,504,128013,110,08:00.0,7,14:00,433
7764646263,U,IB,1,1,504,128013,110,08:00.0,7,14:00,433
7764646272,U,OB,1,1,504,128013,89,50:00.0,7,13:00,433
7764646281,U,OB,1,1,504,128013,89,52:00.0,7,13:00,433
776464630X,U,OB,1,1,504,128013,89,01:00.0,7,14:00,433
7764646319,U,OB,1,1,504,128013,89,58:00.0,7,13:00,433
7764646328,U,OB,1,1,504,128013,89,49:00.0,7,13:00,433
7764646337,U,OB,1,1,504,128013,89,46:00.0,7,13:00,433
7764646373,U,OB,1,1,504,128013,89,42:00.0,7,13:00,433
7764646474,U,OB,1,8,5180,291199,11,36:00.0,3,6:00,433
7764646777,U,OB,1,1,1700,134678,43,13:00.0,2,8:00,433
7764646786,U,OB,1,1,3695,125035,31,00:00.0,3,14:00,433
7764646795,U,OB,1,1,504,559674,49,50:00.0,5,6:00,433
7764646887,U,OB,1,5,359,138472,14,57:00.0,7,8:00,433
7764646905,U,OB,1,4,8860,132278,69,12:00.0,7,7:00,433
7764646923,U,OB,1,1,85,132278,69,39:00.0,7,10:00,433
7764647657,U,OB,1,1,100,127404,53,39:00.0,4,11:00,433
7764647666,U,OB,1,1,52,128013,89,24:00.0,7,13:00,433
7764647684,U,OB,1,14,251,129514,26,12:00.0,6,13:00,433
7764647821,U,OB,1,7,1690,202565,25,46:00.0,1,21:00,433
7764647821,U,OB,1,7,1690,202565,52,23:00.0,1,19:00,433
7764648454,U,OB,1,5,7000,291281,46,16:00.0,5,5:00,433
7764648519,U,OB,1,1,67,131790,5,15:00.0,3,9:00,433
7764648591,U,OB,1,1,1068,135730,52,53:00.0,3,0:00,433
7764648600,U,OB,1,7,1290,136358,60,49:00.0,4,1:00,433
7764648674,U,OB,1,2,3860,202196,49,48:00.0,4,6:00,433
776464872X,U,OB,1,8,195,45680,67,37:00.0,5,11:00,433
7764648739,U,OB,1,1,758,136516,89,40:00.0,5,11:00,433
7764648757,U,OB,1,1,510,290257,31,15:00.0,5,12:00,433
7764648775,U,OB,1,37,908,137803,48,36:00.0,7,5:00,433
7764648784,U,OB,1,22,395,133457,58,28:00.0,6,18:00,433
7764648793,U,OB,1,13,273,126076,31,37:00.0,1,9:00,433
7764648811,U,OB,1,24,540,134678,43,38:00.0,2,12:00,433
7764648820,U,OB,1,19,440,134678,43,39:00.0,2,12:00,433
776465026X,U,OB,1,4,3859,121820,31,18:00.0,3,20:00,433
7764650288,U,OB,1,8,4680,121820,31,25:00.0,3,19:00,433
7764650342,U,OB,1,2,1740,131478,48,31:00.0,3,4:00,433
7764650782,U,OB,1,1,500,136855,73,41:00.0,4,5:00,433
7764650791,U,OB,1,1,625,136855,73,24:00.0,4,6:00,433
7764650800,U,OB,1,1,150,136855,5,50:00.0,4,14:00,433
7764650800,U,OB,1,1,150,136855,73,54:00.0,4,5:00,433
776465081X,U,OB,1,1,228,136855,73,40:00.0,4,6:00,433
7764651058,U,OB,1,2,1850,202400,67,30:00.0,3,11:00,433
7764651121,U,OB,1,1,130,128090,26,53:00.0,7,10:00,433
7764651130,U,OB,1,4,8235,128090,26,13:00.0,7,11:00,433
776465114X,U,OB,1,1,445,137803,48,11:00.0,7,1:00,433
7764652515,U,OB,1,1,1020,136097,5,42:00.0,5,3:00,433
7764652515,U,OB,1,1,1020,136097,46,12:00.0,3,16:00,433
7764652524,U,OB,1,1,1026,136097,46,06:00.0,3,16:00,433
7764652533,U,OB,1,1,3078,136097,46,42:00.0,3,16:00,433
7764652542,U,OB,1,1,513,138184,52,17:00.0,3,13:00,433
7764652551,U,OB,1,1,1026,138184,52,25:00.0,3,13:00,433
7764652560,U,OB,1,1,513,138184,52,07:00.0,3,14:00,433
7764652589,U,OB,1,1,322,132320,49,39:00.0,3,3:00,433
7764652598,U,OB,1,1,175,132320,49,10:00.0,3,4:00,433
7764652625,U,OB,1,1,648,136097,46,40:00.0,3,15:00,433
7764652634,U,OB,1,2,5408,132320,49,22:00.0,3,3:00,433
7764652652,U,IB,1,1,1790,119359,141,11:00.0,4,6:00,433
7764652670,U,OB,1,2,4275,126541,63,57:00.0,4,3:00,433
7764652708,U,OB,1,1,136,126541,63,59:00.0,4,3:00,433
7764652762,U,OB,1,2,2866,140045,32,14:00.0,5,16:00,433
7764652771,U,OB,1,3,3301,134015,72,42:00.0,4,10:00,433
7764652845,U,OB,1,1,328,126541,63,14:00.0,4,3:00,433
7764652854,U,OB,1,1,1449,126541,63,05:00.0,4,3:00,433
7764652872,U,OB,1,1,1433,126541,63,42:00.0,4,2:00,433
7764652872,U,OB,1,1,1433,126541,28,56:00.0,4,9:00,433
7764652955,U,OB,1,1,984,130708,49,24:00.0,5,10:00,433
7764652973,U,OB,1,1,220,121678,90,17:00.0,6,5:00,433
7764652982,U,OB,1,6,9387,277458,48,17:00.0,6,20:00,433
7764652991,U,OB,1,1,792,121678,90,03:00.0,6,5:00,433
776465301X,U,OB,1,1,499,133944,53,15:00.0,2,16:00,433
7764653029,U,CTY,1,10,2155,136776,217,24:00.0,7,22:00,433
7764653029,U,OB,1,10,2155,136776,50,01:00.0,7,10:00,433
7764653038,U,OB,1,1,723,138152,48,16:00.0,3,18:00,433
7764653047,U,OB,1,1,520,130708,49,18:00.0,5,13:00,433
7764653074,U,OB,1,1,190,127404,53,50:00.0,4,12:00,809
7764653092,U,OB,1,2,550,125271,32,14:00.0,6,15:00,433
7764655072,U,OB,1,1,270,530683,66,48:00.0,1,13:00,433
7764655090,U,OB,1,2,2565,138036,47,51:00.0,1,9:00,433
776465510X,U,OB,1,1,640,530683,66,50:00.0,1,13:00,433
7764655119,U,OB,1,1,370,530683,66,48:00.0,1,13:00,433
7764655128,U,OB,1,1,320,530683,66,02:00.0,1,14:00,433
7764655137,U,OB,1,1,224,530683,66,57:00.0,1,13:00,433
7764655155,U,OB,1,1,256,118304,63,39:00.0,6,13:00,433
7764655164,U,OB,1,1,1691,118304,63,34:00.0,6,13:00,433
7764655173,U,OB,1,2,3685,118304,63,02:00.0,6,14:00,433
7764655182,U,OB,1,1,2056,118304,63,54:00.0,6,13:00,433
7764655191,U,OB,1,1,1133,118304,63,30:00.0,6,13:00,433
7764655200,U,OB,1,1,192,118304,63,43:00.0,6,13:00,433
776465521X,U,OB,1,1,2088,118304,63,27:00.0,6,13:00,433
7764655229,U,OB,1,1,480,136097,46,15:00.0,3,15:00,433
7764655238,U,OB,1,1,240,132320,49,25:00.0,3,4:00,433
7764655339,U,OB,1,1,240,133944,14,34:00.0,2,22:00,433
7764655348,U,OB,1,1,176,133944,14,27:00.0,2,22:00,433
7764655366,U,OB,1,1,161,135485,89,52:00.0,1,9:00,433
7764655384,U,OB,1,1,282,125918,88,53:00.0,1,9:00,433
7764655393,U,OB,1,1,319,261384,50,51:00.0,3,7:00,433
7764655393,U,OB,1,1,319,261384,54,40:00.0,3,13:00,433
7764655402,U,OB,1,1,1025,261384,50,02:00.0,3,8:00,433
7764655420,U,OB,1,1,1975,261384,50,59:00.0,3,7:00,433
7764655449,U,OB,1,1,136,261384,50,07:00.0,3,8:00,433
7764655467,U,OB,1,3,5175,261384,50,29:00.0,3,8:00,433
7764655476,U,OB,1,1,1620,135253,32,08:00.0,3,14:00,433
7764655485,U,OB,1,1,2160,261384,50,25:00.0,3,8:00,433
7764655512,U,OB,1,1,915,290257,31,16:00.0,5,11:00,433
7764655521,U,OB,1,1,630,134468,76,07:00.0,4,10:00,433
7764655530,U,OB,1,1,893,290257,31,30:00.0,5,11:00,433
776465554X,U,OB,1,1,2180,290257,31,14:00.0,5,12:00,433
7764655559,U,OB,1,1,228,290257,31,12:00.0,5,12:00,433
7764655577,U,OB,1,1,908,134468,76,14:00.0,4,8:00,433
7764655586,U,OB,1,1,2188,134468,21,54:00.0,4,10:00,433
7764655586,U,OB,1,1,2188,134468,76,11:00.0,4,9:00,433
7764655595,U,OB,1,2,3398,134468,76,27:00.0,4,8:00,433
7764655613,U,OB,1,1,655,134468,76,23:00.0,4,10:00,433
7764655678,U,OB,1,1,136,45680,67,14:00.0,5,9:00,433
7764655696,U,OB,1,1,150,45680,67,01:00.0,5,10:00,433
7764655741,U,OB,1,1,2723,279237,43,17:00.0,1,16:00,433
776465576X,U,OB,1,1,1944,45680,67,48:00.0,5,10:00,433
7764655842,U,OB,1,1,1171,45680,67,56:00.0,5,9:00,433
7764655898,U,OB,1,1,176,118304,63,11:00.0,6,13:00,433
7764655916,U,OB,1,1,2276,118304,63,15:00.0,6,14:00,433
7764655934,U,OB,1,5,10180,121776,54,15:00.0,7,2:00,433
7764655934,U,OB,1,5,10180,121776,54,15:00.0,7,2:00,433
7764655943,U,OB,1,1,2573,291219,48,32:00.0,7,4:00,433
7764655952,U,OB,1,1,1317,291219,48,42:00.0,7,4:00,433
776465598X,U,OB,1,1,165,530856,73,49:00.0,1,9:00,433
7764656017,U,OB,1,1,190,279237,43,45:00.0,1,16:00,433
7764656026,U,OB,1,1,417,118304,63,16:00.0,6,13:00,433
7764656035,U,OB,1,2,3730,279237,43,50:00.0,1,17:00,433
7764656044,U,OB,1,1,893,279237,43,56:00.0,1,17:00,433
7764656071,U,OB,1,1,542,279237,43,48:00.0,1,16:00,433
7764656080,U,OB,1,1,2116,279237,43,22:00.0,1,15:00,433
776465609X,U,OB,1,1,170,118304,63,46:00.0,6,13:00,433
7764656109,U,OB,1,1,854,279237,43,46:00.0,1,16:00,433
7764656118,U,OB,1,1,908,291219,48,34:00.0,7,4:00,433
7764656127,U,OB,1,1,1551,291219,48,58:00.0,7,4:00,433
7764656136,U,OB,1,2,4112,291219,48,40:00.0,7,4:00,433
7764656145,U,OB,1,1,908,291219,48,46:00.0,7,4:00,433
7764656172,U,OB,1,1,1133,136097,46,54:00.0,3,16:00,433
7764656181,U,OB,1,1,515,136097,46,53:00.0,3,16:00,433
776465620X,U,OB,1,1,334,136097,46,19:00.0,3,15:00,433
7764656228,U,OB,1,1,400,136097,46,27:00.0,3,16:00,433
7764656273,U,OB,1,3,5806,118304,63,24:00.0,6,14:00,433
7764656291,U,OB,1,4,9955,530429,49,16:00.0,7,0:00,433
7764656300,U,OB,1,2,2852,530429,54,36:00.0,7,0:00,433
7764656300,U,OB,1,2,2852,530429,49,35:00.0,7,0:00,433
776465631X,U,OB,1,1,2345,530429,49,33:00.0,7,0:00,433
7764656383,U,OB,1,1,1836,138184,52,00:00.0,3,13:00,433
7764656392,U,OB,1,1,290,138184,52,41:00.0,3,12:00,433
7764656401,U,OB,1,1,3280,138184,52,13:00.0,3,14:00,433
7764656401,U,OB,1,1,3280,138184,5,42:00.0,5,3:00,433
7764656410,U,OB,1,1,1064,138184,52,46:00.0,3,12:00,433
776465642X,U,OB,1,1,135,138184,52,03:00.0,3,13:00,433
7764656457,U,OB,1,1,2466,132320,49,29:00.0,3,4:00,433
7764656484,U,OB,1,1,1507,138184,52,59:00.0,3,12:00,433
7764656567,U,OB,1,3,2600,138152,48,19:00.0,3,18:00,433
7764656576,U,OB,1,1,786,136097,46,37:00.0,3,16:00,433
7764656603,U,OB,1,1,2059,138184,52,08:00.0,3,13:00,433
7764656621,U,OB,1,1,984,138152,48,57:00.0,3,17:00,433
7764656621,U,OB,1,1,984,138152,3,28:00.0,4,7:00,433
7764656630,U,OB,1,2,3936,138152,48,43:00.0,3,18:00,433
776465664X,U,OB,1,1,492,138152,48,45:00.0,3,18:00,433
7764656659,U,OB,1,2,4245,140262,50,55:00.0,3,13:00,433
7764656731,U,OB,1,1,1572,137920,53,21:00.0,5,18:00,433
776465675X,U,OB,1,1,1572,136097,46,47:00.0,3,16:00,433
7764656805,U,OB,1,1,1085,138184,52,34:00.0,3,15:00,433
7764656841,U,OB,1,1,210,136097,46,11:00.0,3,17:00,433
7764656850,U,OB,1,1,1030,136097,54,21:00.0,3,17:00,433
7764656850,U,OB,1,1,1030,136097,54,21:00.0,3,17:00,433
7764656906,U,OB,1,3,5589,138184,52,23:00.0,3,13:00,433
7764657043,U,OB,1,1,200,136097,46,52:00.0,3,15:00,433
7764657052,U,OB,1,1,393,136097,46,52:00.0,3,17:00,433
7764657070,U,OB,1,1,2120,140262,50,27:00.0,3,13:00,433
776465708X,U,OB,1,3,7872,140262,50,32:00.0,3,13:00,433
7764657099,U,OB,1,1,1225,140262,50,12:00.0,3,13:00,433
7764657126,U,OB,1,1,1500,140262,50,17:00.0,3,13:00,433
7764657126,U,IB,1,1,1500,140262,106,18:00.0,4,5:00,433
7764657135,U,OB,1,1,350,140262,53,34:00.0,3,13:00,433
7764657135,U,OB,1,1,350,140262,50,21:00.0,3,13:00,433
7764657144,U,OB,1,2,2705,140262,50,32:00.0,3,13:00,433
7764657162,U,OB,1,1,1490,140262,50,14:00.0,3,13:00,433
7764657180,U,OB,1,1,720,140262,50,09:00.0,3,13:00,433
7764657209,U,OB,1,2,2980,140262,50,50:00.0,3,13:00,433
7764657218,U,OB,1,1,770,138152,48,38:00.0,3,18:00,433
7764657227,U,OB,1,1,110,138152,48,52:00.0,3,17:00,433
7764657254,U,OB,1,1,150,138152,48,25:00.0,3,18:00,433
7764657355,U,OB,1,1,590,132320,49,37:00.0,3,3:00,433
7764657364,U,OB,1,2,4545,132320,49,05:00.0,3,4:00,433
7764657373,U,OB,1,1,1335,132320,49,18:00.0,3,4:00,433
7764657400,U,OB,1,1,2295,138152,48,59:00.0,3,16:00,433
776465741X,U,OB,1,1,375,138152,48,58:00.0,3,16:00,433
7764657438,U,OB,1,1,380,138152,48,01:00.0,3,17:00,433
7764657456,U,OB,1,1,309,138152,48,12:00.0,3,17:00,433
7764657465,U,OB,1,1,2725,138152,48,15:00.0,3,17:00,433
7764657474,U,OB,1,1,519,138152,48,22:00.0,3,16:00,433
7764657483,U,OB,1,2,3549,138152,48,35:00.0,3,17:00,433
7764813344,U,IB,1,1,259,CVEN44339,112,51:00.0,5,14:00,135
7764827561,U,CTY,1,1,350,131838,196,40:00.0,4,9:00,135
7764828111,U,CTY,1,2,1305,CVEN44868,187,45:00.0,7,18:00,135
7764828111,U,CTY,1,2,1305,CVEN44868,210,09:00.0,2,2:00,135
7764828369,U,CTY,1,2,1685,129714,172,33:00.0,4,3:00,135
7764835326,U,OB,1,6,5000,CVEN44290,95,53:00.0,1,12:00,135
7764835656,U,CTY,1,8,10205,CVEN44708,194,01:00.0,1,21:00,135
7764836536,U,CTY,1,3,1630,127847,192,31:00.0,3,4:00,135
7764844840,U,IB,1,1,665,CVEN45559,151,33:00.0,6,5:00,135
7764848618,U,IB,1,1,1202,CVEN45559,151,26:00.0,6,1:00,135
7764849498,U,CTY,1,5,11601,132773,176,50:00.0,6,17:00,135
7764855025,U,OB,1,1,155,CVEN44290,95,22:00.0,1,11:00,135
7764858188,U,IB,1,4,2560,CVEN45772,103,56:00.0,6,12:00,135
7764859389,U,OB,1,1,1392,CVEN45352,89,28:00.0,5,13:00,135
7764859416,U,CTY,1,1,555,133807,187,40:00.0,4,5:00,135
776486036X,U,CTY,1,1,950,139814,168,50:00.0,5,0:00,135
776486289X,U,CTY,1,1,2550,131838,196,54:00.0,4,9:00,135
7764868629,U,IB,1,1,78,CVEN46003,105,19:00.0,6,2:00,135
7764871011,U,OB,1,1,131,CVEN45352,89,42:00.0,5,12:00,135
7764873945,U,CTY,1,1,456,138867,196,18:00.0,6,13:00,135
7764875732,U,CTY,1,1,162,CVEN44152,169,14:00.0,2,1:00,135
7764880260,U,CTY,1,1,1575,131838,196,44:00.0,4,9:00,135
7764883149,U,CTY,1,1,250,CVEN43397,197,01:00.0,7,15:00,135
7764885385,U,CTY,1,2,557,CVEN44152,169,26:00.0,2,1:00,135
7764888400,U,CTY,1,8,2384,131838,196,37:00.0,4,9:00,135
7764888456,U,CTY,1,3,624,261005,197,44:00.0,5,11:00,135
7764890014,U,IB,1,1,238,CVEN44615,113,52:00.0,6,12:00,135
7764890079,U,OB,1,1,622,CVEN44615,98,33:00.0,6,14:00,135
7764890079,U,IB,1,1,622,CVEN44615,113,45:00.0,6,12:00,135
7764894524,U,OB,1,1,268,CVEN44129,95,28:00.0,7,0:00,135
776489655X,U,OB,1,1,395,CVEN45352,89,28:00.0,5,13:00,135
776489952X,U,OB,1,3,10544,CVEN44129,95,01:00.0,7,0:00,135
7764900217,U,IB,1,2,3120,202259,143,15:00.0,7,7:00,135
7764908687,U,CTY,1,1,81,CVEN44786,168,31:00.0,1,15:00,135
7764918504,U,CTY,1,1,260,138867,196,05:00.0,6,14:00,135
7764932218,U,CTY,1,1,1423,CVEN43397,197,21:00.0,7,16:00,135
7764934986,U,CTY,1,1,370,129714,172,47:00.0,4,1:00,135
7764938432,U,CTY,1,1,79,132314,173,08:00.0,7,20:00,135
7764938497,U,IB,1,1,80,CVEN44986,103,43:00.0,7,8:00,135
7764938854,U,IB,1,1,93,CVEN44986,103,48:00.0,7,8:00,135
7764940531,U,IB,1,1,165,CVEN44168,116,48:00.0,7,6:00,135
7764943896,U,IB,1,1,1500,CVEN44986,103,24:00.0,7,5:00,135
7764943932,U,IB,1,2,999,131955,113,32:00.0,5,9:00,135
7764954263,U,OB,1,1,481,CVEN44129,95,35:00.0,7,4:00,135
7764960313,U,CTY,1,7,2212,CVEN44152,169,27:00.0,2,0:00,135
7764960441,U,IB,1,3,445,CVEN45559,151,56:00.0,6,6:00,135
7764961184,U,CTY,1,4,1090,131810,175,06:00.0,3,12:00,135
7764961312,U,OB,1,5,1140,CVEN44290,95,13:00.0,1,11:00,135
7764961615,U,CTY,1,2,5000,130650,173,47:00.0,4,3:00,135
776496167X,U,CTY,1,2,5000,CVEN46008,173,57:00.0,7,7:00,135
7764961734,U,CTY,1,4,1590,261005,209,06:00.0,6,1:00,135
7764961734,U,CTY,1,4,1590,261005,197,00:00.0,5,12:00,135
7764961945,U,CTY,1,3,715,128293,175,18:00.0,5,19:00,135
7764961945,U,CTY,1,3,715,128293,231,26:00.0,5,19:00,135
7764967270,U,CTY,1,3,5900,135608,188,16:00.0,5,20:00,135
7764967308,U,CTY,1,1,853,CVEN44708,194,56:00.0,1,19:00,135
7764967674,U,CTY,1,1,213,128784,197,46:00.0,5,7:00,135
7764969645,U,IB,1,1,1127,CVEN44615,113,27:00.0,6,10:00,135
7764969672,U,IB,1,2,5596,290591,104,12:00.0,5,14:00,135
7764969719,U,CTY,1,1,1085,129714,172,34:00.0,4,1:00,135
7764982845,U,CTY,1,1,277,128784,197,10:00.0,5,7:00,135
7764983514,U,CTY,1,1,305,132314,173,52:00.0,7,17:00,135
7764983514,U,CTY,1,1,305,132314,232,25:00.0,7,19:00,135
7764986466,U,OB,1,1,997,CVEN44635,95,53:00.0,4,18:00,135
776498675X,U,OB,1,1,1950,CVEN44129,95,08:00.0,7,3:00,135
7764988437,U,IB,1,2,633,CVEN45559,151,18:00.0,6,1:00,135
7764990078,U,CTY,1,1,644,261005,197,14:00.0,5,13:00,135
7764998263,U,OB,1,1,1300,CVEN44129,95,19:00.0,7,0:00,135
7764999940,U,IB,1,2,669,CVEN44615,113,15:00.0,6,10:00,135
7764999996,U,OB,1,1,310,CVEN43397,97,04:00.0,7,18:00,135
7764999996,U,CTY,1,1,310,CVEN43397,197,33:00.0,7,16:00,135
7765000005,U,CTY,1,4,4795,CVEN43397,197,30:00.0,7,16:00,135
7765003837,U,CTY,1,1,60,131810,175,35:00.0,3,11:00,135
7765004854,U,CTY,1,6,10883,139814,168,32:00.0,5,4:00,135
776500490X,U,IB,1,2,2030,CVEN45559,151,40:00.0,6,7:00,135
7765030612,U,CTY,1,2,300,121402,189,54:00.0,2,6:00,625
7765091525,U,IB,1,57,663,202259,143,29:00.0,7,5:00,135
7765093395,U,OB,1,5,2240,CVEN44635,95,26:00.0,4,19:00,135
7765200470,U,CTY,1,1,467,291200,188,23:00.0,6,1:00,324
7765201094,U,CTY,1,1,274,128129,169,29:00.0,4,8:00,324
7765201653,U,CTY,1,1,340,128483,187,50:00.0,3,15:00,324
7765250475,U,IB,1,1,231,132346,135,47:00.0,7,3:00,371
7765250659,U,CTY,1,2,410,129628,194,30:00.0,4,15:00,371
7765250933,U,IB,1,1,221,125732,125,09:00.0,6,21:00,371
776525119X,U,IB,1,1,213,137723,151,31:00.0,6,1:00,371
7765268268,U,OB,1,1,118,131926,75,32:00.0,2,10:00,370
7765268268,U,IB,1,1,118,131926,143,27:00.0,1,14:00,370
776527000X,U,IB,1,1,300,PASC634516,151,00:00.0,7,14:00,370
7765275647,U,IB,1,1,515,138428,145,20:00.0,2,18:00,370
776529530X,U,CTY,1,1,390,252131,189,37:00.0,3,14:00,370
7765299690,U,CTY,1,2,1320,291219,196,35:00.0,4,18:00,370
7765299719,U,IB,1,2,925,131926,143,16:00.0,1,15:00,370
7765301313,U,CTY,1,2,637,252131,189,15:00.0,3,15:00,370
7765362473,U,CTY,1,7,2391,PASC634534,187,09:00.0,1,22:00,158
7765363189,U,IB,1,1,1075,CVEN44615,113,00:00.0,6,12:00,158
7765391650,U,IB,1,1,833,CVEN44339,112,37:00.0,5,18:00,165
7765392081,U,CTY,1,3,1428,CVEN46008,173,06:00.0,7,13:00,165
7765393282,U,OB,1,3,838,CVEN45352,89,31:00.0,5,2:00,165
7765393933,U,CTY,1,1,820,132314,173,56:00.0,7,17:00,165
7765552526,U,CTY,1,1,404,123843,194,04:00.0,2,23:00,842
7765658777,U,CTY,1,8,10635,131551,196,51:00.0,5,3:00,355
7765659473,U,CTY,1,4,795,135731,197,45:00.0,5,18:00,355
7765730955,U,CTY,1,3,477,T402217967,187,32:00.0,4,22:00,324
7765870242,U,CTY,1,1,386,128129,169,32:00.0,4,9:00,324
7765876788,U,CTY,1,3,1333,T402217967,231,22:00.0,5,19:00,324
7765876788,U,CTY,1,3,1333,T402217967,233,48:00.0,6,20:00,324
7765876788,U,CTY,1,3,1333,T402217967,187,03:00.0,5,0:00,324
7765878575,U,CTY,1,1,300,131332,172,12:00.0,4,21:00,324
7765879648,U,CTY,1,1,285,126281,192,15:00.0,4,13:00,324
7765880353,U,CTY,1,11,4700,137671,175,10:00.0,4,11:00,324
776589051X,U,IB,1,12,2970,904186,114,03:00.0,6,22:00,422
7765890538,U,IB,1,3,457,904186,114,20:00.0,6,22:00,422
7765890547,U,OB,1,1,144,353244,89,58:00.0,2,21:00,422
7765890565,U,OB,1,2,364,353244,89,36:00.0,2,21:00,422
7765890574,U,OB,1,1,168,559510,52,46:00.0,6,21:00,422
7765890583,U,OB,1,1,144,559510,52,15:00.0,6,22:00,422
7765890592,U,OB,1,1,114,559510,52,54:00.0,6,21:00,422
7765893553,U,CTY,1,1,270,132065,226,29:00.0,6,0:00,324
7765893627,U,CTY,1,1,270,132075,175,07:00.0,2,3:00,324
7765895551,U,CTY,1,1,146,125579,188,54:00.0,7,20:00,324
7765904250,U,CTY,1,1,500,125240,174,37:00.0,7,1:00,324
7765907716,U,CTY,1,1,175,132065,187,43:00.0,4,17:00,324
7765910401,U,CTY,1,2,1194,125579,188,18:00.0,7,21:00,324
7765913160,U,CTY,1,1,170,T402217967,187,36:00.0,4,22:00,324
7765915131,U,CTY,1,1,80,430973,172,27:00.0,6,18:00,324
776591779X,U,CTY,1,4,1324,PASC634534,176,39:00.0,1,19:00,382
7765917845,U,CTY,1,1,289,PASC634013,195,35:00.0,6,7:00,382
7765946216,U,CTY,1,3,1562,134160,173,07:00.0,1,5:00,211
7765947480,U,CTY,1,1,371,291058,175,51:00.0,2,6:00,211
7765947792,U,CTY,1,2,1667,129746,168,44:00.0,3,3:00,211
776594793X,U,CTY,1,7,7626,133084,172,45:00.0,3,22:00,211
776594793X,U,CTY,1,7,7626,133084,235,27:00.0,5,23:00,211
7765947967,U,CTY,1,3,2578,133084,172,09:00.0,3,21:00,211
7765948232,U,CTY,1,1,1095,128714,187,38:00.0,4,0:00,211
7765948398,U,CTY,1,3,2633,200701,192,55:00.0,4,17:00,211
7765948452,U,CTY,1,3,3161,133451,195,06:00.0,4,22:00,211
776594903X,U,CTY,1,1,440,133451,195,51:00.0,4,21:00,211
7765949489,U,CTY,1,2,947,125225,197,50:00.0,7,3:00,211
7765949662,U,CTY,1,1,544,125225,197,06:00.0,7,4:00,211
7765949983,U,CTY,1,4,4630,131999,194,51:00.0,1,9:00,211
7765950158,U,IB,1,4,3784,117065,129,24:00.0,3,6:00,211
7765950167,U,IB,1,1,1663,117065,129,27:00.0,3,6:00,211
776595035X,U,CTY,1,1,380,123711,183,13:00.0,1,13:00,211
776595035X,U,OB,1,1,380,123711,90,41:00.0,1,12:00,211
7765950560,U,OB,1,7,9572,139567,90,52:00.0,3,4:00,211
7765950560,U,CTY,1,7,9572,139567,233,39:00.0,6,9:00,211
776595057X,U,OB,1,3,3130,139567,90,22:00.0,3,8:00,211
7765950991,U,CTY,1,1,372,132372,195,24:00.0,3,22:00,211
7765951487,U,IB,1,1,546,125851,117,43:00.0,4,2:00,211
7765951689,U,CTY,1,1,1540,125856,174,05:00.0,4,19:00,211
7765952293,U,CTY,1,1,398,291296,173,36:00.0,6,0:00,211
7765952430,U,CTY,1,1,391,291296,173,12:00.0,6,1:00,211
7765953182,U,IB,1,2,2136,133225,129,50:00.0,7,5:00,211
7765953503,U,IB,1,5,5324,134505,112,01:00.0,3,1:00,211
7765953833,U,IB,1,1,437,133882,163,05:00.0,4,2:00,211
7765953851,U,OB,1,4,4200,128452,39,06:00.0,3,19:00,211
7765954264,U,IB,1,3,3360,133882,163,18:00.0,3,23:00,211
7765954558,U,IB,1,1,1350,126785,131,36:00.0,4,13:00,211
7765954576,U,IB,1,6,8953,133882,163,39:00.0,4,0:00,211
7765954668,U,CTY,1,2,2182,119799,188,38:00.0,4,1:00,211
7765954960,U,CTY,1,4,4078,126202,187,36:00.0,5,2:00,211
7765955236,U,CTY,1,4,3335,126202,187,54:00.0,5,3:00,211
7765955281,U,CTY,1,5,5136,126202,187,34:00.0,5,3:00,211
7765955346,U,CTY,1,3,660,126202,187,51:00.0,5,0:00,211
7765955447,U,CTY,1,4,5073,127512,172,25:00.0,5,2:00,211
7765955492,U,IB,1,7,6816,138713,164,55:00.0,5,20:00,211
7765955831,U,CTY,1,6,6835,124114,195,56:00.0,7,10:00,211
7765955914,U,IB,1,1,1389,138713,164,17:00.0,5,20:00,211
7765956262,U,CTY,1,1,438,124114,195,15:00.0,7,10:00,211
776595651X,U,CTY,1,2,572,125404,195,35:00.0,6,22:00,211
7765957115,U,IB,1,2,2804,136719,116,58:00.0,5,7:00,211
7765957353,U,IB,1,1,437,136719,116,15:00.0,5,7:00,211
7765957371,U,IB,1,1,384,136719,116,55:00.0,5,7:00,211
7766001775,U,OB,1,2,860,38422,67,23:00.0,1,7:00,188
7766001977,U,CTY,1,5,2205,137976,172,13:00.0,7,13:00,188
7766005515,U,IB,1,4,1360,125564,102,09:00.0,7,2:00,188
7766005515,U,IB,1,4,1360,125564,141,23:00.0,7,0:00,188
776611777X,U,IB,1,1,100,137723,143,11:00.0,7,19:00,180
7766117789,U,IB,1,1,100,137723,143,11:00.0,7,19:00,180
7766118090,U,IB,1,1,428,128799,116,52:00.0,6,4:00,180
7766120923,U,IB,1,1,100,137656,164,16:00.0,3,20:00,180
7766120941,U,IB,1,1,100,137656,164,20:00.0,3,20:00,180
776612096X,U,IB,1,1,100,137656,164,21:00.0,3,20:00,180
7766120988,U,IB,1,1,100,137656,164,20:00.0,3,20:00,180
7766121006,U,IB,1,1,100,137656,164,20:00.0,3,20:00,180
776613427X,U,CTY,1,2,3633,138164,187,10:00.0,2,13:00,180
7766135443,U,CTY,1,1,100,132301,188,41:00.0,6,3:00,180
7766137057,U,CTY,1,1,100,132301,188,58:00.0,6,4:00,180
7766143235,U,IB,1,1,93,134249,108,44:00.0,4,0:00,145
7766143235,U,IB,1,1,93,134249,104,59:00.0,3,18:00,145
7766162081,U,CTY,1,2,544,138837,192,13:00.0,1,21:00,112
7766162467,U,IB,1,3,1132,CVEN46003,105,50:00.0,5,17:00,112
7766162467,U,OB,1,3,1132,CVEN46003,97,53:00.0,5,22:00,112
7766162824,U,IB,1,1,130,132070,164,37:00.0,2,0:00,112
7766183706,U,IB,1,1,950,134963,151,29:00.0,3,13:00,819
7766185850,U,CTY,1,2,1012,PASC634013,197,44:00.0,6,10:00,819
776626649X,U,CTY,1,1,795,126260,187,06:00.0,1,14:00,881
7766266518,U,CTY,1,1,761,126260,187,08:00.0,1,14:00,881
7766266810,U,IB,1,1,520,136038,141,40:00.0,1,9:00,881
7766266994,U,IB,1,2,750,130558,163,39:00.0,6,6:00,881
7766267068,U,CTY,1,5,1014,131853,195,41:00.0,4,12:00,881
7766267077,U,CTY,1,1,225,131853,195,50:00.0,4,6:00,881
7766267407,U,IB,1,5,915,119375,125,05:00.0,5,16:00,881
7766267416,U,IB,1,2,1430,134188,151,04:00.0,5,16:00,881
7766267636,U,IB,1,2,1102,119375,125,05:00.0,5,16:00,881
776626770X,U,IB,1,1,965,280582,131,22:00.0,6,0:00,881
7766267746,U,IB,1,1,965,279944,112,56:00.0,3,19:00,881
7766267883,U,IB,1,2,958,130558,163,39:00.0,6,7:00,881
7766267910,U,IB,1,4,667,130558,163,52:00.0,6,8:00,881
776626792X,U,IB,1,3,360,130558,163,32:00.0,6,7:00,881
7766267939,U,IB,1,8,2399,130558,163,31:00.0,6,8:00,881
7766268177,U,IB,1,1,530,130558,163,35:00.0,6,8:00,881
7766268186,U,IB,1,1,512,130558,163,31:00.0,6,8:00,881
7766268397,U,OB,1,5,2106,291044,11,01:00.0,4,7:00,432
7766268534,U,CTY,1,1,178,130908,197,17:00.0,7,17:00,881
7766268718,U,IB,1,1,725,134188,151,11:00.0,5,14:00,881
7766268727,U,IB,1,1,710,134162,151,22:00.0,6,7:00,881
7766268828,U,IB,1,2,496,127344,151,02:00.0,6,22:00,881
7766268855,U,IB,1,5,3935,127344,151,43:00.0,6,21:00,881
776626913X,U,IB,1,1,130,132555,141,14:00.0,7,18:00,881
7766269149,U,IB,1,1,57,132555,141,23:00.0,7,17:00,881
7766269423,U,IB,1,3,264,139699,164,50:00.0,1,16:00,881
776626946X,U,CTY,1,1,893,132320,169,26:00.0,1,8:00,881
776626946X,U,IB,1,1,893,132320,167,43:00.0,3,16:00,881
7766269479,U,IB,1,5,1086,132636,145,25:00.0,1,7:00,881
7766269515,U,IB,1,2,93,132320,156,30:00.0,1,8:00,881
7766269515,U,CTY,1,2,93,132320,169,38:00.0,1,7:00,881
7766269533,U,CTY,1,5,314,132320,169,33:00.0,1,7:00,881
7766269560,U,CTY,1,1,597,132320,169,38:00.0,1,8:00,881
7766269836,U,CTY,1,1,551,290164,187,48:00.0,4,18:00,881
7766269872,U,OB,1,1,795,139971,52,04:00.0,5,1:00,881
7766269881,U,CTY,1,1,683,132320,169,03:00.0,1,7:00,881
7766270029,U,CTY,1,1,395,127431,173,56:00.0,7,16:00,881
7766270166,U,CTY,1,1,597,138292,195,28:00.0,4,19:00,881
7766270579,U,CTY,1,1,435,136440,188,52:00.0,5,8:00,881
7766270606,U,IB,1,1,1180,136440,139,42:00.0,5,9:00,881
7766270606,U,CTY,1,1,1180,136440,188,41:00.0,5,9:00,881
7766271073,U,IB,1,1,710,133283,164,38:00.0,6,7:00,881
7766271082,U,CTY,1,1,761,137152,233,53:00.0,6,20:00,881
7766271082,U,CTY,1,1,761,137152,231,42:00.0,6,20:00,881
7766271082,U,CTY,1,1,761,137152,173,30:00.0,6,7:00,881
7766271082,U,CTY,1,1,761,137152,231,02:00.0,3,4:00,881
7766271266,U,IB,1,2,725,133283,164,10:00.0,6,9:00,881
7766271266,U,CTY,1,2,725,133283,238,36:00.0,6,19:00,881
7766271367,U,IB,1,1,524,136847,131,05:00.0,3,19:00,881
7766271394,U,OB,1,1,175,136967,69,33:00.0,4,6:00,432
7766271412,U,OB,1,1,585,136967,69,06:00.0,4,7:00,432
7766272036,U,IB,1,1,530,136114,145,33:00.0,7,21:00,881
7766272393,U,IB,1,1,597,136114,145,33:00.0,7,21:00,881
7766272521,U,CTY,1,1,795,290208,P   ,06:00.0,1,12:00,881
7766272788,U,CTY,1,1,278,138245,238,20:00.0,3,22:00,881
7766272842,U,CTY,1,1,775,290033,195,45:00.0,3,18:00,881
7766272860,U,IB,1,1,435,126675,113,26:00.0,4,20:00,881
7766272970,U,CTY,1,3,450,290208,231,34:00.0,5,21:00,881
7766273118,U,IB,1,1,525,126675,113,21:00.0,4,20:00,881
7766273466,U,IB,1,4,1470,126855,143,04:00.0,7,15:00,881
7766273778,U,CTY,1,2,1842,290411,195,07:00.0,6,5:00,881
7766274492,U,CTY,1,1,145,290411,195,02:00.0,6,5:00,881
7766274822,U,OB,1,1,815,290180,49,16:00.0,3,2:00,432
7766275390,U,CTY,1,1,435,261139,174,55:00.0,3,22:00,881
7766275529,U,IB,1,1,670,131530,141,05:00.0,7,18:00,881
7766275556,U,IB,1,1,683,131530,141,57:00.0,7,16:00,881
7766275684,U,IB,1,1,435,131530,141,05:00.0,7,18:00,881
7766275720,U,IB,1,2,78,125402,105,27:00.0,3,21:00,881
7766276023,U,CTY,1,1,55,132854,169,39:00.0,7,21:00,881
7766276418,U,CTY,1,1,220,132854,169,06:00.0,7,21:00,881
7766276436,U,CTY,1,2,418,132854,231,19:00.0,5,19:00,881
7766276436,U,CTY,1,2,418,132854,233,40:00.0,6,19:00,881
7766276436,U,CTY,1,2,418,132854,169,18:00.0,7,22:00,881
776627672X,U,CTY,1,1,540,132830,194,54:00.0,4,9:00,881
7766276757,U,CTY,1,1,540,132830,194,51:00.0,4,9:00,881
7766276766,U,IB,1,1,845,139653,158,42:00.0,2,22:00,881
7766277215,U,CTY,1,1,255,132830,194,41:00.0,4,9:00,881
7766277509,U,IB,1,2,88,124053,164,55:00.0,4,22:00,881
7766277590,U,IB,1,1,225,135843,147,48:00.0,3,22:00,881
7766277590,U,IB,1,1,225,135843,147,48:00.0,3,22:00,881
7766277783,U,CTY,1,2,599,128252,197,14:00.0,6,10:00,881
7766277801,U,CTY,1,2,285,128252,197,57:00.0,6,10:00,881
7766277920,U,CTY,1,1,330,530752,173,14:00.0,5,14:00,881
7766278003,U,IB,1,1,710,132842,141,08:00.0,7,3:00,881
7766278672,U,CTY,1,1,72,128252,197,05:00.0,6,8:00,881
7766280295,U,IB,1,2,114,131485,158,02:00.0,7,8:00,881
7766280890,U,OB,1,1,819,136729,55,41:00.0,7,6:00,432
7766407574,U,IB,1,1,380,136440,105,56:00.0,1,13:00,213
7766407610,U,IB,1,1,95,128530,129,01:00.0,4,6:00,213
7766407785,U,IB,1,2,3112,134476,103,42:00.0,1,8:00,213
7766407877,U,IB,1,2,1624,127712,103,42:00.0,6,4:00,213
7766407931,U,CTY,1,1,310,138802,195,41:00.0,1,4:00,213
7766408582,U,OB,1,1,78,123836,95,32:00.0,7,0:00,213
7766409215,U,IB,1,1,179,127712,103,37:00.0,6,2:00,213
7766409233,U,IB,1,1,450,127712,103,46:00.0,6,2:00,213
7766409251,U,IB,1,1,650,127712,103,23:00.0,6,1:00,213
7766409453,U,IB,1,3,1755,126960,116,50:00.0,3,22:00,213
7766410782,U,IB,1,2,1565,290993,104,52:00.0,5,7:00,213
776641081X,U,IB,1,1,30,118295,127,27:00.0,6,1:00,213
7766410829,U,IB,1,3,105,118295,127,27:00.0,6,1:00,213
7766411049,U,CTY,1,1,730,138436,168,28:00.0,3,20:00,213
7766411278,U,IB,1,1,240,291219,105,31:00.0,4,2:00,213
7766412039,U,OB,1,1,655,123836,95,06:00.0,7,0:00,213
7766412048,U,OB,1,1,1265,123836,95,26:00.0,7,0:00,213
7766413523,U,IB,1,1,165,291219,105,11:00.0,4,3:00,213
7766413532,U,IB,1,1,240,202122,116,21:00.0,5,6:00,213
7766414293,U,OB,1,2,3400,134954,86,47:00.0,4,19:00,213
7766414358,U,IB,1,2,241,126259,113,21:00.0,6,4:00,213
7766414421,U,IB,1,2,8300,127841,129,37:00.0,1,6:00,213
7766414641,U,IB,1,1,827,127712,103,09:00.0,6,4:00,213
7766414679,U,IB,1,2,5300,134102,163,51:00.0,3,0:00,213
776641477X,U,IB,1,1,830,126715,131,43:00.0,7,6:00,213
7766415512,U,IB,1,1,422,127712,103,21:00.0,6,1:00,213
7766416567,U,OB,1,1,900,139757,60,57:00.0,5,3:00,213
7766416576,U,OB,1,1,870,139757,60,45:00.0,5,5:00,213
7766416722,U,IB,1,5,9900,261365,103,14:00.0,1,3:00,213
7766417676,U,IB,1,1,345,291219,105,51:00.0,4,2:00,213
7766417703,U,IB,1,1,125,136440,105,58:00.0,1,13:00,213
7766419225,U,OB,1,1,1350,140332,95,29:00.0,7,15:00,213
7766419270,U,IB,1,1,1695,127841,129,47:00.0,1,2:00,213
7766419326,U,IB,1,1,1015,127712,103,44:00.0,6,2:00,213
7766419344,U,IB,1,1,551,127712,103,51:00.0,6,2:00,213
7766421279,U,IB,1,2,1315,127841,129,32:00.0,1,6:00,213
7766421351,U,IB,1,2,804,136440,105,00:00.0,1,12:00,213
7766421407,U,OB,1,1,2400,133646,87,47:00.0,4,0:00,213
776642170X,U,IB,1,4,4885,290993,104,20:00.0,5,8:00,213
7766421737,U,CTY,1,1,2220,117019,235,11:00.0,3,0:00,213
7766421737,U,IB,1,1,2220,117019,116,19:00.0,6,3:00,213
7766421847,U,OB,1,3,2570,132373,96,42:00.0,7,4:00,213
776642192X,U,OB,1,1,400,123916,95,59:00.0,5,2:00,213
7766422534,U,IB,1,1,585,134476,103,23:00.0,1,6:00,213
7766422543,U,IB,1,1,585,134476,103,13:00.0,1,6:00,213
7766422552,U,IB,1,1,585,134476,103,52:00.0,1,6:00,213
7766422561,U,IB,1,1,700,134476,103,49:00.0,1,6:00,213
776642258X,U,OB,1,1,250,126960,82,55:00.0,3,21:00,213
776642258X,U,OB,1,1,250,126960,82,55:00.0,3,21:00,213
7766422947,U,IB,1,1,2390,134038,114,22:00.0,5,2:00,213
7766423542,U,OB,1,1,1250,123836,95,08:00.0,7,0:00,213
776642368X,U,OB,1,1,675,123836,95,44:00.0,7,1:00,213
7766423699,U,OB,1,4,1422,123836,95,34:00.0,7,1:00,213
7766423717,U,OB,1,1,935,123836,95,36:00.0,7,0:00,213
7766423726,U,OB,1,5,7215,123836,95,52:00.0,7,0:00,213
7766423735,U,IB,1,3,7708,136648,112,38:00.0,5,19:00,213
7766424597,U,IB,1,3,4325,127712,103,34:00.0,6,3:00,213
7766424698,U,IB,1,2,281,118295,127,03:00.0,6,0:00,213
7766424770,U,OB,1,1,255,133646,87,52:00.0,4,0:00,213
7766428263,U,CTY,1,5,4560,123825,174,03:00.0,1,15:00,213
7766433406,U,OB,1,1,492,139757,60,25:00.0,5,3:00,213
7766433489,U,IB,1,3,3555,126259,113,30:00.0,6,4:00,213
776643369X,U,OB,1,1,1585,133646,87,22:00.0,4,0:00,213
7766433754,U,OB,1,2,1005,133646,87,44:00.0,3,23:00,213
7766434084,U,IB,1,1,2028,126259,113,47:00.0,6,4:00,213
7766434726,U,CTY,1,1,305,138436,168,54:00.0,4,1:00,213
7766434744,U,CTY,1,1,1935,138436,168,33:00.0,4,1:00,213
7766437678,U,CTY,1,1,777,127039,189,27:00.0,5,22:00,213
7766437678,U,CTY,1,1,777,127039,231,31:00.0,5,22:00,213
7766437732,U,OB,1,12,365,279919,86,34:00.0,1,10:00,213
7766438338,U,IB,1,1,537,291219,105,15:00.0,4,2:00,213
7766438374,U,OB,1,1,565,134954,86,16:00.0,4,20:00,213
7766438915,U,IB,1,2,3285,134038,114,22:00.0,5,4:00,213
7766439263,U,CTY,1,5,10240,126239,175,27:00.0,1,9:00,213
776643930X,U,IB,1,1,2064,290212,135,28:00.0,1,6:00,213
7766439373,U,CTY,1,4,8550,125856,174,10:00.0,4,21:00,213
7766439400,U,IB,1,4,6256,118561,158,55:00.0,6,23:00,213
7766439438,U,IB,1,1,19,202122,116,18:00.0,5,6:00,213
7766439474,U,OB,1,2,955,123916,95,00:00.0,5,5:00,213
7766439492,U,OB,1,1,170,123916,95,59:00.0,5,1:00,213
7766446267,U,OB,1,1,1905,133646,87,06:00.0,4,1:00,213
7766446312,U,IB,1,1,615,133646,100,21:00.0,4,2:00,213
7766446312,U,IB,1,1,615,133646,100,21:00.0,4,2:00,213
7766449906,U,IB,1,1,356,118295,127,11:00.0,6,1:00,213
7766509288,U,IB,1,1,1235,291294,141,40:00.0,6,12:00,112
7766511304,U,CTY,1,1,312,128493,195,15:00.0,6,2:00,112
7766539125,U,CTY,1,2,722,133774,197,44:00.0,4,22:00,112
7766540445,U,OB,1,1,1439,CVEN44635,95,59:00.0,4,20:00,112
7766540555,U,CTY,1,1,1061,128325,196,46:00.0,2,2:00,112
7766540555,U,CTY,1,1,1061,128325,205,49:00.0,2,22:00,112
7766542342,U,CTY,1,1,415,134953,188,49:00.0,2,16:00,112
7766557275,U,IB,1,31,451,125186,101,37:00.0,4,13:00,112
7766558797,U,CTY,1,1,1245,137322,175,53:00.0,4,4:00,112
7766561244,U,OB,1,1,390,139806,95,01:00.0,4,0:00,112
7766561253,U,CTY,1,1,2075,134953,188,57:00.0,2,15:00,112
7766563554,U,IB,1,3,4220,132369,149,49:00.0,5,18:00,112
7766564012,U,CTY,1,1,271,137653,194,51:00.0,6,3:00,112
7766564140,U,CTY,1,2,1463,126862,171,35:00.0,6,5:00,112
7766564140,U,CTY,1,2,1463,126862,174,53:00.0,6,4:00,112
7766577304,U,CTY,1,1,823,125588,168,56:00.0,1,20:00,112
7766579632,U,CTY,1,7,9105,134953,188,42:00.0,2,16:00,112
7766582620,U,IB,1,2,7200,291294,141,39:00.0,6,9:00,112
7766594446,U,CTY,1,1,333,126618,196,15:00.0,2,16:00,112
7766595849,U,IB,1,1,700,135973,131,22:00.0,4,4:00,112
776660540X,U,OB,1,2,426,290361,86,42:00.0,3,10:00,112
7766607664,U,CTY,1,3,2215,249243,195,08:00.0,4,23:00,112
7766607848,U,CTY,1,1,461,134402,176,13:00.0,4,10:00,112
7766609278,U,CTY,1,1,564,134402,176,39:00.0,4,9:00,112
7766609287,U,CTY,1,3,498,134402,176,34:00.0,4,9:00,112
7766612522,U,CTY,1,1,196,249122,172,53:00.0,4,17:00,112
7766613521,U,IB,1,1,797,135099,164,53:00.0,5,4:00,112
7766613521,U,CTY,1,1,797,135099,231,21:00.0,5,21:00,112
7766615281,U,IB,1,1,433,135099,164,57:00.0,5,4:00,112
7766616345,U,CTY,1,1,328,125108,173,47:00.0,1,3:00,112
7766619297,U,CTY,1,1,858,129714,172,23:00.0,4,4:00,112
7766622330,U,CTY,1,1,770,125588,168,41:00.0,1,20:00,112
7766622862,U,CTY,1,1,435,127068,173,58:00.0,7,9:00,112
7766624503,U,OB,1,1,515,139806,95,56:00.0,3,23:00,112
7766631873,U,CTY,1,1,475,129537,196,34:00.0,7,18:00,112
7766631873,U,CTY,1,1,475,129537,235,36:00.0,3,21:00,112
776663510X,U,CTY,1,1,571,202236,237,48:00.0,2,22:00,112
776663510X,U,IB,1,1,571,202236,125,35:00.0,1,4:00,112
7766635714,U,IB,1,5,9944,129832,123,28:00.0,6,20:00,112
7766636594,U,CTY,1,1,56,130556,189,10:00.0,7,2:00,112
7766640792,U,CTY,1,1,666,133118,195,28:00.0,1,5:00,112
7766644285,U,CTY,1,5,3965,126370,196,33:00.0,7,15:00,112
7766651435,U,CTY,1,1,337,128683,171,38:00.0,1,19:00,112
7766651435,U,CTY,1,1,337,128683,171,38:00.0,1,19:00,112
7766651480,U,CTY,1,1,3175,126885,174,34:00.0,1,1:00,112
7766657384,U,CTY,1,1,554,131324,231,19:00.0,3,21:00,112
7766657384,U,CTY,1,1,554,131324,195,20:00.0,2,15:00,112
7766660675,U,OB,1,1,162,124274,96,41:00.0,6,17:00,671
7766660684,U,OB,1,1,146,124274,96,56:00.0,6,15:00,671
7766660693,U,OB,1,2,356,124274,96,11:00.0,6,16:00,671
7766660702,U,OB,1,1,154,124274,96,53:00.0,6,15:00,671
7766660776,U,IB,1,1,146,119379,117,13:00.0,5,18:00,671
7766660794,U,CTY,1,1,242,128414,187,07:00.0,6,12:00,671
7766660803,U,IB,1,1,170,119379,117,13:00.0,5,18:00,671
7766660812,U,CTY,1,1,210,128414,187,08:00.0,6,12:00,671
7766660821,U,IB,1,2,452,119379,117,05:00.0,5,18:00,671
776666084X,U,OB,1,1,170,124274,96,54:00.0,6,16:00,671
7766660859,U,OB,1,2,508,124274,96,51:00.0,6,16:00,671
7766660969,U,IB,1,2,444,119379,117,35:00.0,5,18:00,671
7766661234,U,CTY,1,1,186,125243,194,47:00.0,7,5:00,671
7766661243,U,CTY,1,1,170,125243,194,04:00.0,7,7:00,671
7766661252,U,CTY,1,1,186,125243,194,54:00.0,7,5:00,671
7766661261,U,CTY,1,2,412,125243,194,47:00.0,7,5:00,671
7766661270,U,CTY,1,1,178,125243,194,08:00.0,7,7:00,671
776666128X,U,OB,1,2,372,127927,39,19:00.0,7,8:00,671
7766661299,U,IB,1,2,508,136611,149,42:00.0,7,12:00,671
7766661362,U,OB,1,1,170,127841,55,14:00.0,7,8:00,671
7766661409,U,OB,1,2,380,127927,39,12:00.0,7,8:00,671
7766661409,U,CTY,1,2,380,127927,208,40:00.0,1,16:00,671
7766662096,U,OB,1,3,258,558293,78,16:00.0,3,0:00,671
7766662188,U,OB,1,2,540,558293,78,08:00.0,3,0:00,671
7766662307,U,OB,1,3,484,558293,78,37:00.0,3,2:00,671
7766662325,U,OB,1,3,701,558293,78,34:00.0,3,2:00,671
7766689147,U,IB,1,4,7052,126486,149,07:00.0,6,21:00,240
7766907589,U,IB,1,1,405,123603,141,24:00.0,7,7:00,653
7766907818,U,OB,1,2,410,139982,53,35:00.0,3,15:00,653
7766908469,U,OB,1,2,1135,128325,52,22:00.0,4,6:00,653
7766909953,U,OB,1,1,590,128783,63,18:00.0,6,21:00,653
776691043X,U,OB,1,1,600,137570,14,42:00.0,5,15:00,653
7766910586,U,OB,1,1,293,128783,63,17:00.0,6,22:00,653
7766910604,U,OB,1,1,315,128783,63,23:00.0,6,22:00,653
7766910631,U,OB,1,1,479,128783,63,01:00.0,7,0:00,653
7766910732,U,CTY,1,1,403,129848,194,28:00.0,5,21:00,653
7766911237,U,OB,1,1,329,128783,63,50:00.0,6,22:00,653
7766959141,U,IB,1,1,374,128821,117,25:00.0,1,17:00,890
7766959289,U,IB,1,1,374,133558,133,53:00.0,1,10:00,890
7766959536,U,IB,1,1,296,128898,133,12:00.0,5,18:00,890
7767024234,U,IB,1,1,942,129905,104,50:00.0,2,15:00,187
7767025013,U,IB,1,3,1230,290001,103,22:00.0,3,1:00,187
7767028717,U,IB,1,27,259,202259,143,56:00.0,7,5:00,187
7767032291,U,IB,1,9,19373,127385,110,59:00.0,6,6:00,187
7767032291,U,IB,1,9,19373,127385,117,35:00.0,6,6:00,187
7767040743,U,IB,1,1,133,290001,103,32:00.0,2,22:00,187
7767041129,U,IB,1,1,755,127385,117,23:00.0,6,7:00,187
7767041147,U,CTY,1,1,440,116773,187,57:00.0,5,20:00,187
7767041183,U,IB,1,1,330,127385,117,08:00.0,6,8:00,187
7767041358,U,OB,1,3,1296,135875,88,17:00.0,7,1:00,187
7767041578,U,OB,1,1,372,132272,78,36:00.0,5,7:00,187
7767041605,U,OB,1,1,426,249014,67,14:00.0,6,4:00,187
776704166X,U,IB,1,2,1003,131800,105,48:00.0,2,17:00,187
7767042054,U,IB,1,1,62,129905,104,08:00.0,2,15:00,187
7767042128,U,OB,1,1,174,136349,78,25:00.0,1,15:00,187
7767045702,U,IB,1,1,144,127555,112,41:00.0,6,16:00,187
7767045711,U,IB,1,1,74,127555,112,39:00.0,6,16:00,187
7767058022,U,IB,1,1,230,CVEN44615,113,30:00.0,6,10:00,187
7767068849,U,OB,1,1,195,132272,78,04:00.0,5,7:00,187
7767068986,U,IB,1,1,208,129905,104,50:00.0,2,16:00,187
7767070773,U,IB,1,5,3870,131389,103,43:00.0,4,4:00,187
7767071754,U,IB,1,4,3400,131955,113,50:00.0,5,11:00,187
7767071763,U,OB,1,4,2880,132272,78,17:00.0,5,6:00,187
7767072387,U,IB,1,15,465,128436,111,24:00.0,4,4:00,187
7767128157,U,CTY,1,2,960,PASC533243,204,22:00.0,1,13:00,899
7767150047,U,OB,1,2,926,124329,52,45:00.0,7,15:00,172
7767150148,U,OB,1,4,2195,129751,63,08:00.0,7,21:00,172
7767150148,U,CTY,1,4,2195,129751,230,19:00.0,2,3:00,172
7767150597,U,OB,1,3,765,127927,25,29:00.0,7,12:00,172
7767150597,U,OB,1,3,765,127927,39,54:00.0,7,9:00,172
7767150799,U,IB,1,3,1115,119379,117,15:00.0,5,19:00,172
7767150817,U,CTY,1,1,614,136717,188,30:00.0,5,12:00,172
7767153915,U,CTY,1,1,150,140230,E25 ,29:00.0,2,15:00,172
7767155116,U,IB,1,1,275,278078,149,40:00.0,5,7:00,172
7767155776,U,CTY,1,1,300,530810,187,23:00.0,6,0:00,172
7767156739,U,OB,1,1,250,125699,89,50:00.0,4,12:00,172
7767161698,U,OB,1,1,1300,276230,38,01:00.0,5,21:00,172
7767175291,U,IB,1,1,1600,122644,104,08:00.0,1,7:00,172
7767175291,U,CTY,1,1,1600,122644,236,30:00.0,3,2:00,172
7767175457,U,IB,1,2,321,139578,149,12:00.0,1,15:00,172
7767176813,U,OB,1,2,4400,124274,96,35:00.0,6,17:00,172
7767176831,U,OB,1,1,900,124274,96,33:00.0,6,17:00,172
7767186118,U,IB,1,2,4400,118550,129,17:00.0,7,20:00,172
7767186832,U,OB,1,1,900,125699,89,21:00.0,4,15:00,172
7767188107,U,IB,1,1,391,132073,112,17:00.0,6,22:00,555
7767189032,U,IB,1,17,12920,133808,123,52:00.0,3,9:00,172
7767190105,U,CTY,1,1,1300,125429,227,05:00.0,4,8:00,172
7767190105,U,OB,1,1,1300,125429,90,04:00.0,4,8:00,172
7767190123,U,OB,1,1,1250,133143,58,20:00.0,5,1:00,172
7767190408,U,CTY,1,1,1300,133733,188,20:00.0,5,14:00,172
7767296008,U,CTY,1,1,300,PASC533243,173,36:00.0,4,8:00,309
7767296356,U,CTY,1,1,195,PASC634013,175,13:00.0,7,20:00,309
7767296621,U,CTY,1,1,280,135119,188,19:00.0,1,12:00,309
7767296659,U,CTY,1,1,545,PASC634534,231,46:00.0,3,0:00,309
7767296686,U,CTY,1,1,255,PASC33311,187,31:00.0,4,8:00,309
776729675X,U,CTY,1,1,160,PASC33311,187,01:00.0,4,8:00,309
7767296769,U,CTY,1,2,795,PASC33311,187,34:00.0,4,8:00,309
7767296989,U,CTY,1,1,420,PASC175379,175,19:00.0,5,8:00,309
7767297007,U,CTY,1,1,290,PASC175379,175,56:00.0,5,6:00,309
7767297025,U,CTY,1,1,80,130864,175,03:00.0,4,15:00,309
7767297070,U,CTY,1,1,150,PASC175379,175,39:00.0,5,7:00,309
776729719X,U,CTY,1,1,100,PASC634013,195,44:00.0,6,10:00,309
7767297236,U,CTY,1,2,1270,PASC634013,195,50:00.0,6,13:00,309
7767297245,U,CTY,1,1,330,PASC634013,195,56:00.0,6,13:00,309
7767297337,U,CTY,1,1,405,TNUE56177,188,07:00.0,1,1:00,309
7767297382,U,CTY,1,1,660,PASC533243,168,49:00.0,7,5:00,309
776729752X,U,CTY,1,1,460,PASC175379,188,44:00.0,5,10:00,309
7767297584,U,CTY,1,1,160,PASC175379,188,31:00.0,5,10:00,309
7767297602,U,CTY,1,1,170,PASC175379,188,25:00.0,5,10:00,309
7767297620,U,CTY,1,2,885,PASC175379,188,46:00.0,5,10:00,309
776729763X,U,CTY,1,1,210,PASC175379,188,28:00.0,5,9:00,309
7767297703,U,CTY,1,1,210,138232,187,40:00.0,5,16:00,309
7767297703,U,CTY,1,1,210,138232,233,41:00.0,5,16:00,309
7767298134,U,CTY,1,1,230,PASC175379,188,04:00.0,7,16:00,309
7767304725,U,OB,1,1,460,132433,38,07:00.0,4,1:00,683
7767304743,U,OB,1,1,585,132433,38,51:00.0,3,21:00,683
7767304752,U,OB,1,2,197,136884,52,04:00.0,5,18:00,683
7767304817,U,OB,1,1,200,132299,18,47:00.0,7,15:00,683
7767304844,U,OB,1,1,196,135994,22,55:00.0,1,0:00,683
7767305100,U,OB,1,2,602,131247,73,18:00.0,1,7:00,683
7767305266,U,CTY,1,1,341,127068,173,19:00.0,7,8:00,683
7767305293,U,CTY,1,1,346,127068,173,19:00.0,7,8:00,683
7767305311,U,OB,1,1,309,128131,51,16:00.0,2,11:00,683
7767305349,U,OB,1,1,158,128131,51,09:00.0,2,11:00,683
7767305394,U,OB,1,2,224,45562,31,11:00.0,5,4:00,683
7767305403,U,OB,1,2,681,45562,31,03:00.0,5,4:00,683
7767305421,U,OB,1,1,227,127322,66,44:00.0,6,15:00,683
7767323003,U,OB,1,1,240,133456,84,34:00.0,1,9:00,218
7767323306,U,CTY,1,1,142,PASC634534,187,22:00.0,1,20:00,319
7767323508,U,IB,1,1,367,125305,133,13:00.0,7,20:00,218
7767332849,U,CTY,1,7,9555,128691,196,22:00.0,2,19:00,143
7767334104,U,CTY,1,1,5080,CVEN44786,168,17:00.0,1,16:00,143
7767334205,U,OB,1,1,241,290361,86,36:00.0,3,10:00,143
7767334232,U,CTY,1,4,2200,135321,194,30:00.0,7,13:00,143
7767339824,U,CTY,1,1,150,125108,173,19:00.0,1,4:00,143
7767344572,U,CTY,1,1,1610,134705,192,46:00.0,7,3:00,143
7767344572,U,CTY,1,1,1610,134705,224,11:00.0,7,11:00,143
7767351695,U,CTY,1,1,4,45605,175,31:00.0,5,15:00,143
7767363016,U,CTY,1,14,19110,126950,205,16:00.0,3,4:00,143
7767366307,U,IB,1,1,1443,132369,149,12:00.0,5,19:00,143
7767366628,U,OB,1,1,213,139806,95,35:00.0,3,22:00,143
7767367470,U,CTY,1,1,1585,134953,188,17:00.0,2,16:00,143
7767370267,U,CTY,1,1,630,130556,189,17:00.0,7,2:00,143
776753490X,U,IB,1,1,181,CVEN43549,133,05:00.0,4,19:00,135
7767535478,U,IB,1,3,3150,CVEN46029,101,41:00.0,4,22:00,135
7767580513,U,CTY,1,3,187,138782,231,40:00.0,3,21:00,324
776758220X,U,IB,1,2,606,134835,143,01:00.0,4,15:00,324
7767582255,U,CTY,1,3,640,131332,172,41:00.0,4,22:00,324
7767582264,U,CTY,1,3,639,131332,172,40:00.0,4,22:00,324
7767582291,U,CTY,1,3,586,131332,172,42:00.0,4,22:00,324
7767582484,U,CTY,1,1,435,132416,197,47:00.0,3,22:00,324
7767582502,U,CTY,1,1,164,132416,197,45:00.0,3,22:00,324
7767582740,U,CTY,1,1,184,291200,188,42:00.0,6,0:00,324
7767582769,U,CTY,1,1,396,291200,188,35:00.0,6,0:00,324
7767583245,U,CTY,1,1,65,291200,188,14:00.0,5,22:00,324
7767583795,U,CTY,1,8,2837,138928,175,06:00.0,6,17:00,324
776758385X,U,IB,1,3,362,129678,151,33:00.0,7,10:00,324
7767583869,U,IB,1,11,4493,129678,151,09:00.0,7,11:00,324
7767583988,U,CTY,1,3,687,125579,188,17:00.0,7,19:00,324
7767585243,U,CTY,1,4,596,136412,195,43:00.0,1,5:00,324
7767585344,U,IB,1,1,250,128076,163,20:00.0,3,2:00,324
7767585353,U,IB,1,9,3949,121231,149,34:00.0,4,14:00,324
7767585894,U,IB,1,2,337,121231,149,54:00.0,4,15:00,324
7767586031,U,CTY,1,2,346,T402218947,189,22:00.0,4,9:00,324
7767586399,U,IB,1,2,225,R621615927,105,19:00.0,5,10:00,324
7767586572,U,CTY,1,2,753,140163,175,06:00.0,5,22:00,324
7767586637,U,IB,1,2,439,R621615927,105,16:00.0,5,10:00,324
776758671X,U,IB,1,2,893,131233,149,33:00.0,6,13:00,324
7767587389,U,CTY,1,4,905,137855,189,17:00.0,1,21:00,324
7767587443,U,IB,1,4,920,132523,118,25:00.0,6,15:00,324
7767587443,U,IB,1,4,920,132523,158,24:00.0,6,15:00,324
7767587452,U,IB,1,3,711,132523,158,06:00.0,6,12:00,324
7767587461,U,IB,1,4,1096,132523,158,43:00.0,6,13:00,324
7767587470,U,IB,1,3,761,132523,158,15:00.0,6,14:00,324
7767588498,U,CTY,1,6,3539,280932,173,09:00.0,2,15:00,324
7767588498,U,IB,1,6,3539,280932,161,14:00.0,2,15:00,324
7767588680,U,CTY,1,2,567,128129,169,41:00.0,4,8:00,324
7767589039,U,CTY,1,2,375,116843,169,52:00.0,5,7:00,324
7767589075,U,IB,1,2,350,T402218929,145,42:00.0,5,13:00,324
776758913X,U,CTY,1,2,308,132065,187,45:00.0,4,15:00,324
7767589158,U,IB,1,2,336,T402218929,145,34:00.0,5,10:00,324
7767589331,U,CTY,1,2,761,132065,187,37:00.0,4,15:00,324
7767589369,U,CTY,1,3,865,116843,169,11:00.0,5,10:00,324
7767589378,U,CTY,1,4,1045,116843,169,15:00.0,5,10:00,324
7767590532,U,CTY,1,3,802,133221,192,55:00.0,7,17:00,324
7767590633,U,CTY,1,7,2578,125775,194,25:00.0,2,2:00,324
7767590936,U,CTY,1,2,498,137469,175,48:00.0,3,16:00,324
7767590945,U,CTY,1,4,1725,137469,175,52:00.0,3,13:00,324
7767590954,U,CTY,1,1,337,137469,175,35:00.0,3,14:00,324
7767590972,U,CTY,1,2,692,137469,175,30:00.0,3,14:00,324
7767590990,U,CTY,1,4,633,137469,175,03:00.0,3,14:00,324
7767591138,U,CTY,1,3,405,127381,188,58:00.0,4,18:00,324
7767591138,U,OB,1,3,405,127381,95,03:00.0,7,23:00,324
7767591385,U,CTY,1,3,365,134974,187,53:00.0,4,0:00,324
7767591650,U,CTY,1,1,236,T402217967,187,10:00.0,5,0:00,324
7767591697,U,CTY,1,1,236,130514,196,22:00.0,4,14:00,324
7767591724,U,CTY,1,1,236,T402217967,187,58:00.0,4,22:00,324
7767591751,U,CTY,1,1,236,130514,196,21:00.0,4,14:00,324
776764754X,U,IB,1,1,226,139677,145,48:00.0,5,12:00,642
776764776X,U,IB,1,3,2474,123961,151,29:00.0,4,15:00,642
7767650565,U,CTY,1,2,910,133174,176,28:00.0,1,18:00,642
7767650666,U,CTY,1,1,200,133988,194,55:00.0,2,16:00,642
7767651299,U,IB,1,1,100,131475,104,31:00.0,7,7:00,642
7767654278,U,IB,1,1,145,128388,151,39:00.0,3,15:00,642
7767654415,U,IB,1,1,177,128333,135,28:00.0,2,9:00,642
7767654736,U,CTY,1,1,207,133174,176,13:00.0,1,16:00,642
7767654929,U,IB,1,1,161,128388,151,50:00.0,3,15:00,642
7767660052,U,IB,1,2,1840,131187,125,37:00.0,4,13:00,642
7767660813,U,IB,1,1,270,290274,133,23:00.0,2,9:00,642
7767660887,U,IB,1,1,423,134444,164,42:00.0,2,15:00,642
7767662849,U,IB,1,4,1570,128321,151,19:00.0,2,16:00,642
7767664791,U,IB,1,2,536,202456,105,44:00.0,2,13:00,642
776766492X,U,CTY,1,3,1165,132215,174,27:00.0,4,16:00,642
7767665305,U,IB,1,28,6733,127791,111,41:00.0,1,8:00,642
7767666304,U,IB,1,3,1515,139677,145,29:00.0,5,14:00,642
7767666744,U,CTY,1,1,470,133143,169,57:00.0,7,10:00,642
7767666872,U,IB,1,1,420,128321,151,03:00.0,2,15:00,642
7767667422,U,IB,1,1,150,261149,125,24:00.0,3,14:00,642
7767675250,U,IB,1,1,1090,138055,145,15:00.0,7,13:00,642
7767679605,U,IB,1,1,300,138055,145,32:00.0,7,13:00,642
7767680119,U,IB,1,24,6960,559415,158,47:00.0,4,10:00,642
7767682135,U,IB,1,11,730,202456,105,08:00.0,2,14:00,642
7767682171,U,IB,1,1,700,140309,158,02:00.0,3,1:00,642
7767683776,U,IB,1,1,264,135192,164,30:00.0,7,2:00,642
7767683913,U,CTY,1,1,550,124077,188,59:00.0,3,19:00,642
7767683913,U,CTY,1,1,550,124077,231,14:00.0,5,13:00,642
7767683996,U,IB,1,1,918,135192,164,12:00.0,7,2:00,642
7767684133,U,IB,1,3,1750,131475,104,23:00.0,7,7:00,642
7767684243,U,IB,1,1,436,128333,135,59:00.0,2,12:00,642
7767687947,U,IB,1,1,272,123961,151,57:00.0,4,14:00,642
7767689880,U,CTY,1,1,240,133988,194,37:00.0,2,16:00,642
7767691054,U,CTY,1,17,680,124077,188,31:00.0,3,18:00,642
776769110X,U,IB,1,1,175,138055,145,51:00.0,7,14:00,642
7767692246,U,CTY,1,1,271,125602,169,42:00.0,6,22:00,642
7767694107,U,IB,1,2,811,127791,111,06:00.0,1,6:00,642
7767694134,U,IB,1,1,495,140309,158,57:00.0,3,0:00,642
7767694170,U,IB,1,1,192,140309,158,53:00.0,3,0:00,642
776769418X,U,CTY,1,1,398,132215,174,50:00.0,4,16:00,642
7767694318,U,CTY,1,1,70,128363,169,55:00.0,1,3:00,642
7767694354,U,CTY,1,2,455,128363,169,25:00.0,1,3:00,642
7767694381,U,IB,1,2,1395,135950,123,17:00.0,3,8:00,642
7767694390,U,IB,1,2,448,140278,127,27:00.0,4,17:00,642
7767694419,U,CTY,1,1,151,134444,180,54:00.0,3,1:00,642
7767694419,U,IB,1,1,151,134444,164,53:00.0,2,17:00,642
7767694464,U,IB,1,1,73,211615,123,10:00.0,1,14:00,642
7767694639,U,CTY,1,1,215,128363,169,30:00.0,1,3:00,642
7767694657,U,CTY,1,1,58,128363,169,09:00.0,1,4:00,642
7767694657,U,IB,1,1,58,128363,161,10:00.0,1,4:00,642
7767694684,U,CTY,1,1,62,128363,169,53:00.0,1,3:00,642
7767696765,U,IB,1,1,536,128333,135,42:00.0,2,13:00,642
7767698296,U,IB,1,19,4476,139777,125,02:00.0,5,16:00,642
7767698314,U,IB,1,1,244,131475,104,16:00.0,7,12:00,642
7767699322,U,CTY,1,2,774,132215,174,10:00.0,4,21:00,642
7767699396,U,IB,1,1,81,138055,145,11:00.0,7,14:00,642
7767699441,U,CTY,1,2,850,133143,169,34:00.0,7,11:00,642
7767699450,U,CTY,1,1,81,133143,169,22:00.0,7,11:00,642
7767699479,U,IB,1,1,195,128333,135,36:00.0,2,9:00,642
7767699497,U,IB,1,1,165,128333,135,43:00.0,2,10:00,642
7767699818,U,CTY,1,1,318,133988,194,41:00.0,2,14:00,642
7767699836,U,CTY,1,1,645,133988,194,24:00.0,2,15:00,642
7767699836,U,IB,1,1,645,133988,121,24:00.0,2,17:00,642
776769990X,U,CTY,1,1,183,133988,194,13:00.0,2,15:00,642
7767699946,U,IB,1,1,301,131475,104,31:00.0,7,5:00,642
7767703181,U,IB,1,1,916,140309,158,10:00.0,2,22:00,642
7767703558,U,IB,1,3,7700,202456,105,50:00.0,2,14:00,642
7767705098,U,IB,1,1,290,135192,164,51:00.0,7,5:00,642
7767705098,U,IB,1,1,290,135192,115,16:00.0,7,8:00,642
7767706308,U,IB,1,1,243,137782,105,14:00.0,1,6:00,642
7767708892,U,IB,1,2,490,125468,111,15:00.0,2,15:00,642
7767709891,U,IB,1,1,323,134444,164,09:00.0,2,18:00,642
7767709965,U,IB,1,1,266,128321,151,02:00.0,2,16:00,642
7767710084,U,CTY,1,2,300,128598,173,25:00.0,5,18:00,642
7767710158,U,CTY,1,3,2295,132215,174,33:00.0,4,16:00,642
7767711276,U,IB,1,1,545,126816,123,25:00.0,3,6:00,642
7767711285,U,IB,1,2,1540,126816,123,39:00.0,3,6:00,642
7767714769,U,IB,1,2,705,131187,125,53:00.0,4,12:00,642
7767714888,U,IB,1,1,300,124365,141,22:00.0,3,8:00,642
7767714897,U,IB,1,1,585,127791,111,34:00.0,1,5:00,642
7767714924,U,IB,1,1,535,128871,141,22:00.0,7,4:00,642
7767715979,U,IB,1,1,2626,138055,145,25:00.0,7,13:00,642
7767716363,U,IB,1,1,188,261149,125,34:00.0,3,2:00,642
7767716437,U,IB,1,1,191,127772,158,16:00.0,4,0:00,642
7767717638,U,CTY,1,1,592,133143,169,14:00.0,7,11:00,642
7767718316,U,IB,1,1,325,139677,145,18:00.0,5,16:00,642
7767718682,U,IB,1,1,75,131187,125,53:00.0,4,12:00,642
776771959X,U,IB,1,1,150,134444,164,25:00.0,2,16:00,642
7767719829,U,IB,1,18,4349,130805,117,06:00.0,3,3:00,642
7767720662,U,CTY,1,1,1183,133174,205,46:00.0,2,9:00,642
7767720662,U,CTY,1,1,1183,133174,176,05:00.0,1,18:00,642
7767720965,U,IB,1,3,1745,126723,103,19:00.0,2,16:00,642
776773356X,U,CTY,1,1,314,133174,176,14:00.0,1,18:00,642
7767733579,U,CTY,1,1,184,133174,176,21:00.0,1,17:00,642
7767733725,U,IB,1,1,410,138055,145,53:00.0,7,13:00,642
7767736154,U,IB,1,1,251,126723,103,36:00.0,2,15:00,642
7767736181,U,IB,1,1,221,131475,104,41:00.0,7,5:00,642
7767736686,U,IB,1,1,190,130805,117,00:00.0,3,4:00,642
7767736695,U,IB,1,1,170,135950,123,34:00.0,3,6:00,642
7767736740,U,IB,1,1,170,135192,164,08:00.0,7,2:00,642
776773675X,U,IB,1,1,170,211615,123,16:00.0,1,14:00,642
7767736841,U,CTY,1,1,130,125602,169,27:00.0,6,22:00,642
7767736850,U,CTY,1,1,40,125602,169,25:00.0,6,22:00,642
7767740069,U,IB,1,1,240,139777,125,17:00.0,5,16:00,642
7767740628,U,IB,1,1,750,137782,105,43:00.0,1,6:00,642
7767741508,U,IB,1,1,266,134444,164,01:00.0,2,18:00,642
7767742094,U,CTY,1,2,1020,132772,168,26:00.0,1,7:00,642
7767742130,U,CTY,1,2,959,133174,176,25:00.0,1,18:00,642
7767742159,U,CTY,1,3,1508,133174,176,20:00.0,1,18:00,642
7767742269,U,IB,1,2,557,135192,164,44:00.0,7,2:00,642
7767742278,U,IB,1,2,1007,211615,123,29:00.0,1,18:00,642
7767742305,U,IB,1,3,1154,211615,123,38:00.0,1,18:00,642
776774236X,U,IB,1,2,932,127791,111,14:00.0,1,5:00,642
7767742415,U,IB,1,4,1695,128871,141,15:00.0,7,5:00,642
7767742489,U,CTY,1,1,1105,133143,169,46:00.0,7,10:00,642
7767748465,U,OB,1,1,101,125722,51,36:00.0,1,13:00,511
776774973X,U,CTY,1,2,775,132889,187,15:00.0,5,1:00,511
7767750088,U,IB,1,1,163,126278,164,04:00.0,6,3:00,511
7767751105,U,IB,1,1,160,140420,125,01:00.0,5,5:00,511
7767751206,U,IB,1,1,158,136702,103,43:00.0,5,4:00,511
7767751206,U,CTY,1,1,158,136702,168,56:00.0,3,10:00,511
7767752957,U,CTY,1,1,96,125795,169,46:00.0,6,22:00,511
7767762958,U,IB,1,2,1940,124040,123,09:00.0,3,22:00,246
7767832514,U,IB,1,1,1028,126120,164,41:00.0,4,16:00,266
7767832597,U,IB,1,1,773,126120,164,57:00.0,4,17:00,266
7767832642,U,IB,1,1,112,126120,164,02:00.0,4,18:00,266
7767832734,U,CTY,1,1,636,125499,187,20:00.0,4,8:00,266
7767832817,U,IB,1,1,170,126120,164,00:00.0,4,18:00,266
776783289X,U,IB,1,1,253,126120,164,17:00.0,4,17:00,266
7767833569,U,IB,1,1,213,129883,127,02:00.0,5,21:00,266
7767833715,U,IB,1,1,112,129883,127,51:00.0,5,20:00,266
776783443X,U,IB,1,1,1370,137816,112,15:00.0,6,22:00,266
7767837107,U,IB,1,1,930,126120,164,15:00.0,4,17:00,266
7767837262,U,IB,1,1,170,129883,127,54:00.0,5,20:00,266
7767837473,U,IB,1,1,360,126120,164,22:00.0,4,17:00,266
7767837556,U,CTY,1,7,4520,127099,R4  ,39:00.0,6,18:00,266
7767837556,U,IB,1,7,4520,127099,104,39:00.0,6,10:00,266
7767837556,U,IB,1,7,4520,127099,110,36:00.0,6,19:00,266
7767837565,U,IB,1,1,200,127099,104,01:00.0,6,13:00,266
7767837583,U,IB,1,2,305,127099,104,55:00.0,6,12:00,266
776783762X,U,IB,1,2,950,127099,104,57:00.0,6,13:00,266
776783762X,U,IB,1,2,950,127099,108,47:00.0,6,20:00,266
7767837666,U,IB,1,2,1230,134695,104,31:00.0,1,20:00,266
7767837693,U,IB,1,1,300,134695,104,51:00.0,1,19:00,266
7767837794,U,IB,1,1,182,131553,117,04:00.0,2,17:00,266
7767837922,U,IB,1,1,240,129883,127,06:00.0,6,1:00,266
7767837931,U,IB,1,2,1350,137678,104,31:00.0,6,1:00,266
7767839536,U,OB,1,4,5544,128893,89,32:00.0,3,21:00,266
7767839664,U,IB,1,3,5944,131479,125,48:00.0,1,17:00,266
7767839729,U,IB,1,2,2340,125220,164,50:00.0,6,2:00,266
7767839857,U,IB,1,2,1780,136486,113,40:00.0,2,22:00,266
7767841020,U,IB,1,4,7400,140034,151,49:00.0,5,19:00,266
7767841287,U,IB,1,1,1706,127099,104,30:00.0,6,17:00,266
7767841745,U,IB,1,1,895,133513,111,59:00.0,3,20:00,266
7767841938,U,IB,1,1,691,131553,117,55:00.0,2,18:00,266
7767841938,U,IB,1,1,691,131553,108,33:00.0,2,21:00,266
7767841992,U,IB,1,11,1025,129883,127,50:00.0,6,2:00,266
7767843157,U,CTY,1,1,386,131149,197,45:00.0,1,0:00,266
7767843496,U,OB,1,4,1818,124159,90,59:00.0,1,19:00,266
7767843550,U,CTY,1,4,3392,131149,197,43:00.0,1,0:00,266
7767843945,U,OB,1,1,96,124159,90,27:00.0,1,20:00,266
7767844174,U,OB,1,1,650,124159,90,33:00.0,1,19:00,266
7767845072,U,IB,1,1,380,135080,100,49:00.0,7,7:00,266
7767845072,U,IB,1,1,380,135080,100,49:00.0,7,7:00,266
7767845393,U,OB,1,1,1350,123032,74,39:00.0,1,4:00,266
7767846567,U,IB,1,1,880,136486,113,32:00.0,2,21:00,266
7767846585,U,IB,1,1,322,136486,113,00:00.0,2,23:00,266
7767846630,U,IB,1,1,530,137678,104,37:00.0,5,22:00,266
7767846695,U,CTY,1,1,495,127543,196,02:00.0,1,19:00,266
7767847016,U,IB,1,1,382,134695,104,25:00.0,1,20:00,266
7767847117,U,IB,1,1,127,131479,125,36:00.0,1,21:00,266
7767848446,U,CTY,1,1,169,202317,174,32:00.0,4,12:00,266
7767848767,U,IB,1,1,89,125220,164,24:00.0,6,1:00,266
7767848803,U,IB,1,1,324,126486,149,38:00.0,6,20:00,266
7767848913,U,IB,1,1,348,126486,149,38:00.0,6,20:00,266
7767850013,U,IB,1,1,238,137744,129,08:00.0,2,22:00,266
776785082X,U,OB,1,1,642,123032,74,07:00.0,1,5:00,266
776785236X,U,CTY,1,1,2250,123824,231,35:00.0,6,6:00,266
776785236X,U,CTY,1,1,2250,123824,189,21:00.0,5,19:00,266
7767852424,U,IB,1,3,1276,132653,131,47:00.0,6,5:00,266
776785280X,U,IB,1,1,930,140034,151,38:00.0,5,18:00,266
7767853643,U,CTY,1,1,1055,202317,174,30:00.0,4,13:00,266
7767853744,U,CTY,1,9,1365,202317,174,19:00.0,4,14:00,266
7767854038,U,IB,1,1,202,138486,104,05:00.0,2,1:00,266
7767854330,U,IB,1,4,1995,291085,125,32:00.0,7,15:00,266
7767854395,U,IB,1,1,175,291085,125,09:00.0,7,13:00,266
7767854487,U,CTY,1,2,830,211511,168,01:00.0,2,13:00,266
7767854660,U,IB,1,1,260,291085,125,17:00.0,7,15:00,266
7767854871,U,CTY,1,1,180,211511,181,01:00.0,2,18:00,266
7767854871,U,CTY,1,1,180,211511,168,22:00.0,2,15:00,266
776785489X,U,CTY,1,2,706,211511,168,03:00.0,2,13:00,266
7767855028,U,IB,1,1,1016,132653,131,47:00.0,6,4:00,266
7767855046,U,IB,1,1,227,132653,131,45:00.0,6,4:00,266
7767855055,U,IB,1,1,657,132653,131,22:00.0,6,3:00,266
7767855055,U,OB,1,1,657,132653,78,32:00.0,7,12:00,266
776785511X,U,IB,1,1,425,131479,125,47:00.0,1,21:00,266
7767855302,U,IB,1,2,1284,129883,127,39:00.0,6,1:00,266
7767855349,U,IB,1,1,364,129883,127,33:00.0,6,1:00,266
7767855403,U,IB,1,1,333,133513,111,10:00.0,3,21:00,266
7767855421,U,IB,1,1,452,133513,111,19:00.0,3,22:00,266
7767855430,U,IB,1,1,403,133513,111,23:00.0,3,22:00,266
7767855569,U,IB,1,1,422,131553,117,01:00.0,2,18:00,266
7767855825,U,CTY,1,1,803,125153,231,12:00.0,4,21:00,266
7767855825,U,OB,1,1,803,125153,86,17:00.0,4,15:00,266
776785588X,U,IB,1,2,791,130591,101,47:00.0,5,21:00,266
7767855935,U,IB,1,1,1030,127099,104,09:00.0,6,17:00,266
7767857677,U,IB,1,2,650,136874,143,12:00.0,3,20:00,266
7767857787,U,CTY,1,1,230,125169,175,50:00.0,2,17:00,266
7767858108,U,IB,1,1,274,136874,143,19:00.0,3,20:00,266
7767858768,U,OB,1,1,460,125153,86,26:00.0,4,15:00,266
776785885X,U,OB,1,3,602,125153,86,58:00.0,4,13:00,266
7767858869,U,OB,1,4,2316,125153,86,14:00.0,4,13:00,266
7767858878,U,OB,1,1,360,125153,86,12:00.0,4,15:00,266
7767858932,U,IB,1,1,690,127099,104,32:00.0,6,13:00,266
7767858950,U,OB,1,1,163,123032,74,52:00.0,1,4:00,266
7767859125,U,IB,1,2,1980,136486,113,49:00.0,2,22:00,266
7767859253,U,OB,1,1,445,125153,86,29:00.0,4,15:00,266
7767860490,U,IB,1,1,505,123162,114,30:00.0,7,3:00,266
7767861527,U,IB,1,2,1133,131553,117,04:00.0,2,19:00,266
7767861527,U,IB,1,2,1133,131553,108,33:00.0,2,21:00,266
7767861619,U,IB,1,1,160,137678,104,46:00.0,6,0:00,266
7767861738,U,OB,1,1,160,128893,89,37:00.0,3,21:00,266
7767861765,U,IB,1,2,424,278893,112,59:00.0,3,22:00,266
7767861783,U,IB,1,2,181,278893,112,57:00.0,4,0:00,266
776786182X,U,IB,1,1,183,278893,112,04:00.0,4,1:00,266
7767862250,U,IB,1,1,158,279969,141,07:00.0,1,4:00,266
7767862324,U,IB,1,2,655,136874,143,35:00.0,3,20:00,266
776786787X,U,IB,1,5,7050,138814,114,45:00.0,7,22:00,266
7767868118,U,OB,1,1,806,123032,74,32:00.0,1,8:00,266
7767868136,U,IB,1,2,2410,132653,131,50:00.0,6,5:00,266
776786886X,U,IB,1,1,880,131479,125,50:00.0,1,21:00,266
7767868879,U,IB,1,2,2812,131479,125,55:00.0,1,21:00,266
776786930X,U,IB,1,1,101,129883,127,02:00.0,6,1:00,266
7767869319,U,IB,1,1,477,129883,127,02:00.0,6,3:00,266
7767869447,U,OB,1,1,105,128893,89,27:00.0,3,20:00,266
7767869456,U,OB,1,1,440,125153,86,51:00.0,4,13:00,266
7767870556,U,IB,1,1,471,127099,104,52:00.0,6,10:00,266
7767874489,U,IB,1,1,430,129883,127,06:00.0,6,3:00,266
7767875423,U,CTY,1,1,189,135080,174,47:00.0,7,7:00,266
7767875836,U,IB,1,1,349,134695,104,51:00.0,1,20:00,266
7767875854,U,IB,1,1,222,134695,104,17:00.0,1,20:00,266
776787590X,U,IB,1,1,253,134695,104,59:00.0,1,19:00,266
7767876770,U,IB,1,1,328,278893,112,20:00.0,4,0:00,266
7767877953,U,CTY,1,1,503,127543,196,41:00.0,1,15:00,266
776787799X,U,OB,1,1,266,125153,86,00:00.0,4,15:00,266
7767878833,U,IB,1,2,648,202245,117,03:00.0,6,16:00,266
7767879520,U,IB,1,1,360,127099,104,36:00.0,6,16:00,266
7767879567,U,OB,1,1,100,123032,74,35:00.0,1,6:00,266
7767879603,U,IB,1,1,340,134695,104,14:00.0,1,20:00,266
7767879668,U,IB,1,1,153,132653,131,13:00.0,6,5:00,266
7767881592,U,IB,1,1,1286,131553,117,09:00.0,2,17:00,266
7767881601,U,IB,1,9,5805,137678,104,13:00.0,5,22:00,266
7767882436,U,OB,1,2,2590,123032,74,15:00.0,1,10:00,266
7767985515,U,CTY,1,2,865,136990,189,56:00.0,2,18:00,830
7767985533,U,CTY,1,2,835,138851,194,14:00.0,2,16:00,830
7767985607,U,CTY,1,1,305,124100,188,40:00.0,4,13:00,830
7767986074,U,CTY,1,1,364,137493,192,01:00.0,2,16:00,830
7767986422,U,IB,1,1,253,132897,127,30:00.0,1,0:00,830
7767986505,U,CTY,1,1,485,138146,169,03:00.0,2,11:00,830
7767986579,U,CTY,1,1,309,138146,169,22:00.0,2,11:00,830
7767986633,U,CTY,1,1,485,135253,192,17:00.0,3,1:00,830
7767986817,U,CTY,1,3,910,137640,195,19:00.0,1,18:00,830
7767986826,U,CTY,1,1,309,137640,195,56:00.0,1,16:00,830
7767987028,U,CTY,1,2,575,137791,169,25:00.0,2,9:00,830
7767987037,U,CTY,1,2,470,125269,195,42:00.0,1,22:00,830
7768007881,U,CTY,1,1,410,124100,188,37:00.0,4,13:00,830
7768057547,U,IB,1,2,385,125833,105,42:00.0,7,13:00,216
776805762X,U,IB,1,3,120,127816,113,57:00.0,3,10:00,216
7768057648,U,IB,1,3,240,119426,105,57:00.0,5,17:00,216
7768057666,U,IB,1,1,561,135095,149,48:00.0,4,10:00,216
7768057684,U,IB,1,1,65,135095,149,59:00.0,4,8:00,216
7768092343,U,IB,1,1,4090,137169,125,48:00.0,3,10:00,216
7768092444,U,IB,1,1,518,126219,149,39:00.0,5,5:00,216
7768096000,U,IB,1,1,71,558759,111,18:00.0,6,19:00,216
7768096056,U,IB,1,1,2782,132969,145,02:00.0,6,18:00,216
7768096065,U,IB,1,2,2000,558759,111,30:00.0,6,22:00,216
7768096101,U,IB,1,1,579,124130,116,22:00.0,6,7:00,216
7768096110,U,IB,1,2,1269,124130,116,57:00.0,6,7:00,216
776809612X,U,IB,1,3,2158,124130,116,04:00.0,6,8:00,216
7768096139,U,IB,1,3,2235,558759,111,08:00.0,6,23:00,216
7768096148,U,IB,1,3,2575,558759,111,20:00.0,6,23:00,216
7768096166,U,IB,1,1,1599,559143,163,40:00.0,1,8:00,216
7768096175,U,IB,1,1,730,128283,151,08:00.0,1,4:00,216
7768096193,U,IB,1,1,825,127469,151,02:00.0,3,13:00,216
7768096808,U,IB,1,2,1180,291170,151,39:00.0,4,6:00,216
7768097055,U,IB,1,1,800,531239,116,06:00.0,5,19:00,216
7768097091,U,OB,1,1,1085,139033,84,03:00.0,1,2:00,216
776809711X,U,IB,1,1,471,127816,113,42:00.0,3,8:00,216
7768097129,U,IB,1,2,1360,291170,151,16:00.0,4,11:00,216
7768097165,U,IB,1,5,3920,129562,135,55:00.0,6,14:00,216
7768101042,U,IB,1,1,810,139612,111,16:00.0,5,10:00,216
7768101042,U,OB,1,1,810,139612,82,17:00.0,5,10:00,216
7768101051,U,IB,1,4,2115,139612,111,38:00.0,5,9:00,216
7768101089,U,IB,1,1,260,279882,116,32:00.0,6,18:00,216
7768101098,U,IB,1,1,440,261383,154,22:00.0,6,16:00,216
7768101098,U,IB,1,1,440,261383,131,55:00.0,6,12:00,216
7768101931,U,OB,1,1,310,137535,95,00:00.0,7,18:00,216
7768101931,U,OB,1,1,310,137535,92,02:00.0,7,18:00,216
7768104223,U,OB,1,5,8020,130586,96,12:00.0,7,14:00,216
7768104279,U,CTY,1,2,2947,134535,169,51:00.0,3,14:00,216
7768104288,U,CTY,1,2,3163,134535,169,33:00.0,3,14:00,216
7768104297,U,IB,1,4,6740,123280,111,48:00.0,1,0:00,216
7768104315,U,CTY,1,2,2428,134535,169,59:00.0,3,14:00,216
7768104398,U,IB,1,3,4144,123777,141,34:00.0,3,13:00,216
7768104609,U,IB,1,2,3255,558759,111,54:00.0,6,21:00,216
7768104618,U,IB,1,6,8625,558759,111,40:00.0,6,20:00,216
7768104627,U,IB,1,1,1630,558759,111,50:00.0,6,19:00,216
7768104874,U,IB,1,1,400,261306,127,43:00.0,4,8:00,216
7768105772,U,IB,1,1,181,129562,135,01:00.0,6,15:00,216
7768105828,U,IB,1,1,356,261306,127,40:00.0,4,8:00,216
7768105891,U,IB,1,1,242,129562,135,48:00.0,6,12:00,216
7768105965,U,IB,1,1,695,126729,135,35:00.0,4,13:00,216
7768105992,U,IB,1,1,325,126729,135,03:00.0,4,13:00,216
7768107597,U,IB,1,1,1031,137455,152,26:00.0,7,6:00,216
7768107606,U,IB,1,1,510,137455,152,30:00.0,7,6:00,216
7768107624,U,IB,1,1,520,137455,152,36:00.0,7,6:00,216
7768107698,U,IB,1,1,520,531239,116,57:00.0,5,19:00,216
7768107707,U,IB,1,3,1967,531239,116,11:00.0,5,20:00,216
7768107725,U,IB,1,4,5137,531239,116,34:00.0,5,19:00,216
7768108715,U,IB,1,1,216,130757,114,05:00.0,5,12:00,216
776810877X,U,IB,1,1,931,128283,151,22:00.0,1,6:00,216
7768108825,U,IB,1,1,575,126729,135,52:00.0,4,13:00,216
7768108834,U,IB,1,1,731,126729,135,38:00.0,4,13:00,216
7768108843,U,IB,1,1,333,202385,105,56:00.0,4,15:00,216
7768108870,U,IB,1,1,565,123280,111,17:00.0,7,22:00,216
776810888X,U,OB,1,2,6902,139033,84,19:00.0,1,2:00,216
7768108908,U,OB,1,1,290,139033,84,40:00.0,1,2:00,216
7768108917,U,IB,1,1,469,128446,123,59:00.0,3,11:00,216
7768109009,U,CTY,1,2,3701,134363,187,00:00.0,6,14:00,216
7768109018,U,CTY,1,1,410,134363,187,19:00.0,6,11:00,216
7768109036,U,IB,1,1,302,132162,158,16:00.0,7,16:00,216
776811053X,U,CTY,1,2,870,124186,168,10:00.0,5,7:00,216
7768114013,U,OB,1,1,980,202371,86,12:00.0,5,12:00,216
7768115095,U,IB,1,1,126,119676,105,31:00.0,4,16:00,216
7768115847,U,IB,1,4,2011,133452,143,15:00.0,7,20:00,216
776811592X,U,IB,1,1,975,132868,116,22:00.0,7,19:00,216
7768115957,U,IB,1,1,808,137612,123,53:00.0,7,11:00,216
776811933X,U,IB,1,8,15460,130888,133,11:00.0,1,11:00,216
7768119358,U,IB,1,6,10650,130888,133,46:00.0,1,11:00,216
7768119367,U,OB,1,4,6530,249218,86,29:00.0,1,5:00,216
7768119459,U,CTY,1,3,3600,290869,174,45:00.0,6,7:00,216
7768119486,U,IB,1,1,299,310316,117,51:00.0,1,9:00,216
7768119495,U,IB,1,1,264,310316,117,43:00.0,1,9:00,216
7768119504,U,IB,1,6,1504,310316,117,49:00.0,1,9:00,216
7768119697,U,IB,1,2,80,135095,149,20:00.0,4,11:00,216
7768119742,U,IB,1,2,66,135095,149,26:00.0,4,11:00,216
7768119861,U,IB,1,3,705,135095,149,36:00.0,4,11:00,216
7768120119,U,IB,1,4,120,119426,105,45:00.0,5,17:00,216
7768120173,U,IB,1,10,400,134010,163,04:00.0,6,13:00,216
7768120182,U,IB,1,2,80,134010,163,50:00.0,6,12:00,216
7768124564,U,OB,1,3,1777,559143,89,52:00.0,2,8:00,216
7768124564,U,IB,1,3,1777,559143,163,34:00.0,1,10:00,216
776812461X,U,IB,1,1,601,129306,117,09:00.0,3,16:00,216
7768124757,U,IB,1,1,831,123280,111,42:00.0,1,1:00,216
7768124802,U,IB,1,1,95,135944,116,16:00.0,3,19:00,216
7768125004,U,IB,1,1,215,559143,163,31:00.0,1,10:00,216
7768125215,U,IB,1,1,250,279026,112,13:00.0,6,11:00,216
7768126351,U,IB,1,2,860,249140,117,35:00.0,4,7:00,216
7768126517,U,CTY,1,2,3793,133221,192,11:00.0,7,19:00,216
776812692X,U,IB,1,1,110,119446,103,01:00.0,5,20:00,216
7768126975,U,IB,1,2,2391,119446,103,31:00.0,5,19:00,216
7768128634,U,IB,1,2,1282,123386,105,58:00.0,4,15:00,216
7768128643,U,IB,1,5,1441,123386,105,44:00.0,4,15:00,216
7768128652,U,IB,1,3,681,123386,105,56:00.0,4,15:00,216
7768128661,U,IB,1,2,977,123386,105,02:00.0,4,14:00,216
7768128708,U,IB,1,1,425,279026,112,22:00.0,6,10:00,216
7768128717,U,IB,1,1,700,279026,112,25:00.0,6,10:00,216
7768128726,U,IB,1,1,74,279026,112,16:00.0,6,8:00,216
7768128735,U,IB,1,1,372,279026,112,12:00.0,6,10:00,216
7768128744,U,IB,1,1,109,279026,112,14:00.0,6,8:00,216
7768128753,U,IB,1,1,100,279026,112,51:00.0,6,9:00,216
776812901X,U,IB,1,1,223,41406,114,07:00.0,7,20:00,216
7768129029,U,IB,1,1,207,41406,114,14:00.0,7,19:00,216
7768129038,U,IB,1,1,293,41406,114,09:00.0,7,20:00,216
7768129047,U,IB,1,1,465,41406,114,12:00.0,7,20:00,216
7768129056,U,IB,1,1,304,41406,114,06:00.0,7,20:00,216
7768129065,U,IB,1,1,467,41406,114,09:00.0,7,20:00,216
7768129074,U,IB,1,1,302,41406,114,06:00.0,7,20:00,216
7768129083,U,IB,1,1,595,41406,114,09:00.0,7,20:00,216
7768129101,U,IB,1,1,1295,41406,114,09:00.0,7,20:00,216
7768129110,U,IB,1,1,818,41406,114,09:00.0,7,20:00,216
7768129139,U,OB,1,1,415,137535,95,44:00.0,7,15:00,216
7768129148,U,OB,1,1,250,137535,95,40:00.0,7,15:00,216
7768129157,U,IB,1,1,262,41406,114,06:00.0,7,20:00,216
7768129175,U,IB,1,1,915,41406,114,12:00.0,7,19:00,216
7768129184,U,IB,1,1,427,41406,114,08:00.0,7,20:00,216
7768131072,U,IB,1,1,800,131089,112,29:00.0,7,10:00,216
7768131146,U,IB,1,3,2720,261385,116,15:00.0,4,9:00,216
7768131155,U,IB,1,4,5465,261385,116,48:00.0,4,12:00,216
7768131164,U,IB,1,1,1007,123386,105,20:00.0,4,12:00,216
7768131191,U,IB,1,3,4705,126219,149,37:00.0,5,8:00,216
7768131200,U,IB,1,2,2195,261385,116,19:00.0,4,12:00,216
7768132549,U,CTY,1,1,750,129652,174,45:00.0,1,7:00,216
7768132567,U,OB,1,4,3952,249218,86,56:00.0,1,7:00,216
7768132612,U,IB,1,1,183,135340,149,48:00.0,3,12:00,216
7768132686,U,IB,1,1,306,135340,149,02:00.0,3,11:00,216
7768132731,U,IB,1,1,315,123579,149,50:00.0,4,11:00,216
7768132740,U,IB,1,1,621,123579,149,38:00.0,4,12:00,216
7768132769,U,IB,1,1,356,135863,152,42:00.0,4,16:00,216
7768132778,U,IB,1,1,304,123579,149,02:00.0,4,13:00,216
7768132814,U,IB,1,1,435,123579,149,39:00.0,4,12:00,216
7768132850,U,IB,1,1,839,123579,149,49:00.0,4,12:00,216
7768133878,U,IB,1,8,10433,530091,151,12:00.0,1,10:00,216
7768133896,U,CTY,1,3,4525,129652,174,02:00.0,1,8:00,216
7768133914,U,IB,1,4,5515,310753,101,49:00.0,4,20:00,216
7768133932,U,IB,1,12,16070,310753,101,18:00.0,4,20:00,216
7768133979,U,IB,1,4,5705,249140,117,47:00.0,4,8:00,216
7768134006,U,CTY,1,1,1179,134363,187,36:00.0,6,13:00,216
7768134033,U,IB,1,2,3370,310316,117,12:00.0,1,8:00,216
7768134051,U,IB,1,2,2800,135944,116,03:00.0,3,16:00,216
7768134161,U,IB,1,4,5760,126013,163,15:00.0,7,13:00,216
7768134217,U,IB,1,1,1560,138518,103,20:00.0,3,14:00,216
7768134244,U,IB,1,1,1285,129965,143,42:00.0,7,7:00,216
7768135656,U,IB,1,16,6830,530091,151,05:00.0,1,12:00,216
7768135921,U,OB,1,1,965,249027,96,14:00.0,5,13:00,216
7768135921,U,IB,1,1,965,249027,167,57:00.0,5,14:00,216
776813594X,U,OB,1,1,272,249027,96,00:00.0,5,13:00,216
7768135995,U,OB,1,1,325,130586,96,18:00.0,7,14:00,216
7768136298,U,IB,1,1,269,135944,116,06:00.0,3,15:00,216
7768139634,U,IB,1,1,596,132969,145,13:00.0,6,16:00,216
7768139670,U,IB,1,1,540,559143,163,26:00.0,1,8:00,216
7768139955,U,CTY,1,1,536,134363,187,39:00.0,6,16:00,216
7768141926,U,CTY,1,1,2182,135157,168,42:00.0,6,18:00,216
7768142779,U,IB,1,2,420,137455,152,10:00.0,7,4:00,216
7768142797,U,IB,1,1,740,137455,152,44:00.0,7,3:00,216
7768142842,U,IB,1,3,1884,531239,116,44:00.0,5,16:00,216
7768142925,U,CTY,1,1,488,133257,169,11:00.0,3,14:00,216
7768143282,U,CTY,1,5,3006,133906,197,45:00.0,4,15:00,216
776814331X,U,IB,1,6,2695,121112,149,00:00.0,5,13:00,216
7768143383,U,IB,1,5,3285,129499,131,15:00.0,6,10:00,216
7768143594,U,IB,1,1,503,559143,163,57:00.0,1,13:00,216
7768143630,U,OB,1,1,384,128287,90,12:00.0,7,10:00,216
776814364X,U,OB,1,4,2227,128287,90,57:00.0,7,10:00,216
7768143888,U,IB,1,3,2111,129306,117,10:00.0,3,15:00,216
7768144052,U,IB,1,1,382,279882,116,26:00.0,6,20:00,216
7768144061,U,IB,1,3,2186,279882,116,18:00.0,6,19:00,216
7768144272,U,IB,1,4,2130,127111,104,46:00.0,7,9:00,216
7768144510,U,CTY,1,1,378,135157,168,17:00.0,6,18:00,216
776814452X,U,IB,1,4,2235,127111,104,55:00.0,7,10:00,216
7768144768,U,OB,1,4,2373,139033,84,30:00.0,1,3:00,216
7768145089,U,IB,1,3,1562,119049,117,57:00.0,4,10:00,216
7768145996,U,OB,1,1,281,202371,86,23:00.0,5,13:00,216
7768146032,U,CTY,1,8,12270,121789,172,30:00.0,5,19:00,216
7768146041,U,IB,1,1,500,119446,103,53:00.0,5,17:00,216
776814606X,U,IB,1,4,6390,134010,163,04:00.0,6,10:00,216
7768147572,U,OB,1,4,3093,137535,95,57:00.0,7,15:00,216
7768150230,U,IB,1,2,1455,261054,129,24:00.0,4,18:00,216
776815563X,U,IB,1,1,354,118641,133,35:00.0,3,14:00,216
7768155649,U,OB,1,1,451,132096,95,24:00.0,4,10:00,216
7768155676,U,IB,1,1,232,118641,133,04:00.0,3,14:00,216
7768155721,U,IB,1,1,313,118641,133,07:00.0,3,14:00,216
776815574X,U,IB,1,1,804,125176,145,52:00.0,3,12:00,216
7768156033,U,IB,1,1,271,291246,114,14:00.0,6,6:00,216
7768156134,U,IB,1,1,785,139971,104,57:00.0,4,20:00,216
7768156143,U,CTY,1,1,885,121789,172,29:00.0,5,18:00,216
7768156170,U,IB,1,1,229,119676,105,56:00.0,4,15:00,216
7768156217,U,IB,1,1,130,119676,105,54:00.0,4,15:00,216
7768156226,U,CTY,1,1,301,121789,172,25:00.0,5,18:00,216
7768156455,U,IB,1,1,299,135704,101,40:00.0,7,11:00,216
7768156464,U,OB,1,3,4826,135704,98,44:00.0,7,13:00,216
7768156464,U,OB,1,3,4826,135704,98,44:00.0,7,13:00,216
7768157600,U,IB,1,1,848,261383,131,48:00.0,6,12:00,216
7768157629,U,IB,1,1,372,279882,116,26:00.0,6,16:00,216
7768157692,U,IB,1,1,71,123280,111,33:00.0,7,22:00,216
7768157701,U,IB,1,1,625,123280,111,41:00.0,7,22:00,216
776815772X,U,IB,1,3,4625,128446,123,04:00.0,3,16:00,216
7768157766,U,IB,1,1,516,124130,116,51:00.0,6,7:00,216
7768157811,U,IB,1,1,130,124130,116,19:00.0,6,7:00,216
7768157849,U,IB,1,2,1829,128283,151,05:00.0,1,5:00,216
7768157867,U,IB,1,1,341,128283,151,08:00.0,1,6:00,216
7768157876,U,CTY,1,1,1312,133257,169,35:00.0,3,13:00,216
7768158031,U,IB,1,2,4485,132868,116,56:00.0,7,20:00,216
7768158206,U,IB,1,1,128,291170,151,10:00.0,4,7:00,216
7768158215,U,IB,1,1,165,123777,141,36:00.0,3,12:00,216
7768158224,U,IB,1,1,491,118641,133,51:00.0,3,18:00,216
7768158242,U,IB,1,1,160,118641,133,52:00.0,3,13:00,216
7768161010,U,IB,1,1,1585,261306,127,31:00.0,4,8:00,216
7768161057,U,IB,1,1,113,138518,103,56:00.0,3,13:00,216
7768161075,U,IB,1,1,245,138518,103,58:00.0,3,13:00,216
7768161102,U,IB,1,1,399,138518,103,00:00.0,3,14:00,216
7768161167,U,IB,1,1,175,202385,105,15:00.0,4,16:00,216
7768161176,U,IB,1,1,768,202385,105,03:00.0,4,16:00,216
7768161185,U,CTY,1,12,14656,133257,215,46:00.0,4,7:00,216
7768161194,U,IB,1,1,96,261306,127,34:00.0,4,8:00,216
7768161221,U,IB,1,2,5220,125025,143,38:00.0,3,12:00,216
7768161304,U,IB,1,1,471,135689,101,47:00.0,6,1:00,216
7768161331,U,IB,1,1,474,135689,101,35:00.0,6,1:00,216
7768161387,U,IB,1,1,724,279882,116,18:00.0,6,20:00,216
7768161414,U,IB,1,1,286,135689,101,08:00.0,6,1:00,216
7768161542,U,IB,1,2,3120,129562,135,06:00.0,6,14:00,216
7768161625,U,IB,1,1,150,132737,103,40:00.0,7,2:00,216
7768161863,U,IB,1,1,1532,133452,143,20:00.0,7,20:00,216
7768161881,U,OB,1,1,116,139033,84,44:00.0,1,3:00,216
776816190X,U,OB,1,1,147,139033,84,36:00.0,1,2:00,216
7768161928,U,OB,1,1,461,139033,84,54:00.0,1,2:00,216
7768162202,U,IB,1,2,320,123280,111,52:00.0,7,21:00,216
7768162220,U,IB,1,1,78,123280,111,47:00.0,7,21:00,216
7768163531,U,IB,1,1,156,139971,104,49:00.0,4,20:00,216
7768163587,U,IB,1,3,3045,291246,114,51:00.0,6,7:00,216
7768164640,U,IB,1,1,360,558759,111,11:00.0,6,22:00,216
776816465X,U,OB,1,1,644,128287,90,51:00.0,7,13:00,216
7768164669,U,OB,1,1,314,128287,90,31:00.0,7,14:00,216
7768164678,U,OB,1,1,350,128287,90,01:00.0,7,14:00,216
7768164678,U,IB,1,1,350,128287,108,56:00.0,7,15:00,216
7768164687,U,OB,1,1,171,128287,90,39:00.0,7,14:00,216
7768164696,U,OB,1,1,444,128287,90,16:00.0,7,14:00,216
7768164714,U,OB,1,1,203,128287,90,25:00.0,7,13:00,216
7768164723,U,OB,1,1,54,128287,90,43:00.0,7,13:00,216
7768164732,U,OB,1,1,118,128287,90,21:00.0,7,13:00,216
7768164741,U,IB,1,1,245,126013,163,33:00.0,7,12:00,216
7768164750,U,IB,1,1,583,126013,163,40:00.0,7,12:00,216
7768165062,U,IB,1,1,88,126729,135,36:00.0,4,13:00,216
7768165466,U,IB,1,1,125,559143,163,11:00.0,1,10:00,216
7768165466,U,IB,1,1,125,559143,156,39:00.0,1,13:00,216
7768165475,U,IB,1,1,920,559143,163,50:00.0,1,9:00,216
7768165475,U,IB,1,1,920,559143,165,34:00.0,1,12:00,216
7768165841,U,IB,1,1,268,133452,143,34:00.0,7,19:00,216
7768165915,U,IB,1,1,485,133452,143,31:00.0,7,18:00,216
7768165960,U,IB,1,1,349,139612,111,36:00.0,5,10:00,216
7768167033,U,IB,1,1,161,127111,104,55:00.0,7,10:00,216
7768167042,U,IB,1,1,203,127111,104,10:00.0,7,8:00,216
7768167051,U,IB,1,1,146,127111,104,56:00.0,7,6:00,216
776816707X,U,IB,1,1,999,127111,104,00:00.0,7,8:00,216
7768167089,U,IB,1,2,408,127111,104,43:00.0,7,7:00,216
7768167134,U,IB,1,1,2504,127111,104,21:00.0,7,11:00,216
7768167134,U,IB,1,1,2504,127111,110,42:00.0,7,12:00,216
776816718X,U,IB,1,1,300,127111,104,01:00.0,7,9:00,216
7768167208,U,IB,1,1,295,127111,104,47:00.0,7,10:00,216
7768167217,U,IB,1,2,748,127111,104,42:00.0,7,6:00,216
7768167610,U,IB,1,1,740,128283,151,25:00.0,1,6:00,216
7768167675,U,IB,1,1,1615,129499,131,36:00.0,6,10:00,216
7768167702,U,OB,1,3,951,128748,88,41:00.0,4,17:00,216
7768167711,U,OB,1,1,465,128748,88,59:00.0,4,15:00,216
7768167758,U,IB,1,2,1200,126219,149,58:00.0,5,7:00,216
7768168216,U,IB,1,1,1050,310316,117,57:00.0,1,7:00,216
7768168252,U,IB,1,2,1000,126219,149,26:00.0,5,5:00,216
7768168748,U,IB,1,1,285,135863,152,39:00.0,4,17:00,216
7768169298,U,IB,1,2,670,135944,116,10:00.0,3,16:00,216
7768169518,U,IB,1,2,4837,135532,114,10:00.0,4,13:00,216
7768169527,U,IB,1,3,1590,135532,114,37:00.0,4,15:00,216
7768169545,U,IB,1,6,3260,135532,114,33:00.0,4,15:00,216
7768169554,U,IB,1,1,376,290354,129,38:00.0,4,9:00,216
7768170939,U,IB,1,1,1395,41406,114,58:00.0,7,18:00,216
7768173110,U,IB,1,2,2523,133452,143,57:00.0,7,17:00,216
776817312X,U,IB,1,1,1076,133452,143,52:00.0,7,18:00,216
7768173139,U,IB,1,1,770,129831,114,13:00.0,1,16:00,216
7768173148,U,IB,1,1,816,125833,105,12:00.0,7,13:00,216
7768173157,U,IB,1,1,477,125833,105,33:00.0,7,12:00,216
7768173166,U,IB,1,1,793,133452,143,55:00.0,7,18:00,216
7768173175,U,IB,1,1,765,129831,114,06:00.0,1,18:00,216
7768173184,U,IB,1,1,402,129831,114,04:00.0,1,18:00,216
7768173193,U,IB,1,1,603,129831,114,59:00.0,1,16:00,216
7768173202,U,IB,1,1,1505,129831,114,07:00.0,1,18:00,216
7768173211,U,IB,1,1,1147,129831,114,51:00.0,1,16:00,216
7768173220,U,IB,1,1,1107,129831,114,56:00.0,1,17:00,216
776817323X,U,IB,1,2,2230,129831,114,26:00.0,1,16:00,216
7768173249,U,CTY,1,2,1278,134535,169,07:00.0,3,14:00,216
7768173258,U,IB,1,1,1730,129831,114,20:00.0,1,16:00,216
7768173267,U,IB,1,1,460,279026,112,02:00.0,6,11:00,216
7768173276,U,IB,1,1,75,279026,112,34:00.0,6,8:00,216
7768173285,U,IB,1,1,831,279026,112,25:00.0,6,5:00,216
7768173404,U,IB,1,1,267,131089,112,42:00.0,7,9:00,216
7768173431,U,IB,1,2,1805,128427,112,33:00.0,7,5:00,216
7768173469,U,IB,1,1,444,128427,112,03:00.0,7,5:00,216
7768173478,U,IB,1,1,618,128427,112,36:00.0,7,5:00,216
7768173487,U,IB,1,1,60,128427,112,37:00.0,7,5:00,216
7768173496,U,IB,1,1,68,128427,112,26:00.0,7,5:00,216
7768173505,U,IB,1,1,5,128427,112,36:00.0,7,5:00,216
7768173514,U,IB,1,1,686,128427,112,04:00.0,7,5:00,216
7768173523,U,IB,1,1,101,128427,112,50:00.0,7,4:00,216
7768173532,U,IB,1,1,739,128427,112,54:00.0,7,4:00,216
7768173541,U,IB,1,1,676,128427,112,20:00.0,7,5:00,216
7768173579,U,IB,1,1,502,128427,112,10:00.0,7,5:00,216
7768173588,U,IB,1,1,1014,310316,117,47:00.0,1,8:00,216
7768173651,U,OB,1,1,160,130586,96,32:00.0,7,15:00,216
7768173660,U,OB,1,1,959,130586,96,25:00.0,7,14:00,216
7768173689,U,IB,1,1,580,310316,117,29:00.0,1,9:00,216
7768173707,U,IB,1,1,195,310316,117,41:00.0,1,8:00,216
7768173725,U,IB,1,1,357,310316,117,33:00.0,1,8:00,216
7768173734,U,IB,1,1,248,310316,117,45:00.0,1,8:00,216
7768173799,U,IB,1,1,2234,310316,117,19:00.0,1,9:00,216
7768173808,U,OB,1,1,1040,130586,96,21:00.0,7,13:00,216
7768173817,U,IB,1,1,1315,129895,111,02:00.0,7,13:00,216
7768173844,U,IB,1,1,496,129895,111,40:00.0,7,13:00,216
7768173853,U,IB,1,1,590,129895,111,59:00.0,7,13:00,216
7768173963,U,IB,1,1,473,135944,116,11:00.0,3,19:00,216
7768174147,U,CTY,1,1,125,133906,197,01:00.0,4,16:00,216
7768174596,U,IB,1,1,297,261054,129,28:00.0,4,18:00,216
7768174614,U,IB,1,1,1416,261054,129,18:00.0,4,18:00,216
7768174650,U,IB,1,1,292,261054,129,14:00.0,4,18:00,216
7768174706,U,IB,1,1,490,121112,149,12:00.0,5,11:00,216
7768174861,U,IB,1,1,408,129306,117,07:00.0,3,16:00,216
7768174870,U,IB,1,1,890,129306,117,42:00.0,3,14:00,216
7768174908,U,IB,1,1,521,249140,117,47:00.0,4,9:00,216
7768174917,U,IB,1,1,466,249140,117,44:00.0,4,9:00,216
7768174926,U,IB,1,1,60,129306,117,11:00.0,3,15:00,216
7768174935,U,IB,1,1,60,129306,117,40:00.0,3,14:00,216
7768175009,U,CTY,1,1,169,133257,169,51:00.0,3,12:00,216
7768175054,U,IB,1,1,3,126729,135,45:00.0,4,13:00,216
7768175081,U,IB,1,1,60,126729,135,43:00.0,4,13:00,216
7768175274,U,IB,1,4,3928,126104,141,55:00.0,5,6:00,216
7768175301,U,IB,1,1,942,559619,143,26:00.0,5,22:00,216
776817532X,U,IB,1,1,835,559619,143,23:00.0,5,22:00,216
7768175375,U,IB,1,1,433,127816,113,04:00.0,3,11:00,216
7768175393,U,IB,1,5,4607,127816,113,45:00.0,3,9:00,216
7768175402,U,IB,1,1,541,127816,113,57:00.0,3,7:00,216
7768175411,U,IB,1,1,661,127816,113,10:00.0,3,8:00,216
776817543X,U,IB,1,1,429,118641,133,38:00.0,3,18:00,216
7768175449,U,IB,1,1,1105,118641,133,09:00.0,3,14:00,216
7768175458,U,IB,1,1,519,118641,133,16:00.0,3,15:00,216
7768175467,U,IB,1,1,1050,118641,133,39:00.0,3,18:00,216
7768175512,U,OB,1,1,75,128287,90,54:00.0,7,11:00,216
7768175521,U,OB,1,1,429,128287,90,43:00.0,7,12:00,216
7768175530,U,OB,1,1,325,128287,90,37:00.0,7,10:00,216
776817554X,U,OB,1,1,203,128287,90,54:00.0,7,11:00,216
7768175559,U,OB,1,1,271,128287,90,43:00.0,7,12:00,216
7768175568,U,CTY,1,1,393,128287,R202,45:00.0,7,17:00,216
7768175568,U,OB,1,1,393,128287,90,45:00.0,7,10:00,216
7768175577,U,OB,1,1,204,128287,90,35:00.0,7,14:00,216
7768175586,U,OB,1,1,193,128287,90,38:00.0,7,10:00,216
7768175595,U,OB,1,1,418,128287,90,08:00.0,7,11:00,216
7768175640,U,IB,1,1,1575,135629,149,58:00.0,7,14:00,216
7768175999,U,IB,1,1,284,126729,135,00:00.0,4,14:00,216
7768176264,U,IB,1,1,557,127557,101,56:00.0,7,14:00,216
7768176282,U,IB,1,1,274,127557,101,53:00.0,7,14:00,216
7768176291,U,IB,1,1,275,127557,101,10:00.0,7,14:00,216
7768176300,U,IB,1,1,477,127557,101,07:00.0,7,15:00,216
776817631X,U,IB,1,1,740,127557,101,24:00.0,7,14:00,216
7768176329,U,IB,1,1,345,127557,101,52:00.0,7,14:00,216
7768176338,U,IB,1,1,825,127557,101,13:00.0,7,15:00,216
7768176347,U,IB,1,1,224,127557,101,59:00.0,7,13:00,216
7768176356,U,IB,1,1,173,127557,101,09:00.0,7,14:00,216
7768176365,U,IB,1,1,172,127557,101,09:00.0,7,14:00,216
7768176374,U,IB,1,1,564,127557,101,15:00.0,7,14:00,216
7768176383,U,IB,1,1,546,127557,101,01:00.0,7,14:00,216
7768176392,U,IB,1,1,99,127557,101,12:00.0,7,15:00,216
7768176401,U,IB,1,1,432,127557,101,18:00.0,7,14:00,216
7768176410,U,IB,1,1,570,127557,101,10:00.0,7,14:00,216
776817642X,U,IB,1,1,139,127557,101,15:00.0,7,14:00,216
7768176439,U,IB,1,1,67,127557,101,00:00.0,7,14:00,216
7768176448,U,IB,1,1,506,127557,101,58:00.0,7,14:00,216
7768177611,U,CTY,1,1,1700,133906,197,59:00.0,4,18:00,216
776817763X,U,IB,1,2,1180,310316,117,51:00.0,1,10:00,216
7768177649,U,IB,1,1,365,129895,111,15:00.0,7,14:00,216
7768177649,U,IB,1,1,365,129895,156,00:00.0,7,16:00,216
7768177658,U,IB,1,1,320,129895,111,21:00.0,7,13:00,216
7768177730,U,CTY,1,1,2400,124186,168,30:00.0,5,9:00,216
7768177730,U,CTY,1,1,2400,124186,180,11:00.0,5,14:00,216
7768177759,U,IB,1,1,60,126219,149,37:00.0,5,6:00,216
7768178051,U,IB,1,3,1805,123777,141,07:00.0,3,15:00,216
7768178060,U,IB,1,1,400,119049,117,52:00.0,4,9:00,216
7768178116,U,IB,1,2,1855,430356,149,23:00.0,5,13:00,216
7768178226,U,OB,1,2,4560,137535,95,00:00.0,7,18:00,216
7768178226,U,OB,1,2,4560,137535,92,02:00.0,7,18:00,216
7768178327,U,IB,1,1,660,121112,149,29:00.0,5,11:00,216
7768178437,U,IB,1,1,715,129499,131,09:00.0,6,10:00,216
776817851X,U,IB,1,1,476,128283,151,51:00.0,1,3:00,216
7768178547,U,IB,1,2,1100,128283,151,34:00.0,1,6:00,216
7768178547,U,CTY,1,2,1100,128283,N   ,26:00.0,1,14:00,216
776817950X,U,IB,1,1,710,430356,149,49:00.0,5,10:00,216
776817972X,U,CTY,1,3,2900,125608,169,53:00.0,6,18:00,216
7768179739,U,IB,1,1,2495,125608,102,28:00.0,7,1:00,216
7768179739,U,CTY,1,1,2495,125608,169,28:00.0,6,19:00,216
7768179867,U,IB,1,1,2100,559143,163,43:00.0,1,10:00,216
7768179921,U,IB,1,2,547,128283,151,25:00.0,1,3:00,216
7768179930,U,IB,1,1,303,128283,151,29:00.0,1,4:00,216
7768179959,U,IB,1,1,297,128283,151,34:00.0,1,4:00,216
7768180224,U,OB,1,1,575,137535,92,01:00.0,7,18:00,216
7768180224,U,OB,1,1,575,137535,92,01:00.0,7,18:00,216
7768181324,U,IB,1,19,600,125833,105,47:00.0,7,12:00,216
7768181324,U,IB,1,19,600,125833,162,10:00.0,7,13:00,216
7768181342,U,IB,1,2,3447,125833,105,27:00.0,7,13:00,216
7768181416,U,IB,1,2,320,139971,104,22:00.0,4,22:00,216
7768181425,U,IB,1,2,1199,129965,143,00:00.0,7,8:00,216
7768181443,U,IB,1,3,1810,130980,150,40:00.0,7,10:00,216
7768181452,U,IB,1,4,2668,130980,150,10:00.0,7,11:00,216
7768181461,U,IB,1,3,1923,130980,150,27:00.0,7,11:00,216
7768181517,U,CTY,1,1,250,133257,169,33:00.0,3,13:00,216
7768181553,U,IB,1,1,238,202385,105,11:00.0,4,15:00,216
776818159X,U,IB,1,5,923,139612,111,59:00.0,5,10:00,216
7768181627,U,IB,1,1,223,132737,103,53:00.0,7,2:00,216
7768181636,U,IB,1,4,7720,558899,135,45:00.0,7,0:00,216
7768181728,U,IB,1,3,2973,127816,113,47:00.0,3,8:00,216
7768182965,U,IB,1,1,1575,139971,104,39:00.0,4,22:00,216
7768183001,U,IB,1,3,840,139971,104,11:00.0,4,21:00,216
7768185275,U,IB,1,2,1790,128446,123,59:00.0,3,12:00,216
7768187778,U,OB,1,4,2178,138491,96,33:00.0,1,10:00,216
7768187814,U,IB,1,2,886,123777,141,45:00.0,3,13:00,216
7768187841,U,IB,1,1,246,123777,141,43:00.0,3,13:00,216
7768187897,U,IB,1,1,544,128446,123,01:00.0,3,12:00,216
7768187915,U,IB,1,1,483,128446,162,01:00.0,3,13:00,216
7768187915,U,IB,1,1,483,128446,123,48:00.0,3,11:00,216
7768187924,U,IB,1,1,298,128446,123,51:00.0,3,11:00,216
7768188099,U,IB,1,1,236,119446,103,55:00.0,5,16:00,216
7768188108,U,IB,1,1,188,119446,103,48:00.0,5,16:00,216
7768188126,U,IB,1,1,1375,291246,114,38:00.0,6,6:00,216
7768188135,U,IB,1,2,3063,291246,114,43:00.0,6,6:00,216
7768188153,U,IB,1,1,250,119446,103,45:00.0,5,16:00,216
7768188209,U,IB,1,1,418,132162,158,57:00.0,7,14:00,216
7768188218,U,IB,1,1,248,132162,158,06:00.0,7,15:00,216
7768188236,U,IB,1,1,193,132162,158,57:00.0,7,14:00,216
7768188263,U,IB,1,1,216,135704,101,46:00.0,7,9:00,216
7768188281,U,IB,1,1,166,132162,158,20:00.0,7,15:00,216
7768188337,U,IB,1,1,716,135704,101,40:00.0,7,9:00,216
7768188355,U,IB,1,1,603,135704,101,47:00.0,7,9:00,216
7768188364,U,IB,1,1,265,135704,101,23:00.0,7,10:00,216
7768190088,U,IB,1,1,556,135689,101,32:00.0,6,2:00,216
776819193X,U,IB,1,4,888,140074,103,26:00.0,3,15:00,216
7768191949,U,CTY,1,3,5165,124186,168,14:00.0,5,9:00,216
7768191985,U,IB,1,1,65,128427,159,17:00.0,7,8:00,216
7768191985,U,IB,1,1,65,128427,112,29:00.0,7,5:00,216
7768192113,U,CTY,1,1,1600,119446,DP  ,32:00.0,5,13:00,216
7768192351,U,IB,1,3,816,121112,149,04:00.0,5,11:00,216
7768192452,U,IB,1,2,7600,129306,117,47:00.0,3,15:00,216
7768196596,U,IB,1,2,1700,135944,116,36:00.0,3,15:00,216
7768196706,U,IB,1,1,390,119426,105,50:00.0,5,10:00,216
7768196715,U,IB,1,1,700,291246,114,10:00.0,6,6:00,216
7768196733,U,IB,1,2,996,134405,117,37:00.0,7,10:00,216
7768196807,U,IB,1,3,1120,129489,103,24:00.0,5,13:00,216
7768196816,U,IB,1,1,226,129489,103,12:00.0,5,13:00,216
7768196861,U,CTY,1,3,2162,135157,168,17:00.0,6,19:00,216
776819688X,U,CTY,1,4,2333,135157,168,22:00.0,6,19:00,216
7768196899,U,CTY,1,2,1368,135157,168,03:00.0,6,19:00,216
7768196908,U,CTY,1,4,2567,135157,168,26:00.0,6,19:00,216
7768196917,U,IB,1,6,3680,132737,103,36:00.0,7,6:00,216
7768197851,U,IB,1,1,266,132969,145,35:00.0,6,15:00,216
7768197889,U,IB,1,1,88,132969,145,56:00.0,6,15:00,216
7768198356,U,IB,1,1,277,310316,117,09:00.0,1,8:00,216
7768198392,U,IB,1,1,370,129895,111,04:00.0,7,13:00,216
7768198401,U,IB,1,1,520,129895,111,59:00.0,7,12:00,216
7768198484,U,IB,1,2,1830,133452,143,31:00.0,7,19:00,216
7768198484,U,CTY,1,2,1830,133452,O   ,37:00.0,1,10:00,216
776819853X,U,IB,1,1,208,202385,105,33:00.0,4,15:00,216
7768198549,U,IB,1,3,468,202385,105,11:00.0,4,16:00,216
7768198567,U,IB,1,1,284,202385,105,36:00.0,4,16:00,216
7768198603,U,OB,1,2,635,202371,86,13:00.0,5,10:00,216
7768198621,U,IB,1,2,516,139612,111,58:00.0,5,9:00,216
7768198659,U,OB,1,3,6018,139612,92,12:00.0,5,10:00,216
7768198659,U,OB,1,3,6018,139612,92,12:00.0,5,10:00,216
7768198677,U,IB,1,1,245,139612,111,52:00.0,5,9:00,216
7768198722,U,IB,1,3,1428,279882,116,08:00.0,6,20:00,216
7768198778,U,IB,1,1,237,126219,149,41:00.0,5,9:00,216
7768198787,U,IB,1,1,283,126219,149,08:00.0,5,8:00,216
7768198796,U,IB,1,2,372,126219,149,03:00.0,5,8:00,216
7768198823,U,IB,1,1,906,126219,149,24:00.0,5,7:00,216
7768198832,U,IB,1,3,547,290262,151,24:00.0,4,18:00,216
776819886X,U,IB,1,3,472,126219,149,40:00.0,5,7:00,216
7768198897,U,OB,1,1,120,126549,95,51:00.0,4,16:00,216
7768198906,U,IB,1,1,134,290262,151,12:00.0,4,16:00,216
7768198915,U,IB,1,1,606,290262,151,29:00.0,4,18:00,216
7768198924,U,IB,1,2,4830,310753,101,29:00.0,4,18:00,216
7768198933,U,IB,1,3,715,279026,112,36:00.0,6,10:00,216
7768198942,U,IB,1,1,2072,279026,112,46:00.0,6,10:00,216
7768202563,U,IB,1,6,8180,135311,104,40:00.0,5,8:00,216
7768202646,U,IB,1,1,913,130757,114,45:00.0,5,11:00,216
7768202691,U,IB,1,1,1647,137455,152,52:00.0,7,3:00,216
7768202729,U,IB,1,3,1050,131089,112,35:00.0,7,10:00,216
7768202747,U,IB,1,4,208,131089,112,16:00.0,7,11:00,216
7768203012,U,IB,1,1,292,119426,105,57:00.0,5,10:00,216
7768203068,U,IB,1,4,5405,430356,149,35:00.0,5,11:00,216
7768203104,U,IB,1,3,4495,291246,114,05:00.0,6,8:00,216
7768203196,U,CTY,1,1,146,134363,187,56:00.0,6,10:00,216
7768203241,U,IB,1,1,276,134405,117,02:00.0,7,7:00,216
7768203360,U,CTY,1,1,1149,135252,188,14:00.0,3,11:00,216
7768203425,U,IB,1,1,266,290354,129,17:00.0,4,10:00,216
7768203434,U,IB,1,2,1215,290354,129,53:00.0,4,9:00,216
7768204121,U,CTY,1,3,2340,134363,187,22:00.0,6,15:00,216
7768205854,U,IB,1,1,247,133854,117,29:00.0,6,5:00,216
776820590X,U,IB,1,1,2182,130757,114,04:00.0,5,11:00,216
776820590X,U,CTY,1,1,2182,130757,200,05:00.0,5,11:00,216
7768206056,U,IB,1,1,132,135944,116,56:00.0,3,14:00,216
7768206083,U,IB,1,2,2325,127887,129,11:00.0,6,7:00,216
7768206101,U,OB,1,1,319,128287,90,54:00.0,7,12:00,216
7768206166,U,IB,1,1,422,138518,103,11:00.0,3,15:00,216
7768206294,U,IB,1,2,1930,135689,101,58:00.0,6,3:00,216
7768206330,U,IB,1,1,225,558899,109,14:00.0,7,2:00,216
7768206330,U,IB,1,1,225,558899,135,51:00.0,7,0:00,216
7768206395,U,CTY,1,1,920,127111,M5  ,11:00.0,1,6:00,216
7768206395,U,IB,1,1,920,127111,104,51:00.0,7,6:00,216
7768206422,U,IB,1,2,1745,127111,104,13:00.0,7,8:00,216
7768210290,U,IB,1,2,745,559619,143,57:00.0,5,21:00,216
776821030X,U,IB,1,3,1585,135689,101,53:00.0,6,2:00,216
7768212445,U,IB,1,1,330,137612,123,57:00.0,7,11:00,216
7768212454,U,CTY,1,1,380,132737,_UNK,24:00.0,7,7:00,216
7768212519,U,CTY,1,3,1455,129652,174,01:00.0,1,7:00,216
7768212528,U,IB,1,1,245,137169,125,12:00.0,3,8:00,216
7768212537,U,IB,1,1,210,279026,112,06:00.0,6,5:00,216
7768213004,U,IB,1,1,278,140074,103,23:00.0,3,15:00,216
776821305X,U,IB,1,1,585,129965,143,30:00.0,7,6:00,216
7768213637,U,IB,1,1,375,126219,149,20:00.0,5,5:00,216
7768213848,U,IB,1,4,820,135944,116,53:00.0,3,18:00,216
7768215067,U,IB,1,1,295,140074,103,40:00.0,3,15:00,216
7768217514,U,IB,1,1,525,121290,117,29:00.0,3,13:00,216
7768217541,U,IB,1,1,389,121290,117,14:00.0,3,13:00,216
7768217606,U,IB,1,2,2000,121290,117,57:00.0,3,11:00,216
7768217615,U,IB,1,1,223,121290,117,37:00.0,3,8:00,216
7768217660,U,IB,1,1,180,121290,117,46:00.0,3,8:00,216
7768217743,U,IB,1,1,264,531239,116,56:00.0,5,16:00,216
7768217909,U,IB,1,1,355,129499,167,04:00.0,6,13:00,216
7768217909,U,IB,1,1,355,129499,131,56:00.0,6,9:00,216
7768217927,U,IB,1,1,518,129499,131,26:00.0,6,9:00,216
7768217936,U,IB,1,6,6190,132969,145,39:00.0,6,18:00,216
7768217954,U,IB,1,1,1123,559143,163,19:00.0,1,9:00,216
7768217963,U,IB,1,1,759,138518,103,22:00.0,3,14:00,216
7768217972,U,IB,1,1,910,125025,143,54:00.0,3,11:00,216
776821800X,U,IB,1,1,816,125025,143,58:00.0,3,11:00,216
7768218019,U,IB,1,1,431,138518,103,21:00.0,3,14:00,216
7768218073,U,IB,1,1,285,261306,127,50:00.0,4,8:00,216
7768218082,U,IB,1,1,352,261306,127,55:00.0,4,8:00,216
7768218138,U,IB,1,1,913,129489,103,37:00.0,5,12:00,216
7768218183,U,IB,1,1,402,129489,103,01:00.0,5,13:00,216
7768218192,U,IB,1,1,397,129489,103,32:00.0,5,12:00,216
7768218275,U,IB,1,9,2158,41406,114,54:00.0,7,18:00,216
7768218293,U,IB,1,1,452,41406,114,53:00.0,7,18:00,216
7768219842,U,IB,1,2,399,135863,152,47:00.0,4,18:00,216
7768219907,U,IB,1,1,934,140074,103,10:00.0,3,15:00,216
7768219943,U,IB,1,1,833,140074,103,20:00.0,3,15:00,216
7768219961,U,IB,1,1,106,140074,103,42:00.0,3,15:00,216
7768220044,U,IB,1,2,609,121112,149,16:00.0,5,13:00,216
7768220080,U,IB,1,1,120,121112,149,45:00.0,5,12:00,216
776822009X,U,IB,1,1,270,121112,149,03:00.0,5,13:00,216
7768220145,U,IB,1,1,282,135532,114,44:00.0,4,12:00,216
7768220237,U,IB,1,1,335,132969,145,21:00.0,6,18:00,216
7768220273,U,OB,1,1,2191,128748,88,22:00.0,4,19:00,216
7768220338,U,OB,1,2,756,249027,96,40:00.0,5,9:00,216
7768220374,U,IB,1,1,1068,127887,129,03:00.0,6,7:00,216
776822042X,U,OB,1,2,415,249027,96,39:00.0,5,9:00,216
7768220475,U,IB,1,1,286,129499,131,09:00.0,6,14:00,216
7768220484,U,IB,1,1,324,129499,131,33:00.0,6,13:00,216
7768220612,U,IB,1,1,257,128234,156,27:00.0,7,18:00,216
7768220612,U,IB,1,1,257,128234,116,16:00.0,7,18:00,216
7768220695,U,OB,1,1,280,128748,88,29:00.0,4,19:00,216
7768220740,U,OB,1,1,150,128748,88,16:00.0,4,19:00,216
7768220823,U,IB,1,3,1024,130757,114,55:00.0,5,11:00,216
7768220823,U,OB,1,3,1024,130757,92,56:00.0,5,11:00,216
7768220906,U,IB,1,1,1132,133854,117,35:00.0,6,5:00,216
7768223014,U,IB,1,1,385,279026,112,58:00.0,6,10:00,216
7768223454,U,CTY,1,1,2561,138696,189,47:00.0,3,11:00,216
7768223472,U,CTY,1,1,1552,138696,189,04:00.0,3,12:00,216
7768223481,U,CTY,1,2,3734,138696,189,01:00.0,3,12:00,216
7768223600,U,IB,1,1,245,126219,149,53:00.0,5,7:00,216
7768223665,U,IB,1,1,110,135863,152,00:00.0,4,18:00,216
7768223674,U,IB,1,1,208,135863,152,42:00.0,4,17:00,216
7768223683,U,IB,1,1,351,135863,152,07:00.0,4,18:00,216
7768223692,U,IB,1,2,1037,135863,152,56:00.0,4,17:00,216
7768223739,U,IB,1,1,326,135863,152,46:00.0,4,16:00,216
7768223793,U,IB,1,1,147,279026,112,54:00.0,6,10:00,216
7768223903,U,IB,1,3,2124,131089,112,32:00.0,7,13:00,216
776822394X,U,IB,1,2,3820,131089,112,22:00.0,7,13:00,216
7768224123,U,IB,1,1,101,559143,163,12:00.0,1,8:00,216
7768224188,U,CTY,1,1,1820,261315,174,00:00.0,3,11:00,216
7768224251,U,IB,1,1,95,559143,163,01:00.0,1,7:00,216
7768224289,U,IB,1,1,308,132969,145,20:00.0,6,16:00,216
7768224298,U,IB,1,1,741,132969,108,33:00.0,6,21:00,216
7768224298,U,IB,1,1,741,132969,145,25:00.0,6,16:00,216
7768224417,U,IB,1,1,109,137455,152,14:00.0,7,2:00,216
7768224527,U,IB,1,1,265,121293,105,57:00.0,7,12:00,216
776822460X,U,IB,1,1,218,310316,117,59:00.0,1,7:00,216
776822460X,U,OB,1,1,218,310316,82,03:00.0,1,8:00,216
7768224664,U,IB,1,1,313,129895,111,53:00.0,7,12:00,216
7768224682,U,IB,1,1,175,129895,111,52:00.0,7,12:00,216
7768224700,U,IB,1,1,265,310316,153,47:00.0,1,7:00,216
7768224700,U,IB,1,1,265,310316,153,47:00.0,1,7:00,216
7768224738,U,IB,1,1,240,310316,117,37:00.0,1,8:00,216
776822493X,U,OB,1,1,157,128748,88,31:00.0,4,18:00,216
7768224949,U,OB,1,2,616,128748,88,02:00.0,4,19:00,216
7768225086,U,IB,1,1,196,135532,114,41:00.0,4,12:00,216
7768225095,U,IB,1,1,412,135532,114,14:00.0,4,12:00,216
7768225690,U,CTY,1,2,631,133257,169,51:00.0,3,13:00,216
7768227955,U,OB,1,2,1090,310316,92,49:00.0,1,8:00,216
7768227955,U,OB,1,2,1090,310316,92,49:00.0,1,8:00,216
7768228101,U,IB,1,1,524,129306,117,48:00.0,3,14:00,216
776822823X,U,IB,1,1,529,559619,143,35:00.0,5,22:00,216
776822867X,U,IB,1,1,95,121293,105,13:00.0,7,12:00,216
7768229028,U,IB,1,1,724,290902,131,15:00.0,3,6:00,216
7768229046,U,IB,1,1,431,135944,116,24:00.0,3,19:00,216
7768229210,U,OB,1,1,458,128287,90,49:00.0,7,12:00,216
776822922X,U,OB,1,1,116,128287,90,42:00.0,7,14:00,216
7768229293,U,IB,1,1,190,135311,104,13:00.0,5,13:00,216
7768229302,U,OB,1,1,119,135311,82,13:00.0,5,13:00,216
7768229302,U,IB,1,1,119,135311,104,53:00.0,5,12:00,216
7768229495,U,OB,1,1,654,130586,96,12:00.0,7,13:00,216
7768229522,U,IB,1,1,377,291170,151,03:00.0,4,7:00,216
776822977X,U,IB,1,1,449,129489,103,19:00.0,5,12:00,216
7768230018,U,IB,1,1,995,125008,135,35:00.0,4,9:00,525
7768230467,U,OB,1,1,604,249218,86,23:00.0,1,6:00,216
7768230476,U,CTY,1,1,392,129652,174,17:00.0,1,6:00,216
7768230530,U,IB,1,1,1273,530091,151,08:00.0,1,8:00,216
7768230559,U,IB,1,1,1505,139450,111,48:00.0,3,5:00,216
7768230568,U,IB,1,1,1292,139450,111,03:00.0,3,6:00,216
7768230622,U,IB,1,1,1290,261385,116,08:00.0,4,9:00,216
7768230640,U,IB,1,1,78,279026,112,46:00.0,6,9:00,216
7768230687,U,IB,1,1,1005,135311,104,26:00.0,5,8:00,216
7768230696,U,IB,1,1,106,279026,112,03:00.0,6,8:00,216
7768230714,U,IB,1,1,215,135311,104,10:00.0,5,9:00,216
7768230723,U,IB,1,1,445,135311,104,13:00.0,5,13:00,216
7768230732,U,IB,1,1,1164,135311,104,21:00.0,5,8:00,216
7768230741,U,IB,1,1,106,135311,104,10:00.0,5,9:00,216
7768230750,U,IB,1,1,417,135311,104,22:00.0,5,9:00,216
7768230916,U,IB,1,1,336,290262,151,59:00.0,4,17:00,216
7768232400,U,IB,1,1,330,135704,101,05:00.0,7,11:00,216
7768232429,U,IB,1,3,1791,135704,101,54:00.0,7,10:00,216
7768232456,U,IB,1,1,360,119446,103,59:00.0,5,18:00,216
7768232465,U,IB,1,1,700,119446,103,03:00.0,5,19:00,216
7768232474,U,IB,1,1,2450,125176,145,52:00.0,3,13:00,216
7768234207,U,IB,1,1,1050,530091,151,15:00.0,1,8:00,216
7768234519,U,IB,1,1,620,138518,103,14:00.0,3,13:00,216
7768234519,U,CTY,1,1,620,138518,O   ,32:00.0,3,15:00,216
7768235298,U,CTY,1,198,1071,121691,174,57:00.0,7,8:00,216
7768235334,U,OB,1,1573,2355,128287,90,47:00.0,7,14:00,216
7768235399,U,CTY,1,7,2976,129881,169,13:00.0,1,1:00,216
7768235444,U,IB,1,1,133,126729,135,47:00.0,4,13:00,216
776823549X,U,IB,1,1,445,139971,104,50:00.0,4,22:00,216
7768235527,U,IB,1,3,690,139971,104,52:00.0,4,21:00,216
7768235536,U,IB,1,2,410,139971,104,46:00.0,4,22:00,216
7768236306,U,OB,1,2,379,139033,84,39:00.0,1,3:00,216
7768236315,U,OB,1,1,638,139033,84,31:00.0,1,2:00,216
7768236351,U,IB,1,2,1450,126104,141,27:00.0,5,8:00,216
776823637X,U,IB,1,4,7760,559619,143,40:00.0,5,23:00,216
7768236398,U,IB,1,8,3584,261306,127,21:00.0,4,9:00,216
776823692X,U,IB,1,2,3670,277216,113,19:00.0,4,9:00,216
7768236966,U,IB,1,1,2170,290902,131,54:00.0,3,6:00,216
776830501X,U,CTY,1,3,1126,125901,168,55:00.0,4,9:00,336
7768305469,U,IB,1,1,520,PASC33311,145,13:00.0,4,7:00,336
7768310419,U,CTY,1,1,154,252131,189,31:00.0,3,14:00,336
7768328798,U,CTY,1,1,226,PASC175379,188,59:00.0,5,7:00,336
7768329164,U,CTY,1,3,2463,PASC533243,173,48:00.0,6,9:00,336
7768329182,U,CTY,1,4,4295,125630,197,55:00.0,7,5:00,336
7768330163,U,IB,1,1,818,135237,164,57:00.0,2,2:00,336
776833130X,U,CTY,1,1,1125,131160,189,16:00.0,6,5:00,336
7768331337,U,IB,1,1,250,PASC33311,145,41:00.0,4,7:00,336
7768331355,U,CTY,1,1,240,125630,197,19:00.0,7,5:00,336
7768521958,U,CTY,1,1,305,137730,236,48:00.0,5,0:00,800
7768521958,U,CTY,1,1,305,137730,233,59:00.0,2,22:00,800
7768521958,U,CTY,1,1,305,137730,236,23:00.0,3,3:00,800
7768623955,U,OB,1,1,343,127439,32,24:00.0,2,2:00,740
7768631289,U,OB,1,2,485,821149,90,49:00.0,5,21:00,422
776863182X,U,OB,1,1,800,821149,90,45:00.0,5,21:00,422
7768642646,U,OB,1,1,580,137545,43,35:00.0,5,17:00,423
7768674959,U,OB,1,1,550,390047,67,53:00.0,4,21:00,422
7768675920,U,CTY,1,1,530,136776,173,44:00.0,1,12:00,315
7768700780,U,IB,1,1,105,291071,114,07:00.0,4,22:00,145
7768703669,U,CTY,1,1,284,139733,189,55:00.0,1,22:00,921
7768723689,U,OB,1,1,520,430637,51,29:00.0,4,3:00,409
7768802081,U,CTY,1,6,1014,133774,168,32:00.0,1,18:00,145
7768805033,U,OB,1,4,664,135599,96,34:00.0,4,3:00,145
7768809864,U,IB,1,5,848,291071,114,46:00.0,4,22:00,145
7768812504,U,CTY,1,3,552,126885,174,55:00.0,1,1:00,145
7768818884,U,OB,1,1,236,125332,49,31:00.0,4,13:00,409
7768861133,U,OB,1,2,1650,558947,31,37:00.0,2,21:00,695
7768888101,U,CTY,1,3,1605,127771,187,02:00.0,6,0:00,830
7768899990,U,CTY,1,2,777,137008,235,15:00.0,2,22:00,875
776891496X,U,CTY,1,1,425,131536,236,23:00.0,3,3:00,556
776891496X,U,CTY,1,1,425,131536,236,10:00.0,5,0:00,556
776891496X,U,CTY,1,1,425,131536,233,11:00.0,2,23:00,556
7768921496,U,OB,1,1,376,290180,49,24:00.0,3,3:00,432
7768952204,U,CTY,1,1,365,126458,172,00:00.0,3,7:00,800
7768952433,U,OB,1,1,60,136393,55,35:00.0,2,15:00,754
7768954752,U,IB,1,2,4025,135237,164,43:00.0,2,3:00,881
7768954817,U,CTY,1,1,202,128046,188,30:00.0,1,0:00,627
7768959244,U,IB,1,4,2650,130990,164,17:00.0,1,13:00,809
7768969703,U,IB,1,1,190,133936,125,37:00.0,7,0:00,389
7768980658,U,IB,1,1,2045,126080,149,35:00.0,1,4:00,122
7768983087,U,IB,1,2,850,125049,131,40:00.0,3,15:00,555
7768991456,U,CTY,1,1,21,136990,189,26:00.0,2,17:00,830
7769004106,U,IB,1,4,1916,130990,164,51:00.0,1,11:00,889
7769006984,U,CTY,1,1,300,131664,188,09:00.0,2,20:00,830
7769007058,U,OB,1,1,780,136623,88,25:00.0,3,21:00,840
7769007599,U,OB,1,1,275,137824,46,04:00.0,2,13:00,522
7769010650,U,CTY,1,1,800,134449,231,21:00.0,3,21:00,890
776901792X,U,CTY,1,1,120,139896,235,37:00.0,3,0:00,123
7769018781,U,IB,1,1,780,125111,165,31:00.0,1,17:00,878
7769018781,U,IB,1,1,780,125111,158,10:00.0,1,15:00,878
7769018873,U,CTY,1,1,480,126760,201,15:00.0,3,13:00,610
7769018873,U,CTY,1,1,480,126760,201,15:00.0,3,13:00,610
7769022714,U,IB,1,1,1000,140074,103,41:00.0,3,14:00,216
7769027289,U,OB,1,1,1344,830890,32,50:00.0,2,20:00,422
7769027581,U,CTY,1,1,400,119931,175,08:00.0,2,21:00,842
7769029121,U,CTY,1,1,135,291101,189,55:00.0,4,8:00,402
7769035382,U,CTY,1,1,970,261384,192,14:00.0,1,5:00,205
7769036776,U,IB,1,1,820,136038,141,16:00.0,1,8:00,881
776903871X,U,OB,1,3,1530,136735,22,44:00.0,4,10:00,435
7769039360,U,IB,1,1,250,135793,123,38:00.0,1,12:00,160
776904201X,U,CTY,1,1,451,135836,187,17:00.0,2,16:00,641
7769042954,U,IB,1,1,915,130990,164,01:00.0,1,11:00,889
7769043412,U,OB,1,1,126,137545,43,54:00.0,5,18:00,423
7769044137,U,IB,1,1,2000,123652,111,47:00.0,3,0:00,556
7769046126,U,IB,1,1,338,130990,164,17:00.0,1,10:00,889
7769048041,U,CTY,1,1,560,125201,194,58:00.0,1,3:00,899
7769049590,U,IB,1,1,522,126760,143,39:00.0,3,13:00,881
7769049747,U,CTY,1,1,240,290768,187,39:00.0,3,4:00,604
7769051507,U,IB,1,1,185,261332,131,44:00.0,2,0:00,695
7769052010,U,CTY,1,2,592,132667,211,10:00.0,3,12:00,100
7769052450,U,IB,1,2,1383,137782,105,22:00.0,1,6:00,642
7769053220,U,OB,1,1,1150,136393,55,47:00.0,2,12:00,754
7769054293,U,OB,1,1,1400,135260,32,34:00.0,5,22:00,111
7769054293,U,CTY,1,1,1400,135260,212,49:00.0,6,10:00,111
7769054293,U,CTY,1,1,1400,135260,231,53:00.0,1,3:00,111
7769054522,U,IB,1,1,2500,123533,125,08:00.0,7,8:00,292
7769060022,U,OB,1,1,150,137360,86,57:00.0,2,0:00,851
7769060150,U,OB,1,5,12871,137824,46,27:00.0,2,13:00,504
7769060848,U,IB,1,1,382,126760,143,33:00.0,3,13:00,881
7769061470,U,CTY,1,1,190,135109,196,41:00.0,4,3:00,152
7769063313,U,CTY,1,2,105,136281,235,12:00.0,3,21:00,312
7769063726,U,IB,1,1,1061,290789,103,50:00.0,1,9:00,145
7769065248,U,IB,1,1,239,136567,117,46:00.0,4,12:00,890
7769067484,U,IB,1,1,400,211026,129,19:00.0,1,7:00,814
7769067677,U,IB,1,1,719,125468,111,58:00.0,2,15:00,898
7769067787,U,IB,1,1,117,126760,143,09:00.0,3,15:00,881
776906951X,U,IB,1,2,700,135237,164,13:00.0,2,2:00,881
7769070005,U,OB,1,4,3490,136639,78,00:00.0,1,8:00,891
776907303X,U,IB,1,3,6120,125977,129,17:00.0,5,16:00,344
7769073552,U,OB,1,1,240,830887,73,59:00.0,5,0:00,422
7769073635,U,IB,1,1,220,290789,103,01:00.0,1,10:00,145
7769074589,U,CTY,1,1,1800,PASC533243,173,10:00.0,4,10:00,627
7769075139,U,CTY,1,1,3528,211335,197,12:00.0,6,16:00,111
7769075523,U,IB,1,1,289,135793,123,43:00.0,1,12:00,205
7769076459,U,OB,1,1,224,137824,46,53:00.0,2,12:00,522
7769076459,U,OB,1,1,224,137824,15,27:00.0,2,15:00,522
7769077851,U,OB,1,2,127,133830,9,45:00.0,3,20:00,423
7769078136,U,OB,1,5,2425,123631,86,07:00.0,4,7:00,435
7769080098,U,IB,1,1,325,559415,158,57:00.0,4,6:00,899
7769080922,U,CTY,1,4,1267,131874,205,53:00.0,2,12:00,326
7769081261,U,CTY,1,1,250,128363,183,42:00.0,1,3:00,898
7769081261,U,CTY,1,1,250,128363,169,41:00.0,1,3:00,898
7769081427,U,IB,1,2,1265,140278,127,42:00.0,4,17:00,899
7769084195,U,CTY,1,1,136,132301,188,51:00.0,6,6:00,186
7769084644,U,OB,1,1,235,128220,95,02:00.0,3,1:00,471
7769084680,U,OB,1,1,150,558947,31,24:00.0,2,20:00,695
7769084965,U,CTY,1,1,477,140077,197,51:00.0,3,2:00,847
7769086000,U,CTY,1,1,700,128079,196,29:00.0,1,19:00,820
7769088678,U,OB,1,1,1200,124123,43,51:00.0,1,17:00,433
776909008X,U,OB,1,1,183,558947,31,33:00.0,2,18:00,653
7769090391,U,CTY,1,1,1200,136270,197,56:00.0,1,7:00,813
7769090667,U,IB,1,1,3155,530697,166,53:00.0,4,10:00,878
7769090667,U,IB,1,1,3155,530697,166,53:00.0,4,10:00,878
7769091253,U,CTY,1,7,5950,45309,229,02:00.0,3,4:00,100
7769091574,U,CTY,1,1,420,211376,194,01:00.0,2,10:00,881
7769091601,U,IB,1,1,176,135793,123,20:00.0,1,11:00,205
7769092032,U,CTY,1,1,455,133730,189,20:00.0,1,13:00,881
7769094360,U,CTY,1,1,150,131664,188,52:00.0,2,18:00,830
7769095020,U,CTY,1,1,510,211376,194,38:00.0,2,10:00,881
7769095076,U,OB,1,1,516,136038,80,08:00.0,2,13:00,881
7769095076,U,IB,1,1,516,136038,141,45:00.0,1,9:00,881
7769097202,U,OB,1,1,800,124021,80,51:00.0,3,17:00,532
7769097202,U,CTY,1,1,800,124021,172,33:00.0,3,4:00,532
7769097220,U,CTY,1,1,413,135780,211,14:00.0,3,12:00,100
776909734X,U,OB,1,1,1000,133668,52,14:00.0,3,6:00,415
7769103995,U,OB,1,8,1920,121290,73,29:00.0,5,22:00,455
7769104628,U,OB,1,12,14665,123393,44,32:00.0,2,14:00,508
7769104628,U,IB,1,12,14665,123393,145,15:00.0,1,2:00,508
7769110467,U,OB,1,1,599,130990,60,45:00.0,3,2:00,435
7769111659,U,CTY,1,2,1030,136637,192,15:00.0,4,14:00,830
7769112768,U,CTY,1,5,2012,134789,169,31:00.0,3,19:00,813
7769112896,U,OB,1,1,60,290935,38,29:00.0,6,17:00,754
7769113610,U,IB,1,1,122,122359,164,55:00.0,1,6:00,479
7769113794,U,OB,1,1,60,136393,55,01:00.0,2,16:00,754
7769114537,U,IB,1,2,3000,560027,103,16:00.0,1,14:00,695
7769115013,U,OB,1,1,750,290935,38,08:00.0,6,17:00,754
7769115435,U,CTY,1,6,16476,138160,168,39:00.0,2,14:00,894
7769115792,U,OB,1,1,800,202022,58,52:00.0,1,18:00,682
776911582X,U,OB,1,1,388,290086,49,44:00.0,4,4:00,423
776911824X,U,IB,1,1,563,136038,141,58:00.0,1,6:00,881
7769119377,U,IB,1,1,26,130862,158,45:00.0,3,10:00,809
7769120019,U,CTY,1,4,2432,559104,231,16:00.0,2,22:00,202
7769121366,U,OB,1,5,12950,123517,53,18:00.0,4,12:00,644
7769121485,U,OB,1,1,306,290086,49,49:00.0,4,3:00,423
7769121521,U,IB,1,1,635,126760,143,18:00.0,3,14:00,881
7769122154,U,CTY,1,1,840,138160,168,47:00.0,2,14:00,894
7769122796,U,CTY,1,1,890,128090,175,38:00.0,3,9:00,875
7769124006,U,CTY,1,1,410,261338,237,06:00.0,3,22:00,641
7769124006,U,CTY,1,1,410,261338,192,23:00.0,3,18:00,641
7769124006,U,CTY,1,1,410,261338,236,00:00.0,5,1:00,641
7769124978,U,IB,1,2,1405,290769,129,39:00.0,6,12:00,511
7769125335,U,IB,1,1,250,202443,104,28:00.0,3,9:00,187
7769125353,U,IB,1,7,14460,131974,158,53:00.0,5,5:00,813
7769125490,U,IB,1,1,360,135237,164,53:00.0,2,3:00,875
7769126518,U,OB,1,1,615,128595,69,01:00.0,3,1:00,123
7769127398,U,IB,1,1,210,133622,145,55:00.0,3,6:00,873
7769128525,U,OB,1,2,528,137545,43,05:00.0,5,19:00,423
776912858X,U,IB,1,1,315,130862,158,05:00.0,3,13:00,809
7769129809,U,CTY,1,2,3650,279237,194,56:00.0,3,12:00,658
7769129872,U,CTY,1,1,595,134789,169,47:00.0,3,12:00,805
7769130303,U,IB,1,1,1000,135237,164,54:00.0,2,1:00,868
7769131165,U,OB,1,1,280,137545,43,56:00.0,5,18:00,423
776913221X,U,CTY,1,1,328,121413,172,21:00.0,1,1:00,668
7769132961,U,IB,1,1,318,134479,152,55:00.0,1,9:00,531
7769134501,U,CTY,1,3,2070,134953,188,51:00.0,2,17:00,112
7769134896,U,CTY,1,1,484,121768,188,53:00.0,2,13:00,830
776913529X,U,CTY,1,2,1052,124347,175,16:00.0,5,2:00,899
7769135482,U,OB,1,1,165,137824,46,58:00.0,2,12:00,522
7769135931,U,IB,1,1,139,130862,158,51:00.0,3,12:00,809
7769136023,U,CTY,1,1,240,126944,189,14:00.0,2,6:00,841
776913639X,U,CTY,1,1,39,121768,188,34:00.0,2,6:00,833
776913650X,U,CTY,1,1,450,133417,187,17:00.0,1,21:00,152
7769136564,U,OB,1,1,163,128220,95,05:00.0,3,1:00,471
7769136811,U,CTY,1,1,250,211335,197,55:00.0,6,16:00,112
776913683X,U,IB,1,1,2618,126033,152,40:00.0,5,10:00,805
776913848X,U,CTY,1,1,489,125133,188,28:00.0,1,15:00,881
7769138517,U,OB,1,1,352,136623,88,32:00.0,3,22:00,878
7769138829,U,IB,1,1,762,118758,149,40:00.0,2,13:00,881
7769138847,U,IB,1,19,2873,136922,141,49:00.0,1,13:00,851
7769139085,U,CTY,1,2,2560,PASC533243,173,06:00.0,4,8:00,313
7769139451,U,CTY,1,1,160,134953,188,15:00.0,2,16:00,143
7769139662,U,IB,1,3,3200,125468,111,27:00.0,2,11:00,642
7769140102,U,IB,1,1,243,131974,158,12:00.0,5,6:00,889
7769141148,U,CTY,1,1,90,131664,188,07:00.0,2,20:00,641
7769141386,U,IB,1,1,200,125111,158,21:00.0,1,12:00,531
7769141386,U,IB,1,1,200,125111,153,17:00.0,1,18:00,531
7769141541,U,CTY,1,1,300,PASC634516,173,38:00.0,2,15:00,318
7769142100,U,IB,1,1,350,123302,141,57:00.0,3,15:00,819
7769143503,U,IB,1,2,1666,135950,123,43:00.0,3,6:00,642
7769143961,U,CTY,1,1,147,126618,196,05:00.0,2,16:00,152
7769144008,U,CTY,1,1,1620,131324,195,34:00.0,2,15:00,152
776914530X,U,OB,1,1,890,131752,89,46:00.0,1,3:00,471
7769145730,U,OB,1,1,175,559536,74,23:00.0,2,22:00,653
7769146363,U,OB,1,1,305,249317,84,55:00.0,6,3:00,617
7769146684,U,CTY,1,2,1730,118647,175,14:00.0,1,11:00,653
7769146785,U,IB,1,1,200,134652,127,34:00.0,1,7:00,423
7769147353,U,CTY,1,1,512,125201,194,26:00.0,1,4:00,394
7769147665,U,OB,1,1,165,140332,60,04:00.0,2,0:00,685
776914783X,U,CTY,1,1,375,137943,233,24:00.0,4,21:00,145
776914827X,U,IB,1,4,2742,129296,158,49:00.0,3,4:00,896
776914882X,U,CTY,1,3,1610,PASC634534,210,12:00.0,3,8:00,479
776914882X,U,CTY,1,3,1610,PASC634534,172,09:00.0,1,8:00,479
7769148839,U,IB,1,2,780,134583,143,49:00.0,1,16:00,108
776914915X,U,IB,1,1,410,125049,131,35:00.0,3,16:00,555
7769149297,U,OB,1,1,1400,128551,43,20:00.0,2,16:00,411
7769149452,U,CTY,1,1,464,137656,182,48:00.0,4,1:00,145
7769149452,U,IB,1,1,464,137656,164,25:00.0,3,20:00,145
7769150516,U,CTY,1,3,8528,118647,175,42:00.0,1,8:00,172
7769150974,U,OB,1,2,940,280932,67,51:00.0,5,7:00,432
7769151982,U,CTY,1,1,268,CVEN44290,O18 ,32:00.0,2,15:00,150
7769151982,U,OB,1,1,268,CVEN44290,95,16:00.0,1,13:00,150
7769152826,U,OB,1,3,3730,261236,48,32:00.0,4,20:00,754
7769153091,U,CTY,1,1,1444,261400,187,51:00.0,5,12:00,303
776915344X,U,OB,1,1,95,125722,51,02:00.0,1,14:00,511
7769153843,U,CTY,1,1,220,139927,188,43:00.0,2,12:00,312
7769154119,U,OB,1,1,277,127439,32,00:00.0,2,3:00,740
7769154476,U,IB,1,2,3045,129596,164,51:00.0,3,4:00,525
7769154952,U,OB,1,1,540,128551,43,25:00.0,2,18:00,411
7769155080,U,IB,1,1,764,126009,151,38:00.0,1,6:00,569
7769155190,U,IB,1,1,180,290752,155,56:00.0,1,12:00,347
7769155190,U,IB,1,1,180,290752,111,09:00.0,1,7:00,347
7769155448,U,OB,1,4,600,136393,44,26:00.0,3,6:00,754
7769155695,U,OB,1,1,30,139545,67,19:00.0,2,18:00,476
776915597X,U,IB,1,3,720,290752,111,36:00.0,1,5:00,347
7769156180,U,CTY,1,1,250,133417,187,51:00.0,1,22:00,155
7769156759,U,IB,1,1,800,125049,131,41:00.0,3,16:00,555
7769158362,U,IB,1,1,208,290789,103,54:00.0,1,9:00,145
7769158995,U,OB,1,2,480,135569,43,31:00.0,1,9:00,471
7769159527,U,IB,1,8,6770,138212,151,06:00.0,3,9:00,132
7769159563,U,CTY,1,1,2340,279237,194,45:00.0,3,13:00,388
7769159738,U,CTY,1,1,163,279237,197,16:00.0,4,3:00,819
7769160416,U,CTY,1,1,716,134784,233,37:00.0,5,21:00,890
7769160416,U,IB,1,1,716,134784,123,42:00.0,5,8:00,890
7769160609,U,IB,1,2,1351,125445,116,17:00.0,1,8:00,381
7769160636,U,CTY,1,1,124,139545,233,19:00.0,2,22:00,429
7769160636,U,CTY,1,1,124,139545,236,23:00.0,3,3:00,429
7769160636,U,CTY,1,1,124,139545,236,36:00.0,5,0:00,429
7769160636,U,OB,1,1,124,139545,67,02:00.0,2,17:00,429
7769160948,U,OB,1,1,1200,130738,48,57:00.0,2,15:00,726
7769161002,U,IB,1,1,195,134475,143,25:00.0,4,16:00,783
7769161222,U,OB,1,1,430,202709,90,21:00.0,1,9:00,186
7769161772,U,OB,1,8,360,202709,90,33:00.0,1,8:00,186
7769162001,U,CTY,1,1,96,139545,236,03:00.0,4,22:00,429
7769162001,U,OB,1,1,96,139545,67,16:00.0,2,18:00,429
7769162634,U,IB,1,1,207,135192,164,31:00.0,7,5:00,898
7769162937,U,IB,1,5,1890,134652,127,36:00.0,1,7:00,423
7769163211,U,IB,1,1,12,290752,111,47:00.0,1,6:00,347
7769163422,U,CTY,1,1,300,138160,168,53:00.0,2,15:00,891
7769163651,U,IB,1,1,266,136567,117,54:00.0,4,16:00,889
7769163651,U,IB,1,1,266,136567,121,44:00.0,4,17:00,889
7769164302,U,IB,1,1,630,135145,135,18:00.0,1,4:00,251
7769166558,U,IB,1,1,742,118758,149,48:00.0,2,15:00,881
7769166778,U,OB,1,1,240,125182,38,00:00.0,1,22:00,525
7769167391,U,IB,1,1,112,137171,141,44:00.0,2,12:00,184
7769168702,U,CTY,1,2,1400,136637,192,49:00.0,4,11:00,896
7769168996,U,OB,1,2,1945,130990,60,35:00.0,3,1:00,435
7769169106,U,OB,1,2,404,290210,38,23:00.0,7,15:00,423
7769170132,U,OB,1,3,1990,130990,60,21:00.0,3,2:00,435
7769170224,U,IB,1,1,722,202328,164,31:00.0,2,13:00,431
7769170233,U,CTY,1,2,900,135843,194,26:00.0,3,19:00,877
7769172231,U,CTY,1,3,3600,133417,187,06:00.0,2,0:00,155
776917225X,U,CTY,1,1,395,133057,237,22:00.0,3,0:00,304
776917225X,U,CTY,1,1,395,133057,236,23:00.0,3,3:00,304
776917225X,U,CTY,1,1,395,133057,236,42:00.0,4,23:00,304
7769172296,U,CTY,1,1,610,129596,236,32:00.0,5,0:00,852
7769172296,U,IB,1,1,610,129596,164,00:00.0,3,3:00,852
7769172296,U,CTY,1,1,610,129596,236,23:00.0,3,3:00,852
7769172561,U,IB,1,1,325,137656,164,07:00.0,3,21:00,186
7769173616,U,CTY,1,1,51,PASC634013,231,52:00.0,3,8:00,272
7769173973,U,CTY,1,1,108,131641,174,47:00.0,3,14:00,819
7769174083,U,IB,1,1,502,134652,127,39:00.0,1,7:00,423
7769174579,U,IB,1,3,884,132072,127,04:00.0,2,1:00,381
7769174579,U,IB,1,3,884,132072,163,05:00.0,2,1:00,381
7769175138,U,IB,1,5,3530,134978,117,25:00.0,2,15:00,891
7769175403,U,IB,1,1,175,290769,129,21:00.0,6,13:00,511
7769175403,U,CTY,1,1,175,290769,235,15:00.0,3,22:00,511
7769175403,U,CTY,1,1,175,290769,237,29:00.0,4,21:00,511
7769175953,U,IB,1,1,335,134978,117,25:00.0,2,15:00,891
7769176063,U,CTY,1,1,446,138282,200,37:00.0,2,21:00,126
7769176063,U,CTY,1,1,446,138282,169,36:00.0,2,21:00,126
7769176375,U,CTY,1,1,2100,138189,192,43:00.0,3,13:00,875
7769176393,U,IB,1,2,500,134978,117,25:00.0,2,15:00,891
7769176595,U,IB,1,1,285,290769,129,51:00.0,6,11:00,511
7769176595,U,CTY,1,1,285,290769,237,29:00.0,4,21:00,511
7769176595,U,CTY,1,1,285,290769,235,15:00.0,3,22:00,511
776917665X,U,IB,1,8,16912,122359,164,14:00.0,1,7:00,347
7769177347,U,CTY,1,1,178,126618,196,00:00.0,2,18:00,152
7769177356,U,IB,1,1,1035,140312,149,23:00.0,2,7:00,881
7769177466,U,IB,1,1,75,123638,129,04:00.0,2,21:00,292
7769177493,U,CTY,1,1,355,131219,226,51:00.0,1,1:00,615
7769177850,U,IB,1,2,605,132072,127,54:00.0,2,0:00,381
7769177850,U,IB,1,2,605,132072,155,06:00.0,2,1:00,381
7769177924,U,IB,1,3,2380,202443,104,25:00.0,3,11:00,187
7769178254,U,IB,1,1,327,132072,154,05:00.0,2,1:00,381
7769178254,U,IB,1,1,327,132072,127,51:00.0,2,0:00,381
7769178429,U,IB,1,6,3045,202443,104,28:00.0,3,11:00,187
7769178510,U,CTY,1,1,1500,133417,187,41:00.0,1,21:00,122
7769179318,U,CTY,1,1,175,261384,192,59:00.0,1,3:00,205
7769179583,U,IB,1,1,980,134626,123,57:00.0,2,16:00,881
7769179675,U,CTY,1,1,250,135508,175,01:00.0,1,4:00,303
7769180243,U,OB,1,1,707,136815,73,47:00.0,3,8:00,432
7769180409,U,OB,1,1,707,137672,32,06:00.0,3,6:00,432
7769180445,U,CTY,1,1,500,131641,174,15:00.0,3,15:00,819
7769180811,U,IB,1,2,1350,118758,149,03:00.0,2,16:00,881
7769180858,U,CTY,1,1,805,133417,187,03:00.0,1,22:00,111
7769181040,U,CTY,1,1,268,132574,201,21:00.0,3,20:00,800
7769181040,U,CTY,1,1,268,132574,173,58:00.0,3,19:00,800
7769181087,U,IB,1,1,290,129515,129,31:00.0,1,15:00,890
7769181224,U,CTY,1,1,315,291132,174,38:00.0,3,1:00,842
7769181370,U,IB,1,2,3360,122579,112,40:00.0,1,3:00,313
7769181884,U,CTY,1,1,355,560074,175,45:00.0,1,20:00,627
7769181911,U,OB,1,1,260,124159,90,16:00.0,1,19:00,160
7769182012,U,IB,1,1,45,136102,113,28:00.0,1,18:00,348
7769182544,U,CTY,1,1,790,138160,168,42:00.0,2,15:00,890
7769182755,U,IB,1,2,2415,140312,149,11:00.0,2,10:00,882
7769182910,U,OB,1,12,540,127379,72,21:00.0,3,4:00,435
7769183177,U,OB,1,1,304,126796,43,27:00.0,2,3:00,728
7769184093,U,CTY,1,1,285,132574,173,12:00.0,3,21:00,800
7769184221,U,CTY,1,2,1345,136271,172,09:00.0,1,14:00,847
7769184259,U,IB,1,1,200,136567,117,36:00.0,4,15:00,809
7769184322,U,CTY,1,1,304,132574,173,08:00.0,3,21:00,800
7769184322,U,CTY,1,1,304,132574,233,13:00.0,4,22:00,800
7769184396,U,CTY,1,1,275,261029,175,24:00.0,5,6:00,859
7769187411,U,OB,1,1,234,558947,31,13:00.0,2,20:00,695
7769187815,U,IB,1,1,1700,129515,129,28:00.0,1,16:00,890
7769187824,U,OB,1,1,245,202022,58,57:00.0,1,16:00,683
7769187961,U,CTY,1,1,250,291058,175,48:00.0,2,7:00,203
7769188017,U,CTY,1,3,265,249107,176,45:00.0,4,15:00,875
7769188035,U,IB,1,1,300,280728,131,32:00.0,1,6:00,381
776918809X,U,IB,1,1,215,133936,125,45:00.0,7,0:00,389
7769188502,U,IB,1,1,515,128436,111,58:00.0,4,3:00,187
7769188814,U,CTY,1,1,350,PASC634534,235,40:00.0,2,22:00,394
7769188814,U,CTY,1,1,350,PASC634534,172,28:00.0,1,3:00,394
7769189162,U,IB,1,1,150,122579,112,51:00.0,1,3:00,313
7769189254,U,OB,1,1,400,130738,48,24:00.0,2,15:00,402
7769189667,U,OB,1,1,280,135412,89,40:00.0,1,18:00,714
7769190098,U,OB,1,2,695,137322,97,32:00.0,4,3:00,213
7769190098,U,CTY,1,2,695,137322,175,28:00.0,4,3:00,213
7769190244,U,OB,1,3,1376,136420,53,42:00.0,2,7:00,757
7769190280,U,CTY,1,1,224,130658,238,12:00.0,5,21:00,841
7769190280,U,IB,1,1,224,130658,152,58:00.0,3,13:00,841
7769190437,U,CTY,1,2,145,202196,192,26:00.0,2,5:00,312
7769190785,U,CTY,1,38,6787,137641,217,51:00.0,4,11:00,705
7769190785,U,CTY,1,38,6787,137641,188,06:00.0,4,2:00,705
7769190830,U,CTY,1,2,2160,PASC533243,173,09:00.0,4,8:00,313
7769191353,U,OB,1,1,265,138477,39,26:00.0,1,12:00,423
7769191371,U,OB,1,2,757,136420,53,03:00.0,2,8:00,757
7769192069,U,CTY,1,2,975,R326181472,174,27:00.0,1,18:00,621
7769192334,U,OB,1,1,253,133005,41,19:00.0,1,15:00,423
7769192334,U,OB,1,1,253,133005,55,18:00.0,1,15:00,423
7769192902,U,CTY,1,1,160,136776,173,26:00.0,1,12:00,315
7769192949,U,CTY,1,1,535,135900,210,12:00.0,3,8:00,479
7769192949,U,CTY,1,1,535,135900,187,39:00.0,2,21:00,479
7769193068,U,CTY,1,7,7742,131845,197,12:00.0,2,3:00,250
7769193095,U,CTY,1,4,4000,136776,173,20:00.0,1,14:00,315
7769193618,U,OB,1,1,300,136420,53,59:00.0,2,7:00,757
7769193746,U,OB,1,1,413,138477,39,29:00.0,1,12:00,423
7769194067,U,OB,1,1,136,127439,32,39:00.0,2,2:00,740
776919414X,U,OB,1,3,8410,126812,55,41:00.0,1,6:00,402
7769194763,U,CTY,1,1,290,133417,187,45:00.0,1,21:00,155
7769195075,U,OB,1,1,240,130990,60,09:00.0,3,0:00,435
7769195093,U,OB,1,2,890,126812,55,56:00.0,1,1:00,402
776919524X,U,CTY,1,3,1385,132339,192,26:00.0,3,7:00,343
776919535X,U,OB,1,1,60,125687,50,18:00.0,2,16:00,740
7769195643,U,CTY,1,1,478,136776,173,16:00.0,1,12:00,315
7769195717,U,OB,1,1,315,131945,96,48:00.0,4,0:00,268
7769195827,U,CTY,1,2,588,PASC634534,172,14:00.0,1,3:00,272
7769195946,U,IB,1,1,480,137171,141,14:00.0,2,12:00,616
7769196220,U,IB,1,6,3765,131223,163,28:00.0,4,19:00,547
776919667X,U,CTY,1,7,4100,138021,188,09:00.0,3,15:00,312
776919689X,U,IB,1,2,677,130699,127,31:00.0,4,2:00,246
7769196963,U,OB,1,2,710,127439,32,14:00.0,2,15:00,740
7769197201,U,IB,1,1,2670,137656,164,04:00.0,3,19:00,145
7769197459,U,IB,1,1,340,211654,129,34:00.0,1,22:00,375
7769197477,U,OB,1,1,215,135412,89,00:00.0,1,19:00,402
7769197477,U,CTY,1,1,215,135412,238,41:00.0,2,23:00,402
7769197540,U,IB,1,1,225,135543,163,17:00.0,6,23:00,515
7769198018,U,IB,1,3,720,137352,101,23:00.0,6,4:00,480
7769198310,U,IB,1,4,2290,134963,151,39:00.0,3,13:00,819
7769198375,U,OB,1,1,1115,138332,22,07:00.0,2,13:00,740
7769198640,U,IB,1,1,1010,118758,149,56:00.0,2,15:00,881
7769198860,U,CTY,1,1,327,251445,175,46:00.0,2,9:00,218
7769199282,U,IB,1,1,375,126666,117,26:00.0,1,8:00,857
7769199502,U,IB,1,3,6220,CVEN43549,133,47:00.0,4,18:00,132
7769199677,U,OB,1,1,414,118364,32,13:00.0,1,22:00,402
7769199841,U,CTY,1,1,854,291058,175,17:00.0,2,13:00,232
7769200034,U,IB,1,1,885,137455,152,24:00.0,7,2:00,216
7769200438,U,OB,1,1,10,130738,48,22:00.0,2,16:00,726
7769201051,U,CTY,1,1,174,125240,174,07:00.0,7,0:00,312
7769201089,U,OB,1,1,2700,558947,31,28:00.0,2,19:00,656
7769201125,U,IB,1,1,449,136567,117,05:00.0,4,15:00,809
7769201565,U,IB,1,1,140,125008,135,50:00.0,4,9:00,525
7769201987,U,IB,1,1,520,118758,149,41:00.0,2,15:00,881
7769201996,U,IB,1,3,4380,131553,117,21:00.0,2,18:00,266
7769202665,U,OB,1,1,397,135412,89,39:00.0,1,17:00,412
7769203013,U,OB,1,1,251,140332,60,11:00.0,2,0:00,685
7769203370,U,OB,1,4,1680,137647,55,47:00.0,6,4:00,705
776920349X,U,OB,1,8,5998,134706,63,59:00.0,1,1:00,411
7769203729,U,IB,1,1,672,132072,127,14:00.0,2,0:00,381
7769203774,U,IB,1,5,3010,431080,117,58:00.0,1,21:00,145
7769203857,U,OB,1,1,240,133890,63,42:00.0,3,22:00,465
7769203902,U,IB,1,1,122,137656,164,57:00.0,3,20:00,145
776920404X,U,OB,1,1,240,133890,63,07:00.0,3,22:00,465
7769204095,U,OB,1,4,3530,138332,22,55:00.0,2,12:00,740
7769204351,U,OB,1,1,640,133078,88,32:00.0,4,9:00,522
776920448X,U,OB,1,1,272,138332,22,14:00.0,2,13:00,740
7769204681,U,IB,1,1,599,134081,163,28:00.0,5,22:00,381
7769204728,U,OB,1,1,313,135090,65,43:00.0,1,9:00,455
7769205269,U,IB,1,2,650,139660,165,32:00.0,1,17:00,409
7769205433,U,CTY,1,1,320,138696,189,33:00.0,3,11:00,312
776920613X,U,CTY,1,1,325,133417,187,49:00.0,1,21:00,152
7769206268,U,CTY,1,2,931,126260,187,44:00.0,1,13:00,326
7769206762,U,CTY,1,2,130,131845,197,56:00.0,2,0:00,312
7769206928,U,OB,1,1,188,130731,49,50:00.0,2,15:00,754
7769207597,U,OB,1,1,1086,121296,30,24:00.0,1,11:00,433
7769207752,U,OB,1,1,425,125722,51,52:00.0,1,10:00,511
7769207981,U,IB,1,2,640,118758,149,04:00.0,2,14:00,881
776920855X,U,CTY,1,1,35,202196,192,10:00.0,2,15:00,312
7769208852,U,CTY,1,1,275,211376,194,51:00.0,2,11:00,230
7769209669,U,CTY,1,1,130,279237,194,36:00.0,3,15:00,881
7769209779,U,OB,1,1,85,136420,53,27:00.0,2,7:00,714
776920987X,U,CTY,1,1,380,125499,187,26:00.0,4,8:00,266
7769210219,U,CTY,1,2,330,139728,168,45:00.0,1,8:00,511
7769210264,U,OB,1,1,2410,133078,88,42:00.0,4,8:00,522
7769210841,U,CTY,1,1,38,202196,192,18:00.0,2,13:00,312
7769211236,U,CTY,1,1,40,136507,194,03:00.0,5,21:00,312
7769211510,U,OB,1,1,380,135412,89,21:00.0,1,19:00,402
7769211694,U,CTY,1,1,113,136507,194,53:00.0,5,20:00,324
7769211988,U,CTY,1,1,223,124021,172,05:00.0,3,5:00,532
7769212336,U,OB,1,4,1310,139865,78,01:00.0,3,16:00,402
7769212345,U,IB,1,1,1100,279944,112,07:00.0,3,21:00,891
7769212693,U,CTY,1,1,112,136507,194,57:00.0,5,20:00,324
7769212711,U,IB,1,1,10,133251,125,37:00.0,4,16:00,303
7769212868,U,CTY,1,1,601,124347,175,34:00.0,5,3:00,899
7769212969,U,OB,1,1,1235,133384,53,23:00.0,3,16:00,728
7769213261,U,OB,1,1,170,127439,32,46:00.0,2,2:00,740
776921328X,U,CTY,1,1,200,139489,188,38:00.0,5,6:00,875
7769213344,U,IB,1,1,130,137656,164,11:00.0,3,20:00,145
7769213436,U,OB,1,5,5040,131933,90,08:00.0,6,4:00,841
7769213445,U,IB,1,11,10980,559415,158,03:00.0,4,10:00,642
7769213674,U,OB,1,1,555,133384,53,58:00.0,3,16:00,728
7769213701,U,IB,1,1,300,136102,113,16:00.0,1,18:00,348
7769213811,U,OB,1,1,250,430637,51,08:00.0,4,4:00,409
7769214069,U,IB,1,1,535,123638,129,39:00.0,2,21:00,292
7769214251,U,OB,1,1,425,904284,66,05:00.0,2,21:00,422
7769215618,U,CTY,1,9,6605,211335,197,06:00.0,6,16:00,143
7769215755,U,OB,1,7,1680,131752,89,15:00.0,1,4:00,471
776921680X,U,CTY,1,1,611,127388,172,40:00.0,5,6:00,811
7769217149,U,CTY,1,1,75,PASC533243,168,21:00.0,7,3:00,315
7769217277,U,IB,1,1,335,125111,158,01:00.0,1,15:00,531
7769217277,U,IB,1,1,335,125111,165,32:00.0,1,17:00,531
776921757X,U,OB,1,4,2705,904284,66,08:00.0,2,21:00,422
7769218166,U,CTY,1,1,570,125383,169,52:00.0,2,17:00,847
7769218377,U,CTY,1,1,505,131824,189,19:00.0,2,7:00,145
7769218478,U,OB,1,4,960,131947,50,29:00.0,3,4:00,421
7769218523,U,CTY,1,1,70,132339,205,56:00.0,4,1:00,347
7769218523,U,CTY,1,1,70,132339,192,46:00.0,3,6:00,347
7769218523,U,CTY,1,1,70,132339,207,13:00.0,3,7:00,347
7769219055,U,CTY,1,2,1340,558695,169,38:00.0,7,6:00,830
7769219082,U,OB,1,2,1865,137041,26,41:00.0,5,16:00,402
7769219091,U,IB,1,1,150,124038,141,00:00.0,4,17:00,783
7769219100,U,IB,1,2,80,129678,151,40:00.0,7,12:00,808
7769219376,U,OB,1,1,405,127487,43,51:00.0,4,1:00,740
7769219513,U,CTY,1,1,250,138160,168,17:00.0,2,15:00,890
7769219760,U,IB,1,1,184,136567,117,14:00.0,4,15:00,967
7769220265,U,CTY,1,1,491,249107,176,27:00.0,4,15:00,875
7769220339,U,IB,1,3,1125,135145,135,42:00.0,1,3:00,251
7769220586,U,CTY,1,1,900,137653,194,24:00.0,6,4:00,111
7769220723,U,OB,1,1,1045,202400,67,24:00.0,3,11:00,433
7769220889,U,CTY,1,1,350,279237,194,40:00.0,3,13:00,881
7769221044,U,CTY,1,1,1219,124347,175,56:00.0,5,3:00,899
7769221053,U,CTY,1,1,240,139489,188,40:00.0,5,6:00,898
7769221924,U,OB,1,8,1920,291042,73,33:00.0,7,21:00,510
7769222052,U,CTY,1,1,1653,249107,176,24:00.0,4,15:00,875
7769222438,U,OB,1,1,1000,135730,52,37:00.0,3,0:00,433
7769222923,U,OB,1,1,175,131416,84,51:00.0,1,6:00,402
7769223116,U,IB,1,2,923,119375,125,18:00.0,5,14:00,881
7769223143,U,IB,1,1,210,119375,125,56:00.0,5,14:00,881
7769223565,U,OB,1,1,401,126385,31,53:00.0,1,3:00,615
7769223720,U,IB,1,1,222,131926,143,18:00.0,1,14:00,627
7769223720,U,OB,1,1,222,131926,75,32:00.0,2,10:00,627
7769223868,U,OB,1,1,241,135090,65,06:00.0,1,1:00,455
7769224151,U,CTY,1,1,385,129734,175,57:00.0,4,18:00,833
7769224344,U,IB,1,1,460,118758,149,06:00.0,2,16:00,881
7769224692,U,IB,1,2,1600,277372,164,56:00.0,4,0:00,783
7769224930,U,CTY,1,2,1500,126385,235,01:00.0,3,20:00,615
7769225325,U,OB,1,3,1850,130455,84,35:00.0,6,11:00,841
7769227433,U,CTY,1,1,47,137671,175,15:00.0,4,10:00,312
776922758X,U,CTY,1,1,464,559040,O   ,23:00.0,1,12:00,422
7769227644,U,OB,1,1,371,57002,30,24:00.0,1,11:00,422
7769227671,U,OB,1,2,917,57002,30,23:00.0,1,12:00,422
7769227891,U,OB,1,1,464,135730,52,22:00.0,3,1:00,433
7769227974,U,OB,1,1,454,559040,39,35:00.0,1,0:00,422
7769227974,U,IB,1,1,454,559040,154,57:00.0,1,1:00,422
7769228001,U,OB,1,2,791,559040,39,44:00.0,1,0:00,422
776922802X,U,OB,1,2,797,559040,39,40:00.0,1,0:00,422
7769228057,U,OB,1,1,390,290086,49,41:00.0,4,3:00,728
7769228093,U,OB,1,1,396,559040,39,51:00.0,1,0:00,422
776922813X,U,CTY,1,1,90,134433,169,19:00.0,2,21:00,811
7769228212,U,OB,1,1,442,431197,67,45:00.0,2,22:00,422
7769228221,U,OB,1,2,920,431197,67,38:00.0,2,22:00,422
7769228230,U,OB,1,1,446,431197,67,31:00.0,2,22:00,422
7769229330,U,OB,1,1,300,128595,69,52:00.0,3,0:00,521
7769229469,U,CTY,1,3,9880,121767,174,03:00.0,5,9:00,112
7769229880,U,IB,1,6,135,117815,135,40:00.0,5,7:00,859
7769230082,U,IB,1,1,2200,129061,105,17:00.0,4,4:00,326
7769230266,U,OB,1,3,1350,127487,43,01:00.0,3,23:00,740
7769230394,U,CTY,1,1,29,137246,187,47:00.0,5,3:00,149
7769230412,U,CTY,1,1,156,131838,196,17:00.0,4,9:00,135
776923055X,U,OB,1,1,220,134368,48,44:00.0,4,13:00,740
7769231530,U,CTY,1,1,268,137653,194,05:00.0,6,4:00,152
7769231669,U,CTY,1,8,3766,131332,172,36:00.0,4,22:00,250
7769231687,U,IB,1,1,680,133871,104,48:00.0,3,21:00,218
7769232053,U,OB,1,1,75,137715,89,50:00.0,5,3:00,682
7769232071,U,OB,1,2,1712,HAEI23421,75,53:00.0,4,19:00,547
7769232136,U,OB,1,1,710,134468,76,45:00.0,4,10:00,433
7769232291,U,OB,1,1,240,133890,63,45:00.0,3,22:00,465
776923242X,U,OB,1,1,345,135730,52,08:00.0,3,1:00,433
7769232502,U,IB,1,1,300,128436,111,05:00.0,4,4:00,187
7769232576,U,CTY,1,1,71,137671,175,58:00.0,4,9:00,312
7769232585,U,IB,1,1,60,CVEN44339,112,10:00.0,5,16:00,177
7769232814,U,CTY,1,2,842,132301,188,10:00.0,6,6:00,140
7769233007,U,IB,1,2,854,133871,104,34:00.0,3,22:00,218
7769233099,U,OB,1,1,252,138348,96,09:00.0,5,19:00,213
7769233319,U,CTY,1,1,1364,132055,195,03:00.0,3,21:00,621
7769233593,U,OB,1,1,100,133384,53,11:00.0,3,17:00,423
776923363X,U,IB,1,1,1160,136069,145,41:00.0,3,17:00,423
7769233759,U,CTY,1,1,326,125499,187,35:00.0,4,8:00,205
7769233804,U,CTY,1,1,799,124196,180,43:00.0,5,9:00,261
7769233804,U,CTY,1,1,799,124196,192,37:00.0,5,9:00,261
7769234116,U,OB,1,3,438,904284,66,34:00.0,2,20:00,422
7769234116,U,CTY,1,3,438,904284,N   ,44:00.0,3,8:00,422
7769234208,U,OB,1,1,701,904284,66,55:00.0,2,19:00,422
7769234244,U,OB,1,1,78,904284,66,15:00.0,2,20:00,422
7769234271,U,OB,1,1,698,135730,52,29:00.0,3,1:00,433
7769234309,U,OB,1,1,150,134615,52,49:00.0,4,15:00,421
7769234327,U,OB,1,2,1695,310232,75,21:00.0,3,18:00,422
7769234446,U,OB,1,3,550,904284,66,27:00.0,2,20:00,422
7769234455,U,OB,1,1,558,134279,84,45:00.0,4,0:00,213
7769234922,U,IB,1,2,2795,134784,123,31:00.0,5,8:00,890
7769235050,U,OB,1,1,530,134449,89,50:00.0,3,2:00,348
7769235133,U,OB,1,1,1020,134368,48,38:00.0,4,13:00,740
7769235582,U,OB,1,1,220,290775,51,49:00.0,3,8:00,409
7769235674,U,OB,1,1,215,430926,58,25:00.0,3,6:00,447
776923616X,U,OB,1,4,6240,125746,43,21:00.0,3,3:00,421
7769236206,U,OB,1,6,1440,291042,73,39:00.0,7,22:00,510
776923638X,U,IB,1,1,200,137198,133,00:00.0,3,19:00,251
7769236637,U,CTY,1,1,512,278601,169,12:00.0,3,22:00,347
7769237021,U,OB,1,1,105,135599,96,52:00.0,4,3:00,123
776923715X,U,OB,1,1,375,125712,46,03:00.0,3,7:00,411
7769237645,U,OB,1,2,1030,137272,39,20:00.0,3,20:00,754
7769237773,U,OB,1,1,275,126169,40,55:00.0,3,10:00,432
7769237782,U,OB,1,1,234,125712,46,43:00.0,3,7:00,411
7769237800,U,IB,1,1,485,129473,114,55:00.0,5,3:00,108
7769237874,U,CTY,1,1,603,131787,188,24:00.0,1,5:00,132
7769238020,U,IB,1,2,990,137416,153,36:00.0,5,12:00,370
7769238020,U,CTY,1,2,990,137416,187,55:00.0,5,10:00,370
7769238186,U,OB,1,1,1200,134368,48,20:00.0,4,14:00,740
7769238534,U,IB,1,1,480,CVEN43549,133,19:00.0,4,20:00,150
7769238543,U,OB,1,1,89,134629,74,19:00.0,6,11:00,740
7769238644,U,OB,1,1,570,132233,49,30:00.0,5,18:00,522
7769238754,U,OB,1,5,1200,830967,89,30:00.0,2,22:00,422
7769238938,U,OB,1,1,250,131925,78,20:00.0,4,21:00,111
7769238992,U,CTY,1,1,338,119922,192,17:00.0,5,16:00,381
7769239093,U,OB,1,2,1200,431197,67,25:00.0,2,22:00,422
7769239212,U,OB,1,2,1880,128133,67,55:00.0,3,2:00,447
7769239387,U,IB,1,2,900,CVEN44339,112,24:00.0,5,18:00,126
7769239735,U,OB,1,1,150,261236,48,54:00.0,4,19:00,754
7769240139,U,OB,1,1,60,127487,43,01:00.0,4,0:00,740
7769240258,U,IB,1,2,504,129558,114,23:00.0,5,19:00,218
7769240478,U,OB,1,1,300,133084,43,47:00.0,7,4:00,462
7769240799,U,CTY,1,1,250,PASC33311,173,48:00.0,5,12:00,319
7769241129,U,OB,1,10,11116,134368,48,01:00.0,4,16:00,740
7769241358,U,OB,1,2,474,125712,46,20:00.0,3,7:00,411
7769241843,U,CTY,1,1,257,127450,189,29:00.0,5,21:00,312
776924188X,U,OB,1,1,610,133078,88,31:00.0,4,7:00,521
7769241980,U,OB,1,1,498,127487,43,41:00.0,3,22:00,740
7769242182,U,CTY,1,1,416,123757,209,10:00.0,5,20:00,860
7769242182,U,CTY,1,1,416,123757,211,14:00.0,7,0:00,860
7769242182,U,CTY,1,1,416,123757,212,46:00.0,6,12:00,860
7769242182,U,IB,1,1,416,123757,163,45:00.0,5,1:00,860
7769242182,U,CTY,1,1,416,123757,209,10:00.0,5,20:00,860
7769242292,U,OB,1,1,905,133624,31,43:00.0,3,22:00,754
7769242631,U,OB,1,1,337,290086,49,00:00.0,4,4:00,423
7769243080,U,CTY,1,1,25,139837,175,23:00.0,3,22:00,653
7769243273,U,CTY,1,1,220,123790,169,03:00.0,2,1:00,661
7769244236,U,IB,1,4,3665,CVEN43549,133,01:00.0,4,18:00,126
7769244658,U,IB,1,1,30,280582,131,31:00.0,6,0:00,890
7769245116,U,IB,1,1,518,128436,111,14:00.0,4,4:00,187
7769245208,U,IB,1,1,16,134835,143,15:00.0,4,13:00,312
7769245758,U,CTY,1,1,300,123950,173,40:00.0,6,4:00,152
7769245895,U,IB,1,3,4830,135150,101,47:00.0,3,21:00,218
7769245904,U,CTY,1,1,400,131332,172,27:00.0,4,20:00,315
7769246142,U,IB,1,1,266,CVEN44339,112,11:00.0,5,20:00,132
7769246189,U,CTY,1,1,814,139518,O15 ,55:00.0,4,23:00,511
7769246189,U,CTY,1,1,814,139518,169,52:00.0,4,7:00,511
7769246243,U,OB,1,3,4700,280193,90,07:00.0,3,4:00,348
7769246308,U,IB,1,8,1765,CVEN44339,112,25:00.0,5,19:00,132
7769246564,U,CTY,1,1,250,PASC33311,173,11:00.0,5,7:00,319
7769247298,U,IB,1,5,100,123681,141,19:00.0,4,6:00,155
7769247316,U,OB,1,2,1670,132233,49,42:00.0,5,17:00,522
7769247435,U,IB,1,1,515,133442,145,24:00.0,1,1:00,875
7769247673,U,IB,1,1,245,202663,149,25:00.0,2,10:00,808
7769247691,U,IB,1,1,600,134787,135,49:00.0,4,18:00,347
776924782X,U,CTY,1,5,2250,132416,197,35:00.0,4,0:00,324
7769247920,U,CTY,1,1,84,431077,173,01:00.0,7,15:00,580
776924793X,U,OB,1,2,900,134279,84,58:00.0,4,0:00,213
7769248095,U,OB,1,28,6720,128828,73,50:00.0,5,6:00,409
7769248131,U,OB,1,1,272,137715,89,57:00.0,5,2:00,682
7769248315,U,CTY,1,1,330,PASC533243,173,38:00.0,4,9:00,309
7769248737,U,OB,1,1,1200,821190,48,31:00.0,2,20:00,422
7769249177,U,OB,1,1,85,281124,43,45:00.0,5,6:00,433
7769249287,U,IB,1,1,1100,123681,141,47:00.0,4,8:00,143
7769249332,U,OB,1,2,2970,125712,46,53:00.0,3,9:00,411
7769249498,U,OB,1,1,240,133890,63,59:00.0,3,21:00,465
776924958X,U,OB,1,1,195,124047,86,38:00.0,3,3:00,202
7769249709,U,IB,1,1,739,125318,111,37:00.0,6,16:00,508
7769249718,U,OB,1,1,240,133890,63,44:00.0,3,22:00,465
7769249938,U,OB,1,1,330,124047,86,46:00.0,3,3:00,202
7769250048,U,OB,1,1,250,124047,86,44:00.0,3,2:00,202
7769250066,U,OB,1,1,875,134449,89,38:00.0,3,4:00,348
7769250075,U,IB,1,1,1927,280977,133,47:00.0,3,4:00,244
776925013X,U,OB,1,2,914,125712,46,34:00.0,3,9:00,411
7769250149,U,CTY,1,3,210,125602,169,50:00.0,7,1:00,642
776925035X,U,OB,1,2,2570,830890,32,16:00.0,2,20:00,422
7769250488,U,OB,1,1,400,137672,32,19:00.0,3,2:00,432
7769250836,U,IB,1,1,311,119666,105,56:00.0,3,2:00,245
7769250881,U,IB,1,1,29,134787,135,21:00.0,4,17:00,347
7769250982,U,CTY,1,1,134,125499,187,06:00.0,4,8:00,205
7769251945,U,OB,1,3,1386,125809,60,28:00.0,5,13:00,615
7769251981,U,IB,1,5,7155,291071,114,35:00.0,4,21:00,145
7769252293,U,CTY,1,1,500,261005,197,03:00.0,5,12:00,126
776925310X,U,IB,1,9,3429,45562,103,45:00.0,4,10:00,556
7769253292,U,OB,1,3,740,134368,48,48:00.0,4,14:00,740
7769253521,U,IB,1,1,380,137169,125,52:00.0,3,8:00,216
7769253723,U,IB,1,4,5409,291071,114,14:00.0,4,23:00,154
7769253833,U,OB,1,1,190,126145,49,04:00.0,3,15:00,411
7769254044,U,OB,1,1,320,133519,43,01:00.0,4,16:00,423
7769254053,U,IB,1,2,900,130658,152,24:00.0,3,12:00,431
7769254630,U,OB,1,1,213,125712,46,25:00.0,3,7:00,411
7769254677,U,CTY,1,1,1516,200701,192,06:00.0,4,19:00,232
7769254850,U,OB,1,5,4675,390072,79,49:00.0,3,20:00,422
7769254850,U,OB,1,5,4675,390072,74,48:00.0,3,20:00,422
7769255144,U,OB,1,2,1362,123272,55,42:00.0,3,6:00,411
776925519X,U,OB,1,1,140,130549,63,11:00.0,4,10:00,409
7769255227,U,CTY,1,1,63,132416,197,07:00.0,3,22:00,312
7769255667,U,CTY,1,1,424,PASC33311,173,40:00.0,5,12:00,230
7769255759,U,OB,1,1,331,431197,67,21:00.0,2,22:00,422
7769255950,U,CTY,1,1,55,132416,197,33:00.0,3,22:00,312
7769256309,U,OB,1,5,2940,560385,72,20:00.0,2,22:00,422
7769256390,U,CTY,1,1,119,138044,176,53:00.0,4,18:00,315
7769256446,U,OB,1,1,324,135178,39,18:00.0,3,8:00,421
7769256574,U,CTY,1,2,5773,121767,174,17:00.0,5,10:00,112
7769257005,U,CTY,1,1,277,127154,196,51:00.0,3,21:00,261
7769257371,U,OB,1,1,1113,560385,72,49:00.0,2,21:00,422
776925739X,U,OB,1,1,670,132233,49,12:00.0,5,17:00,522
7769257454,U,OB,1,1,785,124047,86,44:00.0,3,3:00,202
776925761X,U,OB,1,2,1075,280193,90,29:00.0,3,3:00,348
7769257739,U,IB,1,3,1385,136017,103,30:00.0,4,3:00,435
7769257793,U,CTY,1,1,346,132416,197,45:00.0,4,1:00,324
7769257849,U,OB,1,1,165,126600,96,07:00.0,4,18:00,218
7769257912,U,IB,1,1,2261,138066,114,48:00.0,1,1:00,889
7769258004,U,OB,1,3,533,138684,39,42:00.0,3,1:00,409
7769258105,U,OB,1,1,233,291044,11,17:00.0,4,5:00,432
7769258114,U,CTY,1,3,1100,431077,173,27:00.0,7,21:00,889
7769258426,U,IB,1,7,156,133442,145,09:00.0,1,1:00,875
7769258810,U,OB,1,1,434,290938,17,21:00.0,5,15:00,740
7769259333,U,IB,1,8,6105,430079,101,49:00.0,3,17:00,218
7769259360,U,IB,1,3,3345,135491,151,38:00.0,7,3:00,873
7769259360,U,CTY,1,3,3345,135491,199,46:00.0,1,19:00,873
776925937X,U,IB,1,3,3260,135983,116,31:00.0,6,23:00,783
7769259508,U,IB,1,3,580,133442,145,56:00.0,1,0:00,875
7769259627,U,OB,1,1,271,126600,96,01:00.0,4,18:00,218
7769259681,U,CTY,1,1,415,132416,197,50:00.0,4,0:00,324
7769259690,U,IB,1,1,850,136017,103,04:00.0,4,3:00,435
7769259719,U,CTY,1,1,93,127450,189,09:00.0,5,21:00,312
7769259764,U,OB,1,2,1500,125969,46,45:00.0,7,9:00,555
7769259939,U,IB,1,1,203,291071,114,19:00.0,4,21:00,145
7769259966,U,IB,1,1,1350,123680,114,16:00.0,3,22:00,218
7769260049,U,IB,1,1,1490,124058,145,55:00.0,4,9:00,714
7769260159,U,OB,1,2,1583,136017,85,18:00.0,4,3:00,435
7769260159,U,OB,1,2,1583,136017,85,18:00.0,4,3:00,435
7769260992,U,OB,1,1,310,124047,86,40:00.0,3,3:00,202
7769261203,U,OB,1,1,620,124047,86,31:00.0,3,2:00,202
7769261322,U,IB,1,1,440,137352,101,04:00.0,6,4:00,429
7769261479,U,CTY,1,1,162,121767,174,54:00.0,5,8:00,152
7769261708,U,CTY,1,2,4000,135089,187,53:00.0,6,8:00,326
7769261717,U,CTY,1,1,55,140262,187,19:00.0,6,14:00,182
7769262056,U,OB,1,1,1100,125969,46,26:00.0,7,9:00,555
7769262074,U,IB,1,1,995,131719,104,50:00.0,4,3:00,243
7769262148,U,OB,1,1,240,290938,17,05:00.0,5,13:00,740
7769262175,U,CTY,1,1,674,PASC533243,173,26:00.0,4,10:00,309
7769262743,U,OB,1,9,2160,136574,86,22:00.0,3,22:00,471
7769262981,U,OB,1,2,630,842789,66,10:00.0,3,20:00,422
7769262990,U,IB,1,1,565,137198,133,19:00.0,3,18:00,251
776926311X,U,OB,1,1,225,123183,55,11:00.0,7,10:00,411
7769263147,U,IB,1,1,345,138066,114,54:00.0,1,1:00,783
7769263266,U,CTY,1,1,237,119922,192,20:00.0,5,18:00,890
7769263320,U,CTY,1,2,1175,291101,189,58:00.0,4,8:00,402
7769263394,U,OB,1,3,720,133890,63,57:00.0,4,0:00,473
7769263430,U,IB,1,1,575,133442,145,28:00.0,1,1:00,875
7769263587,U,OB,1,1,240,133890,63,57:00.0,4,0:00,473
7769263852,U,CTY,1,1,500,HAEI25934,192,29:00.0,1,1:00,835
7769264366,U,OB,1,4,960,135569,43,31:00.0,1,9:00,476
7769264559,U,OB,1,1,2050,45573,78,22:00.0,4,2:00,431
7769264815,U,IB,1,1,462,129739,135,23:00.0,6,2:00,819
7769265035,U,OB,1,1,259,689091,69,44:00.0,2,20:00,422
7769265255,U,OB,1,1,285,136884,52,01:00.0,5,18:00,521
7769265686,U,OB,1,1,2660,127521,50,23:00.0,4,18:00,730
7769266025,U,CTY,1,1,213,128490,195,00:00.0,2,11:00,830
7769266043,U,CTY,1,1,111,HAEI28100,172,19:00.0,5,18:00,508
7769266070,U,IB,1,1,37,125434,129,07:00.0,7,3:00,813
7769266135,U,OB,1,3,1578,45573,78,13:00.0,4,2:00,431
7769266364,U,CTY,1,1,1100,PASC634013,175,08:00.0,7,20:00,626
7769266364,U,CTY,1,1,1100,PASC634013,184,41:00.0,1,0:00,626
7769266465,U,IB,1,1,980,128436,111,32:00.0,4,4:00,187
7769267116,U,OB,1,1,140,290938,17,15:00.0,5,15:00,740
7769267318,U,OB,1,1,85,126145,49,00:00.0,3,14:00,411
7769267574,U,OB,1,1,145,132423,46,22:00.0,3,14:00,411
776926762X,U,CTY,1,1,150,252236,187,07:00.0,4,5:00,402
7769267803,U,CTY,1,1,120,128863,196,41:00.0,5,6:00,525
7769268032,U,IB,1,1,1636,132555,141,38:00.0,7,17:00,662
7769268225,U,OB,1,1,1976,131329,75,06:00.0,4,10:00,432
7769268299,U,IB,1,3,5570,261214,125,30:00.0,6,6:00,688
7769268528,U,CTY,1,1,378,132904,175,42:00.0,7,7:00,116
7769268528,U,CTY,1,1,378,132904,194,15:00.0,1,13:00,116
7769268692,U,IB,1,3,857,128839,152,10:00.0,4,13:00,326
7769268710,U,OB,1,1,85,126145,49,14:00.0,3,14:00,411
7769268912,U,IB,1,1,56,558206,125,59:00.0,5,19:00,534
7769268986,U,IB,1,2,808,121096,133,22:00.0,1,12:00,873
7769269013,U,IB,1,2,130,133442,145,58:00.0,1,2:00,875
7769269141,U,OB,1,1,142,132423,46,55:00.0,3,13:00,411
7769269260,U,IB,1,1,510,139792,145,41:00.0,4,22:00,326
7769269536,U,OB,1,1,249,135938,31,43:00.0,5,5:00,423
7769269572,U,OB,1,1,89,132423,46,00:00.0,3,14:00,411
776926960X,U,CTY,1,3,1950,140178,169,47:00.0,4,15:00,402
7769269673,U,OB,1,1,160,126145,49,14:00.0,3,14:00,411
7769269810,U,CTY,1,1,198,126511,188,00:00.0,4,16:00,402
776926993X,U,OB,1,1,150,132423,46,02:00.0,3,14:00,411
7769270131,U,CTY,1,1,419,118361,194,17:00.0,3,16:00,896
7769270232,U,CTY,1,1,315,121767,174,21:00.0,5,10:00,158
7769270315,U,IB,1,1,248,134162,151,38:00.0,6,7:00,881
7769270333,U,IB,1,1,148,134162,151,45:00.0,6,6:00,881
7769270618,U,IB,1,2,1780,117643,143,30:00.0,6,21:00,881
7769270847,U,IB,1,1,832,131674,152,43:00.0,6,14:00,881
7769270901,U,IB,1,1,208,134162,151,33:00.0,6,6:00,881
7769270984,U,IB,1,1,65,135192,164,33:00.0,7,2:00,642
7769271058,U,CTY,1,3,3090,136419,169,17:00.0,7,4:00,335
7769271067,U,IB,1,1,159,134162,151,39:00.0,6,6:00,881
7769271195,U,OB,1,4,1970,211007,31,41:00.0,3,16:00,455
7769271287,U,IB,1,1,785,136411,111,47:00.0,5,22:00,671
7769271296,U,IB,1,1,673,131674,152,42:00.0,6,14:00,881
7769272039,U,OB,1,1,1816,310232,75,09:00.0,3,18:00,422
7769272176,U,OB,1,1,156,125836,75,50:00.0,1,15:00,813
7769272304,U,OB,1,3,1245,430574,50,29:00.0,5,13:00,435
7769272322,U,CTY,1,1,1075,128863,196,52:00.0,5,6:00,525
7769272827,U,OB,1,1,1410,136908,39,53:00.0,7,12:00,411
7769273523,U,OB,1,2,462,128416,40,10:00.0,7,17:00,521
7769273698,U,CTY,1,1,56,119922,192,50:00.0,5,18:00,326
7769274037,U,IB,1,2,1655,290274,133,42:00.0,2,7:00,642
7769274100,U,OB,1,2,1030,138348,96,09:00.0,5,20:00,213
7769274174,U,OB,1,1,260,138348,96,04:00.0,5,20:00,213
7769274430,U,CTY,1,2,707,133804,187,22:00.0,6,6:00,335
7769274430,U,IB,1,2,707,133804,153,33:00.0,6,6:00,335
7769274513,U,OB,1,1,2225,261082,40,40:00.0,5,22:00,617
7769274852,U,OB,1,1,335,290300,43,42:00.0,4,3:00,303
7769275090,U,OB,1,1,100,133519,43,33:00.0,4,15:00,423
7769275164,U,CTY,1,1,300,136973,188,03:00.0,7,5:00,152
776927543X,U,OB,1,1,1376,136884,52,15:00.0,5,20:00,726
7769275622,U,CTY,1,1,305,251290,R301,07:00.0,5,2:00,322
7769275622,U,IB,1,1,305,251290,114,21:00.0,4,12:00,322
7769275631,U,IB,1,1,375,139876,149,31:00.0,6,21:00,160
7769275640,U,CTY,1,2,3850,131592,174,35:00.0,5,2:00,203
7769275687,U,CTY,1,1,190,125240,174,13:00.0,7,0:00,312
7769275934,U,OB,1,1,633,559586,69,07:00.0,4,2:00,447
7769276300,U,CTY,1,1,365,133451,195,20:00.0,4,19:00,203
7769276951,U,OB,1,1,200,310232,75,21:00.0,3,18:00,422
7769277016,U,OB,1,5,680,310232,75,16:00.0,3,18:00,422
7769277126,U,OB,1,1,260,310232,75,25:00.0,3,18:00,422
7769277209,U,OB,1,1,518,559536,60,36:00.0,4,20:00,422
7769277209,U,OB,1,1,518,559536,81,37:00.0,4,20:00,422
7769277364,U,OB,1,6,2665,261236,48,01:00.0,4,21:00,754
7769277483,U,IB,1,1,75,251290,119,50:00.0,4,12:00,322
7769277483,U,IB,1,1,75,251290,114,33:00.0,4,12:00,322
7769277483,U,IB,1,1,75,251290,121,27:00.0,4,13:00,322
7769277667,U,OB,1,6,1440,121290,73,29:00.0,5,22:00,518
7769277759,U,CTY,1,1,50,125240,174,44:00.0,6,17:00,312
7769277941,U,OB,1,1,548,130549,63,16:00.0,4,10:00,409
7769278354,U,OB,1,1,846,132272,78,53:00.0,5,6:00,187
7769278363,U,OB,1,4,2074,278516,74,52:00.0,6,0:00,757
7769278419,U,OB,1,1,140,559586,69,37:00.0,4,1:00,447
7769278464,U,CTY,1,1,711,128168,189,56:00.0,4,3:00,244
7769278821,U,IB,1,2,750,560010,101,52:00.0,4,5:00,348
7769278978,U,CTY,1,3,312,128281,176,25:00.0,4,22:00,326
7769279270,U,OB,1,1,340,261236,48,34:00.0,4,20:00,754
7769279380,U,CTY,1,2,5040,131973,195,44:00.0,4,4:00,805
7769279701,U,OB,1,1,318,135938,31,55:00.0,5,4:00,423
7769279748,U,CTY,1,1,479,131592,174,28:00.0,5,3:00,232
7769279912,U,OB,1,2,2012,430637,51,54:00.0,4,3:00,409
7769279921,U,IB,1,3,2755,123386,105,21:00.0,4,16:00,216
7769279921,U,IB,1,3,2755,123386,105,21:00.0,4,16:00,216
7769280123,U,CTY,1,2,536,126885,174,16:00.0,1,0:00,100
7769280224,U,OB,1,1,1948,140358,26,10:00.0,4,21:00,510
7769280251,U,OB,1,1,1400,134183,67,51:00.0,1,8:00,432
7769280370,U,OB,1,3,720,125836,75,26:00.0,1,18:00,476
7769280673,U,OB,1,2,500,842789,66,48:00.0,3,19:00,422
7769280747,U,CTY,1,1,525,390072,R113,53:00.0,4,18:00,422
7769280747,U,OB,1,1,150,390072,74,19:00.0,3,21:00,422
7769280958,U,OB,1,1,1470,137941,88,38:00.0,5,7:00,521
7769280985,U,CTY,1,4,1800,131332,172,45:00.0,4,19:00,324
7769281122,U,OB,1,1,510,140358,26,53:00.0,4,20:00,510
7769281140,U,IB,1,1,350,137393,164,21:00.0,5,21:00,160
7769281416,U,OB,1,1,240,135569,43,23:00.0,1,9:00,476
776928159X,U,IB,1,1,1700,128185,113,59:00.0,6,13:00,569
7769281874,U,OB,1,5,9640,121628,18,54:00.0,5,22:00,473
7769282828,U,OB,1,1,380,136358,60,27:00.0,4,1:00,433
7769282846,U,OB,1,1,311,125809,60,00:00.0,5,11:00,653
7769282929,U,OB,1,4,960,820869,75,09:00.0,3,21:00,422
7769282965,U,OB,1,2,1346,261082,40,18:00.0,6,0:00,261
7769282992,U,OB,1,9,2160,560280,69,42:00.0,4,12:00,455
776928346X,U,OB,1,1,207,559586,69,13:00.0,4,2:00,447
7769283616,U,IB,1,1,810,280582,131,47:00.0,6,1:00,890
7769283726,U,CTY,1,3,684,CVEN46008,173,31:00.0,7,7:00,132
7769283836,U,IB,1,1,103,137393,164,08:00.0,5,21:00,289
7769283937,U,CTY,1,2,1187,130450,174,15:00.0,4,22:00,381
7769284092,U,IB,1,6,6000,290209,111,46:00.0,4,12:00,432
7769284321,U,IB,1,1,1006,135055,127,23:00.0,7,5:00,569
7769284386,U,OB,1,1,135,290356,57,38:00.0,4,2:00,447
7769284386,U,OB,1,1,135,290356,32,03:00.0,4,1:00,447
7769284597,U,IB,1,2,289,139791,158,21:00.0,4,22:00,303
7769284606,U,CTY,1,4,235,123720,173,15:00.0,7,4:00,123
7769284689,U,OB,1,2,2720,134615,52,21:00.0,4,16:00,421
7769284945,U,OB,1,12,740,131078,74,46:00.0,5,11:00,740
7769284972,U,IB,1,7,7122,251290,114,51:00.0,4,13:00,322
776928500X,U,CTY,1,1,1390,126885,174,17:00.0,1,1:00,145
7769285073,U,CTY,1,1,165,130450,174,42:00.0,4,20:00,381
7769285100,U,OB,1,1,335,202296,43,48:00.0,7,1:00,525
7769285248,U,IB,1,2,1250,280582,131,43:00.0,5,21:00,890
7769285385,U,OB,1,1,418,131589,39,59:00.0,4,9:00,421
7769286045,U,CTY,1,1,565,132301,188,09:00.0,6,5:00,123
7769286072,U,CTY,1,1,230,126164,210,57:00.0,6,13:00,396
7769286072,U,CTY,1,1,230,126164,231,42:00.0,1,2:00,396
7769286146,U,OB,1,1,350,132272,78,23:00.0,5,6:00,187
7769286274,U,CTY,1,2,534,261005,197,31:00.0,5,11:00,135
7769286411,U,CTY,1,6,5140,118361,194,33:00.0,3,16:00,661
7769286521,U,OB,1,2,1220,131078,74,36:00.0,5,8:00,740
7769286631,U,OB,1,1,710,137041,26,07:00.0,5,16:00,714
7769286705,U,IB,1,1,540,123416,135,35:00.0,3,2:00,435
7769286970,U,IB,1,1,217,290274,133,30:00.0,2,8:00,642
7769287219,U,CTY,1,1,500,261005,197,02:00.0,5,12:00,165
7769287713,U,CTY,1,1,120,130450,174,30:00.0,4,22:00,381
7769287915,U,CTY,1,3,290,125240,174,46:00.0,7,1:00,312
7769287960,U,IB,1,1,205,123579,149,54:00.0,4,11:00,216
7769288218,U,IB,1,1,603,125671,117,22:00.0,4,21:00,243
7769288245,U,IB,1,1,700,530247,116,27:00.0,4,21:00,857
7769288263,U,OB,1,1,783,137292,18,24:00.0,4,6:00,421
7769288456,U,CTY,1,1,1300,124186,168,35:00.0,5,9:00,216
7769288566,U,OB,1,1,228,261236,48,07:00.0,4,20:00,754
7769288593,U,IB,1,1,470,125671,117,15:00.0,4,21:00,243
7769288667,U,IB,1,1,500,135321,114,49:00.0,6,21:00,145
7769288768,U,CTY,1,1,250,249257,175,04:00.0,5,14:00,312
7769288869,U,CTY,1,1,485,530691,195,56:00.0,3,17:00,881
7769288878,U,OB,1,1,108,125430,32,02:00.0,4,7:00,685
7769289060,U,OB,1,5,200,133228,63,00:00.0,3,5:00,432
7769289107,U,OB,1,2,1910,134615,52,02:00.0,4,16:00,421
7769289262,U,OB,1,10,450,137656,53,57:00.0,6,0:00,435
7769289271,U,OB,1,1,260,137041,26,57:00.0,5,15:00,401
7769289345,U,CTY,1,1,40,127450,189,19:00.0,5,16:00,312
7769289639,U,OB,1,4,4565,134359,53,46:00.0,5,3:00,435
7769289821,U,IB,1,5,112,123579,149,37:00.0,4,15:00,216
7769289996,U,OB,1,2,835,134615,52,27:00.0,4,18:00,421
7769290189,U,IB,1,1,170,126850,113,57:00.0,4,8:00,292
776929028X,U,OB,1,1,698,125677,66,00:00.0,4,11:00,617
7769290463,U,OB,1,6,1790,125155,98,51:00.0,5,9:00,108
7769290977,U,CTY,1,2,1990,128285,195,25:00.0,5,14:00,315
7769291069,U,OB,1,1,115,131589,39,55:00.0,4,7:00,421
776929127X,U,OB,1,1,831,137941,88,22:00.0,5,6:00,521
7769291289,U,IB,1,10,270,123386,105,12:00.0,4,16:00,216
7769291810,U,IB,1,4,1008,129558,114,50:00.0,5,19:00,218
7769292360,U,OB,1,1,1140,290356,32,07:00.0,4,1:00,447
7769292443,U,CTY,1,1,195,139630,192,36:00.0,7,5:00,841
7769292443,U,CTY,1,1,195,139630,235,41:00.0,3,21:00,841
7769292443,U,CTY,1,1,195,139630,237,29:00.0,4,21:00,841
7769292672,U,IB,1,1,1480,137467,117,04:00.0,1,1:00,890
7769292728,U,OB,1,1,470,138348,96,51:00.0,5,20:00,213
7769292966,U,OB,1,2,855,842789,66,59:00.0,3,19:00,422
7769293058,U,CTY,1,1,2211,261217,174,29:00.0,5,13:00,303
7769293159,U,IB,1,1,285,135321,114,44:00.0,6,16:00,145
7769293709,U,CTY,1,2,124,133185,174,13:00.0,7,18:00,896
7769293772,U,OB,1,2,1040,131022,88,31:00.0,6,5:00,108
776929391X,U,OB,1,5,2660,131925,78,32:00.0,4,20:00,218
7769294001,U,CTY,1,2,780,140247,208,09:00.0,6,15:00,268
7769294120,U,IB,1,1,2012,131223,163,46:00.0,4,16:00,431
7769294221,U,CTY,1,1,323,125240,174,11:00.0,7,2:00,312
7769294313,U,CTY,1,1,231,118361,194,31:00.0,3,15:00,641
7769294607,U,CTY,1,1,190,139733,189,54:00.0,1,22:00,847
7769294863,U,OB,1,1,1700,137041,26,35:00.0,5,17:00,402
7769294955,U,IB,1,5,4600,136603,111,12:00.0,5,3:00,244
7769295065,U,OB,1,5,3585,128594,55,19:00.0,5,13:00,409
7769295184,U,OB,1,2,834,842650,60,59:00.0,3,18:00,422
7769295249,U,CTY,1,1,232,139733,189,52:00.0,1,22:00,847
7769295496,U,CTY,1,2,1405,130754,168,24:00.0,5,4:00,230
7769295550,U,IB,1,1,2000,290274,133,09:00.0,2,9:00,642
7769295606,U,OB,1,1,398,842650,60,11:00.0,3,19:00,422
7769295633,U,CTY,1,1,315,121767,174,21:00.0,5,11:00,153
7769295972,U,IB,1,1,550,135803,162,29:00.0,2,11:00,877
7769295972,U,IB,1,1,550,135803,162,29:00.0,2,11:00,877
7769296129,U,OB,1,1,1635,137041,26,56:00.0,5,17:00,402
7769296715,U,CTY,1,1,1250,252131,189,34:00.0,3,14:00,336
7769296733,U,OB,1,1,452,261236,48,05:00.0,4,20:00,754
7769296760,U,OB,1,1,402,134468,76,16:00.0,4,10:00,433
7769296807,U,OB,1,2,480,45680,67,16:00.0,5,9:00,433
7769297036,U,OB,1,1,177,136221,86,21:00.0,4,3:00,202
7769297512,U,IB,1,1,745,138066,114,11:00.0,1,5:00,641
7769297577,U,IB,1,2,4688,131118,164,08:00.0,4,0:00,813
7769297613,U,OB,1,1,350,138134,49,35:00.0,2,14:00,556
7769297705,U,IB,1,1,450,135803,116,49:00.0,2,12:00,875
7769297842,U,CTY,1,1,815,137932,169,32:00.0,5,1:00,653
7769297999,U,OB,1,1,500,430637,51,01:00.0,4,6:00,409
7769298520,U,CTY,1,5,4065,127438,168,03:00.0,5,18:00,532
7769298594,U,OB,1,4,5505,127521,50,03:00.0,4,19:00,730
7769298942,U,CTY,1,1,378,130450,174,20:00.0,4,22:00,381
7769299209,U,OB,1,1,2550,133913,40,24:00.0,4,3:00,433
7769299254,U,OB,1,1,225,135938,31,40:00.0,5,6:00,423
7769299373,U,OB,1,1,2100,290890,67,03:00.0,4,9:00,432
7769299391,U,CTY,1,1,307,291101,189,21:00.0,4,9:00,402
7769299721,U,CTY,1,1,205,211335,216,30:00.0,6,19:00,153
7769299721,U,CTY,1,1,205,211335,197,03:00.0,6,17:00,153
7769299768,U,CTY,1,3,100,125240,174,41:00.0,7,1:00,312
7769299786,U,CTY,1,1,67,261005,197,09:00.0,5,12:00,126
7769299813,U,IB,1,1,612,127193,141,48:00.0,5,17:00,371
7769299923,U,OB,1,2,1384,291194,90,46:00.0,6,13:00,243
7769300089,U,OB,1,1,325,131022,88,33:00.0,6,3:00,108
7769300161,U,IB,1,1,140,560010,101,31:00.0,4,3:00,348
7769300170,U,CTY,1,1,135,128168,189,18:00.0,4,4:00,244
776930018X,U,OB,1,1,1408,559935,60,16:00.0,3,21:00,422
7769300473,U,IB,1,4,172,135803,116,59:00.0,2,12:00,875
7769300996,U,OB,1,2,1058,842650,60,04:00.0,3,19:00,422
7769301463,U,OB,1,1,393,842650,60,55:00.0,3,18:00,422
7769301528,U,OB,1,1,133,430637,51,56:00.0,4,5:00,409
7769301582,U,OB,1,1,337,131078,74,01:00.0,5,10:00,740
776930172X,U,IB,1,1,650,126850,113,37:00.0,4,11:00,292
7769302215,U,OB,1,1,260,134183,67,27:00.0,1,6:00,432
7769302224,U,OB,1,1,800,134425,50,01:00.0,7,16:00,409
7769302343,U,OB,1,3,3101,291044,11,46:00.0,4,5:00,432
7769302756,U,OB,1,2,585,559536,60,18:00.0,4,20:00,422
776930337X,U,OB,1,1,390,559536,60,21:00.0,4,20:00,422
7769303443,U,OB,1,1,178,139748,49,07:00.0,5,7:00,415
7769303508,U,OB,1,1,315,131078,74,01:00.0,5,9:00,740
7769304204,U,IB,1,1,1958,133623,101,18:00.0,5,18:00,644
7769304287,U,IB,1,1,150,126070,152,37:00.0,2,21:00,830
7769304460,U,CTY,1,1,232,125240,174,33:00.0,6,23:00,288
7769304680,U,IB,1,1,300,290769,129,51:00.0,6,10:00,511
7769304929,U,CTY,1,3,3265,211335,202,45:00.0,2,2:00,178
7769304929,U,CTY,1,3,3265,211335,197,34:00.0,6,16:00,178
7769305066,U,IB,1,3,670,139792,145,01:00.0,4,22:00,326
7769305102,U,CTY,1,1,261,252236,187,21:00.0,4,5:00,402
7769305542,U,CTY,1,1,670,133185,174,42:00.0,7,16:00,783
7769305607,U,OB,1,1,500,132272,82,30:00.0,5,6:00,187
7769305607,U,OB,1,1,500,132272,82,30:00.0,5,6:00,187
776930590X,U,IB,1,1,416,117643,143,33:00.0,6,20:00,881
7769306029,U,CTY,1,2,1834,123950,173,16:00.0,6,7:00,152
7769306029,U,CTY,1,2,1834,123950,204,20:00.0,6,11:00,152
7769306029,U,CTY,1,2,1834,123950,204,41:00.0,1,13:00,152
7769306047,U,CTY,1,2,1179,138457,188,56:00.0,6,11:00,396
7769306550,U,CTY,1,2,6358,249257,175,20:00.0,5,14:00,312
7769306707,U,CTY,1,1,27,125240,174,48:00.0,7,1:00,312
7769306909,U,CTY,1,1,236,PASC33311,173,33:00.0,5,8:00,309
7769306927,U,CTY,1,4,1780,136308,173,12:00.0,6,1:00,261
7769307082,U,OB,1,1,40,133989,31,54:00.0,7,7:00,740
7769307679,U,OB,1,1,760,310232,75,32:00.0,3,18:00,422
7769307751,U,IB,1,1,285,126280,116,28:00.0,5,18:00,218
7769307861,U,CTY,1,1,155,136308,173,55:00.0,6,0:00,261
7769307908,U,OB,1,1,415,134689,58,19:00.0,7,1:00,740
7769307944,U,OB,1,1,218,290210,38,25:00.0,7,14:00,423
7769308146,U,CTY,1,2,2220,131130,169,13:00.0,1,12:00,881
7769308247,U,CTY,1,2,1887,131592,174,23:00.0,5,3:00,187
776930843X,U,CTY,1,1,294,129628,194,43:00.0,4,13:00,314
7769308568,U,OB,1,1,250,136221,86,36:00.0,4,3:00,202
7769308824,U,OB,1,1,281,842650,60,07:00.0,3,19:00,422
776930887X,U,OB,1,2,880,290938,17,53:00.0,5,13:00,740
7769308934,U,OB,1,1,295,261082,40,38:00.0,5,22:00,653
7769309109,U,OB,1,1,131,131078,74,45:00.0,5,8:00,740
7769309282,U,CTY,1,2,333,131332,172,48:00.0,4,21:00,324
776930931X,U,OB,1,1,296,842650,60,09:00.0,3,19:00,422
7769309392,U,OB,1,1,319,139748,49,18:00.0,5,6:00,415
7769309585,U,OB,1,2,1475,136221,86,39:00.0,4,4:00,202
7769309704,U,OB,1,1,401,842650,60,48:00.0,3,18:00,422
7769309722,U,IB,1,1,771,124058,145,41:00.0,4,6:00,402
7769309924,U,CTY,1,1,2667,131973,195,31:00.0,4,5:00,805
7769309942,U,OB,1,1,351,842650,60,51:00.0,3,18:00,422
776930997X,U,OB,1,1,210,131078,74,49:00.0,5,8:00,740
7769310209,U,OB,1,1,90,200486,50,55:00.0,4,7:00,411
7769310429,U,OB,1,1,711,137545,43,17:00.0,5,16:00,423
7769310840,U,OB,1,2,1080,128828,73,40:00.0,5,3:00,409
7769311024,U,CTY,1,1,84,128863,196,47:00.0,5,6:00,525
7769311033,U,IB,1,1,127,CVEN44339,112,04:00.0,5,18:00,116
7769311208,U,OB,1,6,2670,290771,72,48:00.0,4,21:00,455
7769311262,U,OB,1,2,1815,132377,52,48:00.0,6,2:00,402
7769311978,U,IB,1,6,12550,126280,116,34:00.0,5,19:00,218
7769312088,U,CTY,1,1,130,134433,169,05:00.0,2,21:00,841
7769312472,U,CTY,1,2,230,PASC33311,187,01:00.0,4,7:00,899
7769312968,U,OB,1,1,104,134689,58,16:00.0,7,3:00,740
7769313069,U,CTY,1,1,440,138210,174,54:00.0,4,15:00,304
7769313408,U,OB,1,1,675,730114,39,41:00.0,5,18:00,422
7769313619,U,IB,1,1,300,134145,151,31:00.0,2,7:00,814
7769313976,U,OB,1,1,150,132377,52,05:00.0,6,6:00,402
7769314021,U,OB,1,1,511,140358,26,27:00.0,4,21:00,455
7769314829,U,IB,1,1,506,CVEN44339,112,50:00.0,5,14:00,126
7769314847,U,IB,1,3,2422,125347,133,35:00.0,3,3:00,819
7769314847,U,IB,1,3,2422,125347,118,33:00.0,3,5:00,819
776931492X,U,IB,1,1,833,132555,141,26:00.0,7,17:00,881
7769315058,U,IB,1,2,1524,132555,141,53:00.0,7,16:00,881
776931514X,U,IB,1,1,696,127344,151,59:00.0,6,20:00,881
7769315159,U,CTY,1,2,1144,133108,194,55:00.0,2,9:00,661
7769315177,U,CTY,1,1,535,131130,169,27:00.0,1,12:00,881
776931547X,U,CTY,1,1,670,126458,172,11:00.0,3,8:00,847
7769315956,U,CTY,1,1,260,130851,169,44:00.0,5,9:00,244
776931602X,U,OB,1,1,715,126080,49,09:00.0,6,0:00,730
7769316066,U,IB,1,2,764,CVEN45772,103,18:00.0,6,10:00,132
7769316120,U,OB,1,1,223,136884,52,23:00.0,5,20:00,402
7769316286,U,IB,1,1,26,261091,151,05:00.0,5,22:00,890
7769316634,U,CTY,1,1,190,123950,173,19:00.0,6,4:00,152
7769317202,U,IB,1,1,582,131118,164,43:00.0,4,0:00,889
7769317579,U,IB,1,1,612,131118,164,34:00.0,4,0:00,889
7769317734,U,IB,1,1,744,127344,151,58:00.0,6,21:00,881
7769317826,U,OB,1,1,760,130549,63,46:00.0,4,9:00,409
7769318248,U,OB,1,1,270,135260,32,24:00.0,6,0:00,432
7769318320,U,OB,1,1,1397,135215,67,23:00.0,6,15:00,521
7769320071,U,CTY,1,1,15,125240,174,45:00.0,6,17:00,312
7769320190,U,CTY,1,1,179,124186,168,26:00.0,5,6:00,216
776932031X,U,OB,1,1,180,136883,58,11:00.0,5,4:00,447
7769320659,U,OB,1,1,314,139748,49,40:00.0,5,6:00,415
7769320677,U,IB,1,2,746,127688,123,22:00.0,5,11:00,661
7769320769,U,OB,1,1,155,136491,22,14:00.0,5,6:00,415
7769320942,U,OB,1,1,306,136491,22,17:00.0,5,6:00,415
776932119X,U,OB,1,1,372,136884,52,13:00.0,5,19:00,402
7769321272,U,OB,1,1,400,276230,38,23:00.0,5,17:00,754
7769321786,U,CTY,1,4,10050,CVEN46008,173,56:00.0,7,9:00,116
7769321804,U,OB,1,1,240,134853,31,58:00.0,6,23:00,679
7769321804,U,CTY,1,1,240,134853,231,42:00.0,1,2:00,679
7769321831,U,IB,1,4,4078,135053,131,36:00.0,1,2:00,523
7769321831,U,CTY,1,4,4078,135053,225,00:00.0,1,21:00,523
7769321988,U,OB,1,1,271,127054,89,30:00.0,1,17:00,551
7769322098,U,OB,1,1,230,129682,22,19:00.0,5,16:00,421
7769322455,U,CTY,1,1,150,135508,175,12:00.0,1,4:00,479
7769322473,U,IB,1,1,240,134490,117,21:00.0,5,3:00,433
7769322693,U,OB,1,1,161,560027,66,00:00.0,5,20:00,422
7769322720,U,OB,1,2,460,559536,60,47:00.0,4,20:00,422
7769322886,U,CTY,1,1,6,124186,168,57:00.0,5,6:00,216
7769322913,U,OB,1,1,915,559536,60,51:00.0,4,19:00,422
7769322913,U,OB,1,1,915,559536,85,52:00.0,4,19:00,422
7769322969,U,OB,1,3,4780,137227,40,22:00.0,5,18:00,411
7769323023,U,OB,1,1,255,290210,38,33:00.0,7,15:00,423
7769323106,U,IB,1,1,120,139876,149,30:00.0,6,20:00,205
7769323142,U,CTY,1,1,44,124186,168,17:00.0,5,6:00,216
7769323160,U,OB,1,1,355,133989,31,50:00.0,7,7:00,740
7769323317,U,OB,1,1,209,290210,38,37:00.0,7,15:00,423
776932394X,U,OB,1,1,166,127403,74,46:00.0,1,6:00,423
7769324215,U,OB,1,1,240,130455,84,05:00.0,6,11:00,465
7769324426,U,OB,1,2,4005,139748,49,07:00.0,5,8:00,415
7769324453,U,OB,1,1,215,290210,38,58:00.0,7,15:00,423
7769324619,U,IB,1,1,710,249155,111,39:00.0,7,9:00,246
7769324637,U,OB,1,1,1520,134689,58,15:00.0,7,4:00,740
7769324700,U,OB,1,1,240,130455,84,12:00.0,6,11:00,465
7769324792,U,CTY,1,1,423,140393,172,24:00.0,5,5:00,145
7769324810,U,OB,1,1,240,130455,84,08:00.0,6,11:00,465
7769324848,U,CTY,1,1,1000,127165,173,34:00.0,4,10:00,315
7769324985,U,OB,1,1,125,136883,58,13:00.0,5,4:00,447
7769325241,U,CTY,1,1,1400,135818,170,02:00.0,3,22:00,885
7769325241,U,IB,1,1,1400,135818,163,03:00.0,3,18:00,885
7769325288,U,CTY,1,1,1400,130864,175,28:00.0,4,15:00,382
7769325526,U,IB,1,1,133,137723,143,34:00.0,7,18:00,100
7769325580,U,OB,1,5,2265,353204,72,34:00.0,7,13:00,435
7769325672,U,OB,1,1,475,430429,96,44:00.0,5,3:00,348
7769325728,U,OB,1,5,1164,131369,18,45:00.0,6,14:00,754
7769325865,U,CTY,1,3,225,261251,192,27:00.0,6,23:00,261
776932625X,U,CTY,1,1,1520,138457,188,40:00.0,6,16:00,272
7769326350,U,OB,1,1,600,128828,73,27:00.0,5,7:00,409
7769326442,U,OB,1,1,452,126618,51,44:00.0,5,9:00,644
7769326561,U,OB,1,1,158,128423,22,09:00.0,5,4:00,423
7769326608,U,CTY,1,2,1130,139779,176,00:00.0,6,14:00,347
7769326653,U,OB,1,1,138,82703,74,28:00.0,4,20:00,422
7769326938,U,OB,1,1,143,82703,74,18:00.0,4,20:00,422
7769327149,U,OB,1,1,589,117716,88,09:00.0,7,6:00,213
7769327414,U,OB,1,3,2225,125758,14,29:00.0,5,14:00,421
7769327441,U,OB,1,1,430,117716,88,44:00.0,7,6:00,213
7769327753,U,IB,1,1,86,128046,118,01:00.0,6,17:00,347
7769327753,U,IB,1,1,86,128046,152,54:00.0,6,16:00,347
7769328092,U,OB,1,1,295,135569,43,18:00.0,1,7:00,518
7769328139,U,OB,1,2,2550,137977,76,39:00.0,6,1:00,740
7769328211,U,CTY,1,1,704,133257,197,13:00.0,6,7:00,211
7769328294,U,CTY,1,1,282,128595,194,56:00.0,7,17:00,152
7769328597,U,IB,1,2,22,128185,113,47:00.0,6,13:00,569
7769328844,U,CTY,1,1,837,126370,231,37:00.0,2,19:00,152
7769328871,U,OB,1,3,1074,127827,89,50:00.0,7,14:00,525
776932900X,U,OB,1,2,1925,133810,88,13:00.0,1,13:00,511
7769329028,U,IB,1,1,1086,135552,105,52:00.0,7,10:00,508
7769329082,U,CTY,1,1,230,139517,184,26:00.0,1,18:00,521
7769329082,U,CTY,1,1,230,139517,168,25:00.0,1,18:00,521
7769329165,U,IB,1,2,2472,128806,149,12:00.0,6,2:00,304
7769329293,U,IB,1,2,95,129678,151,55:00.0,7,12:00,312
7769329349,U,IB,1,1,600,202751,143,57:00.0,7,12:00,347
7769329504,U,OB,1,1,1677,559536,60,56:00.0,4,19:00,422
7769329596,U,OB,1,1,336,842274,46,42:00.0,4,20:00,422
7769329715,U,OB,1,1,460,559536,60,35:00.0,4,20:00,422
7769329935,U,CTY,1,1,226,119911,172,53:00.0,5,22:00,261
7769329980,U,OB,1,1,170,123901,69,07:00.0,5,14:00,411
7769330009,U,OB,1,1,250,131369,18,00:00.0,6,13:00,754
7769330348,U,IB,1,1,510,202751,143,34:00.0,7,12:00,347
7769330420,U,IB,1,1,1275,127387,131,13:00.0,7,6:00,322
7769330687,U,CTY,1,5,6214,127922,197,05:00.0,7,8:00,547
776933076X,U,OB,1,2,2189,117716,88,56:00.0,7,5:00,213
7769330907,U,CTY,1,3,3147,558695,169,29:00.0,7,6:00,547
7769331237,U,IB,1,2,1955,128243,117,48:00.0,7,4:00,616
7769331273,U,CTY,1,1,946,128595,194,04:00.0,7,18:00,152
7769331410,U,CTY,1,2,1736,128712,194,57:00.0,6,15:00,521
7769331475,U,CTY,1,2,3210,131551,196,41:00.0,5,4:00,344
7769331493,U,IB,1,1,730,202751,143,17:00.0,7,13:00,347
7769331567,U,IB,1,1,75,137352,101,18:00.0,6,3:00,455
7769331933,U,IB,1,1,100,128888,145,01:00.0,7,10:00,375
7769331960,U,IB,1,1,1355,119548,116,35:00.0,6,4:00,521
7769331998,U,IB,1,1,450,290255,158,15:00.0,6,12:00,480
7769332034,U,IB,1,1,685,131926,143,15:00.0,1,14:00,408
7769332043,U,CTY,1,4,1262,139731,189,55:00.0,7,10:00,555
7769332153,U,IB,1,1,3300,135781,117,40:00.0,6,23:00,145
7769332456,U,OB,1,1,910,121528,46,25:00.0,6,12:00,447
7769332456,U,CTY,1,1,910,121528,199,07:00.0,1,20:00,447
7769332566,U,IB,1,1,360,133296,163,01:00.0,7,13:00,304
7769332584,U,OB,1,1,500,45680,67,03:00.0,5,11:00,433
7769332703,U,IB,1,3,3180,137455,152,30:00.0,7,3:00,216
7769332730,U,CTY,1,1,156,131229,188,28:00.0,5,12:00,621
7769332914,U,IB,1,1,184,134766,114,52:00.0,6,2:00,203
7769332923,U,CTY,1,3,849,137753,195,34:00.0,6,9:00,326
7769333253,U,IB,1,1,82,135781,117,45:00.0,6,20:00,145
7769333309,U,IB,1,1,462,135311,104,30:00.0,5,8:00,216
7769333390,U,OB,1,1,101,290210,38,39:00.0,7,15:00,423
7769333684,U,IB,1,8,1920,125318,111,04:00.0,6,16:00,508
7769333803,U,OB,1,1,662,82703,74,00:00.0,4,20:00,422
7769333859,U,CTY,1,6,2465,127626,188,30:00.0,2,8:00,875
7769333940,U,CTY,1,1,2154,PASC175379,175,24:00.0,5,10:00,336
7769334079,U,CTY,1,1,1280,290977,197,12:00.0,3,13:00,899
7769334519,U,IB,1,1,2500,131894,103,45:00.0,5,4:00,245
7769334784,U,OB,1,2,1820,123100,40,19:00.0,6,3:00,447
7769334793,U,CTY,1,1,34,126885,174,40:00.0,1,0:00,100
7769335078,U,CTY,1,2,574,290910,195,44:00.0,5,11:00,847
7769335417,U,OB,1,3,1470,R621801606,40,53:00.0,5,9:00,402
776933549X,U,OB,1,1,252,126618,51,15:00.0,5,10:00,644
7769335949,U,IB,1,12,540,125857,113,17:00.0,6,7:00,435
7769336187,U,IB,1,1,180,134633,149,05:00.0,1,21:00,653
7769336214,U,IB,1,4,1437,280883,123,20:00.0,7,7:00,145
7769336351,U,OB,1,1,224,134742,14,22:00.0,5,13:00,423
7769336425,U,CTY,1,1,600,PASC175379,192,54:00.0,6,3:00,309
7769336856,U,IB,1,6,4017,119548,116,38:00.0,6,6:00,521
7769336883,U,IB,1,1,154,134766,114,49:00.0,6,2:00,203
7769336901,U,OB,1,1,1876,135495,60,33:00.0,1,6:00,152
7769336984,U,CTY,1,1,615,136412,195,19:00.0,1,3:00,251
7769336993,U,OB,1,1,115,126288,46,18:00.0,5,15:00,411
7769337195,U,IB,1,1,150,138348,129,06:00.0,4,1:00,653
7769337451,U,CTY,1,5,1147,137753,195,53:00.0,6,9:00,326
7769337498,U,IB,1,4,2147,129911,127,24:00.0,6,10:00,202
7769337516,U,OB,1,1,800,559536,60,58:00.0,4,19:00,422
7769337947,U,CTY,1,1,194,131229,188,25:00.0,5,12:00,621
7769338057,U,IB,1,1,220,129624,150,29:00.0,6,18:00,347
7769338102,U,OB,1,1,238,139748,49,24:00.0,5,6:00,415
7769338203,U,IB,1,1,1020,126998,143,33:00.0,5,20:00,309
7769338497,U,CTY,1,1,650,134948,175,27:00.0,2,23:00,143
7769338533,U,CTY,1,1,20,135215,231,15:00.0,7,20:00,521
7769338533,U,OB,1,1,20,135215,67,31:00.0,6,17:00,521
776933857X,U,IB,1,3,2083,136411,111,23:00.0,5,18:00,653
7769338607,U,CTY,1,1,78,125939,174,23:00.0,5,19:00,251
7769338699,U,OB,1,1,350,131173,86,24:00.0,5,15:00,411
7769338771,U,IB,1,3,2980,138282,131,17:00.0,5,7:00,447
7769338809,U,CTY,1,1,150,41167,169,51:00.0,7,13:00,864
7769338863,U,IB,1,1,457,133936,125,17:00.0,6,22:00,326
7769338964,U,OB,1,1,1450,133275,73,40:00.0,6,3:00,348
7769338973,U,OB,1,1,2882,133989,31,21:00.0,7,7:00,740
7769339074,U,OB,1,1,330,559536,60,30:00.0,4,19:00,422
7769339166,U,OB,1,1,230,559536,60,58:00.0,4,18:00,422
7769339166,U,OB,1,1,230,559536,27,01:00.0,4,19:00,422
7769339312,U,CTY,1,1,132,131787,188,34:00.0,1,5:00,232
7769339359,U,IB,1,1,230,559536,155,26:00.0,4,19:00,422
7769339359,U,OB,1,1,230,559536,60,01:00.0,4,19:00,422
7769339597,U,IB,1,1,230,559536,109,04:00.0,4,19:00,422
7769339597,U,OB,1,1,230,559536,60,59:00.0,4,18:00,422
7769339615,U,CTY,1,1,750,129628,195,20:00.0,7,16:00,650
7769339808,U,OB,1,1,230,559536,13,08:00.0,4,19:00,422
7769339808,U,OB,1,1,230,559536,60,59:00.0,4,18:00,422
7769339817,U,CTY,1,1,1030,140262,187,10:00.0,6,14:00,123
7769339862,U,CTY,1,1,420,131787,188,42:00.0,1,4:00,187
7769339936,U,OB,1,1,480,559536,60,09:00.0,4,20:00,422
7769339963,U,CTY,1,2,2895,CVEN46008,173,45:00.0,7,10:00,198
7769339972,U,OB,1,1,219,122780,84,06:00.0,5,2:00,202
7769340210,U,IB,1,1,325,138282,131,19:00.0,5,7:00,447
7769340311,U,OB,1,1,340,131369,18,56:00.0,6,13:00,754
7769340430,U,CTY,1,1,60,127626,188,32:00.0,2,6:00,875
7769340504,U,CTY,1,1,88,430385,187,40:00.0,2,18:00,198
7769340733,U,OB,1,1,19,137977,76,55:00.0,6,1:00,740
7769341137,U,OB,1,4,2860,136516,89,16:00.0,5,10:00,433
7769341238,U,IB,1,4,6000,136411,111,30:00.0,5,19:00,653
7769341310,U,CTY,1,1,442,127626,188,34:00.0,2,6:00,875
7769341420,U,OB,1,1,2060,122948,78,21:00.0,7,9:00,556
7769341449,U,IB,1,2,4995,123581,111,57:00.0,5,13:00,218
7769341449,U,OB,1,2,4995,123581,97,06:00.0,5,14:00,218
7769341741,U,CTY,1,2,710,133257,197,23:00.0,6,2:00,203
776934187X,U,OB,1,1,92,131369,18,14:00.0,6,13:00,754
7769342338,U,OB,1,1,285,278516,74,52:00.0,5,22:00,402
776934242X,U,OB,1,1,330,127260,90,17:00.0,7,13:00,108
7769342630,U,IB,1,4,3177,261214,125,59:00.0,6,1:00,671
7769342668,U,OB,1,3,3000,131369,18,27:00.0,6,14:00,754
7769342677,U,OB,1,6,15300,126653,51,44:00.0,7,8:00,348
7769342796,U,CTY,1,1,216,126164,210,56:00.0,6,13:00,396
7769342897,U,OB,1,2,1450,530856,73,32:00.0,1,10:00,433
7769342915,U,IB,1,1,1700,128243,117,45:00.0,7,3:00,653
7769343263,U,CTY,1,2,1200,133257,197,40:00.0,6,3:00,211
7769343373,U,IB,1,2,805,126280,116,15:00.0,5,19:00,218
7769343429,U,CTY,1,1,300,135846,192,24:00.0,3,14:00,842
7769343483,U,OB,1,1,240,119426,63,18:00.0,5,3:00,447
776934363X,U,CTY,1,2,838,128286,169,18:00.0,5,19:00,218
776934385X,U,OB,1,1,410,134863,32,22:00.0,5,11:00,409
7769343988,U,IB,1,1,525,128044,103,50:00.0,7,2:00,381
7769344134,U,OB,1,4,1235,137227,40,07:00.0,5,16:00,411
7769344785,U,CTY,1,1,230,261217,174,50:00.0,5,12:00,303
776934550X,U,OB,1,1,1643,136491,22,59:00.0,5,6:00,415
7769345674,U,IB,1,2,1686,138265,104,21:00.0,1,8:00,186
7769345858,U,OB,1,1,945,530419,31,54:00.0,5,22:00,422
7769345903,U,CTY,1,16,2440,118561,168,27:00.0,7,5:00,851
7769346031,U,OB,1,1,125,127403,74,31:00.0,1,6:00,728
7769346078,U,OB,1,3,725,127079,38,51:00.0,5,8:00,421
7769346325,U,OB,1,1,1200,140040,55,32:00.0,5,3:00,432
7769346370,U,OB,1,3,2400,820869,89,43:00.0,4,18:00,422
7769346765,U,OB,1,2,1274,139511,40,48:00.0,7,4:00,615
7769346866,U,OB,1,4,960,136967,69,20:00.0,4,8:00,432
7769346893,U,IB,1,1,462,82703,119,22:00.0,4,20:00,422
7769346893,U,IB,1,1,462,82703,119,22:00.0,4,20:00,422
7769347095,U,CTY,1,1,306,123631,196,22:00.0,1,4:00,223
7769347847,U,OB,1,1,120,276230,38,07:00.0,5,19:00,754
7769348323,U,OB,1,3,720,140040,55,15:00.0,5,5:00,432
7769348516,U,CTY,1,1,235,131595,196,28:00.0,3,3:00,834
7769348561,U,CTY,1,2,3805,261400,187,51:00.0,5,13:00,303
7769348671,U,IB,1,1,1140,137913,135,07:00.0,7,8:00,890
7769348680,U,OB,1,1,695,137545,43,34:00.0,5,16:00,423
7769348983,U,OB,1,1,258,842274,46,34:00.0,4,20:00,422
7769349001,U,OB,1,5,1094,140067,95,21:00.0,6,0:00,218
7769349010,U,OB,1,1,2100,134183,67,37:00.0,1,8:00,432
7769349066,U,IB,1,1,528,129624,150,15:00.0,6,18:00,347
7769349093,U,IB,1,1,1144,280883,123,41:00.0,7,7:00,145
7769349158,U,OB,1,1,850,390072,55,53:00.0,5,21:00,422
7769349762,U,CTY,1,2,464,558695,169,55:00.0,7,6:00,431
7769349809,U,CTY,1,1,275,PASC634013,175,15:00.0,7,20:00,230
7769349982,U,OB,1,1,111,136883,58,49:00.0,5,4:00,447
7769350065,U,OB,1,1,350,850203,18,43:00.0,6,9:00,415
7769350193,U,OB,1,1,972,122780,84,21:00.0,5,1:00,202
7769350276,U,OB,1,2,2375,124141,67,13:00.0,6,8:00,447
7769350294,U,OB,1,2,1472,122780,84,02:00.0,5,2:00,202
7769350321,U,OB,1,4,400,560225,14,14:00.0,7,10:00,447
7769350505,U,CTY,1,1,425,136973,188,26:00.0,7,5:00,153
7769350660,U,CTY,1,3,3072,123975,169,35:00.0,5,14:00,318
7769350936,U,OB,1,1,2515,137227,40,21:00.0,5,16:00,411
7769350963,U,IB,1,7,509,126870,143,11:00.0,5,22:00,841
7769351376,U,IB,1,1,2056,138491,133,26:00.0,4,3:00,805
7769351531,U,CTY,1,1,500,123631,196,55:00.0,1,4:00,223
7769351614,U,OB,1,4,6800,291194,90,30:00.0,6,13:00,243
7769351724,U,IB,1,2,575,558206,125,27:00.0,5,18:00,531
7769352072,U,OB,1,4,3640,123067,46,50:00.0,6,17:00,644
7769352090,U,CTY,1,1,150,131595,196,34:00.0,3,4:00,830
7769352559,U,OB,1,1,259,119426,63,49:00.0,5,3:00,447
7769352934,U,CTY,1,2,1926,125225,197,09:00.0,7,4:00,187
7769353008,U,CTY,1,1,814,290977,197,37:00.0,3,13:00,899
7769353109,U,IB,1,2,3200,139876,149,47:00.0,6,18:00,289
7769353136,U,OB,1,2,345,137093,63,35:00.0,5,23:00,740
7769353154,U,CTY,1,1,288,291200,188,38:00.0,5,22:00,324
7769353163,U,OB,1,1,200,00DOCK,23,16:00.0,3,21:00,422
7769353439,U,IB,1,2,400,135543,163,57:00.0,7,0:00,534
7769353549,U,CTY,1,6,144,127626,188,35:00.0,2,7:00,875
7769353567,U,OB,1,1,277,136883,58,41:00.0,5,4:00,447
7769353695,U,CTY,1,1,505,211132,173,06:00.0,6,15:00,314
7769353769,U,IB,1,1,110,129911,127,33:00.0,6,6:00,202
7769353933,U,OB,1,1,466,82703,74,14:00.0,4,20:00,422
7769353942,U,OB,1,1,50,129663,22,09:00.0,6,17:00,754
7769353989,U,OB,1,1,50,129725,53,12:00.0,5,16:00,433
7769353998,U,OB,1,1,1245,130443,88,28:00.0,6,9:00,202
7769354218,U,OB,1,1,110,126288,46,24:00.0,5,15:00,411
7769354272,U,IB,1,2,948,130933,131,34:00.0,3,1:00,890
7769354465,U,CTY,1,2,2409,431077,173,31:00.0,7,18:00,547
7769354602,U,IB,1,1,97,132855,113,22:00.0,7,10:00,890
7769354804,U,OB,1,4,7815,558293,50,22:00.0,5,1:00,422
7769354932,U,OB,1,1,40,559414,96,27:00.0,1,14:00,695
776935496X,U,CTY,1,2,6070,136973,188,30:00.0,7,5:00,112
7769355199,U,OB,1,1,259,133275,73,02:00.0,6,4:00,348
7769355354,U,OB,1,1,985,131437,32,47:00.0,6,14:00,421
7769355639,U,OB,1,4,2933,842274,46,26:00.0,4,21:00,422
7769355693,U,IB,1,1,1764,125980,131,45:00.0,2,9:00,303
7769355895,U,IB,1,1,1287,133513,111,07:00.0,3,21:00,266
7769356005,U,OB,1,1,470,134863,32,00:00.0,5,12:00,409
7769356189,U,CTY,1,12,12900,137753,195,03:00.0,6,9:00,326
7769356261,U,OB,1,1,2705,132130,39,14:00.0,6,8:00,432
7769356371,U,OB,1,1,142,842274,46,39:00.0,4,20:00,422
7769356418,U,IB,1,1,2560,137528,127,27:00.0,3,9:00,805
7769356692,U,OB,1,2,154,123183,55,48:00.0,7,10:00,411
7769356701,U,IB,1,2,700,127775,151,18:00.0,1,20:00,881
7769356701,U,CTY,1,2,700,127775,192,21:00.0,1,22:00,881
7769356820,U,IB,1,3,12085,140091,133,28:00.0,2,0:00,604
7769356968,U,IB,1,1,510,140037,112,47:00.0,3,9:00,182
776935716X,U,OB,1,1,1702,138679,49,45:00.0,6,3:00,421
7769357242,U,CTY,1,1,275,130753,187,58:00.0,3,9:00,898
776935738X,U,OB,1,2,2615,261017,63,53:00.0,6,6:00,433
7769357462,U,OB,1,1,114,131859,22,40:00.0,6,9:00,411
7769357637,U,OB,1,3,2286,842274,46,50:00.0,4,20:00,422
7769357920,U,IB,1,1,180,137467,117,31:00.0,7,22:00,891
776935793X,U,OB,1,1,426,123100,40,20:00.0,6,4:00,447
7769358113,U,OB,1,4,3765,559046,72,27:00.0,5,21:00,422
7769358196,U,CTY,1,1,551,139958,172,36:00.0,7,3:00,740
7769358223,U,IB,1,1,2295,129895,111,23:00.0,7,13:00,216
7769358407,U,CTY,1,1,339,261251,192,49:00.0,6,20:00,261
7769358544,U,CTY,1,2,2200,125579,188,24:00.0,7,19:00,312
7769358672,U,IB,1,1,58,122820,141,33:00.0,1,20:00,232
7769358791,U,OB,1,1,260,134183,67,23:00.0,1,6:00,432
7769358838,U,OB,1,1,1393,128416,40,43:00.0,7,14:00,521
776935892X,U,OB,1,4,4775,136776,50,07:00.0,7,8:00,433
7769359094,U,CTY,1,2,485,121722,172,29:00.0,4,20:00,381
7769359130,U,OB,1,1,150,82703,74,40:00.0,4,20:00,422
7769359269,U,OB,1,1,510,134832,89,38:00.0,5,13:00,435
7769359534,U,CTY,1,2,600,201100,175,24:00.0,6,11:00,244
7769359709,U,OB,1,1,2350,128090,26,56:00.0,7,11:00,433
7769359754,U,IB,1,2,963,139699,164,49:00.0,1,17:00,881
7769359781,U,IB,1,1,75,127344,151,22:00.0,6,21:00,881
7769359781,U,IB,1,1,75,127344,165,23:00.0,6,21:00,881
776935980X,U,OB,1,1,720,131208,55,10:00.0,6,21:00,432
776935980X,U,OB,1,1,720,131208,98,56:00.0,7,6:00,432
7769359837,U,IB,1,1,1070,138544,105,17:00.0,3,14:00,841
7769360039,U,IB,1,1,264,129628,154,46:00.0,4,8:00,881
7769360039,U,IB,1,1,264,129628,154,46:00.0,4,8:00,881
7769360066,U,CTY,1,1,766,132320,169,11:00.0,1,8:00,881
7769360295,U,IB,1,1,1413,135329,163,19:00.0,2,0:00,126
7769360387,U,OB,1,4,3900,261094,60,58:00.0,6,16:00,402
7769360441,U,IB,1,1,292,139699,164,10:00.0,1,18:00,881
7769360652,U,CTY,1,1,836,132320,169,06:00.0,1,8:00,881
7769360744,U,CTY,1,1,274,132320,169,32:00.0,1,8:00,881
7769361249,U,IB,1,1,80,127174,131,56:00.0,1,9:00,569
7769361321,U,OB,1,1,670,249014,67,36:00.0,6,4:00,187
7769361532,U,IB,1,1,250,139699,164,26:00.0,1,18:00,881
7769361606,U,IB,1,1,625,137352,101,50:00.0,6,1:00,455
7769361698,U,OB,1,1,568,126487,17,29:00.0,6,6:00,435
7769362266,U,IB,1,5,3530,138544,105,26:00.0,3,15:00,841
776936233X,U,IB,1,3,595,136876,129,14:00.0,1,11:00,890
7769362376,U,OB,1,1,85,290157,53,25:00.0,7,13:00,740
7769362569,U,OB,1,2,210,290056,76,36:00.0,4,1:00,705
7769362715,U,OB,1,1,1397,139967,67,43:00.0,7,21:00,521
7769362715,U,OB,1,1,1397,139967,87,01:00.0,1,3:00,521
7769363393,U,OB,1,1,2848,842029,63,38:00.0,5,19:00,422
7769364668,U,OB,1,1,450,121400,16,06:00.0,6,17:00,432
7769364668,U,OB,1,1,450,121400,51,45:00.0,6,11:00,432
7769364704,U,IB,1,2,60,129678,151,24:00.0,7,12:00,312
7769364769,U,IB,1,4,3973,137774,145,22:00.0,3,14:00,642
7769364915,U,CTY,1,2,660,123631,196,26:00.0,1,3:00,261
7769364915,U,CTY,1,2,660,123631,183,41:00.0,1,3:00,261
776936541X,U,IB,1,1,50,129678,151,00:00.0,7,9:00,312
7769365575,U,IB,1,1,268,136765,151,11:00.0,7,18:00,682
7769366060,U,OB,1,1,615,128416,40,37:00.0,7,15:00,521
7769366208,U,IB,1,1,150,129678,151,12:00.0,7,12:00,312
7769366262,U,IB,1,1,100,131089,112,22:00.0,7,10:00,216
7769366648,U,CTY,1,1,284,125237,189,28:00.0,3,14:00,569
7769367427,U,OB,1,1,85,127525,50,18:00.0,1,4:00,402
7769367546,U,CTY,1,1,50,125579,188,11:00.0,7,21:00,312
776936772X,U,CTY,1,3,3900,281030,189,24:00.0,6,18:00,318
7769367986,U,OB,1,1,640,560027,66,38:00.0,5,19:00,422
7769368069,U,OB,1,2,329,560027,66,54:00.0,5,19:00,422
7769368224,U,CTY,1,1,91,125047,192,08:00.0,6,18:00,322
7769368307,U,OB,1,3,5085,133172,51,40:00.0,6,6:00,432
7769368435,U,OB,1,1,136,560027,66,21:00.0,5,20:00,422
776936871X,U,IB,1,2,5366,135329,163,03:00.0,2,1:00,135
7769368765,U,CTY,1,50,1400,PASC634013,175,14:00.0,7,22:00,309
7769369122,U,IB,1,3,930,136097,149,19:00.0,7,8:00,326
7769369553,U,OB,1,1,1860,140332,95,50:00.0,7,15:00,213
776936970X,U,OB,1,1,1064,123090,58,22:00.0,6,10:00,292
776936992X,U,OB,1,1,111,134634,39,43:00.0,6,13:00,411
7769370112,U,OB,1,3,6605,138421,63,33:00.0,7,12:00,402
7769370341,U,IB,1,1,644,140226,125,48:00.0,7,16:00,218
7769370406,U,OB,1,1,2204,135556,49,45:00.0,7,6:00,432
7769370406,U,OB,1,1,2204,135556,92,30:00.0,7,9:00,432
7769370460,U,CTY,1,2,100,138928,175,56:00.0,6,16:00,324
7769370644,U,OB,1,4,5712,137083,26,40:00.0,6,16:00,421
7769371295,U,CTY,1,1,300,202154,195,44:00.0,6,18:00,315
7769371405,U,IB,1,1,210,135983,116,27:00.0,6,19:00,431
7769371744,U,CTY,1,1,266,128325,196,42:00.0,2,2:00,178
7769371827,U,IB,1,1,74,129678,151,38:00.0,7,8:00,312
7769371863,U,CTY,1,1,250,131437,O4  ,33:00.0,7,4:00,421
7769371863,U,OB,1,1,250,131437,32,34:00.0,6,14:00,421
7769371928,U,CTY,1,1,335,125047,192,54:00.0,6,15:00,322
776937201X,U,OB,1,1,850,132130,39,32:00.0,6,7:00,432
7769372651,U,IB,1,1,25,129678,151,41:00.0,7,12:00,312
7769372716,U,CTY,1,5,965,134524,169,54:00.0,1,3:00,261
7769373275,U,IB,1,1,1152,131932,123,57:00.0,7,19:00,381
7769373513,U,CTY,1,1,2185,PASC634534,176,48:00.0,1,22:00,303
7769373596,U,OB,1,4,960,138679,49,02:00.0,6,10:00,421
7769373742,U,IB,1,3,2059,132136,113,48:00.0,2,0:00,616
7769374842,U,CTY,1,1,170,127543,196,47:00.0,1,18:00,256
7769374925,U,CTY,1,1,320,CVEN46008,173,08:00.0,7,11:00,135
7769374934,U,OB,1,1,640,820869,74,17:00.0,5,20:00,422
7769375026,U,IB,1,2,697,128243,117,18:00.0,7,4:00,653
7769375347,U,OB,1,1,510,129611,88,11:00.0,2,9:00,160
7769375612,U,CTY,1,3,72,125579,188,06:00.0,7,21:00,312
7769375915,U,OB,1,1,127,139967,67,37:00.0,7,21:00,521
7769376355,U,CTY,1,1,5,202296,231,04:00.0,1,1:00,525
7769376355,U,OB,1,1,5,202296,43,24:00.0,7,0:00,525
7769376382,U,IB,1,1,266,131932,123,10:00.0,7,21:00,381
7769376391,U,OB,1,1,208,125624,55,54:00.0,4,17:00,423
7769376566,U,OB,1,1,85,135900,38,23:00.0,7,4:00,423
7769376759,U,CTY,1,7,8047,132969,172,47:00.0,1,9:00,621
7769376777,U,CTY,1,1,297,139958,172,26:00.0,7,3:00,740
7769376786,U,IB,1,2,543,290212,135,05:00.0,1,7:00,213
7769376896,U,OB,1,4,1064,842193,51,02:00.0,6,3:00,422
7769376905,U,CTY,1,1,1980,133185,174,17:00.0,7,15:00,532
7769377051,U,CTY,1,3,1637,125237,189,39:00.0,3,13:00,569
7769377208,U,OB,1,1,382,132138,76,58:00.0,7,17:00,402
7769377318,U,CTY,1,2,814,123777,168,32:00.0,6,16:00,322
7769377657,U,CTY,1,1,42,125579,188,01:00.0,7,21:00,312
7769377684,U,CTY,1,2,430,127543,196,56:00.0,1,17:00,256
7769377859,U,CTY,1,1,114,125579,188,04:00.0,7,21:00,312
776937806X,U,IB,1,1,590,134735,143,39:00.0,3,15:00,882
7769378546,U,IB,1,1,50,129678,151,51:00.0,7,12:00,312
7769378811,U,OB,1,1,385,821149,90,59:00.0,5,21:00,422
7769379141,U,OB,1,1,220,842082,67,39:00.0,5,18:00,422
7769379179,U,OB,1,2,480,821149,90,02:00.0,5,22:00,422
7769379215,U,OB,1,1,850,133902,49,07:00.0,1,6:00,754
7769379298,U,IB,1,1,620,121724,133,41:00.0,1,6:00,521
7769379325,U,CTY,1,1,645,125169,191,26:00.0,2,17:00,289
7769379325,U,CTY,1,1,645,125169,191,26:00.0,2,17:00,289
776937938X,U,OB,1,1,280,138679,49,58:00.0,6,6:00,421
7769379399,U,CTY,1,1,1800,125237,189,20:00.0,3,13:00,569
7769379911,U,OB,1,1,240,820869,74,51:00.0,5,19:00,422
7769380012,U,OB,1,1,619,128416,40,12:00.0,7,16:00,521
776938037X,U,IB,1,1,90,129905,104,06:00.0,2,16:00,187
7769380609,U,IB,1,1,1485,140226,125,21:00.0,7,17:00,218
7769380690,U,IB,1,1,12,125180,152,54:00.0,5,12:00,875
776938081X,U,IB,1,1,222,132779,103,13:00.0,6,19:00,243
7769380939,U,OB,1,1,218,139967,67,16:00.0,7,23:00,521
7769381094,U,CTY,1,1,150,202455,187,06:00.0,7,11:00,685
7769381222,U,IB,1,1,950,130933,131,44:00.0,3,0:00,894
776938125X,U,OB,1,5,1359,140045,32,00:00.0,5,16:00,433
7769381397,U,OB,1,2,600,830967,76,16:00.0,7,0:00,422
7769381543,U,CTY,1,1,354,136412,195,56:00.0,1,7:00,356
776938158X,U,OB,1,1,1170,125319,31,15:00.0,1,10:00,402
7769381644,U,CTY,1,3,1187,41422,168,31:00.0,4,7:00,847
7769381745,U,CTY,1,1,93,211043,175,20:00.0,3,21:00,347
7769381864,U,OB,1,1,697,136182,60,51:00.0,6,9:00,415
7769381974,U,OB,1,1,1655,135237,63,55:00.0,6,23:00,685
7769382102,U,IB,1,2,38,127174,131,21:00.0,1,12:00,569
776938279X,U,CTY,1,5,9435,130640,194,49:00.0,4,22:00,833
7769382964,U,CTY,1,1,365,131208,173,47:00.0,3,12:00,813
7769383330,U,CTY,1,1,100,125225,197,21:00.0,7,4:00,218
7769383395,U,IB,1,2,1270,140226,125,29:00.0,7,18:00,218
7769383431,U,OB,1,4,1190,560027,66,16:00.0,5,21:00,422
7769383478,U,CTY,1,1,567,211066,175,08:00.0,2,11:00,875
7769383743,U,OB,1,1,226,136263,75,53:00.0,6,11:00,409
7769383871,U,IB,1,1,635,140226,125,20:00.0,7,18:00,218
7769383963,U,OB,1,1,160,140365,74,45:00.0,2,3:00,695
7769384430,U,OB,1,1,532,560027,66,34:00.0,5,21:00,422
776938444X,U,OB,1,1,496,132138,76,31:00.0,1,3:00,402
7769384688,U,OB,1,1,3350,290935,38,51:00.0,6,17:00,754
7769384742,U,CTY,1,1,650,129537,196,21:00.0,7,19:00,153
7769384751,U,OB,1,1,999,123090,58,29:00.0,6,10:00,292
776938477X,U,OB,1,1,340,560027,66,33:00.0,5,21:00,422
7769384843,U,IB,1,4,490,129751,111,11:00.0,7,21:00,186
7769385027,U,OB,1,1,1300,132875,66,27:00.0,1,7:00,644
7769385191,U,OB,1,1,300,136349,78,52:00.0,1,14:00,187
7769385238,U,OB,1,2,100,127403,74,29:00.0,1,7:00,423
7769385375,U,OB,1,1,1460,140332,95,37:00.0,7,18:00,213
7769385568,U,CTY,1,1,375,131787,188,04:00.0,1,4:00,211
7769385577,U,OB,1,2,750,291042,73,02:00.0,1,2:00,455
776938587X,U,OB,1,1,100,261017,63,50:00.0,6,3:00,433
776938620X,U,CTY,1,1,483,135193,173,47:00.0,1,4:00,861
7769386228,U,CTY,1,1,140,125225,197,20:00.0,7,3:00,232
7769386264,U,CTY,1,1,174,211043,175,00:00.0,3,21:00,347
7769386264,U,CTY,1,1,174,211043,183,01:00.0,3,21:00,347
7769386273,U,IB,1,1,1064,118550,129,04:00.0,7,21:00,653
7769386466,U,OB,1,1,200,136349,78,42:00.0,1,20:00,187
7769386567,U,OB,1,1,770,730114,45,48:00.0,5,20:00,422
7769386567,U,OB,1,1,770,730114,39,41:00.0,5,18:00,422
7769386603,U,CTY,1,1,360,129537,196,19:00.0,7,18:00,153
7769386621,U,IB,1,1,300,132504,150,41:00.0,5,5:00,820
7769386659,U,CTY,1,2,1070,133495,175,03:00.0,4,4:00,847
7769386695,U,CTY,1,1,647,136973,188,32:00.0,7,4:00,158
7769386704,U,IB,1,2,1400,128543,149,30:00.0,1,14:00,347
7769386769,U,OB,1,1,2100,135237,63,08:00.0,7,1:00,685
7769386850,U,CTY,1,1,1008,290367,169,27:00.0,6,19:00,251
776938686X,U,OB,1,1,381,530697,60,38:00.0,5,19:00,422
7769387180,U,IB,1,1,195,128076,163,38:00.0,3,3:00,312
7769387429,U,IB,1,2,2980,132779,103,23:00.0,6,19:00,243
7769387566,U,OB,1,1,125,560027,66,42:00.0,5,19:00,422
7769387878,U,IB,1,3,1197,134476,103,48:00.0,1,8:00,213
7769388116,U,CTY,1,1,132,133819,195,27:00.0,6,20:00,857
7769388711,U,CTY,1,5,4364,137129,208,30:00.0,2,9:00,152
7769388711,U,CTY,1,5,4364,137129,172,17:00.0,2,6:00,152
7769389216,U,OB,1,1,50,128090,26,26:00.0,7,10:00,433
7769389555,U,IB,1,1,500,136876,129,09:00.0,1,11:00,890
7769389692,U,OB,1,1,1200,127403,74,35:00.0,1,7:00,423
7769389986,U,IB,1,2,3370,121724,133,54:00.0,1,8:00,521
7769390352,U,OB,1,5,1360,903811,88,11:00.0,6,19:00,218
7769390509,U,CTY,1,1,450,134902,169,44:00.0,1,20:00,557
7769390646,U,IB,1,1,6,134633,149,04:00.0,1,21:00,149
7769390655,U,OB,1,1,282,140096,67,26:00.0,7,13:00,411
7769390729,U,CTY,1,1,700,138292,195,42:00.0,4,16:00,633
7769390738,U,OB,1,1,136,129663,22,58:00.0,6,17:00,754
7769390801,U,CTY,1,1,585,134524,169,31:00.0,1,3:00,261
7769391196,U,OB,1,1,285,126165,90,18:00.0,1,19:00,186
7769391324,U,IB,1,1,450,135329,163,17:00.0,2,2:00,152
776939170X,U,CTY,1,1,220,138928,175,08:00.0,6,16:00,324
7769391856,U,IB,1,1,226,129678,151,09:00.0,7,13:00,312
7769391957,U,CTY,1,2,2350,134948,175,54:00.0,3,2:00,272
7769392195,U,OB,1,8,1920,134183,67,40:00.0,1,9:00,432
7769392828,U,CTY,1,1,128,125169,175,03:00.0,2,15:00,160
7769392974,U,OB,1,2,1418,530697,60,06:00.0,5,19:00,422
7769393515,U,CTY,1,2,1374,261251,192,39:00.0,6,22:00,261
7769393589,U,OB,1,1,300,130580,63,27:00.0,6,19:00,730
7769393598,U,OB,1,1,422,135994,22,29:00.0,1,1:00,414
7769393928,U,OB,1,10,7961,261094,60,17:00.0,6,16:00,402
776939412X,U,CTY,1,9,216,130753,187,08:00.0,3,8:00,875
7769394139,U,CTY,1,2,2235,125307,195,54:00.0,2,2:00,878
7769394871,U,CTY,1,1,543,PASC634013,175,20:00.0,7,14:00,309
7769395129,U,IB,1,8,4665,127614,145,52:00.0,7,17:00,431
7769395138,U,OB,1,1,372,290157,53,23:00.0,7,13:00,740
7769395715,U,OB,1,1,2550,530856,73,57:00.0,1,11:00,433
7769395798,U,IB,1,6,5025,125180,152,24:00.0,5,12:00,875
7769395917,U,CTY,1,6,120,130753,187,24:00.0,3,5:00,875
7769396027,U,IB,1,1,1520,127791,111,48:00.0,1,4:00,642
7769396137,U,CTY,1,1,842,249155,209,31:00.0,7,17:00,246
7769396137,U,IB,1,1,842,249155,111,10:00.0,7,7:00,246
7769396155,U,OB,1,1,772,353225,40,55:00.0,1,12:00,447
7769396348,U,OB,1,1,290,132130,39,00:00.0,6,8:00,432
7769396393,U,IB,1,1,760,132073,127,30:00.0,7,18:00,244
7769396485,U,CTY,1,1,105,133267,192,05:00.0,3,10:00,889
7769396503,U,OB,1,1,35,136182,60,13:00.0,6,6:00,415
7769396907,U,OB,1,1,350,133432,46,06:00.0,3,3:00,409
7769397109,U,CTY,1,1,406,430385,187,21:00.0,2,20:00,205
7769397273,U,OB,1,2,1356,132875,66,15:00.0,1,10:00,644
7769397410,U,IB,1,1,20,129678,151,37:00.0,7,12:00,312
7769403882,U,CTY,1,4,1410,278601,169,22:00.0,4,1:00,347
7769403938,U,CTY,1,3,410,211329,169,29:00.0,3,6:00,347
7769404185,U,CTY,1,1,245,115866,174,34:00.0,4,12:00,347
7769404322,U,IB,1,11,2325,128046,152,06:00.0,6,19:00,347
7769404450,U,IB,1,6,1262,128046,152,45:00.0,6,18:00,347
7769404670,U,CTY,1,7,1460,41167,169,35:00.0,7,16:00,347
7769404699,U,CTY,1,8,1745,41167,169,00:00.0,7,16:00,347
7769404753,U,CTY,1,9,1795,41167,169,23:00.0,7,16:00,347
7769404762,U,IB,1,7,1355,131926,143,08:00.0,1,15:00,347
7769405211,U,CTY,1,5,585,41167,169,36:00.0,7,16:00,347
776940534X,U,CTY,1,7,1702,41167,169,57:00.0,7,15:00,347
7769406513,U,CTY,1,6,613,138297,184,33:00.0,4,6:00,347
7769406513,U,IB,1,6,613,138297,141,10:00.0,4,4:00,347
7769406899,U,CTY,1,8,2360,139875,172,40:00.0,6,14:00,347
7769407301,U,IB,1,4,679,130833,158,11:00.0,4,0:00,347
7769407806,U,IB,1,4,623,130833,158,27:00.0,3,22:00,347
7769407907,U,IB,1,6,1245,131434,163,51:00.0,2,1:00,347
7769407907,U,CTY,1,6,1245,131434,187,21:00.0,3,0:00,347
7769408080,U,IB,1,14,3135,130833,158,32:00.0,4,0:00,347
7769408127,U,IB,1,5,1159,130833,158,19:00.0,4,1:00,347
7769408677,U,CTY,1,7,1485,128174,197,18:00.0,3,8:00,347
7769409153,U,CTY,1,4,968,137512,188,27:00.0,3,5:00,347
7769409281,U,IB,1,6,1475,134599,127,12:00.0,1,7:00,347
7769409566,U,CTY,1,18,3380,130965,172,54:00.0,2,21:00,347
7769409602,U,CTY,1,13,2245,140310,202,53:00.0,3,21:00,347
776940974X,U,CTY,1,3,1436,140310,202,50:00.0,3,19:00,347
776940985X,U,CTY,1,6,1332,140310,202,50:00.0,3,19:00,347
7769410024,U,CTY,1,12,2496,140310,202,16:00.0,3,22:00,347
7769410208,U,CTY,1,10,1750,140310,202,43:00.0,3,22:00,347
776941040X,U,CTY,1,9,1370,137512,188,08:00.0,3,6:00,347
776941084X,U,IB,1,9,6410,131735,141,46:00.0,6,17:00,347
7769410895,U,IB,1,8,906,131735,141,44:00.0,6,17:00,347
7769410904,U,IB,1,5,900,131735,141,47:00.0,6,17:00,347
7769410978,U,IB,1,5,783,131078,145,10:00.0,6,18:00,347
7769411261,U,IB,1,13,1795,131735,141,45:00.0,6,17:00,347
7769411371,U,IB,1,10,2330,131078,145,06:00.0,6,17:00,347
7769498098,U,OB,1,1,765,135730,52,41:00.0,3,0:00,433
7769498116,U,OB,1,1,257,135730,52,48:00.0,3,0:00,433
7769498125,U,OB,1,1,187,129500,49,35:00.0,3,3:00,433
7769498125,U,OB,1,1,187,129500,95,36:00.0,3,15:00,433
7769498134,U,OB,1,1,1785,202196,49,30:00.0,4,6:00,433
776949818X,U,OB,1,2,473,136516,89,53:00.0,5,8:00,433
7769498199,U,OB,1,1,761,261017,63,40:00.0,6,4:00,433
7769498208,U,OB,1,1,224,261017,63,37:00.0,6,4:00,433
7769498235,U,OB,1,1,153,127193,84,53:00.0,7,12:00,433
7769498244,U,OB,1,2,3055,127193,84,18:00.0,7,9:00,433
7769498253,U,OB,1,4,7765,290367,76,09:00.0,3,8:00,433
7769498271,U,OB,1,1,540,290367,76,47:00.0,3,7:00,433
776949829X,U,OB,1,1,706,128075,51,38:00.0,5,3:00,433
7769498372,U,IB,1,1,135,530159,105,56:00.0,7,7:00,433
7769498381,U,IB,1,1,103,530159,105,13:00.0,7,8:00,433
7769498437,U,OB,1,2,2013,126443,84,45:00.0,6,12:00,433
7769569405,U,CTY,1,2,477,291058,175,59:00.0,2,7:00,201
7769569551,U,CTY,1,1,639,128714,187,56:00.0,3,23:00,201
7769569560,U,CTY,1,4,1422,128714,187,25:00.0,4,0:00,201
7769569560,U,CTY,1,4,1422,128714,177,58:00.0,4,5:00,201
7769569872,U,IB,1,3,1207,127764,123,37:00.0,5,7:00,203
7769570440,U,CTY,1,1,222,202076,189,25:00.0,1,12:00,201
776957045X,U,OB,1,1,426,126711,86,50:00.0,3,1:00,201
7769570523,U,IB,1,3,882,134163,143,40:00.0,4,19:00,201
7769570541,U,IB,1,3,1224,134163,143,11:00.0,4,19:00,201
7769611984,U,CTY,1,1,21,132111,188,47:00.0,6,0:00,153
7769614267,U,CTY,1,1,47,138837,192,35:00.0,1,19:00,153
7769752207,U,CTY,1,6,5940,138704,192,25:00.0,2,20:00,123
7769752225,U,OB,1,8,8580,138444,87,35:00.0,1,22:00,123
7769778111,U,IB,1,8,5175,123259,121,26:00.0,3,12:00,244
7769778149,U,IB,1,6,2150,131451,127,19:00.0,5,4:00,244
7769778149,U,IB,1,6,2150,131451,121,08:00.0,5,6:00,244
7769778176,U,IB,1,3,1547,131451,127,54:00.0,5,3:00,244
7769778212,U,IB,1,5,2490,290300,145,56:00.0,6,21:00,244
7769778221,U,CTY,1,6,2040,136059,175,16:00.0,3,16:00,244
7769778396,U,IB,1,3,1447,132113,143,33:00.0,7,20:00,244
7769778479,U,IB,1,4,1714,128350,133,23:00.0,6,15:00,244
7769797619,U,CTY,1,1,457,138134,188,33:00.0,2,18:00,312
7769797646,U,CTY,1,1,250,125775,194,18:00.0,1,22:00,312
776979771X,U,CTY,1,1,47,290117,188,30:00.0,3,13:00,312
776979782X,U,IB,1,1,324,904236,151,27:00.0,6,13:00,312
7769797866,U,IB,1,1,218,904236,151,57:00.0,6,13:00,312
7769848823,U,OB,1,1,1255,280407,90,52:00.0,5,7:00,525
7769849061,U,OB,1,3,2035,290937,14,58:00.0,7,10:00,525
7769849272,U,OB,1,1,726,131836,89,38:00.0,4,20:00,525
7769849658,U,OB,1,1,324,290553,78,43:00.0,2,11:00,525
7769849667,U,OB,1,1,241,290553,78,54:00.0,2,11:00,525
7769849777,U,OB,1,1,100,127827,89,29:00.0,7,15:00,525
7769849905,U,OB,1,2,2715,128129,84,36:00.0,1,17:00,525
7769850529,U,CTY,1,2,1659,123733,194,32:00.0,7,12:00,525
7769851032,U,IB,1,1,125,290103,129,50:00.0,5,20:00,525
7769852031,U,IB,1,1,242,261138,145,46:00.0,5,1:00,525
776985205X,U,OB,1,1,1433,140210,73,06:00.0,7,15:00,525
7769852105,U,OB,1,1,1901,140210,73,52:00.0,7,12:00,525
7769852334,U,IB,1,1,360,261138,145,50:00.0,5,1:00,525
7769853131,U,IB,1,1,400,137512,143,14:00.0,6,11:00,525
7769853140,U,IB,1,1,965,137512,143,54:00.0,6,11:00,525
7769854781,U,OB,1,1,155,131836,89,35:00.0,4,20:00,525
7769856799,U,OB,1,1,127,140210,73,55:00.0,7,18:00,525
7769856871,U,IB,1,1,339,261138,145,57:00.0,5,6:00,525
7769857091,U,OB,1,1,166,140210,73,39:00.0,7,18:00,525
7769858943,U,OB,1,2,292,138604,38,48:00.0,5,16:00,525
776986272X,U,OB,1,1,335,280407,90,44:00.0,5,6:00,525
7769864077,U,IB,1,3,745,125008,135,42:00.0,4,10:00,525
7769864214,U,OB,1,1,104,127827,89,24:00.0,7,15:00,525
776986426X,U,IB,1,1,189,137512,143,22:00.0,6,11:00,525
7769864342,U,OB,1,1,92,128129,84,06:00.0,1,16:00,525
7769864526,U,OB,1,2,254,135645,89,33:00.0,7,5:00,525
7769864571,U,OB,1,2,542,135645,89,19:00.0,7,5:00,525
7769864571,U,OB,1,2,542,135645,30,10:00.0,2,9:00,525
7769864672,U,CTY,1,1,388,130828,172,50:00.0,1,12:00,525
7769865130,U,OB,1,1,352,127827,89,41:00.0,7,15:00,525
7769867029,U,OB,1,2,1785,140210,73,03:00.0,7,13:00,525
7769867799,U,OB,1,2,2840,280407,42,00:00.0,5,8:00,525
7769867799,U,OB,1,2,2840,280407,42,00:00.0,5,8:00,525
7769868540,U,IB,1,1,261,261138,145,07:00.0,5,3:00,525
7769871602,U,OB,1,7,3180,140210,73,03:00.0,7,15:00,525
7769872987,U,OB,1,1,1861,140210,73,25:00.0,7,14:00,525
7769875012,U,CTY,1,5,3005,130828,172,01:00.0,1,11:00,525
7769877533,U,OB,1,1,164,135645,89,34:00.0,7,4:00,525
7769877735,U,IB,1,1,260,135492,141,15:00.0,7,11:00,525
7769877762,U,IB,1,1,90,136642,164,52:00.0,3,4:00,525
7769878000,U,OB,1,1,360,135958,84,50:00.0,4,21:00,525
7769878276,U,OB,1,1,89,135958,84,18:00.0,5,2:00,525
7769878303,U,OB,1,1,90,135958,84,57:00.0,4,17:00,525
7769878404,U,OB,1,1,99,135645,89,06:00.0,7,5:00,525
7769879742,U,OB,1,2,216,135958,84,57:00.0,4,18:00,525
7769880503,U,OB,1,1,100,290937,14,54:00.0,7,12:00,525
7769885316,U,OB,1,1,581,202296,43,20:00.0,7,0:00,525
7769885408,U,IB,1,4,1440,136229,101,59:00.0,4,5:00,525
7769885417,U,IB,1,2,350,136229,101,56:00.0,4,5:00,525
7769889918,U,IB,1,4,5535,125008,135,48:00.0,4,10:00,525
7769890596,U,OB,1,1,1620,280407,24,54:00.0,5,7:00,525
7769890596,U,OB,1,1,1620,280407,24,52:00.0,5,16:00,525
7769890596,U,OB,1,1,1620,280407,90,46:00.0,5,6:00,525
7769890605,U,OB,1,5,1560,280407,90,03:00.0,5,8:00,525
7769891182,U,OB,1,1,36,261272,67,31:00.0,7,8:00,525
7769895490,U,OB,1,1,363,140210,73,46:00.0,7,12:00,525
7769895573,U,IB,1,1,503,290103,129,02:00.0,5,21:00,525
7769895766,U,CTY,1,16,12125,124145,210,01:00.0,5,0:00,525
7769896105,U,OB,1,1,3480,131836,89,20:00.0,4,20:00,525
7769897425,U,OB,1,2,1205,140210,73,05:00.0,7,16:00,525
7769910551,U,OB,1,1,1368,131836,89,15:00.0,4,20:00,525
7769913494,U,OB,1,1,240,140210,73,41:00.0,7,18:00,525
7769913503,U,IB,1,1,235,261138,145,50:00.0,5,4:00,525
7769914071,U,OB,1,2,2315,135645,89,37:00.0,7,5:00,525
7769918581,U,CTY,1,1,1130,290977,194,33:00.0,6,0:00,525
776991871X,U,CTY,1,1,1303,290553,174,19:00.0,2,16:00,525
776991871X,U,OB,1,1,1303,290553,78,02:00.0,2,12:00,525
776991871X,U,CTY,1,1,1303,290553,168,36:00.0,2,21:00,525
776991871X,U,CTY,1,1,1303,290553,170,03:00.0,2,12:00,525
776992102X,U,OB,1,5,1250,290937,14,40:00.0,7,12:00,525
7769934843,U,IB,1,2,3150,261138,145,06:00.0,5,2:00,525
7769934962,U,CTY,1,8,12755,123733,194,00:00.0,7,13:00,525
7769937557,U,OB,1,1,1405,135958,84,21:00.0,4,20:00,525
7769937602,U,OB,1,1,865,290553,78,17:00.0,2,12:00,525
7769937602,U,OB,1,1,865,290553,79,23:00.0,5,18:00,525
776994401X,U,CTY,1,2,2088,211570,192,52:00.0,5,18:00,525
776994412X,U,CTY,1,1,72,138853,194,35:00.0,1,3:00,525
7769944312,U,IB,1,1,622,135492,141,11:00.0,7,9:00,525
7769944770,U,IB,1,1,1100,127404,127,13:00.0,1,13:00,525
7769947585,U,OB,1,1,345,559536,74,49:00.0,2,23:00,671
7769947594,U,CTY,1,1,345,118647,175,30:00.0,1,6:00,671
7769947668,U,OB,1,1,240,133143,58,30:00.0,5,0:00,671
7769947704,U,OB,1,1,345,127927,39,40:00.0,7,6:00,671
7780095141,U,IB,1,12,14506,134374,125,38:00.0,5,21:00,314
7780095884,U,CTY,1,1,182,133220,194,44:00.0,6,21:00,314
7780097296,U,CTY,1,1,430,140013,169,49:00.0,6,6:00,314
7780097332,U,CTY,1,1,1210,126443,184,57:00.0,3,22:00,314
7780097332,U,IB,1,1,1210,126443,145,52:00.0,3,22:00,314
7780101943,U,CTY,1,1,485,139757,172,37:00.0,3,13:00,805
7780101961,U,CTY,1,1,830,130862,223,06:00.0,6,16:00,805
7780102594,U,CTY,1,1,216,131973,195,59:00.0,4,4:00,805
7780102603,U,CTY,1,1,225,131973,195,03:00.0,4,5:00,805
7780102630,U,CTY,1,1,240,131973,195,21:00.0,4,4:00,805
7780102897,U,CTY,1,1,193,132904,175,57:00.0,7,6:00,805
778010297X,U,CTY,1,1,250,132904,175,47:00.0,7,10:00,805
7780103007,U,CTY,1,1,260,290332,192,04:00.0,7,15:00,805
7780103016,U,CTY,1,1,335,132904,175,42:00.0,7,6:00,805
7780103034,U,CTY,1,1,290,290332,192,11:00.0,7,13:00,805
7780103539,U,CTY,1,1,178,135923,173,29:00.0,1,6:00,805
7780103611,U,CTY,1,1,1000,135923,173,00:00.0,1,11:00,805
7780103649,U,CTY,1,2,1615,135923,173,17:00.0,1,6:00,805
7780103759,U,CTY,1,1,820,136872,173,43:00.0,3,11:00,805
7780103786,U,IB,1,1,280,261345,145,18:00.0,4,21:00,805
7780122100,U,OB,1,1,224,130455,84,18:00.0,6,13:00,404
7780122201,U,OB,1,1,241,430637,51,45:00.0,4,3:00,409
7780122275,U,OB,1,1,227,430637,51,50:00.0,4,3:00,409
7780122349,U,OB,1,1,218,430637,51,48:00.0,4,6:00,409
7780122367,U,OB,1,1,218,430637,51,45:00.0,4,6:00,409
7780122899,U,OB,1,1,224,130455,84,57:00.0,6,13:00,473
7780123348,U,OB,1,1,215,291042,19,49:00.0,7,21:00,471
7780123348,U,OB,1,1,215,291042,73,48:00.0,7,21:00,471
7780124264,U,OB,1,1,215,135310,52,26:00.0,1,5:00,471
7780124356,U,CTY,1,1,240,126363,172,42:00.0,3,18:00,455
7780124374,U,CTY,1,1,218,126363,172,20:00.0,3,18:00,455
7780124401,U,IB,1,1,231,291244,113,14:00.0,5,16:00,521
7780124401,U,OB,1,1,231,291244,19,48:00.0,5,19:00,521
7780124520,U,OB,1,1,213,133432,46,09:00.0,3,3:00,409
7780124603,U,OB,1,1,247,133257,26,01:00.0,5,5:00,455
7780124612,U,OB,1,1,194,133432,46,14:00.0,3,3:00,409
7780124621,U,OB,1,1,231,123932,26,22:00.0,4,6:00,421
7780124630,U,OB,1,1,268,133432,46,15:00.0,3,3:00,409
778012464X,U,OB,1,1,218,133432,46,11:00.0,3,3:00,409
7780126592,U,OB,1,1,299,128714,86,22:00.0,2,20:00,473
7780127252,U,OB,1,1,247,140430,76,28:00.0,4,18:00,471
7780128013,U,OB,1,1,192,136623,69,19:00.0,7,1:00,473
7780128031,U,OB,1,1,231,136623,69,37:00.0,7,1:00,473
7780128069,U,OB,1,1,171,138557,50,27:00.0,5,1:00,518
7780128352,U,OB,1,1,247,137455,19,51:00.0,1,11:00,473
7780128352,U,OB,1,1,247,137455,73,48:00.0,7,13:00,473
7780128756,U,OB,1,1,210,291199,55,10:00.0,3,4:00,433
7780128756,U,OB,1,1,210,291199,19,40:00.0,3,4:00,433
7780128985,U,OB,1,1,215,132358,49,46:00.0,4,19:00,473
7780129122,U,OB,1,1,247,139942,50,16:00.0,7,18:00,522
7780147043,U,IB,1,1,94,CVEN44615,113,43:00.0,6,11:00,116
7780147052,U,IB,1,1,94,CVEN44615,113,30:00.0,6,11:00,116
7780206178,U,IB,1,1,188,130769,115,15:00.0,7,19:00,313
7780206178,U,IB,1,1,188,130769,151,16:00.0,7,3:00,313
7780206205,U,IB,1,1,172,130769,151,18:00.0,7,5:00,313
7780206279,U,IB,1,1,172,130769,151,33:00.0,7,3:00,313
7780206342,U,IB,1,1,95,130769,151,15:00.0,7,3:00,313
7780206351,U,IB,1,1,124,130769,151,24:00.0,7,4:00,313
7780206618,U,CTY,1,1,122,290414,173,21:00.0,3,0:00,313
7780206874,U,CTY,1,1,644,138097,194,38:00.0,5,9:00,313
7780206993,U,IB,1,2,316,131218,115,17:00.0,6,11:00,313
7780206993,U,CTY,1,2,316,131218,169,54:00.0,6,4:00,313
7780206993,U,IB,1,2,316,131218,115,49:00.0,6,5:00,313
7780207112,U,CTY,1,1,138,131218,169,51:00.0,6,4:00,313
7780207534,U,CTY,1,1,67,131218,G   ,30:00.0,6,3:00,313
778020956X,U,IB,1,1,341,138837,129,45:00.0,7,9:00,313
7780209817,U,CTY,1,1,520,280391,196,28:00.0,7,9:00,313
7780210376,U,CTY,1,2,170,132052,175,46:00.0,7,1:00,313
7780213171,U,CTY,1,1,395,290414,173,28:00.0,3,0:00,313
778021319X,U,CTY,1,3,435,290414,173,49:00.0,3,1:00,313
7780219057,U,CTY,1,2,2850,290414,173,28:00.0,3,1:00,313
7780220954,U,CTY,1,1,226,138097,194,06:00.0,5,8:00,313
7780220954,U,IB,1,1,226,138097,115,26:00.0,5,12:00,313
7780222779,U,CTY,1,4,3393,135614,169,22:00.0,4,0:00,313
7780231386,U,CTY,1,3,1168,126763,173,27:00.0,1,11:00,313
7780231386,U,IB,1,3,1168,126763,157,56:00.0,1,11:00,313
7780237088,U,IB,1,1,138,130545,141,23:00.0,5,0:00,313
7780238105,U,CTY,1,1,122,132236,188,12:00.0,1,20:00,313
778023827X,U,CTY,1,2,4120,135614,169,44:00.0,3,22:00,313
7780238316,U,CTY,1,1,78,125161,195,56:00.0,5,18:00,313
7780245850,U,IB,1,3,4717,135505,127,52:00.0,7,6:00,313
7780247280,U,CTY,1,1,235,130762,194,14:00.0,5,11:00,313
778024740X,U,CTY,1,2,1215,131218,169,34:00.0,6,10:00,313
7780247574,U,IB,1,1,530,130545,141,16:00.0,5,4:00,313
7780249031,U,CTY,1,9,5565,136178,188,34:00.0,5,22:00,313
7780252827,U,IB,1,3,1150,130545,141,45:00.0,5,3:00,313
7780252836,U,IB,1,1,110,130545,141,50:00.0,5,3:00,313
7780253047,U,IB,1,1,1854,132764,150,50:00.0,6,16:00,313
7780253074,U,IB,1,2,385,132764,150,13:00.0,6,17:00,313
7780253588,U,CTY,1,29,942,280391,196,57:00.0,7,6:00,313
778025455X,U,CTY,1,4,5930,136178,188,38:00.0,5,21:00,313
7780254834,U,IB,1,1,506,135624,141,33:00.0,4,10:00,313
7780256356,U,CTY,1,1,2,121434,174,03:00.0,5,19:00,313
7780256466,U,CTY,1,1,2,121434,174,05:00.0,5,19:00,313
778026126X,U,IB,1,1,3,126998,143,17:00.0,5,18:00,313
7780262341,U,CTY,1,2,4,138882,187,52:00.0,7,6:00,313
7780263616,U,CTY,1,1,15,125161,195,59:00.0,5,18:00,313
7780263744,U,CTY,1,1,1,T730211715,169,08:00.0,2,2:00,313
7780263991,U,CTY,1,1,2,T730211715,169,06:00.0,2,2:00,313
7780265688,U,CTY,1,1,3,125201,194,49:00.0,1,3:00,313
7780266934,U,CTY,1,1,2,127739,197,09:00.0,4,11:00,313
7780267062,U,CTY,1,1,2,127739,197,21:00.0,4,11:00,313
7780267439,U,CTY,1,1,63,127739,197,10:00.0,4,13:00,313
7780268575,U,CTY,1,2,13,202318,195,21:00.0,6,14:00,313
7780274432,U,CTY,1,1,2,125161,195,58:00.0,5,18:00,313
778027589X,U,CTY,1,1,4,126164,210,27:00.0,6,14:00,313
778027732X,U,CTY,1,1,4,125201,194,49:00.0,1,3:00,313
7780277640,U,CTY,1,1,5,138457,188,07:00.0,6,16:00,313
7780278475,U,CTY,1,1,2,119660,204,22:00.0,6,14:00,313
7780278520,U,CTY,1,1,3,119660,204,55:00.0,6,13:00,313
7780285259,U,CTY,1,1,2,127739,197,26:00.0,4,11:00,313
7780285827,U,IB,1,2,8,127775,151,41:00.0,1,22:00,313
7780285836,U,IB,1,3,69,127775,151,45:00.0,1,22:00,313
7780286523,U,IB,1,1,2,127775,151,43:00.0,1,22:00,313
7780286954,U,IB,1,1,29,127775,151,39:00.0,1,22:00,313
778028755X,U,CTY,1,1,2,131175,196,15:00.0,1,0:00,313
7780288310,U,IB,1,1,120,202422,149,40:00.0,7,17:00,313
778028843X,U,IB,1,1,621,135624,141,33:00.0,4,8:00,313
778028909X,U,CTY,1,1,2,T730211715,169,11:00.0,2,2:00,313
7780293105,U,CTY,1,1,12,131175,196,13:00.0,1,0:00,313
7780293747,U,CTY,1,1,2,131160,189,50:00.0,6,5:00,313
778029767X,U,CTY,1,1,6,135508,175,27:00.0,1,5:00,313
7780297927,U,CTY,1,1,2,131175,196,15:00.0,1,0:00,313
7780298156,U,CTY,1,1,5,130864,175,05:00.0,4,16:00,313
7780298926,U,IB,1,1,47,125848,151,54:00.0,5,6:00,313
7780355062,U,IB,1,4,1705,135505,127,06:00.0,7,7:00,313
7780357042,U,IB,1,2,3000,135237,164,04:00.0,2,2:00,313
7780357922,U,CTY,1,1,540,135119,188,39:00.0,1,9:00,313
7780357969,U,CTY,1,1,308,PASC533243,187,45:00.0,2,6:00,313
7780357978,U,CTY,1,1,235,135119,188,10:00.0,1,10:00,313
7780358811,U,CTY,1,1,273,138097,194,49:00.0,5,8:00,313
7780358858,U,CTY,1,1,1333,280391,196,16:00.0,7,6:00,313
7780362762,U,IB,1,1,445,130769,151,54:00.0,7,3:00,313
7780363386,U,CTY,1,12,7076,132236,188,55:00.0,1,19:00,313
7780363716,U,CTY,1,1,440,135614,169,04:00.0,4,0:00,313
7780365402,U,IB,1,1,322,132764,150,29:00.0,6,16:00,313
7780366888,U,CTY,1,15,1005,130762,194,36:00.0,5,12:00,313
7780366998,U,IB,1,11,7085,132764,150,41:00.0,6,17:00,313
7780367319,U,IB,1,1,175,PASC634516,151,50:00.0,7,12:00,313
7780367429,U,CTY,1,2,664,290414,173,18:00.0,3,2:00,313
7780368538,U,CTY,1,1,1185,132052,175,32:00.0,7,1:00,313
778037016X,U,CTY,1,2,3000,135127,196,38:00.0,1,21:00,313
7780370242,U,CTY,1,4,1930,129660,197,54:00.0,6,12:00,313
7780373405,U,CTY,1,1,230,135508,175,17:00.0,1,5:00,313
7780373542,U,CTY,1,12,1465,138184,196,17:00.0,5,22:00,313
7780373946,U,CTY,1,2,2390,130762,194,23:00.0,5,11:00,313
7780374532,U,CTY,1,1,1785,129660,197,18:00.0,6,14:00,313
7780375569,U,IB,1,15,10735,138837,129,56:00.0,7,13:00,313
7780381325,U,IB,1,1,251,132764,150,46:00.0,6,16:00,313
7780381417,U,CTY,1,1,231,132052,175,58:00.0,7,1:00,313
7780381444,U,CTY,1,2,2055,132052,175,59:00.0,7,0:00,313
7780381453,U,CTY,1,1,152,132236,188,12:00.0,1,21:00,313
7780381471,U,CTY,1,1,193,132236,188,19:00.0,1,20:00,313
7780381527,U,CTY,1,1,308,132236,188,10:00.0,1,21:00,313
7780390042,U,IB,1,4,823,132764,150,49:00.0,6,17:00,313
7780390419,U,CTY,1,1,549,126763,173,03:00.0,1,13:00,313
7780390428,U,CTY,1,1,666,126763,173,59:00.0,1,12:00,313
7780390785,U,CTY,1,1,796,122579,235,26:00.0,3,21:00,313
7780390785,U,IB,1,1,796,122579,112,03:00.0,1,4:00,313
7780391207,U,IB,1,1,150,122579,112,16:00.0,1,4:00,313
7780391380,U,CTY,1,1,970,138097,194,13:00.0,5,8:00,313
7780391409,U,CTY,1,2,1696,138097,194,59:00.0,5,9:00,313
7780391409,U,CTY,1,2,1696,138097,233,52:00.0,6,19:00,313
778039304X,U,CTY,1,7,2198,280391,196,15:00.0,7,8:00,313
7780393342,U,CTY,1,1,695,131218,G   ,10:00.0,6,3:00,313
778040019X,U,IB,1,1,1170,130769,151,04:00.0,7,6:00,313
7780403673,U,CTY,1,1,250,132052,175,00:00.0,7,2:00,313
778040371X,U,CTY,1,1,224,135614,169,51:00.0,3,22:00,313
7780404351,U,IB,1,1,114,132764,150,56:00.0,6,17:00,313
7780626268,U,IB,1,1,336,PASC634013,143,02:00.0,5,15:00,313
7780635068,U,CTY,1,6,1380,138999,187,52:00.0,5,8:00,313
7780637506,U,CTY,1,4,644,138097,194,23:00.0,5,8:00,313
7780637616,U,OB,1,2,3690,280391,80,30:00.0,7,11:00,313
7780637616,U,CTY,1,2,3690,280391,196,32:00.0,7,6:00,313
7780651200,U,CTY,1,1,4798,290414,173,47:00.0,2,22:00,313
7780655784,U,OB,1,2,755,128622,63,02:00.0,4,14:00,402
7780661320,U,OB,1,1,117,136207,18,19:00.0,5,5:00,402
7780662182,U,OB,1,1,220,261260,17,56:00.0,1,7:00,402
7780662256,U,CTY,1,1,52,291101,189,49:00.0,4,8:00,402
778066430X,U,OB,1,1,240,132138,76,58:00.0,7,15:00,402
7780664447,U,OB,1,1,305,140179,49,16:00.0,4,10:00,402
7780664456,U,OB,1,1,425,128260,58,53:00.0,4,12:00,402
7780665134,U,IB,1,2,573,129832,123,08:00.0,6,19:00,402
7780665170,U,CTY,1,1,821,132138,_UNK,16:00.0,7,19:00,402
7780665170,U,OB,1,1,821,132138,76,38:00.0,7,17:00,402
7780665345,U,OB,1,1,265,121942,50,12:00.0,6,17:00,402
7780666353,U,IB,1,1,85,126710,163,53:00.0,7,20:00,402
7780666739,U,OB,1,1,335,139865,78,52:00.0,3,15:00,402
7780666867,U,OB,1,1,330,R621801606,40,17:00.0,5,10:00,402
7780666876,U,OB,1,1,550,134629,74,22:00.0,6,11:00,402
7780666894,U,OB,1,2,840,130712,14,56:00.0,7,19:00,402
7780666921,U,CTY,1,2,905,558556,194,39:00.0,1,0:00,402
7780666930,U,OB,1,1,370,124272,73,10:00.0,3,17:00,402
7780666959,U,CTY,1,1,355,136632,174,13:00.0,4,13:00,402
7780668360,U,CTY,1,3,1320,291101,189,07:00.0,4,9:00,402
7780668517,U,OB,1,1,408,121942,50,46:00.0,6,17:00,402
7780668755,U,OB,1,2,7,123460,58,32:00.0,6,5:00,402
7780668773,U,OB,1,2,18,123460,58,31:00.0,6,5:00,402
7780670479,U,OB,1,1,171,136550,17,55:00.0,3,11:00,402
7780671110,U,OB,1,4,1605,138557,50,01:00.0,5,1:00,455
7780671193,U,OB,1,2,1365,140430,76,14:00.0,4,19:00,455
7780671267,U,OB,1,1,466,140370,63,39:00.0,6,1:00,455
7780675539,U,OB,1,1,410,126714,39,43:00.0,3,15:00,402
7780675602,U,OB,1,1,200,128751,32,00:00.0,3,14:00,402
7780676491,U,OB,1,1,100,136484,17,07:00.0,4,10:00,402
7780681378,U,OB,1,1,270,138421,63,36:00.0,7,14:00,402
7780681506,U,OB,1,1,175,290348,46,28:00.0,5,0:00,402
7780683807,U,OB,1,2,500,124272,73,52:00.0,3,18:00,402
778068729X,U,OB,1,1,400,249085,32,23:00.0,4,4:00,402
7780687354,U,OB,1,1,23,139461,86,33:00.0,3,19:00,402
7780687381,U,OB,1,2,12,139461,86,11:00.0,3,19:00,402
7780688115,U,IB,1,1,75,131733,141,51:00.0,6,14:00,402
7780688326,U,OB,1,1,625,130712,14,33:00.0,7,19:00,402
7780688418,U,OB,1,1,1800,138115,73,05:00.0,5,3:00,402
7780688528,U,CTY,1,1,400,291101,189,27:00.0,4,9:00,402
7780688591,U,OB,1,1,400,132377,52,00:00.0,6,6:00,402
7780689179,U,OB,1,1,400,136207,18,59:00.0,5,4:00,402
7780689893,U,CTY,1,2,2404,135370,197,30:00.0,1,18:00,402
7780689902,U,CTY,1,1,810,135370,197,12:00.0,1,18:00,402
7780690663,U,CTY,1,1,374,139865,211,45:00.0,5,8:00,402
7780690663,U,OB,1,1,374,139865,78,46:00.0,3,15:00,402
7780694183,U,OB,1,1,400,137332,26,16:00.0,6,20:00,402
7780694192,U,OB,1,1,400,128641,9,29:00.0,6,3:00,402
7780694192,U,OB,1,1,400,128641,22,14:00.0,5,20:00,402
7780694201,U,OB,1,1,400,124473,58,48:00.0,5,17:00,402
7780694210,U,OB,1,1,400,128641,9,41:00.0,5,20:00,402
7780694210,U,OB,1,1,400,128641,22,28:00.0,5,20:00,402
778069422X,U,OB,1,1,400,124473,58,05:00.0,5,17:00,402
778069444X,U,CTY,1,1,400,558556,194,26:00.0,1,0:00,402
7780694477,U,CTY,1,1,400,139670,189,49:00.0,7,20:00,402
7780695851,U,OB,1,1,134,128910,40,02:00.0,1,4:00,402
778069598X,U,CTY,1,8,2722,123824,169,28:00.0,4,1:00,402
778069598X,U,CTY,1,8,2722,123824,216,16:00.0,6,1:00,402
7780696008,U,OB,1,2,553,202347,60,09:00.0,4,13:00,402
7780696466,U,CTY,1,14,49,134389,187,20:00.0,5,13:00,402
7780696612,U,CTY,1,1,520,134389,187,05:00.0,5,13:00,402
7780696805,U,OB,1,6,6980,124473,58,16:00.0,5,19:00,402
7780696850,U,OB,1,1,380,119711,52,58:00.0,6,15:00,402
7780696897,U,OB,1,1,1000,131685,51,33:00.0,7,21:00,402
7780697355,U,IB,1,1,288,140342,111,52:00.0,7,10:00,402
7780701517,U,IB,1,4,160,140003,135,07:00.0,7,11:00,402
7780701571,U,OB,1,4,145,127525,50,12:00.0,1,2:00,402
7780704139,U,OB,1,2,1290,560490,72,47:00.0,7,8:00,402
7780704220,U,OB,1,2,1945,211022,58,09:00.0,6,13:00,402
778070423X,U,OB,1,2,1310,138115,73,18:00.0,5,2:00,402
7780704523,U,OB,1,1,2016,137332,26,18:00.0,6,19:00,402
778075703X,U,OB,1,2,2920,113063,51,57:00.0,4,22:00,422
7780757049,U,OB,1,2,2730,113063,51,42:00.0,4,22:00,422
7780757058,U,OB,1,1,660,113063,51,35:00.0,4,22:00,422
7780757067,U,OB,1,5,3031,310506,76,13:00.0,7,0:00,422
7780757094,U,OB,1,2,1265,310506,76,27:00.0,6,22:00,422
7780757296,U,IB,1,2,90,125262,150,04:00.0,5,16:00,402
7780758827,U,OB,1,1,303,139461,86,15:00.0,3,18:00,402
7780758881,U,OB,1,2,2240,211022,58,56:00.0,6,11:00,402
7780759808,U,OB,1,5,25,131247,73,14:00.0,1,11:00,402
7780761072,U,OB,1,1,531,124473,58,39:00.0,5,16:00,402
778076110X,U,OB,1,1,326,124473,58,01:00.0,5,17:00,402
778076110X,U,CTY,1,1,326,124473,N17 ,32:00.0,6,15:00,402
7780763007,U,CTY,1,2,41,135370,197,54:00.0,1,16:00,402
7780763548,U,OB,1,1,640,202206,39,00:00.0,3,9:00,402
7780770303,U,CTY,1,1,642,558556,194,51:00.0,1,0:00,402
7780772559,U,IB,1,3,1635,431022,103,43:00.0,3,21:00,402
778077628X,U,OB,1,3,2460,128751,32,32:00.0,3,14:00,402
7780780827,U,OB,1,1,258,124616,49,25:00.0,6,0:00,402
7780782293,U,OB,1,7,2215,124473,58,32:00.0,5,20:00,402
7780782358,U,CTY,1,1,55,137313,188,15:00.0,6,18:00,402
7780784071,U,OB,1,1,360,122959,43,41:00.0,4,6:00,402
7780784127,U,OB,1,6,4890,122959,43,22:00.0,4,7:00,402
7780784219,U,OB,1,1,308,121519,49,47:00.0,5,21:00,402
7780785914,U,OB,1,1,406,124616,49,31:00.0,6,0:00,402
7780786015,U,OB,1,3,47,131995,66,15:00.0,7,20:00,402
7780791331,U,OB,1,5,1586,131130,46,38:00.0,4,16:00,402
7780791340,U,OB,1,1,528,131130,46,05:00.0,4,17:00,402
7780791369,U,OB,1,1,88,123105,18,58:00.0,5,7:00,402
7780791405,U,OB,1,2,90,132589,18,21:00.0,6,6:00,402
7780791432,U,OB,1,4,6375,132589,18,35:00.0,6,6:00,402
7780791432,U,OB,1,4,6375,132589,48,19:00.0,6,10:00,402
7780793046,U,OB,1,7,8662,127285,38,55:00.0,1,2:00,402
7780793623,U,OB,1,1,70,41204,66,33:00.0,3,11:00,402
7780795549,U,OB,1,4,2046,131685,51,08:00.0,1,0:00,402
7780797280,U,IB,1,3,1144,128575,104,39:00.0,5,17:00,402
7780797428,U,OB,1,4,1446,123105,18,13:00.0,5,9:00,402
7780798097,U,OB,1,1,46,133819,58,54:00.0,7,22:00,402
7780798335,U,OB,1,1,70,124272,73,17:00.0,3,21:00,402
7780799031,U,IB,1,1,300,126710,163,22:00.0,7,21:00,402
7780799040,U,IB,1,1,100,126710,163,25:00.0,7,20:00,402
7780800351,U,OB,1,1,35,132377,52,18:00.0,6,4:00,402
7780804302,U,OB,1,2,2000,128260,58,34:00.0,4,15:00,402
7780804320,U,OB,1,1,135,211022,58,25:00.0,6,16:00,402
7780805788,U,OB,1,3,1335,126269,17,48:00.0,5,18:00,402
778080587X,U,OB,1,1,196,131995,66,45:00.0,7,18:00,402
7780810801,U,CTY,1,1,190,136632,174,19:00.0,4,13:00,402
7780811535,U,OB,1,1,515,128622,63,21:00.0,4,14:00,402
7780812388,U,OB,1,4,6835,137352,67,09:00.0,7,0:00,402
7780812442,U,CTY,1,1,480,137041,169,21:00.0,7,3:00,402
7780815531,U,IB,1,7,6302,121519,141,02:00.0,6,1:00,402
7780821298,U,OB,1,1,350,211022,58,35:00.0,6,10:00,402
7780823112,U,OB,1,4,248,123105,18,53:00.0,5,8:00,402
7780823341,U,OB,1,1,231,121588,32,53:00.0,7,21:00,402
7780826037,U,IB,1,1,620,125262,150,47:00.0,5,17:00,402
7780830547,U,IB,1,1,330,121519,141,48:00.0,6,0:00,402
7780848055,U,OB,1,1,264,135088,13,48:00.0,1,7:00,402
7780859650,U,IB,1,1,168,134401,116,07:00.0,1,21:00,304
7780859789,U,CTY,1,2,300,291281,197,49:00.0,3,15:00,304
7780898536,U,CTY,1,1,520,CVEN43397,197,30:00.0,7,15:00,158
7780974463,U,CTY,1,2,4304,128325,196,58:00.0,2,2:00,158
7780974490,U,CTY,1,1,372,136973,188,07:00.0,7,4:00,158
7780979972,U,CTY,1,1,538,133888,189,02:00.0,4,16:00,158
7780979972,U,CTY,1,1,538,133888,231,03:00.0,4,16:00,158
7780980486,U,CTY,1,1,142,129964,M16 ,45:00.0,1,18:00,158
7780980486,U,CTY,1,1,142,129964,188,05:00.0,7,21:00,158
778104083X,U,CTY,1,1,406,124019,174,23:00.0,2,9:00,841
7781041316,U,CTY,1,2,267,139630,192,40:00.0,7,5:00,841
7781041572,U,CTY,1,1,117,135846,192,14:00.0,3,18:00,841
7781041637,U,CTY,1,1,453,135846,192,53:00.0,3,16:00,841
7781041700,U,CTY,1,1,152,135846,192,13:00.0,3,18:00,841
7781042205,U,CTY,1,1,242,132532,197,44:00.0,3,12:00,841
7781043130,U,IB,1,1,154,135982,145,21:00.0,4,16:00,841
7781050217,U,CTY,1,3,2920,PASC33311,173,09:00.0,5,8:00,309
7781050345,U,CTY,1,1,358,PASC634013,175,24:00.0,7,10:00,309
7781050390,U,CTY,1,2,2620,PASC634013,175,42:00.0,7,13:00,309
7781050684,U,CTY,1,1,99,PASC175379,175,35:00.0,5,6:00,309
7781050877,U,CTY,1,4,4100,PASC634534,197,00:00.0,1,6:00,309
7781050987,U,CTY,1,6,3565,T730211733,174,28:00.0,7,1:00,309
7781051014,U,IB,1,3,1675,PASC634013,143,02:00.0,5,17:00,309
778105106X,U,IB,1,5,4545,PASC634013,143,06:00.0,5,16:00,309
7781051160,U,CTY,1,5,5440,PASC533243,173,02:00.0,6,8:00,309
7781173031,U,CTY,1,2,6230,130521,168,14:00.0,5,15:00,532
7781173334,U,CTY,1,2,1995,131908,205,00:00.0,6,13:00,532
7781192070,U,IB,1,1,520,136642,164,29:00.0,3,5:00,532
7781213897,U,CTY,1,2,566,291132,174,13:00.0,3,1:00,532
778121397X,U,CTY,1,2,382,HAEI24595,173,43:00.0,7,12:00,532
7781216820,U,CTY,1,1,268,530503,187,09:00.0,7,0:00,532
7781289119,U,CTY,1,3,466,132574,233,52:00.0,6,19:00,847
7781289119,U,CTY,1,3,466,132574,237,18:00.0,4,22:00,847
7781289119,U,CTY,1,3,466,132574,219,27:00.0,4,0:00,847
7781290630,U,CTY,1,1,431,135206,189,30:00.0,1,23:00,847
778129064X,U,CTY,1,1,727,135206,189,25:00.0,1,23:00,847
778129306X,U,IB,1,4,2679,249192,135,36:00.0,2,5:00,847
7781293115,U,OB,1,1,311,136746,22,09:00.0,3,14:00,847
7781293225,U,CTY,1,1,860,TTMS750524,189,03:00.0,2,10:00,847
7781300375,U,CTY,1,1,215,132574,173,21:00.0,3,20:00,847
778130043X,U,CTY,1,1,116,135206,189,39:00.0,2,0:00,847
7781301787,U,OB,1,1,545,211720,73,36:00.0,6,14:00,847
7781301796,U,IB,1,1,755,290328,116,44:00.0,6,6:00,847
7781301805,U,IB,1,1,720,290328,116,54:00.0,6,6:00,847
7781301805,U,CTY,1,1,720,290328,231,56:00.0,7,3:00,847
7781306580,U,CTY,1,1,59,132574,173,56:00.0,3,21:00,847
7781307213,U,CTY,1,1,50,135206,189,36:00.0,1,22:00,847
778131418X,U,CTY,1,2,465,125318,168,04:00.0,6,19:00,847
7781314244,U,CTY,1,1,123,125318,168,27:00.0,6,19:00,847
7781314253,U,CTY,1,1,163,125318,168,23:00.0,6,19:00,847
7781314491,U,CTY,1,1,200,249377,168,24:00.0,5,6:00,847
7781314702,U,CTY,1,1,555,125318,168,18:00.0,6,19:00,847
7781319039,U,CTY,1,1,580,134020,175,55:00.0,4,22:00,847
7781319093,U,CTY,1,1,220,125318,168,59:00.0,6,18:00,847
7781319149,U,CTY,1,1,516,249377,168,13:00.0,5,4:00,847
7781319450,U,IB,1,1,157,290776,104,15:00.0,6,0:00,847
778131946X,U,IB,1,1,165,133055,125,41:00.0,5,0:00,847
7781321320,U,IB,1,2,891,133055,125,07:00.0,5,0:00,847
7781325556,U,IB,1,5,271,290776,104,01:00.0,6,0:00,847
7781328389,U,IB,1,1,570,138410,149,52:00.0,4,18:00,847
7781330717,U,IB,1,2,1465,133055,125,02:00.0,5,0:00,847
7781330726,U,IB,1,1,258,290776,104,15:00.0,5,22:00,847
7781332733,U,CTY,1,2,1316,135206,189,07:00.0,2,1:00,847
7781332843,U,IB,1,1,128,133055,125,44:00.0,4,22:00,847
7781332870,U,IB,1,1,132,133055,125,32:00.0,4,22:00,847
7781332926,U,IB,1,1,111,133055,125,39:00.0,4,22:00,847
7781332935,U,IB,1,1,90,290776,104,23:00.0,5,22:00,847
7781333054,U,IB,1,5,2500,140003,135,56:00.0,7,11:00,847
7781341827,U,CTY,1,1,682,134020,175,20:00.0,4,22:00,847
7781542402,U,OB,1,15,4320,133533,43,49:00.0,5,5:00,682
7781550259,U,OB,1,8,6080,127939,13,48:00.0,5,4:00,682
7781551083,U,CTY,1,1,150,134389,187,46:00.0,5,15:00,682
7781551092,U,CTY,1,1,150,134389,187,29:00.0,5,15:00,682
7781556051,U,OB,1,1,195,138406,40,08:00.0,2,7:00,682
7781556235,U,OB,1,1,165,133533,43,45:00.0,5,4:00,682
7781556318,U,CTY,1,1,140,126338,189,08:00.0,3,21:00,682
7781556327,U,OB,1,2,249,134124,39,22:00.0,4,9:00,682
7781556437,U,IB,1,1,602,123182,151,32:00.0,1,13:00,682
7781558325,U,OB,1,1,69,133533,43,55:00.0,5,8:00,682
7781558509,U,OB,1,1,85,278391,39,41:00.0,1,5:00,682
7781560168,U,CTY,1,2,249,138948,172,58:00.0,4,22:00,682
7781560195,U,CTY,1,1,35,138948,172,03:00.0,4,23:00,682
7781560534,U,OB,1,1,855,278391,39,46:00.0,1,5:00,682
7781560745,U,OB,1,1,134,133533,43,26:00.0,5,5:00,682
7781560772,U,OB,1,1,98,133533,43,25:00.0,5,4:00,682
778156234X,U,CTY,1,7,2940,211126,196,08:00.0,5,20:00,682
7781562368,U,IB,1,1,148,127190,112,13:00.0,5,3:00,682
7781564559,U,CTY,1,1,995,138948,172,02:00.0,5,0:00,682
7781564898,U,IB,1,1,705,291209,133,36:00.0,6,23:00,682
7781565035,U,OB,1,1,300,133533,43,12:00.0,5,5:00,682
7781572039,U,IB,1,4,3040,136765,151,01:00.0,7,20:00,682
7781572652,U,CTY,1,1,626,211126,196,16:00.0,5,19:00,682
7781578803,U,OB,1,1,210,136775,66,38:00.0,6,8:00,682
7781578812,U,OB,1,2,620,278391,39,30:00.0,1,3:00,682
7781585578,U,IB,1,1,213,119354,113,34:00.0,7,11:00,682
7781585962,U,CTY,1,1,250,249174,197,32:00.0,6,18:00,682
7781587740,U,IB,1,1,248,127190,112,35:00.0,5,6:00,682
7781593067,U,IB,1,1,120,131424,105,12:00.0,5,2:00,688
7781595413,U,OB,1,5,2400,136318,69,59:00.0,3,18:00,688
7781603663,U,IB,1,1,420,130772,143,33:00.0,6,16:00,688
7781603728,U,CTY,1,1,1200,127133,194,17:00.0,7,17:00,688
7781609576,U,CTY,1,1,435,261009,169,17:00.0,1,16:00,688
778160964X,U,CTY,1,2,935,127133,194,11:00.0,7,17:00,688
7781609659,U,IB,1,1,1320,123603,141,35:00.0,7,6:00,688
7781609942,U,CTY,1,1,107,261009,169,24:00.0,1,15:00,688
7781609998,U,OB,1,2,110,134853,31,13:00.0,7,3:00,688
7781612005,U,IB,1,1,325,131347,116,36:00.0,4,10:00,688
7781612317,U,OB,1,1,345,127927,39,14:00.0,7,7:00,688
7781613572,U,IB,1,5,750,249253,103,40:00.0,6,13:00,688
778161360X,U,OB,1,9,7629,126945,87,32:00.0,3,17:00,688
7781614030,U,IB,1,1,350,261214,125,32:00.0,6,0:00,688
7781615296,U,IB,1,4,3104,133808,123,22:00.0,3,10:00,688
7781615772,U,IB,1,3,515,136584,163,00:00.0,4,10:00,688
7781615891,U,CTY,1,4,2090,127133,194,37:00.0,7,16:00,688
7781632822,U,OB,1,1,478,127927,39,25:00.0,7,10:00,688
7781632914,U,CTY,1,4,1664,127229,175,01:00.0,7,15:00,688
7781633042,U,OB,1,2,908,129751,63,41:00.0,7,19:00,688
7781633372,U,IB,1,1,210,134940,112,52:00.0,4,20:00,688
7781634151,U,OB,1,1,180,138423,40,33:00.0,6,18:00,688
7781641842,U,CTY,1,23,6880,HAEI28100,172,48:00.0,5,16:00,431
7781641860,U,CTY,1,2,520,HAEI28100,172,52:00.0,5,15:00,431
7781642576,U,CTY,1,3,675,140023,173,12:00.0,4,21:00,431
7781642805,U,CTY,1,3,1005,HAEI25964,169,29:00.0,5,16:00,431
7781642814,U,CTY,1,1,140,HAEI25964,169,40:00.0,5,16:00,431
7781642823,U,CTY,1,9,2940,HAEI25964,169,14:00.0,5,16:00,431
7781642832,U,CTY,1,1,172,HAEI25964,169,30:00.0,5,16:00,431
7781642841,U,CTY,1,2,810,HAEI25964,169,40:00.0,5,16:00,431
7781642933,U,CTY,1,16,5039,261383,187,48:00.0,6,22:00,431
7781643254,U,OB,1,3,485,139634,86,49:00.0,2,11:00,431
7781643373,U,CTY,1,5,1840,HAEI25458,188,31:00.0,4,18:00,431
7781643804,U,IB,1,9,2230,136426,145,32:00.0,1,20:00,431
7781644042,U,IB,1,2,160,530859,111,16:00.0,7,18:00,431
7781644051,U,IB,1,2,120,138223,113,12:00.0,7,8:00,431
778164407X,U,OB,1,4,1095,134755,66,47:00.0,6,3:00,431
7781765363,U,OB,1,1,435,133250,25,43:00.0,1,6:00,653
7781766573,U,IB,1,1,315,137171,141,17:00.0,2,12:00,653
7781767105,U,OB,1,1,434,558293,78,17:00.0,3,1:00,653
7781767857,U,CTY,1,2,805,139837,175,57:00.0,3,18:00,653
7781768425,U,IB,1,2,540,123933,101,23:00.0,5,3:00,653
7781769626,U,OB,1,2,1030,130675,72,52:00.0,5,4:00,653
7781769626,U,OB,1,2,1030,130675,27,17:00.0,5,10:00,653
7781769855,U,IB,1,1,384,136411,111,13:00.0,5,20:00,653
7781770066,U,OB,1,1,325,261082,40,51:00.0,5,22:00,653
7781770084,U,OB,1,1,416,261082,40,00:00.0,5,23:00,653
7781770102,U,IB,1,1,282,136411,111,42:00.0,5,22:00,653
7781770149,U,IB,1,1,515,136411,111,54:00.0,5,21:00,653
7781770340,U,IB,1,1,281,136411,111,02:00.0,5,22:00,653
7781770369,U,OB,1,1,442,261082,40,56:00.0,5,22:00,653
7781770973,U,CTY,1,1,425,127259,194,58:00.0,6,22:00,653
7781771642,U,OB,1,1,291,261082,40,43:00.0,5,22:00,653
7781771651,U,OB,1,1,282,261082,40,51:00.0,5,22:00,653
7781772037,U,CTY,1,1,335,129628,195,02:00.0,7,1:00,653
7781772165,U,IB,1,8,2530,118550,129,55:00.0,7,22:00,653
7781772248,U,IB,1,1,380,118550,129,59:00.0,7,21:00,653
7781772275,U,OB,1,1,293,123154,76,08:00.0,7,7:00,653
7781772724,U,IB,1,2,960,128243,117,54:00.0,7,4:00,653
7781772917,U,IB,1,2,540,118550,129,40:00.0,7,21:00,653
7781774118,U,IB,1,1,364,132333,125,20:00.0,3,14:00,653
7781775162,U,IB,1,1,296,138348,129,34:00.0,4,0:00,653
7781775171,U,OB,1,3,637,R621780290,39,49:00.0,4,16:00,653
7781775328,U,OB,1,1,375,R621780290,39,23:00.0,4,18:00,653
7781775346,U,OB,1,1,411,R621780290,39,06:00.0,4,17:00,653
7781775364,U,OB,1,1,333,R621780290,39,28:00.0,4,18:00,653
7781775400,U,OB,1,1,443,R621780290,39,49:00.0,4,16:00,653
7781775566,U,OB,1,1,391,R621780290,39,31:00.0,4,18:00,653
7781775896,U,OB,1,1,416,125699,89,11:00.0,4,14:00,653
7781775979,U,OB,1,2,1335,R621780290,39,17:00.0,4,18:00,653
7781776244,U,IB,1,1,317,138552,151,39:00.0,4,22:00,653
7781776345,U,IB,1,1,315,138552,151,26:00.0,4,22:00,653
778177662X,U,CTY,1,1,281,125831,187,15:00.0,6,11:00,653
7781776821,U,IB,1,1,324,138552,151,54:00.0,4,20:00,653
7781777546,U,OB,1,1,382,131189,52,09:00.0,6,9:00,653
7781777701,U,OB,1,8,4160,131189,52,33:00.0,6,7:00,653
7781777968,U,OB,1,1,276,124329,52,38:00.0,7,16:00,653
7781778774,U,IB,1,1,306,140113,141,57:00.0,6,21:00,653
7781779030,U,IB,1,1,505,140113,141,52:00.0,6,21:00,653
7781779214,U,IB,1,2,1175,135821,123,04:00.0,7,16:00,653
7781779470,U,IB,1,1,364,135821,123,25:00.0,7,15:00,653
7781779800,U,IB,1,1,403,135821,123,39:00.0,7,15:00,653
7781779829,U,IB,1,1,296,135821,123,15:00.0,7,16:00,653
778178102X,U,OB,1,2,1060,129751,63,56:00.0,7,15:00,653
7781781322,U,IB,1,1,327,122644,104,22:00.0,1,7:00,653
7781781423,U,IB,1,1,365,122644,104,37:00.0,1,6:00,653
7781781560,U,OB,1,6,4105,136514,78,01:00.0,3,16:00,653
7781781881,U,OB,1,1,288,136514,78,04:00.0,3,14:00,653
7781782689,U,OB,1,1,297,135088,95,10:00.0,3,22:00,653
7781782716,U,OB,1,1,362,211526,63,54:00.0,4,0:00,653
7781783073,U,OB,1,2,576,211526,63,45:00.0,4,0:00,653
7781783385,U,IB,1,1,338,128743,127,47:00.0,5,5:00,653
7781783421,U,OB,1,1,315,211526,63,20:00.0,4,1:00,653
7781783468,U,IB,1,1,280,128743,127,38:00.0,5,7:00,653
7781783569,U,IB,1,1,342,128743,127,30:00.0,5,7:00,653
7781784595,U,IB,1,1,299,139923,112,35:00.0,5,1:00,653
7781784613,U,IB,1,1,288,128743,127,56:00.0,5,3:00,653
7781785347,U,CTY,1,1,625,128414,187,16:00.0,6,10:00,653
7781785493,U,IB,1,3,810,119379,117,44:00.0,5,20:00,653
7781786043,U,OB,1,2,885,122370,84,55:00.0,6,3:00,653
7781786813,U,OB,1,1,375,530438,58,19:00.0,1,7:00,653
7781787152,U,IB,1,1,369,123603,141,21:00.0,7,7:00,653
7781853987,U,CTY,1,1,200,138987,175,44:00.0,2,22:00,830
7782028099,U,CTY,1,1,352,430868,172,17:00.0,4,14:00,830
7782033103,U,CTY,1,1,495,132935,174,00:00.0,2,21:00,830
778204106X,U,CTY,1,2,4000,135253,192,40:00.0,2,21:00,830
7782042875,U,CTY,1,1,305,122585,173,35:00.0,3,3:00,830
7782049035,U,CTY,1,1,267,122585,173,03:00.0,3,3:00,830
7782049154,U,CTY,1,1,210,138146,169,17:00.0,2,14:00,830
7782049228,U,IB,1,1,240,131621,143,01:00.0,6,16:00,830
7782049814,U,CTY,1,1,1800,131664,188,03:00.0,2,20:00,830
7782053325,U,IB,1,1,299,131621,143,41:00.0,6,14:00,830
7782053334,U,IB,1,1,399,131621,143,38:00.0,6,14:00,830
7782053563,U,CTY,1,1,1176,134434,192,42:00.0,2,16:00,830
7782053572,U,CTY,1,1,546,134434,192,44:00.0,2,16:00,830
778205360X,U,CTY,1,1,410,134434,192,53:00.0,2,16:00,830
7782053646,U,IB,1,2,3614,133004,164,55:00.0,2,21:00,830
7782053673,U,CTY,1,1,336,118361,194,25:00.0,3,14:00,830
7782053700,U,CTY,1,1,840,118361,194,57:00.0,3,14:00,830
7782053792,U,CTY,1,1,742,126510,169,51:00.0,3,3:00,830
7782053902,U,CTY,1,1,735,132935,174,02:00.0,2,21:00,830
7782053958,U,CTY,1,1,1034,132935,174,00:00.0,2,21:00,830
7782054059,U,IB,1,1,480,132655,164,08:00.0,5,2:00,830
7782054068,U,CTY,1,3,2646,TTMS750524,189,20:00.0,2,13:00,830
7782054140,U,IB,1,1,792,132655,164,17:00.0,5,2:00,830
7782054764,U,IB,1,1,645,123809,141,10:00.0,6,17:00,830
7782054773,U,IB,1,1,536,123809,141,51:00.0,6,16:00,830
7782054773,U,CTY,1,1,536,123809,184,37:00.0,7,5:00,830
7782055626,U,CTY,1,1,258,134055,195,43:00.0,3,18:00,830
778205987X,U,CTY,1,1,855,TTMS910552,192,31:00.0,2,21:00,830
7782060136,U,CTY,1,2,1325,125040,194,04:00.0,4,14:00,830
7782064132,U,CTY,1,5,137,134434,192,55:00.0,2,17:00,830
7782064132,U,IB,1,5,137,134434,137,56:00.0,2,17:00,830
7782065829,U,CTY,1,1,460,137462,188,48:00.0,6,15:00,830
7782067607,U,IB,1,1,138,123809,141,02:00.0,6,19:00,830
7782068579,U,CTY,1,1,150,TTMS750524,189,05:00.0,2,13:00,830
7782069055,U,CTY,1,1,143,130640,194,55:00.0,4,21:00,830
7782069302,U,IB,1,1,375,131621,143,05:00.0,6,15:00,830
7782085207,U,CTY,1,2,1640,TTMS750524,189,18:00.0,2,13:00,830
7782085811,U,CTY,1,1,1053,136611,172,56:00.0,6,6:00,830
7782085811,U,CTY,1,1,1053,136611,233,17:00.0,2,22:00,830
7782090505,U,IB,1,1,1104,132504,150,28:00.0,5,6:00,830
7782091596,U,CTY,1,3,6000,122585,173,48:00.0,3,3:00,830
7782091641,U,CTY,1,1,777,122585,173,46:00.0,3,4:00,830
7782091650,U,CTY,1,4,4498,122585,173,42:00.0,3,4:00,830
7782091899,U,CTY,1,1,165,130546,187,03:00.0,2,4:00,830
7782092402,U,CTY,1,3,445,135253,192,00:00.0,3,2:00,830
7782092420,U,CTY,1,2,555,140322,176,45:00.0,7,3:00,830
778209265X,U,CTY,1,10,12200,138147,168,43:00.0,3,4:00,830
7782093071,U,CTY,1,4,99,131595,196,47:00.0,3,4:00,830
7782095244,U,CTY,1,1,810,134255,170,29:00.0,6,16:00,830
7782095244,U,CTY,1,1,810,134255,189,13:00.0,6,16:00,830
7782128931,U,CTY,1,1,179,132230,168,12:00.0,1,3:00,830
7782129133,U,OB,1,1,179,139734,31,23:00.0,5,8:00,830
7782129472,U,IB,1,1,179,125429,143,52:00.0,7,15:00,830
7782129867,U,CTY,1,1,179,124248,168,49:00.0,3,18:00,830
7782130307,U,CTY,1,1,89,TTMS750524,189,57:00.0,2,11:00,830
7782130967,U,CTY,1,1,179,137640,195,50:00.0,1,15:00,830
7782130985,U,CTY,1,1,160,137640,195,14:00.0,1,16:00,830
7782131012,U,CTY,1,1,92,137640,195,34:00.0,1,16:00,830
778213137X,U,CTY,1,1,67,137284,189,17:00.0,2,14:00,830
7782131719,U,CTY,1,1,179,130882,175,25:00.0,2,6:00,830
7782131737,U,CTY,1,1,179,130882,175,21:00.0,2,6:00,830
7782140912,U,IB,1,5,8400,135903,151,52:00.0,3,2:00,830
7782143790,U,CTY,1,1,740,TTMS910552,192,24:00.0,2,22:00,830
7782145359,U,CTY,1,1,595,121997,174,48:00.0,2,6:00,830
7782145377,U,CTY,1,3,1820,137493,192,23:00.0,2,15:00,830
7782145550,U,CTY,1,1,466,277828,197,31:00.0,2,7:00,830
7782147842,U,CTY,1,1,1007,124248,168,10:00.0,3,20:00,830
7782149281,U,CTY,1,5,3510,TTMS910552,192,34:00.0,3,1:00,830
7782149290,U,CTY,1,1,1180,126510,169,45:00.0,3,5:00,830
778214930X,U,CTY,1,1,304,128490,195,50:00.0,2,12:00,830
7782149319,U,CTY,1,1,520,126510,169,51:00.0,3,5:00,830
7782149328,U,CTY,1,1,307,277828,197,37:00.0,2,8:00,830
7782149337,U,CTY,1,3,2110,277828,197,27:00.0,2,2:00,830
7782149346,U,CTY,1,1,1110,134055,195,19:00.0,3,18:00,830
7782149355,U,IB,1,1,548,125429,143,35:00.0,7,15:00,830
7782150143,U,IB,1,1,546,131621,143,16:00.0,6,13:00,830
7782150152,U,IB,1,3,2200,131621,143,30:00.0,6,13:00,830
7782151537,U,CTY,1,1,585,128490,195,58:00.0,2,11:00,830
7782156487,U,CTY,1,1,1390,TTMS144654,194,44:00.0,2,13:00,830
7782156487,U,CTY,1,1,1390,TTMS144654,188,20:00.0,2,19:00,830
7782159017,U,CTY,1,2,2705,134055,195,20:00.0,3,19:00,830
7782162216,U,CTY,1,1,480,130546,187,01:00.0,2,14:00,830
7782171346,U,CTY,1,1,127,138146,169,47:00.0,2,16:00,830
7782173380,U,CTY,1,2,223,124248,168,05:00.0,3,19:00,830
7782235310,U,CTY,1,1,186,530699,197,25:00.0,4,22:00,830
7782235310,U,CTY,1,1,186,530699,190,09:00.0,5,3:00,830
7782238116,U,CTY,1,1,415,137876,187,15:00.0,3,13:00,830
7782238116,U,CTY,1,1,415,137876,235,21:00.0,3,13:00,830
7782238785,U,CTY,1,2,340,123790,169,31:00.0,2,4:00,830
778223928X,U,CTY,1,2,980,135995,189,13:00.0,6,2:00,830
7782244532,U,CTY,1,6,5085,137284,189,01:00.0,2,13:00,830
7782245430,U,CTY,1,2,450,277828,197,29:00.0,2,6:00,830
7782245504,U,CTY,1,1,912,277828,197,02:00.0,2,3:00,830
7782253049,U,CTY,1,1,186,121402,189,01:00.0,2,7:00,830
7782271226,U,CTY,1,1,450,137397,176,04:00.0,6,20:00,830
778227316X,U,CTY,1,1,502,430868,172,05:00.0,4,13:00,830
778229043X,U,CTY,1,8,89,430868,172,14:00.0,4,14:00,830
7782617753,U,CTY,1,1,230,PASC175379,192,01:00.0,6,5:00,309
7782638873,U,CTY,1,1,700,136178,188,13:00.0,5,21:00,303
7782973053,U,IB,1,1,177,PASC634516,151,34:00.0,7,11:00,309
7782975574,U,CTY,1,3,6500,125161,195,33:00.0,5,18:00,309
778297562X,U,CTY,1,7,14590,129763,197,34:00.0,7,22:00,309
7782988444,U,CTY,1,3,4710,PASC533243,173,35:00.0,6,9:00,309
7782990561,U,CTY,1,1,730,PASC634534,197,38:00.0,1,5:00,309
778299058X,U,CTY,1,1,675,PASC634534,197,02:00.0,1,8:00,309
7782990754,U,CTY,1,1,185,T730211733,174,57:00.0,7,3:00,309
7782990828,U,CTY,1,1,705,PASC634534,197,53:00.0,1,7:00,309
7783006329,U,CTY,1,1,28,41166,175,21:00.0,5,10:00,309
7783006448,U,CTY,1,1,40,PASC533243,173,13:00.0,6,7:00,309
7783006475,U,CTY,1,1,505,119660,173,48:00.0,7,2:00,309
7783006493,U,CTY,1,3,1101,PASC175379,188,36:00.0,7,15:00,309
7783006686,U,CTY,1,1,1825,PASC634534,187,48:00.0,1,21:00,309
7783006722,U,IB,1,3,889,PASC175379,151,07:00.0,2,21:00,309
778300675X,U,CTY,1,1,138,T730211715,169,21:00.0,2,2:00,309
7783006796,U,IB,1,2,1894,PASC33311,145,26:00.0,4,12:00,309
7783006814,U,IB,1,2,245,PASC33311,145,50:00.0,4,12:00,309
7783006915,U,CTY,1,1,1922,131978,173,07:00.0,5,12:00,309
7783006924,U,CTY,1,1,476,131978,173,31:00.0,5,12:00,309
7783007025,U,CTY,1,2,211,202318,195,17:00.0,6,15:00,309
7783012828,U,CTY,1,4,8517,PASC533243,173,26:00.0,6,6:00,309
7783012855,U,CTY,1,1,2267,202318,195,54:00.0,6,13:00,309
7783018016,U,CTY,1,14,2460,T730211733,174,50:00.0,7,3:00,309
7783022874,U,CTY,1,3,4360,135165,189,31:00.0,5,21:00,309
7783047532,U,CTY,1,2,644,PASC175379,188,32:00.0,7,15:00,309
7783221323,U,IB,1,1,597,129473,114,37:00.0,5,3:00,108
7783222093,U,OB,1,9,214,133263,96,46:00.0,3,6:00,108
778322235X,U,IB,1,1,13,129473,114,42:00.0,5,4:00,108
7783222423,U,IB,1,1,13,129473,114,39:00.0,5,4:00,108
7783222809,U,OB,1,80,640,133263,96,19:00.0,3,7:00,108
778322301X,U,CTY,1,4,52,132301,188,43:00.0,6,4:00,108
7783223606,U,OB,1,30,840,127260,90,31:00.0,7,13:00,108
7783223633,U,IB,1,1,31,138970,151,25:00.0,7,21:00,108
7783223799,U,IB,1,1,5,140002,101,22:00.0,1,4:00,108
7783224349,U,IB,1,70,1930,211275,113,29:00.0,7,7:00,108
7783225182,U,OB,1,50,2115,130709,95,33:00.0,2,15:00,108
7783226109,U,IB,1,4,200,136007,108,52:00.0,6,21:00,108
7783226109,U,OB,1,4,200,136007,95,49:00.0,6,21:00,108
7783226190,U,IB,1,2,20,290406,116,12:00.0,7,0:00,108
778322620X,U,IB,1,1,10,290406,116,12:00.0,7,0:00,108
7783226246,U,IB,1,1,5,290406,116,32:00.0,7,1:00,108
7783248118,U,IB,1,1,252,842193,110,06:00.0,5,0:00,422
7783248136,U,OB,1,2,685,903951,75,33:00.0,5,1:00,422
7783248145,U,OB,1,1,770,903951,75,35:00.0,5,1:00,422
7783255955,U,OB,1,4,1925,842274,55,14:00.0,2,22:00,422
7783255991,U,OB,1,2,955,842274,55,49:00.0,2,21:00,422
7783256029,U,OB,1,3,1012,842274,55,35:00.0,2,18:00,422
778325612X,U,OB,1,3,644,842274,55,05:00.0,2,22:00,422
7783256294,U,OB,1,2,1155,842274,55,04:00.0,2,22:00,422
7783256312,U,OB,1,3,1057,842274,55,17:00.0,2,19:00,422
7783256312,U,OB,1,3,1057,842274,55,17:00.0,2,19:00,422
7783256368,U,OB,1,1,1497,599375,39,41:00.0,2,22:00,422
7783256395,U,IB,1,1,1244,310968,163,37:00.0,3,16:00,422
7783256404,U,OB,1,2,1427,842274,55,29:00.0,2,19:00,422
7783256413,U,OB,1,1,880,842274,55,57:00.0,2,21:00,422
7783256422,U,OB,1,2,1413,842274,55,31:00.0,2,21:00,422
7783256431,U,OB,1,1,705,842274,55,18:00.0,2,20:00,422
7783256440,U,OB,1,2,1428,842274,93,37:00.0,2,19:00,422
7783256440,U,OB,1,2,1428,842274,55,36:00.0,2,19:00,422
778325645X,U,OB,1,2,1371,842274,55,35:00.0,2,21:00,422
7783256469,U,OB,1,2,1401,842274,55,22:00.0,2,19:00,422
7783256478,U,OB,1,2,1515,599375,39,14:00.0,2,22:00,422
7783256487,U,OB,1,1,363,599375,39,20:00.0,2,22:00,422
7783256505,U,OB,1,1,862,599375,39,39:00.0,2,21:00,422
7783256523,U,OB,1,1,1054,842274,55,42:00.0,2,21:00,422
7783256532,U,OB,1,3,1703,558481,46,30:00.0,3,18:00,422
7783256532,U,OB,1,3,1703,558481,57,55:00.0,3,18:00,422
7783256541,U,OB,1,2,978,558481,46,10:00.0,3,19:00,422
7783256550,U,OB,1,1,653,558481,46,55:00.0,3,18:00,422
7783256579,U,OB,1,2,1869,113909,46,26:00.0,4,2:00,422
7783256588,U,OB,1,2,836,113909,46,25:00.0,4,0:00,422
7783256597,U,OB,1,3,1409,113909,46,41:00.0,4,2:00,422
7783256615,U,OB,1,1,769,842274,55,48:00.0,2,20:00,422
7783256642,U,OB,1,4,1294,558481,46,39:00.0,3,18:00,422
7783256651,U,OB,1,1,1904,113909,46,16:00.0,4,0:00,422
7783256660,U,OB,1,2,1345,113909,46,03:00.0,4,0:00,422
7783256689,U,OB,1,3,882,558481,46,22:00.0,3,18:00,422
7783256698,U,OB,1,2,558,113909,46,28:00.0,4,0:00,422
7783256707,U,OB,1,1,688,558481,46,22:00.0,3,18:00,422
7783256716,U,OB,1,2,670,558481,46,07:00.0,3,19:00,422
7783256817,U,OB,1,1,550,558481,46,15:00.0,3,19:00,422
7783256826,U,OB,1,2,855,558481,46,48:00.0,3,18:00,422
7783256835,U,OB,1,2,577,599375,39,25:00.0,2,22:00,422
7783256844,U,OB,1,8,3359,599375,39,48:00.0,2,22:00,422
7783256862,U,OB,1,5,2046,558481,46,17:00.0,3,19:00,422
7783256880,U,OB,1,2,677,558481,46,03:00.0,3,19:00,422
778325689X,U,OB,1,2,599,599375,39,19:00.0,2,22:00,422
7783256909,U,OB,1,2,825,558481,46,11:00.0,3,19:00,422
7783256918,U,OB,1,2,482,842274,55,47:00.0,2,18:00,422
7783256927,U,OB,1,2,876,558481,46,51:00.0,3,18:00,422
7783256936,U,CTY,1,1,96,842274,R1  ,31:00.0,3,0:00,422
7783256936,U,OB,1,1,96,842274,55,42:00.0,2,20:00,422
7783256963,U,OB,1,1,770,558481,46,15:00.0,3,18:00,422
7783256972,U,OB,1,4,1200,841925,39,32:00.0,4,18:00,422
7783256981,U,OB,1,1,503,113909,46,32:00.0,4,2:00,422
7783256990,U,OB,1,1,945,599375,39,04:00.0,2,22:00,422
778325700X,U,OB,1,12,5285,599375,39,11:00.0,2,22:00,422
7783257019,U,OB,1,1,556,841925,39,28:00.0,4,19:00,422
7783257028,U,OB,1,2,792,113909,46,19:00.0,4,0:00,422
7783257037,U,OB,1,2,1121,841925,39,43:00.0,4,19:00,422
7783257046,U,OB,1,2,2520,599375,39,49:00.0,2,21:00,422
7783257055,U,OB,1,1,904,841925,39,36:00.0,4,19:00,422
7783257064,U,OB,1,1,668,842274,55,46:00.0,2,20:00,422
7783257073,U,OB,1,2,301,599375,39,08:00.0,2,22:00,422
7783257082,U,OB,1,1,420,599375,39,37:00.0,2,21:00,422
7783257091,U,OB,1,1,1220,599375,39,38:00.0,2,22:00,422
7783257100,U,OB,1,1,502,599375,39,09:00.0,2,22:00,422
778325711X,U,OB,1,5,6279,113909,46,13:00.0,4,0:00,422
7783257138,U,OB,1,1,810,113063,60,43:00.0,5,0:00,422
7783257156,U,OB,1,1,766,841925,39,32:00.0,4,19:00,422
7783257174,U,OB,1,1,409,113063,60,50:00.0,5,0:00,422
7783257183,U,OB,1,2,2016,97063,75,57:00.0,5,19:00,422
7783257192,U,OB,1,2,1930,97063,75,05:00.0,5,20:00,422
7783257201,U,OB,1,1,944,113909,46,46:00.0,4,0:00,422
7783257210,U,OB,1,5,2398,97063,75,08:00.0,5,19:00,422
7783257239,U,OB,1,1,878,113063,60,45:00.0,5,0:00,422
7783257248,U,OB,1,5,1721,113909,46,47:00.0,4,2:00,422
7783257266,U,OB,1,1,765,113909,46,51:00.0,4,0:00,422
7783257284,U,OB,1,2,1239,841925,39,19:00.0,4,19:00,422
7783257293,U,OB,1,5,2768,113063,60,39:00.0,5,1:00,422
7783257311,U,OB,1,3,1466,841925,39,50:00.0,4,19:00,422
7783257320,U,OB,1,3,804,841925,39,57:00.0,4,18:00,422
778325733X,U,OB,1,2,713,841925,39,53:00.0,4,18:00,422
7783257349,U,OB,1,2,595,558481,46,04:00.0,3,19:00,422
7783257358,U,OB,1,1,780,558481,46,27:00.0,3,18:00,422
7783257367,U,OB,1,1,845,558481,46,38:00.0,3,18:00,422
7783257376,U,OB,1,1,880,113909,46,50:00.0,4,2:00,422
7783257385,U,OB,1,1,580,841925,39,48:00.0,4,18:00,422
7783257394,U,OB,1,2,750,113909,46,15:00.0,4,2:00,422
7783257403,U,OB,1,1,600,841925,39,46:00.0,4,19:00,422
7783257412,U,OB,1,1,1485,113909,46,43:00.0,4,0:00,422
7783257421,U,OB,1,1,739,841925,39,48:00.0,4,19:00,422
778325744X,U,OB,1,1,2090,113909,46,38:00.0,4,0:00,422
7783257459,U,OB,1,1,296,97063,75,10:00.0,5,20:00,422
7783257468,U,OB,1,1,218,97063,75,08:00.0,5,20:00,422
7783257486,U,OB,1,15,9768,842274,60,31:00.0,7,1:00,422
7783257495,U,OB,1,1,684,97063,75,14:00.0,5,19:00,422
7783257504,U,OB,1,1,770,841925,39,38:00.0,4,18:00,422
7783257513,U,OB,1,1,541,97063,75,12:00.0,5,19:00,422
7783257522,U,OB,1,1,558,841925,39,43:00.0,4,18:00,422
778325755X,U,OB,1,1,944,97063,75,52:00.0,5,19:00,422
7783257569,U,OB,1,1,798,842274,60,29:00.0,6,22:00,422
7783257587,U,OB,1,4,1044,111483,39,28:00.0,6,1:00,422
7783257605,U,OB,1,5,1981,97063,75,48:00.0,5,18:00,422
7783257614,U,OB,1,4,964,113063,60,16:00.0,5,1:00,422
7783257623,U,OB,1,5,1826,111483,39,18:00.0,6,3:00,422
7783257632,U,OB,1,5,1665,842274,60,34:00.0,6,23:00,422
7783257641,U,OB,1,7,2484,111483,39,12:00.0,6,2:00,422
7783257650,U,OB,1,1,780,841925,39,35:00.0,4,18:00,422
778325766X,U,OB,1,3,1668,97063,75,31:00.0,5,18:00,422
7783257679,U,OB,1,2,482,113063,60,07:00.0,5,1:00,422
7783257688,U,OB,1,1,780,841925,39,10:00.0,4,19:00,422
7783257697,U,OB,1,2,1031,97063,75,18:00.0,5,19:00,422
7783257706,U,OB,1,3,1328,113063,60,20:00.0,5,1:00,422
7783257715,U,OB,1,1,712,111483,39,41:00.0,6,0:00,422
7783257724,U,OB,1,1,586,97063,75,18:00.0,5,18:00,422
7783257733,U,OB,1,1,912,97063,75,22:00.0,5,18:00,422
7783257751,U,OB,1,5,5608,111483,39,16:00.0,6,3:00,422
778325777X,U,OB,1,3,1014,111483,39,51:00.0,6,0:00,422
7783257789,U,OB,1,2,574,559935,75,34:00.0,2,18:00,422
7783257798,U,OB,1,1,765,841925,39,37:00.0,4,18:00,422
7783257807,U,OB,1,2,736,841925,39,59:00.0,4,18:00,422
7783257816,U,OB,1,1,582,841925,39,41:00.0,4,18:00,422
7783257825,U,OB,1,2,767,841925,39,24:00.0,4,19:00,422
7783257843,U,OB,1,1,780,97063,75,26:00.0,5,20:00,422
7783257852,U,OB,1,1,209,97063,75,43:00.0,5,19:00,422
7783257861,U,OB,1,1,446,113063,60,55:00.0,5,0:00,422
7783257870,U,OB,1,5,3850,113063,60,26:00.0,5,1:00,422
778325788X,U,OB,1,1,330,97063,75,41:00.0,5,19:00,422
7783257899,U,OB,1,1,582,97063,75,32:00.0,5,19:00,422
7783257908,U,OB,1,2,612,97063,75,37:00.0,5,19:00,422
7783257917,U,OB,1,1,304,97063,75,28:00.0,5,20:00,422
7783257926,U,OB,1,1,93,97063,75,47:00.0,5,19:00,422
7783257935,U,OB,1,1,582,97063,75,25:00.0,5,19:00,422
7783257944,U,OB,1,4,1011,97063,75,55:00.0,5,18:00,422
7783257953,U,OB,1,1,364,111483,39,17:00.0,6,2:00,422
7783257962,U,OB,1,2,501,842274,60,13:00.0,7,1:00,422
7783257971,U,OB,1,1,538,842274,60,33:00.0,6,21:00,422
7783257980,U,OB,1,1,558,111483,39,50:00.0,6,1:00,422
778325799X,U,OB,1,45,1014,558258,51,36:00.0,7,2:00,422
7783258027,U,OB,1,2,1902,842274,60,19:00.0,7,1:00,422
7783258036,U,OB,1,16,773,558258,51,12:00.0,7,2:00,422
7783258045,U,OB,1,1,485,559935,75,19:00.0,2,20:00,422
7783258054,U,OB,1,4,3102,558258,51,21:00.0,7,2:00,422
7783258063,U,OB,1,4,1779,559935,75,29:00.0,2,20:00,422
7783258072,U,OB,1,4,1009,559935,75,50:00.0,2,18:00,422
7783258072,U,IB,1,4,1009,559935,106,07:00.0,3,0:00,422
7783258081,U,OB,1,1,412,558258,51,28:00.0,7,2:00,422
7783258090,U,OB,1,3,1564,559935,75,25:00.0,2,20:00,422
778325810X,U,OB,1,1,572,111483,39,10:00.0,6,3:00,422
7783258119,U,OB,1,1,515,559935,75,17:00.0,2,20:00,422
7783258146,U,OB,1,4,313,558258,51,26:00.0,7,2:00,422
7783258155,U,OB,1,1,494,842274,60,53:00.0,6,22:00,422
7783258164,U,OB,1,2,3230,842274,60,08:00.0,7,1:00,422
7783258173,U,OB,1,1,640,842274,60,22:00.0,6,21:00,422
7783258173,U,CTY,1,1,640,842274,N11 ,45:00.0,7,12:00,422
7783258182,U,OB,1,1,721,842274,60,03:00.0,7,1:00,422
7783258191,U,OB,1,3,471,97063,75,59:00.0,5,19:00,422
7783258200,U,OB,1,1,224,111483,39,03:00.0,6,1:00,422
7783258229,U,OB,1,1,157,111483,39,58:00.0,6,0:00,422
7783258238,U,OB,1,1,172,842274,60,17:00.0,6,21:00,422
7783258247,U,OB,1,1,1320,111483,39,27:00.0,6,2:00,422
7783258256,U,OB,1,1,243,559935,75,01:00.0,2,18:00,422
7783258256,U,OB,1,1,243,559935,81,49:00.0,2,20:00,422
7783258265,U,OB,1,1,364,111483,39,14:00.0,6,2:00,422
7783258274,U,OB,1,1,281,506945,60,16:00.0,3,19:00,422
7783258283,U,OB,1,1,364,559935,75,40:00.0,2,18:00,422
7783258301,U,OB,1,1,688,559935,75,05:00.0,2,20:00,422
7783258310,U,OB,1,1,346,559935,75,24:00.0,2,18:00,422
7783258339,U,IB,1,1,675,97063,113,30:00.0,3,11:00,422
7783258348,U,OB,1,2,1512,559935,75,03:00.0,2,18:00,422
7783258357,U,OB,1,1,740,506945,60,37:00.0,3,21:00,422
7783258375,U,OB,1,7,1436,506945,60,11:00.0,3,19:00,422
7783258384,U,OB,1,1,704,559935,75,22:00.0,2,19:00,422
7783258393,U,IB,1,1,1120,97063,113,34:00.0,3,11:00,422
7783258402,U,OB,1,4,998,559935,75,10:00.0,2,18:00,422
7783258411,U,IB,1,5,3264,97063,113,55:00.0,3,12:00,422
7783258420,U,IB,1,5,3283,97063,113,45:00.0,3,12:00,422
7783258449,U,IB,1,3,799,97063,113,08:00.0,3,13:00,422
7783258467,U,OB,1,1,880,559935,75,07:00.0,2,20:00,422
7783258485,U,OB,1,6,1536,558258,51,08:00.0,7,2:00,422
7783258494,U,OB,1,1,662,559935,75,27:00.0,2,19:00,422
7783258503,U,OB,1,1,525,559935,75,20:00.0,2,18:00,422
7783258512,U,OB,1,5,2825,97063,85,22:00.0,3,13:00,422
7783258521,U,OB,1,1,575,559935,75,10:00.0,2,20:00,422
7783258530,U,IB,1,1,440,559935,133,15:00.0,3,10:00,422
7783258530,U,OB,1,1,440,559935,75,25:00.0,2,19:00,422
7783258530,U,OB,1,1,440,559935,5,41:00.0,5,3:00,422
778325854X,U,CTY,1,1,182,97063,OFN ,27:00.0,4,13:00,422
7783258559,U,OB,1,2,1269,506945,60,11:00.0,3,22:00,422
7783258568,U,OB,1,2,962,506945,60,24:00.0,3,21:00,422
7783258577,U,OB,1,2,1057,506945,60,38:00.0,3,20:00,422
7783258595,U,IB,1,3,623,000OSD,124,42:00.0,6,10:00,422
7783258613,U,OB,1,1,813,430233,50,33:00.0,4,21:00,422
7783258622,U,OB,1,2,1000,559935,75,01:00.0,2,19:00,422
7783258631,U,OB,1,2,895,310316,49,27:00.0,4,23:00,422
7783258640,U,OB,1,3,1236,506945,60,24:00.0,3,18:00,422
7783258669,U,OB,1,1,572,559935,75,41:00.0,2,18:00,422
7783258678,U,OB,1,2,742,10166,83,16:00.0,4,2:00,422
7783258678,U,OB,1,2,742,10166,66,25:00.0,3,23:00,422
7783258696,U,OB,1,1,701,310316,49,53:00.0,4,22:00,422
7783258705,U,OB,1,1,880,559935,75,36:00.0,2,18:00,422
7783258714,U,OB,1,2,1297,430233,50,42:00.0,4,22:00,422
7783258723,U,OB,1,2,544,506945,60,29:00.0,3,19:00,422
7783258732,U,OB,1,2,3522,506945,60,30:00.0,3,18:00,422
7783258741,U,OB,1,3,1135,559935,75,11:00.0,2,19:00,422
7783258779,U,OB,1,1,744,559935,75,30:00.0,2,18:00,422
7783258788,U,OB,1,1,630,559935,75,17:00.0,2,18:00,422
7783258797,U,OB,1,1,780,97063,81,09:00.0,3,13:00,422
7783258806,U,OB,1,1,900,559935,75,22:00.0,2,18:00,422
7783258815,U,OB,1,2,1240,97063,59,05:00.0,3,13:00,422
7783258824,U,OB,1,6,3485,113979,75,56:00.0,5,20:00,422
7783258833,U,OB,1,1,463,430233,50,24:00.0,4,20:00,422
7783258842,U,OB,1,1,656,430233,50,18:00.0,4,21:00,422
7783258851,U,OB,1,4,1419,430233,50,09:00.0,4,22:00,422
7783258860,U,OB,1,1,395,430233,50,34:00.0,4,22:00,422
778325887X,U,OB,1,1,372,430233,50,16:00.0,4,20:00,422
7783258889,U,OB,1,1,1134,310316,49,22:00.0,4,22:00,422
7783258898,U,OB,1,2,439,57017,76,49:00.0,6,0:00,422
7783258907,U,OB,1,5,2487,113979,75,51:00.0,5,20:00,422
7783258916,U,OB,1,10,3870,57017,76,29:00.0,6,2:00,422
7783258925,U,OB,1,2,977,113979,75,43:00.0,5,22:00,422
7783258934,U,OB,1,3,1841,310316,49,49:00.0,4,22:00,422
7783258943,U,OB,1,9,4522,113979,75,09:00.0,6,1:00,422
7783258952,U,OB,1,2,571,113979,75,41:00.0,5,20:00,422
7783258961,U,OB,1,1,418,506945,60,16:00.0,3,21:00,422
7783258970,U,OB,1,2,697,113979,75,13:00.0,6,1:00,422
7783258999,U,OB,1,3,1382,113979,75,36:00.0,5,22:00,422
7783259008,U,OB,1,7,2592,113979,75,19:00.0,5,22:00,422
7783259017,U,OB,1,4,1325,113979,75,26:00.0,5,21:00,422
7783259026,U,OB,1,2,452,310316,49,35:00.0,4,22:00,422
7783259035,U,OB,1,1,834,310316,49,27:00.0,4,22:00,422
7783259080,U,OB,1,2,1047,57017,76,04:00.0,6,2:00,422
778325909X,U,OB,1,1,477,57017,76,00:00.0,6,1:00,422
7783259109,U,OB,1,1,1610,506945,60,20:00.0,3,18:00,422
7783259118,U,OB,1,2,1043,506945,60,31:00.0,3,20:00,422
7783259154,U,OB,1,2,879,430233,50,07:00.0,4,20:00,422
7783259172,U,OB,1,1,840,430233,50,29:00.0,4,21:00,422
7783259181,U,OB,1,2,1348,113979,75,28:00.0,6,2:00,422
7783259228,U,OB,1,3,595,842091,67,54:00.0,6,22:00,422
7783259237,U,OB,1,3,957,57017,76,01:00.0,6,1:00,422
7783259246,U,OB,1,1,688,842091,67,38:00.0,6,21:00,422
7783259255,U,OB,1,1,459,842091,67,46:00.0,6,20:00,422
7783259264,U,OB,1,1,570,57017,76,47:00.0,6,0:00,422
7783259282,U,OB,1,1,1818,57017,76,11:00.0,6,2:00,422
7783259291,U,OB,1,1,545,842091,67,16:00.0,6,21:00,422
7783259300,U,OB,1,2,536,57017,76,27:00.0,6,2:00,422
778325931X,U,OB,1,2,1013,113979,75,59:00.0,5,21:00,422
7783259329,U,OB,1,1,361,430233,50,05:00.0,4,21:00,422
7783259338,U,OB,1,1,1579,57017,76,51:00.0,6,0:00,422
7783259347,U,OB,1,2,1366,430233,50,25:00.0,4,21:00,422
7783259383,U,OB,1,4,1356,842091,72,44:00.0,1,3:00,422
7783259392,U,OB,1,1,534,57017,76,07:00.0,6,1:00,422
7783259401,U,OB,1,2,617,57017,76,07:00.0,6,2:00,422
778325942X,U,OB,1,2,817,113979,75,35:00.0,6,1:00,422
7783259439,U,OB,1,3,2014,113979,75,40:00.0,5,22:00,422
7783259448,U,OB,1,2,706,112054,75,25:00.0,7,4:00,422
7783259457,U,OB,1,1,544,842091,67,23:00.0,6,21:00,422
7783259475,U,OB,1,2,1380,113979,75,01:00.0,6,1:00,422
7783259484,U,OB,1,2,1350,310316,49,24:00.0,4,21:00,422
7783259493,U,OB,1,1,1244,310316,49,30:00.0,4,22:00,422
7783259549,U,OB,1,1,351,57017,76,14:00.0,6,2:00,422
7783259558,U,OB,1,3,2127,112054,75,39:00.0,7,3:00,422
7783259567,U,OB,1,1,768,57017,76,45:00.0,6,0:00,422
7783259576,U,OB,1,1,290,57017,76,17:00.0,6,2:00,422
7783259585,U,OB,1,1,1139,113979,75,20:00.0,5,20:00,422
7783259603,U,OB,1,1,161,113979,75,05:00.0,6,1:00,422
7783259630,U,OB,1,1,182,430233,50,22:00.0,4,21:00,422
778325964X,U,OB,1,1,1200,310316,49,19:00.0,4,22:00,422
7783259659,U,OB,1,1,1210,310316,49,13:00.0,4,22:00,422
7783259668,U,OB,1,2,715,57017,76,10:00.0,6,2:00,422
7783259677,U,OB,1,1,1798,430233,50,57:00.0,4,21:00,422
7783259695,U,OB,1,1,2555,430233,50,44:00.0,4,21:00,422
7783259704,U,OB,1,1,2900,430233,50,31:00.0,4,22:00,422
7783259713,U,OB,1,1,1305,113979,75,49:00.0,5,22:00,422
7783259722,U,OB,1,1,558,430233,50,11:00.0,4,20:00,422
7783259731,U,OB,1,1,418,57017,76,23:00.0,6,1:00,422
7783259740,U,OB,1,2,452,57017,76,32:00.0,6,0:00,422
778325975X,U,OB,1,1,263,842091,67,55:00.0,6,23:00,422
7783259769,U,OB,1,1,335,57017,76,58:00.0,6,0:00,422
7783259778,U,OB,1,1,418,113979,75,08:00.0,5,20:00,422
7783259787,U,OB,1,1,900,113979,75,42:00.0,6,1:00,422
7783259796,U,OB,1,2,662,57017,76,24:00.0,6,2:00,422
7783259805,U,OB,1,1,770,57017,76,40:00.0,6,0:00,422
7783259814,U,OB,1,3,1410,112054,75,43:00.0,7,5:00,422
7783259823,U,OB,1,2,887,10260,60,50:00.0,3,19:00,422
7783259823,U,CTY,1,2,887,10260,187,19:00.0,1,22:00,422
7783259832,U,OB,1,1,1260,842091,67,59:00.0,6,20:00,422
7783259841,U,OB,1,1,530,506945,50,19:00.0,2,19:00,422
7783259850,U,OB,1,1,683,506945,50,48:00.0,2,19:00,422
7783259888,U,OB,1,4,1210,112054,75,33:00.0,7,4:00,422
7783259897,U,OB,1,1,627,112054,75,25:00.0,7,3:00,422
7783259906,U,OB,1,1,789,506945,50,45:00.0,2,19:00,422
7783259915,U,OB,1,2,1960,506945,50,23:00.0,2,19:00,422
7783259924,U,OB,1,1,1050,842091,67,03:00.0,6,21:00,422
7783259933,U,OB,1,4,3795,112054,75,47:00.0,7,4:00,422
7783259951,U,OB,1,3,1788,112054,75,12:00.0,7,7:00,422
7783259960,U,OB,1,2,456,842091,67,34:00.0,6,22:00,422
778325997X,U,OB,1,3,4231,506945,50,39:00.0,2,19:00,422
778325997X,U,CTY,1,3,4231,506945,P15 ,22:00.0,3,12:00,422
7783259989,U,OB,1,4,3898,10260,60,58:00.0,3,19:00,422
7783260007,U,OB,1,2,720,112054,75,26:00.0,7,5:00,422
7783260016,U,OB,1,2,735,112054,75,56:00.0,7,3:00,422
7783260025,U,OB,1,2,698,506945,50,14:00.0,2,19:00,422
7783260034,U,OB,1,2,693,506945,79,03:00.0,3,0:00,422
7783260034,U,OB,1,2,693,506945,50,28:00.0,2,19:00,422
7783260043,U,OB,1,3,1327,112054,75,00:00.0,7,4:00,422
7783260061,U,OB,1,2,1485,113979,75,35:00.0,6,2:00,422
7783260070,U,OB,1,1,1106,57017,76,21:00.0,6,2:00,422
778326008X,U,OB,1,2,2362,57017,76,22:00.0,6,2:00,422
7783260099,U,IB,1,1,2230,112054,106,02:00.0,7,20:00,422
7783260099,U,OB,1,1,2230,112054,75,20:00.0,7,6:00,422
7783260108,U,OB,1,3,963,112054,75,44:00.0,7,4:00,422
7783260117,U,OB,1,2,920,112054,75,13:00.0,7,5:00,422
7783260126,U,OB,1,1,418,112054,75,07:00.0,7,5:00,422
7783260144,U,OB,1,1,910,504612,88,32:00.0,2,22:00,422
7783260153,U,OB,1,3,2395,561048,61,02:00.0,4,22:00,422
7783260162,U,OB,1,1,582,57002,67,19:00.0,4,0:00,422
7783260171,U,OB,1,1,585,506945,50,16:00.0,2,19:00,422
7783260180,U,OB,1,3,911,10260,60,52:00.0,3,19:00,422
7783260209,U,OB,1,2,1103,506945,50,56:00.0,2,18:00,422
7783260209,U,OB,1,2,1103,506945,58,48:00.0,3,6:00,422
7783260218,U,OB,1,4,1585,57002,67,44:00.0,4,0:00,422
7783260227,U,OB,1,3,603,112054,75,47:00.0,7,3:00,422
7783260236,U,OB,1,1,832,10260,60,55:00.0,3,18:00,422
7783260245,U,OB,1,1,864,842091,67,40:00.0,6,22:00,422
7783260254,U,OB,1,2,2442,842091,67,05:00.0,6,22:00,422
7783260263,U,OB,1,1,880,842091,67,29:00.0,6,22:00,422
7783260272,U,OB,1,1,355,504612,88,50:00.0,2,21:00,422
7783260281,U,OB,1,1,850,10260,60,04:00.0,3,19:00,422
7783260319,U,OB,1,1,435,842091,67,36:00.0,6,22:00,422
7783260328,U,OB,1,1,605,10260,60,15:00.0,3,19:00,422
7783260337,U,OB,1,5,4935,504612,88,55:00.0,2,22:00,422
7783260346,U,OB,1,1,1031,112054,75,06:00.0,7,4:00,422
7783260355,U,OB,1,1,2220,112054,75,17:00.0,7,6:00,422
7783260364,U,OB,1,1,2420,112054,75,22:00.0,7,6:00,422
7783260373,U,OB,1,1,582,112054,75,10:00.0,7,5:00,422
7783260382,U,OB,1,1,1067,842091,67,44:00.0,6,22:00,422
7783260382,U,OB,1,1,1067,842091,70,50:00.0,6,22:00,422
7783260391,U,OB,1,1,43,112054,75,16:00.0,7,4:00,422
778326041X,U,OB,1,1,2420,504612,88,53:00.0,2,21:00,422
7783260429,U,OB,1,1,580,561048,26,15:00.0,4,21:00,422
7783260438,U,OB,1,1,643,506945,50,39:00.0,2,18:00,422
7783260447,U,OB,1,1,474,561048,26,30:00.0,4,22:00,422
7783260465,U,OB,1,1,1260,506945,50,38:00.0,2,18:00,422
7783260474,U,OB,1,1,580,10260,60,19:00.0,3,19:00,422
7783260483,U,OB,1,1,564,10260,60,52:00.0,3,18:00,422
7783260492,U,OB,1,29,820,113979,69,05:00.0,5,0:00,422
7783260501,U,OB,1,2,733,10260,60,34:00.0,3,18:00,422
7783260510,U,OB,1,1,628,57002,67,11:00.0,4,1:00,422
7783260510,U,OB,1,1,628,57002,57,39:00.0,4,2:00,422
7783260539,U,OB,1,2,1232,561048,26,21:00.0,4,22:00,422
7783260548,U,OB,1,5,5285,57002,67,37:00.0,4,1:00,422
7783260557,U,OB,1,2,1164,57002,67,32:00.0,4,0:00,422
7783260566,U,OB,1,3,1707,561048,26,39:00.0,4,22:00,422
7783260593,U,OB,1,1,879,57002,67,12:00.0,4,0:00,422
7783260602,U,OB,1,2,624,57002,67,03:00.0,4,0:00,422
7783260611,U,OB,1,1,162,506945,50,26:00.0,2,19:00,422
7783260620,U,OB,1,1,649,504612,88,46:00.0,2,21:00,422
778326063X,U,OB,1,2,682,504612,88,41:00.0,2,22:00,422
7783260649,U,OB,1,1,573,506945,50,45:00.0,2,18:00,422
7783260658,U,OB,1,2,2340,504612,88,21:00.0,2,22:00,422
7783260667,U,OB,1,1,353,10260,60,34:00.0,3,19:00,422
7783260676,U,OB,1,1,235,504612,88,08:00.0,2,22:00,422
7783260685,U,OB,1,1,126,10260,60,13:00.0,3,19:00,422
7783260712,U,OB,1,1,600,10260,60,43:00.0,3,18:00,422
7783260721,U,OB,1,10,478,113979,69,35:00.0,4,23:00,422
7783260730,U,OB,1,2,1095,57002,67,32:00.0,4,1:00,422
778326074X,U,OB,1,3,2452,561048,26,47:00.0,4,22:00,422
7783260759,U,OB,1,3,1151,561048,26,29:00.0,4,21:00,422
7783260786,U,OB,1,1,661,561048,26,25:00.0,4,21:00,422
7783260813,U,OB,1,1,722,561048,26,58:00.0,4,19:00,422
7783260822,U,OB,1,2,751,561048,26,00:00.0,4,20:00,422
7783260840,U,OB,1,3,1662,10260,55,06:00.0,5,20:00,422
778326085X,U,OB,1,3,1591,10260,55,56:00.0,5,19:00,422
7783260869,U,OB,1,4,1246,561048,56,54:00.0,4,21:00,422
7783260878,U,OB,1,2,1191,10260,55,07:00.0,5,19:00,422
7783260887,U,OB,1,1,741,10260,55,02:00.0,5,19:00,422
7783260896,U,OB,1,2,1140,10260,55,05:00.0,5,20:00,422
7783260914,U,OB,1,2,730,10260,55,08:00.0,5,20:00,422
7783260923,U,OB,1,1,744,57002,67,27:00.0,4,1:00,422
7783260932,U,OB,1,1,506,561048,26,10:00.0,4,20:00,422
7783260941,U,OB,1,4,1512,57002,67,20:00.0,4,1:00,422
778326096X,U,OB,1,3,1690,10260,55,52:00.0,5,19:00,422
7783260988,U,OB,1,8,891,113979,69,05:00.0,5,1:00,422
7783261006,U,OB,1,13,1005,113979,69,55:00.0,4,22:00,422
7783261015,U,OB,1,4,1657,57002,67,38:00.0,4,0:00,422
7783261024,U,OB,1,3,1960,57002,67,11:00.0,4,2:00,422
7783261033,U,OB,1,1,298,561048,26,28:00.0,4,22:00,422
7783261042,U,OB,1,1,558,561048,26,48:00.0,4,21:00,422
7783261051,U,OB,1,1,463,57002,67,40:00.0,4,0:00,422
7783261060,U,OB,1,1,63,57002,67,36:00.0,4,1:00,422
7783261098,U,OB,1,1,572,561048,26,46:00.0,4,21:00,422
7783261107,U,OB,1,3,1470,113979,69,11:00.0,5,1:00,422
7783261116,U,OB,1,6,4237,561048,87,56:00.0,4,21:00,422
7783261125,U,OB,1,1,576,10260,55,45:00.0,5,19:00,422
7783261134,U,OB,1,2,944,57017,52,01:00.0,6,21:00,422
7783261143,U,OB,1,3,2785,558194,72,18:00.0,5,22:00,422
7783261152,U,OB,1,1,857,10260,55,43:00.0,5,18:00,422
7783261161,U,OB,1,1,848,57017,52,34:00.0,6,19:00,422
7783261170,U,OB,1,3,1551,558194,72,48:00.0,5,22:00,422
778326118X,U,OB,1,3,1196,57017,52,14:00.0,6,21:00,422
7783261199,U,OB,1,1,568,57017,52,51:00.0,6,19:00,422
7783261208,U,OB,1,1,305,57017,52,54:00.0,6,19:00,422
7783261226,U,OB,1,1,657,57017,52,48:00.0,6,19:00,422
7783261244,U,OB,1,1,1024,57017,52,16:00.0,6,20:00,422
7783261253,U,OB,1,1,1400,558194,72,20:00.0,5,22:00,422
7783261262,U,OB,1,3,797,10260,55,51:00.0,5,18:00,422
7783261271,U,OB,1,4,2232,561048,12,18:00.0,4,20:00,422
7783261280,U,OB,1,1,908,57017,52,18:00.0,6,18:00,422
778326129X,U,OB,1,1,555,57017,52,16:00.0,6,21:00,422
7783261318,U,OB,1,2,1288,558194,72,52:00.0,5,22:00,422
7783261336,U,OB,1,2,592,57017,52,01:00.0,6,21:00,422
7783261354,U,OB,1,4,2430,10260,55,11:00.0,5,20:00,422
7783261354,U,IB,1,4,2430,10260,107,14:00.0,5,20:00,422
7783261363,U,OB,1,1,1078,57017,52,46:00.0,6,19:00,422
7783261372,U,OB,1,1,490,57017,52,15:00.0,6,19:00,422
7783261381,U,OB,1,2,482,C422113979,69,12:00.0,5,1:00,422
7783261390,U,OB,1,1,572,10260,55,43:00.0,5,19:00,422
7783261419,U,OB,1,1,303,558194,72,28:00.0,5,22:00,422
7783261428,U,OB,1,2,936,57017,52,19:00.0,6,20:00,422
7783261437,U,OB,1,3,2575,112704,46,54:00.0,7,1:00,422
7783261446,U,OB,1,1,485,431144,46,55:00.0,2,20:00,422
7783261455,U,OB,1,2,1245,431144,46,57:00.0,2,21:00,422
7783261464,U,OB,1,3,640,112704,46,03:00.0,7,2:00,422
7783261473,U,OB,1,3,1479,505667,74,59:00.0,3,0:00,422
7783261491,U,OB,1,1,164,10260,55,26:00.0,5,19:00,422
7783261500,U,OB,1,3,1904,10260,55,38:00.0,5,19:00,422
7783261538,U,OB,1,1,231,57017,52,53:00.0,6,18:00,422
7783261547,U,OB,1,1,260,57017,52,11:00.0,6,19:00,422
7783261565,U,OB,1,4,1990,57017,52,07:00.0,6,19:00,422
7783261574,U,OB,1,1,800,505667,74,08:00.0,3,1:00,422
7783261583,U,OB,1,3,577,505667,74,32:00.0,3,2:00,422
7783261592,U,OB,1,2,1573,842872,52,48:00.0,3,21:00,422
7783261601,U,OB,1,1,759,112704,46,09:00.0,7,1:00,422
7783261610,U,OB,1,4,1017,505667,79,29:00.0,3,22:00,422
7783261610,U,OB,1,4,1017,505667,74,34:00.0,3,2:00,422
778326162X,U,OB,1,5,1869,842872,52,39:00.0,3,21:00,422
7783261657,U,OB,1,3,752,431144,46,49:00.0,2,21:00,422
7783261666,U,OB,1,3,2126,558194,72,44:00.0,5,22:00,422
7783261675,U,OB,1,3,1196,431144,46,51:00.0,2,20:00,422
7783261684,U,OB,1,2,1909,57017,52,31:00.0,6,18:00,422
7783261693,U,OB,1,2,828,57017,52,50:00.0,6,18:00,422
7783261720,U,OB,1,1,650,10260,55,46:00.0,5,18:00,422
778326173X,U,OB,1,1,1505,558194,72,30:00.0,5,22:00,422
7783261749,U,OB,1,1,1840,558194,72,56:00.0,5,22:00,422
7783261758,U,OB,1,1,159,57017,52,28:00.0,6,18:00,422
7783261767,U,OB,1,1,364,57017,52,56:00.0,6,20:00,422
7783261776,U,OB,1,1,344,57017,52,14:00.0,6,18:00,422
7783261785,U,OB,1,2,400,57017,52,43:00.0,6,18:00,422
7783261794,U,OB,1,3,1827,57017,52,03:00.0,6,21:00,422
7783261812,U,OB,1,2,1284,842193,89,28:00.0,5,0:00,422
7783261821,U,OB,1,2,1636,505667,74,42:00.0,3,2:00,422
7783261830,U,OB,1,3,915,431144,46,42:00.0,2,22:00,422
7783261859,U,OB,1,1,148,431144,46,10:00.0,2,21:00,422
7783261868,U,OB,1,1,440,431144,46,24:00.0,2,22:00,422
7783261877,U,OB,1,1,575,431144,46,50:00.0,2,21:00,422
7783261922,U,OB,1,7,2863,431144,46,30:00.0,2,21:00,422
7783261931,U,OB,1,1,575,431144,46,04:00.0,3,0:00,422
7783261940,U,OB,1,2,585,431144,46,42:00.0,2,21:00,422
778326195X,U,OB,1,3,603,431144,46,31:00.0,2,21:00,422
7783261969,U,OB,1,2,608,431144,46,08:00.0,3,0:00,422
7783261978,U,OB,1,1,1100,112704,46,49:00.0,7,1:00,422
7783261987,U,OB,1,2,983,111483,50,13:00.0,4,0:00,422
7783261996,U,OB,1,5,1799,842872,52,34:00.0,3,21:00,422
7783262005,U,OB,1,1,531,111483,50,29:00.0,3,23:00,422
7783262014,U,OB,1,4,1293,842872,52,02:00.0,3,22:00,422
7783262023,U,OB,1,1,590,842872,52,51:00.0,3,20:00,422
7783262050,U,OB,1,2,875,842872,52,03:00.0,3,21:00,422
7783262079,U,OB,1,1,1845,112704,46,51:00.0,7,1:00,422
7783262088,U,OB,1,1,650,112704,46,41:00.0,7,1:00,422
7783262097,U,OB,1,1,1073,112704,46,47:00.0,7,1:00,422
7783262106,U,OB,1,1,1376,112704,46,43:00.0,7,1:00,422
7783262124,U,OB,1,3,846,842193,33,19:00.0,5,1:00,422
7783262124,U,OB,1,3,846,842193,33,19:00.0,5,1:00,422
7783262133,U,OB,1,2,1307,842193,89,56:00.0,5,0:00,422
7783262133,U,OB,1,2,1307,842193,33,57:00.0,5,0:00,422
7783262142,U,OB,1,2,889,903951,75,01:00.0,5,2:00,422
7783262151,U,OB,1,2,1975,431144,91,14:00.0,3,0:00,422
7783262151,U,OB,1,2,1975,431144,46,57:00.0,2,22:00,422
7783262160,U,OB,1,2,2520,431144,46,10:00.0,3,0:00,422
778326217X,U,OB,1,1,145,842872,52,36:00.0,3,21:00,422
7783262189,U,OB,1,1,418,505667,74,12:00.0,3,1:00,422
7783262198,U,OB,1,1,410,842872,52,17:00.0,3,21:00,422
7783262207,U,OB,1,1,2992,505667,74,29:00.0,3,2:00,422
7783262216,U,OB,1,1,510,87955,84,44:00.0,5,20:00,422
7783262225,U,OB,1,1,334,842193,89,13:00.0,5,0:00,422
7783262234,U,OB,1,2,473,903951,75,42:00.0,5,3:00,422
7783262243,U,OB,1,2,1883,87955,84,46:00.0,5,21:00,422
7783262252,U,OB,1,1,722,903951,75,48:00.0,5,0:00,422
7783262261,U,OB,1,2,719,842193,83,24:00.0,5,1:00,422
7783262261,U,OB,1,2,719,842193,83,24:00.0,5,1:00,422
7783262270,U,OB,1,2,1500,842872,52,33:00.0,3,22:00,422
7783262299,U,OB,1,3,599,87955,84,41:00.0,5,20:00,422
7783262308,U,OB,1,1,1812,842193,29,24:00.0,5,2:00,422
7783262317,U,OB,1,3,1215,87955,84,16:00.0,5,21:00,422
7783262326,U,OB,1,1,440,842193,89,46:00.0,5,0:00,422
7783262335,U,OB,1,1,1825,111483,50,26:00.0,4,0:00,422
7783262353,U,OB,1,1,418,842872,52,59:00.0,3,22:00,422
7783262362,U,OB,1,1,550,842872,52,11:00.0,3,22:00,422
7783262371,U,OB,1,2,400,842872,52,49:00.0,3,20:00,422
7783262380,U,OB,1,2,835,842193,89,39:00.0,5,0:00,422
778326239X,U,OB,1,2,482,842872,52,28:00.0,3,21:00,422
7783262409,U,OB,1,1,188,842193,66,22:00.0,5,0:00,422
7783262409,U,OB,1,1,188,842193,89,21:00.0,5,0:00,422
7783262418,U,OB,1,4,1672,842872,52,50:00.0,3,22:00,422
7783262427,U,OB,1,1,1142,111483,50,20:00.0,4,0:00,422
7783262445,U,IB,1,4,1324,842193,110,22:00.0,5,1:00,422
7783262445,U,IB,1,4,1324,842193,110,22:00.0,5,1:00,422
7783262454,U,OB,1,2,301,842872,52,08:00.0,3,22:00,422
7783262472,U,OB,1,2,1660,842193,79,08:00.0,5,1:00,422
7783262472,U,OB,1,2,1660,842193,79,08:00.0,5,1:00,422
7783262490,U,OB,1,1,1000,842872,52,55:00.0,3,20:00,422
7783262519,U,OB,1,1,651,87955,84,14:00.0,5,20:00,422
7783262528,U,OB,1,2,1302,507989,51,21:00.0,6,4:00,422
7783262537,U,OB,1,2,1314,507989,51,23:00.0,6,4:00,422
7783262555,U,OB,1,1,638,842193,89,02:00.0,5,0:00,422
7783262564,U,OB,1,1,638,87955,84,11:00.0,5,23:00,422
7783262573,U,OB,1,2,1285,87955,84,28:00.0,5,21:00,422
7783262591,U,OB,1,2,1284,87955,84,50:00.0,5,20:00,422
7783262600,U,OB,1,2,1276,507989,51,07:00.0,6,5:00,422
778326261X,U,OB,1,2,1274,903951,75,45:00.0,5,0:00,422
7783262629,U,OB,1,1,643,87955,84,02:00.0,5,22:00,422
7783262647,U,OB,1,2,1285,842193,82,11:00.0,5,0:00,422
7783262647,U,OB,1,2,1285,842193,89,10:00.0,5,0:00,422
7783262656,U,OB,1,1,636,87955,84,59:00.0,5,21:00,422
7783262674,U,OB,1,1,460,410224,43,07:00.0,6,20:00,422
7783262683,U,OB,1,3,980,410224,43,54:00.0,6,20:00,422
7783262692,U,OB,1,1,605,842872,52,12:00.0,3,21:00,422
7783262701,U,OB,1,4,3986,903951,75,45:00.0,5,3:00,422
7783262710,U,OB,1,1,668,903951,75,45:00.0,5,1:00,422
778326272X,U,OB,1,1,612,507989,51,59:00.0,6,0:00,422
7783262739,U,OB,1,3,3338,507989,51,29:00.0,6,4:00,422
7783262748,U,OB,1,2,1721,507989,51,54:00.0,5,23:00,422
7783262757,U,OB,1,1,1231,87955,84,24:00.0,5,21:00,422
7783262775,U,OB,1,6,2625,410224,43,39:00.0,6,20:00,422
7783262784,U,OB,1,3,772,507989,51,06:00.0,6,2:00,422
7783262811,U,OB,1,1,996,903951,75,08:00.0,5,2:00,422
7783262858,U,OB,1,3,1408,507989,51,55:00.0,6,0:00,422
7783262867,U,OB,1,4,1861,87955,84,40:00.0,5,22:00,422
7783262876,U,OB,1,1,338,903951,75,54:00.0,5,0:00,422
7783262885,U,OB,1,2,1087,842872,52,19:00.0,3,21:00,422
7783262894,U,OB,1,1,2625,111483,50,49:00.0,4,0:00,422
7783262903,U,OB,1,3,3262,87955,84,20:00.0,5,22:00,422
7783262921,U,OB,1,1,2970,842193,47,16:00.0,5,1:00,422
7783262921,U,OB,1,1,2970,842193,89,15:00.0,5,1:00,422
7783262930,U,OB,1,3,718,507989,51,05:00.0,6,1:00,422
778326294X,U,OB,1,3,1860,410224,43,36:00.0,6,21:00,422
7783262959,U,OB,1,1,584,507989,51,28:00.0,6,0:00,422
7783262968,U,OB,1,7,2009,507989,51,33:00.0,6,1:00,422
7783262977,U,OB,1,2,5075,507989,51,17:00.0,6,5:00,422
7783262986,U,OB,1,3,1020,507989,51,55:00.0,6,3:00,422
7783262995,U,OB,1,9,2700,507989,51,27:00.0,6,2:00,422
7783263013,U,OB,1,1,2090,842193,47,13:00.0,5,1:00,422
7783263013,U,OB,1,1,2090,842193,47,13:00.0,5,1:00,422
7783263022,U,OB,1,1,1290,842193,89,43:00.0,5,0:00,422
7783263031,U,OB,1,3,1691,507989,51,51:00.0,6,3:00,422
7783263040,U,OB,1,3,2670,903951,75,40:00.0,5,1:00,422
778326393X,U,IB,1,2,1297,119962,135,07:00.0,2,14:00,347
7783264214,U,CTY,1,2,484,202373,173,06:00.0,2,1:00,347
7783264250,U,CTY,1,6,1750,130776,174,26:00.0,6,20:00,347
7783338208,U,OB,1,1,215,134853,31,26:00.0,6,23:00,650
7783338794,U,IB,1,3,5445,135818,163,51:00.0,3,16:00,877
7783343093,U,IB,1,2,1096,131347,116,59:00.0,4,5:00,650
7783343120,U,IB,1,1,375,131347,116,59:00.0,4,5:00,650
7783343203,U,OB,1,3,1150,129751,63,40:00.0,7,16:00,650
7783348391,U,CTY,1,1,430,133733,188,18:00.0,5,16:00,650
7783348676,U,IB,1,2,3915,123699,101,10:00.0,2,16:00,650
7783348676,U,CTY,1,2,3915,123699,199,10:00.0,3,2:00,650
7783351691,U,IB,1,2,1307,124338,105,27:00.0,4,12:00,650
7783351839,U,IB,1,1,459,136167,117,59:00.0,2,3:00,650
7783351893,U,OB,1,2,1503,558986,52,54:00.0,3,6:00,650
778335358X,U,OB,1,1,140,290218,46,33:00.0,1,22:00,650
7783373289,U,OB,1,2,938,559536,74,42:00.0,2,23:00,650
7783378468,U,IB,1,4,2480,134940,112,03:00.0,4,22:00,650
7783379137,U,OB,1,3,2488,559414,96,50:00.0,1,19:00,650
7783379137,U,OB,1,3,2488,559414,54,36:00.0,1,20:00,650
7783379494,U,OB,1,3,2120,559414,96,48:00.0,1,16:00,650
7783479924,U,CTY,1,1,363,137622,173,59:00.0,3,19:00,345
7783480016,U,CTY,1,5,4484,290411,195,56:00.0,6,3:00,345
7783593224,U,IB,1,8,13314,130585,125,14:00.0,2,6:00,547
7783599714,U,CTY,1,1,1800,136804,168,26:00.0,3,13:00,547
7783599723,U,CTY,1,1,1600,136804,168,36:00.0,3,13:00,547
7783608065,U,CTY,1,6,8900,131208,173,40:00.0,3,13:00,547
7783608175,U,IB,1,1,402,202422,149,22:00.0,7,16:00,547
778364332X,U,IB,1,6,5776,125570,164,37:00.0,3,19:00,783
7783643339,U,IB,1,1,202,125570,164,26:00.0,3,19:00,783
7783643833,U,CTY,1,1,475,135164,187,53:00.0,5,9:00,783
7783647472,U,CTY,1,7,1365,135164,187,22:00.0,5,11:00,783
7783647481,U,CTY,1,4,780,135164,187,01:00.0,5,13:00,783
778364750X,U,IB,1,1,425,127014,143,50:00.0,3,16:00,783
7783649279,U,CTY,1,14,2065,124369,173,16:00.0,6,14:00,783
7783649306,U,CTY,1,2,912,124369,173,26:00.0,6,14:00,783
7783649681,U,CTY,1,1,320,124369,173,07:00.0,6,13:00,783
7783650121,U,IB,1,2,185,127718,151,49:00.0,5,8:00,783
7783650121,U,IB,1,2,185,127718,154,56:00.0,5,10:00,783
7783650130,U,CTY,1,2,230,124369,173,16:00.0,6,13:00,783
7783650489,U,IB,1,2,1020,127718,151,44:00.0,5,8:00,783
7783667932,U,IB,1,1,888,132731,149,46:00.0,4,18:00,783
7783667979,U,IB,1,1,190,132731,149,32:00.0,4,19:00,783
7783668033,U,IB,1,1,206,132731,149,30:00.0,4,19:00,783
7783669775,U,CTY,1,3,1622,124369,173,24:00.0,6,13:00,783
7783669784,U,IB,1,3,2080,127718,151,31:00.0,5,9:00,783
7783669793,U,IB,1,3,1876,127718,151,45:00.0,5,9:00,783
7783674276,U,CTY,1,16,2020,130654,187,29:00.0,3,0:00,783
7783674285,U,IB,1,10,1148,134847,145,57:00.0,3,3:00,783
7783676081,U,IB,1,1,408,129780,133,10:00.0,5,6:00,783
7783676090,U,IB,1,2,760,129780,133,07:00.0,5,6:00,783
778367610X,U,IB,1,2,448,129780,133,40:00.0,5,5:00,783
7783676283,U,CTY,1,3,4850,211204,196,14:00.0,7,3:00,783
7783794221,U,IB,1,1,106,133850,163,55:00.0,5,12:00,783
7783794230,U,CTY,1,1,107,135519,172,39:00.0,5,7:00,783
7783795074,U,IB,1,4,1293,129780,133,55:00.0,5,6:00,783
7783795651,U,CTY,1,1,83,202332,192,20:00.0,6,13:00,783
7783795716,U,CTY,1,1,63,202332,192,17:00.0,6,13:00,783
7783801591,U,IB,1,4,300,261242,145,48:00.0,1,0:00,783
7783801921,U,IB,1,4,463,127718,151,19:00.0,5,8:00,783
7783803416,U,CTY,1,1,351,129741,196,21:00.0,4,18:00,783
7783803461,U,CTY,1,1,90,129741,196,01:00.0,4,20:00,783
7783814324,U,IB,1,1,219,134195,133,30:00.0,5,18:00,783
7783814580,U,CTY,1,3,1400,202332,192,14:00.0,6,13:00,783
7783817368,U,CTY,1,1,130,123657,172,31:00.0,6,12:00,783
7783817871,U,IB,1,1,280,132234,163,00:00.0,7,20:00,783
7783819595,U,IB,1,2,1370,123918,129,33:00.0,5,7:00,783
7783819851,U,CTY,1,1,367,130531,180,48:00.0,3,4:00,783
7783819851,U,CTY,1,1,367,130531,197,44:00.0,2,18:00,783
778381987X,U,CTY,1,1,211,130531,197,38:00.0,2,18:00,783
7783823739,U,CTY,1,2,830,135519,172,17:00.0,5,8:00,783
7783823757,U,CTY,1,2,775,123657,172,47:00.0,6,12:00,783
7783823766,U,CTY,1,2,796,124369,173,43:00.0,6,15:00,783
7783825342,U,IB,1,2,949,132731,149,41:00.0,4,18:00,783
7783825360,U,IB,1,6,3291,132731,149,20:00.0,4,19:00,783
7783825618,U,IB,1,1,400,261242,145,05:00.0,1,1:00,783
7783825645,U,CTY,1,1,136,130654,187,45:00.0,3,0:00,783
7783825755,U,IB,1,2,1225,261242,145,26:00.0,1,0:00,783
7783825791,U,IB,1,2,1170,261242,145,32:00.0,1,0:00,783
7783825856,U,CTY,1,1,165,202186,168,08:00.0,1,18:00,783
7783825892,U,CTY,1,2,435,202186,168,13:00.0,1,18:00,783
778382592X,U,CTY,1,1,140,202186,168,23:00.0,1,18:00,783
7783826159,U,IB,1,7,6405,134195,133,22:00.0,5,18:00,783
7783826213,U,OB,1,1,420,290336,90,20:00.0,7,15:00,783
7783829100,U,CTY,1,1,238,129741,196,21:00.0,4,20:00,783
778382911X,U,CTY,1,1,243,129741,196,02:00.0,4,20:00,783
7783829165,U,CTY,1,1,257,129741,196,18:00.0,4,20:00,783
7783829239,U,CTY,1,1,314,129741,196,33:00.0,4,18:00,783
7783829980,U,IB,1,3,944,127014,143,21:00.0,3,18:00,783
7783830559,U,CTY,1,6,3020,131077,168,18:00.0,3,14:00,783
7783831080,U,IB,1,1,384,125570,164,39:00.0,3,18:00,783
7783831329,U,IB,1,5,2429,133850,163,49:00.0,5,14:00,783
7783831347,U,CTY,1,6,2487,134796,168,28:00.0,5,21:00,783
7783831365,U,IB,1,5,1797,133850,163,29:00.0,5,13:00,783
7783831832,U,CTY,1,2,2265,137276,189,14:00.0,4,14:00,783
7783832153,U,IB,1,1,214,129780,133,04:00.0,5,5:00,783
7783832209,U,IB,1,1,52,125570,164,17:00.0,3,19:00,783
7783832236,U,IB,1,1,124,125570,164,56:00.0,3,18:00,783
7783832263,U,IB,1,1,21,125570,164,54:00.0,3,18:00,783
7783832831,U,IB,1,1,335,132731,149,37:00.0,4,19:00,783
7783832923,U,IB,1,1,220,129780,133,38:00.0,5,6:00,783
7783833684,U,IB,1,1,2035,129780,133,45:00.0,5,5:00,783
7783834225,U,CTY,1,1,673,202186,168,50:00.0,1,16:00,783
7783834234,U,CTY,1,24,144,202186,168,41:00.0,1,16:00,783
7783834261,U,CTY,1,71,673,202186,168,38:00.0,1,17:00,783
7783836672,U,IB,1,1,94,125570,164,36:00.0,3,18:00,783
7783837332,U,CTY,1,1,975,129741,196,44:00.0,4,19:00,783
7783837671,U,CTY,1,25,428,135164,187,50:00.0,5,9:00,783
7783838185,U,IB,1,1,292,136095,143,52:00.0,6,1:00,783
7783838488,U,IB,1,8,5095,131495,143,40:00.0,5,8:00,783
7783839431,U,CTY,1,1,600,130734,197,38:00.0,3,6:00,783
7783839550,U,CTY,1,1,313,118869,194,35:00.0,3,11:00,783
778384143X,U,CTY,1,3,969,211204,196,55:00.0,7,1:00,783
7783841449,U,CTY,1,1,128,211204,196,27:00.0,7,1:00,783
778384253X,U,IB,1,41,123,126122,163,05:00.0,4,14:00,783
7783842731,U,CTY,1,1,88,129741,196,28:00.0,4,18:00,783
778384275X,U,CTY,1,1,270,129741,196,18:00.0,4,18:00,783
7783844437,U,CTY,1,2,1402,211204,196,19:00.0,7,1:00,783
7783845097,U,CTY,1,1,1965,202332,192,16:00.0,6,10:00,783
778384517X,U,IB,1,1,200,125570,164,59:00.0,3,18:00,783
778384561X,U,IB,1,1,182,126122,163,30:00.0,4,16:00,783
7783845629,U,IB,1,1,189,126122,163,02:00.0,4,16:00,783
7783845766,U,CTY,1,4,10000,118350,172,13:00.0,3,20:00,783
7783845811,U,IB,1,4,3156,136095,143,21:00.0,6,2:00,783
7783845867,U,IB,1,2,1445,136095,143,51:00.0,6,2:00,783
7783846289,U,CTY,1,1,345,122403,176,59:00.0,4,15:00,783
7783848067,U,IB,1,1,348,137108,125,25:00.0,2,21:00,783
7783848121,U,IB,1,1,386,134475,143,12:00.0,4,17:00,783
7783848168,U,CTY,1,1,1361,134475,235,25:00.0,5,22:00,783
7783848168,U,IB,1,1,1361,134475,143,47:00.0,4,16:00,783
7783848168,U,CTY,1,1,1361,134475,223,27:00.0,6,7:00,783
7783848231,U,IB,1,2,2809,137865,152,28:00.0,4,10:00,783
7783848278,U,IB,1,4,3512,137865,152,30:00.0,4,11:00,783
7783849661,U,CTY,1,3,3154,122403,176,04:00.0,4,16:00,783
7783849973,U,CTY,1,3,2594,132532,197,13:00.0,3,11:00,783
7783859864,U,CTY,1,1,74,118350,172,25:00.0,3,20:00,783
7783859873,U,IB,1,1,255,126712,141,43:00.0,1,18:00,783
7783859882,U,CTY,1,4,4602,130531,197,04:00.0,2,21:00,783
7783860771,U,CTY,1,4,1945,135519,172,30:00.0,5,9:00,783
7783862522,U,CTY,1,3,580,130734,197,41:00.0,3,5:00,783
7783862531,U,CTY,1,2,1115,136694,172,20:00.0,2,21:00,783
7783862825,U,IB,1,8,7414,134475,143,56:00.0,4,18:00,783
7783863467,U,CTY,1,2,616,135037,189,01:00.0,6,13:00,783
7783870067,U,CTY,1,4,2351,135037,189,43:00.0,6,14:00,783
7783870076,U,IB,1,3,1565,133095,141,46:00.0,6,0:00,783
778387058X,U,IB,1,4,2605,137108,125,59:00.0,2,23:00,783
7783870653,U,CTY,1,1,530,211745,195,53:00.0,3,5:00,783
7783870846,U,CTY,1,2,1267,118869,194,07:00.0,3,12:00,783
7783870855,U,CTY,1,2,330,130531,197,17:00.0,2,19:00,783
7783870864,U,CTY,1,3,410,118350,172,38:00.0,3,19:00,783
7783870891,U,CTY,1,3,385,118350,172,21:00.0,3,19:00,783
7783870929,U,CTY,1,1,79,118350,172,05:00.0,3,19:00,783
7783871102,U,CTY,1,3,395,118869,194,24:00.0,3,12:00,783
7783871111,U,CTY,1,2,340,118869,194,40:00.0,3,12:00,783
7783871488,U,CTY,1,1,855,117027,235,26:00.0,3,21:00,783
7783871488,U,CTY,1,1,855,117027,233,05:00.0,2,23:00,783
7783871735,U,IB,1,1,162,126122,163,18:00.0,4,16:00,783
7783871744,U,IB,1,1,245,126122,163,13:00.0,4,16:00,783
7783872413,U,IB,1,4,6435,261242,145,04:00.0,1,1:00,783
7783873578,U,IB,1,1,330,122357,163,47:00.0,6,18:00,783
7783873596,U,IB,1,3,1054,122357,163,40:00.0,6,18:00,783
7783873614,U,IB,1,1,27,122357,163,49:00.0,6,18:00,783
7783873632,U,IB,1,1,264,122357,163,51:00.0,6,18:00,783
7783874072,U,IB,1,5,1365,126122,163,20:00.0,4,17:00,783
7783875924,U,CTY,1,2,324,130654,187,15:00.0,3,0:00,783
7783875951,U,IB,1,2,441,132731,149,20:00.0,4,18:00,783
7783876099,U,CTY,1,1,401,202186,168,21:00.0,1,18:00,783
778387619X,U,CTY,1,4,927,118350,172,49:00.0,3,18:00,783
7783876281,U,OB,1,3,762,124313,46,28:00.0,5,18:00,783
7783876355,U,CTY,1,1,654,131495,237,34:00.0,6,18:00,783
7783876355,U,IB,1,1,654,131495,143,35:00.0,5,3:00,783
7783876382,U,CTY,1,3,925,122403,176,10:00.0,4,16:00,783
7783876658,U,IB,1,2,631,129780,133,54:00.0,5,5:00,783
7783876658,U,CTY,1,2,631,129780,233,53:00.0,6,19:00,783
7783876768,U,CTY,1,1,765,137516,233,21:00.0,6,19:00,783
7783876768,U,IB,1,1,765,137516,163,06:00.0,6,0:00,783
7783879361,U,CTY,1,7,5871,136694,172,13:00.0,2,21:00,783
778388103X,U,CTY,1,4,215,123657,172,30:00.0,6,13:00,783
7783882120,U,IB,1,1,104,136095,143,11:00.0,6,3:00,783
7783882652,U,CTY,1,1,104,202186,168,16:00.0,1,18:00,783
778388279X,U,IB,1,1,104,126712,141,54:00.0,1,18:00,783
7783883083,U,CTY,1,1,208,134573,189,36:00.0,5,6:00,783
7783885054,U,IB,1,3,1720,138805,129,27:00.0,1,19:00,783
7783886374,U,IB,1,1,197,124038,141,57:00.0,4,16:00,783
7783886410,U,IB,1,1,161,124038,141,04:00.0,4,17:00,783
7783886576,U,CTY,1,1,205,135037,189,09:00.0,6,13:00,783
7783886585,U,CTY,1,1,200,135037,189,17:00.0,6,13:00,783
7783886722,U,CTY,1,1,196,139738,174,32:00.0,2,15:00,783
7783886740,U,CTY,1,1,128,139738,174,33:00.0,2,15:00,783
7783887034,U,CTY,1,9,11500,135164,187,38:00.0,5,9:00,783
7783887391,U,IB,1,1,104,137108,125,12:00.0,2,22:00,783
7783887721,U,IB,1,1,69,134475,143,21:00.0,4,16:00,783
7783900674,U,CTY,1,2,88,136507,194,30:00.0,5,21:00,216
7783901022,U,CTY,1,1,80,138696,189,26:00.0,3,11:00,216
7783901646,U,CTY,1,1,80,136507,194,35:00.0,5,21:00,216
7783901664,U,CTY,1,1,80,136507,194,35:00.0,5,21:00,216
7783901857,U,CTY,1,1,44,127450,189,00:00.0,5,16:00,216
7783902140,U,CTY,1,6,480,131845,231,11:00.0,2,2:00,216
7783902140,U,CTY,1,6,480,131845,197,41:00.0,2,0:00,216
7783902306,U,CTY,1,1,54,127450,189,55:00.0,5,20:00,216
7783902508,U,CTY,1,1,26,134623,195,50:00.0,6,0:00,216
7783902901,U,IB,1,4,115,129678,151,12:00.0,7,13:00,216
7783903020,U,CTY,1,1,90,125240,174,02:00.0,7,2:00,216
7783903121,U,CTY,1,2,85,134623,195,54:00.0,6,1:00,216
778390358X,U,CTY,1,1,80,125579,188,08:00.0,7,20:00,216
7783903653,U,IB,1,1,28,290019,163,31:00.0,6,9:00,216
7783903891,U,IB,1,2,118,128076,163,15:00.0,3,3:00,216
7783903938,U,IB,1,1,54,129678,151,49:00.0,7,8:00,216
7783904149,U,IB,1,1,42,128076,163,10:00.0,3,3:00,216
7783904149,U,CTY,1,1,42,128076,238,07:00.0,3,22:00,216
778390479X,U,IB,1,1,80,121231,149,35:00.0,4,12:00,216
778390479X,U,IB,1,1,80,121231,164,25:00.0,4,14:00,216
778390479X,U,CTY,1,1,80,121231,R4  ,46:00.0,4,15:00,216
7783905514,U,IB,1,1,3600,131233,149,44:00.0,6,13:00,216
7783905752,U,IB,1,2,80,121231,149,26:00.0,4,14:00,216
7783905826,U,IB,1,1,46,121231,149,31:00.0,4,13:00,216
7783905853,U,CTY,1,1,46,280932,173,45:00.0,2,14:00,216
7783906046,U,IB,1,12,540,131233,149,40:00.0,6,13:00,216
7783906046,U,CTY,1,12,540,131233,231,37:00.0,7,4:00,216
7783906046,U,CTY,1,12,540,131233,231,32:00.0,3,21:00,216
7783906046,U,CTY,1,12,540,131233,233,23:00.0,2,22:00,216
7783906046,U,CTY,1,12,540,131233,235,29:00.0,4,21:00,216
7783906201,U,IB,1,1,27,290019,163,07:00.0,6,10:00,216
7783906266,U,CTY,1,1,53,140163,175,24:00.0,5,21:00,216
7783906742,U,CTY,1,1,43,139826,168,34:00.0,7,0:00,216
778390688X,U,IB,1,2,100,132785,127,31:00.0,1,18:00,216
7783907173,U,CTY,1,1,290,280932,173,31:00.0,2,15:00,216
7783907229,U,CTY,1,1,171,139826,168,41:00.0,7,1:00,216
7783907512,U,CTY,1,1,83,139826,168,31:00.0,7,0:00,216
7783908181,U,CTY,1,1,34,116843,169,42:00.0,5,7:00,216
7783908603,U,CTY,1,1,54,116843,169,33:00.0,5,7:00,216
7783908841,U,CTY,1,1,44,116843,169,29:00.0,5,9:00,216
778390897X,U,CTY,1,1,80,116843,169,31:00.0,5,9:00,216
7783909052,U,CTY,1,1,120,135534,188,38:00.0,6,3:00,216
7783909135,U,CTY,1,2,60,135747,197,56:00.0,7,10:00,216
7783909483,U,CTY,1,1,42,121144,194,09:00.0,6,11:00,216
7783909869,U,CTY,1,1,46,134974,187,38:00.0,4,1:00,216
7783909878,U,CTY,1,1,46,127381,188,45:00.0,4,18:00,216
7783910033,U,CTY,1,1,27,135747,197,51:00.0,7,12:00,216
7783910419,U,CTY,1,1,80,133221,192,22:00.0,7,18:00,216
7783911739,U,IB,1,1,25,904236,151,08:00.0,6,15:00,216
7783912545,U,IB,1,1,50,904236,151,37:00.0,6,12:00,216
7783912563,U,IB,1,1,54,904236,151,48:00.0,6,12:00,216
7783912839,U,IB,1,1,35,904236,151,45:00.0,6,12:00,216
7783913095,U,CTY,1,1,1775,126106,189,50:00.0,7,3:00,216
7783913443,U,CTY,1,1,219,904236,226,19:00.0,7,0:00,216
7783913443,U,CTY,1,1,219,904236,222,46:00.0,7,3:00,216
7783913443,U,IB,1,1,219,904236,151,37:00.0,6,12:00,216
7783948268,U,OB,1,1,707,123460,58,33:00.0,6,7:00,402
7783948450,U,OB,1,1,1889,127322,66,06:00.0,6,15:00,402
778394846X,U,IB,1,2,1415,140003,135,10:00.0,7,12:00,402
7784005367,U,IB,1,1,982,126240,163,04:00.0,5,12:00,819
7784005834,U,IB,1,1,310,252427,131,21:00.0,5,4:00,819
7784006009,U,IB,1,1,125,252427,131,30:00.0,5,2:00,819
7784006018,U,CTY,1,1,135,132190,173,07:00.0,3,18:00,819
7784006530,U,IB,1,1,210,131487,163,22:00.0,7,4:00,819
7784006806,U,IB,1,1,319,129503,129,17:00.0,1,9:00,819
778400863X,U,IB,1,2,256,252427,131,38:00.0,5,2:00,819
7784008676,U,IB,1,1,163,252427,131,42:00.0,5,2:00,819
7784008730,U,IB,1,1,163,252427,131,33:00.0,5,2:00,819
7784008869,U,CTY,1,1,163,131641,174,33:00.0,3,17:00,819
7784008878,U,CTY,1,1,163,131641,174,47:00.0,3,15:00,819
7784008914,U,CTY,1,1,163,131641,174,31:00.0,3,15:00,819
7784008988,U,IB,1,2,216,128291,101,13:00.0,4,17:00,819
7784009006,U,IB,1,1,163,128291,101,34:00.0,4,14:00,819
7784010894,U,IB,1,1,209,128291,101,40:00.0,4,15:00,819
7784011087,U,IB,1,3,1810,126240,163,30:00.0,5,8:00,819
7784011096,U,CTY,1,5,3232,136233,169,27:00.0,3,21:00,819
7784011233,U,IB,1,2,480,123302,141,14:00.0,3,15:00,819
7784011251,U,CTY,1,5,2955,131641,174,12:00.0,3,19:00,819
7784011316,U,IB,1,3,702,128291,101,41:00.0,4,16:00,819
7784013085,U,IB,1,1,1079,134963,151,19:00.0,3,13:00,819
7784014084,U,IB,1,2,1692,125844,141,22:00.0,7,13:00,819
7784014185,U,IB,1,1,1270,261064,151,53:00.0,7,6:00,819
7784015092,U,IB,1,1,1000,134963,151,18:00.0,3,13:00,819
7784019869,U,IB,1,1,241,530367,125,23:00.0,5,7:00,819
7784024561,U,IB,1,1,310,252427,131,24:00.0,5,2:00,819
778402854X,U,CTY,1,1,355,132190,173,18:00.0,3,16:00,819
7784028613,U,CTY,1,1,84,132190,173,40:00.0,3,15:00,819
7784028640,U,IB,1,1,680,129503,129,07:00.0,1,4:00,819
7784033105,U,CTY,1,1,681,558295,192,35:00.0,4,13:00,819
7784033114,U,CTY,1,2,1096,558295,192,38:00.0,4,13:00,819
7784033188,U,CTY,1,1,738,558295,192,00:00.0,4,15:00,819
7784033206,U,CTY,1,1,377,558295,192,26:00.0,4,14:00,819
7784038037,U,CTY,1,2,137,126813,168,42:00.0,2,1:00,819
7784043079,U,IB,1,1,258,134963,151,54:00.0,3,13:00,819
7784043115,U,IB,1,1,258,134963,151,55:00.0,3,13:00,819
7784043142,U,IB,1,1,217,125347,133,02:00.0,3,5:00,819
7784043308,U,IB,1,1,170,125347,133,06:00.0,3,3:00,819
778404581X,U,CTY,1,2,844,211376,194,43:00.0,2,10:00,819
7784045883,U,IB,1,1,484,134162,151,11:00.0,6,7:00,819
7784045901,U,CTY,1,1,1692,135508,233,24:00.0,1,20:00,819
7784045901,U,CTY,1,1,1692,135508,175,12:00.0,1,5:00,819
778404790X,U,IB,1,1,435,291203,133,10:00.0,1,22:00,819
7784363096,U,OB,1,1,280,135355,69,58:00.0,1,2:00,432
7784363179,U,OB,1,2,710,135355,69,16:00.0,1,3:00,432
7784363224,U,OB,1,3,2130,123975,72,48:00.0,5,11:00,432
7784363289,U,OB,1,1,490,135355,69,40:00.0,1,3:00,432
7784363307,U,OB,1,1,18,126169,40,45:00.0,3,10:00,432
7784363334,U,OB,1,1,18,261046,58,13:00.0,3,13:00,432
7784363370,U,OB,1,1,380,131329,75,18:00.0,4,11:00,432
7784363417,U,OB,1,1,54,122359,26,28:00.0,4,19:00,432
7784363471,U,OB,1,5,2570,140040,55,11:00.0,5,4:00,432
7784363536,U,OB,1,1,410,135260,32,01:00.0,6,0:00,432
7784363664,U,OB,1,1,440,131329,75,06:00.0,4,11:00,432
7784363738,U,IB,1,1,730,125180,104,23:00.0,7,21:00,432
7784363792,U,OB,1,1,360,133870,75,26:00.0,3,18:00,432
7784363911,U,OB,1,1,540,261371,76,43:00.0,7,10:00,432
7784363958,U,OB,1,1,27,261060,53,40:00.0,3,8:00,432
7784364003,U,OB,1,2,1335,261060,53,36:00.0,3,8:00,432
7784364077,U,OB,1,3,1715,137416,38,37:00.0,1,12:00,432
7784364140,U,OB,1,1,110,123975,72,24:00.0,5,11:00,432
7784364205,U,OB,1,1,18,131208,55,05:00.0,6,22:00,432
7784364214,U,OB,1,4,204,131208,55,17:00.0,6,22:00,432
7784364223,U,OB,1,2,177,131208,55,47:00.0,6,22:00,432
7784364232,U,OB,1,1,510,131208,55,25:00.0,6,22:00,432
7784364288,U,OB,1,1,420,131926,96,41:00.0,4,16:00,432
7784364297,U,OB,1,1,66,126091,48,03:00.0,5,15:00,432
7784364324,U,OB,1,1,85,131208,55,31:00.0,6,22:00,432
7784364333,U,OB,1,2,128,131208,55,11:00.0,6,22:00,432
7784364351,U,OB,1,2,181,131208,55,22:00.0,6,22:00,432
7784364389,U,OB,1,2,154,131208,55,38:00.0,6,22:00,432
7784364398,U,OB,1,1,445,131208,55,07:00.0,6,21:00,432
7784364416,U,IB,1,2,154,125180,104,29:00.0,7,21:00,432
778436448X,U,OB,1,1,47,290180,49,22:00.0,3,1:00,432
7784364508,U,OB,1,1,51,290180,49,19:00.0,3,1:00,432
7784364517,U,OB,1,2,126,290180,49,20:00.0,3,1:00,432
7784364526,U,OB,1,3,149,290180,49,17:00.0,3,1:00,432
7784364562,U,OB,1,1,340,136417,39,21:00.0,4,20:00,432
778436459X,U,OB,1,1,51,290180,49,31:00.0,3,2:00,432
7784364609,U,IB,1,1,1225,125180,104,13:00.0,7,21:00,432
7784364627,U,OB,1,1,300,132845,51,50:00.0,4,18:00,432
7784364737,U,OB,1,1,280,127578,69,39:00.0,1,7:00,432
7784364856,U,OB,1,1,765,127578,30,11:00.0,2,9:00,432
7784364856,U,OB,1,1,765,127578,69,29:00.0,1,7:00,432
7784364874,U,OB,1,1,47,261137,76,15:00.0,3,4:00,432
778436492X,U,OB,1,1,17,137429,90,39:00.0,4,22:00,432
7784365067,U,IB,1,2,1655,135455,117,27:00.0,5,2:00,432
7784365121,U,OB,1,1,18,137429,90,35:00.0,4,22:00,432
778436514X,U,IB,1,1,18,135455,117,33:00.0,5,2:00,432
778436525X,U,OB,1,1,580,530691,53,47:00.0,5,18:00,432
7784365543,U,OB,1,5,4135,431001,69,14:00.0,7,20:00,432
7784421286,U,IB,1,1,88,135556,145,32:00.0,4,13:00,313
7784421955,U,IB,1,1,205,135556,145,03:00.0,4,15:00,313
7784422633,U,IB,1,1,110,138837,129,50:00.0,7,13:00,313
7784422642,U,IB,1,1,110,138837,129,56:00.0,7,13:00,313
7784422716,U,CTY,1,2,265,138184,196,16:00.0,5,20:00,313
7784422770,U,CTY,1,1,135,138184,196,18:00.0,5,22:00,313
7784422770,U,IB,1,1,135,138184,117,04:00.0,4,15:00,313
778442278X,U,IB,1,1,110,130947,143,45:00.0,6,17:00,313
7784423064,U,IB,1,2,280,130947,143,49:00.0,6,17:00,313
7784424274,U,IB,1,1,110,140045,143,47:00.0,1,7:00,313
7784424283,U,CTY,1,1,110,PASC634013,175,19:00.0,7,21:00,313
7784424283,U,CTY,1,1,110,PASC634013,237,48:00.0,2,19:00,313
7784424384,U,CTY,1,1,110,PASC634013,175,22:00.0,7,21:00,313
7784424393,U,CTY,1,1,110,PASC634013,175,53:00.0,7,9:00,313
7784425630,U,IB,1,1,110,130769,151,55:00.0,7,5:00,313
7784425823,U,CTY,1,1,320,129660,197,09:00.0,6,15:00,313
7784426016,U,IB,1,1,178,130769,151,50:00.0,7,6:00,313
7784427134,U,IB,1,2,969,130769,151,26:00.0,7,4:00,313
7784427244,U,CTY,1,2,1510,T730211733,174,43:00.0,7,3:00,313
7784427354,U,CTY,1,1,118,131218,G   ,25:00.0,6,3:00,313
7784427363,U,CTY,1,1,132,280391,196,03:00.0,7,8:00,313
778442740X,U,CTY,1,1,109,131218,G   ,17:00.0,6,3:00,313
7784427547,U,CTY,1,2,643,131218,169,22:00.0,6,10:00,313
7784427639,U,CTY,1,1,173,PASC634013,197,52:00.0,6,6:00,313
7784427648,U,CTY,1,1,173,PASC634013,197,57:00.0,6,7:00,313
7784427767,U,CTY,1,1,74,T730211733,174,56:00.0,7,4:00,313
7784428353,U,IB,1,1,130,130769,151,32:00.0,7,4:00,313
7784429298,U,IB,1,1,404,135505,127,08:00.0,7,8:00,313
7784429352,U,CTY,1,1,173,131218,169,02:00.0,6,10:00,313
7784429361,U,CTY,1,1,173,131218,169,07:00.0,6,10:00,313
7784429554,U,CTY,1,1,379,131218,169,09:00.0,6,5:00,313
7784434275,U,IB,1,3,264,130990,164,03:00.0,1,11:00,889
7784434302,U,IB,1,1,280,130990,164,59:00.0,1,10:00,889
7784434376,U,IB,1,1,95,130862,158,25:00.0,3,12:00,889
7784434578,U,IB,1,1,113,136913,151,52:00.0,3,0:00,889
7784434614,U,IB,1,1,84,134145,151,51:00.0,2,7:00,889
7784434944,U,IB,1,1,151,137528,127,57:00.0,3,11:00,889
778443499X,U,IB,1,2,215,137528,127,47:00.0,3,11:00,889
7784435027,U,IB,1,1,58,137528,127,04:00.0,3,9:00,889
7784435081,U,CTY,1,1,65,130908,197,56:00.0,7,15:00,889
7784435191,U,CTY,1,1,74,132904,175,30:00.0,7,8:00,889
7784435301,U,IB,1,2,194,132669,164,20:00.0,3,15:00,889
7784435476,U,IB,1,1,110,134111,141,33:00.0,4,16:00,889
7784435530,U,IB,1,1,160,134111,141,55:00.0,4,17:00,889
778443598X,U,CTY,1,1,172,135923,173,38:00.0,1,8:00,889
7784436520,U,IB,1,2,213,134287,158,24:00.0,2,13:00,889
7784483418,U,OB,1,1,297,130827,69,34:00.0,4,18:00,695
7784483481,U,IB,1,1,160,278078,149,12:00.0,5,4:00,695
7784587083,U,IB,1,10,1951,138486,104,31:00.0,2,7:00,160
7784588129,U,IB,1,5,10135,131696,131,19:00.0,7,9:00,160
778458833X,U,CTY,1,1,670,136191,196,26:00.0,6,19:00,160
7784590832,U,IB,1,1,76,129829,125,27:00.0,6,1:00,160
778459097X,U,IB,1,1,141,137445,103,12:00.0,6,10:00,160
7784593317,U,CTY,1,3,3277,139876,233,49:00.0,1,16:00,160
7784593317,U,IB,1,3,3277,139876,149,25:00.0,6,21:00,160
7784596085,U,CTY,1,1,2000,136191,196,23:00.0,6,19:00,160
7784613391,U,IB,1,1,638,139690,114,49:00.0,1,9:00,160
7784613400,U,IB,1,1,604,139690,114,49:00.0,1,9:00,160
7784618094,U,IB,1,2,3255,140335,113,03:00.0,5,5:00,160
7784774880,U,IB,1,1,282,38181,101,17:00.0,3,4:00,409
778477489X,U,IB,1,1,177,38181,101,42:00.0,3,4:00,409
7784774909,U,IB,1,3,323,38181,101,51:00.0,3,7:00,409
7784774927,U,IB,1,1,527,38181,101,14:00.0,3,7:00,409
7784774936,U,IB,1,1,480,38181,101,17:00.0,3,5:00,409
7784774945,U,IB,1,1,375,38181,101,29:00.0,3,5:00,409
7784774963,U,OB,1,3,1684,430637,51,16:00.0,4,8:00,409
7784775019,U,OB,1,1,370,430637,51,34:00.0,4,7:00,409
7784775037,U,OB,1,2,1221,430637,51,56:00.0,4,6:00,409
7784775046,U,OB,1,1,233,430637,51,28:00.0,4,7:00,409
7784775055,U,OB,1,1,353,430637,51,54:00.0,4,6:00,409
7784775064,U,OB,1,1,225,430637,51,25:00.0,4,7:00,409
7784775073,U,OB,1,6,1640,129881,86,49:00.0,6,9:00,409
7784775082,U,OB,1,5,6117,129881,86,24:00.0,6,9:00,409
7784775091,U,OB,1,1,69,129881,86,06:00.0,6,4:00,409
7784775100,U,OB,1,1,92,129881,86,25:00.0,6,4:00,409
778477511X,U,OB,1,1,196,129881,86,11:00.0,6,4:00,409
7784775129,U,OB,1,1,173,129881,86,53:00.0,6,3:00,409
7784775138,U,OB,1,1,144,129881,86,23:00.0,6,4:00,409
7784775147,U,OB,1,4,3511,129881,86,46:00.0,6,9:00,409
7784775165,U,OB,1,1,271,124574,60,47:00.0,6,1:00,409
7784775174,U,OB,1,1,194,135238,52,22:00.0,6,9:00,409
778477522X,U,OB,1,1,262,121570,84,08:00.0,5,7:00,409
7784775239,U,OB,1,4,2567,121570,27,18:00.0,5,10:00,409
7784775239,U,OB,1,4,2567,121570,84,38:00.0,5,7:00,409
7784775248,U,OB,1,4,2058,121570,99,01:00.0,5,9:00,409
7784775248,U,OB,1,4,2058,121570,84,40:00.0,5,7:00,409
7784775257,U,OB,1,4,2566,121570,84,36:00.0,5,7:00,409
7784775266,U,OB,1,1,226,121570,84,30:00.0,5,6:00,409
7784775275,U,OB,1,1,1747,139932,76,30:00.0,5,6:00,409
7784775284,U,OB,1,1,268,121570,84,24:00.0,5,6:00,409
7784775293,U,OB,1,1,603,139932,76,40:00.0,5,6:00,409
7784775302,U,OB,1,1,34,139932,76,26:00.0,5,6:00,409
7784775311,U,OB,1,1,363,139932,76,44:00.0,5,6:00,409
7784775320,U,OB,1,1,240,139932,76,35:00.0,5,6:00,409
778477533X,U,OB,1,2,3258,139932,76,39:00.0,5,7:00,409
7784775349,U,OB,1,1,348,139932,76,38:00.0,5,6:00,409
7784775358,U,IB,1,2,2007,38181,101,23:00.0,3,7:00,409
7784775394,U,OB,1,3,1742,130549,63,52:00.0,4,9:00,409
7784775403,U,IB,1,1,480,127819,141,44:00.0,5,20:00,409
7784775412,U,IB,1,5,2586,127819,141,20:00.0,5,20:00,409
7784775421,U,IB,1,1,1876,127819,141,34:00.0,5,20:00,409
778477544X,U,OB,1,4,1713,127819,58,01:00.0,7,21:00,409
7784775486,U,IB,1,1,79,38181,101,53:00.0,3,7:00,409
7784775504,U,OB,1,1,163,139932,76,33:00.0,5,6:00,409
7784775513,U,OB,1,6,5372,129881,86,47:00.0,6,9:00,409
7784775522,U,OB,1,2,525,138271,49,18:00.0,5,16:00,409
7784775531,U,OB,1,2,651,138271,49,52:00.0,5,16:00,409
778477555X,U,OB,1,1,757,135895,69,21:00.0,7,9:00,409
7784775569,U,OB,1,3,125,135895,69,32:00.0,7,7:00,409
7784775578,U,IB,1,3,3122,128171,103,24:00.0,2,19:00,409
7784775596,U,OB,1,2,335,211720,63,14:00.0,5,9:00,409
7784775605,U,IB,1,1,291,128171,103,50:00.0,2,18:00,409
7784775605,U,OB,1,1,291,128171,68,52:00.0,2,18:00,409
7784775614,U,IB,1,11,4493,128171,103,15:00.0,2,18:00,409
7784775641,U,IB,1,1,158,38181,101,24:00.0,3,4:00,409
7784775650,U,IB,1,1,116,38181,101,25:00.0,3,5:00,409
7784775688,U,OB,1,1,1232,139932,76,51:00.0,5,6:00,409
7784775715,U,OB,1,1,333,133017,49,26:00.0,4,7:00,409
7784775724,U,OB,1,1,704,133017,49,04:00.0,4,7:00,409
7784775733,U,OB,1,3,1277,133017,49,08:00.0,4,7:00,409
7784775742,U,OB,1,1,180,133017,49,17:00.0,4,7:00,409
7784775751,U,OB,1,2,43,133017,49,16:00.0,4,8:00,409
7784775760,U,OB,1,2,598,133017,49,29:00.0,4,7:00,409
778477577X,U,OB,1,1,591,133017,49,37:00.0,4,6:00,409
7784775789,U,OB,1,2,45,133017,49,16:00.0,4,8:00,409
7784775798,U,OB,1,1,111,133017,49,41:00.0,4,4:00,409
7784775807,U,OB,1,3,1651,133017,49,56:00.0,4,4:00,409
7784775816,U,OB,1,1,112,133017,49,37:00.0,4,4:00,409
7784775834,U,OB,1,1,520,133017,49,34:00.0,4,4:00,409
7784775852,U,IB,1,2,1988,38181,101,44:00.0,3,7:00,409
7784775870,U,IB,1,1,229,128171,103,57:00.0,2,18:00,409
7784775870,U,OB,1,1,229,128171,5,42:00.0,5,3:00,409
7784775899,U,OB,1,2,856,138271,49,32:00.0,5,17:00,409
7784775908,U,OB,1,4,4473,131113,40,49:00.0,6,10:00,409
7784775917,U,OB,1,4,2514,211720,63,29:00.0,5,9:00,409
7784775926,U,OB,1,1,275,211720,63,21:00.0,5,8:00,409
7784775935,U,OB,1,2,2203,211720,63,27:00.0,5,7:00,409
7784775944,U,OB,1,1,280,121462,48,47:00.0,5,7:00,409
7784775953,U,OB,1,5,2142,211720,63,21:00.0,5,10:00,409
7784775962,U,OB,1,1,135,121462,48,32:00.0,5,8:00,409
7784775971,U,OB,1,11,6942,121462,48,39:00.0,5,9:00,409
7784775980,U,OB,1,1,264,121462,48,51:00.0,5,7:00,409
7784776009,U,OB,1,1,2343,130549,63,21:00.0,4,10:00,409
7784776018,U,OB,1,2,174,133017,49,16:00.0,4,6:00,409
7784776027,U,IB,1,4,197,128171,103,19:00.0,2,19:00,409
7784776036,U,OB,1,1,149,135895,69,52:00.0,7,9:00,409
7784776045,U,OB,1,1,149,135895,69,58:00.0,7,7:00,409
7784776054,U,OB,1,1,149,135895,69,36:00.0,7,7:00,409
7784776063,U,OB,1,1,149,135895,69,51:00.0,7,8:00,409
7784776072,U,OB,1,1,149,135895,69,04:00.0,7,8:00,409
7784776081,U,OB,1,1,149,135895,69,14:00.0,7,8:00,409
7784776090,U,OB,1,1,149,135895,69,45:00.0,7,7:00,409
778477610X,U,OB,1,1,149,135895,69,00:00.0,7,9:00,409
7784776119,U,OB,1,1,149,135895,69,54:00.0,7,7:00,409
7784776128,U,OB,1,1,149,135895,69,57:00.0,7,7:00,409
7784776137,U,OB,1,1,149,135895,69,59:00.0,7,8:00,409
7784776146,U,OB,1,1,149,135895,69,57:00.0,7,8:00,409
7784776155,U,OB,1,1,149,135895,69,59:00.0,7,8:00,409
7784776164,U,OB,1,1,149,135895,69,13:00.0,7,8:00,409
7784776173,U,OB,1,1,149,135895,69,42:00.0,7,7:00,409
7784776182,U,OB,1,1,149,135895,69,50:00.0,7,8:00,409
7784776191,U,OB,1,1,149,135895,69,34:00.0,7,7:00,409
7784776200,U,OB,1,1,149,135895,69,42:00.0,7,7:00,409
778477621X,U,OB,1,1,149,135895,69,44:00.0,7,7:00,409
7784776229,U,OB,1,1,149,135895,69,50:00.0,7,8:00,409
7784776238,U,OB,1,1,149,135895,69,09:00.0,7,8:00,409
7784776247,U,OB,1,1,149,135895,69,38:00.0,7,8:00,409
7784776256,U,OB,1,1,149,135895,69,38:00.0,7,8:00,409
7784776265,U,OB,1,1,149,135895,69,38:00.0,7,9:00,409
7784776274,U,OB,1,1,149,135895,69,38:00.0,7,9:00,409
7784776283,U,OB,1,1,149,135895,69,51:00.0,7,8:00,409
7784776292,U,OB,1,1,149,135895,69,53:00.0,7,9:00,409
778477632X,U,OB,1,3,2695,135895,69,17:00.0,7,9:00,409
7784776339,U,OB,1,2,1200,134700,81,46:00.0,3,3:00,409
7784776339,U,OB,1,2,1200,134700,72,45:00.0,3,3:00,409
7784776357,U,OB,1,2,616,134700,81,39:00.0,3,4:00,409
7784776357,U,OB,1,2,616,134700,81,39:00.0,3,4:00,409
7784776366,U,OB,1,2,649,134700,81,48:00.0,3,3:00,409
7784776366,U,OB,1,2,649,134700,81,48:00.0,3,3:00,409
7784776384,U,OB,1,1,328,121462,48,24:00.0,5,9:00,409
7784776402,U,OB,1,1,232,135895,69,07:00.0,7,8:00,409
7784776420,U,OB,1,1,479,127819,58,28:00.0,7,22:00,409
7784776458,U,IB,1,93,2998,132112,111,46:00.0,6,13:00,409
7784776467,U,IB,1,1,385,132112,105,09:00.0,6,8:00,409
7784776476,U,IB,1,1,529,132112,105,20:00.0,6,7:00,409
7784776485,U,IB,1,1,223,132112,105,29:00.0,6,8:00,409
7784776512,U,IB,1,1,1247,126544,117,23:00.0,7,0:00,409
7784776521,U,IB,1,1,64,125074,101,30:00.0,7,1:00,409
7784776530,U,OB,1,1,95,123382,89,14:00.0,7,0:00,409
778477654X,U,IB,1,1,329,125074,101,14:00.0,7,1:00,409
7784776559,U,IB,1,1,179,125074,101,38:00.0,7,1:00,409
7784776568,U,OB,1,2,955,126656,65,55:00.0,2,18:00,409
7784776577,U,OB,1,3,991,126656,65,53:00.0,2,18:00,409
7784776586,U,OB,1,5,618,126656,65,11:00.0,2,19:00,409
7784776586,U,OB,1,5,618,126656,79,04:00.0,3,0:00,409
7784776595,U,OB,1,1,321,126656,65,47:00.0,2,18:00,409
7784776604,U,IB,1,1,190,123382,107,16:00.0,7,0:00,409
7784776604,U,IB,1,1,190,123382,107,16:00.0,7,0:00,409
7784776613,U,IB,1,1,125,128171,103,21:00.0,2,18:00,409
7784776622,U,OB,1,1,232,211720,63,01:00.0,5,8:00,409
7784776640,U,IB,1,1,41,132112,105,31:00.0,6,8:00,409
7784776669,U,IB,1,1,344,125074,101,20:00.0,7,1:00,409
7784776678,U,OB,1,1,275,123775,69,50:00.0,3,17:00,409
7784776687,U,OB,1,1,786,123775,69,37:00.0,3,17:00,409
7784776696,U,OB,1,5,3651,123775,69,27:00.0,3,18:00,409
7784776705,U,OB,1,1,313,123775,69,53:00.0,3,17:00,409
7784776714,U,OB,1,1,153,123775,69,09:00.0,3,18:00,409
7784776723,U,OB,1,1,353,123775,69,21:00.0,3,18:00,409
7784776732,U,OB,1,3,2507,133017,49,07:00.0,4,8:00,409
7784776741,U,OB,1,1,56,135895,69,31:00.0,7,7:00,409
7784776779,U,OB,1,1,237,121462,48,10:00.0,5,8:00,409
7784776788,U,OB,1,1,154,138271,49,25:00.0,5,17:00,409
7784776797,U,OB,1,1,244,138271,85,28:00.0,5,17:00,409
7784776797,U,OB,1,1,244,138271,49,27:00.0,5,17:00,409
7784776815,U,OB,1,1,368,134295,63,56:00.0,5,3:00,409
7784776824,U,OB,1,1,499,133247,51,13:00.0,5,11:00,409
7784776833,U,OB,1,1,115,134295,63,58:00.0,5,3:00,409
7784776851,U,IB,1,1,92,125074,101,17:00.0,7,1:00,409
7784776860,U,OB,1,1,418,123775,69,36:00.0,3,17:00,409
778477687X,U,OB,1,1,688,123775,69,19:00.0,3,18:00,409
7784776889,U,OB,1,1,53,123775,69,20:00.0,3,18:00,409
7784776898,U,OB,1,1,92,123775,69,55:00.0,3,17:00,409
7784776907,U,OB,1,1,339,133017,49,15:00.0,4,8:00,409
7784776916,U,OB,1,1,117,211720,63,05:00.0,5,8:00,409
7784776934,U,OB,1,1,115,134700,72,05:00.0,3,4:00,409
7784776934,U,OB,1,1,115,134700,81,06:00.0,3,4:00,409
7784776952,U,OB,1,2,1560,249290,51,35:00.0,3,4:00,409
7784776961,U,OB,1,3,2533,126537,86,34:00.0,4,21:00,409
7784776970,U,OB,1,4,2512,127701,74,41:00.0,4,16:00,409
778477698X,U,OB,1,2,732,127701,74,15:00.0,4,18:00,409
7784776999,U,OB,1,1,134,127701,74,43:00.0,4,16:00,409
7784777008,U,OB,1,1,215,127701,74,44:00.0,4,17:00,409
7784777017,U,OB,1,1,2385,126537,86,13:00.0,4,21:00,409
7784777026,U,OB,1,1,330,127701,74,57:00.0,4,16:00,409
7784777035,U,OB,1,1,120,127701,74,41:00.0,4,17:00,409
7784777044,U,OB,1,1,78,127701,74,09:00.0,4,15:00,409
7784777053,U,OB,1,1,383,127701,74,14:00.0,4,18:00,409
7784777071,U,OB,1,3,233,127701,74,06:00.0,4,15:00,409
7784777080,U,OB,1,2,1649,126537,86,21:00.0,4,21:00,409
778477709X,U,IB,1,1,168,127701,156,09:00.0,4,19:00,409
778477709X,U,OB,1,1,168,127701,74,19:00.0,4,15:00,409
7784777109,U,OB,1,1,259,121462,48,55:00.0,5,7:00,409
7784777118,U,OB,1,1,310,123382,89,29:00.0,7,0:00,409
7784777127,U,OB,1,1,339,126656,61,46:00.0,3,8:00,409
7784777127,U,OB,1,1,339,126656,65,26:00.0,2,18:00,409
7784777136,U,OB,1,1,166,211720,63,13:00.0,5,7:00,409
7784777154,U,OB,1,3,3357,558981,51,36:00.0,4,9:00,409
7784777172,U,OB,1,5,4706,558981,51,53:00.0,4,6:00,409
7784777181,U,OB,1,1,296,127701,74,13:00.0,4,18:00,409
778477720X,U,OB,1,3,2507,135866,52,22:00.0,6,1:00,409
7784777255,U,IB,1,1,396,125074,101,33:00.0,7,1:00,409
7784777264,U,OB,1,1,243,123775,69,11:00.0,3,18:00,409
7784777282,U,OB,1,2,211,123382,89,32:00.0,7,0:00,409
7784777282,U,OB,1,2,211,123382,6,34:00.0,7,0:00,409
7784777291,U,OB,1,1,72,123382,89,03:00.0,7,1:00,409
7784777300,U,OB,1,2,1176,123775,69,06:00.0,3,18:00,409
7784777356,U,OB,1,1,294,290823,95,19:00.0,6,18:00,409
7784777365,U,OB,1,1,1495,290823,95,42:00.0,6,18:00,409
7784777374,U,OB,1,9,5389,290823,95,39:00.0,6,19:00,409
7784777383,U,OB,1,1,154,290823,95,25:00.0,6,19:00,409
7784777392,U,OB,1,2,263,290823,95,52:00.0,6,18:00,409
7784777392,U,OB,1,2,263,290823,81,00:00.0,6,19:00,409
7784777401,U,OB,1,1,525,290823,95,37:00.0,6,19:00,409
7784777410,U,OB,1,2,1361,290823,95,03:00.0,6,19:00,409
778477742X,U,OB,1,5,218,290823,95,11:00.0,6,19:00,409
7784777439,U,OB,1,1,409,290823,95,06:00.0,6,19:00,409
7784777448,U,OB,1,1,302,128709,73,20:00.0,1,18:00,409
7784777457,U,OB,1,1,190,128709,73,28:00.0,1,18:00,409
7784777466,U,OB,1,3,1965,128709,73,23:00.0,1,19:00,409
7784777475,U,OB,1,1,33,128709,73,27:00.0,1,19:00,409
7784777484,U,OB,1,1,146,128709,73,32:00.0,1,18:00,409
7784777493,U,OB,1,2,101,128709,73,30:00.0,1,19:00,409
7784777502,U,OB,1,2,713,138514,39,08:00.0,5,2:00,409
7784777511,U,OB,1,1,927,128709,73,15:00.0,1,19:00,409
7784777603,U,OB,1,4,1927,133352,73,27:00.0,6,9:00,409
7784777621,U,OB,1,5,3897,135629,76,00:00.0,6,16:00,409
7784777630,U,OB,1,2,2640,126537,86,45:00.0,4,21:00,409
778477764X,U,OB,1,1,145,135866,52,24:00.0,6,2:00,409
7784777659,U,IB,1,1,942,123775,157,30:00.0,3,17:00,409
7784777659,U,IB,1,1,942,123775,157,30:00.0,3,17:00,409
7784777668,U,OB,1,1,137,123775,69,29:00.0,3,17:00,409
7784777677,U,OB,1,1,82,123775,69,59:00.0,3,17:00,409
7784777695,U,OB,1,1,387,290823,95,25:00.0,6,18:00,409
7784777704,U,OB,1,1,215,128709,73,07:00.0,1,19:00,409
7784777722,U,OB,1,2,1315,137541,30,16:00.0,3,15:00,409
7784777722,U,OB,1,2,1315,137541,38,10:00.0,3,4:00,409
7784777740,U,OB,1,3,1012,138514,39,05:00.0,5,2:00,409
778477775X,U,OB,1,4,2993,138514,39,11:00.0,5,2:00,409
778477775X,U,OB,1,4,2993,138514,21,06:00.0,5,7:00,409
7784777778,U,OB,1,1,120,290823,95,12:00.0,6,18:00,409
7784777787,U,OB,1,1,120,127701,74,18:00.0,4,16:00,409
7784777796,U,OB,1,1,120,127701,74,28:00.0,4,17:00,409
7784777805,U,OB,1,1,308,127701,74,33:00.0,4,15:00,409
7784777814,U,OB,1,1,99,127701,74,54:00.0,4,16:00,409
7784777841,U,OB,1,1,222,132108,52,28:00.0,5,7:00,409
7784777888,U,IB,1,3,3922,261265,112,00:00.0,6,4:00,409
7784777897,U,IB,1,5,3156,261265,112,11:00.0,6,3:00,409
7784777933,U,OB,1,2,781,128709,73,52:00.0,1,18:00,409
7784777942,U,OB,1,2,872,128709,73,53:00.0,1,18:00,409
7784777998,U,IB,1,1,412,261265,112,03:00.0,6,3:00,409
7784778007,U,IB,1,1,287,261265,112,14:00.0,6,3:00,409
7784778016,U,IB,1,1,72,261265,112,00:00.0,6,3:00,409
7784778034,U,OB,1,1,221,128709,73,04:00.0,1,19:00,409
7784778043,U,OB,1,1,306,128709,73,34:00.0,1,18:00,409
778477819X,U,OB,1,1,353,138514,39,44:00.0,5,1:00,409
7784778272,U,OB,1,1,357,261265,81,47:00.0,6,2:00,409
7784778272,U,OB,1,1,357,261265,81,47:00.0,6,2:00,409
7784778281,U,OB,1,1,556,132108,52,30:00.0,5,7:00,409
7784778364,U,OB,1,1,129,132813,31,32:00.0,6,5:00,409
7784778364,U,OB,1,1,129,132813,35,52:00.0,6,5:00,409
7784778566,U,IB,1,1,72,261265,112,54:00.0,6,2:00,409
778477863X,U,IB,1,1,217,261265,112,56:00.0,6,2:00,409
7784778649,U,IB,1,1,259,261265,112,50:00.0,6,2:00,409
7784969407,U,CTY,1,1,165,127229,175,01:00.0,7,13:00,647
7785028385,U,CTY,1,1,150,140291,173,40:00.0,7,15:00,318
7785029815,U,CTY,1,1,1185,119363,168,45:00.0,7,10:00,318
7785029824,U,CTY,1,1,1175,119363,168,47:00.0,7,10:00,318
7785029833,U,IB,1,4,4745,135956,163,18:00.0,5,14:00,318
778502987X,U,CTY,1,2,3301,124081,169,06:00.0,7,8:00,318
7785055261,U,CTY,1,1,257,132756,189,37:00.0,7,18:00,318
7785058570,U,CTY,1,4,1670,140265,188,47:00.0,6,7:00,318
7785058900,U,CTY,1,7,2505,124081,169,24:00.0,7,8:00,318
7785063237,U,CTY,1,4,2525,140265,188,05:00.0,6,7:00,318
7785063291,U,CTY,1,4,895,124081,169,45:00.0,7,6:00,318
7785066032,U,CTY,1,1,1980,135720,169,15:00.0,4,14:00,318
7785274895,U,CTY,1,1,115,291058,175,31:00.0,2,12:00,218
778527506X,U,OB,1,1,455,T525255364,95,39:00.0,4,21:00,218
7785275088,U,OB,1,1,386,140067,95,18:00.0,6,0:00,218
7785275582,U,OB,1,1,119,290397,96,06:00.0,5,5:00,218
7785277434,U,OB,1,1,700,128828,89,15:00.0,6,1:00,218
7785328254,U,OB,1,1,145,125445,46,22:00.0,5,22:00,685
7785328263,U,OB,1,1,455,125445,46,30:00.0,5,22:00,685
7785328290,U,OB,1,1,153,125445,46,28:00.0,5,22:00,685
7785328328,U,OB,1,1,149,122835,55,55:00.0,5,0:00,685
7785328337,U,OB,1,1,149,122835,55,53:00.0,5,0:00,685
7785328346,U,OB,1,1,153,122835,37,50:00.0,5,0:00,685
7785328346,U,OB,1,1,153,122835,37,50:00.0,5,0:00,685
7785328364,U,CTY,1,3,2134,125445,223,49:00.0,6,18:00,685
7785328364,U,OB,1,3,2134,125445,46,45:00.0,5,23:00,685
7785328382,U,OB,1,1,155,122911,51,46:00.0,1,12:00,685
7785328391,U,OB,1,1,680,122911,51,53:00.0,1,12:00,685
7785328400,U,OB,1,1,145,122911,51,50:00.0,1,12:00,685
778532841X,U,OB,1,1,395,122911,51,54:00.0,1,12:00,685
7785328429,U,OB,1,1,184,122911,51,52:00.0,1,12:00,685
7785328447,U,OB,1,1,490,130524,43,50:00.0,4,18:00,685
7785328456,U,OB,1,1,145,138837,60,12:00.0,5,13:00,685
7785328465,U,OB,1,1,320,138837,60,20:00.0,5,12:00,685
7785328474,U,OB,1,1,154,138837,60,22:00.0,5,11:00,685
7785328483,U,OB,1,1,102,138837,60,31:00.0,5,12:00,685
7785328492,U,OB,1,1,555,138837,60,55:00.0,5,11:00,685
7785328501,U,OB,1,1,102,138837,60,09:00.0,5,13:00,685
778532852X,U,OB,1,1,102,129523,40,58:00.0,7,15:00,685
7785328557,U,OB,1,1,145,139971,52,13:00.0,5,3:00,685
7785328575,U,OB,1,1,315,139971,52,06:00.0,5,4:00,685
7785328584,U,OB,1,1,102,139971,52,04:00.0,5,4:00,685
7785328676,U,OB,1,1,184,139971,52,22:00.0,5,3:00,685
7785328685,U,OB,1,1,184,123255,51,04:00.0,6,18:00,685
7785328694,U,OB,1,1,240,123255,51,06:00.0,6,18:00,685
7785328703,U,OB,1,1,102,123255,51,01:00.0,6,18:00,685
7785328712,U,OB,1,1,195,123255,51,58:00.0,6,17:00,685
7785328721,U,OB,1,1,149,123255,51,09:00.0,6,18:00,685
7785328786,U,OB,1,1,225,134240,51,51:00.0,1,18:00,685
7785328795,U,OB,1,1,315,134240,51,08:00.0,1,19:00,685
7785328804,U,OB,1,1,195,134240,51,05:00.0,1,19:00,685
7785328813,U,OB,1,1,153,130524,43,20:00.0,4,18:00,685
7785328831,U,OB,1,1,149,138837,60,33:00.0,5,13:00,685
778532885X,U,OB,1,1,149,138837,60,36:00.0,5,13:00,685
7785328887,U,OB,1,1,153,130524,43,23:00.0,4,18:00,685
7785328905,U,OB,1,1,220,129523,40,00:00.0,7,16:00,685
7785328950,U,OB,1,1,153,139971,52,15:00.0,5,3:00,685
7785329098,U,OB,1,1,184,130524,43,28:00.0,4,18:00,685
7785329107,U,OB,1,2,1160,134130,32,32:00.0,5,3:00,685
7785329116,U,OB,1,1,330,123255,51,53:00.0,6,17:00,685
7785329125,U,OB,1,1,145,123255,51,12:00.0,6,18:00,685
7785329134,U,OB,1,1,102,123255,51,14:00.0,6,18:00,685
7785329143,U,OB,1,1,145,123255,51,17:00.0,6,18:00,685
7785329161,U,OB,1,1,260,124054,31,50:00.0,6,18:00,685
7785329565,U,OB,1,1,225,134240,51,56:00.0,1,18:00,685
7785329574,U,OB,1,1,165,134240,51,18:00.0,1,18:00,685
7785329776,U,OB,1,1,150,134171,52,15:00.0,7,2:00,685
7785329830,U,OB,1,1,153,134171,52,17:00.0,7,2:00,685
7785332829,U,IB,1,1,153,133765,141,18:00.0,1,20:00,685
7785332838,U,IB,1,1,150,133765,141,54:00.0,1,19:00,685
7785332847,U,IB,1,1,145,133765,141,57:00.0,1,19:00,685
7785332874,U,OB,1,1,184,136766,43,35:00.0,3,17:00,685
7785332883,U,OB,1,1,145,136766,43,29:00.0,3,17:00,685
7785332892,U,OB,1,1,274,136766,43,30:00.0,3,16:00,685
7785332901,U,OB,1,1,102,136766,43,23:00.0,3,17:00,685
7785332910,U,OB,1,1,145,136766,43,26:00.0,3,17:00,685
778533292X,U,OB,1,1,274,136766,43,36:00.0,3,16:00,685
7785332939,U,OB,1,1,490,136766,43,20:00.0,3,17:00,685
7785332948,U,OB,1,1,102,136766,43,14:00.0,3,17:00,685
7785332957,U,OB,1,1,414,122835,55,45:00.0,5,1:00,685
7785332966,U,OB,1,1,585,122835,55,48:00.0,5,1:00,685
7785332975,U,OB,1,1,102,122835,55,41:00.0,5,1:00,685
7785332984,U,OB,1,1,102,122835,55,42:00.0,5,1:00,685
7785332993,U,OB,1,1,184,122835,55,56:00.0,5,0:00,685
7785333002,U,OB,1,1,184,122835,55,58:00.0,5,0:00,685
7785333011,U,OB,1,1,102,122835,55,44:00.0,5,1:00,685
7785333094,U,OB,1,4,2730,123255,51,13:00.0,6,19:00,685
7785333177,U,OB,1,4,3132,126947,53,55:00.0,5,12:00,685
7785333195,U,IB,1,6,3696,134913,164,43:00.0,7,22:00,685
778533336X,U,OB,1,2,1306,126349,73,40:00.0,7,5:00,685
7785333552,U,OB,1,4,2360,134240,51,15:00.0,1,20:00,685
7785333599,U,OB,1,1,658,126155,26,45:00.0,1,9:00,685
7785333626,U,OB,1,1,365,126155,26,00:00.0,1,10:00,685
7785333653,U,OB,1,4,2911,138837,60,42:00.0,5,11:00,685
7785333709,U,OB,1,2,2083,138837,60,17:00.0,5,11:00,685
7785333727,U,OB,1,1,333,138837,60,24:00.0,5,10:00,685
7785333837,U,OB,1,2,2650,135237,63,54:00.0,7,2:00,685
7785333882,U,OB,1,1,900,125445,46,02:00.0,5,22:00,685
7785333891,U,OB,1,2,415,125445,46,49:00.0,5,21:00,685
778533391X,U,OB,1,3,1927,125445,46,25:00.0,5,21:00,685
7785333929,U,OB,1,1,155,125445,46,02:00.0,5,21:00,685
7785333947,U,OB,1,3,3144,136313,63,42:00.0,3,18:00,685
7785333983,U,OB,1,1,429,136313,63,39:00.0,3,17:00,685
7785334001,U,OB,1,3,1271,140332,60,25:00.0,2,0:00,685
7785338062,U,OB,1,1,1408,138436,53,05:00.0,2,4:00,685
7785338071,U,OB,1,1,1092,138436,53,17:00.0,2,3:00,685
7785338080,U,OB,1,1,1562,134240,51,29:00.0,1,20:00,685
7785338118,U,OB,1,2,940,123255,51,34:00.0,6,18:00,685
7785338163,U,OB,1,3,1445,139971,52,15:00.0,5,4:00,685
7785338228,U,OB,1,1,705,130984,39,23:00.0,5,15:00,685
7785338237,U,OB,1,1,1408,130984,39,25:00.0,5,15:00,685
7785338246,U,OB,1,1,736,130984,39,31:00.0,5,15:00,685
7785338291,U,OB,1,1,819,122835,55,04:00.0,5,0:00,685
7785338329,U,OB,1,1,1408,135237,63,26:00.0,7,0:00,685
7785338383,U,OB,1,1,1568,122929,26,59:00.0,6,12:00,685
7785338392,U,OB,1,2,2816,122929,26,13:00.0,6,14:00,685
7785338585,U,OB,1,2,70,126349,73,28:00.0,7,7:00,685
7785338594,U,OB,1,1,396,126349,73,23:00.0,7,3:00,685
7785338594,U,OB,1,1,396,126349,33,27:00.0,7,23:00,685
7785338630,U,OB,1,1,640,134434,38,09:00.0,4,18:00,685
778533864X,U,OB,1,1,1216,134434,38,27:00.0,4,18:00,685
7785338668,U,OB,1,1,324,129966,72,04:00.0,5,0:00,685
7785338677,U,OB,1,1,585,290337,39,50:00.0,7,12:00,685
7785338695,U,OB,1,1,1408,290337,39,54:00.0,7,12:00,685
7785338704,U,OB,1,2,1290,126155,26,13:00.0,1,10:00,685
7785338713,U,OB,1,1,936,126155,26,42:00.0,1,9:00,685
7785338722,U,OB,1,1,800,126155,60,13:00.0,1,11:00,685
7785338722,U,OB,1,1,800,126155,65,40:00.0,1,9:00,685
7785338722,U,OB,1,1,800,126155,65,40:00.0,1,9:00,685
778533875X,U,OB,1,1,1408,130524,43,28:00.0,4,19:00,685
7785338769,U,OB,1,1,1408,130524,43,58:00.0,4,18:00,685
7785338796,U,OB,1,1,503,277970,39,17:00.0,4,0:00,685
7785338805,U,OB,1,1,219,277970,39,06:00.0,4,0:00,685
778533908X,U,OB,1,2,190,129523,40,11:00.0,7,15:00,685
7785339099,U,OB,1,1,1160,129966,72,02:00.0,5,2:00,685
778534348X,U,CTY,1,1,954,131891,189,24:00.0,4,1:00,685
7785343535,U,IB,1,3,9350,134913,164,17:00.0,7,22:00,685
7785343609,U,OB,1,4,6085,124054,33,37:00.0,6,17:00,685
7785343609,U,OB,1,4,6085,124054,33,37:00.0,6,17:00,685
7785343645,U,OB,1,3,6925,138436,53,15:00.0,2,3:00,685
778534436X,U,OB,1,3,866,139971,52,57:00.0,5,2:00,685
7785344379,U,OB,1,2,392,139971,52,25:00.0,5,2:00,685
7785344388,U,OB,1,1,366,139971,52,47:00.0,5,2:00,685
7785344397,U,OB,1,1,321,139971,52,47:00.0,5,2:00,685
7785344819,U,OB,1,1,650,134171,52,47:00.0,7,2:00,685
7785354288,U,IB,1,1,167,123327,113,46:00.0,4,13:00,431
7785354434,U,OB,1,1,88,140160,52,07:00.0,4,2:00,431
7785354901,U,IB,1,1,34,121397,151,25:00.0,6,4:00,431
7785408527,U,CTY,1,1,448,135900,187,50:00.0,1,7:00,261
7785409059,U,CTY,1,1,670,261251,192,02:00.0,6,21:00,261
7785409122,U,IB,1,1,391,261175,158,58:00.0,5,0:00,261
7785410350,U,CTY,1,1,100,136624,168,54:00.0,4,4:00,261
7785410379,U,CTY,1,5,3055,136624,168,55:00.0,4,3:00,261
7785410543,U,IB,1,2,3010,134629,113,08:00.0,5,4:00,261
7785415154,U,IB,1,3,3089,133535,129,53:00.0,6,1:00,261
7785415181,U,CTY,1,2,2730,139877,172,39:00.0,7,22:00,261
7785424046,U,IB,1,1,450,131798,145,40:00.0,5,22:00,261
7785424055,U,IB,1,1,850,131798,145,51:00.0,5,21:00,261
7785427218,U,CTY,1,1,257,139877,172,44:00.0,7,21:00,261
7785433560,U,CTY,1,1,575,135187,172,53:00.0,5,0:00,261
7785433818,U,IB,1,1,690,133535,129,16:00.0,6,2:00,261
7785433827,U,IB,1,1,2920,135451,151,58:00.0,5,19:00,261
7785434597,U,CTY,1,2,3900,135900,187,23:00.0,1,7:00,261
7785435082,U,IB,1,6,2400,135451,151,13:00.0,5,21:00,261
7785435129,U,IB,1,1,79,135451,151,32:00.0,5,21:00,261
7785435201,U,CTY,1,1,107,139877,172,50:00.0,7,21:00,261
7785439803,U,CTY,1,1,109,138969,201,13:00.0,1,3:00,261
7785439803,U,CTY,1,1,109,138969,172,12:00.0,1,3:00,261
7785443332,U,CTY,1,1,107,121384,188,53:00.0,3,22:00,261
7785443561,U,CTY,1,1,7350,121384,188,48:00.0,3,22:00,261
7785443635,U,CTY,1,1,1115,135016,196,38:00.0,2,21:00,261
7785445624,U,IB,1,1,1663,261175,158,16:00.0,4,23:00,261
7785445752,U,IB,1,1,883,131798,145,32:00.0,5,19:00,261
7785450895,U,OB,1,2,5922,558489,88,47:00.0,3,7:00,261
7785451151,U,CTY,1,1,150,139877,172,06:00.0,7,22:00,261
7785451198,U,IB,1,1,1336,133535,129,35:00.0,6,2:00,261
7785451234,U,IB,1,1,630,132648,133,05:00.0,3,21:00,261
7785451252,U,CTY,1,1,251,136624,168,02:00.0,4,3:00,261
7785453196,U,IB,1,7,1181,128864,125,36:00.0,4,22:00,261
7785454424,U,CTY,1,2,896,121384,188,45:00.0,4,0:00,261
7785455331,U,CTY,1,11,2162,127039,189,15:00.0,5,22:00,261
7785464297,U,IB,1,1,960,133535,129,48:00.0,6,2:00,261
7785464571,U,CTY,1,1,1925,119911,172,12:00.0,5,23:00,261
778546679X,U,IB,1,1,858,261175,158,53:00.0,4,22:00,261
7785470053,U,IB,1,1,180,135451,151,14:00.0,5,19:00,261
7785474563,U,CTY,1,1,93,130594,195,50:00.0,3,21:00,261
778547878X,U,IB,1,1,1976,134280,105,51:00.0,4,1:00,261
7785482218,U,CTY,1,1,1069,119911,172,12:00.0,6,0:00,261
7785482218,U,CTY,1,1,1069,119911,182,13:00.0,6,0:00,261
7785482245,U,CTY,1,1,337,119911,172,28:00.0,5,23:00,261
7785482272,U,CTY,1,1,880,119911,172,09:00.0,6,0:00,261
7785482373,U,IB,1,1,809,134280,105,43:00.0,4,1:00,261
7785482988,U,CTY,1,1,573,139559,192,36:00.0,1,10:00,261
7785486398,U,CTY,1,1,1400,137647,173,02:00.0,2,10:00,261
7785492300,U,CTY,1,1,545,134524,169,44:00.0,1,3:00,261
7785492549,U,CTY,1,2,1955,129746,168,17:00.0,3,4:00,261
778549429X,U,OB,1,1,330,135451,94,07:00.0,6,4:00,261
7785494309,U,IB,1,1,195,133251,158,51:00.0,5,17:00,261
7785494491,U,CTY,1,7,7670,138743,196,06:00.0,2,19:00,261
7785494940,U,IB,1,1,250,133251,158,53:00.0,5,16:00,261
7785495629,U,CTY,1,1,422,137647,173,24:00.0,2,12:00,261
7785499414,U,CTY,1,1,190,139877,172,13:00.0,7,22:00,261
7785499450,U,CTY,1,1,760,139877,172,47:00.0,7,22:00,261
7785499488,U,CTY,1,4,3775,138184,169,02:00.0,4,4:00,261
7785499809,U,IB,1,2,497,127209,149,22:00.0,5,20:00,261
7785499845,U,IB,1,1,182,261175,158,48:00.0,4,22:00,261
7785499845,U,IB,1,1,182,261175,161,43:00.0,5,0:00,261
7785499881,U,IB,1,1,2716,131798,145,44:00.0,5,19:00,261
7785500193,U,CTY,1,6,10868,129585,197,29:00.0,6,19:00,261
7785500211,U,IB,1,1,540,133535,129,20:00.0,6,2:00,261
7785500220,U,IB,1,3,2735,135451,151,44:00.0,5,19:00,261
7785500294,U,CTY,1,1,325,139877,172,18:00.0,7,21:00,261
7785500312,U,CTY,1,1,2100,129585,197,00:00.0,6,19:00,261
7785506216,U,OB,1,1,210,136550,17,46:00.0,3,11:00,851
7785506270,U,OB,1,1,210,119897,95,08:00.0,5,2:00,851
7785506582,U,CTY,1,1,210,124297,197,27:00.0,2,12:00,851
7785506647,U,CTY,1,1,210,124297,197,17:00.0,2,12:00,851
7785596095,U,IB,1,1,920,131940,162,20:00.0,6,1:00,326
7785596095,U,IB,1,1,920,131940,133,19:00.0,6,1:00,326
778561991X,U,CTY,1,4,2405,132816,195,39:00.0,1,18:00,326
7785644578,U,CTY,1,1,870,290164,187,07:00.0,4,19:00,326
7785644587,U,CTY,1,1,495,290164,187,57:00.0,4,16:00,326
778564466X,U,CTY,1,1,123,290164,187,12:00.0,4,19:00,326
778564565X,U,IB,1,1,140,126855,143,21:00.0,7,13:00,326
7785646722,U,CTY,1,4,1420,135089,187,04:00.0,6,7:00,326
7785649317,U,CTY,1,1,119,134998,169,04:00.0,7,7:00,326
7785664818,U,CTY,1,1,30,131157,169,54:00.0,4,18:00,
7785664827,U,CTY,1,1,50,131157,169,51:00.0,4,18:00,326
7785665386,U,IB,1,1,232,134958,149,16:00.0,1,13:00,326
7785667530,U,CTY,1,1,458,139787,210,55:00.0,3,5:00,326
7785667530,U,CTY,1,1,458,139787,169,22:00.0,1,15:00,326
7785670098,U,CTY,1,1,215,136872,173,31:00.0,3,11:00,326
7785670098,U,CTY,1,1,215,136872,235,50:00.0,4,21:00,326
7785670125,U,IB,1,1,606,121317,123,01:00.0,2,16:00,326
7785675762,U,IB,1,1,1698,132764,125,23:00.0,6,16:00,326
7785686001,U,CTY,1,10,467,137753,195,39:00.0,6,10:00,326
7785686001,U,CTY,1,10,467,137753,_UNK,41:00.0,6,22:00,326
7785693317,U,IB,1,2,1170,211654,129,15:00.0,1,23:00,326
7785694197,U,CTY,1,1,353,124352,194,44:00.0,6,1:00,326
7785706297,U,CTY,1,1,200,133472,188,48:00.0,6,21:00,326
778570681X,U,CTY,1,2,3660,133472,188,02:00.0,6,22:00,326
778570681X,U,CTY,1,2,3660,133472,184,03:00.0,6,22:00,326
7785706829,U,IB,1,2,3680,133936,125,07:00.0,7,0:00,326
7785707525,U,IB,1,3,5045,290358,119,48:00.0,5,7:00,326
7785707525,U,CTY,1,3,5045,290358,168,52:00.0,4,21:00,326
7785709321,U,IB,1,1,575,124301,127,57:00.0,3,18:00,326
7785709404,U,IB,1,1,835,131940,133,11:00.0,6,0:00,326
7785709835,U,IB,1,3,5540,132764,125,15:00.0,6,16:00,326
7785712228,U,IB,1,1,600,134958,149,44:00.0,1,13:00,326
7785718543,U,CTY,1,1,30,136654,189,25:00.0,1,10:00,326
7785721623,U,IB,1,1,201,353244,149,25:00.0,1,6:00,326
7785786761,U,OB,1,2,815,HAEI23421,75,20:00.0,4,19:00,431
7785787376,U,IB,1,8,2575,HAEI26012,158,35:00.0,6,21:00,431
7785788018,U,OB,1,1,483,202709,78,39:00.0,4,10:00,431
7785788714,U,IB,1,1,668,HAEI23552,151,25:00.0,6,16:00,431
7785788732,U,IB,1,5,2072,HAEI23552,151,35:00.0,6,16:00,431
7785789659,U,CTY,1,5,1648,130521,168,40:00.0,5,19:00,431
7785789832,U,CTY,1,9,4045,560380,169,43:00.0,7,0:00,431
7785790070,U,CTY,1,1,270,117243,175,07:00.0,1,22:00,431
7785790290,U,CTY,1,7,2330,117243,175,08:00.0,1,22:00,431
7785790777,U,OB,1,2,620,128717,51,42:00.0,6,12:00,431
7785790831,U,OB,1,4,2291,128717,51,23:00.0,6,13:00,431
7785790896,U,OB,1,3,1285,128717,51,33:00.0,6,15:00,431
7785938332,U,CTY,1,1,176,125328,179,10:00.0,2,9:00,851
7785938332,U,CTY,1,1,176,125328,233,39:00.0,7,23:00,851
7785938599,U,OB,1,1,195,125328,32,39:00.0,1,0:00,851
7785938599,U,CTY,1,1,195,125328,235,35:00.0,2,22:00,851
7785938929,U,OB,1,1,194,137455,73,06:00.0,7,12:00,851
7785939001,U,OB,1,1,138,125328,32,28:00.0,7,18:00,851
7785939001,U,CTY,1,1,138,125328,180,10:00.0,7,20:00,851
7785939286,U,IB,1,4,2160,132364,143,55:00.0,6,13:00,851
7785939286,U,CTY,1,4,2160,132364,214,46:00.0,7,2:00,851
7785943879,U,CTY,1,4,5070,118561,168,40:00.0,7,6:00,851
7785943897,U,IB,1,2,1280,128702,127,21:00.0,5,16:00,851
7785943906,U,IB,1,1,745,128702,127,30:00.0,5,16:00,851
7785944061,U,CTY,1,4,4295,124297,227,31:00.0,4,6:00,851
7785944061,U,CTY,1,4,4295,124297,197,28:00.0,2,11:00,851
7785944786,U,OB,1,1,390,126561,96,47:00.0,6,7:00,851
7785944795,U,CTY,1,1,390,127762,195,06:00.0,3,9:00,851
7785944979,U,CTY,1,1,630,127502,174,21:00.0,3,7:00,851
7785945033,U,IB,1,1,195,125619,158,13:00.0,7,18:00,851
778594507X,U,CTY,1,3,2075,125994,196,10:00.0,5,14:00,851
7785945161,U,IB,1,3,2222,118845,141,54:00.0,6,10:00,851
7785945199,U,CTY,1,3,1590,131026,174,34:00.0,7,8:00,851
7785945208,U,CTY,1,3,2727,131026,174,27:00.0,7,8:00,851
778594551X,U,CTY,1,2,1750,291263,196,22:00.0,6,7:00,851
7785945529,U,CTY,1,2,1549,291263,196,33:00.0,6,7:00,851
7786052934,U,CTY,1,1,190,830887,175,08:00.0,3,15:00,621
7786052943,U,CTY,1,1,190,830887,175,15:00.0,3,15:00,621
7786052961,U,CTY,1,1,190,830887,175,13:00.0,3,15:00,621
7786054566,U,CTY,1,1,190,830887,175,45:00.0,3,14:00,621
7786055060,U,CTY,1,1,190,132055,195,55:00.0,3,19:00,621
7786055143,U,CTY,1,1,190,132055,195,58:00.0,3,19:00,621
7786055152,U,CTY,1,1,190,R326181472,174,19:00.0,1,14:00,621
7786055776,U,CTY,1,1,190,830887,175,40:00.0,3,14:00,621
7786056701,U,CTY,1,1,190,132055,195,38:00.0,3,21:00,621
7786056710,U,CTY,1,1,190,830887,175,00:00.0,3,15:00,621
7786057040,U,CTY,1,1,190,830887,175,21:00.0,3,14:00,621
778605727X,U,CTY,1,1,190,830887,175,05:00.0,3,14:00,621
7786057417,U,CTY,1,1,190,132055,195,42:00.0,3,21:00,621
7786057480,U,CTY,1,1,190,830887,175,10:00.0,3,14:00,621
7786057801,U,CTY,1,1,190,132055,195,44:00.0,3,21:00,621
7786057920,U,CTY,1,1,190,830887,175,14:00.0,3,14:00,621
7786058342,U,CTY,1,1,190,132055,195,31:00.0,3,21:00,621
7786058342,U,CTY,1,1,190,132055,211,54:00.0,5,8:00,621
7786058452,U,CTY,1,1,190,830887,175,03:00.0,3,14:00,621
7786058737,U,CTY,1,1,190,132055,195,46:00.0,3,21:00,621
7786058892,U,CTY,1,1,190,830887,175,59:00.0,3,13:00,621
7786059278,U,CTY,1,1,190,132055,195,29:00.0,3,21:00,621
7786059608,U,CTY,1,1,190,132055,195,22:00.0,3,21:00,621
7786060277,U,CTY,1,1,190,132055,195,05:00.0,3,20:00,621
7786060551,U,CTY,1,1,190,830887,175,15:00.0,3,14:00,621
7786060699,U,CTY,1,1,190,132055,195,24:00.0,3,21:00,621
7786062394,U,CTY,1,1,250,PASC33311,187,43:00.0,4,3:00,309
7786062641,U,CTY,1,1,250,PASC33311,187,31:00.0,4,3:00,309
7786062861,U,CTY,1,1,250,PASC33311,187,03:00.0,4,4:00,309
7786062944,U,IB,1,1,250,134743,151,59:00.0,7,0:00,309
7786063301,U,IB,1,1,250,134743,151,03:00.0,7,1:00,309
7786063559,U,CTY,1,1,250,PASC634534,197,40:00.0,1,3:00,309
7786063705,U,CTY,1,1,250,PASC634534,197,12:00.0,1,4:00,309
7786063750,U,CTY,1,1,250,290114,169,40:00.0,1,7:00,309
7786063925,U,CTY,1,1,250,PASC634534,197,00:00.0,1,4:00,309
7786064181,U,CTY,1,1,250,290114,169,40:00.0,1,7:00,309
7786064190,U,CTY,1,1,250,290114,169,56:00.0,1,7:00,309
7786064228,U,IB,1,1,250,PASC33311,145,00:00.0,4,13:00,309
7786064255,U,IB,1,1,250,PASC33311,145,34:00.0,4,11:00,309
7786064282,U,IB,1,1,250,PASC33311,145,40:00.0,4,11:00,309
7786064374,U,IB,1,1,250,PASC33311,145,53:00.0,4,11:00,309
7786064383,U,IB,1,1,250,PASC33311,145,55:00.0,4,12:00,309
7786064576,U,OB,1,1,208,136855,73,12:00.0,4,10:00,433
7786064612,U,OB,1,1,208,136855,73,10:00.0,4,10:00,433
7786074200,U,IB,1,1,15,130587,137,58:00.0,2,15:00,531
7786074200,U,IB,1,1,15,130587,117,49:00.0,2,7:00,531
7786077749,U,IB,1,2,44,137319,145,20:00.0,6,10:00,531
778607905X,U,IB,1,6,10120,137319,145,08:00.0,6,10:00,531
7786079078,U,CTY,1,2,3445,261029,175,28:00.0,5,7:00,531
778609423X,U,CTY,1,7,9590,290766,173,58:00.0,4,13:00,318
7786094395,U,OB,1,2,1812,128854,86,57:00.0,3,13:00,318
7786094478,U,OB,1,1,1177,128854,86,49:00.0,3,13:00,318
7786094487,U,OB,1,2,1030,128854,86,23:00.0,3,15:00,318
7786094505,U,CTY,1,1,2204,290766,173,57:00.0,4,13:00,318
7786094624,U,IB,1,1,725,128854,157,55:00.0,3,19:00,318
7786094624,U,OB,1,1,725,128854,86,20:00.0,3,13:00,318
7786094725,U,IB,1,1,601,126057,149,36:00.0,5,15:00,318
7786094743,U,IB,1,1,550,126057,149,04:00.0,5,12:00,318
7786094835,U,CTY,1,1,681,123975,169,26:00.0,5,14:00,318
7786094936,U,CTY,1,1,463,281030,189,02:00.0,6,18:00,318
7786095412,U,CTY,1,1,903,125296,196,26:00.0,4,22:00,318
7786095605,U,CTY,1,3,2726,124058,174,41:00.0,6,21:00,318
7786095962,U,IB,1,1,1801,128503,127,41:00.0,4,21:00,318
7786096081,U,IB,1,1,1202,139929,143,05:00.0,5,2:00,318
7786096090,U,IB,1,2,1291,128503,127,22:00.0,4,21:00,318
778609610X,U,IB,1,1,673,139929,143,47:00.0,5,1:00,318
7786096119,U,IB,1,1,931,139929,143,59:00.0,5,1:00,318
7786096458,U,CTY,1,1,582,135720,169,12:00.0,4,15:00,318
778609676X,U,CTY,1,1,971,140265,188,29:00.0,6,6:00,318
7786096889,U,IB,1,1,610,135854,151,20:00.0,6,22:00,318
7786197932,U,OB,1,1,420,137256,89,59:00.0,5,18:00,431
778620313X,U,OB,1,1,400,138522,89,38:00.0,7,19:00,431
7786203176,U,IB,1,1,300,HAEI23552,151,30:00.0,6,15:00,431
7786205165,U,IB,1,1,237,121377,135,51:00.0,1,21:00,431
7786205174,U,IB,1,1,78,121377,135,17:00.0,1,22:00,431
7786205284,U,IB,1,1,69,HAEI23005,117,13:00.0,7,4:00,431
7786205825,U,IB,1,1,72,127444,164,27:00.0,4,21:00,431
7786208144,U,OB,1,2,138,137256,89,18:00.0,5,18:00,431
7786209345,U,IB,1,1,2115,139567,116,01:00.0,1,5:00,431
7786210573,U,CTY,1,3,712,134869,169,56:00.0,1,7:00,431
7786210766,U,OB,1,2,300,HAEI26361,86,25:00.0,7,19:00,431
7786210849,U,CTY,1,1,596,134869,169,16:00.0,1,8:00,431
7786211361,U,IB,1,1,189,131223,163,53:00.0,4,15:00,431
7786211370,U,CTY,1,1,254,HAEI28100,172,05:00.0,5,15:00,431
7786211480,U,CTY,1,1,127,HAEI28100,172,52:00.0,5,14:00,431
7786211554,U,CTY,1,1,198,HAEI28100,172,17:00.0,5,15:00,431
7786213085,U,CTY,1,1,763,HAEI23255,175,11:00.0,7,19:00,431
7786213177,U,OB,1,1,909,HAEI27814,73,38:00.0,5,22:00,431
778621347X,U,CTY,1,1,1150,HAEI23255,175,14:00.0,7,19:00,431
7786213763,U,IB,1,1,1150,126870,143,47:00.0,5,21:00,431
778621380X,U,IB,1,1,1118,HAEI23552,151,17:00.0,6,17:00,431
7786213855,U,CTY,1,1,1190,HAEI25964,169,34:00.0,5,19:00,431
7786214066,U,IB,1,4,3789,134188,105,48:00.0,6,21:00,431
7786214102,U,CTY,1,1,862,133126,175,28:00.0,7,18:00,431
7786214340,U,IB,1,1,1195,131617,158,25:00.0,4,10:00,431
7786214340,U,CTY,1,1,1195,131617,170,11:00.0,4,13:00,431
7786214524,U,IB,1,1,1533,131617,158,51:00.0,4,10:00,431
7786214937,U,CTY,1,2,2482,137255,189,36:00.0,4,21:00,431
7786214982,U,IB,1,1,1210,126165,149,19:00.0,6,3:00,431
7786215065,U,IB,1,3,3052,134188,105,29:00.0,6,20:00,431
7786219584,U,CTY,1,1,245,133126,175,12:00.0,7,17:00,431
7786220125,U,OB,1,12,5695,128717,51,45:00.0,6,13:00,431
7786220529,U,CTY,1,2,666,HAEI24595,173,19:00.0,7,19:00,431
7786227266,U,IB,1,2,5385,45495,111,21:00.0,4,19:00,431
7786227403,U,CTY,1,1,745,530503,187,28:00.0,7,5:00,431
7786227421,U,CTY,1,1,53,530503,187,48:00.0,7,4:00,431
7786228402,U,CTY,1,6,2010,135983,B   ,27:00.0,7,2:00,431
7786228402,U,IB,1,6,2010,135983,116,03:00.0,7,1:00,431
7786228411,U,CTY,1,4,994,558695,169,21:00.0,7,7:00,431
7786228420,U,IB,1,1,106,135983,116,12:00.0,7,0:00,431
778623283X,U,OB,1,3,920,HAEI23421,75,59:00.0,4,13:00,431
7786240347,U,IB,1,4,924,202422,149,32:00.0,7,16:00,431
7786449621,U,CTY,1,1,2200,530503,170,25:00.0,7,5:00,431
7786449621,U,CTY,1,1,2200,530503,170,25:00.0,7,5:00,431
7786458156,U,CTY,1,1,585,132032,192,20:00.0,1,13:00,431
7786458174,U,CTY,1,2,490,134869,169,04:00.0,1,11:00,431
7786459824,U,CTY,1,32,700,140023,173,01:00.0,4,16:00,431
7786465104,U,OB,1,5,6285,137256,89,45:00.0,5,18:00,431
7786467991,U,IB,1,1,182,530859,125,47:00.0,7,15:00,431
778647571X,U,IB,1,2,1957,121397,151,30:00.0,6,6:00,431
778647824X,U,OB,1,1,352,137256,89,45:00.0,5,16:00,431
7786478340,U,CTY,1,2,735,126551,212,29:00.0,4,13:00,431
7786478387,U,OB,1,3,1115,123734,46,58:00.0,5,6:00,431
7786478872,U,CTY,1,1,369,530503,187,44:00.0,7,0:00,431
7786483099,U,IB,1,1,126,202422,149,47:00.0,7,16:00,431
7786483840,U,CTY,1,1,150,137255,189,10:00.0,4,16:00,431
7786492577,U,IB,1,2,510,135982,145,03:00.0,4,15:00,431
7786593328,U,OB,1,3,3300,138649,84,20:00.0,1,22:00,411
7786595573,U,OB,1,1,251,130482,26,58:00.0,3,9:00,411
7786596078,U,OB,1,1,454,135025,39,46:00.0,6,20:00,411
7786596590,U,OB,1,2,1580,136720,38,14:00.0,7,5:00,411
778659660X,U,OB,1,1,704,136720,38,21:00.0,7,5:00,411
778659693X,U,OB,1,1,1390,126171,52,52:00.0,4,8:00,411
7786596949,U,OB,1,2,3710,126171,52,47:00.0,4,9:00,411
7786596958,U,OB,1,1,219,124238,55,31:00.0,3,8:00,411
7786596967,U,OB,1,1,668,124238,55,53:00.0,3,8:00,411
7786597021,U,OB,1,1,490,R621615905,69,10:00.0,5,21:00,411
7786597086,U,OB,1,1,280,137849,40,51:00.0,1,5:00,411
7786597324,U,OB,1,1,450,281393,22,06:00.0,4,16:00,411
7786598103,U,OB,1,1,382,130449,58,55:00.0,6,15:00,411
7786598112,U,OB,1,1,218,130449,58,20:00.0,6,21:00,411
7786598121,U,OB,1,2,749,126586,39,06:00.0,6,16:00,411
7786598177,U,OB,1,1,129,129622,17,55:00.0,5,18:00,411
7786598177,U,CTY,1,1,129,129622,238,41:00.0,6,18:00,411
7786598186,U,OB,1,1,54,129622,17,41:00.0,5,16:00,411
7786598828,U,OB,1,2,5059,130911,52,36:00.0,7,8:00,411
7786602366,U,OB,1,1,1363,136988,73,42:00.0,5,14:00,411
7786602375,U,OB,1,5,1520,135636,50,04:00.0,5,7:00,411
7786602375,U,OB,1,5,1520,135636,24,00:00.0,5,8:00,411
7786602384,U,OB,1,2,1085,130780,72,29:00.0,6,16:00,411
7786602420,U,OB,1,1,750,123045,43,31:00.0,7,19:00,411
7786602824,U,CTY,1,8,14464,132036,168,16:00.0,5,17:00,411
7786602851,U,OB,1,1,511,135509,52,26:00.0,5,14:00,411
7786602952,U,OB,1,6,1720,R621615905,69,23:00.0,5,21:00,411
7786603035,U,OB,1,2,3777,129853,40,14:00.0,5,14:00,411
7786604694,U,OB,1,1,19,140160,43,24:00.0,6,11:00,411
7786604869,U,OB,1,1,295,129894,31,40:00.0,3,7:00,411
7786604923,U,OB,1,4,175,134612,49,24:00.0,3,15:00,411
7786604932,U,OB,1,2,106,129853,40,51:00.0,5,20:00,411
7786606582,U,OB,1,1,105,290300,43,21:00.0,4,5:00,411
7786606802,U,OB,1,1,290,134612,49,20:00.0,3,16:00,411
7786606858,U,OB,1,1,155,290404,58,36:00.0,4,22:00,411
7786606885,U,OB,1,1,185,136911,67,27:00.0,4,16:00,411
778660694X,U,IB,1,1,73,291148,164,24:00.0,5,16:00,411
7786606977,U,OB,1,1,636,130482,26,31:00.0,3,10:00,411
7786607004,U,OB,1,7,2835,R621615905,69,48:00.0,5,18:00,411
778660705X,U,OB,1,1,79,129622,17,09:00.0,5,15:00,411
7786607619,U,OB,1,3,560,125881,63,29:00.0,4,19:00,411
7786607646,U,OB,1,8,1465,132838,69,01:00.0,6,10:00,411
7786607738,U,OB,1,1,234,125829,73,14:00.0,2,22:00,411
7786607801,U,OB,1,11,1210,125829,73,16:00.0,2,14:00,411
7786607848,U,OB,1,5,516,130521,51,07:00.0,3,10:00,411
7786607875,U,OB,1,7,757,139653,87,46:00.0,6,8:00,411
7786607893,U,OB,1,5,560,139653,87,13:00.0,6,10:00,411
7786607902,U,OB,1,4,374,139653,87,44:00.0,6,9:00,411
778660793X,U,OB,1,1,2150,129622,17,43:00.0,5,15:00,411
7786607967,U,OB,1,6,778,122418,52,52:00.0,5,20:00,411
7786608021,U,OB,1,1,1349,136720,38,38:00.0,7,5:00,411
7786608407,U,OB,1,1,107,129894,31,09:00.0,3,8:00,411
7786609828,U,OB,1,1,226,131173,86,51:00.0,5,14:00,411
7786609855,U,OB,1,7,2279,137227,40,00:00.0,5,16:00,411
7786609929,U,OB,1,4,1710,123183,55,17:00.0,7,13:00,411
7786610616,U,OB,1,1,1300,123901,69,27:00.0,5,16:00,411
7786610661,U,OB,1,2,3205,133176,32,34:00.0,4,13:00,411
7786610726,U,OB,1,1,1200,132935,39,57:00.0,5,14:00,411
7786610827,U,OB,1,4,7062,136125,67,44:00.0,6,17:00,411
7786610845,U,OB,1,5,4889,127477,86,35:00.0,6,8:00,411
7786611083,U,IB,1,2,8129,129588,152,21:00.0,7,10:00,411
7786611092,U,OB,1,1,934,202088,60,06:00.0,6,13:00,411
7786613366,U,OB,1,1,109,128551,43,05:00.0,2,17:00,411
7786613925,U,OB,1,1,480,128640,96,17:00.0,7,0:00,411
7786616574,U,OB,1,1,186,132522,26,20:00.0,7,10:00,411
7786617638,U,OB,1,3,1255,128551,43,49:00.0,2,17:00,411
7786618976,U,OB,1,4,905,131793,43,01:00.0,7,14:00,411
7786619187,U,OB,1,6,1795,137849,40,34:00.0,1,2:00,411
7786619205,U,OB,1,4,609,132935,39,44:00.0,5,14:00,411
7786619214,U,OB,1,4,244,132935,39,13:00.0,5,14:00,411
7786619306,U,OB,1,5,710,132935,39,52:00.0,5,13:00,411
7786619360,U,OB,1,21,2270,130484,60,16:00.0,5,11:00,411
7786619571,U,OB,1,4,3020,133012,65,34:00.0,1,10:00,411
7786619571,U,OB,1,4,3020,133012,39,06:00.0,7,20:00,411
7786619580,U,OB,1,3,740,278731,49,25:00.0,3,10:00,411
7786619755,U,OB,1,5,945,278731,49,08:00.0,3,8:00,411
778661981X,U,OB,1,12,1805,129696,58,32:00.0,3,19:00,411
7786619847,U,OB,1,4,1115,278731,49,52:00.0,3,8:00,411
778661992X,U,OB,1,1,34,281393,22,59:00.0,4,18:00,411
7786619975,U,OB,1,26,3035,281393,33,55:00.0,4,18:00,411
7786619975,U,OB,1,26,3035,281393,33,55:00.0,4,18:00,411
7786619984,U,OB,1,2,845,281393,22,32:00.0,4,18:00,411
7786619993,U,OB,1,2,133,281393,22,09:00.0,4,18:00,411
7786620020,U,OB,1,8,3430,281393,22,11:00.0,4,20:00,411
7786620204,U,OB,1,2,540,135344,18,02:00.0,4,8:00,411
7786620341,U,OB,1,3,1025,137849,40,17:00.0,1,6:00,411
7786620608,U,OB,1,1,445,134612,49,29:00.0,3,15:00,411
7786620671,U,OB,1,1,200,139636,40,10:00.0,3,16:00,411
778662069X,U,OB,1,2,215,127740,50,32:00.0,3,12:00,411
7786620727,U,OB,1,7,2285,127740,50,27:00.0,3,12:00,411
7786620790,U,OB,1,3,295,131938,38,41:00.0,4,10:00,411
7786620938,U,OB,1,2,150,140160,43,00:00.0,6,12:00,411
7786620947,U,OB,1,1,197,140160,43,51:00.0,6,11:00,411
7786621084,U,OB,1,3,632,140160,43,46:00.0,6,12:00,411
778662113X,U,OB,1,2,192,136125,67,34:00.0,6,12:00,411
7786621277,U,OB,1,1,316,129894,31,06:00.0,3,7:00,411
7786622689,U,OB,1,3,343,134526,48,20:00.0,4,15:00,411
7786623037,U,OB,1,1,315,121937,55,39:00.0,6,9:00,411
7786623064,U,OB,1,4,1735,121937,55,51:00.0,6,9:00,411
7786624604,U,OB,1,2,4680,139636,40,03:00.0,3,16:00,411
7786624687,U,OB,1,1,395,R621615905,69,33:00.0,5,20:00,411
7786625585,U,OB,1,1,740,126227,53,53:00.0,3,13:00,411
7786625612,U,OB,1,1,34,130911,52,05:00.0,7,7:00,411
7786625630,U,OB,1,3,2540,140160,43,01:00.0,6,11:00,411
7786625659,U,OB,1,1,2135,123348,48,06:00.0,6,0:00,411
7786625677,U,OB,1,1,643,123348,48,08:00.0,6,0:00,411
7786625677,U,CTY,1,1,643,123348,N   ,42:00.0,2,14:00,411
778662575X,U,CTY,1,2,2790,126743,195,02:00.0,5,10:00,411
7786625769,U,OB,1,1,750,202256,74,30:00.0,3,9:00,411
778662652X,U,OB,1,1,250,211778,17,54:00.0,4,8:00,411
7786626539,U,OB,1,1,1665,130482,26,47:00.0,3,9:00,411
7786626548,U,OB,1,1,2185,130482,26,24:00.0,3,9:00,411
7786626730,U,OB,1,1,829,121937,55,14:00.0,6,7:00,411
7786627024,U,OB,1,1,829,132674,72,58:00.0,4,13:00,411
7786627042,U,OB,1,1,188,127740,50,31:00.0,3,7:00,411
7786627060,U,OB,1,1,440,134612,49,01:00.0,3,15:00,411
7786627482,U,OB,1,1,1680,290404,58,38:00.0,4,22:00,411
7786627547,U,OB,1,1,1928,128551,43,22:00.0,2,18:00,411
778662784X,U,OB,1,2,1030,129696,58,36:00.0,3,19:00,411
7786627877,U,OB,1,1,275,133519,43,19:00.0,4,10:00,411
7786627895,U,OB,1,1,275,133012,39,04:00.0,7,18:00,411
7786627931,U,OB,1,2,505,281393,22,54:00.0,4,17:00,411
778662795X,U,OB,1,1,350,290395,31,40:00.0,5,21:00,411
7786629078,U,OB,1,6,1800,123901,69,54:00.0,5,13:00,411
7786629105,U,OB,1,1,320,123237,40,17:00.0,6,6:00,411
7786629215,U,OB,1,5,2613,140096,67,42:00.0,7,12:00,411
7786629444,U,OB,1,6,1012,129894,31,10:00.0,3,8:00,411
7786629462,U,OB,1,2,540,138649,23,02:00.0,2,16:00,411
7786629462,U,OB,1,2,540,138649,84,54:00.0,1,21:00,411
7786629509,U,OB,1,6,2600,137640,60,42:00.0,5,19:00,411
778662960X,U,OB,1,5,1845,128640,96,56:00.0,7,0:00,411
7786629628,U,OB,1,1,243,128640,96,57:00.0,7,1:00,411
7786629637,U,OB,1,4,1650,131779,43,28:00.0,7,0:00,411
778662971X,U,OB,1,6,4283,132070,76,52:00.0,1,9:00,411
7786629747,U,OB,1,3,565,281072,60,01:00.0,1,0:00,411
778662982X,U,OB,1,1,68,122907,50,58:00.0,1,15:00,411
7786629866,U,IB,1,7,2480,390234,104,56:00.0,4,18:00,411
7786629875,U,IB,1,13,5475,390234,104,54:00.0,4,16:00,411
7786630324,U,CTY,1,8,5112,126648,173,56:00.0,2,1:00,411
7786630333,U,OB,1,2,905,133233,63,25:00.0,4,7:00,411
7786630342,U,OB,1,1,267,133233,63,22:00.0,4,8:00,411
7786630398,U,OB,1,1,238,133233,63,36:00.0,4,10:00,411
7786630609,U,OB,1,4,1385,135636,50,42:00.0,5,5:00,411
7786630609,U,OB,1,4,1385,135636,20,00:00.0,5,8:00,411
7786630829,U,OB,1,1,285,125712,46,57:00.0,3,6:00,411
7786631599,U,OB,1,1,295,130482,26,05:00.0,3,11:00,411
7786631653,U,OB,1,1,139,137849,40,16:00.0,1,1:00,411
7786632322,U,OB,1,1,870,131248,49,51:00.0,5,11:00,411
7786633175,U,OB,1,1,226,129503,51,04:00.0,7,16:00,411
7786634623,U,OB,1,1,146,280868,89,41:00.0,5,20:00,411
7786634641,U,OB,1,1,236,280868,89,08:00.0,5,22:00,411
7786637328,U,OB,1,4,10540,134612,49,49:00.0,3,16:00,411
7786637337,U,OB,1,6,13005,131696,55,55:00.0,4,13:00,411
7786638235,U,OB,1,3,257,127740,50,11:00.0,3,13:00,411
7786638437,U,OB,1,2,255,132838,69,00:00.0,6,13:00,411
7786638464,U,OB,1,2,615,291008,88,20:00.0,7,18:00,411
778663851X,U,IB,1,2,365,136417,101,21:00.0,1,3:00,411
7786639344,U,OB,1,1,560,123107,72,32:00.0,3,3:00,411
7786639362,U,OB,1,4,3359,130911,52,10:00.0,7,9:00,411
7786639380,U,OB,1,1,61,130911,52,32:00.0,7,6:00,411
7786639573,U,OB,1,1,646,133519,43,43:00.0,4,15:00,411
7786639591,U,OB,1,1,238,133519,43,16:00.0,4,14:00,411
7786640087,U,OB,1,7,1925,134974,50,06:00.0,5,8:00,411
7786640114,U,OB,1,1,172,131859,22,10:00.0,6,8:00,411
7786640197,U,OB,1,1,402,131859,22,46:00.0,6,8:00,411
7786640307,U,OB,1,10,1355,131859,22,41:00.0,6,8:00,411
7786640408,U,OB,1,3,620,129573,52,49:00.0,4,6:00,411
7786640426,U,OB,1,2,200,129573,52,29:00.0,4,7:00,411
7786640518,U,OB,1,2,225,129573,52,26:00.0,4,7:00,411
7786640536,U,OB,1,3,510,134974,50,12:00.0,5,8:00,411
7786640893,U,OB,1,1,1800,137227,40,44:00.0,5,15:00,411
7786641829,U,OB,1,1,1805,129951,49,46:00.0,1,13:00,411
7786641838,U,OB,1,2,740,129951,49,56:00.0,1,13:00,411
7786642085,U,OB,1,2,725,200486,50,23:00.0,4,7:00,411
7786642186,U,OB,1,4,560,134634,39,03:00.0,6,14:00,411
7786642231,U,OB,1,2,290,123237,40,53:00.0,6,6:00,411
7786642240,U,OB,1,1,173,136908,39,50:00.0,7,10:00,411
7786642240,U,OB,1,1,173,136908,9,59:00.0,7,10:00,411
7786642296,U,OB,1,1,295,140096,67,34:00.0,7,10:00,411
7786642379,U,OB,1,3,366,129573,52,18:00.0,4,7:00,411
7786642415,U,OB,1,5,1150,125712,46,44:00.0,3,10:00,411
7786642516,U,OB,1,1,285,202256,74,55:00.0,3,11:00,411
7786642956,U,OB,1,6,640,123107,72,32:00.0,3,4:00,411
7786642956,U,OB,1,6,640,123107,35,33:00.0,3,4:00,411
7786644074,U,OB,1,1,283,125881,63,23:00.0,4,18:00,411
7786644092,U,OB,1,2,890,125881,63,18:00.0,4,19:00,411
778664456X,U,OB,1,1,383,137640,60,29:00.0,5,18:00,411
778664478X,U,OB,1,6,2004,130484,60,26:00.0,5,11:00,411
7786647576,U,OB,1,1,77,123045,43,17:00.0,7,20:00,411
7786647585,U,OB,1,60,2071,123045,43,17:00.0,7,20:00,411
7786650023,U,OB,1,3,2847,135025,39,40:00.0,6,21:00,411
7786650032,U,OB,1,1,202,136988,73,29:00.0,5,13:00,411
7786650041,U,OB,1,2,734,136988,73,29:00.0,5,14:00,411
7786651325,U,OB,1,2,945,119073,55,44:00.0,7,17:00,411
7786651361,U,OB,1,1,220,119073,55,51:00.0,7,17:00,411
778667107X,U,OB,1,1,300,126283,49,53:00.0,7,10:00,411
7786675314,U,OB,1,5,5570,136720,38,07:00.0,7,4:00,411
7786678073,U,OB,1,1,335,123045,43,04:00.0,7,20:00,411
7786678082,U,OB,1,1,415,119073,55,01:00.0,7,15:00,411
7786678100,U,OB,1,1,455,123045,43,24:00.0,7,19:00,411
778667811X,U,OB,1,1,520,123045,56,07:00.0,7,20:00,411
778667811X,U,OB,1,1,520,123045,56,07:00.0,7,20:00,411
7786678129,U,OB,1,1,520,119073,55,07:00.0,7,16:00,411
7786847271,U,CTY,1,1,170,133013,176,23:00.0,5,22:00,857
7786853770,U,CTY,1,434,373,127884,172,29:00.0,4,21:00,857
7786854293,U,CTY,1,1,488,121486,192,50:00.0,5,3:00,857
778687589X,U,IB,1,4,9000,123837,135,36:00.0,6,7:00,857
7786876349,U,IB,1,2,365,291044,145,22:00.0,4,21:00,857
7786948581,U,CTY,1,8,4494,138802,195,15:00.0,1,5:00,857
7786949279,U,CTY,1,5,7641,133389,187,11:00.0,5,7:00,857
7786968098,U,OB,1,1,200,123487,10,01:00.0,3,14:00,857
7786971398,U,CTY,1,2,2800,130617,188,12:00.0,3,4:00,857
778698061X,U,CTY,1,1,464,133013,176,31:00.0,5,23:00,857
7786981756,U,IB,1,1,370,123837,135,11:00.0,5,21:00,857
7786987301,U,CTY,1,9,8565,140147,175,29:00.0,7,0:00,857
7787049011,U,IB,1,1,1875,131662,116,40:00.0,5,3:00,324
778704903X,U,CTY,1,2,108,430973,172,22:00.0,6,19:00,324
7787049287,U,IB,1,2,3780,842650,158,53:00.0,5,22:00,324
7787185568,U,CTY,1,1,388,133072,169,34:00.0,7,11:00,531
7787192067,U,CTY,1,1,210,133072,169,03:00.0,7,10:00,531
7787195899,U,IB,1,1,836,261029,165,51:00.0,5,6:00,531
7787195899,U,CTY,1,1,836,261029,175,26:00.0,5,6:00,531
7787204699,U,IB,1,1,180,561112,135,56:00.0,7,14:00,531
778720908X,U,IB,1,6,3644,211132,135,44:00.0,4,6:00,531
7787213113,U,IB,1,7,1232,130587,117,05:00.0,2,7:00,531
7787213306,U,IB,1,1,380,117815,135,52:00.0,5,5:00,531
778721337X,U,IB,1,11,3020,137319,145,58:00.0,6,10:00,531
7787213407,U,CTY,1,1,225,261029,175,01:00.0,5,8:00,531
7787213461,U,CTY,1,1,220,261029,175,59:00.0,5,7:00,531
778721348X,U,IB,1,1,220,137319,145,24:00.0,6,9:00,531
7787213800,U,IB,1,1,220,135053,131,30:00.0,1,3:00,531
7787213800,U,IB,1,1,220,135053,121,17:00.0,1,8:00,531
7787213993,U,IB,1,6,7848,261341,135,39:00.0,1,12:00,531
7787214269,U,IB,1,1,390,139907,119,55:00.0,4,21:00,531
7787214269,U,IB,1,1,390,139907,117,24:00.0,4,18:00,531
7787214278,U,IB,1,1,395,139907,117,16:00.0,4,18:00,531
7787214736,U,IB,1,4,3033,131309,111,50:00.0,5,11:00,531
7787214736,U,IB,1,4,3033,131309,119,51:00.0,5,11:00,531
7787214828,U,CTY,1,1,395,130963,189,38:00.0,5,9:00,531
7787214846,U,CTY,1,1,395,130963,189,42:00.0,5,9:00,531
778721491X,U,CTY,1,1,344,131137,173,26:00.0,5,7:00,531
7787215010,U,CTY,1,1,344,131137,173,02:00.0,5,8:00,531
7787215414,U,IB,1,1,235,134314,141,45:00.0,6,15:00,531
7787215423,U,CTY,1,1,220,133491,176,03:00.0,6,16:00,531
7787215551,U,IB,1,1,235,134314,141,45:00.0,6,15:00,531
7787215726,U,CTY,1,17,5460,121678,168,23:00.0,2,6:00,531
7787215744,U,CTY,1,6,1460,121678,168,41:00.0,2,4:00,531
7787215780,U,IB,1,1,395,353210,158,32:00.0,5,19:00,531
7787216157,U,IB,1,1,220,125657,127,52:00.0,2,21:00,531
7787216220,U,IB,1,1,220,137023,127,58:00.0,6,6:00,531
7787216267,U,IB,1,1,395,137023,127,56:00.0,6,6:00,531
7787218586,U,CTY,1,1,225,132822,190,31:00.0,4,0:00,531
7787218723,U,IB,1,1,225,134479,152,00:00.0,1,13:00,531
7787218732,U,IB,1,1,305,134479,152,51:00.0,1,12:00,531
7787220254,U,IB,1,1,179,133291,105,24:00.0,7,1:00,531
7787220382,U,IB,1,1,230,133291,121,24:00.0,7,1:00,531
7787220382,U,IB,1,1,230,133291,105,17:00.0,7,1:00,531
7787220548,U,IB,1,1,225,353210,158,59:00.0,5,13:00,531
778722151X,U,IB,1,6,1325,135735,131,01:00.0,7,19:00,531
7787221574,U,IB,1,2,34,137723,151,15:00.0,6,1:00,531
7787221583,U,OB,1,5,93,136592,41,32:00.0,4,21:00,531
7787221601,U,IB,1,6,115,127460,123,32:00.0,4,21:00,531
7787221610,U,IB,1,2,57,137723,151,19:00.0,6,0:00,531
778722162X,U,IB,1,8,139,137723,151,13:00.0,6,1:00,531
7787221639,U,IB,1,2,32,137723,151,46:00.0,6,0:00,531
7787223462,U,OB,1,2,2230,134706,63,35:00.0,1,0:00,411
7787223480,U,OB,1,8,6950,200486,50,55:00.0,4,8:00,411
7787223655,U,OB,1,8,10585,130593,22,42:00.0,4,12:00,411
7787223756,U,OB,1,3,3300,126389,60,16:00.0,6,9:00,411
7787223774,U,OB,1,5,5545,126389,60,23:00.0,6,10:00,411
7787223783,U,OB,1,5,9405,126389,60,55:00.0,6,9:00,411
7787223783,U,OB,1,5,9405,126389,5,12:00.0,7,9:00,411
7787223801,U,OB,1,6,8150,126783,48,20:00.0,7,13:00,411
7787223884,U,OB,1,3,4905,130484,60,18:00.0,5,10:00,411
7787223949,U,OB,1,1,269,133012,39,12:00.0,7,18:00,411
7787223958,U,OB,1,6,9950,135344,18,02:00.0,4,9:00,411
7787223967,U,OB,1,3,4685,135344,18,18:00.0,4,8:00,411
7787223985,U,OB,1,2,2620,135344,18,59:00.0,4,9:00,411
7787223994,U,OB,1,3,4295,136988,73,43:00.0,5,13:00,411
7787224003,U,OB,1,8,11010,130780,72,46:00.0,6,14:00,411
7787224003,U,CTY,1,8,11010,130780,R4  ,53:00.0,7,8:00,411
7787224003,U,CTY,1,8,11010,130780,195,08:00.0,7,1:00,411
7787231236,U,OB,1,2,1705,122907,50,25:00.0,1,16:00,411
7787231263,U,OB,1,5,5200,200486,50,18:00.0,4,8:00,411
7787231272,U,OB,1,3,4089,134634,39,21:00.0,6,14:00,411
7787231281,U,OB,1,3,3569,134634,39,22:00.0,6,14:00,411
778723130X,U,OB,1,2,1785,134634,39,39:00.0,6,13:00,411
7787231319,U,OB,1,2,1633,134634,39,23:00.0,6,14:00,411
7787231328,U,OB,1,2,1625,134634,39,12:00.0,6,14:00,411
7787231364,U,OB,1,2,1715,291140,46,13:00.0,1,7:00,411
7787231373,U,OB,1,2,1650,291140,46,05:00.0,1,7:00,411
778723141X,U,OB,1,3,4440,130538,52,26:00.0,7,20:00,411
7787231447,U,OB,1,2,2230,140096,67,08:00.0,7,11:00,411
7787231465,U,OB,1,2,2280,130538,47,21:00.0,7,19:00,411
7787231465,U,OB,1,2,2280,130538,52,15:00.0,7,19:00,411
7787231474,U,OB,1,2,1790,130538,52,30:00.0,7,19:00,411
7787231483,U,OB,1,3,3740,140096,67,29:00.0,7,11:00,411
7787231492,U,OB,1,5,6700,129503,51,39:00.0,7,18:00,411
7787231501,U,OB,1,2,1940,136908,39,28:00.0,7,13:00,411
7787231510,U,OB,1,4,4045,136908,39,42:00.0,7,12:00,411
7787231539,U,OB,1,4,4230,130930,52,30:00.0,3,4:00,411
7787231548,U,OB,1,8,9435,130930,52,30:00.0,3,4:00,411
7787231557,U,OB,1,3,3850,130593,22,37:00.0,4,15:00,411
7787231566,U,OB,1,5,5360,130593,22,21:00.0,4,15:00,411
7787231620,U,OB,1,3,3730,126783,48,24:00.0,7,11:00,411
7787231658,U,OB,1,3,3405,126783,48,37:00.0,7,11:00,411
7787231667,U,OB,1,4,5555,202206,26,34:00.0,5,6:00,411
7787231768,U,OB,1,3,2670,121937,55,34:00.0,6,6:00,411
7787231831,U,OB,1,2,2255,132522,26,08:00.0,7,8:00,411
7787248378,U,CTY,1,6,5478,127912,196,21:00.0,4,5:00,153
7787257030,U,CTY,1,1,195,126791,196,00:00.0,5,3:00,153
7787262669,U,CTY,1,5,4150,133888,189,02:00.0,4,17:00,153
7787273283,U,CTY,1,1,190,45605,175,59:00.0,5,14:00,153
7787273301,U,CTY,1,2,1386,137653,194,35:00.0,6,3:00,153
7787278352,U,CTY,1,1,171,128578,195,10:00.0,6,10:00,153
7787278361,U,CTY,1,6,3768,128578,195,01:00.0,6,10:00,153
7787282276,U,CTY,1,1,295,128578,195,38:00.0,6,10:00,153
7787282276,U,CTY,1,1,295,128578,208,12:00.0,7,1:00,153
7787283944,U,CTY,1,1,1920,138837,192,58:00.0,1,19:00,153
7787348469,U,CTY,1,1,299,133221,192,00:00.0,7,19:00,324
7787359633,U,IB,1,6,1992,139006,145,19:00.0,7,10:00,324
7787359660,U,CTY,1,1,200,132075,175,40:00.0,2,0:00,324
7787359927,U,CTY,1,2,415,135731,197,43:00.0,5,13:00,324
7787362264,U,IB,1,1,239,904236,151,00:00.0,6,13:00,324
7787362273,U,IB,1,1,164,904236,151,58:00.0,6,12:00,324
7787364024,U,IB,1,9,17190,135378,158,46:00.0,5,4:00,324
778736616X,U,CTY,1,1,907,133757,225,02:00.0,5,13:00,324
7787377197,U,CTY,1,3,477,134281,194,09:00.0,7,20:00,324
7787377673,U,CTY,1,3,477,135708,169,00:00.0,6,3:00,324
7787377682,U,CTY,1,3,477,135708,169,32:00.0,6,3:00,324
7787377729,U,CTY,1,3,477,135708,169,12:00.0,6,3:00,324
7787379525,U,CTY,1,1,175,121584,196,32:00.0,7,21:00,324
778738354X,U,IB,1,1,225,134824,149,52:00.0,3,13:00,324
7787901612,U,OB,1,1,95,128416,40,08:00.0,7,14:00,521
7787904308,U,CTY,1,1,123,290884,196,53:00.0,3,15:00,304
7787904683,U,CTY,1,1,53,139837,175,15:00.0,3,19:00,653
7787904793,U,CTY,1,2,1365,290884,196,00:00.0,3,16:00,304
7787905783,U,CTY,1,1,244,127801,221,42:00.0,6,15:00,304
7787905783,U,IB,1,1,244,127801,125,06:00.0,6,15:00,304
7787906140,U,IB,1,2,799,133296,163,02:00.0,7,14:00,304
7787907067,U,OB,1,1,107,559414,96,07:00.0,1,10:00,653
778790791X,U,CTY,1,1,17,140393,172,51:00.0,5,6:00,100
7787907929,U,CTY,1,1,33,140393,172,43:00.0,5,6:00,100
7787908432,U,CTY,1,1,324,133118,231,34:00.0,3,21:00,112
7787908919,U,CTY,1,1,241,137665,189,51:00.0,5,15:00,304
7787909330,U,CTY,1,3,135,135140,195,57:00.0,4,13:00,304
7787909386,U,IB,1,1,54,140309,158,20:00.0,3,0:00,642
7787909909,U,OB,1,2,78,290333,48,08:00.0,6,3:00,740
778791055X,U,OB,1,1,495,134548,84,09:00.0,2,4:00,511
7787913400,U,CTY,1,1,42,290757,197,34:00.0,7,7:00,100
7787913456,U,IB,1,1,331,123643,149,49:00.0,5,14:00,304
7787915005,U,CTY,1,1,239,134974,187,31:00.0,4,1:00,304
7787915335,U,CTY,1,1,2173,139700,184,33:00.0,1,12:00,326
7787915335,U,CTY,1,1,2173,139700,184,33:00.0,1,12:00,326
7787915335,U,IB,1,1,2173,139700,164,31:00.0,1,12:00,326
7787916673,U,OB,1,1,64,125159,72,54:00.0,4,6:00,653
7787917618,U,IB,1,2,260,139637,164,45:00.0,5,21:00,304
7787917773,U,CTY,1,1,795,211433,196,00:00.0,6,19:00,304
7787917782,U,CTY,1,21,123,211433,196,56:00.0,6,18:00,304
7787917984,U,OB,1,15,305,128783,63,04:00.0,6,20:00,653
7787918406,U,IB,1,2,188,139637,164,56:00.0,5,21:00,304
7787918406,U,CTY,1,2,188,139637,207,30:00.0,6,3:00,304
7787918498,U,OB,1,1,35,137265,39,19:00.0,6,7:00,740
7787918552,U,OB,1,2,2190,132589,18,37:00.0,6,7:00,402
7787919405,U,IB,1,1,235,140003,135,13:00.0,7,13:00,402
7788017332,U,IB,1,3,1588,135091,114,53:00.0,7,3:00,246
7788017451,U,IB,1,1,380,127974,117,47:00.0,6,18:00,246
7788042908,U,IB,1,1,558,123865,117,21:00.0,6,11:00,246
7788042908,U,CTY,1,1,558,123865,169,47:00.0,6,11:00,246
7788042944,U,IB,1,1,190,123865,117,24:00.0,6,11:00,246
7788042953,U,CTY,1,1,331,123865,171,46:00.0,6,11:00,246
7788042953,U,CTY,1,1,331,123865,171,46:00.0,6,11:00,246
7788043072,U,CTY,1,10,500,136002,213,23:00.0,3,1:00,246
7788043072,U,CTY,1,10,500,136002,174,48:00.0,2,7:00,246
7788043128,U,IB,1,4,1430,125495,123,28:00.0,3,22:00,246
7788043137,U,IB,1,2,1237,125495,123,36:00.0,3,22:00,246
7788043366,U,OB,1,9,1305,132275,96,11:00.0,5,20:00,246
7788044071,U,CTY,1,5,710,126251,173,35:00.0,5,6:00,246
7788044163,U,IB,1,1,453,125495,123,11:00.0,3,21:00,246
7788044190,U,IB,1,1,174,125495,123,57:00.0,3,20:00,246
7788044273,U,OB,1,1,246,129903,96,55:00.0,5,10:00,246
7788044832,U,IB,1,1,237,125495,123,05:00.0,3,22:00,246
7788095084,U,OB,1,1,525,121949,84,45:00.0,7,0:00,244
7788095111,U,IB,1,1,636,126391,127,31:00.0,6,3:00,244
7788095120,U,IB,1,1,373,126391,127,00:00.0,6,4:00,244
778809513X,U,IB,1,1,816,126391,127,32:00.0,6,4:00,244
7788097641,U,IB,1,1,285,291010,123,33:00.0,6,7:00,244
7788098640,U,CTY,1,1,111,139520,172,51:00.0,7,4:00,244
7788099906,U,IB,1,1,488,139908,129,42:00.0,5,11:00,244
7788099915,U,IB,1,1,2225,139908,129,40:00.0,5,10:00,244
778809997X,U,IB,1,1,235,129840,127,52:00.0,5,12:00,244
7788099989,U,IB,1,1,220,129840,127,39:00.0,5,12:00,244
7788101821,U,IB,1,1,595,136191,123,50:00.0,7,12:00,244
7788102097,U,CTY,1,1,87,135957,169,37:00.0,7,14:00,244
7788102115,U,IB,1,1,1785,558917,131,36:00.0,3,13:00,244
7788102160,U,IB,1,1,1046,132414,164,18:00.0,4,6:00,244
7788102573,U,IB,1,1,1708,138153,149,40:00.0,3,15:00,244
7788102591,U,IB,1,2,2178,558917,131,37:00.0,3,6:00,244
7788102591,U,IB,1,2,2178,558917,109,56:00.0,3,12:00,244
778810261X,U,IB,1,3,385,558917,131,46:00.0,3,6:00,244
7788102647,U,IB,1,1,454,132414,164,11:00.0,4,7:00,244
7788102665,U,IB,1,1,1791,123274,145,54:00.0,5,8:00,244
7788102674,U,IB,1,1,1897,123274,145,21:00.0,5,9:00,244
7788102674,U,CTY,1,1,1897,123274,205,23:00.0,5,17:00,244
7788102692,U,IB,1,1,1320,123274,145,52:00.0,5,9:00,244
7788102757,U,IB,1,2,2128,126391,127,46:00.0,6,4:00,244
7788105350,U,IB,1,5,1880,126391,127,27:00.0,6,6:00,244
7788105433,U,IB,1,11,6411,133416,150,36:00.0,7,22:00,244
7788105442,U,IB,1,3,906,133416,150,27:00.0,7,22:00,244
7788105635,U,IB,1,2,2234,126391,127,21:00.0,6,5:00,244
7788105846,U,IB,1,3,925,136191,123,44:00.0,7,12:00,244
7788105855,U,IB,1,2,441,133416,150,04:00.0,7,21:00,244
7788108320,U,IB,1,12,4835,124340,119,03:00.0,4,10:00,244
7788108320,U,IB,1,12,4835,124340,119,03:00.0,4,10:00,244
7788108468,U,IB,1,1,1235,124340,112,48:00.0,4,7:00,244
7788109027,U,IB,1,1,328,123274,145,36:00.0,5,9:00,244
7788109164,U,IB,1,2,1025,126391,127,40:00.0,6,5:00,244
7788109229,U,IB,1,2,395,126391,127,57:00.0,6,5:00,244
7788109283,U,CTY,1,2,1586,131183,189,20:00.0,6,19:00,244
7788121933,U,CTY,1,2,510,138134,188,52:00.0,2,16:00,244
7788121942,U,CTY,1,2,483,138134,188,50:00.0,2,16:00,244
7788122831,U,CTY,1,1,282,125889,175,36:00.0,7,8:00,244
7788122988,U,CTY,1,1,210,125889,175,03:00.0,7,9:00,244
7788123051,U,IB,1,1,229,132414,164,38:00.0,4,4:00,244
7788123345,U,IB,1,1,641,132414,164,52:00.0,4,4:00,244
7788123354,U,IB,1,1,306,132414,164,35:00.0,4,4:00,244
7788124582,U,IB,1,1,148,903951,149,23:00.0,5,3:00,244
7788124582,U,IB,1,1,148,903951,153,33:00.0,5,16:00,244
7788124600,U,IB,1,1,72,903951,149,03:00.0,5,3:00,244
7788124629,U,IB,1,1,2100,558917,131,41:00.0,3,12:00,244
7788126086,U,IB,1,2,443,123869,133,56:00.0,6,8:00,244
7788126122,U,IB,1,2,715,123869,133,00:00.0,6,10:00,244
7788126140,U,IB,1,1,358,123869,133,53:00.0,6,8:00,244
778812615X,U,IB,1,1,468,123869,133,46:00.0,6,9:00,244
7788126169,U,IB,1,1,285,123869,133,47:00.0,6,9:00,244
7788126178,U,IB,1,1,285,123869,133,49:00.0,6,8:00,244
7788126187,U,IB,1,1,241,123869,133,48:00.0,6,8:00,244
7788126196,U,IB,1,1,948,123869,133,03:00.0,6,9:00,244
7788126205,U,IB,1,1,521,123869,133,24:00.0,6,10:00,244
7788126214,U,IB,1,1,375,123869,133,23:00.0,6,10:00,244
7788132484,U,IB,1,1,505,125914,164,13:00.0,4,13:00,244
778813253X,U,CTY,1,1,588,136297,187,43:00.0,4,13:00,244
778813407X,U,CTY,1,1,72,139520,172,52:00.0,7,5:00,244
7788134666,U,IB,1,1,385,129840,127,16:00.0,5,12:00,244
7788134684,U,IB,1,2,468,123274,145,26:00.0,5,8:00,244
7788246352,U,OB,1,2,593,CVEN44290,95,37:00.0,1,11:00,135
7788246480,U,OB,1,1,234,CVEN44290,95,56:00.0,1,12:00,135
778824649X,U,OB,1,3,725,CVEN44290,95,05:00.0,1,11:00,135
7788246628,U,OB,1,1,197,CVEN44290,95,00:00.0,1,14:00,135
7788247095,U,IB,1,1,226,202259,143,01:00.0,7,7:00,135
7788247205,U,CTY,1,1,50,CVEN46008,173,39:00.0,7,7:00,135
7788247452,U,CTY,1,1,54,CVEN46008,173,41:00.0,7,7:00,135
7788248424,U,CTY,1,8,2810,138251,197,15:00.0,5,13:00,135
7788295376,U,CTY,1,14,1420,130864,175,43:00.0,4,16:00,382
7788326699,U,IB,1,1,230,126070,152,53:00.0,2,22:00,830
7788469414,U,OB,1,3,120,133107,35,09:00.0,2,16:00,754
7788469414,U,OB,1,3,120,133107,39,49:00.0,2,14:00,754
7788472943,U,CTY,1,1,40,202085,238,59:00.0,3,21:00,754
7788473695,U,CTY,1,1,60,134252,238,08:00.0,3,22:00,754
7788473787,U,OB,1,1,40,136393,55,51:00.0,2,15:00,754
7788473805,U,OB,1,1,40,136393,55,18:00.0,2,16:00,754
7788473906,U,CTY,1,2,41,134252,238,55:00.0,3,21:00,754
7788474539,U,OB,1,1,40,133107,39,52:00.0,2,15:00,754
7788474548,U,OB,1,1,40,133107,39,59:00.0,2,15:00,754
7788474557,U,OB,1,1,40,133107,39,55:00.0,2,15:00,754
7788474593,U,OB,1,1,40,133107,39,49:00.0,2,15:00,754
7788474620,U,OB,1,1,40,133107,39,15:00.0,2,15:00,754
7788474658,U,OB,1,1,40,133107,39,36:00.0,2,16:00,754
7788474685,U,OB,1,1,40,133107,39,38:00.0,2,16:00,754
7788474786,U,OB,1,1,40,133107,39,32:00.0,2,16:00,754
7788474923,U,OB,1,1,40,133107,39,27:00.0,2,16:00,754
7788474941,U,OB,1,1,40,133107,39,09:00.0,2,15:00,754
7788474950,U,OB,1,1,40,133107,39,06:00.0,2,15:00,754
7788474979,U,OB,1,1,40,133107,39,23:00.0,2,16:00,754
7788474997,U,OB,1,1,40,133107,39,54:00.0,2,14:00,754
778847507X,U,OB,1,5,200,133107,39,00:00.0,2,13:00,754
7788475199,U,OB,1,2,50,133107,39,07:00.0,2,16:00,754
7788475208,U,OB,1,2,50,133107,39,14:00.0,2,16:00,754
7788475217,U,OB,1,1,40,133107,39,18:00.0,2,16:00,754
778847529X,U,OB,1,1,40,133107,39,11:00.0,2,13:00,754
7788475309,U,OB,1,1,40,133107,39,05:00.0,2,13:00,754
7788475363,U,OB,1,1,40,133107,39,16:00.0,2,13:00,754
7788475437,U,OB,1,1,40,133107,39,28:00.0,2,13:00,754
7788475556,U,OB,1,1,40,133107,39,21:00.0,2,13:00,754
7788475574,U,OB,1,1,40,133107,39,32:00.0,2,13:00,754
778847562X,U,OB,1,1,40,133107,39,41:00.0,2,13:00,754
7788475794,U,OB,1,1,40,136393,55,59:00.0,2,12:00,754
7788475803,U,OB,1,1,40,136393,55,33:00.0,2,13:00,754
7788475821,U,OB,1,1,40,136393,55,26:00.0,2,13:00,754
7788475859,U,OB,1,1,40,136393,55,29:00.0,2,13:00,754
7788475895,U,OB,1,1,40,136393,55,39:00.0,2,13:00,754
7788475940,U,OB,1,1,20,136393,55,45:00.0,2,13:00,754
7788475978,U,OB,1,1,40,136393,55,02:00.0,2,14:00,754
7788476225,U,OB,1,1,40,138401,39,29:00.0,5,3:00,754
7788476252,U,CTY,1,1,40,138401,231,25:00.0,5,19:00,754
7788476252,U,OB,1,1,40,138401,39,50:00.0,5,3:00,754
7788476252,U,CTY,1,1,40,138401,233,32:00.0,2,22:00,754
7788476270,U,OB,1,1,40,138401,39,04:00.0,5,3:00,754
778847628X,U,CTY,1,1,40,138401,231,23:00.0,6,19:00,754
778847628X,U,OB,1,1,40,138401,39,14:00.0,5,3:00,754
778847628X,U,CTY,1,1,40,138401,233,19:00.0,2,21:00,754
7788476299,U,OB,1,1,40,138401,39,54:00.0,5,3:00,754
7788476308,U,OB,1,1,40,138401,39,59:00.0,5,3:00,754
7788476472,U,OB,1,1,40,138401,39,22:00.0,5,4:00,754
7788476629,U,OB,1,1,40,138401,39,50:00.0,5,4:00,754
7788476656,U,OB,1,1,40,138401,39,37:00.0,5,4:00,754
7788476784,U,OB,1,1,40,138401,39,04:00.0,5,5:00,754
7788476793,U,OB,1,1,40,138401,39,33:00.0,5,4:00,754
7788476802,U,OB,1,1,40,138401,39,36:00.0,5,5:00,754
778847683X,U,OB,1,1,40,138401,39,42:00.0,5,4:00,754
7788476849,U,OB,1,1,40,138401,39,28:00.0,5,4:00,754
7788477013,U,OB,1,1,40,261236,48,12:00.0,4,21:00,754
7788477022,U,OB,1,1,40,261236,48,12:00.0,4,21:00,754
7788477114,U,OB,1,1,40,135019,32,41:00.0,5,3:00,754
7788477141,U,OB,1,1,40,135019,32,50:00.0,5,3:00,754
7788477233,U,OB,1,1,40,135019,32,45:00.0,5,3:00,754
7788477527,U,OB,1,1,40,138401,39,08:00.0,5,2:00,754
7788477545,U,OB,1,1,40,135019,32,33:00.0,5,3:00,754
7788477590,U,OB,1,1,40,135019,32,27:00.0,5,3:00,754
7788477655,U,OB,1,3,120,276230,38,08:00.0,5,20:00,754
7788477664,U,OB,1,1,40,135019,32,30:00.0,5,3:00,754
7788477682,U,OB,1,1,40,135019,32,36:00.0,5,3:00,754
7788477700,U,OB,1,1,40,135019,32,56:00.0,5,3:00,754
7788477738,U,OB,1,1,40,135019,32,14:00.0,5,4:00,754
7788477756,U,OB,1,1,40,135019,32,54:00.0,5,3:00,754
7788477902,U,OB,1,2,41,135019,32,05:00.0,5,4:00,754
7788477911,U,OB,1,1,40,135019,32,12:00.0,5,4:00,754
7788477920,U,OB,1,2,80,138401,39,56:00.0,5,1:00,754
778847793X,U,OB,1,1,40,135019,32,08:00.0,5,4:00,754
7788477949,U,OB,1,1,40,138401,39,05:00.0,5,2:00,754
7788477967,U,OB,1,1,40,138401,39,10:00.0,5,2:00,754
7788478030,U,OB,1,1,40,131369,18,43:00.0,6,15:00,754
7788478077,U,OB,1,1,40,276230,38,58:00.0,5,19:00,754
7788478122,U,OB,1,1,40,131369,18,36:00.0,6,15:00,754
7788478205,U,OB,1,1,40,276230,38,19:00.0,5,20:00,754
7788478250,U,OB,1,1,40,276230,38,17:00.0,5,20:00,754
7788478306,U,OB,1,1,40,276230,38,07:00.0,5,21:00,754
7788478324,U,OB,1,1,40,276230,38,10:00.0,5,21:00,754
778847837X,U,OB,1,1,40,276230,38,31:00.0,5,21:00,754
7788478425,U,OB,1,1,40,276230,38,15:00.0,5,21:00,754
778847848X,U,OB,1,1,40,276230,38,38:00.0,5,21:00,754
778847859X,U,OB,1,1,40,276230,38,22:00.0,5,20:00,754
7788478883,U,OB,1,1,40,129663,22,37:00.0,6,16:00,754
7788478901,U,OB,1,1,40,129663,22,42:00.0,6,16:00,754
7788478901,U,CTY,1,1,40,129663,231,15:00.0,6,19:00,754
7788478901,U,CTY,1,1,40,129663,231,05:00.0,7,3:00,754
7788478901,U,CTY,1,1,40,129663,233,51:00.0,7,2:00,754
7788478901,U,CTY,1,1,40,129663,233,19:00.0,2,21:00,754
7788478901,U,CTY,1,1,40,129663,235,14:00.0,3,21:00,754
7788478948,U,OB,1,1,40,129663,22,35:00.0,6,16:00,754
7788479049,U,OB,1,1,40,290935,38,21:00.0,6,17:00,754
7788479067,U,OB,1,1,40,129663,22,59:00.0,6,16:00,754
7788479177,U,OB,1,1,40,290935,38,47:00.0,6,20:00,754
7788479204,U,OB,1,1,40,290935,38,04:00.0,6,21:00,754
7788479269,U,OB,1,1,40,129663,44,59:00.0,6,16:00,754
7788479269,U,OB,1,1,40,129663,22,50:00.0,6,16:00,754
7788479341,U,OB,1,1,40,290935,38,19:00.0,6,20:00,754
7788479406,U,OB,1,1,40,290935,38,00:00.0,6,20:00,754
7788479424,U,OB,1,1,40,290935,38,31:00.0,6,20:00,754
7788479433,U,OB,1,1,40,290935,38,01:00.0,6,21:00,754
7788479507,U,OB,1,1,40,290935,38,05:00.0,6,20:00,754
7788479516,U,OB,1,1,40,290935,38,39:00.0,6,20:00,754
7788479525,U,OB,1,1,40,290935,38,10:00.0,6,20:00,754
7788479599,U,OB,1,1,40,290935,38,03:00.0,6,21:00,754
7788479599,U,CTY,1,1,40,290935,238,04:00.0,3,22:00,754
7788479617,U,OB,1,1,40,290935,38,07:00.0,6,22:00,754
7788479635,U,OB,1,1,40,290935,38,21:00.0,6,22:00,754
7788479727,U,OB,1,1,40,133315,60,26:00.0,1,11:00,754
7788479745,U,OB,1,1,40,133315,60,22:00.0,1,11:00,754
7788479846,U,OB,1,1,40,133315,60,17:00.0,1,11:00,754
7788479855,U,OB,1,1,40,133315,60,58:00.0,1,10:00,754
7788479882,U,OB,1,1,40,133315,60,02:00.0,1,11:00,754
778847991X,U,OB,1,1,40,133315,60,10:00.0,1,11:00,754
7788479956,U,OB,1,1,40,133315,60,54:00.0,1,10:00,754
7788480010,U,OB,1,1,40,133315,60,30:00.0,1,11:00,754
7788480066,U,IB,1,1,40,132333,125,47:00.0,3,15:00,754
7788480075,U,OB,1,1,40,133315,60,39:00.0,1,11:00,754
7788480111,U,OB,1,1,40,133315,60,02:00.0,1,12:00,754
7788480158,U,OB,1,1,40,133315,60,55:00.0,1,11:00,754
7788480167,U,OB,1,1,40,133315,23,59:00.0,1,11:00,754
7788480167,U,OB,1,1,40,133315,60,58:00.0,1,11:00,754
7788480176,U,OB,1,1,40,133315,60,35:00.0,1,11:00,754
7788480286,U,OB,1,1,40,133315,60,08:00.0,1,12:00,754
778848035X,U,OB,1,1,40,133315,60,18:00.0,1,12:00,754
7788480405,U,OB,1,1,40,133315,60,11:00.0,1,12:00,754
7788480450,U,OB,1,1,40,134898,50,57:00.0,3,23:00,754
778848046X,U,OB,1,1,40,134898,50,54:00.0,4,0:00,754
7788480497,U,OB,1,1,40,134898,50,51:00.0,4,0:00,754
7788480506,U,OB,1,1,40,134898,50,47:00.0,4,0:00,754
7788480551,U,OB,1,1,40,134898,50,52:00.0,4,2:00,754
7788480652,U,OB,1,1,40,133828,51,09:00.0,4,1:00,754
7788480670,U,OB,1,1,40,133828,51,13:00.0,4,1:00,754
778848079X,U,OB,1,1,40,134898,50,05:00.0,4,7:00,754
7788480809,U,OB,1,1,40,134898,50,31:00.0,4,7:00,754
7788480827,U,OB,1,1,40,134898,50,35:00.0,4,7:00,754
7788480836,U,OB,1,1,40,134898,50,02:00.0,4,7:00,754
7788480872,U,OB,1,1,40,134898,50,45:00.0,4,6:00,754
7788480881,U,OB,1,1,40,134898,50,33:00.0,4,8:00,754
7788480964,U,OB,1,1,40,134898,50,36:00.0,4,6:00,754
7788481000,U,CTY,1,1,40,134898,231,57:00.0,4,18:00,754
7788481000,U,OB,1,1,40,134898,50,56:00.0,4,7:00,754
7788481000,U,CTY,1,1,40,134898,235,35:00.0,5,22:00,754
778848101X,U,OB,1,1,40,134898,50,55:00.0,4,6:00,754
7788481038,U,OB,1,1,40,134898,50,06:00.0,4,8:00,754
7788481038,U,CTY,1,1,40,134898,231,53:00.0,4,18:00,754
7788481038,U,CTY,1,1,40,134898,235,35:00.0,5,22:00,754
7788481047,U,OB,1,1,40,134898,50,23:00.0,4,8:00,754
7788481276,U,OB,1,1,40,134898,50,53:00.0,4,8:00,754
7788481285,U,OB,1,1,40,134898,50,45:00.0,4,7:00,754
7788481321,U,OB,1,1,40,134898,50,27:00.0,4,6:00,754
778848134X,U,OB,1,1,40,134898,50,41:00.0,4,8:00,754
7788481413,U,CTY,1,1,40,202455,182,15:00.0,5,6:00,754
7788481413,U,OB,1,1,40,202455,43,08:00.0,5,3:00,754
7788481487,U,OB,1,1,40,202455,43,38:00.0,5,3:00,754
7788481588,U,OB,1,2,40,202455,43,04:00.0,5,4:00,754
7788481615,U,OB,1,1,40,202455,43,33:00.0,5,3:00,754
7788481642,U,OB,1,1,40,202455,43,12:00.0,5,4:00,754
7788481651,U,OB,1,1,40,139779,50,29:00.0,5,3:00,754
7788481743,U,CTY,1,1,40,202455,238,24:00.0,5,22:00,754
7788481743,U,OB,1,1,40,202455,43,20:00.0,5,6:00,754
7788481817,U,OB,1,2,41,202455,43,24:00.0,5,4:00,754
7788481844,U,OB,1,2,90,202455,43,57:00.0,5,3:00,754
7788481871,U,OB,1,1,40,202455,43,02:00.0,5,4:00,754
7788481880,U,OB,1,1,40,139779,50,04:00.0,5,4:00,754
7788482037,U,OB,1,1,40,202455,43,29:00.0,5,6:00,754
7788482055,U,OB,1,1,40,139779,50,09:00.0,5,4:00,754
7788482100,U,OB,1,1,40,139779,50,12:00.0,5,4:00,754
7788482174,U,OB,1,1,40,202455,43,33:00.0,5,6:00,754
7788482192,U,OB,1,1,40,202455,43,40:00.0,5,6:00,754
7788482266,U,OB,1,1,40,122740,26,02:00.0,7,4:00,754
7788482311,U,OB,1,1,40,122740,26,11:00.0,7,4:00,754
7788482385,U,OB,1,1,40,122740,26,19:00.0,7,6:00,754
7788482385,U,CTY,1,1,40,122740,238,35:00.0,3,22:00,754
7788482394,U,OB,1,1,40,122740,26,41:00.0,7,4:00,754
7788482430,U,OB,1,1,40,122740,26,24:00.0,7,4:00,754
7788482459,U,OB,1,1,40,122740,26,34:00.0,7,4:00,754
7788482569,U,OB,1,2,41,122740,26,42:00.0,7,6:00,754
7788482578,U,OB,1,1,40,122740,26,37:00.0,7,6:00,754
7788482641,U,OB,1,1,40,122740,26,52:00.0,7,7:00,754
7788482650,U,OB,1,1,40,122740,26,55:00.0,7,6:00,754
778848266X,U,OB,1,1,40,122740,26,38:00.0,7,7:00,754
7788482688,U,OB,1,1,40,122740,26,34:00.0,7,7:00,754
7788482706,U,OB,1,1,40,122740,26,07:00.0,7,8:00,754
7788482742,U,OB,1,1,40,122740,26,16:00.0,7,8:00,754
7788482789,U,OB,1,1,80,122740,26,02:00.0,7,8:00,754
7788482798,U,OB,1,1,40,122740,26,06:00.0,7,7:00,754
7788482825,U,CTY,1,1,40,139560,R4  ,36:00.0,6,11:00,754
7788482825,U,OB,1,1,40,139560,46,16:00.0,6,3:00,754
7788483036,U,OB,1,1,40,122740,26,42:00.0,7,0:00,754
7788483072,U,OB,1,1,40,122740,26,39:00.0,7,0:00,754
7788483146,U,OB,1,1,40,122740,26,49:00.0,7,0:00,754
7788483182,U,OB,1,1,40,137432,17,14:00.0,7,10:00,754
7788483191,U,OB,1,1,40,122740,26,09:00.0,7,2:00,754
7788483200,U,OB,1,1,40,137432,17,53:00.0,7,10:00,754
7788483265,U,OB,1,1,40,122740,26,52:00.0,7,0:00,754
7788483274,U,OB,1,1,40,137432,17,36:00.0,7,10:00,754
7788483301,U,OB,1,1,40,122740,26,17:00.0,7,2:00,754
7788483339,U,OB,1,1,40,137432,17,09:00.0,7,10:00,754
7788483366,U,OB,1,1,40,137432,17,03:00.0,7,10:00,754
7788483384,U,OB,1,1,40,137432,17,41:00.0,7,10:00,754
7788483449,U,OB,1,1,40,137432,17,47:00.0,7,10:00,754
7788483458,U,OB,1,1,40,122740,26,32:00.0,7,6:00,754
7788483503,U,OB,1,1,40,122740,26,48:00.0,7,4:00,754
7788483669,U,OB,1,1,40,133341,46,41:00.0,4,3:00,754
7788483797,U,CTY,1,1,40,133341,238,00:00.0,5,21:00,754
7788483797,U,OB,1,1,40,133341,46,36:00.0,4,3:00,754
7788483806,U,CTY,1,1,40,133341,238,13:00.0,4,22:00,754
7788483806,U,OB,1,1,40,133341,46,12:00.0,4,7:00,754
7788483806,U,CTY,1,1,40,133341,237,07:00.0,5,20:00,754
7788483815,U,OB,1,1,40,133341,46,23:00.0,4,7:00,754
7788483851,U,CTY,1,1,40,133341,237,09:00.0,5,20:00,754
7788483851,U,CTY,1,1,40,133341,231,16:00.0,4,21:00,754
7788483851,U,OB,1,1,40,133341,46,00:00.0,4,7:00,754
778848387X,U,OB,1,1,40,133341,46,40:00.0,4,6:00,754
7788483889,U,OB,1,1,40,133341,46,56:00.0,4,6:00,754
7788483898,U,OB,1,1,40,133341,46,49:00.0,4,6:00,754
7788483916,U,OB,1,1,40,133341,46,51:00.0,4,6:00,754
7788483925,U,OB,1,1,40,133341,46,28:00.0,4,6:00,754
7788483999,U,OB,1,1,40,133341,46,26:00.0,4,7:00,754
7788484017,U,OB,1,2,40,133341,46,23:00.0,4,6:00,754
7788484026,U,OB,1,1,40,133341,46,29:00.0,4,7:00,754
7788484154,U,OB,1,1,40,133341,46,40:00.0,4,7:00,754
7788484163,U,OB,1,1,40,133341,46,32:00.0,4,7:00,754
7788484190,U,OB,1,1,40,133341,46,42:00.0,4,7:00,754
7788484264,U,OB,1,1,40,133341,46,45:00.0,4,7:00,754
7788484338,U,OB,1,1,40,133341,46,56:00.0,4,7:00,754
7788484347,U,OB,1,1,40,133341,46,52:00.0,4,7:00,754
7788484502,U,OB,1,1,40,137579,39,47:00.0,5,1:00,754
7788484585,U,OB,1,2,41,137579,39,35:00.0,5,1:00,754
7788484659,U,OB,1,1,40,133906,31,47:00.0,3,22:00,754
7788484668,U,OB,1,1,40,133906,31,39:00.0,3,22:00,754
7788484796,U,OB,1,1,40,133906,31,28:00.0,3,22:00,754
7788484879,U,OB,1,1,40,133906,31,33:00.0,3,22:00,754
7788484897,U,OB,1,2,41,133906,31,27:00.0,3,22:00,754
7788484951,U,OB,1,1,40,133906,31,23:00.0,3,22:00,754
7788485108,U,OB,1,1,40,133906,31,30:00.0,3,22:00,754
7788485144,U,OB,1,2,41,133906,31,47:00.0,3,22:00,754
7788485218,U,OB,1,1,40,133906,31,49:00.0,3,22:00,754
7788485355,U,OB,1,1,40,137579,39,05:00.0,4,22:00,754
7788485474,U,OB,1,3,120,137579,39,21:00.0,4,22:00,754
7788485483,U,OB,1,1,40,127017,53,23:00.0,5,1:00,754
7788485593,U,OB,1,1,40,127017,53,05:00.0,5,4:00,754
7788485694,U,OB,1,1,40,127017,53,58:00.0,5,3:00,754
7788485730,U,OB,1,1,40,127017,53,41:00.0,5,3:00,754
7788485768,U,OB,1,1,40,127017,53,29:00.0,5,4:00,754
7788485795,U,OB,1,1,40,137579,39,07:00.0,4,22:00,754
7788485878,U,OB,1,1,40,127017,53,12:00.0,5,4:00,754
7788486015,U,OB,1,1,40,127017,53,26:00.0,5,7:00,754
7788486051,U,OB,1,2,41,127017,53,49:00.0,5,3:00,754
778848607X,U,OB,1,1,40,127017,53,21:00.0,5,7:00,754
7788486089,U,CTY,1,1,40,127017,238,37:00.0,2,21:00,754
7788486089,U,CTY,1,1,40,127017,231,36:00.0,6,22:00,754
7788486089,U,OB,1,1,40,127017,53,11:00.0,5,7:00,754
7788486143,U,OB,1,1,40,127017,53,33:00.0,5,7:00,754
7788486161,U,OB,1,1,40,127017,53,39:00.0,5,7:00,754
7788486208,U,OB,1,2,60,130863,38,17:00.0,4,2:00,754
7788486244,U,OB,1,1,40,119743,95,43:00.0,6,12:00,754
7788486309,U,CTY,1,1,40,119743,237,11:00.0,2,12:00,754
7788486309,U,CTY,1,1,40,119743,235,04:00.0,6,21:00,754
7788486309,U,CTY,1,1,40,119743,231,47:00.0,6,19:00,754
7788486309,U,OB,1,1,40,119743,95,42:00.0,6,12:00,754
7788486309,U,CTY,1,1,40,119743,235,04:00.0,6,21:00,754
7788486574,U,OB,1,1,40,122423,14,46:00.0,6,2:00,754
7788486592,U,CTY,1,1,40,122423,238,33:00.0,2,21:00,754
7788486592,U,CTY,1,1,40,122423,231,35:00.0,6,22:00,754
7788486592,U,OB,1,1,40,122423,14,23:00.0,6,3:00,754
7788486601,U,OB,1,1,40,122423,14,27:00.0,6,3:00,754
7788486711,U,OB,1,2,80,124169,31,37:00.0,7,6:00,754
7788486868,U,OB,1,1,40,124169,31,18:00.0,7,3:00,754
7788486886,U,OB,1,1,40,124169,31,22:00.0,7,3:00,754
7788487005,U,OB,1,1,40,124169,31,39:00.0,7,5:00,754
778848706X,U,OB,1,1,40,124169,31,22:00.0,7,5:00,754
7788487088,U,OB,1,1,40,124169,31,52:00.0,7,5:00,754
7788487124,U,OB,1,1,40,124169,31,06:00.0,7,5:00,754
7788487151,U,OB,1,1,40,124169,31,36:00.0,7,6:00,754
7788487207,U,OB,1,1,40,124169,31,20:00.0,7,6:00,754
7788487308,U,OB,1,2,41,132601,49,30:00.0,7,6:00,754
778848739X,U,OB,1,4,160,137593,53,53:00.0,4,4:00,754
7788487418,U,OB,1,1,40,124169,31,42:00.0,7,5:00,754
7788487582,U,OB,1,1,40,124169,31,50:00.0,7,6:00,754
7788487638,U,OB,1,1,40,124169,31,43:00.0,7,6:00,754
7788487674,U,OB,1,1,40,132601,49,13:00.0,7,5:00,754
7788487683,U,OB,1,1,40,124169,31,47:00.0,7,6:00,754
7788487748,U,OB,1,1,40,124169,31,49:00.0,7,6:00,754
7788487775,U,CTY,1,1,40,132601,237,16:00.0,2,11:00,754
7788487775,U,OB,1,1,40,132601,49,28:00.0,7,5:00,754
778848794X,U,OB,1,1,40,132124,32,54:00.0,1,20:00,754
7788487959,U,OB,1,1,40,138485,49,29:00.0,1,16:00,754
7788487995,U,OB,1,1,40,138485,49,41:00.0,1,19:00,754
7788488004,U,OB,1,1,40,138485,49,23:00.0,1,16:00,754
7788488031,U,OB,1,1,40,132124,32,03:00.0,1,21:00,754
778848805X,U,OB,1,1,40,138485,49,41:00.0,1,19:00,754
7788488233,U,OB,1,1,40,132124,32,44:00.0,1,21:00,754
7788488260,U,OB,1,2,50,132124,32,39:00.0,1,21:00,754
7788488289,U,OB,1,1,40,138485,49,16:00.0,1,20:00,754
7788488408,U,OB,1,1,40,138485,49,27:00.0,1,21:00,754
7788488417,U,OB,1,1,40,138485,49,58:00.0,1,20:00,754
7788488462,U,OB,1,1,40,138485,49,22:00.0,1,21:00,754
7788488471,U,OB,1,2,50,138485,49,37:00.0,1,20:00,754
7788488536,U,OB,1,1,40,138485,49,19:00.0,1,21:00,754
778848860X,U,OB,1,1,40,130863,38,25:00.0,4,0:00,754
7788488673,U,OB,1,2,41,137593,53,47:00.0,4,5:00,754
778848871X,U,OB,1,1,40,137593,53,56:00.0,4,4:00,754
7788488756,U,OB,1,1,40,137593,53,50:00.0,4,4:00,754
7788488839,U,OB,1,2,40,137593,53,19:00.0,4,7:00,754
7788488911,U,OB,1,1,40,137593,53,54:00.0,4,7:00,754
7788488949,U,OB,1,1,40,137593,53,54:00.0,4,4:00,754
7788488958,U,OB,1,1,40,137593,53,21:00.0,4,7:00,754
7788488985,U,OB,1,1,40,137593,53,54:00.0,4,6:00,754
7788489003,U,OB,1,1,40,137593,53,09:00.0,4,7:00,754
7788489012,U,OB,1,1,40,137593,53,28:00.0,4,6:00,754
7788489104,U,OB,1,1,40,137593,53,12:00.0,4,7:00,754
7788489178,U,OB,1,1,40,137593,53,58:00.0,4,7:00,754
7788489187,U,OB,1,1,40,134948,40,34:00.0,4,1:00,754
7788489250,U,OB,1,1,40,134948,40,25:00.0,4,1:00,754
7788489306,U,OB,1,1,40,134948,40,17:00.0,4,1:00,754
7788489351,U,OB,1,3,120,137593,53,08:00.0,4,10:00,754
7788489425,U,OB,1,1,40,134948,40,19:00.0,4,1:00,754
7788489434,U,OB,1,1,40,137593,53,21:00.0,4,10:00,754
7788489452,U,OB,1,1,40,137593,53,16:00.0,4,8:00,754
7788489508,U,OB,1,1,40,137593,53,43:00.0,4,9:00,754
7788489517,U,OB,1,1,40,137593,53,10:00.0,4,8:00,754
7788489571,U,CTY,1,1,40,129663,238,19:00.0,5,20:00,754
7788489571,U,OB,1,1,40,129663,40,42:00.0,4,18:00,754
7788489609,U,OB,1,1,40,129663,40,22:00.0,4,20:00,754
7788489627,U,OB,1,1,40,129663,40,00:00.0,4,19:00,754
7788489755,U,OB,1,2,41,129663,40,28:00.0,4,20:00,754
7788489829,U,OB,1,1,40,129663,40,31:00.0,4,19:00,754
7788489957,U,OB,1,1,40,129663,40,06:00.0,4,20:00,754
7788489975,U,OB,1,1,40,129663,40,17:00.0,4,19:00,754
7788489984,U,OB,1,1,40,129663,40,27:00.0,4,19:00,754
7788490058,U,OB,1,1,40,129663,40,10:00.0,4,19:00,754
7788490121,U,OB,1,1,40,129663,40,51:00.0,4,18:00,754
778849014X,U,OB,1,1,40,129663,40,53:00.0,4,18:00,754
7788490195,U,OB,1,1,40,129663,40,13:00.0,4,19:00,754
7788490213,U,OB,1,1,40,129663,40,12:00.0,4,20:00,754
7788490296,U,OB,1,1,40,129944,49,37:00.0,7,0:00,754
7788490314,U,OB,1,7,280,128783,63,59:00.0,6,18:00,754
7788490323,U,OB,1,1,40,129944,49,17:00.0,7,1:00,754
7788490388,U,OB,1,1,40,132336,53,44:00.0,6,2:00,754
7788490415,U,OB,1,1,40,129944,49,35:00.0,7,0:00,754
7788490442,U,OB,1,1,40,129944,49,44:00.0,7,0:00,754
7788490451,U,OB,1,1,40,129944,49,00:00.0,7,1:00,754
778849047X,U,OB,1,2,60,129944,49,31:00.0,7,1:00,754
7788490599,U,OB,1,2,80,132336,53,25:00.0,6,3:00,754
7788490635,U,OB,1,3,120,129944,49,18:00.0,7,2:00,754
7788490736,U,OB,1,1,40,125746,46,24:00.0,6,0:00,754
7788490763,U,OB,1,1,40,129944,49,50:00.0,7,2:00,754
7788490938,U,OB,1,1,40,125746,46,26:00.0,6,0:00,754
7788490947,U,OB,1,1,40,129944,49,10:00.0,7,3:00,754
7788490974,U,OB,1,1,40,129944,49,00:00.0,7,3:00,754
7788490983,U,OB,1,1,40,129944,49,05:00.0,7,3:00,754
7788491093,U,OB,1,1,40,129944,49,19:00.0,7,3:00,754
7788491102,U,OB,1,1,40,129944,49,14:00.0,7,3:00,754
7788491149,U,OB,1,1,40,129944,49,19:00.0,7,4:00,754
7788491185,U,OB,1,1,40,129944,49,47:00.0,7,3:00,754
7788491221,U,OB,1,1,40,131897,26,37:00.0,6,17:00,754
7788491230,U,OB,1,1,40,131897,26,49:00.0,6,17:00,754
7788491286,U,OB,1,1,40,129944,49,00:00.0,7,4:00,754
7788491340,U,OB,1,1,40,131897,26,35:00.0,6,17:00,754
7788491661,U,OB,1,1,40,131897,26,09:00.0,6,19:00,754
7788491708,U,OB,1,1,40,131897,26,43:00.0,6,17:00,754
7788491735,U,OB,1,1,40,131897,26,51:00.0,6,17:00,754
7788491771,U,OB,1,1,40,131897,26,39:00.0,6,17:00,754
778851698X,U,IB,1,7,6746,279944,112,22:00.0,3,20:00,326
7788517026,U,IB,1,5,5787,128237,164,53:00.0,2,18:00,326
7788517118,U,CTY,1,1,352,249234,172,33:00.0,5,15:00,326
7788517181,U,CTY,1,4,4417,123757,180,58:00.0,5,18:00,326
7788517181,U,IB,1,4,4417,123757,163,33:00.0,5,1:00,326
7788517219,U,CTY,1,4,3975,119922,192,44:00.0,5,18:00,326
7788517502,U,IB,1,3,1813,133936,125,38:00.0,6,22:00,326
7788517621,U,CTY,1,4,4709,136654,189,19:00.0,1,10:00,326
778851764X,U,CTY,1,3,3676,131130,169,06:00.0,1,13:00,326
7788517695,U,IB,1,4,3451,128320,151,09:00.0,2,22:00,326
7788519702,U,CTY,1,3,1150,136417,175,54:00.0,5,12:00,326
7788519711,U,CTY,1,3,884,125723,175,52:00.0,4,22:00,326
7788519758,U,CTY,1,1,299,CVEN44152,169,16:00.0,2,2:00,326
7788519812,U,CTY,1,5,1772,137603,174,28:00.0,5,1:00,326
7788519868,U,CTY,1,2,456,137603,174,31:00.0,5,1:00,326
7788520005,U,CTY,1,2,1502,136417,175,09:00.0,5,14:00,326
7788520041,U,CTY,1,3,2700,136417,175,56:00.0,5,13:00,326
7788520234,U,CTY,1,1,119,123514,178,28:00.0,5,8:00,326
7788520234,U,CTY,1,1,119,123514,178,28:00.0,5,8:00,326
7788520270,U,IB,1,1,112,134958,149,30:00.0,1,13:00,326
778852028X,U,IB,1,1,134,123514,145,00:00.0,5,8:00,326
7788520326,U,IB,1,1,69,123514,145,32:00.0,5,8:00,326
7788520454,U,IB,1,2,1229,130528,127,05:00.0,6,18:00,326
7788520600,U,IB,1,4,2495,353244,149,52:00.0,1,7:00,326
7788520656,U,IB,1,3,2338,353244,149,20:00.0,1,8:00,326
7788520820,U,CTY,1,5,4087,123740,194,59:00.0,5,10:00,326
7788520885,U,CTY,1,4,4116,123740,194,26:00.0,5,11:00,326
7788521087,U,IB,1,4,3669,121317,123,48:00.0,2,15:00,326
7788521150,U,CTY,1,6,5198,139787,169,55:00.0,1,16:00,326
7788521206,U,IB,1,5,7668,121317,123,00:00.0,2,15:00,326
7788521298,U,CTY,1,5,3595,138485,174,20:00.0,6,9:00,326
7788521325,U,CTY,1,4,2905,138485,174,15:00.0,6,9:00,326
7788611947,U,OB,1,1,215,123901,69,21:00.0,5,13:00,411
778861279X,U,OB,1,1,262,R621615905,69,44:00.0,5,16:00,411
7788612854,U,OB,1,1,231,133012,39,56:00.0,7,18:00,411
7788692301,U,CTY,1,1,803,133746,196,04:00.0,5,12:00,556
778869243X,U,OB,1,2,2079,128892,52,23:00.0,6,19:00,556
7788692449,U,OB,1,1,857,134130,95,29:00.0,6,11:00,556
7788692750,U,OB,1,1,1343,128892,52,12:00.0,6,19:00,556
7788693071,U,IB,1,1,1203,138791,104,45:00.0,1,19:00,556
7788693246,U,OB,1,1,1135,123489,40,46:00.0,2,8:00,556
7788693338,U,OB,1,2,2898,139746,66,07:00.0,5,14:00,556
7788693374,U,OB,1,1,1072,127039,76,20:00.0,5,10:00,556
7788693594,U,OB,1,1,1415,127039,76,33:00.0,5,10:00,556
7788694171,U,OB,1,2,1418,136427,22,22:00.0,1,6:00,556
7788694319,U,OB,1,1,1340,136427,22,53:00.0,1,5:00,556
7788694456,U,OB,1,2,2178,126398,95,16:00.0,2,19:00,556
7788694465,U,OB,1,1,1259,126398,95,23:00.0,2,19:00,556
7788694501,U,OB,1,3,3374,119394,32,07:00.0,2,16:00,556
7788695116,U,IB,1,2,1583,134941,113,51:00.0,2,7:00,556
7788695217,U,IB,1,2,1902,134941,113,09:00.0,2,8:00,556
7788695354,U,CTY,1,2,2582,138630,196,30:00.0,5,9:00,556
7788695500,U,CTY,1,2,1509,138630,196,02:00.0,5,9:00,556
7788696207,U,OB,1,1,1314,290807,89,38:00.0,7,18:00,556
7788873646,U,IB,1,10,6035,530697,131,51:00.0,4,16:00,841
7788875020,U,CTY,1,1,491,128398,173,54:00.0,5,13:00,841
7788875103,U,IB,1,8,4285,140114,101,56:00.0,6,10:00,841
778887536X,U,IB,1,28,1605,129663,158,06:00.0,3,15:00,841
7788875489,U,CTY,1,13,8085,HAEI24595,173,18:00.0,7,16:00,841
7788876230,U,IB,1,1,671,HAEI23005,117,01:00.0,7,7:00,841
7788877202,U,IB,1,5,2415,HAEI23307,131,53:00.0,6,19:00,841
7789037811,U,IB,1,2,1728,134428,163,59:00.0,6,17:00,303
7789037977,U,IB,1,3,2808,PASC175379,151,20:00.0,2,16:00,303
7789037977,U,CTY,1,3,2808,PASC175379,235,22:00.0,2,16:00,303
7789065789,U,IB,1,1,546,134428,163,53:00.0,6,17:00,303
7789066119,U,CTY,1,1,234,136132,169,28:00.0,6,14:00,303
7789071673,U,CTY,1,1,186,140356,172,41:00.0,7,13:00,303
7789072580,U,CTY,1,1,704,140356,172,33:00.0,7,13:00,303
7789072838,U,CTY,1,1,275,140306,174,36:00.0,5,13:00,303
7789086422,U,CTY,1,1,161,136132,169,32:00.0,6,15:00,303
7789101236,U,IB,1,6,11640,134428,163,37:00.0,6,18:00,303
7789111502,U,CTY,1,6,2316,136132,169,46:00.0,6,16:00,303
7789112988,U,CTY,1,2,660,140306,174,49:00.0,5,15:00,303
7789113491,U,CTY,1,2,655,140306,174,00:00.0,5,15:00,303
7789113529,U,CTY,1,2,580,140306,174,31:00.0,5,14:00,303
7789113547,U,CTY,1,2,580,140306,174,35:00.0,5,14:00,303
7789113565,U,CTY,1,2,580,140306,174,45:00.0,5,14:00,303
7789297732,U,IB,1,1,237,138265,104,59:00.0,1,7:00,186
7789297741,U,IB,1,1,270,138265,104,22:00.0,1,7:00,186
7789308009,U,OB,1,1,410,125153,86,39:00.0,4,15:00,266
7789308036,U,IB,1,2,450,130591,101,13:00.0,5,22:00,266
7789308200,U,IB,1,2,1148,278893,112,30:00.0,4,1:00,266
7789312986,U,CTY,1,1,179,126202,187,51:00.0,5,1:00,266
7789315049,U,IB,1,1,346,137744,129,13:00.0,2,22:00,266
7789315076,U,IB,1,1,294,137744,129,11:00.0,2,22:00,266
7789333271,U,IB,1,2,940,127099,104,40:00.0,6,12:00,266
778933329X,U,OB,1,1,350,127099,93,47:00.0,6,12:00,266
778933329X,U,OB,1,1,350,127099,93,47:00.0,6,12:00,266
7789333318,U,IB,1,1,485,124029,113,08:00.0,4,4:00,266
7789333583,U,IB,1,3,1510,130591,101,42:00.0,5,21:00,266
778933373X,U,OB,1,1,138,123032,74,30:00.0,1,7:00,266
7789333758,U,CTY,1,1,546,123032,N   ,45:00.0,1,6:00,266
7789333758,U,OB,1,1,546,123032,74,41:00.0,1,3:00,266
7789333794,U,OB,1,1,102,123032,74,15:00.0,1,3:00,266
7789333812,U,OB,1,1,102,123032,74,46:00.0,1,4:00,266
7789333821,U,OB,1,1,428,123032,74,14:00.0,1,4:00,266
7789333877,U,IB,1,1,428,134695,104,34:00.0,1,18:00,266
7789333886,U,IB,1,7,3484,134695,104,46:00.0,1,19:00,266
7789333895,U,IB,1,1,222,134695,104,28:00.0,1,18:00,266
7789333904,U,IB,1,1,105,134695,104,47:00.0,1,18:00,266
7789333913,U,IB,1,1,490,134695,104,09:00.0,1,20:00,266
7789333922,U,IB,1,1,656,134695,104,22:00.0,1,18:00,266
7789333931,U,IB,1,2,653,134695,104,44:00.0,1,18:00,266
7789333940,U,IB,1,1,132,134695,104,08:00.0,1,20:00,266
7789334005,U,IB,1,1,138,131479,125,57:00.0,1,17:00,266
7789334032,U,IB,1,1,516,131479,125,53:00.0,1,17:00,266
7789334252,U,IB,1,1,1800,278893,112,06:00.0,4,0:00,266
7789334270,U,IB,1,1,106,278893,112,24:00.0,4,2:00,266
778933428X,U,IB,1,4,1432,278893,112,33:00.0,4,2:00,266
7789334299,U,IB,1,1,308,278893,112,31:00.0,4,2:00,266
7789334371,U,IB,1,1,110,132653,131,37:00.0,6,3:00,266
778933439X,U,IB,1,1,94,132653,131,31:00.0,6,3:00,266
7789334409,U,IB,1,5,2817,132653,131,59:00.0,6,3:00,266
7789334849,U,CTY,1,1,1945,202317,174,41:00.0,4,13:00,266
7789335260,U,CTY,1,7,8722,134695,GRG ,09:00.0,2,16:00,266
7789335260,U,IB,1,7,8722,134695,104,15:00.0,1,21:00,266
7789335307,U,IB,1,2,1055,278893,112,31:00.0,4,0:00,266
7789335361,U,IB,1,2,2037,202245,117,51:00.0,6,17:00,266
7789338057,U,IB,1,1,478,202245,117,54:00.0,6,15:00,266
7789338066,U,IB,1,1,150,202245,117,45:00.0,6,16:00,266
7789338075,U,IB,1,1,1543,202245,117,48:00.0,6,15:00,266
7789340504,U,IB,1,1,1984,134695,104,12:00.0,1,20:00,266
778934066X,U,IB,1,4,6320,131479,125,22:00.0,1,21:00,266
7789409171,U,OB,1,1,650,128515,40,16:00.0,3,2:00,433
778941359X,U,IB,1,1,650,137630,101,16:00.0,1,9:00,433
7789413609,U,IB,1,1,650,137630,101,54:00.0,1,9:00,433
7789415057,U,IB,1,1,650,137630,101,37:00.0,1,9:00,433
7789419347,U,OB,1,1,650,559965,88,31:00.0,3,8:00,433
7789419356,U,OB,1,1,650,559965,88,42:00.0,3,8:00,433
7789419365,U,OB,1,1,650,559965,88,59:00.0,3,7:00,433
7789419374,U,OB,1,1,650,559965,88,56:00.0,3,7:00,433
7789419383,U,OB,1,1,650,559965,88,30:00.0,3,7:00,433
7789419392,U,OB,1,1,650,559965,88,27:00.0,3,7:00,433
7789419401,U,OB,1,1,340,559965,88,04:00.0,3,7:00,433
7789419410,U,OB,1,1,650,559965,88,50:00.0,3,6:00,433
778941942X,U,OB,1,1,650,559965,88,19:00.0,3,7:00,433
7789419448,U,OB,1,1,650,559965,88,26:00.0,3,9:00,433
7789419457,U,OB,1,1,650,559965,88,43:00.0,3,9:00,433
7789419466,U,OB,1,1,650,559965,88,39:00.0,3,9:00,433
7789419475,U,OB,1,1,650,559965,88,23:00.0,3,9:00,433
7789419484,U,OB,1,1,650,559965,88,21:00.0,3,9:00,433
7789419493,U,IB,1,1,650,559965,121,18:00.0,3,12:00,433
7789419493,U,OB,1,1,650,559965,88,36:00.0,3,9:00,433
7789419502,U,OB,1,1,650,559965,88,55:00.0,3,9:00,433
7789419520,U,OB,1,1,650,559965,88,54:00.0,3,7:00,433
778941953X,U,OB,1,1,650,559965,88,49:00.0,3,7:00,433
7789419549,U,OB,1,1,650,559965,88,24:00.0,3,7:00,433
7789419558,U,OB,1,1,650,559965,88,42:00.0,3,9:00,433
7789419567,U,OB,1,1,650,559965,88,48:00.0,3,9:00,433
7789419576,U,OB,1,1,650,559965,88,18:00.0,3,10:00,433
7789419594,U,OB,1,1,650,559965,88,02:00.0,3,8:00,433
7789419603,U,OB,1,1,650,559965,88,11:00.0,3,8:00,433
7789419612,U,OB,1,1,650,559965,88,08:00.0,3,8:00,433
7789419621,U,OB,1,1,650,559965,88,05:00.0,3,8:00,433
7789419630,U,OB,1,1,650,559965,88,09:00.0,3,11:00,433
778941964X,U,OB,1,1,650,559965,88,21:00.0,3,11:00,433
7789419659,U,OB,1,1,650,559965,88,24:00.0,3,11:00,433
7789419668,U,OB,1,1,650,559965,88,33:00.0,3,11:00,433
7789419677,U,OB,1,1,650,559965,88,31:00.0,3,11:00,433
7789419686,U,OB,1,1,650,559965,88,04:00.0,3,11:00,433
7789419695,U,OB,1,1,650,559965,88,26:00.0,3,11:00,433
7789419704,U,OB,1,1,650,559965,88,22:00.0,3,11:00,433
7789419713,U,OB,1,1,650,559965,88,16:00.0,3,10:00,433
7789419722,U,OB,1,1,650,559965,88,06:00.0,3,10:00,433
7789419731,U,OB,1,1,650,559965,88,23:00.0,3,10:00,433
7789419740,U,OB,1,1,650,559965,88,31:00.0,3,10:00,433
778941975X,U,OB,1,1,650,559965,88,29:00.0,3,10:00,433
7789419769,U,OB,1,1,650,559965,88,25:00.0,3,10:00,433
7789419778,U,OB,1,1,650,559965,88,27:00.0,3,10:00,433
7789419787,U,OB,1,1,650,559965,88,27:00.0,3,10:00,433
7789419796,U,OB,1,1,650,559965,88,04:00.0,3,10:00,433
7789419805,U,OB,1,1,650,559965,88,18:00.0,3,10:00,433
7789419814,U,OB,1,1,650,559965,88,20:00.0,3,10:00,433
7789419823,U,OB,1,1,650,559965,88,45:00.0,3,9:00,433
7789419832,U,OB,1,1,650,559965,88,52:00.0,3,9:00,433
7789419841,U,IB,1,1,650,134490,117,27:00.0,5,6:00,433
7789419850,U,IB,1,1,650,134490,117,36:00.0,5,6:00,433
778941986X,U,OB,1,1,650,559965,88,28:00.0,3,9:00,433
7789419879,U,OB,1,1,650,559965,88,33:00.0,3,8:00,433
7789419888,U,OB,1,1,650,559965,88,37:00.0,3,8:00,433
7789419897,U,OB,1,1,650,559965,88,50:00.0,3,8:00,433
7789419906,U,OB,1,1,650,559965,88,03:00.0,3,13:00,433
7789419915,U,OB,1,1,650,559965,88,55:00.0,3,12:00,433
7789419924,U,OB,1,1,650,559965,88,06:00.0,3,13:00,433
7789419933,U,OB,1,1,650,559965,88,07:00.0,3,13:00,433
7789419942,U,OB,1,1,650,559965,88,57:00.0,3,12:00,433
7789419951,U,OB,1,1,650,559965,88,43:00.0,3,12:00,433
7789419960,U,OB,1,1,650,559965,88,53:00.0,3,12:00,433
778941997X,U,OB,1,1,650,559965,88,49:00.0,3,12:00,433
7789419989,U,OB,1,1,650,559965,88,39:00.0,3,12:00,433
7789419998,U,OB,1,1,650,559965,88,47:00.0,3,12:00,433
7789420007,U,OB,1,1,650,559965,88,41:00.0,3,12:00,433
7789420016,U,OB,1,1,650,559965,88,01:00.0,3,13:00,433
7789420025,U,OB,1,1,650,559965,88,51:00.0,3,11:00,433
7789420034,U,OB,1,1,650,559965,88,29:00.0,3,11:00,433
7789420043,U,OB,1,1,650,559965,88,27:00.0,3,11:00,433
7789420061,U,OB,1,1,650,558258,73,56:00.0,4,9:00,433
7789420070,U,OB,1,1,650,558258,73,57:00.0,4,9:00,433
778942008X,U,OB,1,1,650,558258,73,50:00.0,4,9:00,433
7789420099,U,OB,1,1,650,558258,73,47:00.0,4,9:00,433
7789420108,U,OB,1,1,650,558258,73,51:00.0,4,12:00,433
7789420117,U,OB,1,1,650,558258,73,49:00.0,4,12:00,433
7789420126,U,OB,1,1,650,558258,73,08:00.0,4,12:00,433
7789420135,U,OB,1,1,650,558258,73,43:00.0,4,11:00,433
7789420144,U,OB,1,1,650,558258,73,37:00.0,4,11:00,433
7789420153,U,OB,1,1,650,558258,73,46:00.0,4,11:00,433
7789420162,U,OB,1,1,650,558258,73,53:00.0,4,10:00,433
7789420171,U,OB,1,1,650,558258,73,39:00.0,4,9:00,433
7789420180,U,OB,1,1,650,558258,73,38:00.0,4,9:00,433
778942019X,U,OB,1,1,650,558258,73,54:00.0,4,12:00,433
7789420209,U,OB,1,1,650,558258,73,38:00.0,4,9:00,433
7789420218,U,OB,1,1,650,558258,73,57:00.0,4,12:00,433
7789420227,U,OB,1,1,650,558258,73,38:00.0,4,9:00,433
7789420236,U,OB,1,1,650,558258,73,06:00.0,4,12:00,433
7789420245,U,OB,1,1,650,558258,73,38:00.0,4,9:00,433
7789420254,U,OB,1,1,650,558258,73,57:00.0,4,10:00,433
7789420263,U,OB,1,1,650,558258,73,44:00.0,4,9:00,433
7789420272,U,OB,1,1,650,558258,73,01:00.0,4,10:00,433
7789420281,U,OB,1,1,650,558258,73,07:00.0,4,10:00,433
7789420290,U,OB,1,1,650,558258,73,53:00.0,4,9:00,433
778942030X,U,OB,1,1,650,558258,73,39:00.0,4,9:00,433
7789420319,U,OB,1,1,650,558258,73,01:00.0,4,10:00,433
7789420328,U,OB,1,1,650,558258,73,08:00.0,4,10:00,433
7789420337,U,OB,1,1,650,558258,73,39:00.0,4,9:00,433
7789420346,U,OB,1,1,650,558258,73,42:00.0,4,9:00,433
7789420355,U,OB,1,1,650,558258,73,03:00.0,4,9:00,433
7789420364,U,OB,1,1,650,558258,73,28:00.0,4,8:00,433
7789420373,U,OB,1,1,650,558258,73,19:00.0,4,8:00,433
7789420382,U,OB,1,1,650,558258,73,22:00.0,4,8:00,433
7789420391,U,OB,1,1,650,558258,73,54:00.0,4,7:00,433
7789420400,U,OB,1,1,650,558258,73,32:00.0,4,8:00,433
778942041X,U,OB,1,1,650,558258,73,47:00.0,4,7:00,433
7789420429,U,OB,1,1,650,558258,73,05:00.0,4,8:00,433
7789420438,U,OB,1,1,650,558258,73,59:00.0,4,7:00,433
7789420447,U,OB,1,1,650,558258,73,04:00.0,4,8:00,433
7789420456,U,OB,1,1,650,558258,73,01:00.0,4,8:00,433
7789420465,U,OB,1,1,650,558258,73,26:00.0,4,7:00,433
7789420474,U,OB,1,1,650,558258,73,55:00.0,4,7:00,433
7789420483,U,OB,1,1,650,558258,73,14:00.0,4,7:00,433
7789420492,U,OB,1,1,650,558258,73,07:00.0,4,7:00,433
7789420501,U,OB,1,1,650,558258,73,53:00.0,4,6:00,433
7789420510,U,OB,1,1,650,558258,73,00:00.0,4,7:00,433
778942052X,U,OB,1,1,650,558258,73,44:00.0,4,6:00,433
7789420539,U,OB,1,1,650,558258,73,45:00.0,4,7:00,433
7789420548,U,OB,1,1,650,558258,73,05:00.0,4,7:00,433
7789420557,U,OB,1,1,650,558258,73,37:00.0,4,6:00,433
7789420566,U,OB,1,1,650,558258,73,40:00.0,4,6:00,433
7789420575,U,OB,1,1,650,558258,73,50:00.0,4,6:00,433
7789420584,U,OB,1,1,650,558258,73,28:00.0,4,6:00,433
7789420593,U,OB,1,1,650,558258,73,19:00.0,4,6:00,433
7789420602,U,OB,1,1,650,558258,73,25:00.0,4,6:00,433
7789420611,U,OB,1,1,650,558258,73,34:00.0,4,6:00,433
7789420620,U,OB,1,1,650,558258,73,19:00.0,4,7:00,433
778942063X,U,OB,1,1,650,558258,73,16:00.0,4,7:00,433
7789420649,U,OB,1,1,650,558258,73,09:00.0,4,8:00,433
7789420658,U,OB,1,1,650,558258,73,43:00.0,4,7:00,433
7789420667,U,OB,1,1,650,558258,73,41:00.0,4,7:00,433
7789420676,U,IB,1,1,650,134490,117,41:00.0,5,5:00,433
7789420685,U,IB,1,1,650,134490,117,06:00.0,5,6:00,433
7789420694,U,OB,1,1,650,558258,73,40:00.0,4,12:00,433
7789420703,U,OB,1,1,650,558258,73,46:00.0,4,12:00,433
7789420712,U,OB,1,1,650,558258,73,38:00.0,4,12:00,433
7789420721,U,OB,1,1,650,558258,73,21:00.0,4,12:00,433
7789420730,U,OB,1,1,650,558258,73,41:00.0,4,11:00,433
778942074X,U,OB,1,1,650,558258,73,51:00.0,4,10:00,433
7789420759,U,OB,1,1,650,558258,73,32:00.0,4,10:00,433
7789420768,U,OB,1,1,650,558258,73,17:00.0,4,9:00,433
7789420777,U,OB,1,1,650,558258,73,27:00.0,4,10:00,433
7789420786,U,IB,1,1,650,134490,117,40:00.0,5,6:00,433
7789420795,U,IB,1,1,650,134490,117,34:00.0,5,6:00,433
7789420804,U,IB,1,1,650,134490,117,38:00.0,5,6:00,433
7789420813,U,IB,1,1,650,134490,117,10:00.0,5,5:00,433
7789420822,U,IB,1,1,650,134490,117,06:00.0,5,5:00,433
7789420831,U,OB,1,1,650,843233,95,22:00.0,4,19:00,433
7789420831,U,IB,1,1,650,843233,104,20:00.0,4,18:00,433
7789420840,U,IB,1,1,650,843233,104,47:00.0,4,17:00,433
778942085X,U,IB,1,1,650,843233,104,47:00.0,4,16:00,433
7789420905,U,IB,1,1,650,843233,104,40:00.0,4,18:00,433
7789420932,U,IB,1,1,650,843233,104,54:00.0,4,17:00,433
7789420941,U,IB,1,1,650,843233,104,43:00.0,4,18:00,433
7789420950,U,IB,1,1,650,843233,104,43:00.0,4,18:00,433
778942096X,U,IB,1,1,650,843233,104,16:00.0,4,19:00,433
7789421006,U,IB,1,1,650,843233,104,18:00.0,4,18:00,433
7789421015,U,IB,1,1,650,843233,104,13:00.0,4,18:00,433
7789421024,U,IB,1,1,650,843233,104,29:00.0,4,21:00,433
7789421033,U,IB,1,1,650,843233,104,57:00.0,4,18:00,433
7789421042,U,IB,1,1,650,134490,117,22:00.0,5,5:00,433
7789421051,U,IB,1,1,650,843233,104,52:00.0,4,17:00,433
7789421060,U,IB,1,1,650,843233,104,52:00.0,4,17:00,433
7789421089,U,IB,1,1,650,843233,104,52:00.0,4,17:00,433
7789421107,U,IB,1,1,650,843233,104,23:00.0,4,18:00,433
7789421116,U,IB,1,1,650,843233,104,45:00.0,4,17:00,433
7789421125,U,IB,1,1,650,134490,117,11:00.0,5,6:00,433
7789421134,U,IB,1,1,650,134490,117,18:00.0,5,5:00,433
7789421143,U,IB,1,1,650,134490,117,29:00.0,5,6:00,433
7789421152,U,IB,1,1,650,134490,117,08:00.0,5,6:00,433
7789421161,U,IB,1,1,650,843233,104,56:00.0,4,19:00,433
7789421170,U,IB,1,1,650,843233,104,26:00.0,4,18:00,433
778942118X,U,IB,1,1,650,843233,104,08:00.0,4,18:00,433
7789421199,U,IB,1,1,650,843233,104,35:00.0,4,21:00,433
7789421208,U,IB,1,1,650,843233,104,04:00.0,4,20:00,433
7789421226,U,IB,1,1,650,843233,104,01:00.0,4,20:00,433
7789421253,U,IB,1,1,650,843233,104,55:00.0,4,21:00,433
7789421262,U,IB,1,1,650,843233,104,45:00.0,4,21:00,433
7789421271,U,IB,1,1,650,843233,104,31:00.0,4,22:00,433
7789421280,U,IB,1,1,650,843233,104,23:00.0,4,22:00,433
778942129X,U,IB,1,1,650,843233,104,39:00.0,4,21:00,433
7789421309,U,IB,1,1,650,843233,104,14:00.0,4,20:00,433
7789421318,U,IB,1,1,650,843233,104,51:00.0,4,21:00,433
7789421327,U,IB,1,1,650,843233,104,42:00.0,4,21:00,433
7789421336,U,OB,1,1,650,843233,97,30:00.0,4,21:00,433
7789421336,U,IB,1,1,650,843233,104,10:00.0,4,20:00,433
7789421345,U,IB,1,1,650,843233,104,22:00.0,4,21:00,433
7789421354,U,IB,1,1,650,843233,104,10:00.0,4,20:00,433
7789421363,U,IB,1,1,650,843233,104,27:00.0,4,19:00,433
7789421372,U,IB,1,1,650,843233,104,06:00.0,4,22:00,433
7789421381,U,IB,1,1,650,843233,104,27:00.0,4,22:00,433
7789421390,U,IB,1,1,650,843233,104,37:00.0,4,22:00,433
778942140X,U,IB,1,1,650,843233,104,54:00.0,4,23:00,433
7789421419,U,IB,1,1,650,843233,104,03:00.0,5,0:00,433
7789421428,U,IB,1,1,650,843233,104,07:00.0,5,0:00,433
7789421446,U,IB,1,1,650,843233,104,43:00.0,4,22:00,433
7789421482,U,IB,1,1,650,843233,104,16:00.0,4,22:00,433
7789421500,U,IB,1,1,650,134490,117,50:00.0,5,6:00,433
778942151X,U,IB,1,1,650,134490,117,48:00.0,5,6:00,433
7789421529,U,OB,1,1,650,561048,31,27:00.0,4,6:00,433
7789421538,U,OB,1,1,650,561048,31,40:00.0,4,6:00,433
7789421547,U,OB,1,1,650,561048,31,48:00.0,4,6:00,433
7789421556,U,OB,1,1,650,561048,31,30:00.0,4,6:00,433
7789421565,U,OB,1,1,650,561048,31,32:00.0,4,6:00,433
7789421574,U,OB,1,1,650,561048,31,35:00.0,4,6:00,433
7789421583,U,OB,1,1,650,561048,31,37:00.0,4,6:00,433
7789421592,U,OB,1,1,650,561048,31,57:00.0,4,6:00,433
7789421601,U,OB,1,1,650,561048,31,22:00.0,4,8:00,433
7789421610,U,OB,1,1,650,561048,31,28:00.0,4,8:00,433
778942162X,U,OB,1,1,650,561048,31,26:00.0,4,8:00,433
7789421639,U,OB,1,1,650,561048,31,41:00.0,4,4:00,433
7789421648,U,OB,1,1,650,561048,31,38:00.0,4,4:00,433
7789421657,U,OB,1,1,650,561048,31,54:00.0,4,4:00,433
7789421666,U,OB,1,1,650,561048,31,35:00.0,4,4:00,433
7789421675,U,OB,1,1,650,561048,31,43:00.0,4,4:00,433
7789421684,U,OB,1,1,650,561048,31,45:00.0,4,4:00,433
7789421693,U,OB,1,1,650,561048,31,25:00.0,4,4:00,433
7789421702,U,OB,1,1,650,561048,31,33:00.0,4,4:00,433
7789421711,U,OB,1,1,650,561048,31,30:00.0,4,4:00,433
7789421720,U,OB,1,1,650,561048,31,23:00.0,4,4:00,433
778942173X,U,OB,1,1,650,561048,31,17:00.0,4,4:00,433
7789421749,U,OB,1,1,650,561048,31,13:00.0,4,4:00,433
7789421758,U,OB,1,1,650,561048,31,19:00.0,4,4:00,433
7789421767,U,OB,1,1,650,561048,31,20:00.0,4,4:00,433
7789421776,U,OB,1,1,650,561048,31,09:00.0,4,4:00,433
7789421785,U,OB,1,1,650,561048,31,28:00.0,4,3:00,433
7789421794,U,OB,1,1,650,561048,31,25:00.0,4,3:00,433
7789421803,U,OB,1,1,650,561048,31,22:00.0,4,3:00,433
7789421812,U,OB,1,1,650,561048,31,07:00.0,4,4:00,433
7789421821,U,OB,1,1,650,561048,31,17:00.0,4,3:00,433
7789421830,U,OB,1,1,650,561048,31,10:00.0,4,3:00,433
778942184X,U,OB,1,1,650,561048,31,07:00.0,4,3:00,433
7789421859,U,OB,1,1,650,561048,31,23:00.0,4,3:00,433
7789421868,U,OB,1,1,650,561048,31,53:00.0,4,2:00,433
7789421877,U,OB,1,1,650,561048,31,06:00.0,4,3:00,433
7789421895,U,OB,1,1,650,561048,31,01:00.0,4,3:00,433
7789421904,U,OB,1,1,650,561048,31,59:00.0,4,2:00,433
7789421913,U,OB,1,1,650,561048,31,21:00.0,4,3:00,433
7789421922,U,OB,1,1,650,561048,31,11:00.0,4,3:00,433
7789421931,U,OB,1,1,650,561048,31,13:00.0,4,3:00,433
7789421940,U,OB,1,1,650,561048,31,13:00.0,4,3:00,433
778942195X,U,OB,1,1,650,561048,31,01:00.0,4,4:00,433
7789421969,U,OB,1,1,650,561048,31,04:00.0,4,4:00,433
7789421978,U,OB,1,1,650,561048,31,08:00.0,4,4:00,433
7789421987,U,OB,1,1,650,561048,31,27:00.0,4,3:00,433
7789421996,U,OB,1,1,650,561048,31,15:00.0,4,3:00,433
7789422023,U,OB,1,1,650,561048,31,51:00.0,4,2:00,433
7789422032,U,OB,1,1,650,561048,31,48:00.0,4,2:00,433
7789422041,U,OB,1,1,650,561048,31,56:00.0,4,2:00,433
7789422050,U,OB,1,1,650,561048,31,33:00.0,4,2:00,433
778942206X,U,OB,1,1,650,561048,31,31:00.0,4,2:00,433
7789422097,U,OB,1,1,650,561048,31,37:00.0,4,2:00,433
7789422106,U,OB,1,1,650,561048,31,45:00.0,4,2:00,433
7789422115,U,OB,1,1,650,561048,31,51:00.0,4,2:00,433
7789422124,U,OB,1,1,650,561048,31,39:00.0,4,2:00,433
7789422133,U,OB,1,1,650,561048,9,17:00.0,4,10:00,433
7789422133,U,OB,1,1,650,561048,31,26:00.0,4,2:00,433
7789422142,U,OB,1,1,650,561048,31,33:00.0,4,2:00,433
7789422151,U,OB,1,1,650,561048,31,05:00.0,4,7:00,433
7789422151,U,OB,1,1,650,561048,9,17:00.0,4,10:00,433
7789422160,U,OB,1,1,650,561048,9,17:00.0,4,10:00,433
7789422160,U,OB,1,1,650,561048,31,24:00.0,4,8:00,433
778942217X,U,OB,1,1,650,561048,31,11:00.0,4,7:00,433
7789422189,U,OB,1,1,650,561048,31,11:00.0,4,7:00,433
7789422198,U,OB,1,1,650,561048,31,03:00.0,4,8:00,433
7789422207,U,OB,1,1,650,561048,31,03:00.0,4,8:00,433
7789422216,U,OB,1,1,650,561048,31,46:00.0,4,7:00,433
7789422894,U,IB,1,1,650,134490,117,00:00.0,5,5:00,433
7789422894,U,IB,1,1,650,134490,165,51:00.0,5,6:00,433
7789422903,U,IB,1,1,650,134490,117,57:00.0,5,4:00,433
7789423619,U,IB,1,1,650,134490,117,08:00.0,5,5:00,433
7789423628,U,IB,1,1,650,134490,117,12:00.0,5,5:00,433
7789423637,U,OB,1,1,650,561050,48,07:00.0,5,7:00,433
7789423646,U,OB,1,1,650,561050,48,00:00.0,5,7:00,433
7789423655,U,OB,1,1,650,561050,48,24:00.0,5,7:00,433
7789423664,U,OB,1,1,650,561050,48,11:00.0,5,7:00,433
7789423673,U,OB,1,1,650,561050,48,40:00.0,5,7:00,433
7789423682,U,OB,1,1,650,561050,48,46:00.0,5,7:00,433
7789423691,U,OB,1,1,650,561050,48,43:00.0,5,7:00,433
778942371X,U,OB,1,1,650,561050,48,18:00.0,5,7:00,433
7789423729,U,OB,1,1,650,561050,48,56:00.0,5,6:00,433
7789423738,U,OB,1,1,650,561050,48,25:00.0,5,6:00,433
7789423747,U,OB,1,1,650,561050,48,49:00.0,5,5:00,433
7789423756,U,OB,1,1,650,561050,48,31:00.0,5,5:00,433
7789423765,U,OB,1,1,650,561050,48,37:00.0,5,4:00,433
7789423774,U,OB,1,1,650,561050,48,26:00.0,5,4:00,433
7789423783,U,OB,1,1,650,561050,48,24:00.0,5,4:00,433
7789423792,U,OB,1,1,650,561050,48,21:00.0,5,4:00,433
7789423801,U,OB,1,1,650,561050,4,17:00.0,5,6:00,433
7789423801,U,OB,1,1,650,561050,48,14:00.0,5,4:00,433
7789423810,U,OB,1,1,650,561050,48,51:00.0,5,6:00,433
778942382X,U,OB,1,1,650,561050,48,48:00.0,5,6:00,433
7789423839,U,OB,1,1,650,561050,48,39:00.0,5,6:00,433
7789423848,U,OB,1,1,650,561050,48,35:00.0,5,6:00,433
7789423857,U,OB,1,1,650,561050,48,30:00.0,5,7:00,433
7789423866,U,OB,1,1,650,561050,48,30:00.0,5,9:00,433
7789423902,U,OB,1,1,650,561050,48,31:00.0,5,9:00,433
7789423911,U,OB,1,1,650,561050,48,01:00.0,5,9:00,433
778942393X,U,OB,1,1,650,561050,48,22:00.0,5,8:00,433
7789423949,U,OB,1,1,650,561050,48,00:00.0,5,8:00,433
7789423958,U,OB,1,1,650,561050,48,00:00.0,5,8:00,433
7789423967,U,OB,1,1,650,561050,48,12:00.0,5,8:00,433
7789423976,U,OB,1,1,650,561050,48,00:00.0,5,8:00,433
7789423985,U,OB,1,1,650,561050,48,14:00.0,5,8:00,433
7789423994,U,OB,1,1,650,561050,48,34:00.0,5,7:00,433
7789424003,U,OB,1,1,650,561050,48,38:00.0,5,7:00,433
7789424012,U,OB,1,1,650,561050,48,29:00.0,5,10:00,433
7789424021,U,OB,1,1,650,561050,48,22:00.0,5,10:00,433
7789424030,U,OB,1,1,650,561050,48,18:00.0,5,10:00,433
778942404X,U,OB,1,1,650,561050,48,27:00.0,5,8:00,433
7789424059,U,OB,1,1,650,561050,48,03:00.0,5,9:00,433
7789424068,U,OB,1,1,650,561050,48,54:00.0,5,8:00,433
7789424077,U,OB,1,1,650,561050,48,30:00.0,5,8:00,433
7789424086,U,OB,1,1,650,561050,48,32:00.0,5,10:00,433
7789424095,U,OB,1,1,650,561050,48,27:00.0,5,10:00,433
7789424104,U,OB,1,1,650,561050,48,26:00.0,5,10:00,433
7789424113,U,OB,1,1,650,561050,48,24:00.0,5,10:00,433
7789424122,U,OB,1,1,650,561050,48,32:00.0,5,6:00,433
7789424131,U,OB,1,1,650,561050,48,44:00.0,5,5:00,433
7789424140,U,OB,1,1,650,561050,48,23:00.0,5,6:00,433
778942415X,U,OB,1,1,650,561050,48,41:00.0,5,5:00,433
7789424169,U,OB,1,1,650,561050,48,37:00.0,5,5:00,433
7789424178,U,OB,1,1,650,561050,48,55:00.0,5,4:00,433
7789424187,U,OB,1,1,650,561050,48,32:00.0,5,4:00,433
7789424196,U,OB,1,1,650,561050,48,28:00.0,5,4:00,433
7789424205,U,OB,1,1,650,561050,48,20:00.0,5,4:00,433
7789424223,U,OB,1,1,650,561050,48,34:00.0,5,4:00,433
7789424232,U,OB,1,1,650,561050,48,17:00.0,5,4:00,433
7789424241,U,OB,1,1,650,561050,48,20:00.0,5,4:00,433
7789424250,U,OB,1,1,650,561050,48,08:00.0,5,4:00,433
778942426X,U,OB,1,1,650,561050,48,10:00.0,5,4:00,433
7789424279,U,OB,1,1,650,561050,48,54:00.0,5,10:00,433
7789424288,U,OB,1,1,650,561050,48,49:00.0,5,10:00,433
7789424297,U,OB,1,1,650,561050,48,46:00.0,5,10:00,433
7789424306,U,OB,1,1,650,561050,48,59:00.0,5,10:00,433
7789424315,U,OB,1,1,650,561050,48,43:00.0,5,10:00,433
7789424324,U,OB,1,1,650,561050,48,39:00.0,5,10:00,433
7789425781,U,OB,1,1,650,127193,84,06:00.0,7,12:00,433
7789425790,U,IB,1,1,650,558189,149,03:00.0,6,4:00,433
778942580X,U,IB,1,1,650,558189,149,29:00.0,6,4:00,433
7789425819,U,IB,1,1,650,558189,149,01:00.0,6,4:00,433
7789425828,U,IB,1,1,650,558189,149,54:00.0,6,3:00,433
7789425837,U,IB,1,1,650,558189,149,16:00.0,6,4:00,433
7789425846,U,IB,1,1,650,558189,149,15:00.0,6,16:00,433
7789425855,U,IB,1,1,650,558189,149,10:00.0,6,16:00,433
7789425864,U,IB,1,1,650,558189,149,03:00.0,6,16:00,433
7789425873,U,IB,1,1,650,558189,149,53:00.0,6,15:00,433
7789425882,U,IB,1,1,650,558189,149,57:00.0,6,15:00,433
7789425891,U,IB,1,1,650,558189,149,51:00.0,6,15:00,433
7789425900,U,IB,1,1,650,558189,149,04:00.0,6,14:00,433
778942591X,U,IB,1,1,650,558189,149,12:00.0,6,15:00,433
7789425929,U,IB,1,1,650,558189,149,52:00.0,6,13:00,433
7789425938,U,IB,1,1,650,558189,149,06:00.0,6,15:00,433
7789425947,U,IB,1,1,650,558189,149,21:00.0,6,15:00,433
7789425956,U,IB,1,1,650,558189,149,54:00.0,6,14:00,433
7789425965,U,IB,1,1,650,558189,149,43:00.0,6,13:00,433
7789425974,U,IB,1,1,650,558189,149,55:00.0,6,13:00,433
7789425983,U,IB,1,1,650,558189,149,58:00.0,6,14:00,433
7789425992,U,IB,1,1,650,558189,149,22:00.0,6,14:00,433
7789426001,U,IB,1,1,650,558189,149,10:00.0,6,14:00,433
7789426010,U,IB,1,1,650,558189,149,04:00.0,6,13:00,433
778942602X,U,IB,1,1,650,558189,149,17:00.0,6,15:00,433
7789426039,U,IB,1,1,650,558189,149,38:00.0,6,13:00,433
7789426048,U,IB,1,1,650,558189,149,28:00.0,6,13:00,433
7789426057,U,IB,1,1,650,558189,149,18:00.0,6,13:00,433
7789426066,U,IB,1,1,650,558189,149,10:00.0,6,13:00,433
7789426075,U,IB,1,1,650,558189,149,25:00.0,6,15:00,433
7789426084,U,IB,1,1,650,558189,149,52:00.0,6,12:00,433
7789426093,U,IB,1,1,650,558189,149,44:00.0,6,12:00,433
7789426102,U,IB,1,1,650,558189,149,28:00.0,6,11:00,433
7789426111,U,IB,1,1,650,558189,149,55:00.0,6,11:00,433
7789426120,U,IB,1,1,650,558189,149,46:00.0,6,8:00,433
778942613X,U,IB,1,1,650,558189,149,32:00.0,6,13:00,433
7789426149,U,IB,1,1,650,558189,149,41:00.0,6,12:00,433
7789426158,U,IB,1,1,650,558189,149,44:00.0,6,11:00,433
7789426167,U,IB,1,1,650,558189,149,49:00.0,6,14:00,433
7789426176,U,IB,1,1,650,558189,149,19:00.0,6,11:00,433
7789426185,U,IB,1,1,650,558189,149,51:00.0,6,11:00,433
7789426194,U,IB,1,1,650,558189,149,36:00.0,6,11:00,433
7789426203,U,IB,1,1,650,558189,149,21:00.0,6,10:00,433
7789426212,U,IB,1,1,650,558189,149,15:00.0,6,10:00,433
7789426221,U,IB,1,1,650,558189,149,10:00.0,6,10:00,433
7789426230,U,IB,1,1,650,558189,149,31:00.0,6,9:00,433
778942624X,U,IB,1,1,650,558189,149,53:00.0,6,8:00,433
7789426259,U,IB,1,1,650,558189,149,49:00.0,6,8:00,433
7789426268,U,IB,1,1,650,558189,149,57:00.0,6,6:00,433
7789426277,U,IB,1,1,650,558189,149,28:00.0,6,8:00,433
7789426286,U,IB,1,1,650,558189,149,41:00.0,6,8:00,433
7789426295,U,IB,1,1,650,558189,149,35:00.0,6,8:00,433
7789426304,U,IB,1,1,650,558189,149,47:00.0,6,6:00,433
7789426313,U,IB,1,1,650,558189,149,43:00.0,6,6:00,433
7789426322,U,IB,1,1,650,558189,149,31:00.0,6,6:00,433
7789426331,U,IB,1,1,650,558189,149,41:00.0,6,6:00,433
7789426340,U,IB,1,1,650,558189,149,35:00.0,6,6:00,433
778942635X,U,IB,1,1,650,558189,149,19:00.0,6,6:00,433
7789426369,U,IB,1,1,650,558189,149,29:00.0,6,6:00,433
7789426378,U,IB,1,1,650,558189,149,23:00.0,6,6:00,433
7789426387,U,IB,1,1,650,558189,149,24:00.0,6,5:00,433
7789426396,U,IB,1,1,650,558189,149,14:00.0,6,6:00,433
7789426405,U,IB,1,1,650,558189,149,09:00.0,6,6:00,433
7789426414,U,IB,1,1,650,558189,149,13:00.0,6,5:00,433
7789426423,U,IB,1,1,650,558189,149,30:00.0,6,5:00,433
7789426432,U,IB,1,1,650,558189,149,19:00.0,6,5:00,433
7789426441,U,IB,1,1,650,558189,149,24:00.0,6,4:00,433
7789426450,U,IB,1,1,650,558189,149,53:00.0,6,4:00,433
778942646X,U,IB,1,1,650,558189,149,36:00.0,6,4:00,433
7789426479,U,IB,1,1,650,558189,149,45:00.0,6,4:00,433
7789426488,U,IB,1,1,650,558189,149,11:00.0,6,4:00,433
7789426497,U,OB,1,1,650,127193,84,43:00.0,7,12:00,433
7789426506,U,OB,1,1,650,127193,84,13:00.0,7,12:00,433
7789426515,U,IB,1,1,650,558453,112,09:00.0,1,15:00,433
7789426533,U,IB,1,1,650,558453,112,00:00.0,1,15:00,433
7789426542,U,IB,1,1,650,558453,112,44:00.0,1,14:00,433
7789426551,U,IB,1,1,650,558453,112,50:00.0,1,14:00,433
778942657X,U,IB,1,1,650,558453,112,53:00.0,1,14:00,433
7789426598,U,IB,1,1,650,558453,112,15:00.0,1,14:00,433
7789426607,U,IB,1,1,650,558453,112,58:00.0,1,13:00,433
7789426616,U,IB,1,1,650,558453,112,12:00.0,1,14:00,433
7789426625,U,IB,1,1,650,558453,112,07:00.0,1,14:00,433
7789426634,U,IB,1,1,650,558453,112,04:00.0,1,14:00,433
7789426643,U,IB,1,1,650,558453,112,51:00.0,1,13:00,433
7789426652,U,IB,1,1,650,558453,112,07:00.0,1,15:00,433
7789426661,U,IB,1,1,650,558453,112,22:00.0,1,13:00,433
7789426670,U,IB,1,1,650,558453,112,46:00.0,1,13:00,433
778942668X,U,IB,1,1,650,558453,112,19:00.0,1,13:00,433
7789426699,U,IB,1,1,650,558453,112,54:00.0,1,13:00,433
7789426708,U,IB,1,1,650,558453,112,48:00.0,1,13:00,433
7789426717,U,IB,1,1,650,558453,112,16:00.0,1,13:00,433
7789426726,U,IB,1,1,650,558453,112,13:00.0,1,13:00,433
7789426735,U,IB,1,1,650,558453,112,10:00.0,1,13:00,433
7789426744,U,IB,1,1,650,558453,112,06:00.0,1,13:00,433
7789426818,U,IB,1,1,650,558453,112,57:00.0,1,12:00,433
7789426854,U,IB,1,1,650,558453,112,50:00.0,1,12:00,433
7789426863,U,IB,1,1,650,558453,112,52:00.0,1,12:00,433
7789426872,U,IB,1,1,650,558453,112,46:00.0,1,12:00,433
778942690X,U,IB,1,1,650,558453,112,48:00.0,1,12:00,433
7789426928,U,IB,1,1,650,558453,112,41:00.0,1,12:00,433
7789426955,U,IB,1,1,650,558453,112,52:00.0,1,11:00,433
7789427000,U,IB,1,1,650,558453,112,44:00.0,1,11:00,433
778942701X,U,IB,1,1,650,558453,112,23:00.0,1,11:00,433
7789427029,U,IB,1,1,650,558453,112,19:00.0,1,11:00,433
7789427038,U,IB,1,1,650,558453,112,07:00.0,1,11:00,433
7789427047,U,IB,1,1,650,558453,112,17:00.0,1,11:00,433
7789427056,U,IB,1,1,650,558453,112,10:00.0,1,11:00,433
7789427065,U,IB,1,1,650,558453,112,13:00.0,1,11:00,433
7789427074,U,IB,1,1,650,558453,112,33:00.0,1,16:00,433
7789427083,U,IB,1,1,650,558453,112,21:00.0,1,16:00,433
7789427092,U,IB,1,1,650,558453,112,23:00.0,1,16:00,433
7789427101,U,IB,1,1,650,558453,112,23:00.0,1,15:00,433
7789427110,U,IB,1,1,650,558453,112,20:00.0,1,15:00,433
778942712X,U,IB,1,1,650,558453,112,15:00.0,1,15:00,433
7789427139,U,IB,1,1,650,558453,112,05:00.0,1,15:00,433
7789427157,U,IB,1,1,650,558453,112,26:00.0,1,16:00,433
7789427166,U,IB,1,1,650,558453,112,17:00.0,1,16:00,433
7789427175,U,IB,1,1,650,558453,112,01:00.0,1,16:00,433
7789427184,U,IB,1,1,650,558453,112,14:00.0,1,16:00,433
7789427193,U,IB,1,1,650,558453,112,56:00.0,1,15:00,433
7789427202,U,IB,1,1,650,558453,112,12:00.0,1,15:00,433
7789427267,U,OB,1,1,650,130712,14,09:00.0,7,19:00,433
7789427368,U,OB,1,1,650,127193,84,59:00.0,7,11:00,433
7790000211,U,OB,1,1,571,128783,63,48:00.0,6,22:00,653
7790001147,U,OB,1,1,619,211526,63,24:00.0,4,1:00,653
7790001165,U,OB,1,1,2081,135088,95,58:00.0,3,21:00,653
7790001531,U,IB,1,1,877,136611,149,11:00.0,7,19:00,653
7790001531,U,OB,1,1,877,136611,64,45:00.0,2,10:00,653
7790001706,U,OB,1,1,671,139982,53,22:00.0,3,16:00,653
7790001751,U,OB,1,2,2110,139982,53,29:00.0,3,16:00,653
7790003989,U,OB,1,3,1388,137367,38,39:00.0,2,18:00,653
7790004676,U,OB,1,1,415,261168,39,59:00.0,6,0:00,653
7790004768,U,OB,1,1,940,138316,53,24:00.0,2,17:00,653
7790006463,U,OB,1,2,990,211526,63,35:00.0,4,1:00,653
7790007289,U,OB,1,1,144,124329,52,13:00.0,7,14:00,653
7790009498,U,IB,1,1,300,138552,151,43:00.0,4,20:00,653
779000980X,U,IB,1,2,710,128743,127,24:00.0,5,8:00,653
7790009900,U,OB,1,1,960,127841,55,37:00.0,7,8:00,653
7790009947,U,IB,1,1,243,530367,103,50:00.0,7,17:00,653
7790010771,U,OB,1,1,1628,135172,90,21:00.0,1,3:00,653
7790010836,U,IB,1,1,1428,136611,149,47:00.0,7,12:00,653
7790011532,U,IB,1,1,1415,530367,103,35:00.0,7,22:00,653
7790011541,U,CTY,1,2,2320,123603,205,10:00.0,2,10:00,653
7790011541,U,IB,1,2,2320,123603,141,53:00.0,7,6:00,653
779001156X,U,IB,1,4,3954,530367,103,26:00.0,7,22:00,653
7790011844,U,CTY,1,4,3500,127259,194,39:00.0,7,0:00,653
7790011853,U,CTY,1,6,5420,127259,194,20:00.0,7,0:00,653
7790012266,U,IB,1,1,200,249253,103,05:00.0,6,13:00,653
779001233X,U,OB,1,1,2310,125306,31,26:00.0,6,5:00,653
7790012614,U,CTY,1,3,1455,125831,169,16:00.0,4,16:00,621
7790012679,U,CTY,1,5,2110,128658,169,51:00.0,6,13:00,621
7790012825,U,CTY,1,1,294,125831,169,42:00.0,4,13:00,621
7790013009,U,IB,1,16,10540,125732,125,06:00.0,6,23:00,621
7790013054,U,CTY,1,8,4285,290411,195,12:00.0,6,4:00,621
7790013393,U,CTY,1,1,482,261071,176,37:00.0,7,3:00,621
779001343X,U,CTY,1,3,1221,135212,175,12:00.0,1,7:00,621
7790014017,U,CTY,1,2,1161,123106,174,45:00.0,6,13:00,621
7790014145,U,IB,1,2,1671,134741,158,37:00.0,6,1:00,621
7790014778,U,IB,1,2,1236,128243,117,12:00.0,7,4:00,653
7790015786,U,OB,1,2,2378,125159,72,52:00.0,4,7:00,653
7790016601,U,IB,1,2,520,138348,129,43:00.0,4,1:00,653
7790016639,U,IB,1,2,2100,131424,105,15:00.0,5,2:00,653
7790016794,U,IB,1,1,110,119379,117,15:00.0,5,20:00,653
7790017032,U,OB,1,1,105,138295,40,41:00.0,7,8:00,653
7790019279,U,OB,1,1,228,261082,40,45:00.0,5,22:00,653
7790019865,U,IB,1,6,12000,138348,129,00:00.0,4,1:00,653
7790021286,U,IB,1,1,296,138348,129,45:00.0,4,0:00,653
7790021560,U,IB,1,1,230,136611,149,54:00.0,7,12:00,653
7790021744,U,CTY,1,3,1295,125831,187,05:00.0,6,14:00,653
7790025109,U,OB,1,2,172,124329,52,10:00.0,7,14:00,653
7790025338,U,OB,1,6,444,211526,63,31:00.0,4,0:00,653
7790025374,U,OB,1,3,7590,211526,63,58:00.0,4,0:00,653
7790025457,U,IB,1,1,750,128743,127,44:00.0,5,4:00,653
7790025594,U,OB,1,1,170,261168,39,56:00.0,5,22:00,653
7790029022,U,IB,1,1,500,131424,105,22:00.0,5,1:00,653
7790035027,U,IB,1,1,125,278078,149,47:00.0,5,7:00,653
7790035045,U,IB,1,1,77,278078,149,58:00.0,5,7:00,653
7790035137,U,IB,1,1,77,278078,149,51:00.0,5,7:00,653
7790041398,U,OB,1,1,730,125159,72,35:00.0,4,6:00,653
7790042213,U,IB,1,1,255,278078,149,13:00.0,5,7:00,653
7790042231,U,CTY,1,1,514,R62112290,188,53:00.0,5,2:00,653
7790042671,U,OB,1,1,325,125159,72,12:00.0,4,7:00,653
7790042772,U,IB,1,1,160,123603,141,25:00.0,7,6:00,653
7790042846,U,IB,1,1,250,278078,149,28:00.0,5,7:00,653
7790042864,U,CTY,1,1,200,R62112290,188,58:00.0,4,23:00,653
7790043964,U,CTY,1,1,820,125243,235,53:00.0,5,12:00,653
7790044550,U,IB,1,1,146,249253,103,17:00.0,6,12:00,653
779004456X,U,CTY,1,1,1165,125831,187,34:00.0,6,10:00,653
7790046018,U,OB,1,1,157,129927,31,12:00.0,6,16:00,653
7790047264,U,OB,1,1,216,558986,52,56:00.0,3,2:00,653
779004742X,U,IB,1,1,1825,128743,127,58:00.0,5,4:00,653
7790047475,U,CTY,1,1,1272,128414,187,07:00.0,6,10:00,653
7790053846,U,CTY,1,1,351,118529,206,20:00.0,6,12:00,653
7790061573,U,OB,1,1,97,261168,39,41:00.0,5,22:00,653
7790068027,U,OB,1,7,14500,125159,72,22:00.0,4,7:00,653
7790070016,U,OB,1,18,7506,530438,58,23:00.0,1,8:00,653
7790302758,U,OB,1,1,193,134394,52,42:00.0,3,15:00,967
7790302767,U,OB,1,1,231,134394,52,07:00.0,3,16:00,967
7790302785,U,OB,1,1,193,134394,52,54:00.0,3,15:00,967
7790302931,U,IB,1,3,2695,126033,152,49:00.0,5,11:00,967
7790303079,U,CTY,1,1,427,291132,174,44:00.0,3,1:00,967
7790303151,U,CTY,1,1,850,121413,172,25:00.0,1,1:00,347
7790303160,U,CTY,1,1,319,131820,172,16:00.0,1,15:00,347
7790303748,U,IB,1,1,533,128046,152,47:00.0,6,16:00,347
7790303977,U,IB,1,1,318,129624,150,40:00.0,6,18:00,347
7790304206,U,CTY,1,1,446,133387,195,09:00.0,4,15:00,347
7790304215,U,CTY,1,1,281,133387,195,09:00.0,4,15:00,347
7790304224,U,CTY,1,1,162,278601,169,53:00.0,3,22:00,347
7790304682,U,CTY,1,1,523,211043,175,54:00.0,3,20:00,347
7790305077,U,IB,1,1,277,128543,149,36:00.0,1,14:00,347
7790305140,U,IB,1,1,165,128543,149,36:00.0,1,14:00,347
7790305187,U,CTY,1,1,166,134172,175,28:00.0,2,3:00,347
7790305416,U,CTY,1,2,2392,290164,187,26:00.0,4,19:00,658
7790305508,U,CTY,1,1,150,131973,195,20:00.0,4,3:00,967
7790305562,U,CTY,1,1,177,131973,182,21:00.0,4,6:00,967
7790305562,U,CTY,1,1,177,131973,195,50:00.0,4,5:00,967
7790305580,U,IB,1,1,186,135053,131,48:00.0,1,3:00,967
779030559X,U,IB,1,1,209,261341,135,37:00.0,1,11:00,967
7790305618,U,CTY,1,1,145,131973,195,56:00.0,4,4:00,967
7790305690,U,CTY,1,14,25512,128046,213,22:00.0,3,3:00,347
7790305865,U,CTY,1,1,182,211043,175,31:00.0,3,21:00,347
7790306195,U,CTY,1,1,105,133267,192,28:00.0,3,7:00,967
7790306424,U,IB,1,1,320,132158,141,22:00.0,3,22:00,347
7790306882,U,IB,1,1,523,132158,141,14:00.0,3,22:00,347
7790306891,U,CTY,1,2,680,137858,169,57:00.0,5,9:00,347
779030691X,U,IB,1,1,731,137777,149,42:00.0,3,22:00,347
7790307075,U,IB,1,1,212,134270,145,38:00.0,5,12:00,347
779030724X,U,IB,1,1,365,134565,112,25:00.0,5,9:00,347
7790307378,U,IB,1,2,2201,137777,149,48:00.0,3,21:00,347
7790307414,U,IB,1,1,280,132158,141,32:00.0,3,22:00,347
7790307533,U,IB,1,1,224,132158,141,08:00.0,3,22:00,347
779030768X,U,IB,1,2,6068,137777,149,12:00.0,3,22:00,347
7790307753,U,IB,1,1,215,132158,141,09:00.0,3,22:00,347
7790307771,U,IB,1,1,874,132158,141,27:00.0,3,22:00,347
7790307937,U,IB,1,1,878,132158,141,19:00.0,3,22:00,347
7790308157,U,CTY,1,1,104,249073,169,33:00.0,5,12:00,967
7790308404,U,CTY,1,1,360,133267,192,51:00.0,3,6:00,967
7790308413,U,CTY,1,1,178,249073,169,52:00.0,5,12:00,967
7790308431,U,CTY,1,1,217,249073,169,32:00.0,5,12:00,967
7790308440,U,CTY,1,1,265,133267,192,54:00.0,3,8:00,967
779030845X,U,CTY,1,1,302,249073,169,33:00.0,5,12:00,967
7790308606,U,CTY,1,6,2488,249073,169,04:00.0,5,13:00,967
7790308761,U,CTY,1,6,9993,137858,169,05:00.0,5,9:00,347
7790308963,U,IB,1,1,1505,137777,149,12:00.0,3,22:00,347
7790309302,U,IB,1,1,386,134565,112,20:00.0,5,9:00,347
7790309513,U,CTY,1,1,162,128040,169,47:00.0,5,22:00,347
7790309569,U,IB,1,1,108,134565,112,18:00.0,5,9:00,347
7790309724,U,CTY,1,1,1005,136232,192,06:00.0,5,7:00,967
7790310018,U,IB,1,1,410,134111,141,48:00.0,4,16:00,967
7790310072,U,IB,1,1,139,134111,141,43:00.0,4,16:00,967
7790310256,U,IB,1,1,298,138297,141,55:00.0,4,1:00,347
7790310366,U,IB,1,1,243,138297,141,14:00.0,4,1:00,347
7790310458,U,CTY,1,1,646,128127,168,33:00.0,5,7:00,347
779031054X,U,CTY,1,1,247,128127,168,01:00.0,5,8:00,347
7790311026,U,CTY,1,1,158,128127,168,49:00.0,5,7:00,347
7790311127,U,IB,1,1,894,130833,158,59:00.0,3,20:00,347
7790311695,U,CTY,1,1,213,138636,189,23:00.0,7,0:00,347
7790311924,U,CTY,1,1,365,135923,173,26:00.0,1,8:00,967
7790311933,U,CTY,1,1,397,135923,173,17:00.0,1,8:00,967
7790312007,U,CTY,1,1,201,130965,172,12:00.0,2,22:00,347
7790312034,U,IB,1,2,733,261345,145,29:00.0,4,21:00,967
7790312171,U,CTY,1,1,148,126420,175,40:00.0,1,9:00,967
7790312245,U,CTY,1,1,193,126420,175,22:00.0,1,10:00,967
7790312438,U,CTY,1,1,490,138636,189,36:00.0,7,0:00,347
7790312667,U,CTY,1,1,304,124153,173,30:00.0,2,21:00,347
7790312932,U,CTY,1,1,293,124153,173,25:00.0,2,21:00,347
7790313098,U,CTY,1,1,363,124153,173,47:00.0,2,21:00,347
7790313280,U,IB,1,1,344,135520,158,07:00.0,2,3:00,347
7790313547,U,CTY,1,1,1831,124153,173,54:00.0,2,21:00,347
779031373X,U,IB,1,1,240,135520,158,55:00.0,2,2:00,347
7790313821,U,IB,1,1,297,131824,158,12:00.0,7,3:00,347
7790314270,U,IB,1,1,286,131824,158,19:00.0,7,3:00,347
7790528249,U,IB,1,3,890,560027,103,07:00.0,1,15:00,653
7790529412,U,IB,1,2,1065,261332,131,38:00.0,2,1:00,653
7790529733,U,CTY,1,1,255,261009,169,00:00.0,1,16:00,653
7790690609,U,OB,1,2,2587,140148,22,43:00.0,5,19:00,521
7790699775,U,OB,1,2,1440,45505,55,03:00.0,6,19:00,521
7790705816,U,OB,1,1,225,140148,22,59:00.0,5,18:00,521
7790728521,U,OB,1,1,920,140148,22,06:00.0,5,20:00,521
7790729778,U,OB,1,1,3265,136969,17,34:00.0,6,8:00,521
7790731015,U,CTY,1,1,50,138630,196,56:00.0,5,6:00,521
7790731033,U,OB,1,3,1900,139942,50,10:00.0,7,20:00,521
7790731098,U,OB,1,1,2124,139942,50,21:00.0,7,20:00,521
7790731208,U,OB,1,1,333,137797,87,58:00.0,5,2:00,521
7790731208,U,OB,1,1,333,137797,72,44:00.0,4,14:00,521
7790731226,U,IB,1,2,1950,130948,103,01:00.0,2,10:00,521
7790910241,U,IB,1,1,163,136719,116,30:00.0,5,6:00,211
7790910351,U,OB,1,1,166,134530,95,03:00.0,6,9:00,211
7790910425,U,OB,1,1,292,134530,95,50:00.0,6,7:00,211
7791089532,U,OB,1,2,2745,129944,49,33:00.0,7,0:00,754
7791280602,U,CTY,1,1,298,128293,175,09:00.0,5,18:00,150
779217614X,U,CTY,1,3,109,125210,233,39:00.0,2,21:00,250
779217614X,U,CTY,1,3,109,125210,189,29:00.0,2,21:00,250
7792176570,U,CTY,1,2,988,138882,187,59:00.0,7,4:00,250
7792178000,U,IB,1,2,540,132785,127,25:00.0,1,15:00,250
7792206023,U,CTY,1,1,106,121584,196,36:00.0,7,21:00,250
7792206032,U,CTY,1,1,76,134281,194,47:00.0,7,19:00,250
7792206344,U,IB,1,1,399,124078,116,45:00.0,4,8:00,250
779220639X,U,CTY,1,2,2755,123493,192,50:00.0,6,20:00,250
7792710099,U,OB,1,7,1680,82703,4,01:00.0,3,0:00,422
7792710099,U,OB,1,7,1680,82703,74,22:00.0,2,21:00,422
7792710099,U,OB,1,7,1680,82703,74,20:00.0,2,21:00,422
779271019X,U,OB,1,1,287,139984,58,48:00.0,1,7:00,740
7792710236,U,CTY,1,1,95,131824,231,43:00.0,2,1:00,191
7792710236,U,CTY,1,1,95,131824,238,18:00.0,6,20:00,191
7792710236,U,CTY,1,1,95,131824,189,08:00.0,2,8:00,191
7792710281,U,OB,1,1,390,121400,51,00:00.0,6,13:00,432
7792710290,U,OB,1,1,425,133432,46,04:00.0,3,3:00,409
7792710355,U,OB,1,3,915,124574,60,41:00.0,6,3:00,409
7792710429,U,CTY,1,1,840,127801,183,22:00.0,6,15:00,304
7792710429,U,IB,1,1,840,127801,125,35:00.0,6,14:00,304
779271063X,U,IB,1,1,1017,136874,143,06:00.0,3,21:00,268
7792710649,U,CTY,1,2,1588,135193,173,41:00.0,1,4:00,861
7792710822,U,OB,1,1,378,127122,48,34:00.0,7,9:00,415
7792710887,U,CTY,1,1,4360,138292,195,24:00.0,4,19:00,604
7792710887,U,IB,1,1,4360,138292,157,25:00.0,4,19:00,604
7792711006,U,IB,1,2,1151,140002,101,20:00.0,1,4:00,108
7792711125,U,OB,1,1,301,135994,22,28:00.0,7,21:00,757
7792711758,U,OB,1,1,338,139984,58,00:00.0,1,8:00,740
7792711859,U,IB,1,1,2530,131495,143,08:00.0,5,6:00,783
7792712088,U,IB,1,1,186,132216,164,38:00.0,3,10:00,819
7792712088,U,IB,1,1,186,132216,167,40:00.0,3,16:00,819
7792712344,U,OB,1,4,1700,558470,89,14:00.0,5,22:00,422
7792712573,U,IB,1,1,2145,131309,111,06:00.0,5,14:00,805
7792712903,U,OB,1,1,90,137806,60,46:00.0,7,8:00,740
7792713040,U,OB,1,1,1400,277970,39,15:00.0,4,0:00,685
7792713096,U,IB,1,2,1765,137312,129,41:00.0,2,12:00,881
7792713480,U,CTY,1,2,1940,135193,173,14:00.0,1,5:00,861
7792713738,U,IB,1,3,6928,137528,127,54:00.0,3,11:00,805
7792713783,U,OB,1,2,1701,530697,60,00:00.0,5,19:00,422
7792714178,U,OB,1,1,240,138679,49,05:00.0,6,10:00,421
7792714214,U,OB,1,4,1936,530697,60,43:00.0,5,18:00,422
7792714333,U,OB,1,1,1350,842082,67,36:00.0,5,18:00,422
7792714461,U,OB,1,4,1807,530697,60,34:00.0,5,18:00,422
7792714571,U,IB,1,5,10795,137579,117,40:00.0,5,8:00,805
7792714645,U,IB,1,3,84,125180,152,51:00.0,5,12:00,875
7792714800,U,OB,1,1,259,530697,60,41:00.0,5,18:00,422
7792714901,U,CTY,1,2,535,129962,172,38:00.0,4,12:00,879
7792714957,U,OB,1,1,394,530697,97,51:00.0,5,19:00,422
7792714957,U,OB,1,1,394,530697,60,32:00.0,5,19:00,422
7792715094,U,IB,1,2,4520,137528,127,24:00.0,3,10:00,889
7792715341,U,OB,1,1,356,530697,60,15:00.0,5,19:00,422
7792715534,U,OB,1,1,418,124574,60,38:00.0,6,1:00,409
7792715534,U,CTY,1,1,418,124574,237,24:00.0,4,21:00,409
7792715534,U,CTY,1,1,418,124574,238,16:00.0,3,22:00,409
7792715626,U,CTY,1,2,1760,135846,192,37:00.0,3,16:00,841
7792715644,U,OB,1,1,746,530697,60,09:00.0,5,19:00,422
7792715671,U,CTY,1,1,346,132969,172,56:00.0,1,8:00,621
7792715718,U,OB,1,1,413,124574,60,33:00.0,6,1:00,409
7792715938,U,IB,1,3,258,134476,103,50:00.0,1,8:00,213
7792716057,U,OB,1,14,15845,127525,50,15:00.0,1,3:00,402
7792716066,U,OB,1,1,150,530697,60,13:00.0,5,19:00,422
7792716176,U,OB,1,1,439,135238,52,25:00.0,6,9:00,409
7792716277,U,IB,1,1,320,137240,116,26:00.0,5,7:00,244
7792716652,U,OB,1,1,1150,730114,39,27:00.0,6,20:00,422
7792716818,U,CTY,1,1,235,291281,197,05:00.0,3,15:00,881
779271690X,U,OB,1,1,935,136263,75,37:00.0,6,9:00,409
7792717175,U,OB,1,7,3850,132249,39,14:00.0,7,20:00,685
7792717422,U,CTY,1,1,576,130712,231,34:00.0,2,19:00,402
7792717422,U,OB,1,1,576,130712,14,30:00.0,7,18:00,402
7792717505,U,CTY,1,1,605,133715,187,48:00.0,1,6:00,857
779271756X,U,IB,1,1,350,140091,133,57:00.0,1,20:00,890
7792717606,U,IB,1,2,1335,137774,145,16:00.0,3,12:00,642
7792717853,U,IB,1,1,1052,137513,133,55:00.0,2,19:00,881
7792717862,U,OB,1,2,4454,530856,73,18:00.0,1,12:00,433
7792718138,U,OB,1,1,580,136298,58,27:00.0,6,4:00,433
7792718174,U,CTY,1,1,672,132366,197,28:00.0,5,6:00,881
7792718192,U,OB,1,3,1470,291042,73,08:00.0,1,0:00,455
7792718430,U,CTY,1,1,377,129628,194,37:00.0,4,8:00,881
7792718495,U,CTY,1,6,6521,132366,197,39:00.0,5,7:00,881
7792718614,U,OB,1,1,328,291042,73,12:00.0,1,1:00,455
7792718679,U,IB,1,1,200,138491,133,40:00.0,4,3:00,889
779271877X,U,CTY,1,1,300,130753,187,30:00.0,3,8:00,875
7792718899,U,OB,1,1,400,133902,49,38:00.0,1,4:00,754
7792719137,U,OB,1,4,8329,390236,66,04:00.0,6,22:00,422
7792719366,U,IB,1,5,9050,129496,114,21:00.0,3,8:00,165
7792719366,U,CTY,1,5,9050,129496,184,25:00.0,3,10:00,165
7792719458,U,IB,1,1,1713,128543,149,44:00.0,1,13:00,347
7792719916,U,CTY,1,1,45,133267,192,25:00.0,3,10:00,889
7792719952,U,OB,1,1,370,132249,39,58:00.0,7,16:00,685
7792720035,U,IB,1,1,328,137513,133,32:00.0,2,19:00,881
7792720594,U,CTY,1,1,1575,135846,192,44:00.0,3,16:00,841
7792720603,U,CTY,1,3,1370,117315,169,48:00.0,4,10:00,881
7792720888,U,CTY,1,3,210,125602,169,03:00.0,7,2:00,642
7792720998,U,CTY,1,1,600,138306,169,42:00.0,4,4:00,873
779272240X,U,OB,1,2,1624,139984,58,02:00.0,1,8:00,740
7792723023,U,CTY,1,3,3960,133774,197,19:00.0,5,0:00,152
7792723088,U,IB,1,1,47,128076,163,57:00.0,3,2:00,312
7792723600,U,CTY,1,3,4513,132372,195,26:00.0,4,0:00,232
7792723665,U,OB,1,2,480,125836,75,51:00.0,1,17:00,465
7792723867,U,OB,1,1,240,125836,75,51:00.0,1,17:00,465
7792724123,U,OB,1,1,234,903983,58,29:00.0,6,20:00,422
7792724399,U,OB,1,1,179,903983,58,33:00.0,6,20:00,422
7792724417,U,OB,1,1,1100,127403,74,48:00.0,1,6:00,423
7792724518,U,CTY,1,1,270,134433,169,26:00.0,2,21:00,547
7792724655,U,OB,1,1,528,127403,74,53:00.0,1,9:00,423
779272482X,U,OB,1,5,1200,821190,43,39:00.0,6,22:00,422
7792725059,U,IB,1,1,40,128638,103,26:00.0,3,18:00,616
7792725131,U,CTY,1,1,343,129910,187,37:00.0,4,0:00,152
7792725196,U,OB,1,1,518,830890,69,30:00.0,6,16:00,422
7792725333,U,OB,1,1,1000,830890,69,41:00.0,6,16:00,422
7792725398,U,OB,1,1,260,830890,69,48:00.0,6,16:00,422
7792725425,U,OB,1,1,160,830890,69,43:00.0,6,16:00,422
7792725443,U,OB,1,10,2400,252351,73,04:00.0,7,1:00,422
7792725461,U,OB,1,1,300,133456,84,50:00.0,1,9:00,218
779272548X,U,OB,1,2,745,830890,69,43:00.0,6,16:00,422
7792725636,U,OB,1,4,1112,138501,86,25:00.0,1,22:00,232
7792726094,U,IB,1,3,900,127711,105,21:00.0,4,0:00,616
7792726195,U,IB,1,5,5535,127210,151,07:00.0,3,22:00,251
7792726278,U,OB,1,4,4810,125319,31,42:00.0,1,10:00,714
7792726287,U,OB,1,1,645,138947,55,59:00.0,3,6:00,522
7792726415,U,OB,1,1,250,131040,39,27:00.0,7,4:00,421
7792726424,U,IB,1,1,54,128076,163,49:00.0,3,3:00,312
7792726498,U,OB,1,1,245,131222,89,50:00.0,2,17:00,186
7792726736,U,OB,1,1,155,125430,32,46:00.0,4,5:00,685
7792726929,U,OB,1,1,2815,89542,79,31:00.0,7,0:00,422
7792726929,U,OB,1,1,2815,89542,67,30:00.0,7,0:00,422
7792726947,U,OB,1,2,330,134638,67,22:00.0,2,7:00,615
7792726974,U,OB,1,1,200,135556,49,35:00.0,7,6:00,432
779272724X,U,OB,1,12,2880,138220,32,36:00.0,1,8:00,455
7792727331,U,OB,1,2,336,842029,89,56:00.0,7,0:00,422
7792727450,U,IB,1,1,17,128076,163,15:00.0,3,0:00,312
7792727607,U,OB,1,1,50,128090,26,33:00.0,7,10:00,433
7792727809,U,OB,1,1,230,125836,75,33:00.0,1,16:00,473
7792728799,U,CTY,1,20,480,PASC634534,176,39:00.0,1,15:00,309
7792728844,U,OB,1,1,738,842029,89,14:00.0,7,1:00,422
779272944X,U,IB,1,1,300,132797,141,47:00.0,4,11:00,205
7792729477,U,CTY,1,1,938,126069,189,00:00.0,4,0:00,152
7792729742,U,CTY,1,5,10710,125065,216,00:00.0,4,13:00,421
7792729760,U,IB,1,5,2133,CVEN46029,101,46:00.0,4,22:00,132
7792729944,U,IB,1,1,200,135236,112,08:00.0,2,22:00,213
7792730027,U,OB,1,1,380,138353,40,52:00.0,3,22:00,521
7792730027,U,OB,1,1,380,138353,3,29:00.0,4,7:00,521
7792730063,U,CTY,1,1,240,135608,188,54:00.0,5,19:00,132
7792730889,U,IB,1,5,2952,CVEN46029,101,10:00.0,4,20:00,132
7792730943,U,IB,1,1,725,127379,111,00:00.0,2,20:00,890
7792730999,U,OB,1,1,548,842029,89,11:00.0,7,1:00,422
7792731136,U,IB,1,4,3100,135986,164,58:00.0,1,7:00,511
7792731392,U,IB,1,1,426,140037,112,20:00.0,3,10:00,100
779273142X,U,OB,1,1,141,903983,58,37:00.0,6,20:00,422
7792731457,U,CTY,1,1,165,121384,188,35:00.0,4,3:00,261
7792731796,U,OB,1,1,137,903983,58,27:00.0,6,20:00,422
779273197X,U,OB,1,1,620,430510,73,59:00.0,7,8:00,202
7792732180,U,OB,1,1,146,903983,58,35:00.0,6,20:00,422
7792732557,U,IB,1,1,496,135944,116,25:00.0,3,19:00,216
7792733208,U,OB,1,1,1350,133084,43,58:00.0,7,4:00,462
7792733226,U,OB,1,3,3026,125489,83,31:00.0,4,6:00,435
7792733226,U,OB,1,3,3026,125489,85,32:00.0,4,6:00,435
7792733226,U,OB,1,3,3026,125489,72,29:00.0,4,6:00,435
7792733363,U,CTY,1,2,492,134524,169,16:00.0,1,3:00,261
7792733428,U,OB,1,3,2640,125489,72,38:00.0,4,5:00,435
7792733556,U,OB,1,1,2133,291140,46,38:00.0,1,7:00,411
7792733720,U,CTY,1,4,3436,125602,169,05:00.0,7,1:00,642
7792733886,U,OB,1,3,170,128893,89,18:00.0,3,21:00,266
7792733913,U,OB,1,1,480,127403,74,23:00.0,1,6:00,423
779273406X,U,IB,1,1,581,129895,111,25:00.0,7,14:00,216
7792734160,U,OB,1,1,345,139984,58,00:00.0,1,9:00,740
7792734490,U,CTY,1,1,105,125169,175,10:00.0,2,18:00,289
7792734647,U,OB,1,1,140,139984,58,25:00.0,1,8:00,740
7792734793,U,IB,1,1,91,135114,125,45:00.0,1,4:00,218
7792734849,U,OB,1,1,56,125836,75,22:00.0,1,15:00,473
7792735004,U,CTY,1,2,646,830890,168,46:00.0,6,17:00,422
7792735004,U,OB,1,2,646,830890,69,13:00.0,6,17:00,422
779273505X,U,IB,1,2,3155,135236,112,48:00.0,2,23:00,213
7792735078,U,CTY,1,2,772,128598,173,56:00.0,5,17:00,642
7792735260,U,OB,1,1,150,128090,26,20:00.0,7,11:00,433
7792735289,U,OB,1,1,396,136061,48,42:00.0,4,4:00,518
7792735289,U,OB,1,1,396,136061,3,29:00.0,4,7:00,518
7792735307,U,OB,1,1,292,138501,86,42:00.0,1,21:00,143
7792735590,U,CTY,1,1,605,118683,197,03:00.0,1,4:00,381
7792735691,U,OB,1,1,505,128363,32,23:00.0,7,16:00,432
7792735801,U,OB,1,14,6916,903983,58,14:00.0,6,20:00,422
7792735949,U,CTY,1,1,500,132367,168,09:00.0,2,13:00,223
7792736077,U,OB,1,1,61,129533,52,33:00.0,7,6:00,447
7792736104,U,IB,1,1,290,137579,117,36:00.0,5,6:00,813
7792736131,U,OB,1,1,189,903983,58,42:00.0,6,19:00,422
7792736196,U,IB,1,4,3290,135236,112,31:00.0,2,21:00,213
7792736416,U,CTY,1,1,310,135317,187,03:00.0,5,21:00,809
7792736672,U,IB,1,1,2676,137528,127,12:00.0,3,11:00,805
7792736728,U,IB,1,1,480,129905,104,09:00.0,2,14:00,187
7792736755,U,OB,1,1,240,125836,75,38:00.0,1,15:00,473
7792736892,U,CTY,1,1,66,PASC33311,187,29:00.0,4,5:00,318
7792736966,U,OB,1,1,322,128423,22,29:00.0,5,3:00,423
7792737011,U,CTY,1,1,500,131160,189,48:00.0,6,5:00,479
7792737076,U,OB,1,2,2985,138947,55,44:00.0,3,6:00,522
7792737130,U,OB,1,1,150,130538,52,09:00.0,7,19:00,411
7792737186,U,OB,1,3,1226,276775,63,38:00.0,1,17:00,409
7792737314,U,CTY,1,1,585,133267,192,04:00.0,3,7:00,813
7792737451,U,IB,1,1,170,127775,151,04:00.0,1,20:00,336
7792737507,U,OB,1,4,4910,291204,31,29:00.0,3,3:00,421
7792737745,U,OB,1,1,1600,211224,51,30:00.0,3,3:00,421
7792737772,U,OB,1,2,380,276775,63,19:00.0,1,17:00,409
7792738048,U,OB,1,1,1065,730114,39,25:00.0,6,20:00,422
7792738048,U,OB,1,1,1065,730114,45,20:00.0,6,21:00,422
7792738084,U,OB,1,1,495,261371,76,08:00.0,7,10:00,432
7792738120,U,OB,1,1,260,128423,22,26:00.0,5,3:00,423
7792738369,U,IB,1,1,1445,128076,163,59:00.0,3,1:00,250
7792738396,U,OB,1,1,32,139984,58,49:00.0,1,9:00,740
7792738414,U,IB,1,1,226,134073,163,55:00.0,3,19:00,112
7792738497,U,OB,1,1,240,291204,31,12:00.0,3,3:00,421
7792738542,U,CTY,1,1,549,132367,168,21:00.0,2,14:00,857
7792739139,U,OB,1,1,244,127489,26,45:00.0,3,21:00,455
7792739386,U,OB,1,1,642,252351,73,31:00.0,7,2:00,422
7792739633,U,OB,1,4,10000,125939,67,04:00.0,4,0:00,644
7792740239,U,OB,1,1,470,850053,39,10:00.0,7,1:00,422
7792740531,U,OB,1,2,1025,903983,58,21:00.0,6,20:00,422
7792740540,U,CTY,1,1,295,140163,231,23:00.0,6,17:00,324
7792740632,U,OB,1,1,1105,139984,58,41:00.0,1,8:00,740
7792740899,U,OB,1,1,685,139567,90,12:00.0,3,8:00,218
7792741173,U,CTY,1,1,1200,128325,196,20:00.0,2,2:00,178
7792741375,U,OB,1,1,650,138501,86,37:00.0,1,21:00,218
7792742017,U,OB,1,1,150,128910,40,40:00.0,1,1:00,402
7792742026,U,OB,1,1,288,830890,69,57:00.0,6,16:00,422
7792742109,U,IB,1,2,3066,127872,135,06:00.0,1,20:00,367
7792742228,U,IB,1,1,375,830890,158,58:00.0,7,12:00,422
7792742228,U,OB,1,1,375,830890,69,03:00.0,6,17:00,422
779274253X,U,OB,1,1,268,133810,88,55:00.0,1,10:00,511
7792742558,U,CTY,1,1,293,HAEI25964,169,44:00.0,5,15:00,878
7792742558,U,CTY,1,1,293,HAEI25964,231,32:00.0,5,17:00,878
7792742677,U,IB,1,1,327,125980,131,43:00.0,2,7:00,303
7792742677,U,CTY,1,1,327,125980,208,56:00.0,3,13:00,303
7792742850,U,OB,1,1,488,138220,32,11:00.0,1,7:00,455
7792743180,U,CTY,1,1,323,118683,197,47:00.0,1,3:00,381
7792743319,U,OB,1,1,200,119275,49,25:00.0,7,20:00,421
7792743465,U,IB,1,1,400,127379,111,21:00.0,2,16:00,891
7792743483,U,OB,1,1,103,132138,76,05:00.0,1,3:00,402
7792743923,U,CTY,1,2,497,CVEN44708,194,49:00.0,1,18:00,135
7792743988,U,CTY,1,7,1864,CVEN44708,194,43:00.0,1,21:00,135
7792744060,U,IB,1,1,86,132136,113,24:00.0,2,0:00,183
7792744089,U,CTY,1,4,1625,117315,169,53:00.0,4,10:00,881
7792744125,U,OB,1,4,881,138025,58,44:00.0,7,22:00,409
7792744134,U,CTY,1,1,150,125169,175,32:00.0,2,16:00,268
7792744235,U,OB,1,1,134,131399,96,48:00.0,3,13:00,218
7792744428,U,OB,1,1,200,430510,73,16:00.0,7,9:00,202
7792744565,U,IB,1,1,111,138145,158,59:00.0,5,12:00,872
7792744794,U,IB,1,1,915,136665,143,07:00.0,3,3:00,522
7792744812,U,IB,1,1,2370,127379,111,58:00.0,2,17:00,890
7792745023,U,OB,1,1,785,830890,69,24:00.0,6,16:00,422
7792745207,U,OB,1,1,285,136097,46,38:00.0,3,15:00,433
7792745573,U,OB,1,1,600,139984,58,11:00.0,1,8:00,740
7792745665,U,IB,1,1,220,134565,112,49:00.0,5,8:00,347
7792745665,U,IB,1,1,220,134565,115,11:00.0,5,11:00,347
7792745903,U,OB,1,1,800,138025,58,25:00.0,7,22:00,409
7792745930,U,OB,1,5,1255,128363,32,40:00.0,7,16:00,432
7792745986,U,OB,1,1,250,135569,43,34:00.0,1,6:00,455
7792746215,U,IB,1,2,486,132136,113,33:00.0,2,0:00,184
7792747030,U,OB,1,1,190,139984,58,35:00.0,1,8:00,740
7792747196,U,OB,1,1,151,127388,63,43:00.0,2,21:00,650
7792747618,U,CTY,1,1,400,134172,175,22:00.0,2,2:00,347
779274770X,U,OB,1,1,175,136022,96,46:00.0,4,4:00,187
7792747847,U,CTY,1,2,44,135119,188,32:00.0,1,10:00,309
7792748159,U,OB,1,2,900,126610,53,15:00.0,1,20:00,421
7792748433,U,OB,1,1,413,903983,58,46:00.0,6,19:00,422
7792748498,U,OB,1,1,300,135556,49,52:00.0,7,6:00,432
7792748846,U,CTY,1,1,870,131208,173,38:00.0,3,14:00,431
7792748983,U,CTY,1,2,1040,132889,187,34:00.0,4,23:00,511
7792749066,U,OB,1,3,2400,820869,73,57:00.0,6,20:00,422
7792749167,U,OB,1,1,338,134483,66,39:00.0,6,7:00,423
7792749414,U,OB,1,1,125,820869,73,44:00.0,6,20:00,422
7792749634,U,CTY,1,2,1344,140322,176,28:00.0,7,8:00,661
7792749670,U,CTY,1,5,7690,TTMS144654,194,41:00.0,2,13:00,830
7792749735,U,CTY,1,1,175,135193,173,55:00.0,1,3:00,381
7792749780,U,OB,1,2,521,353225,40,38:00.0,1,12:00,447
7792749780,U,OB,1,2,521,353225,79,00:00.0,1,18:00,447
779274979X,U,OB,1,1,200,138200,88,20:00.0,4,4:00,462
7792749827,U,CTY,1,1,180,133267,192,31:00.0,3,6:00,889
7792749881,U,CTY,1,1,176,127534,174,27:00.0,3,17:00,819
779275001X,U,CTY,1,1,150,131824,189,26:00.0,2,7:00,100
7792750202,U,CTY,1,1,526,134079,189,41:00.0,3,8:00,511
779275023X,U,CTY,1,1,582,134948,175,10:00.0,3,1:00,315
7792750267,U,OB,1,1,100,126653,51,36:00.0,7,6:00,348
7792750404,U,CTY,1,1,710,131824,189,05:00.0,2,7:00,100
7792750698,U,OB,1,2,2200,133103,38,02:00.0,3,8:00,432
7792750707,U,OB,1,1,350,129503,51,58:00.0,7,15:00,411
7792750817,U,OB,1,1,240,125836,75,38:00.0,1,15:00,473
7792750927,U,CTY,1,2,3685,132367,168,33:00.0,2,13:00,223
7792751349,U,OB,1,1,500,130930,52,41:00.0,3,4:00,411
7792751540,U,CTY,1,1,995,132816,197,47:00.0,6,1:00,152
779275177X,U,OB,1,1,825,126653,51,28:00.0,7,6:00,348
7792751807,U,CTY,1,1,1449,134433,169,05:00.0,3,1:00,532
7792752081,U,OB,1,1,708,132249,39,15:00.0,7,19:00,685
7792752119,U,IB,1,2,942,138046,141,41:00.0,2,7:00,890
7792752274,U,OB,1,2,936,903983,58,14:00.0,6,19:00,422
7792752705,U,CTY,1,1,2200,138743,196,17:00.0,2,18:00,261
7792753080,U,OB,1,1,235,134638,67,40:00.0,2,7:00,615
7792753374,U,OB,1,1,50,290995,86,04:00.0,7,12:00,433
7792753933,U,OB,1,2,480,136967,69,20:00.0,4,8:00,432
779275419X,U,OB,1,1,639,131843,39,05:00.0,5,14:00,615
7792754209,U,OB,1,1,391,310707,40,30:00.0,2,20:00,422
7792754263,U,CTY,1,3,3870,139517,168,40:00.0,1,18:00,521
7792754465,U,OB,1,2,567,10422,76,38:00.0,2,22:00,422
7792754584,U,OB,1,1,170,136908,39,12:00.0,7,12:00,411
7792754685,U,OB,1,1,231,134638,67,40:00.0,2,6:00,615
7792754694,U,OB,1,1,160,136908,39,48:00.0,7,12:00,411
7792754822,U,CTY,1,1,559,249073,169,28:00.0,5,12:00,889
779275496X,U,OB,1,1,300,134742,14,28:00.0,5,13:00,728
7792754979,U,OB,1,1,200,129533,52,35:00.0,7,5:00,447
7792755015,U,IB,1,1,443,129822,114,30:00.0,5,2:00,847
7792755033,U,IB,1,3,1450,137513,133,26:00.0,2,19:00,881
7792755345,U,OB,1,4,2264,903983,58,50:00.0,6,18:00,422
7792755437,U,OB,1,1,547,730114,39,46:00.0,6,19:00,422
7792755437,U,OB,1,1,547,730114,94,46:00.0,6,20:00,422
7792755464,U,OB,1,1,2168,136061,48,00:00.0,4,7:00,518
7792755657,U,IB,1,1,206,139787,141,13:00.0,6,20:00,819
7792755675,U,OB,1,1,95,310707,68,49:00.0,2,20:00,422
7792755675,U,OB,1,1,95,310707,40,32:00.0,2,20:00,422
7792755702,U,IB,1,8,7900,138491,133,44:00.0,4,4:00,859
7792755711,U,CTY,1,2,1205,131208,173,12:00.0,3,14:00,532
7792755859,U,OB,1,1,296,135275,43,07:00.0,4,2:00,455
7792755895,U,OB,1,1,401,310707,40,24:00.0,2,20:00,422
7792755904,U,CTY,1,1,290,134433,169,46:00.0,2,22:00,532
7792755931,U,IB,1,1,245,135944,116,42:00.0,3,14:00,216
7792755940,U,IB,1,4,1980,137513,133,18:00.0,2,20:00,881
7792756032,U,OB,1,1,163,842029,89,08:00.0,7,1:00,422
7792756032,U,OB,1,1,163,842029,15,48:00.0,7,3:00,422
7792756427,U,CTY,1,1,375,127534,174,46:00.0,3,16:00,899
7792756427,U,CTY,1,1,375,127534,231,40:00.0,3,18:00,899
7792756701,U,CTY,1,1,30,129910,187,25:00.0,3,23:00,152
7792757197,U,OB,1,1,400,126653,51,46:00.0,7,6:00,348
7792757545,U,CTY,1,1,810,130634,189,00:00.0,1,14:00,899
7792757554,U,IB,1,1,220,134073,163,55:00.0,3,20:00,126
7792757655,U,IB,1,1,300,129905,104,04:00.0,2,16:00,187
7792757673,U,OB,1,2,900,559536,26,02:00.0,6,21:00,422
7792757783,U,IB,1,1,900,311349,113,03:00.0,4,22:00,422
7792757792,U,CTY,1,1,100,136049,237,57:00.0,4,21:00,841
7792758306,U,IB,1,3,1000,135432,125,50:00.0,4,11:00,108
7792758407,U,CTY,1,1,661,261354,188,56:00.0,4,13:00,875
779275848X,U,OB,1,1,2132,123975,72,45:00.0,5,12:00,432
7792758499,U,CTY,1,2,1465,249073,169,27:00.0,5,12:00,889
7792758609,U,OB,1,2,3828,128272,60,05:00.0,4,1:00,740
7792758984,U,IB,1,4,1560,202022,151,04:00.0,3,18:00,292
7792759195,U,IB,1,1,1027,136322,164,40:00.0,4,6:00,813
7792759451,U,IB,1,10,6290,HAEI27016,116,51:00.0,4,18:00,508
7792759534,U,CTY,1,3,2847,133774,197,25:00.0,4,23:00,178
7792759561,U,IB,1,2,785,131347,116,22:00.0,4,11:00,616
7792760441,U,CTY,1,1,223,127534,231,26:00.0,5,21:00,881
7792760506,U,OB,1,1,707,249065,48,52:00.0,3,4:00,432
7792760524,U,OB,1,1,707,118561,27,03:00.0,3,10:00,432
7792760524,U,OB,1,1,707,118561,40,10:00.0,3,2:00,432
7792760827,U,OB,1,1,35,125225,73,09:00.0,3,1:00,447
7792761148,U,CTY,1,1,1625,127534,174,30:00.0,3,16:00,881
7792761514,U,CTY,1,1,610,131077,168,27:00.0,3,13:00,783
779276156X,U,OB,1,1,1410,127477,86,31:00.0,6,10:00,411
7792761743,U,IB,1,2,1000,134565,112,32:00.0,5,8:00,864
7792761770,U,IB,1,1,175,124263,117,41:00.0,5,1:00,569
7792763375,U,IB,1,1,113,137777,149,25:00.0,3,21:00,347
7792764026,U,OB,1,1,60,128272,60,08:00.0,4,2:00,740
7792765263,U,CTY,1,1,521,133389,187,32:00.0,5,4:00,857
7792765346,U,CTY,1,1,150,134255,189,34:00.0,6,16:00,830
7792765346,U,CTY,1,1,150,134255,231,35:00.0,6,16:00,830
7792765391,U,OB,1,1,695,133432,46,41:00.0,3,2:00,409
7792765429,U,CTY,1,1,260,137858,169,54:00.0,5,7:00,347
7792765703,U,OB,1,1,500,00DROP,37,50:00.0,2,14:00,422
7792766253,U,IB,1,1,360,134516,114,59:00.0,5,11:00,312
7792766556,U,IB,1,1,960,131424,105,10:00.0,5,1:00,615
7792766583,U,IB,1,2,1679,124263,117,59:00.0,5,1:00,569
7792766922,U,OB,1,2,1150,133432,46,06:00.0,3,3:00,409
779276695X,U,CTY,1,1,17,T402218947,189,56:00.0,4,8:00,312
7792767243,U,OB,1,1,340,125624,55,44:00.0,4,17:00,423
7792767335,U,CTY,1,1,200,202525,172,21:00.0,3,13:00,324
7792767344,U,OB,1,1,250,136061,48,12:00.0,4,9:00,429
7792767409,U,CTY,1,1,306,202525,172,05:00.0,3,13:00,324
779276761X,U,IB,1,1,600,132640,112,24:00.0,3,3:00,245
7792767748,U,CTY,1,3,4098,133432,214,30:00.0,3,7:00,409
7792767748,U,OB,1,3,4098,133432,46,40:00.0,3,2:00,409
7792767858,U,OB,1,1,650,133257,26,38:00.0,5,7:00,518
7792767912,U,OB,1,1,1565,310707,40,49:00.0,2,20:00,422
7792768022,U,OB,1,1,300,126998,72,35:00.0,3,0:00,447
7792768105,U,CTY,1,1,275,121384,188,25:00.0,4,0:00,261
7792768251,U,CTY,1,1,356,127739,197,28:00.0,4,11:00,336
7792768325,U,IB,1,2,95,135944,116,25:00.0,3,18:00,216
7792768334,U,CTY,1,1,405,134197,197,56:00.0,5,18:00,177
7792768527,U,IB,1,1,466,830890,167,43:00.0,3,16:00,422
7792768527,U,OB,1,1,466,830890,32,49:00.0,2,18:00,422
7792768628,U,OB,1,1,650,830890,32,58:00.0,2,18:00,422
779276882X,U,OB,1,1,920,830890,32,54:00.0,2,18:00,422
7792768866,U,IB,1,1,265,122636,163,28:00.0,2,11:00,650
7792769012,U,OB,1,1,735,431077,67,24:00.0,3,0:00,432
7792769059,U,OB,1,1,1375,830890,32,03:00.0,2,19:00,422
7792769223,U,OB,1,1,518,310506,69,24:00.0,3,19:00,422
7792769333,U,IB,1,1,325,136229,101,07:00.0,4,5:00,525
7792769351,U,CTY,1,1,600,129628,194,21:00.0,4,14:00,371
7792769389,U,OB,1,4,2300,830890,4,01:00.0,3,0:00,422
7792769389,U,OB,1,4,2300,830890,32,05:00.0,2,19:00,422
7792769416,U,OB,1,3,4675,830959,69,10:00.0,2,19:00,422
7792769517,U,OB,1,1,1500,135146,67,21:00.0,7,19:00,730
7792769517,U,OB,1,1,1500,135146,45,30:00.0,1,0:00,730
7792769645,U,CTY,1,1,290,137622,173,17:00.0,3,19:00,621
7792769690,U,OB,1,3,1730,118561,40,09:00.0,3,3:00,432
7792769755,U,OB,1,3,4300,138318,40,17:00.0,4,14:00,432
7792769782,U,CTY,1,4,1750,131854,197,33:00.0,6,7:00,881
7792769800,U,IB,1,1,147,430881,112,04:00.0,4,8:00,218
7792769948,U,OB,1,1,100,125624,55,53:00.0,4,16:00,423
7792770049,U,OB,1,1,745,89542,26,08:00.0,2,22:00,422
7792770406,U,OB,1,1,49,125624,55,03:00.0,4,17:00,423
7792770442,U,CTY,1,1,320,137255,189,19:00.0,4,16:00,508
7792770644,U,OB,1,1,223,128272,60,13:00.0,4,2:00,740
7792770671,U,OB,1,1,1495,128272,60,20:00.0,4,4:00,740
7792770736,U,OB,1,1,383,136097,46,21:00.0,3,16:00,433
7792770864,U,OB,1,1,850,830890,32,21:00.0,2,18:00,422
7792771167,U,IB,1,2,970,132797,141,42:00.0,4,11:00,205
7792771277,U,IB,1,1,861,131617,158,47:00.0,4,9:00,547
7792771331,U,IB,1,1,200,130935,143,00:00.0,1,7:00,268
7792771387,U,CTY,1,1,500,45300,168,40:00.0,4,21:00,258
779277168X,U,OB,1,3,4231,125699,89,28:00.0,4,14:00,616
7792772000,U,IB,1,1,266,830887,117,00:00.0,2,21:00,422
7792772065,U,OB,1,12,6160,390047,95,09:00.0,2,22:00,422
7792772083,U,IB,1,3,2024,121117,104,22:00.0,3,20:00,218
7792772285,U,OB,1,3,720,136061,48,38:00.0,4,10:00,518
7792772945,U,IB,1,1,210,119379,117,13:00.0,5,20:00,809
7792773430,U,IB,1,1,225,127210,151,57:00.0,3,20:00,857
7792773495,U,CTY,1,8,16800,122835,206,11:00.0,5,4:00,303
7792773706,U,OB,1,1,3510,133578,76,49:00.0,4,4:00,521
7792773733,U,OB,1,1,171,249140,46,13:00.0,4,9:00,508
7792773742,U,CTY,1,1,120,134389,187,48:00.0,5,10:00,714
779277377X,U,OB,1,1,773,310707,40,05:00.0,2,20:00,422
7792773944,U,OB,1,1,189,130930,52,39:00.0,3,3:00,411
7792774036,U,IB,1,1,60,135378,158,44:00.0,5,3:00,312
7792774292,U,IB,1,1,330,132525,111,52:00.0,5,21:00,891
7792774393,U,IB,1,2,31,135944,116,21:00.0,3,18:00,216
779277487X,U,OB,1,4,1000,842029,50,42:00.0,2,20:00,422
7792775502,U,OB,1,1,500,132660,40,00:00.0,5,15:00,521
779277575X,U,OB,1,1,1040,128748,88,05:00.0,4,19:00,216
7792776126,U,OB,1,1,555,132358,84,58:00.0,3,19:00,617
7792776236,U,OB,1,12,600,136022,96,30:00.0,4,2:00,187
7792776272,U,IB,1,5,12215,132038,103,44:00.0,5,4:00,145
7792776465,U,OB,1,1,152,128272,60,06:00.0,4,4:00,740
7792776465,U,CTY,1,1,152,128272,237,08:00.0,4,19:00,740
7792776712,U,OB,1,1,491,136097,46,22:00.0,3,15:00,433
7792776804,U,OB,1,3,1765,136061,48,39:00.0,4,4:00,521
7792777134,U,OB,1,1,622,310707,40,12:00.0,2,20:00,422
7792777830,U,OB,1,1,977,135275,43,42:00.0,3,21:00,473
7792777913,U,CTY,1,1,275,138436,168,04:00.0,4,2:00,213
7792778243,U,CTY,1,3,1031,125723,175,52:00.0,4,23:00,326
7792778252,U,CTY,1,1,22,T402218947,189,49:00.0,4,8:00,312
7792778344,U,CTY,1,1,120,128272,237,31:00.0,4,19:00,740
7792778344,U,OB,1,1,120,128272,60,31:00.0,4,3:00,740
7792778454,U,OB,1,6,1440,291204,31,23:00.0,3,3:00,421
7792778647,U,IB,1,1,810,126960,116,33:00.0,3,22:00,213
7792778656,U,IB,1,1,2160,127898,141,55:00.0,4,14:00,111
7792778683,U,CTY,1,4,186,291296,173,42:00.0,6,1:00,132
7792778683,U,OB,1,4,186,291296,79,56:00.0,6,22:00,132
7792778683,U,IB,1,4,186,CVEN46003,105,09:00.0,6,1:00,132
779277872X,U,OB,1,1,400,133432,46,01:00.0,3,3:00,409
7792779096,U,CTY,1,5,9896,118588,169,41:00.0,4,14:00,324
7792779370,U,IB,1,1,135,134516,114,12:00.0,5,10:00,304
7792779444,U,CTY,1,6,6288,130650,173,34:00.0,4,4:00,135
7792779700,U,IB,1,2,600,124395,104,36:00.0,4,15:00,145
7792779729,U,IB,1,2,915,135099,164,38:00.0,5,5:00,112
7792779729,U,CTY,1,2,915,135099,231,23:00.0,1,2:00,112
7792779765,U,OB,1,1,1007,133251,17,17:00.0,5,14:00,521
7792779801,U,IB,1,1,940,138552,151,40:00.0,5,1:00,616
7792779839,U,OB,1,1,630,310968,38,03:00.0,4,12:00,348
7792779866,U,CTY,1,1,815,133774,197,08:00.0,5,0:00,152
7792780324,U,IB,1,2,2800,134565,112,40:00.0,5,9:00,864
7792780351,U,IB,1,2,1300,128663,104,12:00.0,5,7:00,245
7792780499,U,OB,1,1,3026,132412,26,40:00.0,4,15:00,740
7792780544,U,CTY,1,1,215,45300,168,32:00.0,4,21:00,289
7792780957,U,OB,1,2,744,310707,40,18:00.0,2,20:00,422
7792781278,U,OB,1,3,2762,128272,60,55:00.0,4,2:00,740
7792781341,U,IB,1,2,563,127801,111,16:00.0,4,17:00,521
7792781379,U,OB,1,1,444,310707,40,15:00.0,2,20:00,422
7792781498,U,OB,1,2,5550,136207,18,35:00.0,5,4:00,740
7792781718,U,IB,1,1,160,139910,125,26:00.0,7,2:00,841
7792781763,U,IB,1,1,680,290354,129,20:00.0,4,9:00,216
7792781891,U,OB,1,1,428,132320,49,22:00.0,3,4:00,433
7792782084,U,IB,1,1,246,124072,156,17:00.0,3,21:00,621
7792782084,U,CTY,1,1,246,124072,187,09:00.0,3,20:00,621
7792782378,U,OB,1,1,217,126998,72,37:00.0,3,0:00,447
7792782423,U,IB,1,1,201,135730,145,17:00.0,4,1:00,251
7792782634,U,OB,1,1,210,123681,75,23:00.0,3,6:00,202
7792782717,U,CTY,1,1,180,123824,189,19:00.0,5,19:00,198
7792782809,U,CTY,1,1,775,135962,DP  ,54:00.0,5,23:00,891
7792782881,U,CTY,1,1,423,290014,174,23:00.0,6,15:00,160
7792782946,U,IB,1,1,185,130644,165,07:00.0,6,13:00,819
7792782946,U,IB,1,1,185,130644,165,07:00.0,6,13:00,819
7792783029,U,OB,1,3,7085,390047,4,02:00.0,3,0:00,422
7792783029,U,OB,1,3,7085,390047,95,47:00.0,2,22:00,422
7792783029,U,OB,1,3,7085,390047,54,51:00.0,2,22:00,422
7792783065,U,OB,1,2,1024,139697,49,11:00.0,3,21:00,411
7792783386,U,CTY,1,1,2052,130634,189,32:00.0,1,13:00,898
7792783487,U,OB,1,1,400,280969,88,27:00.0,3,14:00,245
7792783496,U,IB,1,3,1925,127209,149,18:00.0,5,20:00,261
7792783624,U,OB,1,1,1454,129542,43,30:00.0,3,17:00,411
7792783660,U,CTY,1,1,1029,125856,174,40:00.0,4,19:00,218
7792783761,U,IB,1,1,167,530751,105,57:00.0,2,20:00,422
7792783880,U,OB,1,1,1200,842029,50,43:00.0,2,19:00,422
779278400X,U,OB,1,1,405,123681,75,43:00.0,3,6:00,202
7792784266,U,IB,1,2,815,138592,133,21:00.0,5,15:00,198
7792784412,U,CTY,1,2,1651,130844,189,44:00.0,3,19:00,218
7792784477,U,OB,1,1,1830,139779,50,26:00.0,5,5:00,754
7792784688,U,CTY,1,1,225,202525,172,13:00.0,3,13:00,324
7792785182,U,CTY,1,1,534,135846,192,45:00.0,3,15:00,431
779278532X,U,OB,1,10,2400,137246,89,36:00.0,3,16:00,462
7792785366,U,IB,1,1,1000,134195,133,44:00.0,5,18:00,783
7792785503,U,OB,1,10,8000,138890,49,52:00.0,6,20:00,730
7792785678,U,CTY,1,1,22,T402218947,189,50:00.0,4,8:00,312
7792786127,U,OB,1,6,3331,128272,60,21:00.0,4,2:00,740
7792786273,U,OB,1,3,720,133257,26,16:00.0,5,6:00,455
7792786466,U,CTY,1,5,11300,135253,192,52:00.0,3,1:00,833
779278653X,U,IB,1,1,277,138604,104,31:00.0,4,21:00,243
7792786731,U,IB,1,1,1232,135432,125,00:00.0,4,11:00,108
7792786915,U,IB,1,3,221,131377,143,35:00.0,1,1:00,186
779278697X,U,IB,1,1,1495,R422504612,129,49:00.0,4,12:00,322
779278763X,U,OB,1,1,1690,135275,43,21:00.0,3,21:00,471
7792787878,U,OB,1,10,800,128272,60,12:00.0,4,4:00,740
7792788006,U,OB,1,1,300,132864,38,34:00.0,4,0:00,730
7792788051,U,OB,1,1,799,138834,14,33:00.0,6,23:00,889
779278807X,U,IB,1,1,288,281030,125,03:00.0,1,22:00,859
7792788170,U,IB,1,3,2296,132333,125,15:00.0,3,13:00,653
7792788969,U,OB,1,1,415,125306,31,31:00.0,6,5:00,671
7792789005,U,IB,1,8,3319,135532,114,53:00.0,4,13:00,216
7792789409,U,CTY,1,1,301,131891,189,32:00.0,4,2:00,412
7792789519,U,IB,1,1,1207,130591,101,24:00.0,5,21:00,266
7792789564,U,OB,1,1,344,133176,32,27:00.0,4,15:00,411
7792789638,U,CTY,1,1,147,130908,197,51:00.0,7,17:00,889
7792789793,U,CTY,1,1,510,130634,189,13:00.0,1,14:00,875
7792789858,U,IB,1,1,325,135944,116,42:00.0,3,15:00,216
7792789867,U,OB,1,1,72,133828,51,12:00.0,4,2:00,754
7792790040,U,OB,1,2,985,310707,40,53:00.0,2,19:00,422
7792790105,U,OB,1,1,113,129927,31,30:00.0,6,16:00,312
7792790114,U,IB,1,1,462,135658,127,24:00.0,5,4:00,381
7792790361,U,CTY,1,7,7007,135608,188,01:00.0,5,21:00,135
7792791113,U,IB,1,1,600,128663,104,28:00.0,5,7:00,245
7792792076,U,IB,1,1,345,134844,125,17:00.0,3,18:00,246
7792792296,U,OB,1,1,50,132320,49,55:00.0,3,4:00,433
7792792305,U,CTY,1,1,264,290980,168,07:00.0,4,16:00,511
7792792397,U,CTY,1,1,750,130650,173,36:00.0,4,3:00,135
7792792433,U,OB,1,1,680,125624,55,14:00.0,4,16:00,728
7792792543,U,OB,1,1,130,291204,31,19:00.0,3,4:00,421
7792792828,U,OB,1,1,50,138184,52,18:00.0,3,15:00,433
7792792864,U,OB,1,1,92,136550,17,06:00.0,3,11:00,402
7792793001,U,OB,1,3,140,133828,51,45:00.0,4,1:00,754
779279335X,U,OB,1,6,4676,131843,39,40:00.0,5,16:00,615
7792793670,U,IB,1,6,5890,128871,141,37:00.0,7,19:00,642
7792793708,U,OB,1,1,448,290348,46,11:00.0,5,2:00,683
7792793726,U,OB,1,1,480,125328,32,21:00.0,7,20:00,404
779279390X,U,OB,1,2,213,125271,32,56:00.0,6,14:00,433
7792793973,U,IB,1,3,810,134236,145,47:00.0,7,12:00,347
7792793991,U,CTY,1,4,1605,130844,231,50:00.0,3,21:00,218
7792793991,U,CTY,1,4,1605,130844,189,11:00.0,3,19:00,218
7792794523,U,OB,1,1,155,121101,27,13:00.0,3,18:00,422
7792794523,U,OB,1,1,155,121101,27,13:00.0,3,18:00,422
7792794615,U,CTY,1,2,480,138066,189,08:00.0,3,5:00,556
7792794880,U,IB,1,1,15,135944,116,02:00.0,3,19:00,216
7792794945,U,OB,1,2,899,135152,38,48:00.0,5,4:00,730
7792795284,U,IB,1,1,536,133283,164,12:00.0,6,7:00,881
7792795320,U,IB,1,1,193,133283,164,18:00.0,6,6:00,881
7792795376,U,IB,1,4,8240,123443,112,16:00.0,6,21:00,244
7792795421,U,CTY,1,1,765,137152,173,14:00.0,6,7:00,881
7792795459,U,CTY,1,1,153,137152,173,27:00.0,6,7:00,881
7792795587,U,OB,1,1,130,121101,66,50:00.0,7,9:00,422
7792796081,U,CTY,1,1,420,127739,197,20:00.0,4,12:00,319
7792796081,U,IB,1,1,420,127739,166,37:00.0,4,13:00,319
779279610X,U,OB,1,2,680,136419,53,33:00.0,3,4:00,409
7792796128,U,OB,1,1,298,127489,26,44:00.0,3,21:00,455
779279643X,U,IB,1,1,472,131347,116,43:00.0,4,10:00,616
7792796503,U,IB,1,3,1240,CVEN46029,101,43:00.0,4,22:00,132
7792796613,U,IB,1,1,1,CVEN46029,101,58:00.0,4,21:00,132
7792796640,U,CTY,1,1,644,125307,195,05:00.0,2,3:00,878
7792797053,U,OB,1,1,282,310707,40,00:00.0,2,20:00,422
7792797282,U,IB,1,3,4101,124395,104,59:00.0,4,16:00,145
779279742X,U,IB,1,1,2713,CVEN46029,101,24:00.0,4,19:00,135
7792797475,U,OB,1,1,538,128286,96,25:00.0,3,6:00,348
7792797493,U,CTY,1,1,359,126500,192,41:00.0,5,13:00,152
7792797704,U,CTY,1,1,500,139814,168,23:00.0,5,1:00,187
7792797823,U,IB,1,1,125,132038,103,20:00.0,5,3:00,145
7792798061,U,IB,1,1,1080,132764,150,30:00.0,6,17:00,313
7792798218,U,IB,1,5,4410,119354,113,49:00.0,7,14:00,682
779279841X,U,OB,1,1,309,136022,96,52:00.0,4,4:00,187
7792798483,U,OB,1,1,420,136439,43,17:00.0,7,7:00,813
7792798584,U,OB,1,3,699,135275,43,19:00.0,3,22:00,455
7792798694,U,OB,1,1,200,128337,40,50:00.0,5,10:00,415
779279874X,U,OB,1,1,46,130803,52,47:00.0,4,1:00,730
7792798786,U,OB,1,1,500,135275,43,47:00.0,3,21:00,455
7792798997,U,IB,1,2,5475,CVEN46029,101,33:00.0,4,20:00,135
7792799235,U,OB,1,1,368,139548,53,56:00.0,4,14:00,644
7792800299,U,CTY,1,1,220,252131,189,39:00.0,3,12:00,627
7792800445,U,CTY,1,2,600,125843,169,59:00.0,5,1:00,510
7792800445,U,CTY,1,2,600,125843,216,02:00.0,5,9:00,510
7792800582,U,OB,1,1,65,129927,31,34:00.0,6,17:00,653
7792801078,U,OB,1,1,439,310707,40,03:00.0,2,20:00,422
7792801150,U,CTY,1,1,504,135846,192,31:00.0,3,15:00,431
779280149X,U,CTY,1,1,147,T402218947,189,50:00.0,4,9:00,304
7792801563,U,CTY,1,3,1762,135608,188,33:00.0,5,19:00,132
7792801691,U,OB,1,2,381,310968,38,35:00.0,4,11:00,348
7792802131,U,OB,1,1,470,135152,38,02:00.0,5,4:00,730
7792802452,U,CTY,1,1,790,125994,196,24:00.0,5,14:00,851
7792802535,U,OB,1,1,305,134832,89,45:00.0,5,13:00,435
7792802782,U,OB,1,1,555,730114,78,28:00.0,3,21:00,422
7792803195,U,OB,1,1,474,134020,40,46:00.0,4,1:00,455
7792803534,U,CTY,1,1,165,211270,188,32:00.0,3,19:00,847
779280413X,U,IB,1,1,100,131051,152,13:00.0,6,17:00,881
7792804991,U,CTY,1,1,845,PASC634013,195,12:00.0,6,14:00,230
7792805211,U,CTY,1,1,96,137152,173,02:00.0,6,7:00,881
7792805211,U,OB,1,1,96,137152,80,03:00.0,6,7:00,881
7792805285,U,IB,1,1,240,127860,112,26:00.0,7,9:00,186
7792805725,U,IB,1,2,4000,121924,123,37:00.0,6,6:00,556
7792805817,U,IB,1,2,150,137401,151,06:00.0,5,13:00,303
7792805853,U,OB,1,1,100,133431,39,11:00.0,5,11:00,740
7792806798,U,IB,1,1,423,530109,141,51:00.0,2,23:00,896
7792807072,U,OB,1,1,2118,560231,73,21:00.0,3,20:00,422
7792807283,U,OB,1,1,850,128463,63,14:00.0,1,4:00,423
7792807696,U,CTY,1,3,1905,137152,173,26:00.0,6,6:00,881
7792807842,U,CTY,1,1,158,116840,188,08:00.0,7,0:00,881
7792807934,U,IB,1,1,701,136114,145,06:00.0,7,19:00,881
779280809X,U,OB,1,1,200,202455,43,35:00.0,5,2:00,754
7792808300,U,CTY,1,8,9645,140309,232,05:00.0,3,9:00,642
7792808300,U,IB,1,8,9645,140309,158,07:00.0,3,1:00,642
7792808769,U,IB,1,2,435,135532,114,02:00.0,4,14:00,216
779280886X,U,IB,1,1,336,CVEN46029,101,07:00.0,4,19:00,135
7792809209,U,CTY,1,1,350,134389,187,13:00.0,5,10:00,414
7792809328,U,IB,1,1,156,261079,151,44:00.0,6,10:00,318
7792809492,U,IB,1,1,225,261190,143,15:00.0,1,22:00,661
7792809730,U,IB,1,1,117,290354,129,30:00.0,4,10:00,216
7792810895,U,OB,1,5,1035,599375,66,02:00.0,3,19:00,422
7792811160,U,OB,1,5,1200,134546,26,37:00.0,5,18:00,429
7792811326,U,OB,1,1,1340,249014,67,48:00.0,6,3:00,187
7792811353,U,CTY,1,13,18375,119359,206,59:00.0,5,2:00,433
7792811490,U,IB,1,1,310,124069,154,46:00.0,6,22:00,251
7792811490,U,CTY,1,1,310,124069,175,18:00.0,6,22:00,251
7792811775,U,CTY,1,1,270,131160,189,02:00.0,6,6:00,479
7792811784,U,OB,1,1,564,140045,32,06:00.0,5,15:00,433
7792811876,U,OB,1,1,240,277996,17,10:00.0,5,7:00,465
7792811903,U,IB,1,1,300,140335,113,37:00.0,5,1:00,205
7792812004,U,OB,1,1,240,277996,17,10:00.0,5,7:00,465
7792812013,U,CTY,1,1,361,124322,192,40:00.0,7,7:00,145
7792812040,U,IB,1,1,88,134516,114,33:00.0,5,11:00,312
7792812352,U,OB,1,1,950,135310,52,56:00.0,1,6:00,471
7792812554,U,OB,1,6,7823,130815,86,09:00.0,4,3:00,435
7792812554,U,OB,1,6,7823,130815,79,35:00.0,4,16:00,435
7792812985,U,OB,1,2,909,139548,53,51:00.0,4,12:00,644
7792813250,U,IB,1,1,461,138604,104,03:00.0,4,22:00,243
7792813279,U,IB,1,2,650,140034,151,51:00.0,5,18:00,289
7792813425,U,IB,1,1,165,261054,129,16:00.0,4,19:00,216
7792813636,U,IB,1,1,215,134236,145,17:00.0,7,14:00,347
7792813800,U,CTY,1,1,2500,125814,172,40:00.0,6,1:00,377
7792813865,U,CTY,1,2,1898,200977,196,32:00.0,1,6:00,108
7792814213,U,IB,1,2,820,138604,104,33:00.0,4,20:00,243
7792814231,U,IB,1,1,411,135099,164,02:00.0,5,3:00,178
7792814296,U,OB,1,2,480,310506,69,14:00.0,3,20:00,422
7792814350,U,OB,1,1,262,310506,19,05:00.0,4,0:00,422
7792814415,U,IB,1,1,920,310506,135,10:00.0,4,2:00,422
7792814415,U,OB,1,1,920,310506,69,10:00.0,3,20:00,422
7792814525,U,OB,1,1,1360,310506,69,03:00.0,3,19:00,422
779281458X,U,OB,1,1,185,290348,46,01:00.0,5,1:00,402
7792814608,U,OB,1,3,864,310506,69,47:00.0,3,19:00,422
779281491X,U,OB,1,3,1475,R411587174,89,51:00.0,4,7:00,447
7792814947,U,IB,1,1,450,138779,131,21:00.0,5,10:00,521
7792815176,U,IB,1,1,1576,140034,151,16:00.0,5,18:00,240
7792815313,U,CTY,1,4,323,280932,173,35:00.0,2,15:00,312
7792815313,U,IB,1,4,323,280932,158,29:00.0,6,8:00,312
7792815331,U,IB,1,1,1500,123869,133,33:00.0,6,7:00,244
7792815340,U,CTY,1,1,200,128708,188,47:00.0,5,0:00,621
7792815378,U,IB,1,1,134,CVEN45559,151,59:00.0,6,1:00,126
7792815497,U,OB,1,1,366,126541,63,30:00.0,4,4:00,433
779281579X,U,OB,1,1,110,310506,69,50:00.0,3,19:00,422
7792815881,U,OB,1,1,575,310506,69,29:00.0,3,19:00,422
7792816193,U,IB,1,1,1840,121377,135,23:00.0,1,22:00,813
7792816294,U,CTY,1,3,5050,290207,216,11:00.0,3,9:00,508
7792816294,U,OB,1,3,5050,290207,32,52:00.0,3,2:00,508
7792816368,U,OB,1,1,260,128423,22,14:00.0,5,3:00,423
7792816541,U,OB,1,2,1406,123932,26,48:00.0,4,7:00,421
7792816799,U,OB,1,1,81,135152,38,09:00.0,5,3:00,730
7792817028,U,IB,1,1,5,261054,129,31:00.0,4,19:00,216
7792817046,U,CTY,1,1,410,126500,192,58:00.0,5,14:00,153
7792817421,U,IB,1,1,365,126870,143,25:00.0,5,20:00,548
7792817468,U,IB,1,5,3840,249253,103,00:00.0,6,15:00,695
7792817522,U,CTY,1,2,2665,HAEI25964,169,27:00.0,5,18:00,508
7792817569,U,IB,1,4,110,134516,114,20:00.0,5,11:00,312
7792817596,U,OB,1,3,1405,R411587174,89,42:00.0,4,7:00,447
7792817632,U,CTY,1,1,649,131503,189,39:00.0,6,10:00,431
7792817742,U,IB,1,1,1209,125848,151,47:00.0,5,7:00,272
7792817899,U,IB,1,2,1060,126165,149,16:00.0,6,5:00,508
7792818009,U,OB,1,1,345,R44779962,72,29:00.0,4,0:00,447
7792818018,U,IB,1,1,156,261054,129,32:00.0,4,19:00,216
7792818128,U,CTY,1,1,100,125831,187,49:00.0,6,14:00,671
7792818137,U,OB,1,1,480,R411587174,89,54:00.0,4,7:00,447
7792818292,U,IB,1,5,2301,133886,127,43:00.0,5,12:00,757
7792818310,U,OB,1,1,170,136551,58,39:00.0,5,12:00,740
7792818494,U,IB,1,1,1356,132764,150,05:00.0,6,17:00,313
7792818568,U,OB,1,6,1800,290348,46,51:00.0,5,0:00,402
7792818797,U,OB,1,2,748,128641,22,50:00.0,5,18:00,757
7792818842,U,IB,1,1,405,133286,152,07:00.0,6,5:00,381
7792818952,U,OB,1,3,3741,531169,13,54:00.0,3,18:00,422
7792819493,U,OB,1,1,850,830890,52,19:00.0,3,18:00,422
7792820144,U,CTY,1,1,370,139951,195,10:00.0,7,15:00,841
7792820180,U,IB,1,3,80,134516,114,32:00.0,5,10:00,312
7792820218,U,OB,1,1,1150,125306,31,10:00.0,6,7:00,695
7792820218,U,CTY,1,1,1150,125306,231,38:00.0,7,2:00,695
7792820236,U,IB,1,3,85,134516,114,06:00.0,5,13:00,312
7792820245,U,OB,1,1,455,138265,84,34:00.0,4,3:00,348
7792820685,U,OB,1,1,415,128463,63,42:00.0,1,4:00,423
7792820730,U,CTY,1,2,760,PASC533243,168,54:00.0,7,6:00,375
7792821244,U,CTY,1,1,810,137849,196,29:00.0,3,4:00,877
7792821345,U,OB,1,3,1603,126700,50,31:00.0,4,14:00,421
7792821390,U,OB,1,2,2525,HAEI25964,70,28:00.0,5,18:00,508
7792821390,U,CTY,1,2,2525,HAEI25964,169,26:00.0,5,18:00,508
779282140X,U,CTY,1,1,1000,137849,196,23:00.0,3,4:00,872
7792821482,U,OB,1,2,1204,139779,50,11:00.0,5,8:00,754
7792821702,U,IB,1,1,400,261190,143,50:00.0,1,23:00,641
7792821767,U,OB,1,12,13346,134338,38,33:00.0,3,0:00,873
7792821776,U,CTY,1,1,415,290114,169,34:00.0,1,10:00,875
7792821821,U,OB,1,1,130,132610,31,33:00.0,5,18:00,423
7792822032,U,OB,1,2,2710,123932,26,29:00.0,4,7:00,421
7792822088,U,OB,1,3,2856,134338,38,13:00.0,3,0:00,873
7792822234,U,CTY,1,2,2440,130451,194,11:00.0,6,18:00,303
7792822427,U,OB,1,1,946,123932,26,18:00.0,4,8:00,421
7792822481,U,IB,1,1,87,CVEN45559,151,34:00.0,6,4:00,126
7792822710,U,OB,1,1,60,136551,58,20:00.0,5,12:00,740
779282283X,U,IB,1,2,861,134940,112,29:00.0,4,21:00,671
7792823114,U,IB,1,1,425,134392,133,38:00.0,4,12:00,244
7792823298,U,IB,1,1,2600,290354,129,21:00.0,4,10:00,216
7792823316,U,OB,1,1,300,559726,43,10:00.0,4,9:00,617
7792823444,U,IB,1,1,1034,133286,152,43:00.0,6,3:00,381
7792823572,U,IB,1,1,370,137401,151,31:00.0,5,13:00,303
7792823628,U,OB,1,1,312,130593,22,29:00.0,4,14:00,411
7792823875,U,OB,1,1,260,310506,69,16:00.0,3,19:00,422
7792823967,U,OB,1,1,141,310506,69,20:00.0,3,19:00,422
7792824068,U,IB,1,1,538,131854,165,31:00.0,6,6:00,881
7792824068,U,CTY,1,1,538,131854,197,30:00.0,6,6:00,881
7792824389,U,OB,1,1,560,131945,38,51:00.0,5,14:00,421
7792824416,U,IB,1,1,200,R621615927,105,04:00.0,5,11:00,312
7792824461,U,IB,1,1,550,135532,114,25:00.0,4,13:00,216
7792824499,U,OB,1,1,683,136800,55,53:00.0,4,6:00,421
7792825168,U,IB,1,1,652,249253,103,48:00.0,6,12:00,695
7792825168,U,CTY,1,1,652,249253,231,38:00.0,7,2:00,695
7792825415,U,IB,1,1,898,135532,114,32:00.0,4,12:00,216
7792825543,U,IB,1,2,1030,138779,131,27:00.0,5,9:00,521
7792825671,U,CTY,1,1,200,202186,168,53:00.0,1,16:00,783
7792825718,U,OB,1,1,520,123932,26,03:00.0,4,7:00,421
7792825736,U,OB,1,1,66,136207,18,29:00.0,5,3:00,402
7792825745,U,CTY,1,5,5092,130556,189,16:00.0,7,0:00,152
7792825745,U,CTY,1,5,5092,130556,204,17:00.0,7,8:00,152
779282580X,U,OB,1,5,4070,821190,52,50:00.0,3,22:00,422
7792825864,U,IB,1,1,400,134516,114,32:00.0,5,15:00,312
7792826176,U,CTY,1,1,663,131551,196,25:00.0,5,3:00,355
7792826286,U,CTY,1,1,370,116840,203,13:00.0,7,3:00,881
7792826286,U,CTY,1,1,370,116840,188,35:00.0,6,23:00,881
7792826387,U,CTY,1,2,82,137849,196,17:00.0,3,5:00,875
7792826809,U,OB,1,4,3725,129798,67,22:00.0,4,10:00,409
7792826890,U,OB,1,3,239,133431,39,37:00.0,5,11:00,740
779282701X,U,OB,1,3,720,277996,17,33:00.0,5,9:00,473
7792827267,U,IB,1,1,135,261088,149,12:00.0,5,6:00,315
7792827276,U,IB,1,1,1010,134270,145,27:00.0,5,11:00,347
7792827294,U,CTY,1,5,4215,211270,188,16:00.0,3,21:00,847
7792827395,U,CTY,1,20,340,PASC175379,175,55:00.0,5,7:00,309
7792827817,U,IB,1,4,4150,R621615927,105,59:00.0,5,11:00,272
7792828192,U,CTY,1,1,95,135608,188,46:00.0,5,20:00,187
7792828578,U,CTY,1,1,2070,137849,196,24:00.0,3,6:00,875
7792828614,U,OB,1,1,387,842082,50,36:00.0,3,21:00,422
7792828971,U,IB,1,1,811,131478,143,27:00.0,6,9:00,251
7792829173,U,OB,1,1,420,310506,69,02:00.0,3,19:00,422
7792829292,U,OB,1,1,316,310506,69,05:00.0,3,20:00,422
7792829366,U,OB,1,1,275,135310,52,10:00.0,1,6:00,471
7792829521,U,IB,1,1,203,134403,125,01:00.0,1,17:00,104
7792829750,U,IB,1,1,2415,131057,131,51:00.0,6,3:00,890
7792829833,U,OB,1,1,185,249014,67,58:00.0,6,3:00,187
7792830172,U,CTY,1,2,710,124322,192,49:00.0,7,8:00,100
7792830190,U,CTY,1,1,234,128690,195,57:00.0,7,10:00,740
7792830457,U,IB,1,1,85,140309,158,46:00.0,3,0:00,898
7792830612,U,IB,1,1,645,138604,104,39:00.0,4,21:00,243
7792830778,U,CTY,1,4,893,291051,192,46:00.0,6,10:00,326
7792830805,U,OB,1,1,1106,140370,63,29:00.0,6,1:00,455
7792830850,U,IB,1,1,100,134516,114,45:00.0,5,11:00,312
7792831382,U,CTY,1,3,4001,130634,189,20:00.0,1,11:00,875
7792831602,U,CTY,1,2,550,136399,194,18:00.0,6,6:00,188
7792831658,U,CTY,1,1,249,128690,195,56:00.0,7,10:00,740
7792831887,U,IB,1,1,100,138046,125,45:00.0,4,17:00,202
7792832024,U,IB,1,1,1191,138046,125,05:00.0,4,20:00,202
7792832060,U,CTY,1,2,780,126500,192,52:00.0,5,12:00,122
7792832060,U,CTY,1,2,780,126500,227,31:00.0,6,6:00,122
7792832161,U,IB,1,1,114,138046,125,15:00.0,4,20:00,202
7792832244,U,CTY,1,1,68,137849,196,17:00.0,3,6:00,875
7792832345,U,OB,1,2,2180,249014,67,29:00.0,6,4:00,187
7792832482,U,CTY,1,1,110,125307,195,27:00.0,2,2:00,841
7792832482,U,CTY,1,1,110,125307,235,37:00.0,5,9:00,841
7792832812,U,IB,1,1,610,202228,123,43:00.0,6,21:00,890
779283306X,U,CTY,1,1,21,137976,172,07:00.0,7,13:00,108
7792833097,U,OB,1,1,150,129729,52,31:00.0,5,21:00,433
7792833436,U,IB,1,5,11380,131900,158,09:00.0,3,7:00,833
7792833472,U,IB,1,11,6159,130591,101,34:00.0,5,21:00,266
7792833564,U,IB,1,2,1750,134743,151,32:00.0,7,3:00,642
7792833748,U,OB,1,1,112,842029,39,11:00.0,3,18:00,422
779283405X,U,IB,1,2,2400,138518,103,03:00.0,3,14:00,216
7792834078,U,OB,1,6,6615,119897,95,34:00.0,5,1:00,243
7792834215,U,OB,1,1,539,277996,17,23:00.0,5,9:00,455
7792834307,U,OB,1,2,804,131843,39,11:00.0,5,15:00,615
7792834839,U,CTY,1,2,960,128754,187,42:00.0,6,16:00,890
7792835095,U,OB,1,2,2734,132412,26,35:00.0,4,15:00,402
7792835169,U,IB,1,1,2056,137023,127,05:00.0,6,8:00,805
7792835499,U,IB,1,1,266,261088,149,33:00.0,5,7:00,309
7792835627,U,IB,1,1,610,127761,113,24:00.0,1,6:00,615
7792835874,U,CTY,1,1,603,HAEI25964,169,42:00.0,5,15:00,547
7792835901,U,OB,1,1,421,138604,97,13:00.0,4,22:00,243
7792835901,U,IB,1,1,421,138604,104,07:00.0,4,22:00,243
7792836020,U,CTY,1,1,489,135140,195,37:00.0,4,13:00,304
7792836121,U,OB,1,1,240,133257,26,55:00.0,5,3:00,455
779283614X,U,IB,1,2,76,134516,114,54:00.0,5,10:00,312
7792836534,U,IB,1,1,175,45495,145,24:00.0,4,17:00,324
7792836626,U,CTY,1,6,1615,130864,175,34:00.0,4,15:00,309
779283724X,U,OB,1,1,402,842082,50,17:00.0,3,21:00,422
7792837441,U,CTY,1,1,276,135140,195,28:00.0,4,13:00,304
7792837670,U,IB,1,5,200,134516,114,17:00.0,5,13:00,312
7792837827,U,OB,1,1,317,842082,50,23:00.0,3,21:00,422
7792837863,U,IB,1,2,5100,128663,104,54:00.0,5,8:00,245
7792838139,U,OB,1,1,180,138474,43,28:00.0,1,3:00,740
7792838184,U,CTY,1,1,480,133491,176,08:00.0,6,16:00,531
7792838294,U,OB,1,1,121,136207,18,38:00.0,5,3:00,402
7792838550,U,IB,1,3,1300,134549,104,47:00.0,7,11:00,402
7792839073,U,OB,1,2,468,135152,38,29:00.0,5,3:00,730
7792839073,U,CTY,1,2,468,135152,235,16:00.0,5,22:00,730
779283911X,U,IB,1,1,345,125040,111,18:00.0,4,3:00,348
7792839284,U,OB,1,1,3500,127419,76,23:00.0,4,23:00,556
7792839522,U,OB,1,4,5972,136842,39,09:00.0,5,7:00,409
7792839816,U,OB,1,2,1778,138745,78,46:00.0,7,13:00,521
7792839834,U,OB,1,1,296,140127,46,28:00.0,7,10:00,455
7792839917,U,CTY,1,1,105,133491,176,06:00.0,6,16:00,515
7792840238,U,OB,1,1,450,560856,72,33:00.0,3,22:00,422
7792840411,U,OB,1,2,718,290348,46,56:00.0,5,0:00,402
779284054X,U,OB,1,1,240,130815,86,27:00.0,4,1:00,435
7792840595,U,OB,1,1,340,140184,38,55:00.0,5,18:00,705
7792840999,U,IB,1,1,308,127764,123,32:00.0,5,7:00,232
7792841154,U,OB,1,1,183,560856,72,36:00.0,3,22:00,422
7792841668,U,IB,1,1,1300,131919,143,12:00.0,4,10:00,292
7792842025,U,OB,1,1,800,128543,52,54:00.0,5,7:00,421
7792842099,U,IB,1,1,152,R621615927,105,22:00.0,5,11:00,324
779284230X,U,CTY,1,1,275,123254,172,52:00.0,7,7:00,569
7792842346,U,OB,1,1,340,129798,67,08:00.0,4,8:00,409
7792842346,U,OB,1,1,340,129798,71,14:00.0,4,8:00,409
7792842355,U,CTY,1,2,200,140247,208,39:00.0,6,16:00,205
7792842685,U,OB,1,2,1312,842082,50,34:00.0,3,21:00,422
7792842887,U,OB,1,1,217,842082,50,21:00.0,3,21:00,422
779284329X,U,OB,1,1,50,128075,51,46:00.0,5,8:00,433
7792843318,U,OB,1,3,1056,561048,50,13:00.0,4,19:00,422
7792843547,U,IB,1,1,1341,128529,133,03:00.0,3,5:00,873
7792843556,U,OB,1,1,50,128075,51,43:00.0,5,8:00,433
779284373X,U,CTY,1,1,635,137152,173,50:00.0,6,6:00,881
7792843812,U,CTY,1,1,718,137849,196,46:00.0,3,6:00,875
7792843830,U,OB,1,2,963,129798,67,58:00.0,4,2:00,409
779284395X,U,IB,1,1,750,138475,103,55:00.0,5,22:00,432
7792843978,U,OB,1,2,534,561048,50,19:00.0,4,19:00,422
7792844041,U,IB,1,1,1880,128663,104,27:00.0,5,8:00,245
7792844261,U,OB,1,2,815,561048,50,24:00.0,4,19:00,422
7792844564,U,OB,1,2,858,561048,50,16:00.0,4,19:00,422
7792844802,U,OB,1,1,444,561048,50,21:00.0,4,19:00,422
7792844858,U,OB,1,1,240,130815,86,30:00.0,4,1:00,435
7792844912,U,CTY,1,2,3770,139734,187,39:00.0,1,20:00,841
7792844968,U,CTY,1,1,1380,130734,197,49:00.0,3,5:00,783
7792844995,U,CTY,1,1,235,131810,174,34:00.0,6,8:00,111
7792845141,U,OB,1,1,238,134483,66,22:00.0,6,8:00,423
7792845307,U,OB,1,1,184,130593,22,23:00.0,4,14:00,411
7792845453,U,OB,1,1,240,130815,86,21:00.0,4,1:00,435
7792845480,U,OB,1,3,3699,291094,26,32:00.0,7,11:00,740
7792845664,U,IB,1,6,600,137240,116,18:00.0,5,7:00,244
7792845756,U,CTY,1,2,113,133126,175,24:00.0,7,17:00,661
7792846746,U,OB,1,1,240,138834,14,08:00.0,7,0:00,476
779284703X,U,OB,1,1,200,140313,73,01:00.0,5,7:00,411
7792847204,U,OB,1,5,9500,558189,43,41:00.0,2,21:00,422
7792847269,U,OB,1,1,1410,127477,86,26:00.0,6,10:00,411
7792847516,U,CTY,1,1,480,124352,194,33:00.0,6,1:00,326
7792847626,U,OB,1,1,166,134832,89,42:00.0,5,13:00,435
7792847781,U,CTY,1,4,1185,139743,194,23:00.0,7,6:00,268
7792849038,U,IB,1,2,929,136114,145,51:00.0,7,18:00,881
7792849148,U,IB,1,1,635,136114,145,24:00.0,7,18:00,881
7792849404,U,IB,1,1,489,136114,145,53:00.0,7,18:00,881
7792849541,U,OB,1,2,498,134483,66,25:00.0,6,6:00,423
7792849689,U,OB,1,1,615,830890,73,58:00.0,5,18:00,422
7792849844,U,OB,1,1,110,202759,84,28:00.0,5,11:00,202
7792850037,U,CTY,1,1,120,290332,192,49:00.0,7,16:00,814
7792850037,U,CTY,1,1,120,290332,235,36:00.0,5,9:00,814
7792850239,U,CTY,1,1,496,132772,168,53:00.0,1,7:00,642
7792850385,U,OB,1,1,384,138271,49,35:00.0,5,17:00,409
7792850834,U,CTY,1,1,7,123254,172,33:00.0,7,6:00,569
779285088X,U,CTY,1,1,256,138066,189,41:00.0,3,4:00,522
7792850962,U,OB,1,1,7,134699,58,01:00.0,6,2:00,740
7792851402,U,IB,1,2,1685,127618,143,37:00.0,1,14:00,347
7792851402,U,CTY,1,2,1685,127618,P15 ,22:00.0,2,14:00,347
7792851723,U,OB,1,1,60,291094,26,18:00.0,7,11:00,740
7792852282,U,OB,1,1,1750,134548,84,23:00.0,2,4:00,511
7792853813,U,IB,1,1,250,132523,158,34:00.0,6,8:00,312
7792853988,U,CTY,1,1,262,123254,172,49:00.0,7,7:00,569
7792854042,U,CTY,1,2,1777,138204,197,05:00.0,7,1:00,158
7792854574,U,OB,1,1,300,89542,86,09:00.0,5,0:00,422
7792854702,U,IB,1,1,146,132785,127,11:00.0,1,17:00,312
7792854940,U,CTY,1,1,280,140163,175,20:00.0,5,21:00,251
7792854940,U,CTY,1,1,280,140163,183,27:00.0,5,21:00,251
7792854978,U,IB,1,1,2200,127618,143,12:00.0,1,13:00,347
779285517X,U,OB,1,1,900,136546,69,14:00.0,5,9:00,644
7792855261,U,OB,1,1,196,125737,55,06:00.0,5,22:00,423
7792856298,U,CTY,1,1,240,129585,197,56:00.0,6,19:00,261
7792856417,U,CTY,1,1,358,140163,175,24:00.0,5,22:00,324
7792856480,U,OB,1,1,950,390047,67,48:00.0,4,21:00,422
7792856527,U,CTY,1,1,462,140163,175,24:00.0,5,22:00,324
7792856848,U,IB,1,1,2286,138342,152,12:00.0,1,15:00,805
7792856884,U,IB,1,1,989,390229,116,30:00.0,2,0:00,218
7792856893,U,IB,1,1,108,202228,123,27:00.0,6,23:00,890
7792856911,U,OB,1,1,561,135381,86,17:00.0,5,21:00,411
7792856985,U,IB,1,3,3036,127209,149,14:00.0,5,22:00,261
7792857012,U,OB,1,4,945,290620,17,36:00.0,3,13:00,504
7792857021,U,IB,1,2,1380,127761,113,02:00.0,1,2:00,615
7792857077,U,IB,1,1,310,132854,143,37:00.0,6,22:00,203
7792857095,U,IB,1,2,440,132523,158,19:00.0,6,10:00,312
7792857279,U,CTY,1,3,5226,211570,192,14:00.0,5,19:00,525
7792857333,U,OB,1,1,480,136390,43,25:00.0,6,3:00,401
7792857580,U,IB,1,2,60,132523,158,29:00.0,6,15:00,312
7792857672,U,CTY,1,1,790,140013,169,21:00.0,6,6:00,355
7792857672,U,CTY,1,1,790,140013,181,23:00.0,6,6:00,355
7792857829,U,OB,1,1,2900,140274,66,34:00.0,3,6:00,851
7792857829,U,IB,1,1,2900,140274,163,32:00.0,3,6:00,851
7792858442,U,OB,1,1,325,140045,32,07:00.0,5,14:00,433
7792858635,U,OB,1,2,3100,390047,67,59:00.0,4,21:00,422
7792858727,U,OB,1,1,696,134483,66,45:00.0,6,7:00,423
7792858974,U,OB,1,1,216,134699,58,21:00.0,6,1:00,740
779285924X,U,OB,1,1,575,843236,76,16:00.0,5,19:00,422
7792859286,U,OB,1,3,2106,290333,48,04:00.0,6,3:00,740
7792859423,U,CTY,1,1,135,140013,169,14:00.0,6,7:00,621
7792859450,U,OB,1,1,540,133858,90,12:00.0,5,2:00,348
7792859551,U,IB,1,1,45,132785,127,00:00.0,1,17:00,312
7792859661,U,CTY,1,1,306,140247,208,38:00.0,6,13:00,198
7792859845,U,OB,1,2,956,530751,89,24:00.0,4,18:00,422
7792859946,U,CTY,1,1,96,211570,192,06:00.0,5,19:00,525
7792860083,U,IB,1,7,11365,128136,112,19:00.0,6,6:00,245
7792860110,U,IB,1,1,3255,531239,116,54:00.0,5,17:00,216
7792860110,U,IB,1,1,3255,531239,153,43:00.0,5,18:00,216
7792860377,U,IB,1,1,217,311349,113,30:00.0,4,22:00,422
7792860395,U,IB,1,1,635,130935,143,14:00.0,1,3:00,160
7792860469,U,OB,1,1,239,135155,53,40:00.0,5,8:00,432
7792860496,U,CTY,1,1,250,211126,196,57:00.0,5,19:00,682
7792860550,U,IB,1,1,1000,311349,113,14:00.0,4,22:00,422
779286067X,U,IB,1,1,905,311058,104,12:00.0,6,0:00,422
7792860817,U,OB,1,2,1802,842100,63,33:00.0,4,21:00,422
7792861183,U,OB,1,1,240,290096,26,36:00.0,5,12:00,411
7792861302,U,IB,1,1,800,211275,113,51:00.0,7,4:00,108
7792861358,U,CTY,1,1,128,280932,173,21:00.0,2,11:00,312
7792861688,U,CTY,1,1,245,140013,169,46:00.0,6,7:00,621
7792862063,U,OB,1,1,330,129751,63,29:00.0,7,16:00,292
7792862137,U,IB,1,3,58,132785,127,50:00.0,1,16:00,312
7792862622,U,IB,1,1,120,132785,127,36:00.0,1,16:00,312
7792862622,U,CTY,1,1,120,132785,O   ,19:00.0,2,4:00,312
7792862678,U,OB,1,1,1612,138474,43,17:00.0,1,10:00,740
7792862687,U,OB,1,3,560,125737,55,07:00.0,5,22:00,423
7792862723,U,IB,1,1,205,127887,129,38:00.0,6,7:00,216
7792862961,U,OB,1,1,340,133858,90,38:00.0,5,2:00,348
7792862961,U,OB,1,1,340,133858,81,47:00.0,5,6:00,348
7792863044,U,CTY,1,1,200,137313,188,15:00.0,6,19:00,754
7792863127,U,OB,1,1,240,130708,49,07:00.0,5,13:00,433
7792863448,U,OB,1,2,1200,119361,90,10:00.0,5,15:00,617
779286353X,U,OB,1,1,240,135155,53,03:00.0,5,9:00,432
7792863686,U,IB,1,1,140,430675,103,23:00.0,5,10:00,447
7792863924,U,CTY,1,1,515,127679,175,11:00.0,5,18:00,621
7792864171,U,IB,1,1,640,133558,133,27:00.0,1,9:00,891
7792864227,U,OB,1,2,1940,138432,46,47:00.0,6,22:00,521
7792864611,U,IB,1,2,880,261280,127,53:00.0,5,16:00,145
7792864649,U,IB,1,1,445,127618,143,51:00.0,1,13:00,347
7792865226,U,IB,1,1,10,290868,143,31:00.0,3,21:00,625
7792865565,U,OB,1,1,452,138834,14,43:00.0,6,23:00,429
7792865711,U,OB,1,2,590,138423,40,58:00.0,6,16:00,653
7792865830,U,OB,1,1,784,842167,53,35:00.0,4,19:00,422
7792865895,U,OB,1,1,201,126531,51,11:00.0,5,21:00,432
7792865922,U,OB,1,1,240,138834,14,35:00.0,7,1:00,473
779286595X,U,IB,1,3,2680,126723,103,31:00.0,2,16:00,642
7792865978,U,CTY,1,1,235,CVEN44152,169,08:00.0,1,22:00,126
7792866023,U,IB,1,1,74,126165,149,44:00.0,6,4:00,431
7792866041,U,OB,1,1,256,140313,73,54:00.0,5,7:00,411
7792866243,U,CTY,1,2,2270,130954,188,11:00.0,6,8:00,205
7792866252,U,IB,1,2,1537,123983,114,12:00.0,6,14:00,186
7792866317,U,OB,1,1,182,842167,53,30:00.0,4,19:00,422
7792866326,U,IB,1,1,230,123983,114,13:00.0,6,13:00,186
779286639X,U,OB,1,2,805,122243,89,04:00.0,5,23:00,218
7792866418,U,OB,1,1,274,140313,73,58:00.0,5,7:00,411
7792866546,U,CTY,1,1,385,125307,195,17:00.0,2,3:00,508
7792866546,U,CTY,1,1,385,125307,235,08:00.0,4,22:00,508
7792866674,U,OB,1,1,2746,125737,55,51:00.0,5,22:00,423
7792866784,U,OB,1,1,301,140313,73,08:00.0,5,7:00,411
7792866849,U,IB,1,3,2717,119354,113,06:00.0,7,15:00,682
7792867078,U,OB,1,1,360,140313,73,10:00.0,5,7:00,411
7792867325,U,IB,1,1,591,353244,149,08:00.0,1,11:00,381
7792867325,U,CTY,1,1,591,353244,238,39:00.0,3,22:00,381
7792867399,U,OB,1,2,3870,135155,53,16:00.0,5,8:00,432
7792867426,U,IB,1,2,4000,131177,117,25:00.0,2,11:00,805
7792867453,U,CTY,1,1,650,135455,169,36:00.0,4,21:00,808
7792867783,U,CTY,1,1,205,125307,195,45:00.0,2,4:00,508
7792868140,U,CTY,1,3,1524,290733,201,35:00.0,5,8:00,421
7792868140,U,OB,1,3,1524,290733,72,50:00.0,5,7:00,421
7792868398,U,CTY,1,2,802,252131,189,24:00.0,3,12:00,230
7792868434,U,OB,1,5,2095,127477,86,54:00.0,6,10:00,411
7792868618,U,IB,1,1,610,128663,104,35:00.0,5,7:00,245
7792869020,U,OB,1,1,155,123975,72,34:00.0,5,11:00,432
7792869406,U,IB,1,1,880,126259,113,36:00.0,6,3:00,213
7792869561,U,OB,1,1,240,830887,73,08:00.0,5,2:00,422
7792869763,U,CTY,1,1,90,140163,175,59:00.0,5,20:00,312
7792869891,U,OB,1,1,280,41204,66,54:00.0,3,9:00,490
7792870322,U,OB,1,1,300,131327,96,02:00.0,1,10:00,615
7792870369,U,OB,1,1,240,830887,73,22:00.0,5,1:00,422
7792870387,U,IB,1,1,452,530109,141,33:00.0,2,22:00,896
7792870423,U,CTY,1,1,507,128683,172,58:00.0,1,18:00,152
7792870708,U,OB,1,1,240,830887,73,17:00.0,5,1:00,422
7792870827,U,OB,1,5,5794,561048,50,51:00.0,4,18:00,422
779287112X,U,IB,1,1,420,127761,113,09:00.0,1,2:00,615
7792871258,U,OB,1,1,240,830887,73,02:00.0,5,1:00,422
7792871707,U,OB,1,1,240,830887,73,14:00.0,5,1:00,422
7792871716,U,OB,1,1,172,127603,96,01:00.0,6,4:00,218
7792872156,U,IB,1,1,470,131874,135,59:00.0,2,15:00,149
7792872486,U,IB,1,3,3250,121112,149,26:00.0,5,11:00,216
7792872486,U,IB,1,3,3250,121112,100,49:00.0,5,13:00,216
7792872504,U,IB,1,3,2350,126165,149,01:00.0,6,8:00,431
7792872540,U,OB,1,1,240,830887,73,06:00.0,5,2:00,422
7792872843,U,CTY,1,1,624,PASC634516,168,25:00.0,2,8:00,899
7792872843,U,CTY,1,1,624,PASC634516,187,21:00.0,3,0:00,899
7792872962,U,IB,1,1,718,HAEI23552,151,34:00.0,6,15:00,547
7792873090,U,OB,1,1,240,830887,73,15:00.0,5,1:00,422
7792873200,U,CTY,1,1,109,131879,176,48:00.0,6,22:00,857
7792873229,U,IB,1,2,1330,202228,123,48:00.0,6,22:00,890
7792873393,U,CTY,1,18,2800,131026,174,04:00.0,7,7:00,851
7792873458,U,OB,1,1,3600,842167,53,22:00.0,4,18:00,422
7792873521,U,IB,1,1,1225,127618,143,17:00.0,1,13:00,347
7792873631,U,OB,1,1,240,830887,73,12:00.0,5,1:00,422
7792873687,U,OB,1,1,149,140313,73,02:00.0,5,8:00,411
7792873788,U,IB,1,1,1745,202228,123,42:00.0,6,22:00,890
7792873833,U,OB,1,1,240,125737,55,28:00.0,5,21:00,423
7792874154,U,CTY,1,2,760,T730211733,174,20:00.0,7,5:00,396
7792874282,U,OB,1,1,540,430035,63,40:00.0,5,13:00,447
7792874612,U,OB,1,2,714,139951,50,54:00.0,5,22:00,730
7792874659,U,CTY,1,2,2832,PASC634534,197,14:00.0,1,10:00,309
7792875016,U,IB,1,1,360,134249,104,36:00.0,3,18:00,145
7792875016,U,CTY,1,1,360,134249,231,30:00.0,4,10:00,145
7792875061,U,IB,1,1,1710,137240,116,31:00.0,5,7:00,244
7792875272,U,CTY,1,1,900,140247,208,12:00.0,6,13:00,258
7792875346,U,CTY,1,1,500,134705,192,16:00.0,7,4:00,122
7792875438,U,OB,1,1,240,830887,73,06:00.0,5,1:00,422
7792875611,U,OB,1,3,3090,290333,48,46:00.0,6,1:00,740
7792875712,U,OB,1,3,1056,202465,78,19:00.0,4,7:00,145
7792875721,U,OB,1,2,455,136842,39,47:00.0,5,7:00,409
7792875768,U,IB,1,2,286,531239,116,52:00.0,5,16:00,216
7792875777,U,CTY,1,1,225,118350,172,14:00.0,3,19:00,783
7792875887,U,OB,1,1,1340,131282,48,18:00.0,4,2:00,423
7792875979,U,IB,1,1,230,530504,105,58:00.0,7,0:00,218
7792876125,U,OB,1,1,530,134699,58,29:00.0,6,2:00,740
7792876134,U,CTY,1,1,120,132816,197,59:00.0,6,0:00,155
7792876134,U,CTY,1,1,120,132816,233,42:00.0,6,19:00,155
7792876170,U,IB,1,1,58,290019,163,28:00.0,6,10:00,312
779287618X,U,OB,1,3,1032,202465,78,05:00.0,4,7:00,145
7792876262,U,IB,1,16,374,135818,163,14:00.0,3,19:00,875
7792876437,U,OB,1,1,240,830887,73,27:00.0,5,1:00,422
7792876482,U,IB,1,1,109,430675,103,44:00.0,5,9:00,447
7792876574,U,IB,1,1,225,133558,133,19:00.0,1,16:00,890
7792876574,U,CTY,1,1,225,133558,235,36:00.0,5,9:00,890
7792876821,U,CTY,1,1,515,132773,176,33:00.0,6,18:00,135
7792876895,U,OB,1,1,695,128543,52,50:00.0,5,7:00,421
7792877041,U,OB,1,8,1920,134832,89,55:00.0,5,12:00,435
7792877050,U,OB,1,8,1920,135155,53,15:00.0,5,9:00,432
7792877409,U,IB,1,1,10,132523,158,27:00.0,6,8:00,312
7792877454,U,OB,1,1,2925,430035,79,10:00.0,5,17:00,447
7792877454,U,OB,1,1,2925,430035,63,57:00.0,5,13:00,447
7792877894,U,OB,1,1,1364,128105,76,47:00.0,1,0:00,730
7792878141,U,IB,1,1,452,202228,123,08:00.0,7,0:00,890
7792878188,U,OB,1,1,240,830887,73,27:00.0,5,1:00,422
7792878471,U,OB,1,1,445,133858,90,17:00.0,5,2:00,348
7792878619,U,OB,1,2,3110,202759,84,48:00.0,5,12:00,202
7792878783,U,CTY,1,1,257,137665,189,26:00.0,5,14:00,304
7792878902,U,IB,1,1,2000,131177,117,25:00.0,2,11:00,809
7792878994,U,CTY,1,1,140,132935,174,35:00.0,2,22:00,641
7792879241,U,IB,1,1,135,129921,112,11:00.0,1,17:00,108
7792879297,U,CTY,1,3,732,124352,194,11:00.0,6,2:00,326
7792879443,U,OB,1,2,480,138834,14,57:00.0,7,1:00,473
7792879571,U,OB,1,1,510,00DOCK,1,11:00.0,4,18:00,422
7792879856,U,OB,1,1,492,137774,46,37:00.0,5,6:00,421
7792880067,U,OB,1,2,595,134483,66,24:00.0,6,7:00,423
7792880240,U,OB,1,2,278,842167,53,37:00.0,4,18:00,422
7792880341,U,IB,1,1,2170,131177,117,25:00.0,2,11:00,805
7792880543,U,OB,1,1,1410,281072,60,46:00.0,1,0:00,411
7792880644,U,IB,1,1,445,127618,143,16:00.0,1,14:00,347
7792880828,U,OB,1,1,137,530751,89,10:00.0,4,18:00,422
7792880938,U,OB,1,1,173,202759,84,02:00.0,5,13:00,202
7792880938,U,OB,1,1,173,202759,59,03:00.0,5,13:00,202
7792880983,U,CTY,1,2,2145,261307,196,19:00.0,6,4:00,315
7792881010,U,IB,1,1,650,137240,116,38:00.0,5,7:00,244
779288102X,U,CTY,1,1,75,HAEI25458,188,52:00.0,4,16:00,890
7792881176,U,CTY,1,1,580,138245,209,09:00.0,1,1:00,881
7792881176,U,CTY,1,1,580,138245,168,43:00.0,1,0:00,881
7792881551,U,OB,1,1,118,530751,89,07:00.0,4,18:00,422
7792881607,U,OB,1,1,284,127603,96,22:00.0,6,4:00,218
7792881616,U,CTY,1,2,1087,PASC533243,168,07:00.0,7,4:00,319
7792881616,U,IB,1,2,1087,PASC533243,166,10:00.0,7,4:00,319
7792881780,U,OB,1,3,2609,202759,84,06:00.0,5,13:00,202
7792881955,U,OB,1,1,227,530751,89,16:00.0,4,18:00,422
7792881982,U,OB,1,2,1485,135310,52,26:00.0,1,6:00,471
7792882000,U,IB,1,1,456,530504,105,41:00.0,7,0:00,218
7792882139,U,CTY,1,1,1620,128683,172,55:00.0,1,18:00,152
7792882303,U,OB,1,1,304,131282,48,30:00.0,4,1:00,423
7792882440,U,CTY,1,1,1210,211270,188,48:00.0,3,17:00,847
7792882532,U,OB,1,2,1007,130708,49,51:00.0,5,10:00,433
7792882550,U,OB,1,1,368,127603,96,47:00.0,6,3:00,218
7792882799,U,CTY,1,1,245,135463,188,05:00.0,1,15:00,347
7792882963,U,IB,1,1,491,135818,163,52:00.0,3,19:00,875
779288311X,U,CTY,1,1,653,291296,173,03:00.0,6,2:00,211
7792883129,U,OB,1,3,1825,R202507869,61,04:00.0,6,5:00,202
7792883320,U,OB,1,1,482,123544,46,03:00.0,5,10:00,644
7792883394,U,OB,1,1,250,133182,51,40:00.0,7,1:00,730
7792883531,U,OB,1,1,60,133182,51,34:00.0,7,1:00,730
7792883935,U,IB,1,1,465,135986,116,59:00.0,6,14:00,322
7792884119,U,IB,1,1,1456,530109,141,26:00.0,2,22:00,896
7792884458,U,OB,1,1,50,130708,49,13:00.0,5,12:00,433
7792885439,U,CTY,1,7,7259,133598,173,20:00.0,1,9:00,243
7792885439,U,CTY,1,7,7259,133598,186,45:00.0,1,12:00,243
7792885603,U,IB,1,1,316,135159,116,32:00.0,1,6:00,218
7792885603,U,OB,1,1,316,135159,88,10:00.0,1,10:00,218
7792885704,U,OB,1,1,457,136842,39,56:00.0,5,7:00,409
7792885814,U,CTY,1,1,325,123254,172,27:00.0,7,7:00,569
7792885832,U,OB,1,11,2640,830967,69,45:00.0,2,21:00,422
7792885951,U,OB,1,2,400,131208,55,48:00.0,6,20:00,432
7792886557,U,OB,1,1,254,125430,32,33:00.0,4,5:00,414
7792886979,U,OB,1,1,96,430035,63,51:00.0,5,13:00,447
7792887033,U,OB,1,1,120,131113,40,20:00.0,6,6:00,409
779288718X,U,OB,1,1,158,131282,48,04:00.0,4,2:00,423
7792887336,U,OB,1,1,1566,140313,73,27:00.0,5,7:00,411
7792887491,U,IB,1,1,241,131177,117,53:00.0,2,10:00,889
7792887639,U,OB,1,1,287,202759,84,09:00.0,5,13:00,202
7792887693,U,OB,1,1,385,530751,89,14:00.0,4,18:00,422
7792887812,U,IB,1,2,1734,128918,152,46:00.0,4,18:00,847
779288784X,U,IB,1,2,5120,131177,117,25:00.0,2,11:00,805
7792887996,U,CTY,1,1,224,125814,172,11:00.0,5,23:00,309
7792888005,U,CTY,1,1,270,279944,187,49:00.0,7,3:00,511
7792888088,U,OB,1,1,146,135846,75,48:00.0,6,6:00,348
7792888234,U,OB,1,2,380,135495,60,44:00.0,1,6:00,740
779288839X,U,OB,1,1,264,202759,84,08:00.0,5,13:00,202
7792888647,U,OB,1,1,450,136842,39,23:00.0,5,7:00,409
7792888757,U,IB,1,1,218,132669,164,08:00.0,3,14:00,889
7792888775,U,IB,1,2,999,128575,104,56:00.0,5,15:00,402
7792888912,U,OB,1,1,300,136842,39,15:00.0,5,7:00,409
7792888995,U,IB,1,1,1484,202456,111,44:00.0,2,14:00,642
7792888995,U,IB,1,1,1484,202456,105,17:00.0,2,14:00,642
7792889307,U,CTY,1,1,2112,117384,197,14:00.0,1,22:00,890
7792889480,U,IB,1,1,50,135636,116,19:00.0,2,8:00,433
7792889480,U,OB,1,1,50,140045,32,03:00.0,5,14:00,433
7792889536,U,CTY,1,1,800,136374,194,47:00.0,2,18:00,859
7792889637,U,OB,1,1,330,290733,72,26:00.0,5,6:00,421
7792889839,U,OB,1,1,487,136842,39,17:00.0,5,7:00,409
7792890131,U,IB,1,1,377,128150,135,32:00.0,2,21:00,145
7792890434,U,IB,1,3,1085,134549,104,21:00.0,7,16:00,
7792890452,U,OB,1,1,240,126487,17,22:00.0,6,6:00,435
779289048X,U,OB,1,1,210,135381,86,27:00.0,5,21:00,411
7792890526,U,IB,1,1,671,HAEI23552,151,37:00.0,6,15:00,547
7792890535,U,IB,1,1,115,136114,145,16:00.0,7,18:00,881
7792890975,U,OB,1,1,204,140370,63,33:00.0,6,1:00,455
7792891094,U,OB,1,1,130,135381,86,57:00.0,5,20:00,411
7792891121,U,OB,1,1,398,138271,49,58:00.0,5,16:00,409
7792891186,U,IB,1,1,355,132669,164,19:00.0,3,14:00,889
7792891323,U,OB,1,1,190,135381,86,20:00.0,5,21:00,411
7792891781,U,OB,1,2,512,530751,89,04:00.0,4,18:00,422
7792892001,U,OB,1,1,240,830887,73,24:00.0,5,1:00,422
7792892120,U,CTY,1,1,1000,137505,231,23:00.0,1,2:00,187
7792892120,U,CTY,1,1,1000,137505,192,59:00.0,7,0:00,187
7792892313,U,CTY,1,1,148,131160,189,39:00.0,6,4:00,309
7792892387,U,OB,1,1,240,830887,73,26:00.0,5,1:00,422
7792892396,U,CTY,1,3,4136,290332,192,41:00.0,7,12:00,889
7792892524,U,IB,1,1,625,132669,164,57:00.0,3,13:00,967
7792892560,U,OB,1,1,600,128105,76,38:00.0,7,22:00,714
7792892652,U,IB,1,1,140,127209,149,33:00.0,5,19:00,261
779289268X,U,OB,1,1,33,132856,18,34:00.0,6,17:00,415
7792892717,U,IB,1,1,2270,134111,141,19:00.0,4,16:00,805
7792892836,U,IB,1,1,296,202228,123,08:00.0,6,23:00,890
7792892991,U,OB,1,1,240,830887,73,07:00.0,5,2:00,422
7792893514,U,CTY,1,1,102,291296,173,25:00.0,6,0:00,232
7792893606,U,CTY,1,2,3031,252131,189,23:00.0,3,13:00,875
7792893633,U,OB,1,1,240,830887,73,23:00.0,5,1:00,422
7792893660,U,OB,1,1,99,138474,43,35:00.0,1,8:00,740
7792893826,U,OB,1,4,8120,138404,75,46:00.0,1,5:00,740
7792893918,U,CTY,1,2,265,132845,187,10:00.0,7,14:00,312
7792893936,U,OB,1,1,240,830887,73,19:00.0,5,1:00,422
7792894459,U,IB,1,1,538,135818,163,58:00.0,3,17:00,898
7792894715,U,OB,1,1,240,830887,73,25:00.0,5,1:00,422
7792895146,U,CTY,1,1,239,133770,195,10:00.0,5,15:00,898
7792895191,U,IB,1,3,1257,122636,163,01:00.0,2,12:00,149
7792895283,U,CTY,1,1,460,290114,169,25:00.0,1,11:00,881
7792895292,U,OB,1,1,620,310506,89,13:00.0,5,19:00,422
7792895310,U,OB,1,1,410,290937,14,17:00.0,7,13:00,525
7792895310,U,CTY,1,1,410,290937,235,37:00.0,5,9:00,525
7792895696,U,OB,1,4,4435,559146,40,47:00.0,5,20:00,422
7792895750,U,OB,1,1,240,830887,73,04:00.0,5,1:00,422
7792895961,U,CTY,1,1,700,117384,197,42:00.0,1,21:00,881
779289642X,U,OB,1,1,645,135146,67,19:00.0,7,18:00,730
7792897162,U,OB,1,1,495,138217,53,48:00.0,6,4:00,754
7792897685,U,IB,1,1,631,291203,133,42:00.0,2,2:00,819
7792897777,U,IB,1,2,458,122417,149,52:00.0,2,12:00,881
7792897887,U,IB,1,1,1025,126165,149,20:00.0,6,4:00,431
7792897896,U,IB,1,1,731,127524,157,25:00.0,1,9:00,861
7792897896,U,IB,1,1,731,127524,157,25:00.0,1,9:00,861
7792898051,U,IB,1,1,577,127524,157,56:00.0,1,9:00,861
7792898051,U,IB,1,1,577,127524,157,56:00.0,1,9:00,861
7792899198,U,CTY,1,1,42,279981,169,35:00.0,2,23:00,145
7792899353,U,CTY,1,1,56,133043,204,31:00.0,7,16:00,326
7792899353,U,IB,1,1,56,133043,149,51:00.0,6,19:00,326
7792901003,U,IB,1,5,4790,128388,151,47:00.0,3,17:00,642
7792901003,U,CTY,1,5,4790,128388,237,55:00.0,3,17:00,642
7792901131,U,IB,1,1,172,118561,158,57:00.0,7,0:00,213
7792901214,U,OB,1,4,4020,136896,89,30:00.0,7,19:00,730
7792901241,U,OB,1,2,670,830890,73,37:00.0,5,18:00,422
7792901470,U,IB,1,1,855,133121,143,45:00.0,7,15:00,111
7792901728,U,IB,1,2,1548,133225,129,33:00.0,7,3:00,211
7792901773,U,IB,1,1,20,125703,112,36:00.0,1,6:00,149
7792901883,U,OB,1,1,1750,138939,88,01:00.0,1,22:00,186
7792901883,U,OB,1,1,1750,138939,97,02:00.0,1,22:00,186
7792901883,U,OB,1,1,1750,138939,99,42:00.0,3,3:00,186
7792902002,U,IB,1,1,12,125703,112,36:00.0,1,6:00,149
7792903057,U,OB,1,1,365,124163,38,17:00.0,6,6:00,435
7792904047,U,IB,1,1,448,530159,105,29:00.0,7,7:00,433
7792904047,U,OB,1,1,448,530159,66,38:00.0,7,9:00,433
7792904047,U,OB,1,1,448,530159,68,30:00.0,7,7:00,433
7792904276,U,IB,1,3,1180,118561,158,09:00.0,7,0:00,213
7792904303,U,IB,1,1,165,280932,161,56:00.0,2,10:00,312
7792904303,U,CTY,1,1,165,280932,173,55:00.0,2,10:00,312
7792904312,U,IB,1,1,840,131800,105,34:00.0,2,18:00,187
7792904532,U,IB,1,1,600,131800,105,28:00.0,2,19:00,187
7792904633,U,CTY,1,3,7723,138066,189,24:00.0,3,5:00,504
7792905156,U,OB,1,1,85,291094,26,37:00.0,7,11:00,740
7792905522,U,OB,1,1,240,137803,48,20:00.0,7,2:00,433
7792905679,U,OB,1,1,915,119711,52,26:00.0,6,18:00,402
7792905697,U,OB,1,1,903,124263,50,53:00.0,7,1:00,433
7792905715,U,IB,1,3,1782,290005,152,08:00.0,4,12:00,875
7792905825,U,CTY,1,1,130,130521,168,26:00.0,5,19:00,841
779290588X,U,IB,1,1,5,132969,145,46:00.0,6,17:00,216
7792905962,U,OB,1,1,300,530429,43,36:00.0,5,21:00,422
7792906238,U,IB,1,1,910,430899,105,21:00.0,1,6:00,218
7792906301,U,OB,1,1,520,530429,43,01:00.0,5,21:00,422
7792906458,U,CTY,1,1,200,430973,172,54:00.0,6,18:00,324
7792906631,U,OB,1,1,295,135172,90,50:00.0,1,3:00,653
7792906696,U,IB,1,1,480,530429,165,11:00.0,5,18:00,422
7792906696,U,OB,1,1,480,530429,43,58:00.0,5,17:00,422
7792906696,U,IB,1,1,480,530429,165,44:00.0,5,22:00,422
7792906833,U,IB,1,1,460,311058,104,19:00.0,6,0:00,422
7792906898,U,OB,1,1,65,133457,58,35:00.0,6,10:00,433
7792907118,U,OB,1,1,480,530429,43,55:00.0,5,20:00,422
7792907145,U,IB,1,1,650,138654,125,15:00.0,1,8:00,857
7792907228,U,OB,1,1,200,830890,73,13:00.0,5,18:00,422
7792907255,U,OB,1,1,58,138774,73,00:00.0,6,5:00,421
7792907291,U,IB,1,1,775,311058,104,27:00.0,5,23:00,422
779290731X,U,OB,1,1,520,530429,43,16:00.0,5,18:00,422
7792907374,U,OB,1,4,2400,122929,26,52:00.0,6,12:00,685
7792907502,U,OB,1,1,295,530429,43,35:00.0,5,21:00,422
7792907603,U,IB,1,1,220,311058,104,22:00.0,6,0:00,422
7792907621,U,OB,1,1,310,530429,43,59:00.0,5,21:00,422
7792907630,U,IB,1,1,91,531285,164,05:00.0,7,8:00,218
7792907897,U,OB,1,1,305,530429,43,03:00.0,5,22:00,422
7792907989,U,CTY,1,1,475,CVEN44152,169,38:00.0,1,21:00,126
7792908043,U,IB,1,1,305,530429,121,42:00.0,5,21:00,422
7792908043,U,IB,1,1,305,530429,121,42:00.0,5,21:00,422
7792908245,U,CTY,1,2,80,280932,173,43:00.0,2,14:00,312
7792908290,U,OB,1,1,240,530429,43,24:00.0,5,21:00,422
7792908391,U,OB,1,2,1820,137897,86,11:00.0,6,19:00,447
7792908447,U,OB,1,1,300,530429,43,48:00.0,5,17:00,422
7792908822,U,OB,1,1,520,530429,43,21:00.0,5,18:00,422
7792909015,U,OB,1,1,205,530429,43,16:00.0,5,22:00,422
7792909354,U,OB,1,1,370,530429,43,25:00.0,5,18:00,422
7792909354,U,OB,1,1,370,530429,45,04:00.0,5,19:00,422
7792909547,U,OB,1,1,240,530429,43,24:00.0,5,22:00,422
7792909639,U,CTY,1,1,460,290603,195,20:00.0,6,17:00,555
7792909639,U,CTY,1,1,460,290603,235,04:00.0,3,0:00,555
7792909666,U,OB,1,1,210,530429,43,02:00.0,6,0:00,422
7792909812,U,CTY,1,1,250,290603,235,04:00.0,3,0:00,555
7792909812,U,CTY,1,1,250,290603,195,18:00.0,6,17:00,555
7792909895,U,OB,1,1,25,559146,40,23:00.0,5,20:00,422
7792909969,U,OB,1,2,1624,138939,88,45:00.0,1,22:00,186
7792909996,U,IB,1,1,200,131800,105,20:00.0,2,19:00,187
7792910023,U,OB,1,1,910,137897,86,15:00.0,6,19:00,447
7792910151,U,OB,1,1,230,530429,43,51:00.0,5,16:00,422
7792910252,U,OB,1,12,2880,130844,40,38:00.0,1,13:00,433
7792910299,U,OB,1,1,235,530429,43,00:00.0,6,0:00,422
7792910766,U,OB,1,2,440,123204,96,32:00.0,6,10:00,617
7792910968,U,OB,1,1,580,140025,73,43:00.0,6,17:00,348
779291105X,U,OB,1,1,587,841940,96,54:00.0,5,18:00,422
7792911078,U,OB,1,1,100,135306,18,03:00.0,7,11:00,423
7792911188,U,OB,1,1,2581,125342,32,57:00.0,6,10:00,415
7792911289,U,CTY,1,5,1100,PASC533243,168,43:00.0,7,5:00,309
7792911801,U,OB,1,1,365,129672,39,15:00.0,2,11:00,757
779291182X,U,OB,1,2,1372,136461,72,29:00.0,6,12:00,644
7792911866,U,OB,1,1,110,137432,17,23:00.0,7,8:00,754
7792911920,U,IB,1,1,983,530159,105,20:00.0,7,7:00,433
7792912003,U,IB,1,1,1945,134885,123,52:00.0,1,3:00,205
779291204X,U,IB,1,1,116,128283,151,21:00.0,1,3:00,216
7792912077,U,OB,1,2,1100,125328,32,49:00.0,7,20:00,465
779291226X,U,OB,1,1,177,128016,78,41:00.0,7,21:00,521
7792912407,U,OB,1,1,295,530159,36,07:00.0,7,8:00,433
7792912407,U,IB,1,1,295,530159,105,36:00.0,7,7:00,433
7792912517,U,IB,1,1,1886,134885,123,55:00.0,1,3:00,205
7792912636,U,IB,1,2,1185,132785,127,44:00.0,1,18:00,324
7792912993,U,OB,1,1,250,137865,76,41:00.0,6,7:00,447
7792913204,U,OB,1,1,293,128105,76,07:00.0,1,1:00,402
7792913433,U,IB,1,1,690,135629,149,52:00.0,7,14:00,251
7792913516,U,OB,1,1,550,291269,31,06:00.0,7,7:00,740
7792913561,U,IB,1,1,101,132785,127,37:00.0,1,18:00,324
7792913754,U,IB,1,1,1060,122636,163,37:00.0,2,11:00,149
7792913992,U,CTY,1,1,3038,133118,195,46:00.0,1,4:00,112
7792914057,U,CTY,1,1,350,136957,196,25:00.0,5,12:00,621
7792914111,U,OB,1,1,795,138592,58,53:00.0,7,8:00,435
7792914479,U,OB,1,1,138,310506,89,52:00.0,5,18:00,422
7792914533,U,IB,1,1,50,132785,127,41:00.0,1,16:00,312
7792914551,U,OB,1,1,60,291094,26,18:00.0,7,11:00,740
7792914946,U,OB,1,1,480,135306,18,21:00.0,7,10:00,423
7792915000,U,IB,1,1,1545,122636,163,37:00.0,2,11:00,149
7792915294,U,CTY,1,1,485,252131,189,28:00.0,3,14:00,471
7792915303,U,OB,1,4,2352,841940,96,02:00.0,5,19:00,422
779291545X,U,IB,1,1,300,126675,113,26:00.0,4,18:00,881
7792915588,U,OB,1,1,270,137276,38,19:00.0,7,19:00,409
7792915880,U,OB,1,1,230,138745,78,58:00.0,7,11:00,521
7792916037,U,OB,1,1,287,128105,76,17:00.0,7,22:00,726
7792916073,U,OB,1,1,316,138745,78,10:00.0,7,11:00,521
7792916138,U,OB,1,1,406,131685,51,51:00.0,7,21:00,402
7792916412,U,IB,1,1,334,134381,145,20:00.0,1,18:00,569
7792916430,U,OB,1,1,565,138890,49,23:00.0,6,16:00,730
7792916513,U,IB,1,2,990,140202,151,59:00.0,2,14:00,
7792916679,U,CTY,1,1,535,HAEI24595,173,46:00.0,7,13:00,548
7792916688,U,IB,1,1,420,132969,145,39:00.0,6,15:00,216
7792916715,U,OB,1,1,429,128105,76,01:00.0,1,1:00,402
7792916834,U,CTY,1,1,948,121910,188,59:00.0,2,19:00,347
7792917146,U,OB,1,4,5916,843236,76,25:00.0,5,21:00,422
7792917238,U,OB,1,4,5916,843236,76,15:00.0,5,21:00,422
779291754X,U,OB,1,1,717,136439,43,05:00.0,7,4:00,455
7792917568,U,OB,1,1,480,290937,14,04:00.0,7,11:00,525
7792917622,U,OB,1,1,332,310506,89,57:00.0,5,18:00,422
7792917678,U,OB,1,1,272,132610,31,49:00.0,5,17:00,423
7792917907,U,IB,1,1,560,136131,112,58:00.0,3,5:00,244
7792918356,U,IB,1,2,550,136131,112,49:00.0,3,4:00,244
7792918392,U,CTY,1,1,56,133770,195,01:00.0,5,15:00,885
7792918576,U,CTY,1,4,4599,129585,197,15:00.0,6,20:00,261
779291875X,U,IB,1,1,295,127618,143,06:00.0,1,11:00,347
7792918796,U,OB,1,1,300,124263,50,16:00.0,7,2:00,433
7792918879,U,OB,1,1,350,136439,43,00:00.0,7,7:00,455
7792918933,U,OB,1,1,360,140430,76,17:00.0,4,18:00,476
7792918942,U,OB,1,3,720,140430,76,48:00.0,4,19:00,476
779291908X,U,OB,1,1,280,132610,31,14:00.0,5,18:00,423
7792919180,U,IB,1,1,3676,137311,149,54:00.0,3,7:00,569
779291919X,U,IB,1,1,565,134249,104,19:00.0,3,18:00,145
7792919227,U,OB,1,2,480,138066,6,42:00.0,3,8:00,504
7792919272,U,OB,1,3,1425,126487,17,15:00.0,6,18:00,435
7792919364,U,OB,1,1,785,137865,76,35:00.0,6,7:00,447
7792919575,U,OB,1,3,2700,128874,17,09:00.0,1,13:00,433
7792919777,U,OB,1,1,625,133341,46,19:00.0,4,3:00,754
7792920327,U,OB,1,1,475,138890,49,20:00.0,6,16:00,730
7792920464,U,OB,1,1,568,136427,22,55:00.0,1,4:00,556
7792920978,U,IB,1,1,570,123869,133,27:00.0,6,10:00,244
7792921014,U,IB,1,1,300,133396,129,19:00.0,2,16:00,890
7792921243,U,CTY,1,2,1335,122852,194,10:00.0,6,21:00,653
7792921344,U,IB,1,1,485,290005,152,17:00.0,4,12:00,875
7792921463,U,OB,1,4,5200,135846,75,45:00.0,6,7:00,348
7792921591,U,IB,1,1,596,531285,164,19:00.0,7,11:00,218
7792921903,U,IB,1,1,114,121487,164,52:00.0,7,15:00,303
7792921977,U,OB,1,1,70,138649,84,18:00.0,1,21:00,411
7792922188,U,OB,1,1,380,135306,18,04:00.0,7,9:00,423
7792922399,U,IB,1,4,1775,126675,157,06:00.0,4,22:00,881
7792922399,U,IB,1,4,1775,126675,113,17:00.0,4,20:00,881
779292260X,U,OB,1,1,615,138774,73,57:00.0,6,3:00,421
7792922857,U,OB,1,2,360,136439,43,11:00.0,7,7:00,455
7792922911,U,OB,1,1,60,128105,76,15:00.0,7,22:00,714
7792923095,U,OB,1,1,160,530429,43,41:00.0,5,16:00,422
779292337X,U,OB,1,1,125,530429,43,33:00.0,5,16:00,422
7792923728,U,IB,1,3,1120,138055,145,22:00.0,7,14:00,898
7792923910,U,CTY,1,1,253,132845,187,57:00.0,7,10:00,272
779292403X,U,IB,1,1,300,123182,147,05:00.0,1,15:00,682
779292403X,U,IB,1,1,300,123182,151,30:00.0,1,13:00,682
7792924085,U,IB,1,2,2722,531285,164,11:00.0,7,8:00,218
7792924168,U,IB,1,1,252,139910,125,19:00.0,7,3:00,431
7792924222,U,OB,1,1,707,132845,51,06:00.0,4,20:00,432
7792924379,U,IB,1,1,1335,140093,143,21:00.0,1,18:00,381
7792924397,U,CTY,1,1,206,125422,211,25:00.0,2,3:00,186
7792924397,U,CTY,1,1,206,125422,211,24:00.0,2,3:00,186
7792924397,U,CTY,1,1,206,125422,211,24:00.0,2,3:00,186
7792924525,U,IB,1,1,201,134111,141,34:00.0,4,19:00,809
7792924552,U,OB,1,1,707,132845,51,15:00.0,4,20:00,432
7792924864,U,OB,1,1,707,119291,55,48:00.0,4,1:00,432
7792924873,U,IB,1,7,14135,133525,103,49:00.0,7,10:00,833
7792924992,U,CTY,1,1,1490,128048,192,51:00.0,7,22:00,261
7792925194,U,IB,1,1,292,123699,101,11:00.0,2,15:00,650
7792925221,U,OB,1,4,6205,431209,26,14:00.0,7,17:00,433
7792925259,U,IB,1,1,8,132785,127,25:00.0,1,16:00,312
779292535X,U,IB,1,1,810,123182,151,50:00.0,1,12:00,682
7792925625,U,OB,1,5,4530,291094,26,05:00.0,7,13:00,740
7792925818,U,OB,1,1,1287,124263,50,57:00.0,7,1:00,433
7792926285,U,OB,1,1,150,830890,48,42:00.0,3,19:00,422
7792926440,U,CTY,1,1,247,TNUE56177,188,40:00.0,1,5:00,223
7792926624,U,OB,1,2,236,131208,55,29:00.0,6,20:00,432
7792926660,U,CTY,1,1,260,211617,169,18:00.0,5,23:00,845
7792927046,U,IB,1,1,385,291219,105,34:00.0,4,4:00,213
7792927064,U,CTY,1,1,706,135534,188,45:00.0,6,7:00,272
7792927302,U,IB,1,2,2695,123837,104,19:00.0,7,7:00,432
7792927917,U,OB,1,1,400,138745,78,16:00.0,7,13:00,521
7792928063,U,CTY,1,1,700,134998,169,13:00.0,7,7:00,326
7792928119,U,OB,1,1,240,125328,32,21:00.0,7,20:00,510
7792928375,U,OB,1,1,380,134040,51,59:00.0,7,9:00,411
7792928530,U,CTY,1,1,480,TNUE56177,188,45:00.0,1,1:00,396
7792928687,U,OB,1,19,9873,841940,96,13:00.0,5,20:00,422
7792928779,U,OB,1,1,2080,131685,55,01:00.0,3,5:00,132
7792928851,U,IB,1,1,404,842100,112,20:00.0,5,20:00,422
7792929246,U,IB,1,6,120,290005,152,12:00.0,4,12:00,875
7792929374,U,IB,1,1,894,290868,143,44:00.0,3,20:00,847
7792929695,U,OB,1,1,804,123032,74,59:00.0,1,7:00,266
7792929695,U,OB,1,1,804,123032,89,50:00.0,1,15:00,266
7792929960,U,OB,1,1,352,129751,63,55:00.0,7,16:00,172
779293008X,U,OB,1,1,50,118588,96,33:00.0,7,8:00,433
7792930162,U,OB,1,1,1080,561048,26,54:00.0,5,22:00,422
779293019X,U,IB,1,1,75,132655,164,54:00.0,5,0:00,661
7792930501,U,CTY,1,1,1374,261383,187,28:00.0,6,21:00,431
7792930813,U,IB,1,1,395,122636,163,49:00.0,2,13:00,653
779293085X,U,OB,1,4,1039,133774,51,41:00.0,1,11:00,432
7792930896,U,IB,1,1,448,127618,143,01:00.0,1,11:00,347
7792931024,U,CTY,1,3,2518,126864,175,52:00.0,1,17:00,104
7792931024,U,OB,1,3,2518,126864,89,52:00.0,2,8:00,104
7792931309,U,OB,1,1,157,126500,58,28:00.0,1,7:00,447
7792931446,U,CTY,1,1,805,134998,169,25:00.0,7,6:00,326
7792931455,U,OB,1,1,1040,134124,39,51:00.0,4,9:00,864
7792931574,U,OB,1,1,356,140160,43,56:00.0,6,10:00,411
779293173X,U,OB,1,1,525,135306,18,12:00.0,7,10:00,423
7792931758,U,OB,1,1,987,119711,52,44:00.0,6,16:00,402
7792931868,U,IB,1,7,1759,125180,104,26:00.0,7,22:00,432
7792931940,U,OB,1,1,640,137603,39,31:00.0,7,21:00,411
7792931996,U,IB,1,1,244,134188,105,51:00.0,6,19:00,431
7792932252,U,OB,1,1,50,116768,46,21:00.0,7,3:00,455
7792932299,U,OB,1,1,1150,137865,76,47:00.0,6,6:00,447
7792932647,U,IB,1,1,525,140274,163,44:00.0,3,9:00,851
7792932849,U,OB,1,1,170,123032,74,44:00.0,1,5:00,266
7792933004,U,IB,1,1,688,290868,143,39:00.0,3,21:00,833
7792933069,U,CTY,1,5,7487,126138,169,34:00.0,7,16:00,394
7792933132,U,CTY,1,1,375,133819,231,13:00.0,2,7:00,757
7792933132,U,OB,1,1,375,133819,58,16:00.0,7,22:00,757
7792933206,U,IB,1,1,1425,131800,105,03:00.0,2,19:00,187
7792933307,U,OB,1,1,715,138474,43,22:00.0,1,3:00,740
7792933527,U,OB,1,2,375,133193,49,44:00.0,6,12:00,409
7792933536,U,OB,1,1,708,123032,74,04:00.0,1,8:00,266
7792933673,U,IB,1,1,151,134249,104,58:00.0,3,18:00,145
7792933738,U,IB,1,2,5120,137023,127,07:00.0,6,8:00,805
7792933958,U,IB,1,1,150,131786,133,13:00.0,7,6:00,244
7792933967,U,IB,1,1,418,138970,151,16:00.0,7,19:00,203
7792934003,U,CTY,1,3,2385,134998,169,36:00.0,7,7:00,326
7792934178,U,OB,1,1,348,561048,78,42:00.0,6,19:00,422
7792934315,U,IB,1,2,577,290005,152,03:00.0,4,15:00,875
7792934398,U,IB,1,1,576,530109,141,11:00.0,2,22:00,896
779293448X,U,OB,1,1,370,561048,78,18:00.0,6,19:00,422
7792934618,U,IB,1,1,135,125149,151,04:00.0,3,21:00,864
7792934719,U,OB,1,1,500,561048,78,21:00.0,6,19:00,422
7792934829,U,IB,1,1,950,R218192043,114,04:00.0,1,13:00,218
7792934901,U,CTY,1,1,250,127303,194,39:00.0,7,19:00,431
779293492X,U,OB,1,1,875,131151,58,31:00.0,1,12:00,432
7792934993,U,OB,1,1,475,561048,78,41:00.0,6,19:00,422
7792935058,U,CTY,1,1,473,134998,169,57:00.0,7,6:00,326
7792935058,U,CTY,1,1,473,134998,207,09:00.0,5,3:00,326
7792935240,U,OB,1,2,520,561048,78,35:00.0,6,19:00,422
7792935278,U,OB,1,2,2380,131151,58,25:00.0,1,13:00,432
7792935278,U,IB,1,2,2380,131151,137,04:00.0,1,15:00,432
7792935350,U,CTY,1,2,250,261315,174,29:00.0,3,13:00,303
7792935397,U,OB,1,3,910,561048,78,40:00.0,6,19:00,422
7792935608,U,CTY,1,5,1163,134998,169,19:00.0,7,7:00,326
7792935635,U,OB,1,1,58,129890,31,34:00.0,7,22:00,411
7792935882,U,IB,1,1,95,134249,104,02:00.0,3,18:00,145
7792936277,U,OB,1,2,147,132856,18,56:00.0,6,17:00,415
7792936441,U,IB,1,1,670,830887,113,08:00.0,5,21:00,422
7792936542,U,OB,1,2,590,561048,78,31:00.0,6,19:00,422
7792936735,U,OB,1,2,480,561048,78,38:00.0,6,19:00,422
7792936744,U,IB,1,2,592,136322,164,21:00.0,4,9:00,100
7792936780,U,OB,1,1,1262,137276,38,49:00.0,7,16:00,409
7792936809,U,IB,1,1,280,131800,105,53:00.0,2,16:00,187
779293690X,U,IB,1,1,4775,125180,104,49:00.0,7,21:00,432
7792936955,U,OB,1,1,437,137528,49,59:00.0,7,11:00,409
7792937047,U,OB,1,2,327,134218,31,46:00.0,3,14:00,522
7792937312,U,OB,1,2,1400,124272,73,47:00.0,3,21:00,402
7792937826,U,IB,1,8,2641,353244,149,02:00.0,1,11:00,326
779293800X,U,OB,1,1,1124,291269,20,04:00.0,1,16:00,740
779293800X,U,OB,1,1,1124,291269,31,48:00.0,7,6:00,740
7792938358,U,IB,1,2,117,PASC33311,145,40:00.0,4,14:00,899
7792938596,U,IB,1,1,450,127509,129,03:00.0,3,19:00,830
7792938697,U,IB,1,1,553,R218616870,103,14:00.0,4,1:00,218
7792938715,U,OB,1,4,485,132856,18,25:00.0,6,17:00,415
7792939265,U,OB,1,7,2975,131685,45,30:00.0,1,0:00,402
7792939274,U,OB,1,1,249,127011,38,31:00.0,6,18:00,455
7792939274,U,OB,1,1,249,127011,19,58:00.0,6,21:00,455
779293943X,U,IB,1,1,1501,128388,151,42:00.0,3,16:00,642
7792940109,U,IB,1,2,1300,135383,101,24:00.0,3,6:00,245
7792940172,U,OB,1,2,2900,126638,52,48:00.0,2,5:00,465
779294020X,U,CTY,1,1,250,290977,194,51:00.0,6,0:00,834
7792940237,U,OB,1,1,1624,124040,32,11:00.0,1,20:00,521
7792940255,U,CTY,1,2,3025,133123,215,01:00.0,5,3:00,881
7792940255,U,IB,1,2,3025,133123,151,40:00.0,4,12:00,881
7792940814,U,IB,1,1,248,133123,151,40:00.0,4,3:00,881
7792940906,U,IB,1,1,339,133123,151,37:00.0,4,3:00,881
7792941108,U,IB,1,1,1375,842167,101,55:00.0,7,6:00,447
7792941557,U,CTY,1,1,496,132215,174,15:00.0,4,16:00,642
7792941712,U,IB,1,1,91,131187,125,36:00.0,4,12:00,642
7792941804,U,OB,1,3,1455,127369,90,21:00.0,3,2:00,348
7792942309,U,CTY,1,3,740,133126,175,04:00.0,7,18:00,431
779294295X,U,OB,1,3,1020,129760,63,33:00.0,3,14:00,433
7792945443,U,IB,1,1,555,134958,149,17:00.0,1,14:00,326
7792946011,U,CTY,1,1,55,280932,187,20:00.0,3,0:00,312
7792946011,U,CTY,1,1,55,280932,173,59:00.0,2,10:00,312
779294658X,U,CTY,1,2,465,PASC634516,168,09:00.0,2,7:00,479
779294669X,U,IB,1,1,239,132665,135,08:00.0,1,10:00,381
779294669X,U,IB,1,1,239,132665,155,24:00.0,1,16:00,381
7792946754,U,IB,1,1,190,137311,149,10:00.0,3,9:00,569
7792946929,U,OB,1,1,200,530088,74,55:00.0,6,19:00,422
7792947010,U,OB,1,1,165,530088,74,47:00.0,6,19:00,422
7792947102,U,OB,1,1,375,530088,74,10:00.0,6,20:00,422
779294724X,U,OB,1,2,278,530088,74,24:00.0,6,20:00,422
7792947313,U,OB,1,1,342,290398,51,04:00.0,7,19:00,730
7792947369,U,OB,1,1,862,530088,74,50:00.0,6,19:00,422
7792947515,U,CTY,1,2,15,280932,173,34:00.0,2,14:00,312
779294757X,U,OB,1,2,760,530088,74,25:00.0,6,19:00,422
7792947643,U,OB,1,1,862,530088,74,51:00.0,6,19:00,422
7792947699,U,OB,1,1,355,530088,74,53:00.0,6,19:00,422
7792947753,U,OB,1,1,575,841925,48,34:00.0,2,16:00,422
7792948029,U,OB,1,1,1715,530088,74,16:00.0,6,20:00,422
7792948047,U,OB,1,7,7324,138404,75,22:00.0,1,7:00,740
7792948047,U,OB,1,7,7324,138404,60,12:00.0,1,11:00,740
7792948056,U,OB,1,2,480,138705,76,35:00.0,1,22:00,465
7792948359,U,CTY,1,1,3000,133160,188,58:00.0,4,11:00,375
7792948404,U,OB,1,2,480,38422,67,33:00.0,1,11:00,473
7792948431,U,OB,1,4,960,38422,67,32:00.0,1,11:00,455
7792948478,U,IB,1,1,268,126748,163,26:00.0,2,19:00,312
7792949486,U,OB,1,3,3700,132857,84,04:00.0,2,1:00,152
7792949540,U,OB,1,4,1092,128105,76,26:00.0,7,21:00,402
7792949641,U,IB,1,2,155,126748,163,26:00.0,2,21:00,312
7792950137,U,CTY,1,1,1250,137437,189,16:00.0,2,0:00,213
7792950229,U,IB,1,1,112,202445,150,34:00.0,7,18:00,421
7792950402,U,CTY,1,1,265,138251,197,59:00.0,5,11:00,132
7792950678,U,IB,1,1,435,353244,149,55:00.0,1,9:00,326
779295076X,U,IB,1,1,4,559143,163,40:00.0,1,6:00,216
7792951118,U,IB,1,1,12,559143,163,40:00.0,1,6:00,216
7792952099,U,IB,1,1,11,559143,163,40:00.0,1,6:00,216
7792952373,U,OB,1,1,1250,821190,31,12:00.0,6,21:00,422
7792952429,U,OB,1,1,228,133819,58,24:00.0,7,21:00,402
779295285X,U,OB,1,1,405,136663,32,19:00.0,1,9:00,740
7792952950,U,IB,1,1,167,122644,104,17:00.0,1,7:00,653
7792953089,U,IB,1,2,1330,130833,158,36:00.0,3,21:00,479
7792953098,U,OB,1,1,450,132233,88,54:00.0,1,6:00,315
7792953318,U,OB,1,1,235,830890,76,09:00.0,6,18:00,422
7792953877,U,OB,1,1,65,202627,75,58:00.0,5,3:00,682
7792954050,U,CTY,1,1,324,290301,194,54:00.0,2,6:00,382
7792954234,U,IB,1,1,760,125149,151,36:00.0,3,19:00,479
7792954739,U,CTY,1,3,413,133720,_UNK,45:00.0,2,22:00,183
7792954921,U,OB,1,1,260,89542,66,29:00.0,7,9:00,422
7792954921,U,OB,1,1,260,89542,31,04:00.0,6,22:00,422
7792955141,U,IB,1,1,750,R218192043,114,06:00.0,1,13:00,218
7792955197,U,OB,1,1,800,131495,14,18:00.0,7,18:00,644
7792955289,U,OB,1,1,300,128622,58,41:00.0,2,1:00,705
7792955563,U,IB,1,1,1426,140335,113,41:00.0,5,4:00,268
7792955619,U,IB,1,4,3127,127781,149,29:00.0,1,20:00,143
7792955673,U,OB,1,1,160,89542,31,56:00.0,6,21:00,422
7792955691,U,IB,1,3,6552,430285,127,08:00.0,2,10:00,683
7792955729,U,OB,1,1,790,138404,75,16:00.0,1,6:00,740
7792955801,U,IB,1,5,4845,291219,105,44:00.0,4,4:00,213
7792955810,U,OB,1,2,1834,79962,60,09:00.0,3,0:00,422
7792955949,U,CTY,1,1,510,TTMS750524,189,06:00.0,2,11:00,625
779295626X,U,IB,1,1,615,261258,152,20:00.0,5,10:00,898
7792956297,U,OB,1,1,150,131282,48,58:00.0,4,5:00,423
7792956342,U,OB,1,1,345,126500,58,04:00.0,1,7:00,447
7792956764,U,OB,1,1,1100,131824,51,19:00.0,1,7:00,740
7792956993,U,CTY,1,1,400,135097,233,56:00.0,4,20:00,258
7792956993,U,CTY,1,1,400,135097,192,55:00.0,4,20:00,258
779295703X,U,IB,1,3,576,353244,149,42:00.0,1,9:00,326
7792957130,U,IB,1,3,2240,132648,133,39:00.0,3,21:00,261
7792957231,U,IB,1,1,382,136131,112,20:00.0,3,7:00,244
7792957296,U,OB,1,1,220,133813,50,53:00.0,4,3:00,740
7792957442,U,CTY,1,3,2400,128129,169,35:00.0,4,7:00,250
7792957662,U,OB,1,1,225,137528,49,02:00.0,7,12:00,409
7792957680,U,IB,1,1,198,122376,149,49:00.0,4,15:00,153
779295780X,U,IB,1,2,4160,121293,105,55:00.0,7,12:00,216
779295780X,U,IB,1,2,4160,121293,165,35:00.0,1,12:00,216
7792958286,U,OB,1,1,468,820869,58,42:00.0,6,22:00,422
7792958497,U,IB,1,1,1044,290415,149,50:00.0,3,19:00,315
779295879X,U,OB,1,1,471,830887,72,08:00.0,6,21:00,422
7792958946,U,OB,1,1,650,137528,49,28:00.0,7,13:00,409
7792958991,U,OB,1,1,1908,131282,48,50:00.0,4,3:00,423
779295934X,U,OB,1,2,80,41204,66,41:00.0,3,10:00,754
7792959487,U,OB,1,4,4520,430035,47,14:00.0,6,21:00,422
7792959487,U,OB,1,4,4520,430035,47,14:00.0,6,21:00,422
7792959615,U,IB,1,3,710,R218192043,114,50:00.0,1,12:00,218
7792959660,U,CTY,1,1,919,249122,172,52:00.0,4,18:00,152
7792960073,U,OB,1,1,490,135259,24,04:00.0,2,10:00,518
7792960073,U,OB,1,1,490,135259,60,02:00.0,2,1:00,518
7792960138,U,IB,1,1,340,276875,164,40:00.0,1,3:00,355
779296033X,U,IB,1,1,2100,128743,127,56:00.0,5,6:00,149
7792960605,U,CTY,1,1,800,136740,188,27:00.0,5,22:00,807
7792960798,U,CTY,1,2,710,135434,194,36:00.0,4,8:00,289
7792960935,U,OB,1,1,862,129847,53,43:00.0,7,16:00,421
7792961072,U,IB,1,1,181,132665,135,53:00.0,1,9:00,381
7792961393,U,OB,1,1,318,136692,39,32:00.0,6,0:00,423
7792961512,U,IB,1,2,942,124029,113,23:00.0,4,4:00,289
7792961512,U,CTY,1,2,942,124029,231,20:00.0,5,21:00,289
7792961512,U,IB,1,2,942,124029,102,14:00.0,4,8:00,289
7792961669,U,OB,1,1,304,38422,67,17:00.0,1,7:00,455
7792961925,U,IB,1,2,1272,132665,135,40:00.0,1,10:00,381
7792962329,U,OB,1,1,350,128714,86,52:00.0,2,20:00,473
7792962475,U,CTY,1,3,2979,129508,195,46:00.0,3,21:00,479
779296253X,U,CTY,1,1,300,125588,168,54:00.0,1,21:00,152
7792962576,U,OB,1,1,321,830887,72,45:00.0,6,20:00,422
7792962686,U,OB,1,1,1770,132150,67,17:00.0,2,19:00,522
7792962832,U,OB,1,1,92,137528,49,18:00.0,7,11:00,409
7792962915,U,CTY,1,2,1623,125307,195,58:00.0,2,2:00,431
7792962942,U,OB,1,3,1585,135259,47,02:00.0,2,16:00,518
7792962942,U,OB,1,3,1585,135259,60,39:00.0,2,0:00,518
7792963227,U,OB,1,1,160,311349,5,49:00.0,4,14:00,422
7792963227,U,OB,1,1,160,311349,50,38:00.0,3,21:00,422
7792963382,U,OB,1,3,2988,135960,38,07:00.0,1,14:00,754
7792963510,U,IB,1,2,900,125149,151,41:00.0,3,19:00,479
7792963575,U,OB,1,1,155,311349,50,31:00.0,3,21:00,422
7792963575,U,OB,1,1,155,311349,5,49:00.0,4,14:00,422
7792963602,U,IB,1,7,3315,139908,164,47:00.0,4,2:00,431
7792963777,U,OB,1,1,110,311349,5,49:00.0,4,14:00,422
7792963777,U,OB,1,1,110,311349,50,49:00.0,3,21:00,422
7792963831,U,CTY,1,2,4920,128683,172,41:00.0,1,18:00,155
779296385X,U,CTY,1,4,7100,133598,173,43:00.0,1,7:00,857
779296385X,U,OB,1,4,7100,133598,89,50:00.0,1,15:00,857
7792964235,U,OB,1,1,1350,131824,51,52:00.0,1,7:00,740
7792964547,U,IB,1,3,875,125935,158,12:00.0,6,21:00,811
7792964666,U,IB,1,1,3851,125180,104,40:00.0,7,21:00,432
779296550X,U,OB,1,2,407,559443,96,16:00.0,7,15:00,218
7792965692,U,CTY,1,2,365,136624,168,58:00.0,4,6:00,261
7792965885,U,OB,1,1,128,131247,73,40:00.0,1,9:00,402
7792965959,U,IB,1,1,1000,132665,135,06:00.0,1,8:00,381
7792966004,U,IB,1,1,221,131800,105,08:00.0,2,18:00,187
779296605X,U,IB,1,1,216,390229,116,51:00.0,2,1:00,218
7792966343,U,OB,1,1,190,131247,73,47:00.0,1,9:00,402
7792966343,U,OB,1,1,190,131247,23,35:00.0,1,16:00,402
779296649X,U,OB,1,2,3045,291008,88,07:00.0,7,14:00,411
7792967232,U,IB,1,1,55,132836,113,09:00.0,2,19:00,615
7792967663,U,OB,1,1,295,126263,86,03:00.0,7,17:00,617
7792967681,U,IB,1,1,55,132836,113,34:00.0,2,19:00,615
7792967728,U,OB,1,1,449,129894,31,17:00.0,3,6:00,411
7792967746,U,IB,1,1,1025,123533,125,06:00.0,7,8:00,292
7792967791,U,OB,1,2,320,530088,74,23:00.0,6,20:00,422
7792968103,U,CTY,1,1,520,133770,195,06:00.0,5,14:00,875
7792968186,U,IB,1,1,240,127056,152,08:00.0,7,11:00,415
7792968204,U,CTY,1,1,235,132337,187,10:00.0,3,23:00,555
7792968442,U,IB,1,1,85,126748,163,11:00.0,2,20:00,312
7792968608,U,OB,1,3,4805,290218,46,23:00.0,1,23:00,616
7792968900,U,OB,1,1,935,131685,55,39:00.0,3,4:00,432
7792968974,U,OB,1,1,154,126783,48,06:00.0,7,13:00,411
7792969230,U,CTY,1,4,676,136178,188,14:00.0,5,22:00,875
7792969488,U,CTY,1,1,530,140202,209,25:00.0,2,21:00,890
7792969488,U,IB,1,1,530,140202,151,07:00.0,2,13:00,890
7792969524,U,OB,1,1,990,530088,74,59:00.0,6,19:00,422
7792970285,U,OB,1,3,2642,132518,63,43:00.0,7,8:00,202
779297056X,U,IB,1,1,261,132665,135,34:00.0,1,8:00,381
7792971019,U,CTY,1,9,2670,130521,168,17:00.0,5,19:00,841
7792971129,U,CTY,1,1,815,125588,168,07:00.0,1,21:00,152
7792971275,U,OB,1,2,1617,131151,58,44:00.0,1,13:00,432
7792972301,U,OB,1,1,175,41204,66,09:00.0,3,11:00,402
7792972339,U,IB,1,5,2130,126748,163,27:00.0,2,20:00,324
7792972530,U,OB,1,1,20,842872,72,35:00.0,6,19:00,422
7792972622,U,OB,1,1,648,38422,67,01:00.0,1,10:00,455
7792972705,U,OB,1,4,8000,830890,55,15:00.0,2,18:00,422
7792972860,U,OB,1,3,175,842872,72,53:00.0,6,19:00,422
7792973080,U,OB,1,1,30,842872,72,46:00.0,6,19:00,422
7792973163,U,IB,1,1,158,131786,133,45:00.0,7,6:00,244
7792973246,U,CTY,1,1,1850,133598,173,00:00.0,1,7:00,857
7792973347,U,OB,1,1,19,138404,75,16:00.0,1,6:00,740
7792973493,U,IB,1,2,567,249311,150,25:00.0,1,21:00,326
7792973520,U,OB,1,2,4000,133774,51,19:00.0,1,11:00,432
7792973612,U,IB,1,1,620,125024,164,39:00.0,6,2:00,881
7792974135,U,IB,1,1,130,135378,111,46:00.0,7,11:00,462
7792974456,U,OB,1,4,4045,132518,63,54:00.0,7,8:00,202
779297463X,U,OB,1,12,2390,135495,60,21:00.0,1,8:00,740
7792974658,U,OB,1,1,127,136855,73,28:00.0,4,6:00,433
7792974777,U,OB,1,1,110,132124,32,13:00.0,1,18:00,754
7792974932,U,IB,1,1,348,R218192043,114,51:00.0,1,9:00,218
7792975006,U,CTY,1,2,980,PASC634534,197,51:00.0,1,9:00,309
7792975116,U,OB,1,1,161,138404,75,52:00.0,1,5:00,740
7792975143,U,CTY,1,1,200,560856,O   ,40:00.0,7,13:00,422
7792975143,U,IB,1,1,200,560856,116,40:00.0,7,0:00,422
7792975208,U,OB,1,1,400,291008,47,43:00.0,7,12:00,411
7792975208,U,OB,1,1,400,291008,88,36:00.0,7,12:00,411
7792975318,U,IB,1,1,1190,135624,141,53:00.0,4,9:00,875
7792975803,U,IB,1,1,300,390229,116,17:00.0,2,2:00,218
7792976234,U,IB,1,1,3000,125186,101,37:00.0,4,13:00,178
7792976903,U,CTY,1,1,200,135500,169,54:00.0,7,20:00,455
7792977343,U,CTY,1,4,3440,135997,195,43:00.0,5,19:00,661
7792977700,U,IB,1,1,790,128283,151,17:00.0,1,4:00,216
7792977738,U,OB,1,1,1967,126500,58,25:00.0,1,7:00,447
7792977857,U,IB,1,1,180,137724,149,49:00.0,4,0:00,381
7792978461,U,OB,1,2,450,126263,86,48:00.0,7,16:00,617
7792978508,U,IB,1,1,400,135624,141,58:00.0,4,7:00,878
7792978517,U,CTY,1,1,75,280932,173,26:00.0,2,9:00,324
7792978663,U,IB,1,2,1072,138531,129,49:00.0,7,22:00,243
7792979195,U,CTY,1,1,273,290301,194,31:00.0,2,7:00,303
7792979213,U,IB,1,3,6105,134382,121,44:00.0,1,8:00,861
7792979213,U,IB,1,3,6105,134382,121,44:00.0,1,8:00,861
7792979534,U,CTY,1,2,1923,129962,172,04:00.0,4,14:00,873
7792979552,U,OB,1,1,1028,131824,51,54:00.0,1,7:00,740
7792979819,U,OB,1,1,448,830887,72,04:00.0,6,21:00,422
7792979965,U,IB,1,5,2080,136131,112,35:00.0,3,3:00,244
7792979965,U,IB,1,5,2080,136131,167,07:00.0,3,4:00,244
7792980158,U,OB,1,1,440,138404,75,18:00.0,1,6:00,740
7792980221,U,CTY,1,1,300,132414,174,35:00.0,4,22:00,813
7792980881,U,OB,1,1,210,132911,72,31:00.0,4,8:00,421
7792980982,U,OB,1,4,108,127948,31,59:00.0,1,3:00,521
7792981139,U,CTY,1,1,330,133626,192,53:00.0,6,18:00,145
7792981157,U,IB,1,2,1056,132359,127,56:00.0,3,4:00,100
7792981211,U,OB,1,1,362,830887,72,55:00.0,6,20:00,422
7792981258,U,CTY,1,1,320,139734,O   ,11:00.0,2,4:00,532
7792981258,U,CTY,1,1,320,139734,187,30:00.0,1,18:00,532
7792981633,U,CTY,1,1,1394,134505,180,03:00.0,2,23:00,232
7792981651,U,OB,1,1,224,125994,46,33:00.0,1,7:00,447
779298167X,U,OB,1,1,290,830887,72,01:00.0,6,21:00,422
7792981880,U,OB,1,1,286,820869,58,52:00.0,6,22:00,422
779298189X,U,CTY,1,1,165,136232,192,43:00.0,5,6:00,809
7792982091,U,OB,1,1,446,830887,72,14:00.0,6,21:00,422
7792982100,U,CTY,1,1,600,249345,197,19:00.0,7,20:00,122
7792982156,U,CTY,1,1,270,128578,195,23:00.0,6,13:00,152
7792982183,U,OB,1,1,443,830887,72,02:00.0,6,21:00,422
7792982239,U,OB,1,1,126,131372,46,29:00.0,6,22:00,402
7792982275,U,OB,1,1,200,00DOCK,54,26:00.0,3,21:00,422
7792982715,U,IB,1,1,1900,128530,129,33:00.0,4,8:00,246
7792983137,U,IB,1,1,315,138055,145,37:00.0,7,13:00,642
7792983339,U,OB,1,2,1870,558189,74,18:00.0,6,22:00,422
7792983411,U,OB,1,2,1530,558189,74,00:00.0,6,22:00,422
7792983696,U,OB,1,5,3553,530430,63,32:00.0,6,7:00,851
7792983889,U,CTY,1,2,8460,128414,187,23:00.0,6,11:00,647
7792984163,U,OB,1,1,1638,830890,55,38:00.0,2,18:00,422
7792984300,U,IB,1,1,150,140202,151,04:00.0,2,13:00,890
7792984630,U,OB,1,2,459,137153,17,45:00.0,5,14:00,522
779298574X,U,CTY,1,1,200,261151,186,02:00.0,1,11:00,842
7792985822,U,OB,1,2,1500,131247,73,49:00.0,1,8:00,402
7792985840,U,IB,1,4,1168,249347,152,26:00.0,5,14:00,881
7792985896,U,IB,1,4,1168,249347,152,17:00.0,5,15:00,881
7792986464,U,CTY,1,3,135,138152,174,38:00.0,2,0:00,809
779298673X,U,OB,1,4,8090,127404,53,56:00.0,4,12:00,433
7792986931,U,OB,1,1,600,137824,46,56:00.0,4,23:00,423
779298860X,U,IB,1,2,1680,136938,141,28:00.0,3,15:00,244
7792988857,U,OB,1,2,657,311349,79,03:00.0,3,0:00,422
7792988857,U,OB,1,2,657,311349,32,11:00.0,2,19:00,422
7792988866,U,OB,1,2,780,000OSD,1,24:00.0,3,13:00,422
7792988884,U,OB,1,1,255,311349,32,26:00.0,2,19:00,422
7792988893,U,OB,1,2,750,311349,32,42:00.0,2,18:00,422
7792988893,U,CTY,1,2,750,311349,P   ,41:00.0,3,4:00,422
7792988902,U,OB,1,2,590,311349,79,03:00.0,3,0:00,422
7792988902,U,OB,1,2,590,311349,32,16:00.0,2,19:00,422
7792988911,U,OB,1,3,850,311349,32,25:00.0,2,19:00,422
779298893X,U,OB,1,10,3345,311349,32,32:00.0,2,19:00,422
7792989847,U,IB,1,1,150,125186,101,36:00.0,4,13:00,158
7792990709,U,OB,1,1,600,131282,48,49:00.0,4,7:00,423
7792990929,U,IB,1,1,150,131621,143,33:00.0,6,16:00,830
7792991331,U,OB,1,1,146,125808,88,32:00.0,7,11:00,522
7792991506,U,IB,1,1,1200,127469,151,29:00.0,3,9:00,216
7792991607,U,OB,1,2,2750,130927,31,52:00.0,5,11:00,615
7792992038,U,IB,1,1,600,136702,103,54:00.0,5,6:00,511
7792992404,U,IB,1,4,896,138351,149,15:00.0,4,14:00,740
7792992422,U,IB,1,1,70,T402218929,145,35:00.0,5,13:00,312
7792992541,U,CTY,1,1,743,249122,172,46:00.0,4,18:00,158
7792992660,U,IB,1,1,294,121640,125,39:00.0,3,3:00,322
7792992725,U,IB,1,1,104,121640,125,37:00.0,3,3:00,322
7792992770,U,CTY,1,1,156,121144,194,20:00.0,6,12:00,324
779299289X,U,CTY,1,1,731,132666,197,44:00.0,5,22:00,152
7792992945,U,CTY,1,1,514,132065,187,05:00.0,4,16:00,312
7792993037,U,IB,1,2,36,124078,116,48:00.0,4,8:00,312
7792993210,U,IB,1,1,211,202245,117,27:00.0,6,16:00,266
7792993394,U,OB,1,1,485,133906,31,00:00.0,3,20:00,754
7792993430,U,CTY,1,3,3700,128578,195,58:00.0,6,11:00,152
7792993578,U,IB,1,1,101,121640,125,46:00.0,3,3:00,322
7792993578,U,IB,1,1,101,121640,153,57:00.0,3,4:00,322
7792994669,U,OB,1,1,1090,558937,88,36:00.0,3,22:00,246
779299476X,U,OB,1,1,775,134366,76,49:00.0,4,1:00,740
7792994934,U,OB,1,1,190,290180,49,43:00.0,3,0:00,432
7792995163,U,IB,1,1,154,136913,101,52:00.0,3,13:00,348
7792995190,U,CTY,1,1,38,128578,195,11:00.0,6,12:00,152
7792995291,U,OB,1,2,812,131282,48,45:00.0,4,5:00,423
7792995300,U,OB,1,1,936,841925,48,22:00.0,2,17:00,422
7792995365,U,OB,1,1,288,841925,48,12:00.0,2,17:00,422
7792995475,U,OB,1,1,460,841925,48,37:00.0,2,16:00,422
7792995567,U,CTY,1,1,431,128129,169,26:00.0,4,8:00,272
7792995594,U,IB,1,1,400,128743,127,48:00.0,5,6:00,616
7792995621,U,OB,1,1,905,841925,48,52:00.0,2,16:00,422
7792995621,U,IB,1,1,905,841925,107,05:00.0,3,0:00,422
7792995677,U,OB,1,1,990,841925,48,19:00.0,2,17:00,422
7792995769,U,OB,1,1,280,841925,79,04:00.0,3,0:00,422
7792995850,U,OB,1,1,230,841925,48,50:00.0,2,16:00,422
7792995960,U,OB,1,1,230,841925,48,01:00.0,2,17:00,422
7792996337,U,OB,1,1,2335,841925,48,17:00.0,2,17:00,422
7792996593,U,IB,1,1,240,136322,164,51:00.0,4,7:00,525
7792996611,U,CTY,1,3,465,132065,187,05:00.0,4,19:00,356
7792996712,U,IB,1,1,10,134122,151,22:00.0,6,9:00,555
7792996896,U,OB,1,1,362,131160,46,58:00.0,3,17:00,433
7792996905,U,OB,1,11,2640,126138,39,37:00.0,4,6:00,421
7792997033,U,OB,1,3,5550,135500,99,38:00.0,5,8:00,245
7792997033,U,OB,1,3,5550,135500,99,38:00.0,5,8:00,245
7792997170,U,IB,1,1,468,138518,103,38:00.0,3,15:00,216
7792997309,U,IB,1,1,400,125024,164,28:00.0,6,5:00,881
7792997345,U,OB,1,1,233,131160,46,48:00.0,3,17:00,433
7792997354,U,OB,1,1,310,130482,26,36:00.0,3,9:00,411
7792997592,U,IB,1,1,1351,126114,104,38:00.0,5,3:00,108
7792997657,U,OB,1,4,2030,116780,96,40:00.0,3,12:00,435
7792997785,U,OB,1,1,575,830890,55,19:00.0,2,18:00,422
7792997940,U,OB,1,2,570,558189,43,47:00.0,2,20:00,422
7792998243,U,OB,1,1,1325,132582,95,47:00.0,3,9:00,292
7792998427,U,OB,1,1,491,558189,43,02:00.0,2,21:00,422
7792998445,U,OB,1,2,680,123916,95,59:00.0,5,4:00,213
7792998472,U,IB,1,1,84,127469,151,08:00.0,3,10:00,216
7792998757,U,CTY,1,1,1524,125404,195,05:00.0,6,23:00,508
7792998757,U,CTY,1,1,1524,125404,210,25:00.0,1,19:00,508
7792998811,U,IB,1,1,1410,730114,119,05:00.0,3,0:00,422
7792998811,U,OB,1,1,1410,730114,73,55:00.0,2,18:00,422
7792998867,U,CTY,1,2,700,136280,197,40:00.0,4,9:00,375
7792998876,U,IB,1,1,25,124078,116,53:00.0,4,8:00,312
7792999188,U,IB,1,1,9,127469,151,18:00.0,3,10:00,216
7792999509,U,OB,1,12,420,559443,75,30:00.0,2,22:00,422
7792999527,U,CTY,1,4,4861,261097,O12 ,57:00.0,2,18:00,873
7792999527,U,IB,1,4,4861,261097,143,44:00.0,2,13:00,873
7792999527,U,CTY,1,4,4861,261097,A25 ,02:00.0,2,15:00,873
7792999563,U,IB,1,2,705,128743,127,10:00.0,5,8:00,616
7792999563,U,IB,1,2,705,128743,150,11:00.0,5,12:00,616
7792999590,U,OB,1,4,960,130515,40,29:00.0,3,22:00,480
7792999637,U,OB,1,1,1956,137824,46,16:00.0,5,2:00,423
7792999637,U,OB,1,1,1956,137824,44,17:00.0,5,2:00,423
7792999949,U,OB,1,2,480,530430,63,58:00.0,6,6:00,404
7793000095,U,OB,1,8,325,559443,75,29:00.0,2,22:00,422
7793000434,U,OB,1,3,1335,128853,26,44:00.0,4,6:00,455
7793000461,U,IB,1,1,950,140335,113,49:00.0,5,6:00,205
779300048X,U,CTY,1,1,848,119799,188,25:00.0,4,1:00,211
7793000508,U,IB,1,1,730,131389,103,18:00.0,4,4:00,187
7793000580,U,IB,1,1,935,126443,145,18:00.0,3,22:00,343
7793000580,U,OB,1,1,935,126443,80,20:00.0,3,22:00,343
7793000782,U,OB,1,1,480,134366,76,02:00.0,4,3:00,740
7793000957,U,IB,1,1,635,127469,151,42:00.0,3,12:00,216
779300103X,U,CTY,1,1,126,290757,197,41:00.0,7,4:00,186
7793001424,U,OB,1,2,5000,134366,76,31:00.0,4,1:00,740
779300158X,U,CTY,1,1,38,135212,175,11:00.0,1,4:00,551
7793001617,U,OB,1,1,985,119897,48,22:00.0,7,11:00,830
779300257X,U,OB,1,1,240,126495,53,10:00.0,3,8:00,421
779300290X,U,IB,1,1,538,137986,116,44:00.0,4,19:00,381
7793002937,U,IB,1,1,380,R218616870,103,24:00.0,4,0:00,218
7793003101,U,OB,1,1,175,117384,40,27:00.0,5,4:00,433
7793003166,U,IB,1,1,75,132678,141,58:00.0,6,13:00,312
779300323X,U,IB,1,1,592,137986,116,42:00.0,4,19:00,381
7793003267,U,OB,1,1,251,136623,69,43:00.0,7,1:00,471
7793003321,U,IB,1,2,765,R218616870,103,09:00.0,4,1:00,218
7793003651,U,IB,1,1,180,135907,113,22:00.0,5,20:00,614
7793003835,U,OB,1,1,240,130515,40,37:00.0,4,0:00,510
7793003862,U,OB,1,1,628,130827,69,15:00.0,4,20:00,650
7793003972,U,CTY,1,2,2824,128578,195,27:00.0,6,10:00,158
7793004091,U,OB,1,1,495,131685,55,04:00.0,3,4:00,432
7793004311,U,OB,1,1,276,136336,40,24:00.0,4,9:00,415
7793004367,U,IB,1,1,566,132488,145,58:00.0,5,19:00,251
7793004798,U,IB,1,1,450,290654,143,43:00.0,2,18:00,661
7793004798,U,CTY,1,1,450,290654,237,54:00.0,5,19:00,661
7793004798,U,CTY,1,1,450,290654,233,03:00.0,4,21:00,661
7793004962,U,OB,1,1,408,558189,43,08:00.0,2,21:00,422
7793005200,U,OB,1,2,130,131282,48,16:00.0,4,4:00,423
7793005339,U,IB,1,1,337,T402218929,145,06:00.0,5,15:00,315
7793005458,U,IB,1,3,5500,291219,105,06:00.0,4,3:00,213
7793005631,U,IB,1,1,600,132488,145,27:00.0,5,19:00,223
7793006740,U,CTY,1,1,257,125621,197,50:00.0,3,18:00,431
7793006960,U,OB,1,2,2084,130482,26,47:00.0,3,8:00,411
7793006989,U,IB,1,1,378,126785,131,33:00.0,4,13:00,211
7793007180,U,OB,1,2,1715,261071,86,30:00.0,4,12:00,435
779300719X,U,CTY,1,1,140,132065,187,18:00.0,4,16:00,356
7793007245,U,OB,1,1,213,122959,43,07:00.0,4,7:00,402
7793007319,U,CTY,1,1,395,126202,187,43:00.0,5,0:00,218
7793007557,U,CTY,1,2,853,136280,197,34:00.0,4,10:00,326
7793007566,U,CTY,1,1,148,133257,169,54:00.0,3,12:00,216
779300774X,U,OB,1,1,433,137153,17,19:00.0,5,14:00,522
7793007759,U,IB,1,1,560,134700,115,41:00.0,3,3:00,409
7793007759,U,IB,1,1,560,134700,115,41:00.0,3,3:00,409
7793007932,U,OB,1,1,240,130515,40,21:00.0,4,0:00,510
7793008143,U,OB,1,1,518,122959,43,30:00.0,4,6:00,402
7793008161,U,OB,1,1,275,131503,78,39:00.0,3,6:00,348
7793008381,U,OB,1,1,466,140430,76,08:00.0,4,20:00,480
7793008565,U,CTY,1,12,2300,127884,222,52:00.0,5,9:00,223
7793008565,U,CTY,1,12,2300,127884,172,04:00.0,4,22:00,223
7793008574,U,OB,1,1,1001,353223,32,09:00.0,2,21:00,422
7793008749,U,IB,1,1,2554,128092,133,26:00.0,7,8:00,805
7793008776,U,IB,1,3,1600,133915,117,05:00.0,3,3:00,322
779300884X,U,IB,1,1,375,249192,135,50:00.0,2,3:00,847
7793009270,U,CTY,1,2,680,136632,174,58:00.0,4,13:00,412
7793009481,U,OB,1,1,6,130827,69,43:00.0,4,18:00,149
7793009519,U,OB,1,1,550,131810,73,51:00.0,3,7:00,447
7793009573,U,OB,1,1,261,130515,40,52:00.0,3,22:00,455
7793009802,U,IB,1,1,570,136702,103,58:00.0,5,5:00,511
7793010132,U,OB,1,1,325,HAEI27814,73,40:00.0,5,18:00,532
7793010518,U,OB,1,1,6,130827,69,43:00.0,4,18:00,149
7793010839,U,IB,1,1,407,T402218929,145,00:00.0,5,15:00,312
7793010902,U,OB,1,1,120,136336,40,11:00.0,4,8:00,415
7793010994,U,OB,1,10,7130,137815,90,23:00.0,5,0:00,261
7793011077,U,OB,1,2,2000,128754,32,54:00.0,3,5:00,432
7793011425,U,OB,1,1,1226,133734,31,41:00.0,4,2:00,740
7793011618,U,CTY,1,1,140,127759,M14 ,08:00.0,3,3:00,202
7793011618,U,OB,1,1,140,127759,53,04:00.0,3,2:00,202
7793011773,U,IB,1,10,14425,T402218929,145,14:00.0,5,13:00,312
7793011847,U,CTY,1,1,425,136191,196,53:00.0,6,19:00,160
7793012094,U,OB,1,1,1020,261063,78,33:00.0,5,19:00,548
7793012965,U,OB,1,1,1504,132610,31,58:00.0,5,18:00,423
7793013259,U,OB,1,1,1100,90060,52,18:00.0,3,0:00,422
7793013313,U,OB,1,1,255,134612,49,27:00.0,3,15:00,411
7793013387,U,OB,1,1,100,127759,53,10:00.0,3,3:00,202
7793013396,U,CTY,1,2,668,560380,169,44:00.0,6,17:00,845
7793014202,U,OB,1,3,3208,127369,90,17:00.0,3,3:00,348
7793014440,U,OB,1,2,611,132857,84,56:00.0,1,23:00,132
7793014770,U,CTY,1,1,475,119799,188,16:00.0,4,0:00,232
7793014808,U,CTY,1,1,645,135097,192,37:00.0,4,19:00,289
7793014808,U,CTY,1,1,645,135097,233,38:00.0,4,19:00,289
7793014880,U,IB,1,1,1500,140335,113,58:00.0,5,2:00,205
7793015046,U,CTY,1,1,40,249122,172,17:00.0,4,19:00,155
7793015100,U,IB,1,1,1055,139908,164,31:00.0,4,0:00,547
7793015403,U,CTY,1,1,300,249243,195,31:00.0,4,22:00,152
7793015468,U,OB,1,4,1545,830887,53,16:00.0,3,20:00,422
7793015760,U,IB,1,2,1258,129565,149,21:00.0,4,22:00,347
7793015789,U,CTY,1,1,1118,127578,174,11:00.0,3,19:00,318
7793015861,U,IB,1,2,432,136940,111,49:00.0,4,18:00,303
7793016146,U,OB,1,1,292,127759,53,25:00.0,3,3:00,202
7793016247,U,IB,1,1,588,136322,164,59:00.0,4,6:00,431
7793016283,U,OB,1,1,210,127759,53,22:00.0,3,3:00,202
7793016301,U,IB,1,3,2178,129514,127,02:00.0,4,3:00,218
7793016687,U,IB,1,1,275,T402218929,145,38:00.0,5,10:00,272
7793016842,U,OB,1,1,525,131282,48,29:00.0,4,5:00,423
7793016898,U,IB,1,1,645,136322,164,05:00.0,4,7:00,431
7793017163,U,OB,1,2,3000,121875,51,21:00.0,3,20:00,433
7793017493,U,IB,1,1,50,124078,116,30:00.0,4,9:00,312
7793017612,U,OB,1,1,279,124272,73,33:00.0,3,17:00,402
7793017704,U,IB,1,2,750,133352,143,10:00.0,4,20:00,890
7793017832,U,IB,1,2,3900,122603,105,29:00.0,4,19:00,108
7793018135,U,CTY,1,1,200,132065,187,40:00.0,4,16:00,312
7793018337,U,OB,1,1,388,133813,50,23:00.0,4,1:00,740
779301863X,U,OB,1,1,232,137815,90,39:00.0,4,22:00,261
7793018914,U,CTY,1,1,140,121144,194,52:00.0,6,11:00,312
7793018914,U,CTY,1,1,140,121144,182,53:00.0,6,11:00,312
7793019051,U,IB,1,1,430,128150,135,28:00.0,2,20:00,145
7793019262,U,IB,1,1,120,281193,151,42:00.0,6,16:00,898
7793019363,U,IB,1,1,622,136913,101,59:00.0,3,12:00,348
7793019437,U,IB,1,1,210,129306,117,36:00.0,3,23:00,216
7793019978,U,IB,1,1,268,126114,104,27:00.0,5,1:00,108
779302039X,U,IB,1,1,348,134122,151,04:00.0,6,9:00,555
7793020582,U,IB,1,1,300,140415,163,57:00.0,4,18:00,890
7793020647,U,IB,1,2,434,135624,141,29:00.0,4,10:00,309
7793020647,U,CTY,1,2,434,135624,209,16:00.0,5,3:00,309
7793020820,U,OB,1,1,162,130827,69,50:00.0,4,19:00,671
7793020867,U,CTY,1,4,12800,122929,192,48:00.0,3,22:00,857
779302138X,U,IB,1,1,220,137724,149,35:00.0,4,0:00,381
7793021563,U,OB,1,1,146,134612,49,33:00.0,3,16:00,411
7793021673,U,OB,1,1,120,127209,69,23:00.0,3,6:00,421
7793021902,U,OB,1,1,188,134612,49,45:00.0,3,16:00,411
7793021911,U,OB,1,1,175,126495,53,25:00.0,3,6:00,421
7793022012,U,CTY,1,1,225,125243,194,29:00.0,7,5:00,650
7793022077,U,OB,1,1,797,821190,50,34:00.0,2,20:00,422
7793022169,U,IB,1,1,2372,124078,116,42:00.0,4,10:00,324
7793022223,U,CTY,1,1,1100,249345,197,16:00.0,7,20:00,122
7793022333,U,IB,1,3,1730,125101,163,16:00.0,4,22:00,261
7793022389,U,OB,1,1,198,134612,49,30:00.0,3,16:00,411
7793022800,U,IB,1,1,411,135615,104,19:00.0,4,5:00,243
779302281X,U,IB,1,1,303,278893,112,50:00.0,4,0:00,266
7793022883,U,CTY,1,1,270,135097,233,05:00.0,4,22:00,205
7793022883,U,CTY,1,1,270,135097,233,05:00.0,4,22:00,205
7793022883,U,CTY,1,1,270,135097,236,16:00.0,6,2:00,205
7793022939,U,IB,1,4,1460,132666,129,40:00.0,3,15:00,435
7793023020,U,CTY,1,2,155,123824,169,51:00.0,4,2:00,414
7793023388,U,IB,1,1,349,127898,141,15:00.0,4,14:00,111
7793023507,U,OB,1,1,395,41204,66,59:00.0,3,8:00,402
7793023543,U,OB,1,1,915,132582,95,55:00.0,3,9:00,292
7793023709,U,IB,1,1,146,140335,113,52:00.0,5,1:00,205
7793023772,U,OB,1,3,1869,558189,43,00:00.0,2,21:00,422
779302402X,U,IB,1,1,550,135689,101,13:00.0,6,1:00,216
7793024102,U,OB,1,1,153,134612,49,12:00.0,3,16:00,411
7793024387,U,IB,1,2,3480,118791,114,58:00.0,5,3:00,218
7793024405,U,CTY,1,1,698,133807,187,56:00.0,4,4:00,150
7793024405,U,CTY,1,1,698,133807,204,02:00.0,6,5:00,150
7793024670,U,IB,1,3,2434,137986,116,34:00.0,4,18:00,861
7793024735,U,OB,1,1,324,136514,78,39:00.0,3,14:00,653
7793024946,U,CTY,1,1,505,123824,169,35:00.0,4,0:00,402
7793025038,U,OB,1,1,92,124272,73,58:00.0,3,21:00,402
7793025312,U,CTY,1,1,936,HAEI25458,188,11:00.0,4,18:00,508
7793025689,U,IB,1,1,430,291281,137,16:00.0,3,16:00,304
7793025689,U,CTY,1,1,430,291281,197,42:00.0,3,15:00,304
7793025835,U,OB,1,1,260,127209,69,19:00.0,3,6:00,421
7793026367,U,OB,1,1,380,131282,48,12:00.0,4,3:00,423
7793026522,U,IB,1,1,519,125024,164,45:00.0,6,4:00,881
7793026733,U,CTY,1,1,430,261363,176,50:00.0,5,18:00,525
7793027027,U,IB,1,8,9450,124301,127,39:00.0,3,17:00,326
7793027054,U,CTY,1,4,1775,291281,197,50:00.0,3,14:00,304
7793027467,U,OB,1,6,1440,558827,63,07:00.0,7,16:00,432
7793027512,U,OB,1,1,146,136336,40,12:00.0,4,8:00,415
7793027723,U,IB,1,1,90,129565,149,20:00.0,4,23:00,347
7793028008,U,CTY,1,22,666,281193,213,42:00.0,5,4:00,875
7793028228,U,OB,1,1,500,830890,55,34:00.0,2,18:00,422
7793028356,U,IB,1,2,4416,530455,117,07:00.0,6,3:00,218
7793028448,U,CTY,1,1,1353,136191,196,06:00.0,6,21:00,198
7793028493,U,OB,1,2,900,120863,51,27:00.0,2,20:00,422
7793028567,U,IB,1,1,402,T402217695,125,55:00.0,6,12:00,292
7793029144,U,OB,1,2,768,279882,43,27:00.0,3,5:00,421
7793029400,U,CTY,1,1,120,128129,169,41:00.0,4,9:00,324
7793029932,U,IB,1,1,70,124078,116,23:00.0,4,9:00,312
7793030015,U,OB,1,1,275,558189,43,24:00.0,2,20:00,422
7793030015,U,OB,1,1,275,558189,29,34:00.0,2,20:00,422
7793030217,U,OB,1,1,333,558189,43,05:00.0,2,21:00,422
7793030244,U,CTY,1,1,245,119291,200,03:00.0,4,2:00,432
7793030244,U,CTY,1,1,245,119291,200,03:00.0,4,2:00,432
7793030859,U,IB,1,1,896,138351,149,05:00.0,4,9:00,740
7793031088,U,OB,1,2,2284,134984,26,41:00.0,5,12:00,714
7793031647,U,OB,1,1,176,211485,32,20:00.0,2,6:00,423
7793031775,U,CTY,1,1,730,127578,174,55:00.0,3,20:00,318
779303194X,U,CTY,1,5,85,202332,192,59:00.0,6,11:00,783
7793032031,U,OB,1,1,166,130515,40,16:00.0,4,1:00,473
7793032188,U,CTY,1,1,231,132065,187,43:00.0,4,18:00,324
7793032334,U,OB,1,1,390,133813,50,04:00.0,4,4:00,740
7793032453,U,IB,1,1,225,125024,164,16:00.0,6,4:00,881
7793032545,U,IB,1,1,359,PASC175379,151,36:00.0,2,17:00,658
7793033104,U,OB,1,1,1115,R42287955,75,51:00.0,4,19:00,447
7793033389,U,OB,1,1,200,128901,89,33:00.0,4,15:00,245
7793033452,U,IB,1,5,2162,126047,141,53:00.0,3,18:00,435
7793033663,U,OB,1,1,725,132236,25,01:00.0,4,12:00,447
7793033663,U,IB,1,1,725,132236,143,00:00.0,4,12:00,447
7793033672,U,CTY,1,1,146,136632,174,47:00.0,4,12:00,402
7793033865,U,CTY,1,3,2875,134590,189,52:00.0,7,12:00,873
7793034058,U,CTY,1,1,66,290757,197,22:00.0,7,1:00,145
779303425X,U,CTY,1,1,135,135923,233,54:00.0,3,14:00,809
779303425X,U,CTY,1,1,135,135923,235,15:00.0,4,21:00,809
7793034314,U,OB,1,1,245,128853,26,59:00.0,4,5:00,455
7793035881,U,CTY,1,2,1786,125432,188,20:00.0,6,14:00,881
7793035919,U,CTY,1,2,1108,132816,195,03:00.0,1,19:00,881
7793036038,U,CTY,1,1,1120,125432,188,48:00.0,6,14:00,881
7793036083,U,CTY,1,1,160,125432,188,50:00.0,6,14:00,881
779303623X,U,IB,1,1,699,131530,141,19:00.0,7,16:00,881
7793037019,U,OB,1,1,120,119743,95,34:00.0,6,12:00,402
7793037138,U,CTY,1,1,1800,138704,192,43:00.0,2,21:00,123
7793037596,U,CTY,1,2,3040,138999,187,39:00.0,5,10:00,309
7793037962,U,IB,1,1,90,121528,123,45:00.0,5,3:00,312
7793038063,U,IB,1,3,2042,128333,135,34:00.0,2,14:00,642
7793038072,U,OB,1,1,200,126165,69,34:00.0,4,8:00,432
7793038366,U,IB,1,1,7,T402218929,145,29:00.0,5,13:00,312
7793038402,U,CTY,1,1,100,128578,195,49:00.0,6,13:00,111
779303865X,U,OB,1,1,427,136336,40,58:00.0,4,7:00,415
7793038678,U,CTY,1,1,245,131810,175,39:00.0,3,9:00,132
7793038943,U,CTY,1,1,560,290757,197,57:00.0,7,4:00,100
7793039053,U,CTY,1,1,285,128414,187,25:00.0,6,12:00,695
7793039520,U,IB,1,1,20,127712,103,07:00.0,6,2:00,213
7793039594,U,OB,1,1,957,138491,50,48:00.0,5,4:00,740
7793039621,U,CTY,1,1,462,261151,186,56:00.0,1,10:00,841
779303975X,U,IB,1,1,579,125101,163,02:00.0,4,22:00,261
7793039814,U,OB,1,2,2100,261137,76,54:00.0,3,4:00,432
7793039832,U,IB,1,1,798,202451,164,27:00.0,5,17:00,569
7793039906,U,OB,1,1,142,136336,40,46:00.0,4,7:00,415
779304008X,U,IB,1,1,644,CVEN46003,105,50:00.0,6,0:00,135
7793040593,U,OB,1,1,50,127404,53,43:00.0,4,12:00,433
7793041060,U,CTY,1,1,510,138882,187,47:00.0,7,3:00,479
7793041116,U,IB,1,3,7286,202122,116,43:00.0,5,9:00,213
7793041309,U,OB,1,1,700,830890,49,28:00.0,5,19:00,422
7793041336,U,OB,1,2,960,128310,46,42:00.0,6,4:00,423
7793041610,U,OB,1,1,705,281163,52,39:00.0,5,10:00,644
7793041666,U,OB,1,2,1000,830890,49,46:00.0,5,19:00,422
779304184X,U,IB,1,1,113,125302,104,28:00.0,7,3:00,256
7793041895,U,IB,1,1,108,118791,114,50:00.0,5,3:00,218
7793041913,U,OB,1,10,7165,127404,53,39:00.0,4,10:00,433
7793041913,U,OB,1,10,7165,127404,15,40:00.0,4,10:00,433
7793041940,U,CTY,1,1,150,128414,187,02:00.0,6,13:00,695
7793042041,U,CTY,1,1,1500,138990,194,47:00.0,5,19:00,205
7793042079,U,OB,1,2,1010,431154,69,14:00.0,5,7:00,435
7793042106,U,CTY,1,1,32,136717,188,26:00.0,5,12:00,616
7793042115,U,OB,1,3,1700,830890,49,27:00.0,5,19:00,422
7793042124,U,OB,1,2,3123,123460,58,40:00.0,6,8:00,757
7793042198,U,OB,1,1,730,431154,69,56:00.0,5,6:00,435
7793042326,U,OB,1,1,318,311349,50,10:00.0,3,21:00,422
779304239X,U,OB,1,1,188,136336,40,45:00.0,4,7:00,415
7793042472,U,OB,1,1,585,134984,26,49:00.0,5,10:00,757
7793042600,U,CTY,1,1,335,126791,196,53:00.0,5,2:00,143
7793042600,U,CTY,1,1,335,126791,231,23:00.0,5,21:00,143
779304261X,U,CTY,1,13,5863,135923,173,30:00.0,1,9:00,889
7793042629,U,OB,1,1,1350,138491,50,45:00.0,5,4:00,740
7793042674,U,IB,1,1,300,125564,141,10:00.0,7,0:00,180
7793042739,U,IB,1,3,1776,125262,150,59:00.0,5,17:00,757
7793042885,U,OB,1,10,2400,R42287955,75,46:00.0,4,22:00,447
7793042986,U,CTY,1,1,801,136632,174,08:00.0,4,13:00,402
779304316X,U,CTY,1,1,257,125243,194,54:00.0,7,6:00,616
7793043197,U,OB,1,6,3405,123402,28,56:00.0,6,5:00,433
7793043197,U,OB,1,6,3405,123402,28,56:00.0,6,5:00,433
7793043233,U,IB,1,1,32,T402218929,145,12:00.0,5,14:00,312
7793043307,U,OB,1,1,1325,134662,84,57:00.0,5,7:00,462
7793043590,U,OB,1,1,878,202371,86,27:00.0,5,13:00,216
7793043637,U,CTY,1,1,513,128127,168,55:00.0,5,9:00,347
7793044241,U,IB,1,1,13,202385,105,18:00.0,4,16:00,216
7793044461,U,IB,1,1,620,132488,145,33:00.0,5,22:00,857
7793044571,U,IB,1,7,2940,126241,158,02:00.0,5,8:00,381
7793044901,U,IB,1,1,1805,125650,127,10:00.0,5,15:00,108
7793045103,U,CTY,1,1,1645,128414,187,12:00.0,6,12:00,616
7793045653,U,OB,1,1,240,138854,13,58:00.0,5,2:00,465
7793045653,U,OB,1,1,240,138854,13,58:00.0,5,2:00,465
7793045772,U,CTY,1,2,848,135923,173,43:00.0,1,8:00,813
7793045873,U,OB,1,3,820,130761,63,15:00.0,5,11:00,740
7793045882,U,CTY,1,2,1659,128784,197,14:00.0,5,8:00,135
7793046176,U,OB,1,3,4614,132642,50,24:00.0,4,10:00,432
7793046221,U,OB,1,3,705,261362,95,46:00.0,5,10:00,615
7793046304,U,IB,1,1,220,132488,145,03:00.0,5,22:00,857
779304635X,U,IB,1,1,681,132650,150,48:00.0,4,19:00,381
7793046479,U,IB,1,1,880,126241,158,22:00.0,5,7:00,381
7793046607,U,CTY,1,1,300,138882,187,29:00.0,7,4:00,479
7793046699,U,OB,1,1,576,558422,40,36:00.0,3,19:00,422
7793046717,U,IB,1,4,1200,138351,149,48:00.0,4,9:00,402
7793046919,U,OB,1,1,615,558422,40,09:00.0,3,19:00,422
7793046946,U,OB,1,8,1320,124274,96,22:00.0,6,15:00,615
7793046991,U,CTY,1,1,406,138999,187,31:00.0,5,9:00,394
7793047000,U,OB,1,1,288,558422,40,34:00.0,3,19:00,422
779304723X,U,OB,1,1,160,558422,28,12:00.0,4,0:00,422
779304723X,U,OB,1,1,160,558422,40,20:00.0,3,19:00,422
7793047312,U,CTY,1,1,700,135108,187,49:00.0,6,1:00,326
7793047312,U,CTY,1,1,700,135108,184,16:00.0,6,4:00,326
7793047312,U,CTY,1,1,700,135108,184,58:00.0,6,1:00,326
7793047321,U,CTY,1,1,1200,130450,196,07:00.0,5,20:00,223
7793047377,U,OB,1,1,1085,558422,40,15:00.0,3,19:00,422
7793047532,U,OB,1,1,960,558422,94,27:00.0,4,0:00,422
7793047532,U,OB,1,1,960,558422,40,12:00.0,3,19:00,422
7793047579,U,OB,1,4,960,127404,53,00:00.0,4,10:00,433
7793047651,U,OB,1,1,625,558422,40,04:00.0,3,19:00,422
7793047808,U,CTY,1,2,510,133013,176,44:00.0,5,21:00,261
779304789X,U,OB,1,1,525,558422,40,03:00.0,3,19:00,422
7793047990,U,CTY,1,1,141,558422,231,20:00.0,6,21:00,422
7793048201,U,OB,1,1,300,R42287955,75,21:00.0,4,16:00,447
7793048596,U,CTY,1,1,585,T730211733,174,08:00.0,7,7:00,336
7793048688,U,OB,1,1,337,559773,11,11:00.0,4,1:00,422
779304888X,U,OB,1,1,491,127653,55,36:00.0,4,8:00,644
7793048962,U,CTY,1,2,600,PASC175379,182,21:00.0,5,2:00,309
7793048962,U,CTY,1,2,600,PASC175379,182,21:00.0,5,2:00,309
7793049027,U,OB,1,1,345,136336,40,53:00.0,4,7:00,415
7793049384,U,IB,1,1,475,135689,101,44:00.0,6,3:00,216
7793049393,U,CTY,1,2,2580,128127,168,16:00.0,5,8:00,347
7793049521,U,OB,1,5,132,138226,74,59:00.0,4,3:00,411
7793049613,U,OB,1,1,410,290980,38,37:00.0,4,18:00,409
7793049723,U,OB,1,1,240,119291,55,13:00.0,4,3:00,432
7793049943,U,OB,1,1,102,261362,95,38:00.0,5,9:00,615
7793050008,U,IB,1,1,430,131591,129,50:00.0,7,9:00,891
7793050080,U,OB,1,1,2020,558981,51,15:00.0,4,4:00,409
7793050659,U,OB,1,3,2535,138710,58,42:00.0,4,4:00,433
7793050933,U,OB,1,3,785,132816,73,37:00.0,4,13:00,447
7793051180,U,IB,1,1,395,390234,104,30:00.0,4,16:00,411
7793051429,U,IB,1,1,96,390234,104,11:00.0,4,15:00,411
7793051620,U,IB,1,1,79,390234,104,08:00.0,4,16:00,411
7793051685,U,OB,1,1,255,129476,31,00:00.0,4,8:00,421
7793051896,U,CTY,1,1,1425,128578,195,33:00.0,6,10:00,143
7793052060,U,IB,1,1,152,390234,104,25:00.0,4,14:00,411
7793052244,U,IB,1,1,319,390234,104,03:00.0,4,16:00,411
7793052253,U,IB,1,2,988,126241,158,54:00.0,5,7:00,381
7793052262,U,CTY,1,2,6345,123740,194,37:00.0,5,11:00,326
7793052464,U,OB,1,1,400,136814,48,45:00.0,5,6:00,740
7793052491,U,OB,1,1,240,126138,39,17:00.0,4,5:00,421
7793052565,U,CTY,1,8,9850,133988,194,57:00.0,2,17:00,642
7793053014,U,IB,1,1,660,131703,123,57:00.0,4,14:00,303
7793053207,U,IB,1,1,470,132653,131,19:00.0,6,4:00,266
7793053582,U,IB,1,1,637,138149,103,40:00.0,4,14:00,202
7793053775,U,IB,1,1,110,202385,105,14:00.0,4,15:00,216
7793053849,U,IB,1,1,735,138149,103,41:00.0,4,14:00,202
7793054150,U,IB,1,1,434,138149,103,04:00.0,4,14:00,202
7793054224,U,CTY,1,1,701,136895,194,08:00.0,4,12:00,621
7793054581,U,OB,1,1,379,126323,72,03:00.0,4,19:00,455
7793054673,U,CTY,1,2,82,135534,188,40:00.0,6,6:00,312
7793054839,U,IB,1,1,360,121144,115,39:00.0,6,11:00,315
7793054839,U,CTY,1,1,360,121144,194,37:00.0,6,11:00,315
7793054911,U,IB,1,1,153,128799,116,44:00.0,6,3:00,123
7793055086,U,IB,1,1,310,T402218929,145,18:00.0,5,11:00,272
7793055957,U,IB,1,1,2995,137691,141,14:00.0,1,16:00,140
7793056085,U,IB,1,1,360,132488,145,31:00.0,5,21:00,261
7793056489,U,IB,1,7,7000,131874,141,12:00.0,5,16:00,244
7793056516,U,OB,1,1,126,126269,17,33:00.0,5,18:00,757
7793056745,U,OB,1,1,510,137153,17,37:00.0,5,14:00,521
7793056745,U,OB,1,1,510,137153,3,25:00.0,6,7:00,521
7793057075,U,OB,1,1,240,126323,72,10:00.0,4,18:00,473
7793057167,U,OB,1,5,2489,125808,88,17:00.0,7,12:00,522
779305724X,U,OB,1,1,100,138491,50,30:00.0,5,3:00,740
7793057661,U,OB,1,1,733,558422,40,13:00.0,3,19:00,422
7793057809,U,OB,1,11,2640,530430,63,32:00.0,6,11:00,429
7793058588,U,IB,1,2,5350,121153,105,33:00.0,4,8:00,292
7793058624,U,IB,1,2,2550,135278,163,57:00.0,1,7:00,335
7793058743,U,IB,1,4,2665,131703,123,23:00.0,4,15:00,303
7793058844,U,OB,1,6,1440,126138,39,08:00.0,4,5:00,421
7793058880,U,OB,1,1,565,261362,95,50:00.0,5,8:00,615
7793059623,U,CTY,1,1,125,138636,189,42:00.0,6,22:00,347
7793059870,U,OB,1,1,630,136336,40,02:00.0,4,9:00,415
7793060265,U,OB,1,2,542,559773,11,27:00.0,4,3:00,422
7793060339,U,OB,1,1,510,137153,17,40:00.0,5,14:00,521
7793060458,U,IB,1,1,129,132488,145,58:00.0,5,21:00,857
7793060577,U,IB,1,1,125,132942,127,10:00.0,6,0:00,890
7793060714,U,OB,1,2,791,132642,50,57:00.0,4,9:00,432
7793060779,U,OB,1,5,2385,137455,73,15:00.0,7,14:00,473
7793060851,U,OB,1,1,180,136336,40,01:00.0,4,10:00,415
7793060898,U,IB,1,1,2175,R218181347,131,23:00.0,5,19:00,218
7793060999,U,OB,1,2,721,559773,11,34:00.0,4,3:00,422
7793061219,U,OB,1,1,575,558422,40,31:00.0,3,19:00,422
7793061942,U,CTY,1,1,686,138999,187,25:00.0,5,11:00,309
7793062153,U,IB,1,1,735,139612,111,25:00.0,5,10:00,216
7793062245,U,IB,1,1,32,T402218929,145,32:00.0,5,13:00,312
7793062364,U,CTY,1,3,3652,261007,176,46:00.0,4,16:00,569
7793062795,U,CTY,1,3,4685,124080,189,20:00.0,2,20:00,642
7793063170,U,OB,1,2,1012,134428,14,06:00.0,1,4:00,522
779306329X,U,IB,1,1,342,290256,163,33:00.0,2,13:00,898
7793063336,U,OB,1,1,1453,136855,73,28:00.0,4,5:00,433
7793063922,U,IB,1,1,2500,560306,145,50:00.0,6,14:00,547
7793063940,U,OB,1,1,100,121910,78,41:00.0,5,6:00,348
7793063969,U,IB,1,1,284,559510,112,06:00.0,4,18:00,218
7793063987,U,OB,1,1,300,903894,66,25:00.0,4,10:00,348
7793064041,U,OB,1,1,525,261362,95,25:00.0,5,9:00,615
7793064537,U,OB,1,1,1550,139734,31,37:00.0,5,6:00,433
7793065013,U,OB,1,2,800,129190,86,56:00.0,5,6:00,243
7793065316,U,OB,1,1,635,261362,95,49:00.0,5,8:00,615
7793065417,U,IB,1,1,2000,125101,163,20:00.0,4,22:00,261
7793065518,U,IB,1,1,368,202385,105,16:00.0,4,15:00,216
7793066077,U,CTY,1,2,615,128127,168,51:00.0,5,9:00,347
7793066205,U,OB,1,1,140,136623,69,51:00.0,6,22:00,471
7793066205,U,OB,1,1,140,136623,69,40:00.0,6,22:00,471
779306626X,U,OB,1,1,310,558981,51,27:00.0,4,3:00,409
7793066407,U,IB,1,1,226,138149,103,07:00.0,4,14:00,202
7793066452,U,CTY,1,1,244,290757,197,11:00.0,7,5:00,100
7793066517,U,IB,1,1,11,T402218929,145,29:00.0,5,13:00,312
7793066553,U,OB,1,1,522,202627,75,30:00.0,5,3:00,682
7793066562,U,IB,1,1,390,138149,103,47:00.0,4,13:00,202
7793066681,U,OB,1,1,385,123916,95,09:00.0,5,3:00,213
7793066755,U,OB,1,1,350,121942,50,23:00.0,6,17:00,754
7793067231,U,OB,1,1,188,280932,67,23:00.0,5,6:00,432
7793067397,U,CTY,1,1,160,261151,186,48:00.0,1,10:00,878
7793067406,U,IB,1,1,369,119379,117,48:00.0,5,17:00,616
7793067415,U,IB,1,1,235,261362,108,43:00.0,5,10:00,615
7793067415,U,IB,1,1,235,261362,108,43:00.0,5,10:00,615
7793067415,U,IB,1,1,235,261362,108,14:00.0,5,15:00,615
7793067442,U,CTY,1,3,808,PASC175379,188,07:00.0,5,9:00,309
7793067617,U,CTY,1,1,140,132787,188,33:00.0,5,10:00,899
7793067709,U,OB,1,1,335,136855,73,24:00.0,4,5:00,433
7793067772,U,OB,1,1,720,842193,74,49:00.0,3,22:00,422
7793067983,U,CTY,1,1,150,130546,187,24:00.0,2,3:00,830
7793068194,U,OB,1,1,254,261362,95,43:00.0,5,9:00,615
7793068304,U,OB,1,1,75,126586,39,46:00.0,6,15:00,411
7793068506,U,IB,1,2,90,T402218929,145,29:00.0,5,13:00,312
7793068560,U,CTY,1,1,1367,129553,168,21:00.0,2,16:00,813
7793068818,U,OB,1,1,91,138491,50,51:00.0,5,6:00,740
7793068863,U,CTY,1,1,1250,HAEI23255,175,03:00.0,7,17:00,813
7793069000,U,OB,1,1,160,903894,66,45:00.0,4,10:00,348
7793069166,U,OB,1,1,875,202347,60,34:00.0,4,15:00,402
7793069440,U,IB,1,12,4337,132863,113,02:00.0,7,14:00,511
7793069550,U,OB,1,2,1635,125808,88,45:00.0,7,11:00,521
7793069606,U,IB,1,4,4452,139690,114,37:00.0,1,11:00,198
779306967X,U,CTY,1,1,393,138108,194,43:00.0,5,16:00,343
7793069981,U,OB,1,1,245,126454,17,49:00.0,4,13:00,447
7793070183,U,IB,1,1,615,123514,145,38:00.0,5,6:00,326
7793070275,U,OB,1,2,950,135973,95,04:00.0,7,4:00,108
7793070358,U,IB,1,1,565,133387,149,29:00.0,5,19:00,315
7793070587,U,CTY,1,1,499,291263,196,20:00.0,6,6:00,851
7793070596,U,IB,1,1,75,T402218929,145,25:00.0,5,13:00,312
7793070679,U,OB,1,18,7802,559773,11,56:00.0,4,0:00,422
7793070751,U,OB,1,1,650,134163,40,52:00.0,5,7:00,447
7793070760,U,OB,1,1,150,129190,86,45:00.0,5,6:00,243
7793070789,U,IB,1,1,55,T402218929,145,36:00.0,5,13:00,312
7793070944,U,IB,1,3,3766,559510,112,37:00.0,4,20:00,218
7793071009,U,OB,1,1,250,136814,48,46:00.0,5,8:00,740
779307110X,U,IB,1,1,850,279969,141,30:00.0,1,5:00,205
7793071366,U,OB,1,3,810,132845,51,25:00.0,4,19:00,432
7793071530,U,OB,1,1,840,280932,67,42:00.0,5,10:00,432
7793071916,U,CTY,1,1,233,138999,187,20:00.0,5,9:00,313
7793072035,U,OB,1,6,6890,139734,31,56:00.0,5,7:00,433
779307231X,U,OB,1,1,156,136814,48,31:00.0,5,8:00,740
7793072401,U,IB,1,1,145,136012,163,55:00.0,3,8:00,875
7793072484,U,OB,1,1,200,136814,48,25:00.0,5,6:00,740
7793072823,U,IB,1,2,5320,136758,113,40:00.0,6,0:00,292
7793073034,U,OB,1,2,2111,134295,63,26:00.0,5,5:00,409
7793073144,U,CTY,1,1,100,138990,194,15:00.0,5,20:00,205
7793073218,U,IB,1,1,225,211402,114,51:00.0,2,0:00,783
779307341X,U,OB,1,1,376,125279,52,37:00.0,6,13:00,521
7793073456,U,OB,1,1,153,138491,50,53:00.0,5,6:00,740
7793073510,U,IB,1,1,80,390234,104,03:00.0,4,13:00,411
7793073539,U,CTY,1,1,345,125243,194,30:00.0,7,8:00,616
7793073620,U,OB,1,1,250,558981,51,59:00.0,4,1:00,409
7793073777,U,CTY,1,1,452,135108,187,51:00.0,6,0:00,375
7793073777,U,IB,1,1,452,135108,162,16:00.0,6,1:00,375
7793073831,U,IB,1,1,80,390234,104,09:00.0,4,13:00,411
7793073932,U,IB,1,2,3306,R6213954,135,31:00.0,3,7:00,243
7793073997,U,IB,1,2,2336,135252,133,23:00.0,5,18:00,861
779307407X,U,OB,1,1,71,138491,50,56:00.0,5,6:00,740
779307418X,U,IB,1,1,250,530455,117,16:00.0,6,3:00,218
7793074235,U,IB,1,1,513,261280,127,57:00.0,5,18:00,145
7793074244,U,CTY,1,2,360,136632,174,33:00.0,4,13:00,402
7793074446,U,OB,1,1,620,559773,11,20:00.0,4,3:00,422
7793074657,U,OB,1,3,6055,132021,17,18:00.0,6,21:00,402
7793074812,U,OB,1,1,200,558189,58,45:00.0,4,20:00,422
7793074859,U,IB,1,1,150,126715,131,51:00.0,7,5:00,213
7793074940,U,OB,1,1,50,136855,73,28:00.0,4,7:00,433
7793075005,U,OB,1,1,250,125891,51,28:00.0,6,3:00,521
7793075115,U,OB,1,1,475,559773,11,56:00.0,4,1:00,422
7793075189,U,OB,1,1,50,127404,53,46:00.0,4,12:00,433
779307528X,U,OB,1,2,343,134984,26,11:00.0,5,14:00,402
7793075308,U,OB,1,6,9530,127841,55,14:00.0,7,9:00,671
7793075766,U,CTY,1,1,355,138853,231,02:00.0,2,15:00,525
7793075766,U,CTY,1,1,355,138853,194,01:00.0,1,4:00,525
7793075876,U,IB,1,1,500,125262,150,42:00.0,5,16:00,757
7793075995,U,CTY,1,2,906,138867,196,44:00.0,6,13:00,132
7793077205,U,IB,1,1,1034,131530,141,24:00.0,7,16:00,881
7793077636,U,CTY,1,1,320,HAEI23255,176,44:00.0,7,19:00,841
7793077636,U,CTY,1,1,320,HAEI23255,176,44:00.0,7,19:00,841
7793077984,U,OB,1,1,582,126323,72,16:00.0,4,19:00,455
7793078296,U,IB,1,1,170,131530,141,15:00.0,7,16:00,881
7793078424,U,IB,1,1,244,131487,163,27:00.0,7,3:00,819
7793079259,U,IB,1,2,115,T402218929,145,39:00.0,5,13:00,312
7793079479,U,IB,1,1,300,202451,164,23:00.0,5,17:00,569
7793079589,U,OB,1,1,280,138491,50,03:00.0,5,7:00,740
7793079955,U,OB,1,1,358,126323,72,08:00.0,4,19:00,455
7793079964,U,CTY,1,1,170,137082,174,38:00.0,5,3:00,896
7793079982,U,OB,1,1,372,131649,38,13:00.0,6,8:00,740
7793080029,U,OB,1,10,13680,139546,49,01:00.0,5,16:00,557
7793080056,U,OB,1,1,861,131649,38,17:00.0,6,6:00,740
7793080110,U,OB,1,1,470,123734,46,17:00.0,5,11:00,431
7793080139,U,OB,1,1,400,559259,84,56:00.0,7,16:00,616
7793080148,U,OB,1,2,580,136692,39,43:00.0,6,0:00,423
7793080211,U,CTY,1,1,200,249174,197,43:00.0,6,18:00,682
779308034X,U,CTY,1,1,365,132574,173,46:00.0,3,21:00,847
7793080359,U,OB,1,1,125,830890,49,25:00.0,5,18:00,422
7793080624,U,IB,1,1,122,134599,127,29:00.0,1,7:00,347
7793080633,U,CTY,1,1,1000,249345,197,18:00.0,7,20:00,122
7793080660,U,CTY,1,1,635,129553,168,09:00.0,2,16:00,813
7793081183,U,OB,1,1,1100,126438,39,46:00.0,5,3:00,421
7793081349,U,CTY,1,2,1587,133233,174,20:00.0,1,3:00,881
7793081531,U,OB,1,2,2704,124248,32,41:00.0,6,6:00,435
7793081825,U,CTY,1,1,1131,133233,174,27:00.0,1,3:00,881
7793081926,U,CTY,1,1,381,133233,174,38:00.0,1,5:00,881
7793082182,U,CTY,1,4,2015,134070,172,03:00.0,3,14:00,881
7793082714,U,IB,1,1,430,136012,163,35:00.0,3,13:00,875
7793082889,U,OB,1,2,1270,139461,86,22:00.0,3,19:00,402
7793083071,U,CTY,1,1,112,133233,174,58:00.0,1,3:00,881
7793083823,U,CTY,1,2,1680,135957,169,17:00.0,7,16:00,244
7793083933,U,CTY,1,1,2775,137791,169,10:00.0,2,8:00,878
7793084227,U,OB,1,5,163,131649,38,48:00.0,6,7:00,740
7793084492,U,CTY,1,2,105,131925,187,15:00.0,3,10:00,875
7793084566,U,OB,1,4,2595,132275,96,53:00.0,5,18:00,246
7793084914,U,CTY,1,1,230,138853,194,18:00.0,1,3:00,525
7793084914,U,OB,1,1,230,138853,44,34:00.0,1,3:00,525
7793085208,U,CTY,1,1,950,130546,187,00:00.0,2,4:00,830
7793086977,U,CTY,1,1,1438,125108,173,28:00.0,1,3:00,152
7793087031,U,CTY,1,1,466,119743,231,10:00.0,6,19:00,757
7793087031,U,OB,1,1,466,119743,95,03:00.0,6,13:00,757
7793087069,U,IB,1,7,7780,135956,163,59:00.0,5,14:00,318
7793087150,U,OB,1,1,695,121201,22,07:00.0,1,4:00,423
779308738X,U,CTY,1,1,85,135747,197,30:00.0,7,13:00,312
7793087747,U,IB,1,1,730,125564,141,45:00.0,7,0:00,123
779308793X,U,IB,1,1,1350,137494,141,40:00.0,3,10:00,881
7793087949,U,OB,1,1,250,139881,88,20:00.0,6,13:00,617
7793087958,U,CTY,1,1,55,135708,169,30:00.0,6,6:00,312
7793088425,U,OB,1,1,300,118255,76,05:00.0,5,16:00,432
7793088672,U,OB,1,2,4930,430917,89,47:00.0,2,7:00,218
7793088737,U,IB,1,1,312,128156,133,24:00.0,5,4:00,245
7793088993,U,CTY,1,3,910,202076,189,50:00.0,1,15:00,232
7793089011,U,OB,1,1,1400,281163,52,39:00.0,5,9:00,644
7793089186,U,OB,1,1,780,842167,40,00:00.0,4,19:00,422
7793089305,U,OB,1,1,315,842167,40,08:00.0,4,19:00,422
7793089397,U,OB,1,1,245,842167,40,27:00.0,4,19:00,422
7793089442,U,OB,1,1,245,842167,40,56:00.0,4,18:00,422
7793089570,U,OB,1,1,220,842167,40,11:00.0,4,19:00,422
7793089718,U,CTY,1,1,345,202072,187,52:00.0,6,15:00,381
7793089882,U,OB,1,12,540,124248,32,36:00.0,6,6:00,435
7793089929,U,OB,1,1,90,122423,14,04:00.0,6,2:00,754
7793090212,U,CTY,1,1,390,137216,196,29:00.0,7,15:00,525
7793090313,U,CTY,1,4,855,135708,169,09:00.0,6,6:00,356
7793090616,U,IB,1,1,1360,127275,123,36:00.0,6,15:00,462
7793090845,U,OB,1,2,426,134290,58,52:00.0,5,10:00,415
7793090854,U,CTY,1,1,200,290411,195,14:00.0,6,3:00,621
7793090863,U,OB,1,1,286,45459,63,11:00.0,7,8:00,695
7793090982,U,IB,1,1,310,904186,112,20:00.0,5,19:00,422
7793091166,U,IB,1,1,310,904186,112,29:00.0,5,19:00,422
7793091184,U,OB,1,1,300,134428,14,44:00.0,1,3:00,522
7793091285,U,OB,1,2,1229,124616,37,12:00.0,6,0:00,402
7793091321,U,IB,1,1,310,904186,112,12:00.0,5,19:00,422
7793091395,U,OB,1,1,240,89542,52,23:00.0,4,18:00,422
7793091579,U,IB,1,1,310,904186,112,58:00.0,5,18:00,422
7793091651,U,OB,1,1,1150,353204,72,37:00.0,7,6:00,435
7793091707,U,IB,1,1,310,904186,112,10:00.0,5,19:00,422
7793091725,U,IB,1,1,200,560306,145,13:00.0,6,16:00,532
7793091743,U,IB,1,1,135,135914,104,32:00.0,1,6:00,108
7793091909,U,IB,1,1,310,904186,112,01:00.0,5,19:00,422
7793091954,U,CTY,1,2,820,135747,197,32:00.0,7,11:00,288
7793091954,U,CTY,1,2,820,135747,180,33:00.0,7,12:00,288
779309200X,U,IB,1,1,310,904186,112,06:00.0,5,19:00,422
7793092129,U,IB,1,1,310,904186,112,16:00.0,5,19:00,422
7793092138,U,CTY,1,1,555,135957,169,05:00.0,7,15:00,244
7793092192,U,IB,1,1,2600,134151,151,56:00.0,6,21:00,251
7793092210,U,CTY,1,5,102,133221,192,51:00.0,7,18:00,312
7793092302,U,IB,1,1,310,904186,112,25:00.0,5,19:00,422
7793092421,U,CTY,1,1,3400,128031,197,11:00.0,5,16:00,303
7793092522,U,IB,1,1,310,904186,112,03:00.0,5,20:00,422
7793092605,U,IB,1,1,480,CVEN44168,116,59:00.0,7,3:00,116
7793092679,U,IB,1,1,310,904186,112,14:00.0,5,20:00,422
7793092816,U,IB,1,1,310,904186,112,05:00.0,5,20:00,422
7793092825,U,OB,1,2,2970,842167,40,34:00.0,4,19:00,422
7793092852,U,IB,1,1,250,127712,103,33:00.0,6,1:00,213
7793092861,U,OB,1,1,340,117384,40,46:00.0,5,6:00,433
7793092870,U,CTY,1,1,370,135708,169,24:00.0,6,5:00,324
7793092908,U,IB,1,1,310,904186,112,39:00.0,5,18:00,422
7793093045,U,IB,1,1,310,904186,112,37:00.0,5,18:00,422
7793093173,U,IB,1,4,2800,560345,101,58:00.0,5,14:00,435
7793093229,U,IB,1,1,330,121397,151,37:00.0,6,4:00,842
7793093256,U,OB,1,1,56,130709,95,29:00.0,2,15:00,108
7793093274,U,OB,1,1,2185,R621615905,69,08:00.0,5,20:00,411
7793093339,U,CTY,1,2,15,135708,169,33:00.0,6,9:00,312
7793093467,U,CTY,1,1,200,125760,174,32:00.0,3,3:00,842
7793093613,U,IB,1,4,1670,558258,101,06:00.0,4,21:00,422
7793093622,U,IB,1,1,280,904186,112,09:00.0,5,18:00,422
7793093714,U,OB,1,1,861,842167,40,56:00.0,4,19:00,422
7793093815,U,IB,1,1,285,904186,112,22:00.0,5,18:00,422
7793094008,U,OB,1,1,260,134290,58,04:00.0,5,8:00,415
7793094181,U,IB,1,1,290,904186,112,58:00.0,5,17:00,422
7793094190,U,IB,1,1,520,135451,151,04:00.0,5,20:00,261
7793094291,U,IB,1,2,1222,139612,111,57:00.0,5,8:00,216
7793094466,U,IB,1,3,5155,132678,141,11:00.0,6,14:00,250
7793094704,U,IB,1,1,310,904186,112,48:00.0,5,18:00,422
7793094787,U,OB,1,1,310,558189,58,53:00.0,4,20:00,422
7793094879,U,IB,1,1,310,904186,112,51:00.0,5,18:00,422
7793094897,U,IB,1,1,192,139578,149,50:00.0,1,13:00,653
7793094998,U,IB,1,1,310,904186,112,41:00.0,5,18:00,422
7793095117,U,IB,1,1,310,904186,112,45:00.0,5,18:00,422
7793095180,U,OB,1,2,1465,97130,90,54:00.0,4,17:00,422
7793095218,U,IB,1,1,310,904186,112,01:00.0,5,20:00,422
7793095465,U,OB,1,1,958,132772,51,21:00.0,5,3:00,447
7793095557,U,CTY,1,2,480,HAEI23255,175,02:00.0,7,19:00,431
7793095649,U,IB,1,1,540,127555,112,16:00.0,6,17:00,187
779309574X,U,OB,1,1,225,132275,96,03:00.0,5,19:00,246
779309596X,U,CTY,1,2,1125,125404,195,55:00.0,7,1:00,232
7793096208,U,IB,1,1,251,127712,103,38:00.0,6,1:00,213
7793096446,U,IB,1,1,1600,137744,129,02:00.0,3,0:00,205
7793096693,U,OB,1,4,3280,125955,55,02:00.0,5,16:00,348
7793096969,U,IB,1,4,3000,128923,112,18:00.0,1,19:00,145
7793097912,U,CTY,1,2,5568,138867,196,49:00.0,6,13:00,135
7793097921,U,CTY,1,3,66,T730211733,174,08:00.0,7,1:00,479
7793097968,U,IB,1,1,225,131591,129,11:00.0,7,6:00,890
7793098087,U,OB,1,1,34,124238,55,42:00.0,3,10:00,411
779309838X,U,CTY,1,1,500,126420,175,57:00.0,1,9:00,967
7793098417,U,IB,1,6,6675,134151,151,53:00.0,6,22:00,251
7793098848,U,IB,1,1,1560,127821,158,18:00.0,6,1:00,326
7793098976,U,CTY,1,1,32,135708,169,11:00.0,6,5:00,312
7793099021,U,OB,1,1,565,R621615905,35,51:00.0,5,12:00,411
7793099021,U,OB,1,1,565,R621615905,69,40:00.0,5,12:00,411
7793099526,U,CTY,1,1,74,121916,174,00:00.0,6,14:00,303
7793099773,U,OB,1,16,3840,126330,76,55:00.0,6,4:00,455
7793099782,U,CTY,1,1,452,118908,187,44:00.0,1,12:00,272
7793099856,U,IB,1,2,740,CVEN44168,116,18:00.0,7,4:00,126
7793099975,U,OB,1,1,450,390229,50,48:00.0,5,0:00,422
7793100130,U,CTY,1,1,195,133013,176,50:00.0,5,22:00,857
7793100159,U,OB,1,1,480,559143,39,39:00.0,5,22:00,422
7793100442,U,OB,1,1,520,559143,39,51:00.0,5,22:00,422
7793100635,U,OB,1,1,480,559143,39,33:00.0,5,22:00,422
7793100671,U,IB,1,2,801,139690,114,55:00.0,1,10:00,289
7793100745,U,OB,1,1,1030,134295,63,17:00.0,5,7:00,409
7793100864,U,OB,1,1,525,559143,39,28:00.0,5,22:00,422
7793101084,U,OB,1,4,700,134163,40,11:00.0,5,8:00,447
779310113X,U,OB,1,1,480,559143,39,00:00.0,5,22:00,422
7793101167,U,OB,1,6,1440,133247,51,46:00.0,5,6:00,409
7793101304,U,OB,1,1,535,559143,39,21:00.0,5,22:00,422
7793101991,U,IB,1,1,860,128923,112,55:00.0,1,20:00,145
779310212X,U,CTY,1,1,480,R621153063,195,22:00.0,3,7:00,343
7793102386,U,CTY,1,2,2067,131925,187,02:00.0,3,10:00,875
7793102404,U,CTY,1,1,57,261007,176,11:00.0,4,16:00,569
7793102496,U,OB,1,1,70,132601,49,10:00.0,7,6:00,754
779310267X,U,OB,1,1,340,123460,58,36:00.0,6,5:00,402
7793103376,U,OB,1,2,355,128238,26,54:00.0,6,7:00,730
7793103394,U,OB,1,7,1680,280932,67,05:00.0,5,11:00,432
7793103459,U,OB,1,2,593,123460,58,44:00.0,6,7:00,402
7793103477,U,CTY,1,1,12,125559,233,49:00.0,1,16:00,149
7793103477,U,CTY,1,1,12,125559,233,49:00.0,1,16:00,149
7793103513,U,OB,1,2,1170,123460,58,37:00.0,6,7:00,402
7793103614,U,IB,1,2,1450,128799,116,51:00.0,6,4:00,123
7793103632,U,IB,1,1,315,136650,112,24:00.0,6,6:00,256
7793103899,U,CTY,1,1,78,135534,222,43:00.0,2,1:00,324
7793103899,U,CTY,1,1,78,135534,188,54:00.0,6,5:00,324
7793104274,U,OB,1,1,12,125559,40,46:00.0,1,16:00,149
7793104274,U,CTY,1,1,12,125559,233,47:00.0,1,16:00,149
7793104577,U,OB,1,1,400,139881,88,08:00.0,6,19:00,617
7793104678,U,CTY,1,1,128,135534,188,31:00.0,6,5:00,324
7793104860,U,CTY,1,2,43,135747,197,11:00.0,7,14:00,312
7793105127,U,CTY,1,1,135,117243,175,54:00.0,1,18:00,842
7793105228,U,OB,1,1,2084,140304,14,50:00.0,5,11:00,415
7793105457,U,CTY,1,1,1200,117243,175,23:00.0,1,19:00,847
779310564X,U,IB,1,1,525,127555,112,06:00.0,6,14:00,187
7793105796,U,CTY,1,7,3000,125108,173,29:00.0,1,4:00,158
7793105942,U,IB,1,12,3100,CVEN44168,116,03:00.0,7,11:00,135
7793106052,U,OB,1,1,450,134290,58,44:00.0,5,9:00,415
7793106135,U,IB,1,4,3946,135689,101,17:00.0,6,3:00,216
7793106180,U,IB,1,2,370,PASC634013,143,38:00.0,5,10:00,899
7793106245,U,CTY,1,3,1298,135089,187,23:00.0,6,8:00,326
7793106429,U,CTY,1,1,256,128031,197,55:00.0,5,15:00,303
7793106593,U,OB,1,1,985,140304,14,05:00.0,5,12:00,415
7793106730,U,CTY,1,1,335,138837,192,46:00.0,1,20:00,111
7793106804,U,CTY,1,2,1745,842167,175,37:00.0,5,21:00,422
7793106831,U,OB,1,10,7638,127605,78,42:00.0,6,22:00,615
7793106914,U,OB,1,1,350,135929,38,12:00.0,5,21:00,421
7793107098,U,IB,1,1,370,138606,101,55:00.0,1,9:00,615
7793107152,U,IB,1,1,305,138470,145,10:00.0,6,13:00,621
7793107208,U,CTY,1,1,100,121916,174,56:00.0,6,13:00,303
7793107437,U,CTY,1,1,640,138837,192,49:00.0,1,19:00,111
7793107684,U,IB,1,1,144,138470,145,09:00.0,6,13:00,621
7793108252,U,CTY,1,1,12,125559,233,48:00.0,1,16:00,149
7793108252,U,OB,1,1,12,125559,40,46:00.0,1,16:00,149
7793108380,U,IB,1,1,938,134353,113,55:00.0,7,7:00,890
779310839X,U,OB,1,1,560,134290,58,42:00.0,5,10:00,415
7793108582,U,OB,1,2,3951,126443,84,56:00.0,6,13:00,433
7793108701,U,OB,1,1,310,136623,69,20:00.0,7,3:00,455
779310916X,U,OB,1,1,557,140304,14,01:00.0,5,12:00,415
7793109242,U,IB,1,1,90,278823,135,21:00.0,5,8:00,202
7793109839,U,OB,1,1,641,HAEI27814,73,54:00.0,5,18:00,431
7793110021,U,OB,1,1,80,123141,6,34:00.0,1,7:00,411
7793110077,U,OB,1,3,5634,140304,14,16:00.0,5,12:00,415
7793110113,U,OB,1,1,452,133247,51,11:00.0,5,11:00,409
779311015X,U,IB,1,2,815,261168,117,39:00.0,7,16:00,347
7793110351,U,CTY,1,1,170,128658,169,38:00.0,6,14:00,371
779311059X,U,IB,1,3,2565,290256,163,30:00.0,2,12:00,875
7793110737,U,IB,1,1,1105,137494,141,51:00.0,3,7:00,881
7793110910,U,CTY,1,1,145,121144,170,36:00.0,6,12:00,312
7793110910,U,CTY,1,1,145,121144,194,22:00.0,6,11:00,312
7793110910,U,CTY,1,1,145,121144,168,39:00.0,6,12:00,312
779311092X,U,CTY,1,2,74,121144,194,57:00.0,6,10:00,312
7793111415,U,CTY,1,1,115,135534,188,47:00.0,6,5:00,324
7793111561,U,IB,1,1,282,135748,151,34:00.0,6,14:00,314
7793111662,U,CTY,1,1,592,127770,194,06:00.0,3,15:00,819
7793111736,U,OB,1,2,867,430917,89,13:00.0,2,11:00,218
7793111929,U,OB,1,1,505,131459,32,44:00.0,6,9:00,423
7793112066,U,CTY,1,1,437,126914,176,12:00.0,1,11:00,757
779311246X,U,CTY,1,1,166,138802,195,37:00.0,1,4:00,223
7793112670,U,OB,1,1,415,132373,96,16:00.0,7,5:00,213
779311268X,U,IB,1,1,389,127821,158,32:00.0,6,0:00,326
7793112744,U,CTY,1,3,4040,132070,205,28:00.0,2,8:00,152
7793112744,U,IB,1,3,4040,132070,164,54:00.0,1,22:00,152
7793112863,U,IB,1,1,1287,278823,135,39:00.0,5,7:00,202
7793112937,U,OB,1,3,2550,127605,78,49:00.0,6,22:00,615
7793113065,U,OB,1,1,129,134295,63,19:00.0,5,6:00,409
7793113175,U,OB,1,1,302,137640,60,24:00.0,5,18:00,411
7793113184,U,IB,1,1,126,278823,135,36:00.0,5,8:00,202
7793113615,U,IB,1,1,1500,140405,158,13:00.0,6,12:00,322
7793113707,U,CTY,1,1,1000,202072,187,56:00.0,6,14:00,381
7793113716,U,IB,1,1,225,202245,117,17:00.0,6,16:00,266
7793113844,U,OB,1,1,380,126438,39,25:00.0,5,6:00,421
7793113936,U,CTY,1,2,1192,200693,231,36:00.0,6,19:00,202
7793114147,U,OB,1,5,4660,126438,39,29:00.0,5,6:00,421
7793114210,U,OB,1,1,880,280932,67,29:00.0,5,7:00,432
7793114320,U,IB,1,1,300,R218181347,131,04:00.0,5,21:00,218
7793114421,U,IB,1,2,705,135748,151,20:00.0,6,14:00,345
7793114430,U,OB,1,1,1987,124616,49,05:00.0,5,22:00,683
7793114459,U,OB,1,1,140,130484,60,10:00.0,5,10:00,411
779311466X,U,IB,1,1,1205,135748,151,15:00.0,6,14:00,343
7793115054,U,CTY,1,1,143,135747,197,28:00.0,7,10:00,312
7793115164,U,CTY,1,1,311,202072,187,36:00.0,6,14:00,381
7793115375,U,OB,1,1,221,130484,60,07:00.0,5,10:00,411
7793115521,U,IB,1,1,175,135914,104,24:00.0,1,6:00,108
7793115851,U,OB,1,6,4295,125891,51,09:00.0,6,5:00,521
7793115916,U,CTY,1,3,1302,133233,174,55:00.0,1,5:00,881
7793116154,U,IB,1,2,1680,133558,129,25:00.0,6,13:00,244
7793116338,U,OB,1,5,850,570104,43,18:00.0,6,2:00,422
7793116549,U,CTY,1,1,80,123141,235,03:00.0,2,3:00,411
7793116549,U,OB,1,1,80,123141,6,42:00.0,1,7:00,411
7793116713,U,CTY,1,2,4200,125161,195,54:00.0,5,18:00,899
7793116924,U,IB,1,1,105,CVEN44168,116,32:00.0,7,4:00,177
7793116924,U,CTY,1,1,105,CVEN44168,213,08:00.0,7,18:00,177
7793117007,U,CTY,1,1,150,135747,197,33:00.0,7,9:00,312
779311708X,U,CTY,1,1,175,135747,197,09:00.0,7,11:00,315
7793117162,U,CTY,1,1,210,137791,169,53:00.0,2,9:00,841
7793117355,U,CTY,1,1,355,137284,170,14:00.0,2,13:00,625
7793117355,U,CTY,1,1,355,137284,170,14:00.0,2,13:00,625
7793117602,U,CTY,1,1,210,137791,169,48:00.0,2,9:00,841
7793117712,U,CTY,1,1,240,137791,169,28:00.0,2,9:00,841
7793117887,U,OB,1,2,1435,530438,58,03:00.0,1,10:00,653
7793118015,U,OB,1,1,155,127605,78,45:00.0,6,20:00,615
779311829X,U,CTY,1,2,825,138232,233,06:00.0,5,17:00,309
779311829X,U,CTY,1,2,825,138232,233,06:00.0,5,17:00,309
7793118336,U,CTY,1,2,1552,133626,192,58:00.0,6,17:00,123
7793118538,U,CTY,1,1,1944,134705,192,50:00.0,7,3:00,152
779311906X,U,CTY,1,8,1330,125828,195,20:00.0,7,6:00,851
7793119088,U,CTY,1,1,253,128923,205,35:00.0,2,9:00,145
7793119088,U,IB,1,1,253,128923,112,00:00.0,1,21:00,145
7793119198,U,OB,1,2,1006,125891,51,38:00.0,6,4:00,521
7793119380,U,CTY,1,1,202,125559,233,52:00.0,1,16:00,671
7793119380,U,CTY,1,1,202,125559,233,52:00.0,1,16:00,671
7793119463,U,OB,1,2,1058,139944,89,37:00.0,1,15:00,521
7793120022,U,OB,1,1,940,134290,58,56:00.0,5,9:00,415
7793120150,U,CTY,1,2,1490,249377,168,28:00.0,5,1:00,847
779312049X,U,IB,1,1,91,125302,104,42:00.0,7,1:00,240
7793120729,U,OB,1,5,2500,128292,18,51:00.0,7,15:00,740
7793120747,U,IB,1,1,787,136650,112,28:00.0,6,7:00,256
7793120747,U,IB,1,1,787,136650,100,18:00.0,6,8:00,256
7793120958,U,CTY,1,1,16,135708,169,25:00.0,6,9:00,312
7793120967,U,CTY,1,1,1620,125490,169,03:00.0,2,14:00,860
7793121113,U,CTY,1,2,1115,127068,173,07:00.0,7,12:00,740
7793121306,U,OB,1,1,1038,126438,39,22:00.0,5,6:00,421
7793121315,U,CTY,1,1,823,126420,175,54:00.0,1,10:00,813
7793121324,U,IB,1,2,154,125402,105,45:00.0,3,21:00,865
7793121535,U,OB,1,2,1820,430060,86,24:00.0,6,11:00,447
7793121728,U,IB,1,1,925,127555,112,58:00.0,6,15:00,187
7793121791,U,OB,1,4,228,132595,14,27:00.0,7,19:00,411
7793121874,U,CTY,1,1,689,202072,237,22:00.0,2,12:00,381
7793121874,U,CTY,1,1,689,202072,187,30:00.0,6,15:00,381
7793121910,U,OB,1,5,91,134221,76,37:00.0,7,3:00,740
7793122011,U,IB,1,1,512,135748,151,37:00.0,6,14:00,314
7793122177,U,OB,1,1,405,127605,78,15:00.0,6,22:00,615
7793122314,U,IB,1,1,90,131701,114,52:00.0,3,1:00,145
7793122599,U,OB,1,2,455,830890,49,10:00.0,5,19:00,422
779312269X,U,OB,1,1,647,830890,49,19:00.0,5,19:00,422
7793122781,U,OB,1,1,373,139881,88,49:00.0,6,18:00,617
7793122828,U,OB,1,1,1377,830890,49,16:00.0,5,19:00,422
7793122837,U,OB,1,1,262,127560,89,31:00.0,3,1:00,145
7793122965,U,OB,1,15,8769,430907,32,54:00.0,5,1:00,422
7793122974,U,CTY,1,1,180,132985,233,23:00.0,3,14:00,532
7793122974,U,CTY,1,1,180,132985,235,18:00.0,5,1:00,532
7793122974,U,OB,1,1,180,132985,51,36:00.0,1,8:00,532
7793123001,U,CTY,1,1,450,135747,197,04:00.0,7,14:00,312
7793123515,U,OB,1,5,10868,841895,52,09:00.0,4,20:00,422
7793123616,U,IB,1,1,154,139600,112,51:00.0,5,13:00,730
7793123735,U,IB,1,1,212,132190,119,53:00.0,3,15:00,819
7793123735,U,CTY,1,1,212,132190,173,52:00.0,3,15:00,819
7793123928,U,CTY,1,1,596,123825,174,41:00.0,1,14:00,213
7793124092,U,CTY,1,1,1115,135089,187,58:00.0,6,7:00,326
7793124166,U,CTY,1,1,507,132574,173,20:00.0,3,21:00,847
7793124651,U,OB,1,1,1000,133352,73,32:00.0,6,6:00,409
7793124743,U,OB,1,1,80,127560,89,20:00.0,3,1:00,145
7793124909,U,IB,1,1,700,135636,116,06:00.0,2,8:00,890
7793125129,U,CTY,1,1,245,134295,231,09:00.0,5,21:00,409
7793125129,U,OB,1,1,245,134295,63,08:00.0,5,6:00,409
7793125459,U,OB,1,1,35,821190,66,22:00.0,4,21:00,422
7793125596,U,OB,1,2,950,821190,66,52:00.0,4,20:00,422
7793125650,U,OB,1,1,435,134295,63,37:00.0,5,5:00,409
7793126027,U,IB,1,2,6400,127712,103,03:00.0,6,4:00,213
7793126155,U,OB,1,1,598,133247,51,58:00.0,5,10:00,409
7793126357,U,CTY,1,1,200,127583,231,32:00.0,5,19:00,875
7793126357,U,CTY,1,1,200,127583,189,19:00.0,3,19:00,875
7793126458,U,OB,1,1,217,125955,55,04:00.0,5,10:00,348
7793126476,U,CTY,1,1,430,138704,192,51:00.0,2,20:00,237
7793126669,U,IB,1,1,650,133535,129,29:00.0,6,2:00,261
7793126678,U,OB,1,1,4424,211335,48,40:00.0,1,3:00,432
7793126943,U,CTY,1,1,1665,131810,175,39:00.0,3,10:00,132
7793126943,U,CTY,1,1,1665,131810,235,27:00.0,5,0:00,132
7793127026,U,IB,1,1,176,131591,129,22:00.0,7,6:00,890
7793127291,U,IB,1,1,76,137494,141,36:00.0,3,9:00,881
7793127356,U,OB,1,1,220,118732,46,10:00.0,7,14:00,521
7793127549,U,OB,1,1,582,124616,37,12:00.0,6,0:00,402
7793127549,U,OB,1,1,582,124616,49,39:00.0,5,22:00,402
7793127740,U,IB,1,4,3190,138160,113,46:00.0,6,17:00,462
7793127796,U,OB,1,1,812,127356,90,29:00.0,6,9:00,202
7793128620,U,OB,1,1,296,125786,40,36:00.0,4,4:00,423
7793129565,U,IB,1,1,475,HAEI23005,117,24:00.0,7,4:00,431
7793129666,U,OB,1,1,303,140160,52,40:00.0,4,0:00,423
7793130050,U,OB,1,1,350,123498,90,31:00.0,7,9:00,617
7793130454,U,IB,1,1,2835,134599,127,20:00.0,1,6:00,602
7793130463,U,IB,1,1,1192,129515,113,18:00.0,4,7:00,881
7793130528,U,IB,1,1,195,129776,135,15:00.0,6,13:00,511
7793130638,U,IB,1,1,872,125402,105,51:00.0,3,21:00,881
779313083X,U,CTY,1,1,1535,T730211715,169,03:00.0,1,22:00,875
7793131206,U,OB,1,1,220,134678,43,16:00.0,2,10:00,433
7793131352,U,IB,1,1,530,134287,158,49:00.0,2,12:00,805
7793131462,U,IB,1,1,1189,131829,166,54:00.0,3,13:00,890
7793131462,U,IB,1,1,1189,131829,143,51:00.0,3,13:00,890
7793131655,U,CTY,1,3,1451,126655,194,11:00.0,5,17:00,814
7793131920,U,CTY,1,1,530,134055,195,09:00.0,3,20:00,830
7793132178,U,CTY,1,1,1415,130828,172,05:00.0,1,13:00,525
7793132205,U,OB,1,1,530,132601,49,20:00.0,7,4:00,754
7793132580,U,OB,1,1,943,132147,43,59:00.0,2,15:00,671
7793132892,U,CTY,1,1,250,139877,172,43:00.0,7,22:00,261
7793133278,U,IB,1,1,154,125852,163,08:00.0,1,13:00,740
779313358X,U,CTY,1,1,515,127068,173,03:00.0,7,8:00,726
7793134369,U,OB,1,1,675,560345,60,18:00.0,6,20:00,422
7793134497,U,OB,1,1,42,132595,14,43:00.0,7,18:00,402
779313578X,U,OB,1,1,800,133721,51,01:00.0,7,4:00,423
7793135880,U,CTY,1,1,200,135747,209,48:00.0,2,2:00,312
7793135880,U,CTY,1,1,200,135747,197,33:00.0,7,13:00,312
7793136917,U,CTY,1,4,2125,137936,187,52:00.0,6,20:00,857
7793137182,U,IB,1,1,70,128710,151,54:00.0,1,20:00,569
7793137310,U,IB,1,1,725,129515,113,04:00.0,4,7:00,881
7793137402,U,CTY,1,1,310,139676,195,28:00.0,6,15:00,621
7793137631,U,OB,1,1,265,132124,32,27:00.0,1,20:00,754
7793137687,U,OB,1,3,4560,559143,39,26:00.0,5,20:00,422
7793137851,U,CTY,1,1,250,125775,194,45:00.0,2,2:00,312
7793138035,U,CTY,1,1,1380,138882,187,32:00.0,7,5:00,309
7793138621,U,IB,1,1,1100,127460,123,55:00.0,4,13:00,621
7793138659,U,OB,1,1,745,127022,86,02:00.0,7,2:00,432
7793139135,U,CTY,1,1,260,290117,188,57:00.0,3,13:00,312
7793139162,U,CTY,1,2,43,135747,197,53:00.0,7,10:00,312
7793139319,U,OB,1,1,56,123402,43,34:00.0,6,4:00,433
7793139694,U,OB,1,1,765,127022,86,56:00.0,7,1:00,432
7793139759,U,IB,1,1,310,904186,112,06:00.0,5,20:00,422
7793139768,U,OB,1,6,1450,430429,88,56:00.0,5,21:00,422
779313996X,U,OB,1,1,175,430429,88,41:00.0,5,21:00,422
7793140381,U,OB,1,1,77,126349,73,32:00.0,7,7:00,685
7793140419,U,IB,1,3,725,134151,151,51:00.0,6,21:00,251
7793140437,U,CTY,1,2,585,730114,200,55:00.0,5,20:00,422
7793140437,U,OB,1,2,585,730114,90,54:00.0,5,20:00,422
7793140538,U,OB,1,1,473,133721,51,12:00.0,7,4:00,423
7793140565,U,CTY,1,2,925,131852,175,05:00.0,1,16:00,864
7793140592,U,OB,1,1,75,126349,73,44:00.0,7,7:00,685
7793140859,U,OB,1,4,885,558577,32,21:00.0,6,1:00,422
7793140868,U,CTY,1,1,500,131925,187,08:00.0,3,8:00,875
7793141160,U,IB,1,1,610,136440,105,35:00.0,1,12:00,213
7793141234,U,CTY,1,18,1751,135469,204,52:00.0,3,10:00,183
7793141472,U,IB,1,1,1300,124340,112,52:00.0,4,8:00,244
7793141472,U,IB,1,1,1300,124340,119,13:00.0,4,9:00,244
7793141959,U,OB,1,1,506,121942,50,03:00.0,6,17:00,402
7793142453,U,OB,1,2,975,211083,90,37:00.0,2,8:00,108
7793142628,U,OB,1,1,700,730114,90,28:00.0,5,21:00,422
779314304X,U,IB,1,1,188,131333,112,41:00.0,7,13:00,246
7793143077,U,OB,1,1,101,135935,89,06:00.0,6,15:00,218
7793143324,U,OB,1,1,686,138444,87,11:00.0,2,0:00,186
7793143461,U,OB,1,1,300,127991,74,50:00.0,7,3:00,455
7793143517,U,OB,1,2,220,133721,51,41:00.0,7,7:00,423
7793143535,U,OB,1,5,2350,125573,60,09:00.0,6,9:00,421
7793143562,U,CTY,1,1,2600,135157,168,25:00.0,6,18:00,216
7793143627,U,IB,1,2,1101,136712,105,57:00.0,2,16:00,326
7793143681,U,IB,1,1,27,136167,117,52:00.0,2,4:00,695
7793143966,U,IB,1,1,502,132793,151,13:00.0,7,8:00,394
7793143993,U,OB,1,5,1200,430926,78,14:00.0,6,11:00,348
7793144186,U,OB,1,1,910,430060,86,29:00.0,6,11:00,447
7793144323,U,IB,1,1,306,133558,129,46:00.0,6,13:00,244
7793144397,U,IB,1,1,396,127970,149,24:00.0,7,6:00,381
7793144873,U,OB,1,1,265,121658,72,57:00.0,6,8:00,421
7793144983,U,OB,1,1,32,128187,52,16:00.0,6,6:00,432
7793145048,U,CTY,1,1,2870,HAEI23255,175,44:00.0,7,16:00,547
7793145084,U,OB,1,1,110,904284,55,40:00.0,5,0:00,422
7793145286,U,IB,1,1,200,121397,151,39:00.0,6,4:00,842
7793145295,U,CTY,1,2,800,124080,189,14:00.0,2,20:00,479
7793145735,U,OB,1,1,142,126565,73,27:00.0,6,15:00,730
7793145753,U,IB,1,2,720,131327,104,25:00.0,7,19:00,292
7793145881,U,OB,1,5,8575,136085,66,52:00.0,1,22:00,555
7793146312,U,CTY,1,3,2135,904116,189,01:00.0,7,9:00,218
7793146386,U,OB,1,1,2391,129697,39,12:00.0,6,8:00,415
7793146597,U,OB,1,1,220,132601,49,50:00.0,7,6:00,754
7793147293,U,OB,1,1,317,127991,74,35:00.0,7,5:00,455
7793147522,U,CTY,1,24,10000,290935,208,01:00.0,3,12:00,510
7793147540,U,IB,1,1,100,135952,103,07:00.0,6,19:00,447
779314755X,U,CTY,1,1,32,290117,188,17:00.0,3,13:00,312
7793147596,U,OB,1,1,354,137797,72,35:00.0,4,17:00,155
7793147614,U,CTY,1,2,3049,CVEN44786,168,59:00.0,1,21:00,116
7793147733,U,CTY,1,4,1440,126914,176,04:00.0,1,12:00,705
7793147816,U,CTY,1,1,50,135747,197,42:00.0,7,13:00,312
7793147870,U,IB,1,1,2932,R218191534,114,20:00.0,2,22:00,218
7793148054,U,IB,1,1,170,134043,123,44:00.0,2,21:00,251
7793148081,U,IB,1,1,240,131327,104,43:00.0,7,18:00,292
7793148155,U,CTY,1,1,125,CVEN44786,168,24:00.0,1,15:00,132
7793148357,U,CTY,1,3,1321,135957,169,50:00.0,7,15:00,244
7793148467,U,OB,1,1,120,134846,53,48:00.0,7,12:00,409
7793148687,U,IB,1,2,251,135157,167,16:00.0,7,0:00,216
7793148687,U,CTY,1,2,251,135157,168,29:00.0,6,18:00,216
779314887X,U,OB,1,1,230,830890,49,52:00.0,5,18:00,422
7793148898,U,OB,1,1,268,134428,14,43:00.0,1,3:00,521
7793148999,U,OB,1,1,660,133352,73,16:00.0,6,8:00,409
779314909X,U,CTY,1,1,1182,249345,197,27:00.0,7,20:00,152
7793149329,U,IB,1,1,630,PASC175379,151,19:00.0,2,17:00,303
7793149520,U,OB,1,1,390,830890,49,56:00.0,5,18:00,422
7793149594,U,IB,1,1,277,135520,158,23:00.0,2,4:00,347
7793149704,U,OB,1,1,2300,127933,60,36:00.0,7,14:00,740
7793149722,U,OB,1,1,280,139487,52,24:00.0,7,9:00,409
7793149924,U,CTY,1,1,714,139877,172,30:00.0,7,22:00,261
7793150162,U,IB,1,1,492,PASC634516,151,13:00.0,7,13:00,309
7793150501,U,IB,1,1,175,132793,151,15:00.0,7,8:00,394
7793150795,U,IB,1,1,1410,558917,131,40:00.0,3,10:00,178
7793151089,U,OB,1,2,755,123123,75,07:00.0,7,10:00,617
7793151152,U,IB,1,3,765,134017,116,59:00.0,1,22:00,861
7793151547,U,OB,1,2,682,559259,84,30:00.0,7,15:00,616
7793151574,U,IB,1,1,590,R218191534,114,09:00.0,2,22:00,218
7793151895,U,IB,1,2,5560,131327,104,24:00.0,7,18:00,292
7793152160,U,CTY,1,1,496,CVEN44786,168,14:00.0,1,15:00,116
7793152427,U,CTY,1,3,1995,131852,175,34:00.0,1,15:00,347
7793152692,U,IB,1,3,6670,290935,149,40:00.0,1,6:00,473
7793152692,U,OB,1,3,6670,290935,71,48:00.0,2,10:00,473
7793153013,U,IB,1,3,946,134017,116,00:00.0,2,0:00,861
7793153123,U,CTY,1,1,750,139787,169,16:00.0,1,16:00,326
7793153316,U,IB,1,1,560,129829,125,06:00.0,6,3:00,258
7793153334,U,CTY,1,3,920,135912,192,27:00.0,4,22:00,625
7793153536,U,OB,1,1,240,131402,43,49:00.0,3,12:00,404
7793153765,U,OB,1,1,396,138444,87,04:00.0,2,0:00,100
7793154443,U,CTY,1,1,250,125108,173,41:00.0,1,4:00,178
7793154791,U,IB,1,1,192,134151,151,27:00.0,6,21:00,251
7793154838,U,CTY,1,10,300,290021,231,38:00.0,1,10:00,123
7793154838,U,CTY,1,10,300,290021,231,38:00.0,1,10:00,123
7793154910,U,OB,1,1,280,430060,86,48:00.0,6,9:00,447
7793154984,U,IB,1,3,2889,137694,111,20:00.0,2,11:00,381
779315525X,U,IB,1,1,350,R6213954,135,27:00.0,3,5:00,243
7793155680,U,CTY,1,1,45,290117,188,17:00.0,3,13:00,312
7793155974,U,OB,1,3,2451,135088,13,44:00.0,1,8:00,402
779315613X,U,IB,1,2,720,131735,141,23:00.0,6,17:00,627
7793156230,U,OB,1,1,104,127356,90,38:00.0,6,8:00,202
7793156450,U,OB,1,1,246,132601,49,07:00.0,7,5:00,754
7793156488,U,OB,1,1,119,126586,39,30:00.0,6,17:00,411
7793156497,U,OB,1,2,470,830890,49,32:00.0,5,18:00,422
7793156616,U,IB,1,1,525,135952,103,00:00.0,6,19:00,447
779315668X,U,OB,1,1,700,121658,72,10:00.0,6,8:00,421
7793156955,U,OB,1,3,1075,559259,84,25:00.0,7,14:00,616
7793156982,U,IB,1,1,113,136440,105,27:00.0,1,11:00,213
7793157148,U,CTY,1,1,2300,290414,173,12:00.0,3,1:00,313
7793157294,U,OB,1,2,3600,138444,87,45:00.0,1,23:00,145
7793157413,U,OB,1,3,1260,559143,39,28:00.0,5,21:00,422
7793157514,U,CTY,1,1,191,134221,237,51:00.0,3,21:00,402
7793157514,U,CTY,1,1,191,134221,238,46:00.0,2,21:00,402
7793157523,U,CTY,1,1,50,135747,197,31:00.0,7,13:00,312
7793157579,U,IB,1,1,550,135952,103,57:00.0,6,18:00,447
7793157945,U,OB,1,1,270,559143,39,52:00.0,5,21:00,422
7793157954,U,IB,1,2,1006,138606,101,27:00.0,1,9:00,615
7793158311,U,CTY,1,1,180,139877,172,18:00.0,7,22:00,261
7793158623,U,OB,1,1,364,128131,51,40:00.0,2,11:00,705
7793158715,U,OB,1,1,315,124169,31,40:00.0,7,3:00,754
7793158852,U,OB,1,1,1320,842082,3,25:00.0,6,7:00,422
7793158852,U,OB,1,1,1320,842082,63,33:00.0,5,22:00,422
7793158935,U,IB,1,1,345,PASC634516,151,05:00.0,7,13:00,319
7793159027,U,OB,1,1,2015,134428,14,35:00.0,1,5:00,521
7793159045,U,OB,1,1,950,290035,96,57:00.0,7,6:00,202
7793159155,U,OB,1,1,1320,132854,59,15:00.0,5,11:00,202
7793159155,U,IB,1,1,1320,132854,117,38:00.0,5,9:00,202
7793159301,U,OB,1,1,220,127927,39,20:00.0,7,7:00,616
7793159669,U,CTY,1,2,92,131925,187,03:00.0,3,7:00,875
7793159943,U,CTY,1,1,580,136002,174,34:00.0,2,6:00,246
779316042X,U,CTY,1,2,1192,127356,231,36:00.0,3,21:00,202
779316042X,U,OB,1,2,1192,127356,90,37:00.0,6,10:00,202
7793160502,U,CTY,1,1,800,127039,189,41:00.0,5,22:00,243
7793160778,U,OB,1,1,378,138444,87,59:00.0,1,22:00,100
7793160850,U,OB,1,1,128,430060,86,49:00.0,6,10:00,447
7793161162,U,IB,1,1,370,290001,103,57:00.0,3,0:00,187
7793161162,U,OB,1,1,370,290001,94,50:00.0,3,3:00,187
7793161218,U,OB,1,3,3385,127933,60,52:00.0,7,10:00,740
7793161456,U,OB,1,11,2640,137455,73,34:00.0,7,12:00,471
7793161548,U,OB,1,1,640,430060,86,58:00.0,6,11:00,447
7793161584,U,CTY,1,1,21,249345,197,57:00.0,7,20:00,155
7793161602,U,CTY,1,2,2052,135912,192,29:00.0,4,18:00,661
7793161703,U,IB,1,1,151,R218191534,114,14:00.0,2,22:00,218
7793161712,U,CTY,1,1,419,131109,175,53:00.0,7,11:00,347
7793161914,U,OB,1,1,418,133704,43,13:00.0,4,20:00,423
7793162152,U,CTY,1,3,722,139787,169,29:00.0,1,15:00,326
7793162271,U,CTY,1,1,200,290117,188,27:00.0,3,13:00,312
7793162491,U,CTY,1,1,480,135912,192,59:00.0,4,22:00,641
7793162601,U,IB,1,1,100,135747,115,56:00.0,7,16:00,312
7793162601,U,CTY,1,1,100,135747,197,56:00.0,7,11:00,312
7793162877,U,CTY,1,1,84,131925,187,44:00.0,3,6:00,875
7793162969,U,OB,1,1,2000,125591,18,57:00.0,1,6:00,740
7793163023,U,CTY,1,1,50,132075,175,48:00.0,2,1:00,312
779316317X,U,CTY,1,1,185,138837,192,43:00.0,1,18:00,153
7793163198,U,OB,1,1,350,133704,43,32:00.0,4,18:00,423
7793163472,U,OB,1,1,195,560856,52,48:00.0,5,22:00,422
7793163638,U,OB,1,1,201,126586,39,11:00.0,6,17:00,411
7793163739,U,IB,1,1,85,134287,158,44:00.0,2,12:00,889
7793164453,U,CTY,1,1,275,131209,197,20:00.0,6,14:00,303
7793164545,U,IB,1,1,414,128530,129,37:00.0,4,6:00,187
7793164664,U,IB,1,1,266,R6213954,135,39:00.0,3,6:00,243
7793164911,U,OB,1,1,391,41204,18,28:00.0,7,9:00,415
7793165232,U,IB,1,1,535,131385,101,35:00.0,5,6:00,882
7793165250,U,OB,1,1,282,139944,89,51:00.0,1,12:00,521
7793165306,U,IB,1,1,190,134287,158,46:00.0,2,15:00,889
7793165333,U,CTY,1,2,710,138837,192,35:00.0,1,19:00,153
7793165360,U,IB,1,3,1243,126018,112,27:00.0,7,3:00,245
7793165470,U,CTY,1,5,5250,123825,174,31:00.0,1,15:00,213
7793165499,U,OB,1,1,426,41204,18,45:00.0,7,7:00,415
779316559X,U,OB,1,1,688,830890,72,40:00.0,6,18:00,422
7793165681,U,IB,1,1,589,132515,143,57:00.0,7,0:00,314
7793165681,U,CTY,1,1,589,132515,220,41:00.0,7,5:00,314
7793165829,U,OB,1,1,1052,125003,47,37:00.0,6,5:00,402
7793165829,U,OB,1,1,1052,125003,47,37:00.0,6,5:00,402
7793165856,U,OB,1,1,153,41204,18,48:00.0,7,8:00,415
7793165883,U,IB,1,1,365,123961,151,10:00.0,4,15:00,642
7793165975,U,CTY,1,1,430,131440,212,45:00.0,2,2:00,754
7793165975,U,OB,1,1,430,131440,14,36:00.0,6,18:00,754
7793165993,U,OB,1,1,723,128364,26,22:00.0,7,12:00,740
7793166094,U,IB,1,2,3975,136440,105,51:00.0,1,12:00,213
7793166278,U,IB,1,4,3255,139010,145,25:00.0,3,21:00,251
7793166406,U,IB,1,2,725,123961,151,12:00.0,4,15:00,642
7793166561,U,OB,1,1,162,41204,18,59:00.0,7,7:00,415
7793166626,U,CTY,1,5,430,131209,197,49:00.0,6,15:00,303
7793166653,U,OB,1,1,195,133721,51,28:00.0,7,7:00,423
7793166736,U,CTY,1,1,688,123843,194,12:00.0,3,1:00,211
7793166745,U,IB,1,1,708,127970,149,13:00.0,7,6:00,381
7793167268,U,IB,1,1,159,261383,131,44:00.0,6,12:00,216
7793167295,U,OB,1,1,385,830890,49,48:00.0,5,18:00,422
7793167313,U,OB,1,1,133,560856,52,44:00.0,5,22:00,422
7793167378,U,OB,1,1,701,133721,51,19:00.0,7,3:00,423
7793167479,U,IB,1,1,650,132731,149,45:00.0,4,19:00,783
7793167497,U,OB,1,1,120,41204,18,25:00.0,7,8:00,415
7793167598,U,CTY,1,1,134,125243,194,40:00.0,7,5:00,653
7793167625,U,IB,1,1,370,T402217695,125,01:00.0,6,13:00,292
7793167836,U,CTY,1,1,52,131925,187,40:00.0,3,6:00,875
7793168065,U,OB,1,1,402,129672,39,54:00.0,2,11:00,757
7793168092,U,IB,1,1,700,PASC33311,145,13:00.0,4,12:00,370
7793168175,U,CTY,1,1,480,430868,172,06:00.0,4,17:00,847
7793168413,U,CTY,1,1,800,125889,175,00:00.0,7,7:00,244
7793168496,U,IB,1,1,315,126855,143,26:00.0,7,13:00,326
7793168579,U,OB,1,1,760,821190,74,25:00.0,5,22:00,422
7793169129,U,OB,1,1,209,127991,74,43:00.0,7,3:00,455
7793169367,U,CTY,1,2,1250,136804,168,44:00.0,3,10:00,783
7793169376,U,OB,1,1,264,128292,18,54:00.0,7,14:00,740
7793169421,U,IB,1,1,140,134519,163,24:00.0,2,18:00,891
7793169614,U,OB,1,1,173,127933,60,30:00.0,7,15:00,740
7793169688,U,OB,1,7,7825,311349,90,49:00.0,6,4:00,422
779317010X,U,CTY,1,2,5252,531251,187,42:00.0,1,23:00,881
7793170119,U,IB,1,1,974,132337,101,47:00.0,6,10:00,432
7793170301,U,OB,1,1,161,559524,46,25:00.0,1,9:00,432
7793170402,U,CTY,1,7,8502,HAEI23255,175,24:00.0,7,17:00,547
7793170723,U,OB,1,1,1251,128364,26,15:00.0,7,12:00,740
7793171181,U,IB,1,6,3440,138190,114,44:00.0,6,17:00,216
7793171190,U,CTY,1,2,1015,125760,174,47:00.0,3,5:00,841
7793171264,U,CTY,1,2,775,T730211733,174,30:00.0,7,0:00,309
7793171448,U,IB,1,1,375,125402,105,03:00.0,3,21:00,881
7793171823,U,OB,1,1,310,134428,14,46:00.0,1,6:00,521
7793172043,U,CTY,1,2,596,T730211733,174,04:00.0,7,4:00,309
779317208X,U,OB,1,1,240,134828,48,31:00.0,6,13:00,415
7793172117,U,IB,1,1,800,138190,114,51:00.0,6,16:00,216
7793172153,U,OB,1,1,50,125271,32,54:00.0,6,13:00,433
7793172218,U,OB,1,1,540,135629,76,48:00.0,6,21:00,409
7793172593,U,OB,1,1,70,131701,94,50:00.0,3,3:00,145
7793172593,U,IB,1,1,70,131701,114,11:00.0,3,1:00,145
7793172649,U,IB,1,1,1066,136719,116,23:00.0,5,8:00,232
7793172914,U,OB,1,1,617,135629,76,44:00.0,6,21:00,409
7793172932,U,OB,1,1,214,127560,89,11:00.0,3,4:00,145
7793173639,U,OB,1,1,461,125149,50,24:00.0,7,18:00,423
7793173767,U,IB,1,2,620,137862,112,29:00.0,7,21:00,218
7793173877,U,OB,1,1,150,730114,90,19:00.0,5,21:00,422
7793173904,U,OB,1,5,1695,134771,95,30:00.0,3,7:00,108
7793174079,U,OB,1,1,885,137455,73,52:00.0,7,10:00,429
7793174243,U,OB,1,1,2200,136483,46,18:00.0,2,3:00,740
7793174299,U,OB,1,1,367,559524,46,33:00.0,1,7:00,432
7793174335,U,OB,1,1,357,133721,51,32:00.0,7,7:00,423
7793174692,U,CTY,1,1,750,125490,E11 ,35:00.0,2,10:00,860
7793174739,U,OB,1,3,2435,530751,72,17:00.0,6,22:00,422
7793174894,U,OB,1,3,2075,133626,55,05:00.0,3,2:00,435
7793174894,U,OB,1,3,2075,133626,19,53:00.0,3,2:00,435
7793175004,U,IB,1,4,9114,131923,129,10:00.0,7,4:00,805
7793175022,U,OB,1,10,21490,211485,32,38:00.0,2,6:00,423
7793175132,U,CTY,1,1,230,T730211733,174,18:00.0,7,4:00,309
7793175141,U,OB,1,1,193,560856,52,50:00.0,5,22:00,422
7793175435,U,OB,1,1,500,130863,38,16:00.0,4,2:00,754
7793175480,U,IB,1,2,1150,131735,141,12:00.0,6,17:00,565
7793175985,U,OB,1,1,465,126586,39,21:00.0,6,17:00,411
7793176068,U,OB,1,1,344,126586,39,12:00.0,6,17:00,411
7793176104,U,OB,1,1,157,560856,52,47:00.0,5,22:00,422
7793176544,U,OB,1,1,224,126586,39,32:00.0,6,17:00,411
779317692X,U,IB,1,8,2486,132731,149,01:00.0,4,20:00,783
7793177159,U,CTY,1,1,343,130828,172,06:00.0,1,9:00,525
7793177186,U,OB,1,6,3225,560856,52,54:00.0,5,22:00,422
7793177415,U,OB,1,1,860,134771,95,05:00.0,3,7:00,108
7793177570,U,IB,1,2,2900,131651,141,54:00.0,1,11:00,890
7793177644,U,CTY,1,1,250,138987,175,41:00.0,2,20:00,820
7793177956,U,IB,1,1,1180,139808,151,12:00.0,5,13:00,891
7793177956,U,IB,1,1,1180,139808,161,42:00.0,6,2:00,891
7793178185,U,CTY,1,1,355,130828,233,23:00.0,3,14:00,525
7793178185,U,CTY,1,1,355,130828,235,48:00.0,4,23:00,525
7793178185,U,CTY,1,1,355,130828,172,34:00.0,1,1:00,525
779317824X,U,OB,1,1,355,122820,52,34:00.0,7,21:00,411
7793178560,U,CTY,1,2,2004,124330,175,50:00.0,6,16:00,841
7793179074,U,CTY,1,1,269,117243,175,41:00.0,1,21:00,431
779317912X,U,IB,1,1,2252,PASC175379,151,59:00.0,2,19:00,319
7793179743,U,CTY,1,1,640,530699,197,07:00.0,4,19:00,833
7793179752,U,CTY,1,1,1450,PASC33311,191,14:00.0,4,8:00,875
7793179752,U,IB,1,1,1450,PASC33311,145,13:00.0,4,8:00,875
7793180037,U,IB,1,1,367,130948,103,45:00.0,2,9:00,521
7793180174,U,CTY,1,3,3451,127296,175,16:00.0,4,14:00,315
7793180495,U,CTY,1,1,285,CVEN44786,168,08:00.0,1,15:00,132
7793180641,U,IB,1,1,325,202241,111,58:00.0,6,7:00,616
7793180679,U,CTY,1,1,215,132787,188,07:00.0,5,8:00,875
7793180816,U,OB,1,1,63,134031,75,28:00.0,7,3:00,415
779318132X,U,CTY,1,1,425,131925,187,24:00.0,3,8:00,875
7793181521,U,OB,1,2,5474,137797,72,24:00.0,4,14:00,521
7793181788,U,CTY,1,1,490,133904,194,58:00.0,7,7:00,898
7793182035,U,CTY,1,3,3300,123280,231,01:00.0,4,20:00,783
7793182035,U,IB,1,3,3300,123280,141,04:00.0,4,6:00,783
7793182035,U,OB,1,3,3300,123280,74,17:00.0,4,11:00,783
7793182291,U,OB,1,3,3745,131793,43,04:00.0,7,14:00,411
7793183117,U,IB,1,1,485,125129,150,08:00.0,5,21:00,889
7793183786,U,OB,1,1,56,132595,14,35:00.0,7,18:00,402
7793183804,U,IB,1,1,56,133648,151,38:00.0,1,7:00,326
7793184170,U,CTY,1,4,960,139944,200,56:00.0,1,14:00,521
7793184170,U,CTY,1,4,960,139944,200,56:00.0,1,14:00,521
7793185537,U,OB,1,1,265,132124,32,15:00.0,1,20:00,754
7793185665,U,CTY,1,1,100,290117,188,11:00.0,3,12:00,312
7793186646,U,OB,1,1,480,560345,60,27:00.0,6,21:00,422
779318737X,U,CTY,1,1,240,135370,197,37:00.0,1,17:00,418
7793187517,U,OB,1,1,2134,131793,43,12:00.0,7,11:00,411
7793187526,U,CTY,1,1,40,138134,188,51:00.0,2,18:00,312
7793187746,U,OB,1,1,200,559524,46,10:00.0,1,10:00,432
7793188020,U,IB,1,6,2253,CVEN44615,113,07:00.0,6,16:00,132
7793188240,U,OB,1,4,960,82703,40,19:00.0,6,19:00,422
7793188653,U,CTY,1,3,1215,118332,195,12:00.0,5,13:00,547
7793188837,U,CTY,1,2,2080,127920,195,11:00.0,3,4:00,315
7793188864,U,OB,1,3,2001,134752,73,08:00.0,3,3:00,557
7793188956,U,OB,1,1,864,560345,60,17:00.0,6,21:00,422
7793189158,U,CTY,1,2,51,290117,188,21:00.0,3,13:00,312
7793189277,U,OB,1,1,100,137801,50,48:00.0,2,4:00,423
7793190220,U,CTY,1,1,198,128784,J   ,59:00.0,7,8:00,433
7793190413,U,OB,1,1,232,830890,72,48:00.0,6,18:00,422
7793190588,U,IB,1,1,465,131327,104,17:00.0,7,18:00,292
7793190981,U,IB,1,2,2497,130948,103,56:00.0,2,8:00,521
7793191147,U,OB,1,1,196,560345,60,15:00.0,6,21:00,422
7793191284,U,IB,1,1,250,124118,101,13:00.0,1,22:00,617
7793191459,U,CTY,1,1,50,132400,189,34:00.0,7,15:00,100
7793191477,U,OB,1,1,865,139487,52,35:00.0,7,9:00,409
7793191578,U,OB,1,1,802,139487,52,22:00.0,7,10:00,409
7793191861,U,CTY,1,1,280,133888,189,47:00.0,4,15:00,112
7793191861,U,CTY,1,1,280,133888,231,29:00.0,4,18:00,112
7793191861,U,CTY,1,1,280,133888,237,04:00.0,5,20:00,112
7793191899,U,OB,1,3,1950,125149,50,48:00.0,7,18:00,423
7793192283,U,OB,1,1,350,124111,55,20:00.0,1,22:00,615
779319243X,U,IB,1,1,649,135104,113,14:00.0,3,3:00,108
7793192788,U,OB,1,1,318,137801,50,35:00.0,2,3:00,423
7793193109,U,OB,1,1,365,134673,22,03:00.0,7,19:00,433
7793193154,U,CTY,1,2,550,290268,192,43:00.0,3,22:00,881
779319320X,U,CTY,1,5,8715,130828,172,11:00.0,1,10:00,525
7793193511,U,OB,1,1,345,138087,67,27:00.0,5,6:00,348
779319353X,U,CTY,1,5,2445,128293,175,56:00.0,5,19:00,132
7793193796,U,IB,1,1,1220,430631,143,00:00.0,7,9:00,322
7793194144,U,CTY,1,1,340,123825,174,22:00.0,1,15:00,213
7793194171,U,OB,1,1,241,137801,50,07:00.0,2,4:00,423
7793194795,U,OB,1,3,1284,558986,52,58:00.0,3,5:00,695
7793194997,U,IB,1,1,920,134038,114,08:00.0,5,4:00,213
7793195006,U,OB,1,1,235,139487,52,46:00.0,7,10:00,409
7793195042,U,OB,1,1,160,841940,49,15:00.0,6,20:00,422
7793195125,U,OB,1,1,163,211424,31,50:00.0,2,7:00,740
7793195143,U,OB,1,1,171,830890,72,52:00.0,6,18:00,422
7793195437,U,CTY,1,2,575,136002,174,18:00.0,2,7:00,246
779319551X,U,OB,1,2,1460,211424,31,04:00.0,2,7:00,740
7793195675,U,OB,1,1,50,135875,88,33:00.0,7,2:00,187
779319573X,U,OB,1,1,280,841940,49,19:00.0,6,20:00,422
7793195767,U,OB,1,2,906,121819,90,37:00.0,1,10:00,617
7793195776,U,IB,1,1,705,128609,145,17:00.0,1,17:00,381
7793195868,U,OB,1,1,545,530109,38,54:00.0,7,0:00,422
7793196088,U,OB,1,1,120,530109,38,38:00.0,7,0:00,422
7793196243,U,IB,1,1,300,118641,133,34:00.0,3,18:00,216
7793196317,U,OB,1,1,135,530109,38,40:00.0,7,0:00,422
7793196528,U,OB,1,2,1034,530109,38,33:00.0,7,1:00,422
7793196582,U,IB,1,2,650,138120,152,58:00.0,4,13:00,251
7793196885,U,OB,1,1,268,530109,38,45:00.0,7,0:00,422
7793197123,U,IB,1,1,680,140093,143,17:00.0,1,18:00,381
7793197132,U,OB,1,1,185,128129,69,33:00.0,7,7:00,421
7793197619,U,CTY,1,1,300,121486,192,34:00.0,5,4:00,857
7793197857,U,CTY,1,1,75,121486,192,56:00.0,5,3:00,243
7793197985,U,IB,1,4,5020,558917,131,53:00.0,3,13:00,244
7793198113,U,CTY,1,1,455,135370,197,04:00.0,1,18:00,683
7793198214,U,IB,1,1,306,128291,105,41:00.0,7,7:00,245
7793198306,U,OB,1,1,440,134483,51,45:00.0,4,3:00,409
7793198360,U,OB,1,1,480,125591,18,43:00.0,1,6:00,740
7793198571,U,OB,1,1,570,134771,95,43:00.0,3,6:00,108
7793198975,U,CTY,1,1,195,132120,175,33:00.0,5,3:00,851
7793199130,U,OB,1,1,438,126859,78,00:00.0,1,13:00,511
7793199269,U,OB,1,1,723,127512,43,48:00.0,1,3:00,644
7793199314,U,CTY,1,1,340,135370,197,26:00.0,1,16:00,730
7793199379,U,CTY,1,3,3877,138115,195,29:00.0,1,10:00,246
7793199424,U,OB,1,2,2448,136483,46,40:00.0,2,0:00,740
7793199498,U,CTY,1,1,1815,249095,187,08:00.0,4,14:00,662
7793199754,U,CTY,1,1,250,830967,231,32:00.0,3,10:00,422
7793199754,U,CTY,1,1,250,830967,231,26:00.0,2,21:00,422
7793199754,U,OB,1,1,250,830967,63,19:00.0,2,19:00,422
7793199873,U,IB,1,1,155,134978,117,56:00.0,2,13:00,890
7793200039,U,OB,1,1,2000,138848,43,31:00.0,4,5:00,740
7793200167,U,CTY,1,1,226,530810,187,27:00.0,6,1:00,108
7793200268,U,IB,1,1,225,135104,113,10:00.0,3,2:00,108
7793200479,U,CTY,1,2,2653,45605,175,43:00.0,5,15:00,152
7793200616,U,IB,1,1,1534,138216,163,29:00.0,1,16:00,371
7793200881,U,IB,1,3,1042,136167,117,19:00.0,2,3:00,616
7793201065,U,IB,1,1,300,132842,141,05:00.0,7,3:00,881
7793201660,U,IB,1,1,710,290910,135,57:00.0,7,11:00,462
7793201698,U,OB,1,1,248,134771,95,49:00.0,3,3:00,108
7793201716,U,OB,1,1,902,134678,43,41:00.0,2,6:00,433
7793201826,U,OB,1,1,80,131402,43,31:00.0,3,13:00,455
7793201835,U,OB,1,1,1100,134637,53,45:00.0,6,5:00,421
7793202138,U,OB,1,1,595,131793,43,50:00.0,7,10:00,411
7793202239,U,OB,1,1,2139,131793,43,09:00.0,7,11:00,411
7793202614,U,CTY,1,1,15,134974,231,42:00.0,3,22:00,304
7793202614,U,CTY,1,1,15,134974,231,42:00.0,3,22:00,304
7793202944,U,OB,1,6,676,136374,76,50:00.0,1,6:00,740
7793202953,U,CTY,1,1,90,278078,231,33:00.0,5,18:00,695
7793202953,U,IB,1,1,90,278078,149,24:00.0,5,4:00,695
7793203081,U,OB,1,1,295,200693,59,19:00.0,4,5:00,202
7793203081,U,OB,1,1,295,200693,59,19:00.0,4,5:00,202
7793203090,U,IB,1,2,346,431218,114,18:00.0,7,20:00,435
7793203182,U,OB,1,1,50,125746,46,20:00.0,6,0:00,754
7793203348,U,OB,1,4,3060,125743,46,00:00.0,5,9:00,580
7793203586,U,IB,1,1,151,530418,123,45:00.0,1,3:00,202
7793203669,U,IB,1,2,1440,128609,161,47:00.0,1,20:00,381
7793203669,U,IB,1,2,1440,128609,145,58:00.0,1,16:00,381
7793203678,U,IB,1,1,310,139874,111,01:00.0,1,4:00,447
7793203889,U,IB,1,1,350,R44787995,111,50:00.0,7,14:00,447
7793204026,U,IB,1,1,1000,139567,116,37:00.0,1,7:00,431
779320442X,U,CTY,1,1,138,126655,194,06:00.0,5,17:00,813
7793204576,U,OB,1,1,240,830967,63,42:00.0,2,19:00,422
7793204603,U,CTY,1,2,1110,134377,196,57:00.0,5,1:00,479
7793204695,U,OB,1,3,4920,560345,60,08:00.0,6,22:00,422
7793205153,U,CTY,1,1,65,139877,172,39:00.0,7,21:00,261
7793205759,U,IB,1,1,450,261175,158,52:00.0,5,0:00,261
7793205941,U,OB,1,1,96,136112,48,44:00.0,4,6:00,740
7793206199,U,CTY,1,1,950,202127,205,53:00.0,2,8:00,112
7793206318,U,IB,1,1,130,128150,135,18:00.0,2,21:00,108
7793206372,U,OB,1,4,3105,211424,31,31:00.0,2,7:00,740
7793206437,U,CTY,1,1,147,558629,210,19:00.0,3,6:00,218
7793206437,U,CTY,1,1,147,558629,210,12:00.0,2,0:00,218
7793206437,U,IB,1,1,147,558629,117,38:00.0,1,7:00,218
779320673X,U,OB,1,1,2990,136483,46,02:00.0,2,1:00,740
7793206886,U,OB,1,1,400,122820,52,59:00.0,1,1:00,411
779320695X,U,OB,1,1,286,134678,43,08:00.0,2,11:00,433
7793207629,U,CTY,1,1,260,132075,175,38:00.0,2,1:00,324
7793208069,U,IB,1,2,1170,290935,149,26:00.0,1,6:00,455
7793208069,U,CTY,1,2,1170,290935,224,22:00.0,1,18:00,455
7793208536,U,OB,1,1,150,128131,51,00:00.0,2,13:00,402
7793208545,U,OB,1,2,2300,133626,55,34:00.0,3,2:00,435
7793208911,U,CTY,1,1,229,134562,192,46:00.0,5,10:00,152
779320893X,U,OB,1,1,243,125591,18,24:00.0,1,8:00,740
7793208949,U,OB,1,3,1795,128784,31,12:00.0,7,13:00,433
7793208967,U,CTY,1,1,400,137647,173,43:00.0,2,9:00,261
7793209059,U,CTY,1,1,204,45605,175,43:00.0,5,15:00,152
7793209306,U,IB,1,7,6128,131123,150,40:00.0,4,15:00,569
7793209389,U,OB,1,1,768,132124,32,04:00.0,1,20:00,754
7793209562,U,IB,1,2,522,PASC175379,151,37:00.0,2,17:00,336
7793209571,U,IB,1,1,240,134519,163,48:00.0,2,19:00,890
7793209791,U,CTY,1,1,1271,138134,188,02:00.0,2,18:00,312
7793210231,U,IB,1,1,290,390044,111,08:00.0,3,3:00,218
779321036X,U,OB,1,8,5798,124111,55,46:00.0,1,20:00,615
779321047X,U,IB,1,1,239,290935,149,08:00.0,1,8:00,455
779321047X,U,CTY,1,1,239,290935,180,48:00.0,1,16:00,455
7793210626,U,CTY,1,2,1600,126655,194,26:00.0,5,18:00,813
7793211194,U,OB,1,1,1800,134483,51,13:00.0,4,4:00,409
7793211286,U,OB,1,1,518,390229,51,39:00.0,6,22:00,422
7793211322,U,CTY,1,1,749,127920,195,42:00.0,3,1:00,315
7793211387,U,CTY,1,1,1399,137647,173,27:00.0,2,12:00,261
779321146X,U,CTY,1,1,895,132075,175,48:00.0,2,2:00,324
779321168X,U,IB,1,3,3050,131829,160,05:00.0,3,15:00,890
779321168X,U,IB,1,3,3050,131829,143,03:00.0,3,15:00,890
7793212000,U,IB,1,1,190,131475,104,35:00.0,7,5:00,642
7793212395,U,IB,1,1,472,PASC634516,151,06:00.0,7,12:00,309
7793212469,U,OB,1,1,969,138406,40,02:00.0,2,7:00,682
779321322X,U,OB,1,6,4320,560817,86,30:00.0,7,8:00,433
7793213257,U,IB,1,1,435,TTMS910575,151,34:00.0,3,20:00,808
7793213421,U,OB,1,2,5675,249085,32,13:00.0,4,5:00,402
7793213742,U,CTY,1,1,900,126655,194,42:00.0,5,16:00,813
7793213760,U,OB,1,3,3375,904254,5,30:00.0,6,18:00,422
7793213807,U,OB,1,1,704,127512,43,07:00.0,1,3:00,644
7793213834,U,CTY,1,1,490,45605,175,14:00.0,5,15:00,152
7793213962,U,CTY,1,1,331,129553,168,20:00.0,2,14:00,534
779321399X,U,CTY,1,1,220,133744,194,36:00.0,4,22:00,251
7793214045,U,OB,1,1,620,560345,60,35:00.0,6,19:00,422
7793214301,U,OB,1,1,230,128131,51,37:00.0,2,14:00,684
7793214402,U,OB,1,1,488,530109,38,48:00.0,7,0:00,422
7793214687,U,OB,1,2,1371,138587,31,03:00.0,4,4:00,841
779321476X,U,OB,1,2,480,138485,49,37:00.0,1,19:00,754
7793214860,U,OB,1,1,116,530109,38,36:00.0,7,0:00,422
7793214889,U,OB,1,3,1685,560817,86,19:00.0,7,7:00,433
7793215410,U,OB,1,2,39,211424,31,41:00.0,2,7:00,740
7793215484,U,OB,1,4,650,200693,54,17:00.0,4,3:00,202
7793215484,U,IB,1,4,650,200693,114,16:00.0,4,3:00,202
7793215787,U,OB,1,1,140,138316,53,44:00.0,2,17:00,671
779321586X,U,CTY,1,6,299,132787,188,53:00.0,5,8:00,875
7793216126,U,IB,1,2,320,136167,117,49:00.0,2,2:00,647
779321630X,U,IB,1,1,2550,128150,135,04:00.0,2,22:00,123
7793216328,U,IB,1,2,960,128609,145,13:00.0,1,17:00,381
7793216346,U,CTY,1,1,304,138134,188,20:00.0,2,19:00,312
7793216795,U,IB,1,2,597,129515,113,19:00.0,4,6:00,326
7793216941,U,OB,1,1,50,128013,89,04:00.0,7,13:00,433
7793217060,U,IB,1,2,476,430631,143,12:00.0,7,11:00,322
7793217372,U,OB,1,3,1593,138485,49,51:00.0,1,22:00,754
7793217437,U,OB,1,1,50,134673,22,57:00.0,7,18:00,433
7793217693,U,IB,1,1,592,135104,113,05:00.0,3,3:00,108
7793217767,U,OB,1,1,50,129899,72,04:00.0,1,8:00,433
7793217776,U,OB,1,1,374,140236,46,35:00.0,6,20:00,423
7793217978,U,IB,1,1,210,123280,111,31:00.0,1,0:00,216
7793218151,U,OB,1,1,1035,842193,38,59:00.0,6,20:00,422
7793218638,U,IB,1,1,285,125619,143,23:00.0,1,16:00,243
7793218665,U,OB,1,1,170,128131,51,28:00.0,2,15:00,402
7793218701,U,OB,1,11,2640,82703,65,23:00.0,2,21:00,422
7793218757,U,CTY,1,1,744,125889,175,32:00.0,7,8:00,244
7793218876,U,OB,1,1,243,530109,38,42:00.0,7,0:00,422
7793219298,U,CTY,1,8,1685,128229,R4  ,52:00.0,3,10:00,326
7793219325,U,OB,1,1,358,131020,10,44:00.0,7,21:00,421
7793219325,U,OB,1,1,358,131020,14,47:00.0,7,6:00,421
7793219572,U,CTY,1,1,23,290117,188,55:00.0,3,13:00,312
779321993X,U,OB,1,1,104,131995,66,33:00.0,7,18:00,402
7793219985,U,IB,1,1,1530,135982,145,23:00.0,4,15:00,896
7793220131,U,CTY,1,1,481,261007,176,03:00.0,4,16:00,326
7793220461,U,OB,1,1,770,128129,69,48:00.0,7,6:00,421
779322059X,U,OB,1,1,280,127977,95,27:00.0,3,12:00,617
779322070X,U,IB,1,1,1200,121397,151,26:00.0,6,7:00,847
779322070X,U,CTY,1,1,1200,121397,220,09:00.0,7,1:00,847
7793220957,U,OB,1,2,5200,559026,60,19:00.0,2,21:00,422
7793220975,U,IB,1,3,772,134387,111,52:00.0,3,21:00,431
7793221049,U,IB,1,2,865,133648,151,54:00.0,1,6:00,326
7793221278,U,CTY,1,2,975,134046,196,04:00.0,5,21:00,881
7793221305,U,OB,1,2,700,125591,18,12:00.0,1,7:00,740
7793221406,U,CTY,1,1,881,132787,188,11:00.0,5,8:00,875
7793221433,U,CTY,1,1,650,124215,231,34:00.0,5,6:00,347
7793221433,U,IB,1,1,650,124215,125,33:00.0,4,14:00,347
7793221790,U,OB,1,2,2560,560345,60,55:00.0,6,19:00,422
7793221882,U,IB,1,1,89,138486,104,01:00.0,2,2:00,205
7793221965,U,IB,1,2,610,TTMS910575,151,51:00.0,3,22:00,896
7793221974,U,IB,1,1,215,125619,143,50:00.0,1,15:00,243
779322224X,U,OB,1,1,362,202465,78,56:00.0,4,6:00,145
7793222268,U,IB,1,1,1300,131955,113,34:00.0,5,10:00,187
7793222295,U,OB,1,1,380,139487,52,03:00.0,7,11:00,409
7793222396,U,OB,1,1,920,140148,22,26:00.0,5,21:00,522
7793222515,U,CTY,1,1,300,138449,196,59:00.0,3,9:00,100
7793222699,U,IB,1,2,924,261196,152,24:00.0,5,7:00,898
7793222708,U,IB,1,1,600,134978,117,05:00.0,2,13:00,890
779322279X,U,OB,1,1,1447,128150,94,49:00.0,3,3:00,108
779322279X,U,IB,1,1,1447,128150,135,20:00.0,2,21:00,108
7793222872,U,OB,1,1,131,530109,38,31:00.0,7,0:00,422
7793222964,U,CTY,1,1,337,132787,218,30:00.0,5,7:00,875
7793222964,U,CTY,1,1,337,132787,188,25:00.0,5,7:00,875
7793223139,U,OB,1,1,25,138483,22,36:00.0,7,6:00,740
7793223193,U,CTY,1,4,788,132787,188,13:00.0,5,10:00,875
7793223211,U,IB,1,2,1290,127772,158,10:00.0,4,0:00,479
7793223267,U,IB,1,1,20,127051,116,27:00.0,3,3:00,890
7793223954,U,OB,1,1,1015,137797,72,44:00.0,4,17:00,522
7793224192,U,CTY,1,2,56,132787,220,57:00.0,6,12:00,875
7793224192,U,CTY,1,2,56,132787,210,26:00.0,6,6:00,875
7793224192,U,CTY,1,2,56,132787,188,27:00.0,5,9:00,875
779322444X,U,OB,1,1,3532,126885,96,33:00.0,3,22:00,211
7793224495,U,OB,1,1,325,125149,50,33:00.0,7,18:00,423
779322455X,U,IB,1,1,555,131327,104,40:00.0,7,18:00,292
779322455X,U,OB,1,1,555,131327,97,48:00.0,7,21:00,292
7793224715,U,CTY,1,1,316,132787,188,22:00.0,5,8:00,875
7793224798,U,OB,1,1,440,139487,52,38:00.0,7,10:00,409
7793224798,U,OB,1,1,440,139487,30,10:00.0,2,9:00,409
7793225182,U,IB,1,2,2800,124340,112,05:00.0,4,10:00,244
7793225384,U,OB,1,4,1144,136173,49,21:00.0,1,0:00,455
7793225449,U,CTY,1,3,4657,530752,205,22:00.0,5,17:00,881
7793225449,U,CTY,1,3,4657,530752,173,41:00.0,5,15:00,881
7793225494,U,OB,1,1,115,127135,78,04:00.0,4,16:00,809
779322565X,U,OB,1,1,315,139487,52,56:00.0,7,10:00,409
7793225860,U,IB,1,5,1691,430528,105,21:00.0,6,19:00,435
7793226356,U,OB,1,1,52,126502,48,57:00.0,3,0:00,447
7793226924,U,IB,1,1,908,140026,104,31:00.0,3,11:00,432
7793227153,U,IB,1,1,225,128759,125,34:00.0,1,3:00,511
7793227236,U,IB,1,1,110,134519,163,35:00.0,2,18:00,890
7793227346,U,IB,1,1,649,134289,129,06:00.0,7,16:00,873
7793227667,U,IB,1,1,410,127816,113,52:00.0,3,12:00,216
7793227730,U,CTY,1,3,1780,290268,192,16:00.0,3,21:00,881
7793227950,U,CTY,1,1,50,138097,194,33:00.0,5,10:00,313
7793228015,U,OB,1,1,190,134176,89,13:00.0,1,4:00,455
7793228464,U,CTY,1,1,50,138097,194,38:00.0,5,10:00,313
7793228491,U,CTY,1,1,226,134046,196,20:00.0,5,22:00,881
7793228904,U,OB,1,1,1230,128325,52,33:00.0,4,5:00,616
7793229124,U,CTY,1,1,225,126655,194,01:00.0,5,16:00,814
7793229142,U,CTY,1,1,255,290268,192,20:00.0,3,21:00,881
7793229481,U,IB,1,1,2480,261138,145,34:00.0,5,1:00,525
7793229564,U,IB,1,1,235,261138,145,18:00.0,5,3:00,525
7793229775,U,CTY,1,1,255,290268,192,48:00.0,3,22:00,881
7793229885,U,OB,1,1,707,133228,63,48:00.0,3,4:00,432
7793229885,U,OB,1,1,707,133228,3,16:00.0,3,6:00,432
7793230518,U,OB,1,1,1100,290336,90,42:00.0,7,15:00,783
7793231865,U,OB,1,1,352,112503,52,58:00.0,1,22:00,422
7793231883,U,OB,1,1,600,112503,52,59:00.0,1,22:00,422
7793231892,U,OB,1,1,325,112503,52,59:00.0,1,22:00,422
7793231901,U,OB,1,2,1398,430228,32,18:00.0,1,9:00,422
7793231948,U,OB,1,4,1860,430228,32,00:00.0,1,11:00,422
7793232168,U,OB,1,1,99,430228,32,09:00.0,1,8:00,422
7793232222,U,OB,1,1,397,430228,32,25:00.0,1,8:00,422
7793232231,U,OB,1,1,412,112503,35,54:00.0,2,0:00,422
7793232231,U,OB,1,1,412,112503,35,54:00.0,2,0:00,422
7793232305,U,OB,1,1,120,138848,43,01:00.0,4,6:00,740
779323236X,U,OB,1,4,1912,430228,32,20:00.0,1,8:00,422
7793232379,U,OB,1,2,755,112503,52,56:00.0,1,22:00,422
7793232415,U,OB,1,2,1236,112503,52,57:00.0,1,22:00,422
7793232433,U,OB,1,1,369,430228,32,22:00.0,1,8:00,422
7793232451,U,OB,1,3,1216,430228,32,13:00.0,1,8:00,422
7793232498,U,OB,1,1,382,430228,32,27:00.0,1,7:00,422
7793232516,U,OB,1,1,600,430228,32,13:00.0,1,9:00,422
7793232599,U,OB,1,1,309,112503,52,57:00.0,1,22:00,422
7793232608,U,OB,1,1,595,112503,52,56:00.0,1,22:00,422
7793232608,U,OB,1,1,595,112503,35,08:00.0,2,1:00,422
7793232608,U,OB,1,1,595,112503,35,08:00.0,2,1:00,422
7793232635,U,OB,1,1,445,112503,52,56:00.0,1,22:00,422
779323368X,U,IB,1,1,25,124338,105,43:00.0,4,12:00,671
7793233726,U,IB,1,1,210,131940,133,19:00.0,6,2:00,863
7793233726,U,CTY,1,1,210,131940,191,20:00.0,6,2:00,863
7793233735,U,OB,1,10,450,133626,55,51:00.0,3,1:00,435
7793233771,U,CTY,1,1,1640,00DOCK,216,49:00.0,2,0:00,422
7793233854,U,OB,1,1,570,129885,52,29:00.0,6,7:00,421
7793233937,U,IB,1,1,150,125429,143,20:00.0,7,15:00,830
7793233964,U,OB,1,1,400,136268,49,18:00.0,3,3:00,433
7793234074,U,OB,1,3,1014,131130,46,59:00.0,4,17:00,402
7793234249,U,OB,1,3,168,139461,86,59:00.0,3,19:00,402
7793234615,U,CTY,1,2,2615,133646,186,51:00.0,3,23:00,213
779323555X,U,CTY,1,1,360,133888,231,11:00.0,4,15:00,122
779323555X,U,CTY,1,1,360,133888,231,11:00.0,4,15:00,122
7793235742,U,IB,1,1,34,136719,116,25:00.0,5,6:00,211
7793235843,U,CTY,1,1,250,135900,168,14:00.0,5,8:00,152
7793236164,U,OB,1,1,78,138115,73,17:00.0,5,1:00,490
779323621X,U,OB,1,1,300,249290,51,24:00.0,3,6:00,409
7793236283,U,OB,1,1,341,136938,75,37:00.0,3,3:00,322
7793236402,U,OB,1,4,2200,136484,17,59:00.0,4,11:00,402
7793236476,U,OB,1,1,133,136746,22,47:00.0,3,10:00,402
7793236503,U,OB,1,1,425,249290,51,34:00.0,3,6:00,409
7793236687,U,OB,1,1,125,126502,48,11:00.0,3,2:00,447
7793236860,U,CTY,1,1,129,130752,172,49:00.0,6,8:00,218
7793237136,U,IB,1,4,1180,134163,143,08:00.0,4,21:00,232
7793237163,U,IB,1,3,1215,137761,114,12:00.0,6,12:00,132
7793237190,U,OB,1,1,1343,135826,74,51:00.0,4,11:00,616
7793237365,U,IB,1,1,550,131085,141,42:00.0,3,22:00,857
7793237439,U,OB,1,1,240,132358,49,32:00.0,4,20:00,465
7793237493,U,OB,1,1,240,132358,49,32:00.0,4,20:00,465
7793237520,U,CTY,1,1,175,135731,197,12:00.0,5,19:00,312
7793237686,U,OB,1,1,600,128622,63,04:00.0,4,15:00,402
7793238034,U,CTY,1,1,2865,129714,172,15:00.0,4,2:00,135
7793238117,U,CTY,1,1,930,128483,187,36:00.0,3,16:00,324
7793238153,U,CTY,1,1,1100,140306,174,19:00.0,5,14:00,303
7793238227,U,OB,1,3,418,131836,89,11:00.0,4,21:00,525
7793238245,U,CTY,1,2,5365,133390,202,44:00.0,4,14:00,135
7793238382,U,OB,1,1,250,430060,53,56:00.0,3,0:00,422
7793238438,U,OB,1,1,210,830890,38,42:00.0,2,18:00,422
7793238548,U,OB,1,1,306,830890,38,01:00.0,2,19:00,422
7793238566,U,OB,1,4,10655,249085,32,45:00.0,4,11:00,402
779323863X,U,OB,1,1,510,830890,38,03:00.0,2,19:00,422
7793238703,U,OB,1,10,450,139872,51,31:00.0,5,3:00,435
7793238786,U,OB,1,1,205,830890,38,05:00.0,2,19:00,422
7793238795,U,OB,1,1,240,132358,49,32:00.0,4,20:00,465
7793238813,U,OB,1,1,341,125035,31,41:00.0,3,12:00,433
7793238840,U,IB,1,1,1100,PASC33311,145,15:00.0,4,11:00,309
7793238869,U,IB,1,1,498,127816,113,07:00.0,3,11:00,216
7793238887,U,OB,1,3,6090,138848,43,30:00.0,4,3:00,740
7793238905,U,OB,1,1,240,132358,49,32:00.0,4,20:00,465
7793238932,U,OB,1,1,1050,140160,52,56:00.0,4,2:00,423
7793239006,U,OB,1,1,260,830890,38,03:00.0,2,19:00,422
7793239134,U,CTY,1,1,227,133888,231,41:00.0,4,16:00,178
7793239134,U,CTY,1,1,227,133888,231,41:00.0,4,16:00,178
7793239152,U,OB,1,1,460,830890,38,38:00.0,2,18:00,422
7793239244,U,CTY,1,1,310,131978,173,51:00.0,5,10:00,303
7793239271,U,OB,1,1,447,830890,38,59:00.0,2,18:00,422
7793239455,U,IB,1,10,450,132364,143,32:00.0,6,15:00,518
7793239491,U,OB,1,1,510,133646,97,36:00.0,4,6:00,213
7793239491,U,OB,1,1,510,133646,97,01:00.0,4,0:00,213
7793239491,U,OB,1,1,510,133646,97,01:00.0,4,0:00,213
7793239538,U,OB,1,1,135,128783,63,13:00.0,6,21:00,108
7793239684,U,CTY,1,1,736,134568,168,19:00.0,3,18:00,318
7793239904,U,OB,1,1,225,125786,40,43:00.0,4,3:00,423
7793239996,U,CTY,1,2,1169,134974,187,19:00.0,4,1:00,324
7793240207,U,OB,1,1,49,136112,48,48:00.0,4,8:00,740
7793240270,U,OB,1,1,240,132358,49,32:00.0,4,20:00,465
7793240371,U,OB,1,1,540,136112,48,47:00.0,4,7:00,740
779324050X,U,IB,1,1,400,131955,113,57:00.0,5,10:00,187
7793240546,U,IB,1,1,300,125220,164,44:00.0,6,9:00,205
7793240692,U,OB,1,1,2043,291199,55,15:00.0,3,4:00,433
7793240885,U,OB,1,1,395,830890,69,34:00.0,5,18:00,422
7793241453,U,OB,1,1,130,136611,46,59:00.0,3,7:00,202
7793241480,U,CTY,1,1,58,127381,188,43:00.0,4,12:00,312
7793241527,U,CTY,1,1,225,128483,187,49:00.0,3,16:00,324
7793241673,U,OB,1,2,2700,261137,76,41:00.0,3,3:00,432
7793241729,U,CTY,1,1,60,T402217967,187,49:00.0,5,0:00,312
7793242470,U,CTY,1,1,368,138842,187,54:00.0,4,6:00,381
7793242571,U,IB,1,1,15,124338,105,43:00.0,4,12:00,671
7793242609,U,OB,1,1,530,128804,60,16:00.0,4,12:00,615
779324270X,U,OB,1,2,1052,131836,89,15:00.0,4,21:00,525
7793242856,U,OB,1,3,2649,261137,76,25:00.0,3,2:00,432
7793242948,U,OB,1,1,747,126502,48,35:00.0,3,2:00,447
7793243121,U,CTY,1,1,100,135731,197,12:00.0,5,14:00,312
7793243222,U,IB,1,2,1444,137761,114,16:00.0,6,12:00,150
7793243231,U,OB,1,1,335,131402,43,07:00.0,3,13:00,455
7793243442,U,CTY,1,2,5353,133390,202,31:00.0,4,14:00,135
7793243507,U,IB,1,4,570,129829,125,40:00.0,6,3:00,198
7793243516,U,OB,1,1,453,211026,40,24:00.0,3,14:00,644
7793243516,U,OB,1,1,453,211026,59,35:00.0,3,15:00,644
7793243617,U,CTY,1,2,918,129893,174,59:00.0,5,18:00,347
7793243763,U,IB,1,1,480,131955,113,03:00.0,5,9:00,187
7793243837,U,IB,1,2,506,132751,149,47:00.0,7,23:00,569
7793244111,U,CTY,1,1,550,134046,196,36:00.0,5,21:00,881
7793244964,U,IB,1,4,1427,138120,152,34:00.0,4,13:00,251
7793246037,U,CTY,1,1,805,133888,231,43:00.0,4,15:00,111
7793246037,U,CTY,1,1,805,133888,189,38:00.0,4,15:00,111
7793246394,U,OB,1,1,137,125159,72,05:00.0,4,7:00,695
7793246742,U,OB,1,1,300,138115,73,57:00.0,5,1:00,412
7793246751,U,OB,1,1,149,126502,48,15:00.0,3,2:00,447
7793246861,U,OB,1,1,320,CVEN44635,95,09:00.0,4,19:00,150
7793246935,U,OB,1,4,3920,CVEN44635,95,07:00.0,4,21:00,126
7793247503,U,CTY,1,1,600,133390,202,51:00.0,4,12:00,150
7793247696,U,CTY,1,1,55,127381,188,00:00.0,4,13:00,312
7793247723,U,IB,1,1,500,131955,113,28:00.0,5,9:00,187
7793247833,U,OB,1,1,392,128804,60,18:00.0,4,12:00,615
7793247970,U,OB,1,2,1700,HAEI26237,67,25:00.0,5,20:00,508
7793248659,U,OB,1,1,407,87995,39,23:00.0,2,21:00,422
7793248713,U,IB,1,1,106,129829,125,34:00.0,6,3:00,256
7793248731,U,OB,1,1,190,138587,31,53:00.0,4,4:00,455
7793249007,U,CTY,1,1,688,132314,173,00:00.0,7,20:00,132
7793249218,U,CTY,1,1,236,132718,187,04:00.0,5,22:00,244
7793249914,U,IB,1,2,1195,135862,141,17:00.0,7,20:00,875
7793249950,U,OB,1,4,9000,132096,95,56:00.0,4,10:00,216
7793250309,U,OB,1,10,2814,CVEN44635,95,48:00.0,4,22:00,135
7793250309,U,OB,1,10,2814,CVEN44635,97,29:00.0,5,6:00,135
7793251005,U,CTY,1,1,30,130514,196,52:00.0,4,14:00,312
7793251757,U,CTY,1,1,1006,530752,173,29:00.0,5,18:00,881
7793251959,U,CTY,1,1,370,137462,188,41:00.0,6,16:00,820
7793252242,U,OB,1,1,225,138823,39,45:00.0,3,16:00,455
7793252289,U,IB,1,1,360,PASC634013,143,16:00.0,5,14:00,304
7793252334,U,OB,1,1,2262,136999,39,35:00.0,4,7:00,685
7793252352,U,OB,1,1,450,128260,58,20:00.0,4,12:00,714
7793252729,U,IB,1,3,1522,135862,141,22:00.0,7,19:00,875
7793252848,U,OB,1,2,1140,117039,32,07:00.0,3,12:00,415
7793252994,U,OB,1,1,452,137797,72,34:00.0,4,13:00,521
7793253012,U,IB,1,1,55,131973,114,59:00.0,4,19:00,303
7793253095,U,IB,1,1,613,261205,127,57:00.0,4,6:00,381
7793253315,U,OB,1,1,634,136611,46,48:00.0,3,7:00,202
7793253434,U,OB,1,1,213,136611,46,52:00.0,3,5:00,202
7793253571,U,OB,1,1,113,136611,46,11:00.0,3,7:00,202
7793253690,U,OB,1,1,110,136611,46,24:00.0,3,5:00,202
7793253782,U,OB,1,1,92,136611,46,45:00.0,3,7:00,202
7793253910,U,IB,1,1,1200,128898,133,28:00.0,5,15:00,890
7793253966,U,IB,1,2,673,129764,141,48:00.0,5,16:00,326
7793254341,U,OB,1,2,480,560345,40,00:00.0,3,0:00,422
7793254415,U,OB,1,2,2362,278731,49,17:00.0,3,11:00,411
7793254662,U,OB,1,1,410,560345,40,04:00.0,3,0:00,422
7793254772,U,IB,1,1,317,127905,111,03:00.0,6,0:00,132
7793254929,U,OB,1,2,1657,138115,73,55:00.0,5,6:00,412
7793255066,U,OB,1,1,28,126349,73,54:00.0,7,6:00,685
7793255194,U,IB,1,2,1300,137436,119,04:00.0,6,16:00,890
7793255194,U,OB,1,2,1300,137436,97,05:00.0,6,16:00,890
7793255203,U,OB,1,1,540,133770,84,50:00.0,3,13:00,245
7793255322,U,CTY,1,2,1224,T402217967,187,26:00.0,4,22:00,272
779325535X,U,OB,1,2,1170,137797,72,01:00.0,4,17:00,521
7793256065,U,IB,1,1,80,290987,112,36:00.0,4,18:00,205
7793256368,U,IB,1,2,633,125495,123,45:00.0,3,22:00,246
7793256404,U,OB,1,1,330,130521,51,18:00.0,3,8:00,411
7793256469,U,OB,1,1,50,129746,96,56:00.0,5,1:00,432
7793256597,U,OB,1,1,2114,138848,43,03:00.0,4,3:00,740
7793256799,U,OB,1,1,374,278731,49,43:00.0,3,9:00,411
7793257046,U,CTY,1,1,610,118529,206,31:00.0,6,11:00,615
7793257239,U,OB,1,1,560,HAEI26361,86,56:00.0,7,22:00,841
7793257540,U,OB,1,1,186,138823,39,54:00.0,3,16:00,455
7793257697,U,CTY,1,1,37,127381,188,03:00.0,4,12:00,312
7793257816,U,CTY,1,3,2367,211204,196,56:00.0,7,2:00,783
7793258173,U,OB,1,1,3681,136511,17,54:00.0,4,21:00,557
7793258247,U,CTY,1,1,70,T402217967,187,12:00.0,4,22:00,312
7793258283,U,OB,1,1,529,136611,46,37:00.0,3,7:00,202
7793258292,U,IB,1,1,690,134289,129,11:00.0,7,15:00,873
7793258640,U,OB,1,1,270,136611,46,34:00.0,3,7:00,202
7793258779,U,OB,1,1,105,136611,46,50:00.0,3,5:00,202
7793258797,U,IB,1,1,100,133274,129,14:00.0,3,22:00,218
7793258898,U,CTY,1,1,252,127296,R407,04:00.0,4,14:00,315
7793258898,U,CTY,1,1,252,127296,175,39:00.0,4,12:00,315
7793258934,U,OB,1,1,338,136112,48,54:00.0,4,6:00,740
779325898X,U,OB,1,1,207,130521,51,33:00.0,3,8:00,411
7793259080,U,CTY,1,3,1400,132920,175,12:00.0,6,1:00,418
779325953X,U,OB,1,1,515,140160,52,29:00.0,4,1:00,423
7793259567,U,IB,1,3,1365,278078,149,38:00.0,5,5:00,615
7793259841,U,IB,1,1,210,261280,127,12:00.0,5,18:00,145
7793259888,U,IB,1,3,3686,134682,116,45:00.0,4,21:00,318
7793260043,U,IB,1,1,303,132414,164,26:00.0,4,7:00,244
7793260272,U,OB,1,1,948,211026,40,56:00.0,3,13:00,644
7793260382,U,OB,1,1,60,136112,48,59:00.0,4,6:00,740
7793260510,U,OB,1,1,239,249290,51,15:00.0,3,4:00,409
7793260557,U,CTY,1,2,2285,290791,187,56:00.0,7,18:00,641
7793261125,U,IB,1,2,66,135862,141,01:00.0,7,19:00,875
7793261217,U,IB,1,1,518,135919,131,41:00.0,4,2:00,243
7793261446,U,OB,1,1,368,87995,39,17:00.0,2,21:00,422
7793261500,U,CTY,1,2,2340,127039,189,26:00.0,5,22:00,223
7793261610,U,CTY,1,4,142,135731,197,09:00.0,5,19:00,312
7793261693,U,IB,1,3,2307,137417,143,10:00.0,6,2:00,861
7793261803,U,CTY,1,1,450,128252,197,47:00.0,6,10:00,881
7793261803,U,IB,1,1,450,128252,162,48:00.0,6,18:00,881
7793262041,U,OB,1,1,304,87995,39,20:00.0,2,21:00,422
7793262142,U,CTY,1,1,197,290791,187,46:00.0,7,19:00,814
7793262216,U,OB,1,1,450,131696,55,07:00.0,4,14:00,411
7793262454,U,CTY,1,1,550,138842,187,49:00.0,4,9:00,381
7793262472,U,IB,1,2,703,135919,131,13:00.0,4,3:00,243
7793262564,U,OB,1,2,1047,249234,14,11:00.0,4,13:00,415
7793262894,U,IB,1,1,442,140405,101,57:00.0,4,6:00,462
7793262986,U,IB,1,4,775,HAEI24669,151,29:00.0,4,20:00,431
7793263480,U,CTY,1,1,155,129848,194,24:00.0,5,21:00,108
7793263563,U,OB,1,1,270,139461,86,20:00.0,3,18:00,402
7793263619,U,IB,1,1,280,135862,141,19:00.0,7,19:00,875
7793263792,U,OB,1,1,176,249234,14,06:00.0,4,13:00,415
7793264279,U,OB,1,2,575,140179,49,12:00.0,4,10:00,412
7793264333,U,OB,1,1,3025,821190,50,07:00.0,3,20:00,422
7793264901,U,OB,1,1,440,133095,38,21:00.0,6,14:00,580
7793264975,U,OB,1,2,2256,353244,89,55:00.0,2,20:00,422
7793264984,U,IB,1,1,150,132535,129,44:00.0,4,12:00,304
7793265085,U,IB,1,3,5055,291293,112,28:00.0,3,8:00,292
7793265085,U,IB,1,3,5055,291293,102,29:00.0,3,8:00,292
7793265231,U,OB,1,2,1601,87995,39,13:00.0,2,21:00,422
7793265433,U,CTY,1,1,350,119660,204,31:00.0,6,16:00,881
7793265644,U,IB,1,1,1300,123274,145,57:00.0,5,7:00,244
7793265718,U,OB,1,1,660,129574,89,49:00.0,4,11:00,348
7793265754,U,IB,1,1,200,135455,117,49:00.0,5,3:00,432
7793265763,U,OB,1,1,136,125130,69,11:00.0,3,8:00,421
7793265846,U,OB,1,1,150,129696,58,23:00.0,3,18:00,411
7793265965,U,OB,1,1,350,202206,39,19:00.0,3,9:00,402
7793266066,U,OB,1,5,1468,139676,74,54:00.0,4,6:00,432
7793266102,U,CTY,1,1,425,129893,174,56:00.0,5,19:00,347
7793266120,U,CTY,1,1,1863,140306,207,30:00.0,6,3:00,303
7793266450,U,OB,1,1,580,134175,33,28:00.0,5,4:00,730
7793266450,U,OB,1,1,580,134175,48,27:00.0,5,2:00,730
7793266717,U,IB,1,1,220,122611,143,58:00.0,4,22:00,326
7793266827,U,IB,1,3,5966,125638,143,38:00.0,4,16:00,218
7793266845,U,OB,1,1,715,126301,90,24:00.0,4,5:00,447
7793267038,U,CTY,1,2,1595,261007,176,30:00.0,4,14:00,326
7793267047,U,IB,1,1,183,123777,141,02:00.0,3,15:00,216
7793267184,U,CTY,1,1,196,290245,197,09:00.0,6,14:00,315
7793267285,U,IB,1,1,150,116773,104,55:00.0,3,20:00,303
7793267321,U,IB,1,1,370,135862,141,26:00.0,7,19:00,875
779326745X,U,IB,1,1,200,311349,156,17:00.0,3,4:00,422
779326745X,U,OB,1,1,200,311349,38,31:00.0,2,22:00,422
779326745X,U,IB,1,1,200,311349,154,35:00.0,2,22:00,422
7793267651,U,CTY,1,1,522,138558,173,46:00.0,4,1:00,123
7793267698,U,OB,1,1,650,130521,51,31:00.0,3,9:00,411
7793267862,U,CTY,1,1,460,133888,189,18:00.0,4,15:00,122
7793267927,U,OB,1,1,200,311349,38,31:00.0,2,22:00,422
7793268349,U,IB,1,2,1320,290328,116,38:00.0,6,6:00,511
7793268468,U,IB,1,1,261,135982,145,29:00.0,4,15:00,532
7793268531,U,IB,1,6,754,353210,158,59:00.0,5,11:00,851
7793268596,U,OB,1,1,253,130521,51,47:00.0,3,8:00,411
7793268706,U,OB,1,1,359,249290,51,11:00.0,3,4:00,409
7793268706,U,CTY,1,1,359,249290,238,48:00.0,3,21:00,409
7793268706,U,CTY,1,1,359,249290,237,08:00.0,5,20:00,409
7793268733,U,OB,1,2,1049,130521,51,19:00.0,3,9:00,411
7793269119,U,OB,1,1,183,126301,90,32:00.0,4,6:00,447
7793269200,U,OB,1,1,378,87995,39,09:00.0,2,20:00,422
7793269375,U,OB,1,3,1615,137541,38,00:00.0,3,5:00,409
7793269530,U,OB,1,1,305,127085,30,39:00.0,3,13:00,421
7793269530,U,OB,1,1,305,127085,58,25:00.0,3,8:00,421
779326954X,U,OB,1,1,132,130521,51,41:00.0,3,8:00,411
7793269559,U,OB,1,1,554,87995,39,22:00.0,2,21:00,422
7793269669,U,OB,1,1,176,130521,51,18:00.0,3,9:00,411
7793269779,U,CTY,1,2,1504,132671,189,43:00.0,6,2:00,851
7793269916,U,IB,1,2,3990,130480,143,52:00.0,7,19:00,805
7793269925,U,CTY,1,2,4450,140306,174,12:00.0,5,15:00,303
779326998X,U,OB,1,1,128,136611,46,41:00.0,3,6:00,202
7793270071,U,OB,1,1,412,87995,39,03:00.0,2,21:00,422
7793270109,U,OB,1,1,1250,82703,65,47:00.0,2,20:00,422
7793270172,U,OB,1,1,297,136611,46,45:00.0,3,6:00,202
7793270219,U,CTY,1,1,1400,131218,169,45:00.0,6,10:00,313
7793270374,U,OB,1,1,125,136611,46,46:00.0,3,5:00,202
7793270731,U,OB,1,1,200,311349,38,31:00.0,2,22:00,422
7793270933,U,CTY,1,1,200,135720,169,19:00.0,4,14:00,318
7793271209,U,OB,1,1,434,87995,39,25:00.0,2,21:00,422
7793271483,U,OB,1,1,1850,127860,60,17:00.0,4,4:00,433
7793271795,U,OB,1,1,679,390234,39,41:00.0,3,20:00,422
7793271896,U,IB,1,1,650,137436,119,04:00.0,6,16:00,890
7793271896,U,OB,1,1,650,137436,97,06:00.0,6,16:00,890
7793271941,U,IB,1,3,7584,122611,143,44:00.0,4,22:00,326
7793272051,U,OB,1,2,1200,134790,46,56:00.0,4,5:00,421
7793272098,U,IB,1,1,692,136729,149,05:00.0,3,21:00,621
779327251X,U,OB,1,2,1735,830890,40,25:00.0,3,21:00,422
7793272794,U,OB,1,1,238,130644,49,27:00.0,6,0:00,740
7793273014,U,IB,1,1,68,139808,151,45:00.0,5,15:00,890
7793273014,U,CTY,1,1,68,139808,205,22:00.0,5,17:00,890
7793273142,U,OB,1,1,900,843351,95,28:00.0,5,21:00,422
7793273216,U,OB,1,5,3338,211720,73,36:00.0,6,16:00,511
7793273528,U,CTY,1,3,1634,261353,197,29:00.0,5,6:00,511
7793273564,U,IB,1,2,1716,261257,131,17:00.0,6,7:00,322
7793273600,U,CTY,1,20,932,41166,175,18:00.0,5,9:00,309
7793273629,U,CTY,1,1,165,530752,173,08:00.0,5,16:00,881
7793273885,U,CTY,1,5,4295,530810,187,59:00.0,6,2:00,671
779327394X,U,IB,1,1,316,132842,141,32:00.0,7,3:00,881
7793274307,U,OB,1,1,1201,139872,51,55:00.0,5,3:00,435
7793274343,U,CTY,1,1,620,125630,197,18:00.0,7,6:00,642
7793274399,U,IB,1,1,398,132842,141,29:00.0,7,3:00,881
779327460X,U,IB,1,2,1685,132842,141,23:00.0,7,2:00,881
7793274848,U,IB,1,1,192,125975,112,56:00.0,7,2:00,881
7793275104,U,IB,1,1,830,132842,141,29:00.0,7,2:00,881
7793275241,U,OB,1,1,755,138848,43,44:00.0,4,4:00,740
7793275425,U,IB,1,1,470,134387,111,37:00.0,3,22:00,431
7793275443,U,CTY,1,1,309,125630,197,40:00.0,7,3:00,898
7793276177,U,IB,1,1,200,200693,114,47:00.0,4,2:00,202
7793276900,U,OB,1,1,130,45505,55,49:00.0,6,19:00,522
7793276965,U,OB,1,1,1345,140148,22,35:00.0,5,21:00,521
7793277515,U,OB,1,1,22,139971,92,21:00.0,5,4:00,216
7793277515,U,IB,1,1,22,139971,104,08:00.0,4,21:00,216
7793277607,U,IB,1,2,53,139971,104,01:00.0,4,21:00,216
7793277634,U,IB,1,6,8159,290993,104,22:00.0,5,9:00,213
7793277881,U,OB,1,2,2005,135206,50,29:00.0,4,8:00,409
7793278148,U,IB,1,4,11190,290591,104,11:00.0,5,13:00,135
7793278148,U,OB,1,4,11190,290591,98,32:00.0,6,14:00,135
779327845X,U,OB,1,2,2205,261168,39,36:00.0,5,23:00,616
7793278770,U,CTY,1,1,315,135900,168,51:00.0,5,8:00,143
7793278826,U,OB,1,1,276,126202,55,37:00.0,4,6:00,433
7793279019,U,OB,1,4,1999,430167,75,45:00.0,6,7:00,435
7793279055,U,IB,1,1,765,134038,114,12:00.0,5,3:00,213
7793279129,U,IB,1,1,960,131485,158,36:00.0,7,7:00,881
7793279183,U,IB,1,2,220,904236,151,07:00.0,6,13:00,312
7793279522,U,OB,1,1,279,131079,46,20:00.0,5,2:00,730
7793279688,U,OB,1,1,425,127860,60,25:00.0,4,7:00,433
7793279697,U,OB,1,2,2165,138483,22,55:00.0,7,6:00,423
7793279751,U,OB,1,1,600,830890,69,26:00.0,5,19:00,422
7793279899,U,OB,1,2,1185,136007,95,38:00.0,6,21:00,108
7793279953,U,IB,1,1,650,139908,129,12:00.0,5,13:00,244
7793280081,U,IB,1,1,372,132835,125,35:00.0,7,7:00,108
779328010X,U,CTY,1,1,300,135140,169,14:00.0,7,11:00,108
7793280247,U,OB,1,5,1200,821190,48,20:00.0,4,21:00,422
7793280732,U,CTY,1,3,2290,135900,168,54:00.0,5,8:00,152
7793280750,U,OB,1,1,268,559259,73,06:00.0,4,1:00,422
7793281127,U,OB,1,1,510,559033,51,31:00.0,4,1:00,422
7793281181,U,IB,1,2,86,290591,104,07:00.0,5,14:00,135
7793281190,U,CTY,1,2,4540,128144,169,20:00.0,4,11:00,322
7793281273,U,OB,1,1,202,135485,69,08:00.0,6,7:00,423
7793281668,U,OB,1,1,845,138306,73,27:00.0,4,6:00,462
7793281686,U,IB,1,1,632,PASC634013,143,30:00.0,5,15:00,309
779328175X,U,CTY,1,1,500,131040,194,26:00.0,6,6:00,314
7793281933,U,OB,1,1,425,559026,53,06:00.0,3,21:00,422
7793281942,U,IB,1,2,3690,134038,114,41:00.0,5,4:00,213
7793282108,U,IB,1,1,255,131349,164,15:00.0,4,18:00,324
7793282135,U,CTY,1,1,95,128144,169,46:00.0,4,6:00,322
7793282236,U,OB,1,1,925,559026,53,55:00.0,3,21:00,422
7793282346,U,OB,1,1,1030,131696,55,35:00.0,4,13:00,411
7793282566,U,IB,1,1,252,137417,143,48:00.0,6,1:00,381
7793283042,U,OB,1,1,290,130617,43,40:00.0,5,1:00,644
7793283262,U,OB,1,1,850,390229,60,18:00.0,4,2:00,422
7793283372,U,OB,1,1,500,132999,72,22:00.0,5,2:00,218
779328351X,U,OB,1,5,1200,134195,14,30:00.0,5,18:00,455
7793283767,U,IB,1,1,174,125220,164,50:00.0,6,2:00,160
7793283794,U,OB,1,1,635,128622,63,28:00.0,4,13:00,402
7793283978,U,CTY,1,1,280,136041,172,07:00.0,7,0:00,881
7793283987,U,CTY,1,4,2000,140386,168,20:00.0,6,2:00,381
7793283996,U,OB,1,3,1569,130780,72,11:00.0,6,16:00,411
7793284317,U,CTY,1,1,78,128144,169,23:00.0,4,6:00,322
7793284885,U,OB,1,1,705,130644,49,03:00.0,6,0:00,740
7793284903,U,OB,1,1,200,129746,96,18:00.0,5,2:00,432
7793285004,U,IB,1,2,1765,134038,114,43:00.0,5,3:00,213
7793285114,U,OB,1,3,185,126349,73,51:00.0,7,6:00,685
7793285224,U,OB,1,2,1140,138176,96,05:00.0,6,8:00,890
7793285682,U,OB,1,12,540,430167,75,16:00.0,6,6:00,435
7793285729,U,IB,1,1,151,130920,105,49:00.0,4,3:00,435
7793285839,U,IB,1,3,563,131940,133,24:00.0,6,2:00,326
7793285839,U,CTY,1,3,563,131940,186,25:00.0,6,2:00,326
7793285985,U,CTY,1,1,250,128493,195,29:00.0,6,5:00,111
7793285994,U,OB,1,1,740,128868,96,44:00.0,5,19:00,615
7793286077,U,CTY,1,1,56,129848,194,56:00.0,5,20:00,149
7793286241,U,OB,1,1,200,200693,29,02:00.0,4,3:00,202
7793286241,U,OB,1,1,200,200693,29,02:00.0,4,3:00,202
779328637X,U,OB,1,1,250,131033,14,37:00.0,5,12:00,421
7793286398,U,CTY,1,1,435,410361,169,20:00.0,5,3:00,326
7793286526,U,OB,1,2,301,290200,39,10:00.0,6,14:00,730
7793286526,U,OB,1,2,301,290200,16,49:00.0,6,15:00,730
7793286865,U,IB,1,1,70,904236,151,05:00.0,6,15:00,312
7793287002,U,CTY,1,1,195,127039,189,20:00.0,5,21:00,223
7793287020,U,CTY,1,1,1290,129893,174,15:00.0,5,18:00,347
7793287433,U,OB,1,1,1340,138176,96,22:00.0,6,6:00,890
7793287489,U,CTY,1,9,8325,132920,175,30:00.0,6,0:00,714
7793287662,U,OB,1,5,2380,123905,76,54:00.0,4,15:00,644
7793287873,U,OB,1,1,56,45562,31,00:00.0,5,3:00,490
7793288176,U,CTY,1,1,220,128144,169,44:00.0,4,7:00,322
7793288277,U,CTY,1,1,66,121486,192,48:00.0,5,3:00,857
779328857X,U,IB,1,1,3,129764,141,08:00.0,5,16:00,326
7793288625,U,OB,1,3,750,841940,55,16:00.0,3,22:00,422
779328868X,U,IB,1,1,702,133757,115,26:00.0,5,12:00,324
779328868X,U,CTY,1,1,702,133757,225,45:00.0,5,11:00,324
7793288726,U,CTY,1,1,460,128293,175,23:00.0,5,18:00,116
7793288726,U,CTY,1,1,460,128293,231,25:00.0,5,18:00,116
779328879X,U,CTY,1,1,120,CVEN43397,197,21:00.0,7,15:00,126
7793288854,U,OB,1,1,580,135206,50,01:00.0,4,7:00,409
7793289101,U,CTY,1,1,164,128493,195,11:00.0,6,1:00,152
7793289101,U,CTY,1,1,164,128493,231,06:00.0,6,19:00,152
7793289413,U,OB,1,18,9846,202173,26,02:00.0,5,11:00,415
7793290266,U,OB,1,1,300,128868,96,27:00.0,5,18:00,615
7793290540,U,IB,1,1,32,123779,133,43:00.0,4,20:00,218
7793290569,U,IB,1,2,488,131940,133,11:00.0,6,1:00,326
7793290641,U,IB,1,2,980,128653,135,26:00.0,5,9:00,202
7793290751,U,IB,1,1,380,129764,141,59:00.0,5,14:00,326
7793290935,U,IB,1,3,1329,290993,104,10:00.0,5,8:00,213
7793291146,U,OB,1,1,3497,121101,69,16:00.0,4,3:00,447
7793291283,U,IB,1,1,510,278078,149,39:00.0,5,4:00,653
7793291613,U,IB,1,1,135,PASC634013,143,00:00.0,5,11:00,319
7793291788,U,CTY,1,1,49,132920,175,04:00.0,6,1:00,705
7793291898,U,OB,1,2,738,140148,22,50:00.0,5,21:00,521
7793291943,U,OB,1,1,286,390234,39,05:00.0,3,19:00,422
7793291970,U,IB,1,1,195,133481,145,42:00.0,6,10:00,152
779329209X,U,IB,1,1,1000,137436,131,09:00.0,6,15:00,890
7793292127,U,OB,1,1,242,138115,73,33:00.0,5,2:00,414
779329220X,U,IB,1,1,147,290826,111,44:00.0,5,14:00,111
7793292951,U,OB,1,1,104,904284,55,31:00.0,5,0:00,422
7793293099,U,OB,1,1,1655,134434,38,43:00.0,4,15:00,685
7793293355,U,OB,1,1,555,129663,40,41:00.0,4,20:00,754
7793293557,U,IB,1,1,798,134022,117,01:00.0,5,15:00,580
7793293620,U,CTY,1,2,500,PASC533243,173,06:00.0,6,9:00,315
7793293649,U,OB,1,1,850,280868,89,11:00.0,5,22:00,411
7793293905,U,CTY,1,1,716,127039,231,35:00.0,5,22:00,243
7793293905,U,CTY,1,1,716,127039,189,34:00.0,5,22:00,243
7793294601,U,OB,1,1,295,129574,89,33:00.0,4,13:00,348
7793294657,U,OB,1,1,274,135025,39,50:00.0,6,22:00,411
7793294758,U,IB,1,1,93,200693,114,15:00.0,4,5:00,202
7793294877,U,IB,1,1,280,200693,114,05:00.0,4,5:00,202
779329495X,U,CTY,1,1,715,140386,168,27:00.0,6,11:00,381
7793295023,U,IB,1,1,394,138430,133,37:00.0,4,4:00,202
7793295261,U,IB,1,1,499,290826,111,38:00.0,5,15:00,111
7793295380,U,CTY,1,1,58,133744,194,37:00.0,4,20:00,857
7793295665,U,OB,1,1,41,123993,90,43:00.0,6,9:00,251
7793296251,U,OB,1,1,350,134345,22,58:00.0,4,9:00,421
7793296316,U,IB,1,2,761,261175,158,17:00.0,5,1:00,261
7793296417,U,IB,1,1,250,200693,114,16:00.0,4,5:00,202
7793296572,U,IB,1,3,2035,261175,158,10:00.0,5,1:00,261
7793296839,U,OB,1,4,2222,132818,38,08:00.0,5,2:00,740
7793296911,U,OB,1,1,250,119275,50,46:00.0,5,17:00,455
7793297389,U,OB,1,1,141,137429,90,04:00.0,4,21:00,432
7793297443,U,IB,1,11,365,135505,127,18:00.0,7,6:00,313
7793297544,U,IB,1,1,3425,132414,164,50:00.0,4,3:00,244
7793297553,U,OB,1,1,525,390234,39,11:00.0,3,20:00,422
7793297719,U,CTY,1,1,83,CVEN43397,197,05:00.0,7,14:00,126
7793297800,U,CTY,1,1,176,133744,194,29:00.0,4,20:00,857
7793298415,U,OB,1,19,4560,135191,69,51:00.0,5,3:00,421
7793298653,U,OB,1,1,30,841940,55,52:00.0,3,21:00,422
7793298855,U,OB,1,2,480,277828,40,21:00.0,5,11:00,433
7793299111,U,IB,1,1,699,261175,158,51:00.0,5,1:00,261
7793299322,U,OB,1,1,1300,290957,67,45:00.0,6,5:00,409
7793299488,U,IB,1,1,563,131485,158,36:00.0,7,9:00,881
7793299818,U,OB,1,1,150,830890,40,46:00.0,3,20:00,422
7793300220,U,OB,1,2,932,841940,55,24:00.0,3,22:00,422
7793300220,U,OB,1,2,932,841940,55,22:00.0,3,22:00,422
7793300312,U,IB,1,1,400,135735,131,10:00.0,7,20:00,859
7793300422,U,OB,1,1,430,134434,38,46:00.0,4,17:00,685
7793300624,U,IB,1,3,2799,134629,113,09:00.0,5,5:00,261
7793300880,U,IB,1,1,453,125468,152,33:00.0,5,12:00,740
7793300954,U,OB,1,1,208,132818,38,20:00.0,5,2:00,740
7793301100,U,OB,1,2,991,390234,39,26:00.0,3,19:00,422
7793301192,U,IB,1,1,249,125468,152,48:00.0,5,12:00,740
7793301349,U,OB,1,1,122,390234,39,06:00.0,3,20:00,422
7793301486,U,OB,1,2,3735,830890,40,46:00.0,3,21:00,422
7793301650,U,OB,1,1,561,132336,53,31:00.0,6,2:00,754
7793301679,U,IB,1,1,250,130912,129,08:00.0,6,13:00,861
7793301697,U,IB,1,2,2950,133481,145,16:00.0,6,15:00,112
7793301733,U,CTY,1,1,285,131440,173,17:00.0,6,18:00,315
7793302274,U,OB,1,1,100,135485,69,30:00.0,6,9:00,423
7793302420,U,OB,1,1,228,132818,38,28:00.0,5,2:00,740
7793302741,U,IB,1,1,119,129764,141,21:00.0,5,14:00,326
7793302898,U,CTY,1,1,336,133744,194,48:00.0,4,21:00,857
779330397X,U,IB,1,1,650,133481,145,06:00.0,6,15:00,143
7793304099,U,OB,1,1,178,132818,38,23:00.0,5,2:00,740
7793304162,U,IB,1,1,100,261175,158,49:00.0,4,23:00,261
7793304272,U,IB,1,1,510,137892,131,22:00.0,7,12:00,581
7793304474,U,IB,1,1,50,128578,133,09:00.0,4,13:00,433
7793304649,U,OB,1,2,3030,138176,96,32:00.0,6,9:00,890
7793304804,U,CTY,1,1,325,138630,196,52:00.0,5,6:00,521
779330518X,U,CTY,1,1,200,249329,192,10:00.0,4,13:00,292
779330529X,U,CTY,1,1,294,140386,168,20:00.0,6,11:00,381
7793305785,U,CTY,1,1,480,138418,174,37:00.0,7,0:00,861
7793305996,U,IB,1,1,50,842650,158,38:00.0,5,20:00,312
7793306124,U,OB,1,1,1463,140210,73,13:00.0,7,13:00,525
7793306299,U,IB,1,7,9375,530859,125,34:00.0,7,15:00,508
779330661X,U,CTY,1,1,310,261353,197,00:00.0,5,7:00,511
7793306656,U,OB,1,1,194,138176,96,18:00.0,6,6:00,890
7793306692,U,OB,1,1,107,135344,18,52:00.0,4,7:00,411
7793306710,U,OB,1,1,312,123993,90,26:00.0,6,12:00,251
7793307408,U,OB,1,1,128,129622,17,08:00.0,5,15:00,411
7793307453,U,OB,1,1,114,558665,88,03:00.0,4,19:00,218
7793307691,U,IB,1,1,294,125468,152,36:00.0,5,12:00,740
7793308012,U,IB,1,1,526,130480,143,57:00.0,7,21:00,813
7793308297,U,OB,1,1,273,130644,49,34:00.0,5,22:00,740
7793308416,U,OB,1,1,152,291168,88,47:00.0,5,6:00,304
7793308425,U,OB,1,1,1850,132325,48,40:00.0,5,7:00,740
7793308627,U,OB,1,1,126,131463,95,21:00.0,6,14:00,145
7793308728,U,OB,1,1,75,290600,55,35:00.0,5,12:00,409
7793308800,U,IB,1,1,552,127905,111,56:00.0,6,0:00,218
7793309130,U,CTY,1,1,340,PASC533243,173,16:00.0,6,9:00,309
7793309186,U,OB,1,1,179,121101,69,51:00.0,4,0:00,447
7793309644,U,OB,1,1,177,129875,39,14:00.0,4,18:00,644
7793309900,U,OB,1,3,4085,290600,55,35:00.0,5,13:00,409
7793310066,U,IB,1,9,2855,130920,105,55:00.0,4,5:00,435
7793310185,U,OB,1,1,75,132818,38,14:00.0,5,2:00,740
7793310506,U,IB,1,3,7570,202422,149,04:00.0,7,18:00,581
7793311000,U,CTY,1,1,515,132920,175,58:00.0,5,23:00,714
7793311267,U,OB,1,1,383,390234,39,58:00.0,3,18:00,422
7793311330,U,IB,1,1,182,125468,152,44:00.0,5,12:00,740
7793311359,U,OB,1,1,1265,138176,96,29:00.0,6,3:00,890
779331156X,U,OB,1,1,444,45562,31,13:00.0,5,4:00,683
7793311597,U,CTY,1,1,140,PASC533243,173,54:00.0,6,8:00,309
7793311660,U,OB,1,1,157,132818,38,30:00.0,5,2:00,740
7793312028,U,IB,1,1,268,127746,127,10:00.0,5,7:00,218
7793312073,U,OB,1,1,125,128868,96,17:00.0,5,18:00,615
779331211X,U,OB,1,1,427,130644,49,08:00.0,6,0:00,740
7793312192,U,IB,1,5,6299,134629,113,22:00.0,5,5:00,261
7793312349,U,OB,1,1,202,125746,46,37:00.0,6,1:00,754
7793312403,U,OB,1,5,3105,123905,76,21:00.0,4,15:00,644
7793312477,U,CTY,1,1,453,125468,189,57:00.0,5,1:00,740
7793312944,U,IB,1,1,300,125468,152,26:00.0,5,12:00,740
7793312971,U,IB,1,1,150,249068,150,11:00.0,6,15:00,740
7793312980,U,IB,1,1,1500,530588,105,36:00.0,6,3:00,348
7793313604,U,IB,1,1,156,353210,158,25:00.0,5,14:00,854
7793313696,U,OB,1,1,594,390234,39,55:00.0,3,18:00,422
7793314035,U,IB,1,2,3460,261138,145,01:00.0,5,2:00,525
7793314145,U,IB,1,1,264,131559,143,27:00.0,5,7:00,375
779331442X,U,OB,1,1,578,137265,39,56:00.0,6,4:00,740
7793314576,U,OB,1,1,796,390234,39,08:00.0,3,19:00,422
779331486X,U,OB,1,1,1615,140236,46,34:00.0,6,18:00,423
7793314906,U,OB,1,1,300,R447120863,75,12:00.0,5,16:00,447
7793315290,U,CTY,1,1,600,134270,196,05:00.0,6,11:00,309
7793315337,U,IB,1,1,250,140003,135,46:00.0,7,12:00,684
7793315429,U,OB,1,4,1611,138176,96,04:00.0,6,5:00,890
7793315988,U,OB,1,2,400,135485,69,55:00.0,6,5:00,423
7793316666,U,OB,1,1,636,390234,39,11:00.0,3,19:00,422
7793316684,U,OB,1,2,999,390234,39,20:00.0,3,20:00,422
7793316720,U,CTY,1,1,508,130752,172,54:00.0,6,6:00,218
7793317014,U,OB,1,1,50,HAEI26361,86,23:00.0,7,20:00,532
7793317234,U,OB,1,3,720,136210,38,46:00.0,4,7:00,421
7793317757,U,OB,1,1,302,390234,39,08:00.0,3,20:00,422
7793318004,U,CTY,1,1,650,132333,189,31:00.0,6,9:00,860
7793318361,U,IB,1,1,657,830887,105,14:00.0,5,1:00,422
7793318554,U,OB,1,1,334,390234,39,17:00.0,3,20:00,422
7793318646,U,IB,1,2,4786,132364,143,32:00.0,6,14:00,473
7793318691,U,OB,1,1,815,140236,46,05:00.0,6,20:00,423
7793318783,U,OB,1,1,392,390234,39,20:00.0,3,19:00,422
7793319618,U,OB,1,3,1390,131459,32,10:00.0,6,12:00,423
7793319627,U,OB,1,1,360,136165,73,12:00.0,6,3:00,455
7793319847,U,OB,1,1,615,131459,32,12:00.0,6,10:00,423
7793319892,U,IB,1,2,1180,137436,119,04:00.0,6,16:00,890
7793319892,U,IB,1,2,1180,137436,118,22:00.0,6,16:00,890
7793320287,U,CTY,1,1,905,135140,169,29:00.0,7,11:00,108
7793321176,U,IB,1,1,475,132842,141,44:00.0,7,3:00,881
7793321432,U,IB,1,2,1736,131485,158,44:00.0,7,7:00,881
779332168X,U,IB,1,2,1160,131485,158,51:00.0,7,9:00,881
7793322148,U,OB,1,9,7115,290957,67,01:00.0,6,3:00,409
7793322184,U,OB,1,1,1705,137352,67,23:00.0,7,0:00,402
7793322752,U,CTY,1,1,349,132718,187,42:00.0,5,21:00,244
7793323266,U,OB,1,1,235,137265,39,22:00.0,6,8:00,740
7793325603,U,OB,1,1,225,291056,89,31:00.0,5,9:00,462
7793326593,U,IB,1,3,3555,137236,101,41:00.0,6,5:00,211
7793326620,U,OB,1,1,482,558629,76,13:00.0,5,4:00,422
7793326786,U,CTY,1,4,4900,131289,194,26:00.0,6,14:00,318
779332685X,U,CTY,1,1,330,PASC175379,188,40:00.0,7,12:00,479
7793326878,U,IB,1,2,2380,127021,147,41:00.0,6,2:00,432
7793326878,U,OB,1,2,2380,127021,74,25:00.0,6,2:00,432
7793326941,U,CTY,1,1,840,125614,169,18:00.0,7,18:00,621
7793327116,U,OB,1,1,365,131289,80,19:00.0,7,6:00,318
7793327116,U,CTY,1,1,365,131289,194,13:00.0,6,13:00,318
7793327244,U,OB,1,1,375,135875,88,27:00.0,7,2:00,187
7793327244,U,CTY,1,1,375,135875,218,11:00.0,7,3:00,187
7793327372,U,OB,1,1,117,904284,55,28:00.0,5,0:00,422
7793327538,U,OB,1,3,4840,138087,67,55:00.0,5,7:00,348
7793327538,U,CTY,1,3,4840,138087,205,24:00.0,5,17:00,348
7793327767,U,CTY,1,1,224,128595,175,22:00.0,5,12:00,617
7793328088,U,OB,1,1,245,138169,67,14:00.0,7,16:00,615
7793328436,U,IB,1,1,102,R211600269,123,43:00.0,5,21:00,218
7793329242,U,IB,1,2,885,291246,114,10:00.0,6,8:00,216
7793329352,U,IB,1,2,1900,118295,127,23:00.0,6,1:00,213
7793329637,U,OB,1,1,222,137265,39,05:00.0,6,7:00,740
7793330232,U,OB,1,1,322,842082,45,53:00.0,6,18:00,422
7793330232,U,OB,1,1,322,842082,7,02:00.0,6,18:00,422
7793331159,U,OB,1,1,471,57019,46,47:00.0,4,22:00,422
7793331644,U,OB,1,1,693,137265,39,50:00.0,6,5:00,740
7793331992,U,OB,1,1,93,125176,31,28:00.0,7,0:00,402
7793332230,U,CTY,1,1,1070,138838,174,59:00.0,7,19:00,881
7793332405,U,IB,1,1,800,261363,105,44:00.0,5,8:00,322
7793332946,U,CTY,1,1,422,132333,189,25:00.0,6,12:00,381
7793333056,U,CTY,1,1,20,133757,225,15:00.0,5,14:00,324
779333323X,U,OB,1,1,106,137452,74,46:00.0,5,22:00,447
7793333689,U,OB,1,1,115,131033,14,26:00.0,5,11:00,421
7793333826,U,OB,1,1,1288,130893,46,43:00.0,6,12:00,421
779333389X,U,OB,1,7,1680,134195,14,47:00.0,5,18:00,455
7793334046,U,IB,1,1,480,135735,131,36:00.0,7,18:00,854
7793334165,U,OB,1,1,107,138316,78,39:00.0,5,6:00,447
7793334320,U,IB,1,1,350,R211600269,123,54:00.0,5,20:00,218
779333455X,U,OB,1,1,226,136969,17,19:00.0,6,8:00,521
7793334715,U,IB,1,1,139,127779,101,57:00.0,7,18:00,145
779333532X,U,CTY,1,1,40,133757,225,11:00.0,5,14:00,324
779333554X,U,OB,1,1,660,277828,40,46:00.0,5,11:00,433
7793335577,U,IB,1,2,385,139442,152,22:00.0,6,22:00,251
7793335631,U,IB,1,3,1014,126486,149,17:00.0,6,23:00,205
7793336502,U,IB,1,4,10000,123837,135,23:00.0,6,7:00,243
7793336576,U,IB,1,1,102,136648,112,50:00.0,5,18:00,213
7793337162,U,OB,1,1,2557,138169,67,50:00.0,7,17:00,615
7793337245,U,OB,1,6,5280,290600,55,01:00.0,5,13:00,409
7793337456,U,CTY,1,6,3390,119660,204,08:00.0,6,19:00,319
7793337492,U,OB,1,1,300,558917,95,39:00.0,5,19:00,422
7793337584,U,IB,1,1,6,119446,103,32:00.0,5,18:00,216
7793337602,U,OB,1,1,275,138316,78,02:00.0,5,7:00,447
7793337759,U,OB,1,1,240,558917,95,23:00.0,5,19:00,422
7793337869,U,CTY,1,1,275,132718,187,59:00.0,5,13:00,244
7793337950,U,OB,1,1,285,558917,95,03:00.0,5,19:00,422
7793337988,U,OB,1,1,525,138316,78,06:00.0,5,7:00,447
779333807X,U,OB,1,1,1840,132108,52,23:00.0,5,6:00,409
7793338170,U,OB,1,1,240,558917,95,57:00.0,5,18:00,422
7793338280,U,OB,1,1,445,291167,46,28:00.0,5,13:00,730
7793338437,U,OB,1,1,285,558917,95,54:00.0,5,18:00,422
7793338711,U,OB,1,1,400,129885,52,53:00.0,6,7:00,421
7793338987,U,OB,1,2,975,842029,73,47:00.0,4,21:00,422
7793339005,U,OB,1,2,3830,128483,58,00:00.0,5,9:00,432
7793339014,U,OB,1,1,955,202173,26,36:00.0,5,9:00,415
7793339335,U,OB,1,1,495,138169,67,58:00.0,7,17:00,615
7793339335,U,OB,1,1,495,138169,57,05:00.0,7,19:00,615
7793339692,U,OB,1,1,400,842029,73,42:00.0,4,21:00,422
7793339757,U,OB,1,1,567,131459,32,45:00.0,6,8:00,423
7793339802,U,IB,1,2,805,R211600269,123,37:00.0,5,21:00,218
7793339894,U,OB,1,1,480,138169,57,05:00.0,7,19:00,615
7793339894,U,OB,1,1,480,138169,67,45:00.0,7,18:00,615
7793339912,U,CTY,1,2,770,132400,189,18:00.0,7,14:00,154
7793340069,U,IB,1,1,175,126486,149,18:00.0,6,20:00,258
7793340087,U,OB,1,1,651,842029,73,23:00.0,4,21:00,422
7793340114,U,OB,1,1,323,842029,73,32:00.0,4,21:00,422
7793340435,U,CTY,1,1,298,131040,194,41:00.0,6,7:00,621
7793340976,U,CTY,1,1,236,131040,194,37:00.0,6,7:00,621
779334170X,U,OB,1,1,400,830890,67,10:00.0,4,18:00,422
7793341829,U,CTY,1,1,541,261363,205,23:00.0,5,17:00,322
7793341829,U,IB,1,1,541,261363,105,39:00.0,5,8:00,322
7793341901,U,CTY,1,1,1786,280391,196,30:00.0,7,8:00,313
7793341966,U,OB,1,1,210,138169,67,23:00.0,7,17:00,615
7793342058,U,OB,1,1,275,138316,78,45:00.0,5,6:00,447
779334214X,U,CTY,1,2,525,129763,197,16:00.0,7,21:00,388
7793342415,U,IB,1,1,465,122780,162,34:00.0,6,8:00,243
7793342415,U,OB,1,1,465,122780,58,30:00.0,6,6:00,243
7793342644,U,OB,1,2,1850,129742,31,12:00.0,6,13:00,740
7793342727,U,IB,1,2,1022,290406,116,51:00.0,7,0:00,108
7793342846,U,CTY,1,2,609,119435,188,37:00.0,6,10:00,326
7793342974,U,IB,1,1,265,291209,133,12:00.0,7,1:00,682
7793343102,U,CTY,1,7,1249,119435,188,12:00.0,6,13:00,326
7793343598,U,OB,1,2,1329,202173,26,36:00.0,5,11:00,415
7793343708,U,CTY,1,1,335,119435,188,24:00.0,6,12:00,326
7793343753,U,IB,1,1,809,136648,112,36:00.0,5,18:00,213
7793343919,U,IB,1,2,2000,137723,151,29:00.0,6,2:00,621
7793344422,U,OB,1,5,4275,126921,38,24:00.0,6,6:00,521
7793344597,U,IB,1,1,1580,202241,111,03:00.0,6,8:00,616
7793344835,U,CTY,1,1,150,82703,R4  ,26:00.0,5,2:00,422
7793344835,U,OB,1,1,150,82703,67,22:00.0,4,21:00,422
7793345174,U,IB,1,1,92,134428,163,31:00.0,6,17:00,303
7793345284,U,OB,1,1,465,129742,31,24:00.0,6,12:00,740
7793345349,U,OB,1,1,222,136723,40,24:00.0,5,3:00,421
7793345376,U,CTY,1,5,806,PASC533243,173,33:00.0,6,7:00,309
7793345540,U,IB,1,1,362,127779,101,14:00.0,7,20:00,145
7793345596,U,CTY,1,1,125,138485,174,47:00.0,6,8:00,326
7793345798,U,OB,1,1,295,558917,95,53:00.0,5,19:00,422
7793345807,U,OB,1,2,2000,129742,31,30:00.0,6,12:00,740
7793346119,U,OB,1,1,290,558917,95,13:00.0,5,19:00,422
7793346173,U,IB,1,2,4037,123274,145,06:00.0,5,10:00,244
7793346191,U,OB,1,1,125,137265,39,11:00.0,6,6:00,740
7793346292,U,IB,1,1,13,119446,103,32:00.0,5,18:00,216
7793346348,U,IB,1,2,805,842650,158,43:00.0,5,22:00,324
7793346503,U,OB,1,1,240,558917,95,08:00.0,5,19:00,422
779334654X,U,CTY,1,3,1050,119435,188,02:00.0,6,13:00,326
7793346741,U,OB,1,1,210,558917,95,45:00.0,5,19:00,422
7793346916,U,OB,1,1,205,558917,95,58:00.0,5,19:00,422
7793346970,U,CTY,1,1,355,132718,187,24:00.0,5,14:00,244
7793347109,U,OB,1,1,200,558917,95,32:00.0,5,18:00,422
7793347145,U,OB,1,1,812,137265,39,47:00.0,6,4:00,740
7793347255,U,OB,1,1,170,132336,53,05:00.0,6,3:00,754
7793347356,U,OB,1,1,470,290600,55,45:00.0,5,12:00,409
7793347374,U,CTY,1,2,735,138485,174,55:00.0,6,7:00,326
7793347392,U,OB,1,1,480,558917,95,37:00.0,5,18:00,422
7793347549,U,OB,1,1,480,558917,95,47:00.0,5,18:00,422
7793347814,U,CTY,1,6,6930,137507,175,39:00.0,6,11:00,211
779334819X,U,IB,1,2,643,131824,158,27:00.0,7,3:00,347
7793348346,U,IB,1,1,5,119446,103,33:00.0,5,18:00,216
7793348465,U,CTY,1,2,552,261308,174,05:00.0,6,17:00,347
7793348676,U,IB,1,1,236,124196,150,17:00.0,6,18:00,315
7793348822,U,CTY,1,1,246,130752,172,46:00.0,6,8:00,218
779334885X,U,OB,1,1,815,291167,46,26:00.0,5,13:00,730
7793349134,U,CTY,1,2,473,261308,174,38:00.0,6,17:00,347
7793349143,U,IB,1,1,630,132854,117,27:00.0,5,8:00,202
7793349455,U,CTY,1,2,1330,132333,189,00:00.0,6,13:00,381
7793349491,U,OB,1,1,145,138087,67,49:00.0,5,6:00,348
779334962X,U,IB,1,1,627,132854,117,11:00.0,5,9:00,202
7793349859,U,OB,1,1,780,136969,17,38:00.0,6,8:00,521
7793349859,U,CTY,1,1,780,136969,226,59:00.0,7,3:00,521
7793349913,U,CTY,1,1,248,PASC533243,173,18:00.0,6,9:00,309
7793350353,U,OB,1,1,224,82703,67,30:00.0,4,21:00,422
7793350436,U,OB,1,1,1050,842082,43,53:00.0,4,22:00,422
7793350490,U,IB,1,3,1597,131477,101,52:00.0,5,19:00,218
7793350555,U,CTY,1,3,2262,132400,189,37:00.0,7,13:00,186
7793350986,U,OB,1,1,1880,129885,52,15:00.0,6,7:00,421
7793351004,U,IB,1,2,125,842650,158,10:00.0,5,23:00,324
7793351031,U,OB,1,3,1465,290957,67,26:00.0,6,3:00,409
7793351408,U,IB,1,2,1322,131798,145,06:00.0,5,20:00,261
7793352077,U,IB,1,1,1338,290406,116,29:00.0,7,0:00,108
7793352095,U,CTY,1,1,670,127039,189,24:00.0,5,21:00,857
7793352113,U,CTY,1,1,286,133220,194,18:00.0,6,20:00,355
7793352856,U,OB,1,1,45,530751,50,46:00.0,4,21:00,422
7793353002,U,OB,1,2,2209,HAEI26361,86,57:00.0,7,20:00,547
7793353076,U,OB,1,2,1030,202088,60,36:00.0,6,13:00,411
7793353231,U,OB,1,13,14728,132589,10,11:00.0,6,7:00,402
7793353231,U,OB,1,13,14728,132589,18,10:00.0,6,7:00,402
7793353350,U,CTY,1,1,1600,135875,214,57:00.0,7,2:00,187
7793353350,U,OB,1,1,1600,135875,88,35:00.0,7,0:00,187
779335336X,U,OB,1,1,3150,129742,31,35:00.0,6,12:00,740
7793353819,U,OB,1,1,375,127322,66,58:00.0,6,14:00,714
7793353846,U,IB,1,1,3040,202241,111,36:00.0,6,7:00,616
7793353947,U,OB,1,1,200,530751,50,31:00.0,4,21:00,422
7793354432,U,OB,1,1,240,82703,71,44:00.0,4,21:00,422
7793354432,U,OB,1,1,240,82703,67,41:00.0,4,21:00,422
779335457X,U,OB,1,1,160,138987,49,38:00.0,6,6:00,462
7793354670,U,OB,1,1,276,290600,55,06:00.0,5,13:00,409
7793354708,U,OB,1,1,200,530751,50,35:00.0,4,21:00,422
7793354836,U,OB,1,6,4545,558917,95,22:00.0,5,18:00,422
7793354854,U,OB,1,1,400,559033,95,35:00.0,6,0:00,422
7793354946,U,IB,1,1,190,128653,135,48:00.0,5,10:00,202
7793355065,U,OB,1,1,200,530751,50,39:00.0,4,21:00,422
7793355211,U,OB,1,1,905,530691,53,10:00.0,5,17:00,432
7793355276,U,OB,1,1,554,136723,40,05:00.0,5,3:00,421
7793355660,U,IB,1,8,3690,202241,111,15:00.0,6,5:00,616
7793355707,U,IB,1,1,216,140342,111,44:00.0,7,10:00,402
7793355770,U,OB,1,1,50,131883,46,22:00.0,6,7:00,433
7793356156,U,OB,1,1,470,127322,66,47:00.0,6,14:00,714
7793356293,U,IB,1,2,650,137892,131,26:00.0,7,10:00,581
7793356394,U,IB,1,12,10420,89542,135,56:00.0,4,22:00,422
7793356531,U,OB,1,7,7119,129622,56,05:00.0,5,19:00,411
7793356531,U,OB,1,7,7119,129622,56,05:00.0,5,19:00,411
7793356679,U,CTY,1,1,217,130752,172,11:00.0,6,8:00,218
7793356926,U,OB,1,1,288,559033,95,08:00.0,6,0:00,422
7793356953,U,OB,1,2,1700,130893,46,05:00.0,6,13:00,421
7793357036,U,OB,1,1,507,89542,50,46:00.0,5,21:00,422
7793357191,U,OB,1,1,930,135025,39,53:00.0,6,22:00,411
7793357631,U,OB,1,1,410,125949,1,08:00.0,7,3:00,304
7793357815,U,OB,1,1,520,139942,50,24:00.0,7,19:00,521
7793357925,U,IB,1,3,1463,410224,112,58:00.0,5,0:00,422
7793357952,U,OB,1,1,354,138087,67,40:00.0,5,5:00,348
7793358576,U,OB,1,1,110,136723,40,28:00.0,5,3:00,421
7793358630,U,OB,1,2,1238,127375,75,44:00.0,6,11:00,433
7793358805,U,OB,1,1,328,123836,95,12:00.0,7,0:00,213
7793359025,U,IB,1,5,4330,249068,150,21:00.0,6,16:00,740
7793359099,U,IB,1,2,1294,202241,111,59:00.0,6,4:00,616
7793359391,U,OB,1,1,1170,129944,49,24:00.0,6,22:00,754
7793359941,U,CTY,1,2,415,130752,172,40:00.0,6,7:00,218
7793360271,U,OB,1,1,239,842029,73,20:00.0,4,21:00,422
7793360583,U,OB,1,1,720,842082,43,50:00.0,4,22:00,422
7793361097,U,OB,1,1,2816,138483,22,40:00.0,7,7:00,423
7793361326,U,OB,1,1,950,57019,46,57:00.0,4,20:00,422
7793361665,U,OB,1,3,5615,558556,76,50:00.0,6,9:00,432
7793361674,U,CTY,1,1,920,127229,175,15:00.0,7,14:00,653
7793361793,U,OB,1,2,4240,202173,26,42:00.0,5,11:00,415
7793362114,U,OB,1,2,375,130643,17,40:00.0,6,16:00,455
7793362132,U,OB,1,1,448,57019,46,44:00.0,4,22:00,422
7793362150,U,CTY,1,1,170,131040,194,14:00.0,6,6:00,621
7793362518,U,OB,1,1,165,842029,73,26:00.0,4,21:00,422
7793363021,U,OB,1,1,561,842029,73,29:00.0,4,21:00,422
7793363389,U,IB,1,1,100,135735,131,51:00.0,7,19:00,534
7793363508,U,OB,1,1,1120,137424,66,52:00.0,6,6:00,644
7793363553,U,OB,1,1,575,137352,67,58:00.0,6,23:00,402
7793363690,U,IB,1,1,281,131485,158,24:00.0,7,9:00,881
7793364213,U,IB,1,1,320,290117,117,06:00.0,7,0:00,432
7793364570,U,CTY,1,6,3815,138838,174,05:00.0,7,21:00,881
7793365441,U,CTY,1,1,471,211433,196,06:00.0,6,18:00,304
7793365441,U,CTY,1,1,471,211433,220,09:00.0,7,1:00,304
7793366808,U,OB,1,1,575,842029,73,38:00.0,4,21:00,422
779336722X,U,OB,1,1,50,127375,75,17:00.0,6,11:00,433
7793367367,U,IB,1,1,3710,290117,117,12:00.0,7,2:00,432
7793367825,U,OB,1,1,436,82703,67,32:00.0,4,21:00,422
7793368970,U,CTY,1,1,300,122579,192,50:00.0,7,0:00,211
779337019X,U,OB,1,1,775,132813,31,52:00.0,6,6:00,409
7793372757,U,OB,1,2,2600,129944,49,35:00.0,6,22:00,754
7793372977,U,OB,1,1,1350,82703,73,54:00.0,5,21:00,422
7793373774,U,OB,1,3,720,129885,52,13:00.0,6,6:00,421
7793373857,U,IB,1,1,3187,291010,123,19:00.0,6,6:00,244
7793374113,U,OB,1,1,378,131897,26,04:00.0,6,21:00,754
7793374324,U,OB,1,1,599,126047,22,24:00.0,7,14:00,433
7793374663,U,CTY,1,1,486,134281,194,05:00.0,7,20:00,312
7793375278,U,OB,1,8,2090,830959,71,53:00.0,5,20:00,422
7793375278,U,OB,1,8,2090,830959,71,53:00.0,5,20:00,422
7793375781,U,CTY,1,4,4320,138418,174,29:00.0,6,22:00,381
7793375983,U,IB,1,1,1310,140003,135,07:00.0,7,13:00,412
7793376048,U,IB,1,3,7505,128506,158,35:00.0,6,22:00,251
7793376149,U,OB,1,1,435,136720,38,18:00.0,7,5:00,411
7793376322,U,OB,1,1,330,125392,76,02:00.0,7,5:00,616
7793376762,U,OB,1,4,838,531254,78,58:00.0,5,22:00,422
7793377193,U,IB,1,2,63,140342,111,37:00.0,7,9:00,714
7793377588,U,IB,1,1,1240,530588,105,22:00.0,6,7:00,348
7793377606,U,IB,1,1,170,129965,143,09:00.0,7,7:00,216
7793377826,U,IB,1,1,975,130521,112,12:00.0,6,8:00,462
7793377871,U,OB,1,1,1390,132149,58,31:00.0,7,13:00,740
7793378798,U,CTY,1,6,10332,126106,189,07:00.0,7,5:00,272
7793378816,U,CTY,1,2,3524,125614,169,38:00.0,7,18:00,343
7793378980,U,IB,1,1,424,290117,117,52:00.0,7,1:00,432
7793379009,U,OB,1,1,429,130769,66,59:00.0,7,12:00,447
7793379090,U,IB,1,3,30,136659,113,19:00.0,7,0:00,216
7793379622,U,OB,1,1,780,559033,95,05:00.0,6,0:00,422
7793379723,U,OB,1,1,280,559033,95,38:00.0,6,0:00,422
7793379732,U,OB,1,1,100,290035,96,45:00.0,7,6:00,202
7793379797,U,OB,1,1,756,559033,95,29:00.0,6,0:00,422
7793379860,U,OB,1,1,460,559033,95,02:00.0,6,0:00,422
7793379961,U,OB,1,1,785,559033,95,32:00.0,6,0:00,422
7793379961,U,OB,1,1,785,559033,57,22:00.0,6,2:00,422
7793380026,U,OB,1,1,302,560490,72,07:00.0,7,7:00,414
7793380080,U,OB,1,2,921,130893,46,59:00.0,6,13:00,421
7793380127,U,OB,1,3,6970,136348,38,09:00.0,7,20:00,473
7793380338,U,OB,1,1,477,530636,75,09:00.0,6,14:00,447
779338053X,U,OB,1,1,910,130769,66,05:00.0,7,13:00,447
779338075X,U,OB,1,1,74,559033,95,45:00.0,6,0:00,422
7793381126,U,OB,1,1,490,290957,67,25:00.0,6,2:00,409
7793381135,U,OB,1,1,910,130769,66,56:00.0,7,11:00,447
7793381245,U,CTY,1,1,700,129763,197,12:00.0,7,21:00,394
7793381319,U,CTY,1,1,1225,904236,220,09:00.0,7,1:00,324
7793381319,U,IB,1,1,1225,904236,151,21:00.0,6,12:00,324
7793382098,U,OB,1,16,585,842274,46,00:00.0,5,19:00,422
7793382390,U,OB,1,1,910,130769,66,42:00.0,7,12:00,447
7793382666,U,OB,1,1,202,82703,73,46:00.0,5,20:00,422
7793382877,U,OB,1,1,370,139942,50,33:00.0,7,19:00,521
7793382922,U,OB,1,1,152,82703,73,50:00.0,5,20:00,422
7793383014,U,IB,1,1,1948,122848,111,44:00.0,6,16:00,218
779338394X,U,OB,1,1,353,310552,31,05:00.0,6,2:00,422
7793384132,U,OB,1,1,328,119073,55,49:00.0,7,17:00,411
779338427X,U,CTY,1,1,1314,135080,174,39:00.0,7,4:00,205
7793385333,U,IB,1,1,407,132017,143,55:00.0,6,20:00,381
7793385443,U,OB,1,1,240,129653,51,42:00.0,7,5:00,435
7793385517,U,OB,1,1,121,130780,72,40:00.0,6,14:00,411
7793385654,U,OB,1,3,2250,125735,53,55:00.0,6,9:00,433
7793386900,U,OB,1,1,880,125113,22,22:00.0,6,11:00,415
7793387167,U,OB,1,2,1630,131883,46,26:00.0,6,6:00,433
7793387396,U,IB,1,1,262,530588,105,27:00.0,6,7:00,348
7793387405,U,OB,1,6,1440,125715,22,40:00.0,6,18:00,421
7793388431,U,IB,1,2,1057,122848,111,26:00.0,6,16:00,218
7793389174,U,CTY,1,1,1362,211588,176,27:00.0,7,0:00,223
7793389385,U,OB,1,2,634,127570,48,41:00.0,7,3:00,432
7793389578,U,IB,1,1,409,132017,143,12:00.0,6,21:00,381
7793389688,U,CTY,1,1,237,138418,174,25:00.0,6,21:00,381
7793389843,U,OB,1,1,579,137800,86,24:00.0,7,2:00,223
7793390045,U,IB,1,1,475,530588,105,44:00.0,6,9:00,348
7793390292,U,CTY,1,1,300,140356,172,14:00.0,7,13:00,303
7793390613,U,OB,1,1,250,131897,26,22:00.0,6,20:00,754
7793390640,U,OB,1,1,300,558556,76,40:00.0,6,9:00,432
779339120X,U,OB,1,1,240,82703,73,09:00.0,5,21:00,422
7793391549,U,IB,1,1,325,530588,105,42:00.0,6,9:00,348
7793391576,U,OB,1,1,1000,129885,52,47:00.0,6,6:00,421
7793391612,U,OB,1,1,307,310552,31,08:00.0,6,2:00,422
7793391787,U,OB,1,2,1145,290035,96,21:00.0,7,7:00,202
7793392171,U,OB,1,1,126,290035,96,02:00.0,7,7:00,202
7793392254,U,IB,1,1,268,134715,123,55:00.0,7,0:00,312
7793392254,U,IB,1,1,268,134715,131,54:00.0,7,0:00,312
779339241X,U,IB,1,3,817,530588,105,35:00.0,6,7:00,348
7793392510,U,OB,1,1,3250,125687,74,15:00.0,7,8:00,432
7793392658,U,CTY,1,1,382,138418,174,29:00.0,6,21:00,381
7793393482,U,OB,1,1,840,132278,69,31:00.0,7,9:00,433
7793393693,U,OB,1,1,675,138483,22,47:00.0,7,6:00,423
7793393776,U,OB,1,1,116,125113,22,02:00.0,6,11:00,415
7793393987,U,OB,1,1,705,132278,69,13:00.0,7,10:00,433
7793394317,U,OB,1,1,1120,132278,69,02:00.0,7,9:00,433
7793395298,U,CTY,1,1,208,129763,197,39:00.0,7,21:00,309
7793395691,U,IB,1,3,2775,202422,149,53:00.0,7,17:00,547
7793396068,U,CTY,1,1,200,132756,189,31:00.0,7,19:00,318
7793396086,U,IB,1,1,1227,128506,158,42:00.0,6,21:00,251
7793396672,U,IB,1,1,276,129965,143,14:00.0,7,10:00,216
7793397222,U,CTY,1,1,78,126106,189,18:00.0,7,3:00,312
7793397516,U,OB,1,1,855,126047,22,22:00.0,7,15:00,433
7793398176,U,IB,1,1,105,530588,105,48:00.0,6,8:00,348
7793398780,U,CTY,1,1,50,126106,189,57:00.0,7,4:00,312
7793400385,U,IB,1,1,211,904236,151,50:00.0,6,12:00,324
779340088X,U,OB,1,1,654,41398,48,58:00.0,6,16:00,421
7793401595,U,OB,1,1,548,132149,58,56:00.0,7,12:00,740
7793401797,U,CTY,1,2,1396,131908,205,27:00.0,6,13:00,431
7793402558,U,OB,1,5,1880,310552,31,35:00.0,6,1:00,422
779340264X,U,OB,1,1,748,132813,31,08:00.0,6,8:00,409
7793402740,U,IB,1,1,220,291010,123,29:00.0,6,6:00,244
7793402823,U,CTY,1,1,600,132400,189,16:00.0,7,11:00,123
7793402897,U,OB,1,1,991,138483,22,17:00.0,7,7:00,423
7793402942,U,OB,1,1,1090,132813,31,01:00.0,6,8:00,409
7793403290,U,OB,1,1,597,290957,67,32:00.0,6,5:00,409
7793403346,U,OB,1,1,737,310552,31,57:00.0,6,1:00,422
7793404006,U,CTY,1,1,140,140356,172,59:00.0,7,13:00,303
7793405097,U,OB,1,1,883,290035,96,17:00.0,7,7:00,202
7793405582,U,OB,1,1,1100,431001,69,52:00.0,7,21:00,432
7793406911,U,OB,1,2,1026,310552,31,43:00.0,6,1:00,422
7793407690,U,OB,1,1,3690,430695,18,12:00.0,5,22:00,422
7793407719,U,OB,1,2,3013,132149,58,36:00.0,7,12:00,740
7793407728,U,OB,1,1,151,123045,43,41:00.0,7,19:00,411
7793407984,U,OB,1,1,2723,132149,58,45:00.0,7,12:00,740
779340880X,U,OB,1,1,200,531254,78,43:00.0,5,21:00,422
7793409405,U,OB,1,1,394,137424,66,06:00.0,6,7:00,644
7793409524,U,OB,1,1,200,531254,78,49:00.0,5,21:00,422
7793409928,U,OB,1,1,752,430695,18,47:00.0,5,21:00,422
779341122X,U,CTY,1,1,260,133642,233,45:00.0,7,16:00,473
779341122X,U,OB,1,1,260,133642,53,47:00.0,6,17:00,473
7793411385,U,OB,1,1,150,136348,38,02:00.0,7,21:00,473
7793411971,U,OB,1,1,170,133642,53,22:00.0,6,18:00,455
7793412467,U,IB,1,2,350,138223,113,55:00.0,7,8:00,462
7793417646,U,CTY,1,2,319,132756,189,55:00.0,7,18:00,318
7793418425,U,OB,1,1,265,830959,58,44:00.0,6,21:00,422
7793418672,U,CTY,1,1,544,139520,172,15:00.0,7,6:00,244
7793419222,U,OB,1,2,800,121580,75,22:00.0,7,14:00,421
7793419608,U,IB,1,1,296,130654,105,41:00.0,7,13:00,644
7793419873,U,CTY,1,1,107,139520,172,03:00.0,7,6:00,244
7793420286,U,OB,1,1,475,140310,48,08:00.0,7,7:00,432
7793422531,U,OB,1,1,120,136705,39,34:00.0,7,7:00,421
7793422926,U,OB,1,2,931,249377,48,47:00.0,7,11:00,644
7793423164,U,IB,1,2,480,138223,113,06:00.0,7,8:00,462
7793423678,U,IB,1,1,442,130654,105,07:00.0,7,13:00,644
7793423779,U,CTY,1,1,2200,125614,169,18:00.0,7,17:00,621
7793423916,U,IB,1,3,2280,41406,114,09:00.0,7,20:00,216
7793425171,U,OB,1,1,800,135232,50,49:00.0,7,10:00,409
7793426529,U,OB,1,2,1980,310506,76,58:00.0,6,22:00,422
7793427198,U,OB,1,1,1035,134835,78,57:00.0,7,21:00,409
7793427490,U,OB,1,1,264,127381,38,26:00.0,7,10:00,409
7793427519,U,CTY,1,2,1336,132756,189,18:00.0,7,19:00,318
7793427600,U,OB,1,1,990,310506,76,50:00.0,6,22:00,422
7793428444,U,CTY,1,1,83,140356,172,23:00.0,7,12:00,303
7793428729,U,OB,1,2,845,559909,90,27:00.0,6,22:00,422
7793428976,U,OB,1,10,2400,821149,18,08:00.0,7,4:00,422
7793428994,U,OB,1,2,1465,559909,90,17:00.0,6,22:00,422
7793429333,U,OB,1,1,131,559909,90,29:00.0,6,21:00,422
7793429773,U,OB,1,1,374,820869,88,21:00.0,6,21:00,422
7793430058,U,OB,1,1,514,290035,96,16:00.0,7,6:00,202
7793430424,U,OB,1,1,303,116807,95,13:00.0,7,22:00,432
7793431084,U,OB,1,1,2344,249377,48,08:00.0,7,12:00,644
7793431479,U,OB,1,2,286,820869,88,28:00.0,6,21:00,422
7793431625,U,IB,1,1,652,R21825782,101,43:00.0,7,22:00,218
7793433569,U,CTY,1,1,670,130654,191,44:00.0,7,10:00,644
7793433569,U,CTY,1,1,670,130654,191,44:00.0,7,10:00,644
7793434256,U,CTY,1,2,1386,730114,218,32:00.0,6,20:00,422
7793434348,U,OB,1,4,261,140254,18,54:00.0,7,9:00,415
7793435823,U,OB,1,1,2350,127224,90,13:00.0,7,6:00,292
7793438912,U,CTY,1,1,417,140356,172,36:00.0,7,13:00,303
7793440241,U,OB,1,1,600,842100,53,00:00.0,6,20:00,422
7793440416,U,OB,1,4,9375,116807,95,42:00.0,7,22:00,432
7793440526,U,CTY,1,4,10675,134281,194,14:00.0,7,20:00,324
7793443799,U,OB,1,1,728,559909,90,50:00.0,6,21:00,422
7793444129,U,OB,1,1,311,559909,90,39:00.0,6,22:00,422
7793444201,U,OB,1,1,1218,133000,76,32:00.0,7,22:00,508
7793444421,U,CTY,1,1,1400,140356,172,15:00.0,7,12:00,303
7793444688,U,OB,1,1,225,119073,55,54:00.0,7,16:00,411
7793446457,U,OB,1,1,98,290035,96,30:00.0,7,4:00,202
779344653X,U,IB,1,1,3800,133102,127,12:00.0,7,14:00,304
7793447281,U,OB,1,1,582,130864,53,15:00.0,7,11:00,447
7793447813,U,OB,1,1,329,559909,90,45:00.0,6,21:00,422
7793448024,U,OB,1,3,1943,559909,90,01:00.0,6,22:00,422
7793448675,U,OB,1,1,470,559909,90,55:00.0,6,21:00,422
7793449710,U,OB,1,2,720,559909,90,57:00.0,6,22:00,422
7793450408,U,OB,1,1,342,559909,90,36:00.0,6,21:00,422
7793450756,U,OB,1,1,320,559909,90,35:00.0,6,22:00,422
7793451241,U,OB,1,1,1865,136611,96,39:00.0,7,12:00,292
7793451553,U,OB,1,3,3405,310506,76,39:00.0,6,22:00,422
7793454038,U,CTY,1,1,126,140356,172,00:00.0,7,13:00,303
779371097X,U,OB,1,3,827,130675,72,47:00.0,5,4:00,653
7793712125,U,IB,1,2,823,135821,123,20:00.0,7,16:00,653
7793712354,U,OB,1,4,1518,137367,38,45:00.0,2,21:00,653
7793712390,U,IB,1,10,3062,136584,163,22:00.0,4,12:00,653
779371240X,U,IB,1,3,919,136584,163,36:00.0,4,11:00,653
7793712482,U,CTY,1,5,1445,136717,188,33:00.0,5,15:00,653
7793712812,U,IB,1,2,821,139578,149,09:00.0,1,15:00,653
7793712931,U,CTY,1,1,313,128414,187,20:00.0,6,10:00,653
7793713207,U,OB,1,1,233,125559,40,12:00.0,1,16:00,653
7793713317,U,CTY,1,1,205,R62112290,188,01:00.0,5,3:00,653
7793713326,U,CTY,1,2,618,R62112290,188,10:00.0,5,2:00,653
7793713418,U,OB,1,1,485,135469,88,34:00.0,1,12:00,653
7793713546,U,CTY,1,5,869,530810,187,41:00.0,6,3:00,653
7793713656,U,OB,1,1,909,138295,40,50:00.0,7,9:00,653
7793713885,U,IB,1,1,560,558592,152,07:00.0,7,22:00,653
7793720173,U,CTY,1,3,1385,125939,233,16:00.0,2,21:00,251
7793720173,U,CTY,1,3,1385,125939,231,23:00.0,6,19:00,251
7793720173,U,CTY,1,3,1385,125939,174,50:00.0,5,20:00,251
7793720339,U,CTY,1,2,329,125939,174,45:00.0,5,21:00,251
7793720467,U,IB,1,1,239,131313,152,32:00.0,7,21:00,251
7793720494,U,CTY,1,3,3254,136412,195,09:00.0,1,6:00,251
7793720586,U,CTY,1,3,1624,131972,169,09:00.0,4,20:00,251
7793720705,U,IB,1,1,1125,131478,143,22:00.0,6,6:00,251
779372076X,U,IB,1,1,853,131478,143,13:00.0,6,9:00,251
7793720779,U,IB,1,1,1365,131478,143,52:00.0,6,6:00,251
7793720788,U,CTY,1,3,1620,131972,169,54:00.0,4,18:00,251
7793720824,U,CTY,1,1,534,131478,238,50:00.0,6,15:00,251
7793720824,U,IB,1,1,534,131478,143,54:00.0,6,8:00,251
7793720851,U,CTY,1,1,1470,124069,175,16:00.0,6,21:00,251
7793721118,U,CTY,1,1,1395,134846,188,01:00.0,5,0:00,251
7793721273,U,OB,1,2,1166,558489,88,59:00.0,3,7:00,251
7793721365,U,OB,1,2,954,821190,32,59:00.0,6,22:00,422
7793730082,U,IB,1,1,175,137169,125,13:00.0,3,10:00,216
7793730138,U,IB,1,1,37,137169,125,14:00.0,3,8:00,216
7793730275,U,IB,1,1,520,131089,112,31:00.0,7,10:00,216
7793730403,U,IB,1,1,210,310316,117,15:00.0,1,8:00,216
7793730421,U,IB,1,1,70,310316,117,22:00.0,1,9:00,216
7793730468,U,IB,1,1,306,135944,116,32:00.0,3,15:00,216
7793730632,U,IB,1,1,26,121112,149,10:00.0,5,11:00,216
7793730724,U,IB,1,1,26,559143,163,14:00.0,1,7:00,216
7793730816,U,IB,1,1,104,129306,117,17:00.0,3,16:00,216
7793730861,U,CTY,1,1,73,126729,200,40:00.0,4,13:00,216
7793730861,U,CTY,1,1,73,126729,200,40:00.0,4,13:00,216
7793731119,U,IB,1,1,120,123280,111,48:00.0,7,22:00,216
7793731173,U,OB,1,1,195,138491,96,00:00.0,1,10:00,216
7793731283,U,IB,1,1,74,118641,133,27:00.0,3,18:00,216
7793731476,U,CTY,1,1,40,134363,187,03:00.0,6,14:00,216
7794234872,U,CTY,1,1,637,133118,195,40:00.0,1,4:00,158
7794235321,U,IB,1,2,1622,127781,149,55:00.0,1,18:00,158
779433368X,U,OB,1,2,487,125319,31,19:00.0,1,9:00,730
7794333881,U,OB,1,1,270,128204,26,05:00.0,4,1:00,730
7794333890,U,OB,1,3,2167,135146,67,53:00.0,7,18:00,730
7794334523,U,OB,1,2,922,139464,31,50:00.0,6,14:00,730
7794335275,U,OB,1,2,1434,291167,46,23:00.0,5,15:00,730
7794335760,U,OB,1,3,2195,290200,39,43:00.0,6,12:00,730
7794354819,U,CTY,1,1,250,132111,188,26:00.0,6,0:00,122
7794423156,U,IB,1,1,107,842650,158,17:00.0,5,21:00,312
7794433038,U,IB,1,6,12680,904236,151,20:00.0,6,15:00,312
7794433166,U,CTY,1,1,265,135731,197,58:00.0,5,11:00,312
7794433166,U,CTY,1,1,265,135731,182,59:00.0,5,11:00,312
779444511X,U,CTY,1,3,295,290117,188,11:00.0,3,14:00,312
7794445257,U,IB,1,1,75,904236,151,10:00.0,6,15:00,312
7794453121,U,CTY,1,2,328,121584,196,17:00.0,7,21:00,312
7794453424,U,CTY,1,3,588,138134,188,24:00.0,2,19:00,312
7794453498,U,CTY,1,3,1028,125775,194,12:00.0,2,3:00,312
7794893130,U,IB,1,1,309,132669,164,12:00.0,3,14:00,889
779489314X,U,IB,1,1,426,132669,164,14:00.0,3,14:00,889
7794894304,U,IB,1,1,270,134287,158,16:00.0,2,10:00,889
7795058195,U,OB,1,1,228,124054,31,56:00.0,6,16:00,685
7795058204,U,OB,1,1,1300,125810,69,15:00.0,5,4:00,685
7795058240,U,OB,1,1,141,129966,72,13:00.0,5,0:00,685
779505825X,U,OB,1,1,1052,129966,72,47:00.0,5,1:00,685
7795079030,U,OB,1,1,216,290622,43,10:00.0,5,16:00,685
7795080002,U,OB,1,1,2060,138436,53,17:00.0,2,4:00,685
779509301X,U,OB,1,1,700,124289,39,02:00.0,5,19:00,685
7795093029,U,OB,1,1,302,124289,39,59:00.0,5,18:00,685
7795190534,U,CTY,1,3,44,133491,176,24:00.0,6,16:00,531
7795191836,U,CTY,1,1,652,130963,189,09:00.0,5,10:00,531
7795191854,U,CTY,1,1,322,131137,173,39:00.0,5,8:00,531
7795199765,U,IB,1,2,29,353210,158,07:00.0,5,19:00,531
7795201323,U,IB,1,1,120,135735,131,34:00.0,7,21:00,531
7795491806,U,OB,1,2,643,136022,96,29:00.0,4,3:00,187
7795491815,U,OB,1,2,618,136022,96,48:00.0,4,3:00,187
7795491833,U,OB,1,2,618,136022,96,35:00.0,4,4:00,187
7795491842,U,OB,1,2,618,136022,96,26:00.0,4,4:00,187
7795496361,U,IB,1,2,2575,127898,141,49:00.0,4,12:00,111
779551805X,U,CTY,1,1,45,290901,168,25:00.0,1,8:00,896
7795518123,U,CTY,1,1,45,123790,169,25:00.0,2,3:00,896
7795518637,U,CTY,1,1,45,126097,196,16:00.0,4,8:00,896
7795518637,U,CTY,1,1,45,126097,227,17:00.0,4,8:00,896
7795518839,U,IB,1,1,45,123834,127,20:00.0,4,12:00,896
7795519012,U,CTY,1,1,45,126097,E24 ,53:00.0,3,14:00,896
7795519104,U,CTY,1,1,45,126097,196,11:00.0,4,8:00,896
7795519553,U,CTY,1,1,45,130640,216,33:00.0,5,8:00,896
7795519553,U,CTY,1,1,45,130640,194,04:00.0,5,0:00,896
7795520855,U,CTY,1,1,25,261081,192,36:00.0,3,9:00,896
7795520891,U,CTY,1,1,45,261081,192,49:00.0,3,8:00,896
7795520938,U,IB,1,1,45,261190,143,59:00.0,1,22:00,896
7795521378,U,CTY,1,1,25,261081,192,49:00.0,3,6:00,896
7795522038,U,CTY,1,1,45,130882,175,09:00.0,2,7:00,896
7795522184,U,CTY,1,1,45,130882,175,07:00.0,2,8:00,896
7795522413,U,CTY,1,1,45,135912,192,43:00.0,4,21:00,896
7795523019,U,IB,1,1,45,127772,158,29:00.0,4,1:00,896
779552344X,U,IB,1,2,70,290654,143,29:00.0,2,18:00,896
7795524568,U,IB,1,2,120,TTMS910575,151,50:00.0,3,18:00,896
7795524687,U,IB,1,1,45,353210,158,47:00.0,5,14:00,896
7795753368,U,CTY,1,2,3499,138838,174,36:00.0,7,18:00,881
7795757281,U,CTY,1,1,1750,132830,194,57:00.0,4,7:00,881
779575730X,U,CTY,1,1,225,134046,196,55:00.0,5,20:00,881
7795768227,U,CTY,1,1,110,133819,195,21:00.0,6,21:00,857
7795768290,U,CTY,1,2,37,133819,195,52:00.0,6,21:00,857
7795768501,U,CTY,1,1,13,133819,195,45:00.0,6,20:00,857
7795768557,U,CTY,1,1,13,133819,195,43:00.0,6,20:00,857
7795768712,U,CTY,1,1,25,133715,187,26:00.0,1,8:00,857
7795768997,U,IB,1,1,17,127210,151,54:00.0,3,20:00,857
7795769354,U,CTY,1,1,202,131879,176,42:00.0,6,22:00,857
7795769529,U,CTY,1,3,39,131879,176,59:00.0,6,19:00,857
7795769592,U,CTY,1,1,55,131879,176,56:00.0,6,19:00,857
7795769720,U,CTY,1,1,31,133598,173,01:00.0,1,8:00,857
7795769767,U,CTY,1,1,100,133598,173,41:00.0,1,10:00,857
7795769821,U,CTY,1,1,170,133598,173,07:00.0,1,6:00,857
7795769987,U,CTY,1,1,296,134846,188,44:00.0,5,0:00,857
7795770793,U,CTY,1,1,40,116780,187,30:00.0,5,18:00,857
779577083X,U,CTY,1,3,48,116780,187,34:00.0,5,18:00,857
7795770912,U,CTY,1,1,265,137936,187,10:00.0,6,21:00,857
779577105X,U,CTY,1,1,54,137936,187,06:00.0,6,21:00,857
7795771141,U,CTY,1,2,160,137936,187,06:00.0,6,21:00,857
7795773011,U,CTY,1,1,312,137526,175,26:00.0,7,22:00,857
7795918193,U,CTY,1,1,225,135465,187,23:00.0,2,3:00,205
7795918202,U,CTY,1,1,225,135465,187,18:00.0,2,1:00,205
7795918211,U,CTY,1,1,225,135465,187,35:00.0,2,3:00,205
7795918220,U,CTY,1,1,225,127543,196,55:00.0,1,15:00,205
779591823X,U,CTY,1,1,225,135465,187,29:00.0,2,3:00,205
7795918963,U,IB,1,1,165,130935,143,40:00.0,1,6:00,205
7795919174,U,CTY,1,1,165,130935,180,09:00.0,1,7:00,205
7795919174,U,IB,1,1,165,130935,143,50:00.0,1,5:00,205
7795919385,U,IB,1,1,165,130935,143,45:00.0,1,5:00,205
7795919742,U,IB,1,1,165,130935,143,10:00.0,1,6:00,205
7795963302,U,CTY,1,3,778,140163,175,37:00.0,5,22:00,324
7795963688,U,CTY,1,3,1151,132845,187,54:00.0,7,8:00,324
7795963751,U,IB,1,1,200,132785,127,16:00.0,1,16:00,324
7795964577,U,CTY,1,1,237,132075,175,52:00.0,2,1:00,324
7795964622,U,CTY,1,2,425,132075,175,52:00.0,2,0:00,324
7795964640,U,CTY,1,2,862,135747,197,43:00.0,7,12:00,324
7795964732,U,CTY,1,1,197,138134,188,41:00.0,2,16:00,324
7795964797,U,CTY,1,1,141,138134,188,44:00.0,2,16:00,324
7795964907,U,CTY,1,2,396,138134,181,11:00.0,2,18:00,324
7795964907,U,CTY,1,2,396,138134,188,09:00.0,2,18:00,324
7795964916,U,CTY,1,3,719,138134,188,37:00.0,2,17:00,324
7795964952,U,CTY,1,1,390,138134,188,57:00.0,2,17:00,324
7795964961,U,CTY,1,1,171,134974,187,22:00.0,4,1:00,324
7795965008,U,CTY,1,1,401,134974,187,25:00.0,4,1:00,324
7795965080,U,CTY,1,2,723,127381,188,28:00.0,4,18:00,324
779596509X,U,CTY,1,1,189,134974,187,39:00.0,3,22:00,324
7795965109,U,CTY,1,2,665,127381,188,28:00.0,4,18:00,324
7795965118,U,CTY,1,2,670,127381,188,27:00.0,4,18:00,324
7795965136,U,CTY,1,1,331,134974,187,39:00.0,3,22:00,324
779596520X,U,CTY,1,1,134,T402217967,187,45:00.0,4,21:00,324
7795965219,U,CTY,1,1,151,T402217967,187,52:00.0,4,21:00,324
7795965338,U,CTY,1,3,1017,131440,173,01:00.0,6,19:00,324
7796019301,U,IB,1,1,155,136322,164,45:00.0,4,7:00,431
7796019384,U,OB,1,3,2158,123734,46,43:00.0,5,10:00,431
7796019411,U,OB,1,7,2178,123734,46,30:00.0,5,8:00,431
7796019750,U,OB,1,1,166,137256,89,06:00.0,5,19:00,431
7796019806,U,OB,1,1,314,123734,46,44:00.0,5,7:00,431
7796019925,U,CTY,1,2,2853,132405,189,18:00.0,6,1:00,431
7796019961,U,CTY,1,1,15,132405,189,05:00.0,6,1:00,431
7796020347,U,OB,1,4,461,119897,48,46:00.0,7,10:00,431
7796020475,U,CTY,1,2,742,132261,197,05:00.0,6,22:00,431
7796020659,U,CTY,1,1,540,137216,196,01:00.0,7,16:00,431
779602086X,U,CTY,1,4,2070,136804,168,54:00.0,3,12:00,431
7796021218,U,IB,1,3,187,138766,163,49:00.0,2,0:00,431
7796021346,U,IB,1,3,905,138766,163,48:00.0,2,0:00,431
7796021510,U,IB,1,3,1402,123280,141,53:00.0,4,5:00,431
779602152X,U,IB,1,1,369,134847,145,38:00.0,3,3:00,431
7796021813,U,IB,1,1,288,134847,145,32:00.0,3,8:00,431
7796021923,U,OB,1,5,2485,127135,78,01:00.0,4,16:00,431
7796022134,U,OB,1,3,1700,127135,78,27:00.0,4,16:00,431
7796022208,U,OB,1,1,94,127135,78,49:00.0,4,15:00,431
7796022381,U,IB,1,1,545,121397,151,17:00.0,6,9:00,431
7796022500,U,OB,1,2,397,127135,78,34:00.0,4,16:00,431
7796022556,U,OB,1,2,479,127135,78,36:00.0,4,16:00,431
7796022684,U,IB,1,1,450,121397,151,42:00.0,6,9:00,431
7796023189,U,IB,1,3,473,121397,151,24:00.0,6,6:00,431
7796023243,U,IB,1,1,72,121397,151,24:00.0,6,9:00,431
7796023701,U,IB,1,1,181,121397,151,48:00.0,6,7:00,431
7796024224,U,IB,1,1,530,121397,151,23:00.0,6,5:00,431
7796024545,U,IB,1,2,1164,202422,149,07:00.0,7,15:00,431
7796158011,U,IB,1,1,647,133936,125,49:00.0,7,0:00,326
7796158424,U,IB,1,1,400,123508,112,59:00.0,2,13:00,326
7796158433,U,IB,1,1,390,123508,112,58:00.0,2,13:00,326
7796158442,U,IB,1,4,2730,123508,112,27:00.0,2,12:00,326
779615891X,U,IB,1,1,992,128320,151,20:00.0,2,21:00,326
779615891X,U,CTY,1,1,992,128320,237,34:00.0,3,0:00,326
7796158938,U,IB,1,1,495,128320,160,28:00.0,2,22:00,326
7796158938,U,IB,1,1,495,128320,151,59:00.0,2,20:00,326
7796158983,U,IB,1,1,825,128320,160,28:00.0,2,22:00,326
7796158983,U,IB,1,1,825,128320,151,00:00.0,2,21:00,326
7796159048,U,IB,1,1,130,128320,160,28:00.0,2,22:00,326
7796159048,U,IB,1,1,130,128320,151,00:00.0,2,21:00,326
7796159322,U,CTY,1,1,200,290164,187,06:00.0,4,18:00,326
7796159369,U,OB,1,1,362,131282,48,24:00.0,4,5:00,326
7796159488,U,IB,1,4,1625,133520,145,22:00.0,1,9:00,326
7796159524,U,IB,1,2,1088,353244,149,27:00.0,1,9:00,326
7796159845,U,CTY,1,1,644,117384,197,20:00.0,1,22:00,326
7796159890,U,IB,1,1,730,353244,149,29:00.0,1,7:00,326
779615990X,U,IB,1,2,790,133520,145,27:00.0,1,10:00,326
7796160056,U,IB,1,4,2610,134958,149,18:00.0,1,15:00,326
7796160550,U,IB,1,1,576,123514,145,50:00.0,5,6:00,326
7796160624,U,CTY,1,2,1160,135089,187,39:00.0,6,6:00,326
7796160954,U,IB,1,4,2110,139700,164,27:00.0,1,12:00,326
7796161459,U,CTY,1,2,474,138485,174,32:00.0,6,7:00,326
7796161486,U,IB,1,1,290,131940,133,03:00.0,6,0:00,326
7796161688,U,CTY,1,1,380,119435,188,20:00.0,6,12:00,326
7796208162,U,CTY,1,1,146,290414,173,08:00.0,3,0:00,313
7796208209,U,CTY,1,1,210,138097,194,57:00.0,5,7:00,313
7796208218,U,CTY,1,1,240,131218,169,05:00.0,6,6:00,313
7796208539,U,CTY,1,1,142,280391,196,47:00.0,7,8:00,313
7796288087,U,IB,1,1,260,138814,114,27:00.0,7,20:00,160
7796288307,U,CTY,1,1,160,430385,187,31:00.0,2,19:00,160
7796288527,U,CTY,1,2,560,127543,196,58:00.0,1,15:00,160
7796289544,U,IB,1,1,193,132797,141,07:00.0,4,11:00,160
779628992X,U,IB,1,1,331,132797,141,18:00.0,4,14:00,160
7796289948,U,IB,1,1,132,132797,141,31:00.0,4,13:00,160
779629025X,U,IB,1,1,115,136874,143,03:00.0,3,21:00,160
7796290350,U,IB,1,1,135,136874,143,10:00.0,3,21:00,160
7796290626,U,CTY,1,1,77,290014,174,59:00.0,6,13:00,160
7796290644,U,CTY,1,1,75,139743,201,31:00.0,7,13:00,160
7796290644,U,CTY,1,1,75,139743,194,48:00.0,7,4:00,160
7796290671,U,CTY,1,1,75,139743,194,05:00.0,7,5:00,160
7796290763,U,CTY,1,1,75,139743,194,56:00.0,7,3:00,160
7796291313,U,IB,1,1,130,140034,151,08:00.0,5,19:00,160
779629146X,U,CTY,1,1,145,130954,188,43:00.0,6,8:00,160
7796291479,U,CTY,1,1,130,130954,188,37:00.0,6,8:00,160
7796292092,U,CTY,1,1,175,139743,194,15:00.0,7,5:00,160
7796292101,U,CTY,1,1,180,139743,194,12:00.0,7,5:00,160
7796292166,U,CTY,1,1,635,139743,194,41:00.0,7,4:00,160
7796292294,U,CTY,1,1,77,290014,174,04:00.0,6,13:00,160
7796292294,U,CTY,1,1,77,290014,236,30:00.0,3,2:00,160
7796292909,U,IB,1,1,355,134885,123,27:00.0,1,4:00,160
7796293019,U,CTY,1,1,106,139743,194,19:00.0,7,5:00,160
7796293284,U,CTY,1,1,132,140247,208,00:00.0,6,13:00,160
7796294530,U,IB,1,1,100,291085,125,49:00.0,7,15:00,160
7796294586,U,IB,1,1,461,130935,143,27:00.0,1,6:00,160
7796294705,U,IB,1,1,134,130935,143,15:00.0,1,2:00,160
7796294815,U,CTY,1,1,120,211511,168,56:00.0,2,18:00,160
7796294833,U,CTY,1,1,80,211511,168,19:00.0,2,16:00,160
779629487X,U,CTY,1,1,37,211511,168,54:00.0,2,17:00,160
7796295109,U,CTY,1,1,106,211511,168,16:00.0,2,18:00,160
779629531X,U,CTY,1,1,105,211511,168,10:00.0,2,18:00,160
7796295338,U,CTY,1,1,56,211511,168,37:00.0,2,16:00,160
7796296548,U,OB,1,1,485,139694,96,52:00.0,6,0:00,160
7796297134,U,CTY,1,1,106,136191,196,14:00.0,6,19:00,160
7796297868,U,IB,1,1,130,136650,112,37:00.0,6,9:00,160
7796297877,U,IB,1,1,125,136650,112,01:00.0,6,10:00,160
7796297969,U,CTY,1,1,28,138990,194,20:00.0,5,20:00,160
7796297978,U,CTY,1,1,75,138990,194,29:00.0,5,19:00,160
779629916X,U,IB,1,1,77,139690,114,40:00.0,1,9:00,160
7796299756,U,IB,1,1,134,138486,104,57:00.0,2,4:00,160
7796299976,U,IB,1,1,129,137744,129,19:00.0,2,22:00,160
7796300883,U,IB,1,1,121,129829,125,40:00.0,6,2:00,160
7796302039,U,CTY,1,6,2880,135080,174,25:00.0,7,5:00,160
7796686498,U,CTY,1,3,3219,128493,195,23:00.0,6,1:00,155
7796713493,U,CTY,1,1,400,249345,197,13:00.0,7,19:00,155
7797218063,U,IB,1,1,395,138066,114,39:00.0,1,5:00,431
7797218310,U,CTY,1,1,257,135846,192,59:00.0,3,18:00,431
7797218604,U,CTY,1,1,362,135846,192,31:00.0,3,18:00,431
7797218669,U,CTY,1,1,260,135846,192,54:00.0,3,18:00,431
7797218842,U,IB,1,1,383,131617,158,54:00.0,4,11:00,431
7797219439,U,CTY,1,1,550,136847,197,44:00.0,4,1:00,431
7797219439,U,IB,1,1,550,136847,131,33:00.0,4,1:00,431
7797219998,U,IB,1,3,1365,HAEI23005,117,59:00.0,7,10:00,431
7797220346,U,IB,1,1,320,138766,163,58:00.0,1,22:00,431
7797220465,U,OB,1,1,390,127135,78,28:00.0,4,17:00,431
779722052X,U,OB,1,1,365,128717,51,47:00.0,6,14:00,431
7797220777,U,OB,1,1,335,134755,66,44:00.0,6,4:00,431
7798273733,U,CTY,1,1,271,904116,189,18:00.0,7,9:00,218
7798274283,U,IB,1,4,5475,558629,117,05:00.0,1,8:00,218
7798274851,U,IB,1,1,325,131477,101,10:00.0,5,18:00,218
7798274860,U,CTY,1,4,896,T415634691,192,40:00.0,7,12:00,218
7798274907,U,IB,1,1,210,127746,127,16:00.0,5,3:00,218
7798274916,U,IB,1,7,1022,127746,127,09:00.0,5,4:00,218
7798278189,U,IB,1,1,141,130550,164,32:00.0,1,3:00,218
7798278216,U,IB,1,1,640,558629,117,12:00.0,1,5:00,218
7798279022,U,IB,1,1,465,122848,111,57:00.0,6,14:00,218
7798280021,U,IB,1,1,535,127746,127,04:00.0,5,4:00,218
779828004X,U,IB,1,1,256,127746,127,42:00.0,5,6:00,218
7798280104,U,IB,1,1,150,R211600269,123,17:00.0,5,21:00,218
7798283074,U,IB,1,1,681,131681,117,48:00.0,6,5:00,218
7798283101,U,IB,1,1,131,123779,133,25:00.0,4,21:00,218
779828312X,U,IB,1,2,1471,123779,133,19:00.0,4,21:00,218
7798283157,U,OB,1,3,4580,132999,72,43:00.0,5,2:00,218
7798283175,U,CTY,1,1,460,135521,188,17:00.0,3,19:00,218
7798283193,U,IB,1,1,800,290066,114,15:00.0,3,22:00,218
7798283220,U,OB,1,1,840,132227,78,15:00.0,3,20:00,218
7798285229,U,IB,1,1,3280,131681,117,59:00.0,6,3:00,218
7798285247,U,CTY,1,1,170,T415634691,192,49:00.0,7,12:00,218
7798285256,U,CTY,1,2,300,T415634691,192,56:00.0,7,12:00,218
7798285402,U,IB,1,1,1574,125305,133,31:00.0,7,20:00,218
7798285494,U,OB,1,1,85,132453,94,18:00.0,7,15:00,218
7798285494,U,IB,1,1,85,132453,105,02:00.0,7,1:00,218
7798288060,U,IB,1,7,1314,290066,114,16:00.0,3,21:00,218
7798288089,U,IB,1,1,831,290066,114,35:00.0,3,21:00,218
7798294523,U,OB,1,2,5113,290149,88,28:00.0,4,0:00,218
7798294532,U,OB,1,1,322,128828,89,08:00.0,6,3:00,218
7798294550,U,IB,1,2,1631,131477,101,38:00.0,5,18:00,218
779829456X,U,CTY,1,2,2365,130752,172,23:00.0,6,6:00,218
7798294615,U,IB,1,2,1957,122848,111,16:00.0,6,16:00,218
7798294651,U,IB,1,4,4200,122848,111,55:00.0,6,17:00,218
7798300050,U,OB,1,1,802,290149,88,22:00.0,3,21:00,218
779830006X,U,OB,1,1,1290,290149,88,18:00.0,3,21:00,218
7798300133,U,OB,1,1,422,137920,90,38:00.0,7,22:00,218
7798305523,U,IB,1,7,4976,131681,110,01:00.0,6,5:00,218
7798305523,U,IB,1,7,4976,131681,117,51:00.0,6,4:00,218
7798305532,U,IB,1,9,819,R211600269,123,48:00.0,5,20:00,218
7798305624,U,OB,1,2,4405,128828,89,33:00.0,6,3:00,218
7798305624,U,IB,1,2,4405,128828,110,06:00.0,6,6:00,218
7798305651,U,CTY,1,4,7200,T415634691,192,19:00.0,7,8:00,218
7798305689,U,IB,1,1,815,130842,103,16:00.0,7,18:00,218
7798311252,U,IB,1,1,790,122848,111,04:00.0,6,16:00,218
7798314983,U,IB,1,2,1624,568035,114,18:00.0,7,4:00,218
7798627769,U,OB,1,1,65,504612,51,44:00.0,6,22:00,422
7798627778,U,OB,1,1,65,504612,51,48:00.0,6,21:00,422
7798627823,U,OB,1,1,65,504612,51,47:00.0,6,22:00,422
7798627832,U,OB,1,1,65,504612,51,07:00.0,6,22:00,422
7798627850,U,OB,1,1,65,504612,51,17:00.0,6,22:00,422
779862786X,U,OB,1,1,65,504612,51,29:00.0,6,21:00,422
7798627897,U,OB,1,1,65,504612,51,03:00.0,7,0:00,422
7798627924,U,OB,1,1,65,504612,51,34:00.0,6,21:00,422
7798627951,U,OB,1,1,65,504612,51,49:00.0,6,21:00,422
7798627960,U,OB,1,1,65,504612,51,51:00.0,6,21:00,422
7798659274,U,OB,1,1,701,821190,67,51:00.0,6,22:00,422
7798663032,U,IB,1,1,150,821190,105,02:00.0,6,1:00,422
7798663050,U,IB,1,9,4080,821190,105,50:00.0,6,0:00,422
7799089071,U,CTY,1,1,27,128595,175,44:00.0,5,12:00,617
7799089080,U,CTY,1,4,124,128595,175,41:00.0,5,12:00,617
779908909X,U,CTY,1,2,590,128595,175,42:00.0,5,13:00,617
7799089219,U,IB,1,1,115,249339,104,54:00.0,6,22:00,617
779908931X,U,IB,1,1,75,R6711535,103,53:00.0,5,3:00,617
7799089338,U,IB,1,5,164,R6711535,106,51:00.0,5,13:00,617
7799089338,U,IB,1,5,164,R6711535,103,01:00.0,5,4:00,617
7799089374,U,IB,1,4,1342,R6711535,103,37:00.0,5,9:00,617
7799089392,U,IB,1,4,90,135473,116,40:00.0,6,1:00,617
7799089401,U,IB,1,1,33,135473,116,30:00.0,5,22:00,617
7799089493,U,CTY,1,2,609,128595,175,11:00.0,5,13:00,617
7799089502,U,CTY,1,1,272,128595,175,13:00.0,5,13:00,617
7799089520,U,CTY,1,4,1475,132813,189,13:00.0,4,14:00,617
7799089549,U,IB,1,2,742,133245,101,19:00.0,4,15:00,617
7799089558,U,IB,1,1,548,133245,101,18:00.0,4,16:00,617
7799089567,U,IB,1,4,229,133245,101,21:00.0,4,16:00,617
7799089576,U,IB,1,1,68,133245,101,17:00.0,4,13:00,617
7799089612,U,IB,1,1,261,133245,101,51:00.0,4,15:00,617
779908964X,U,IB,1,5,158,133245,101,14:00.0,4,15:00,617
7799089686,U,IB,1,1,66,R6711535,103,49:00.0,5,6:00,617
7799089713,U,IB,1,1,46,R6711535,103,47:00.0,5,6:00,617
7799104545,U,OB,1,1,177,261005,90,24:00.0,6,2:00,617
7799104590,U,OB,1,1,30,311059,53,57:00.0,7,19:00,617
7799107322,U,OB,1,1,197,261005,90,15:00.0,6,2:00,617
7799107331,U,IB,1,1,20,135473,116,34:00.0,6,1:00,617
7799107378,U,CTY,1,1,390,128595,175,06:00.0,5,13:00,617
7799107378,U,CTY,1,1,390,128595,193,38:00.0,5,13:00,617
7799107533,U,OB,1,1,156,132715,49,11:00.0,6,12:00,617
779910757X,U,IB,1,1,272,249339,104,36:00.0,6,19:00,617
7799107616,U,OB,1,1,236,311059,53,32:00.0,7,22:00,617
7799107625,U,OB,1,2,500,311059,53,33:00.0,7,21:00,617
7799107652,U,OB,1,1,237,311059,53,39:00.0,7,21:00,617
7799107661,U,OB,1,6,101,311059,53,40:00.0,7,18:00,617
7799107670,U,OB,1,2,104,311059,53,20:00.0,7,18:00,617
779910768X,U,OB,1,2,472,311059,53,41:00.0,7,22:00,617
7799107699,U,OB,1,2,602,311059,53,07:00.0,7,21:00,617
7799107708,U,OB,1,1,269,311059,53,36:00.0,7,21:00,617
7799107762,U,OB,1,3,1063,311059,53,42:00.0,7,20:00,617
7799107780,U,OB,1,1,228,311059,53,57:00.0,7,18:00,617
7799113024,U,OB,1,3,91,311059,53,14:00.0,7,21:00,617
7799113042,U,OB,1,2,336,311059,53,45:00.0,7,21:00,617
7799113051,U,OB,1,4,90,311059,53,15:00.0,7,21:00,617
779911307X,U,OB,1,3,115,311059,53,26:00.0,7,18:00,617
7799113089,U,OB,1,1,29,311059,53,25:00.0,7,21:00,617
7799113098,U,OB,1,2,289,311059,53,14:00.0,7,19:00,617
7799113107,U,OB,1,2,49,311059,53,44:00.0,7,18:00,617
7799113116,U,OB,1,1,174,311059,53,25:00.0,7,21:00,617
7799113125,U,OB,1,2,72,311059,53,41:00.0,7,22:00,617
7799113143,U,OB,1,5,155,311059,53,02:00.0,7,20:00,617
779911318X,U,OB,1,2,60,311059,53,33:00.0,7,18:00,617
7799113199,U,OB,1,5,154,311059,53,53:00.0,7,19:00,617
7799113208,U,OB,1,1,140,311059,53,54:00.0,7,20:00,617
7799123510,U,OB,1,1,760,R6711535,56,01:00.0,5,9:00,617
7799123510,U,OB,1,1,760,R6711535,56,01:00.0,5,9:00,617
779912352X,U,OB,1,2,521,R6711535,82,35:00.0,5,9:00,617
779912352X,U,IB,1,2,521,R6711535,103,57:00.0,5,0:00,617
7799123548,U,IB,1,1,180,R6711535,103,48:00.0,5,3:00,617
7799123548,U,OB,1,1,180,R6711535,97,29:00.0,5,6:00,617
7799123575,U,CTY,1,2,650,128595,175,35:00.0,5,12:00,617
7799163056,U,IB,1,1,150,R6711535,103,52:00.0,5,6:00,617
7799163065,U,IB,1,3,1510,249339,104,01:00.0,6,20:00,617
7799163074,U,IB,1,1,645,249339,104,20:00.0,6,19:00,617
7799384100,U,CTY,1,1,491,290033,195,48:00.0,3,16:00,621
7799384129,U,CTY,1,1,797,290033,195,34:00.0,3,16:00,621
7799384138,U,CTY,1,4,2110,290033,195,55:00.0,3,17:00,621
7799385604,U,CTY,1,1,378,125614,169,51:00.0,7,18:00,621
7799385750,U,CTY,1,1,378,125614,169,00:00.0,7,17:00,621
7799385860,U,CTY,1,1,204,125614,169,02:00.0,7,19:00,621
7799409108,U,IB,1,1,165,126165,149,06:00.0,6,5:00,431
7799409218,U,CTY,1,1,165,HAEI24595,173,42:00.0,7,18:00,431
7799450192,U,IB,1,2,1260,131451,127,25:00.0,5,5:00,244
7799450358,U,IB,1,2,510,136603,111,27:00.0,5,3:00,244
779945044X,U,IB,1,2,374,130793,141,31:00.0,3,12:00,244
7799450495,U,CTY,1,5,2477,201100,175,59:00.0,6,10:00,244
7799450513,U,IB,1,1,255,127963,133,29:00.0,6,14:00,244
7799450522,U,IB,1,1,47,127963,133,45:00.0,6,15:00,244
7799450578,U,IB,1,4,1346,261060,163,20:00.0,7,8:00,244
7799450742,U,IB,1,1,352,130793,141,29:00.0,3,10:00,244
7799450751,U,CTY,1,5,1149,136059,Y   ,33:00.0,3,12:00,244
7799450751,U,IB,1,5,1149,136059,166,19:00.0,3,14:00,244
779945077X,U,IB,1,4,1060,132113,143,20:00.0,7,20:00,244
7799450899,U,CTY,1,1,234,136344,192,04:00.0,4,7:00,244
7799450962,U,CTY,1,2,434,136344,192,44:00.0,4,6:00,244
7799450980,U,IB,1,1,190,131727,158,17:00.0,4,15:00,244
779945099X,U,IB,1,2,339,131727,158,38:00.0,4,15:00,244
7799451018,U,IB,1,1,202,125914,164,18:00.0,4,14:00,244
7799451036,U,CTY,1,2,400,136344,192,28:00.0,4,6:00,244
7799451072,U,IB,1,11,2224,131727,158,11:00.0,4,14:00,244
779945110X,U,IB,1,1,203,131727,158,41:00.0,4,13:00,244
7799451137,U,IB,1,1,203,131727,158,52:00.0,4,13:00,244
7799451182,U,IB,1,1,129,131727,158,12:00.0,4,15:00,244
7799451247,U,IB,1,1,272,125914,164,17:00.0,4,13:00,244
7799451256,U,CTY,1,7,2730,135534,188,00:00.0,6,4:00,244
7799451494,U,IB,1,1,190,124340,112,19:00.0,4,8:00,244
7799451503,U,IB,1,1,309,558917,131,31:00.0,3,10:00,244
7799451512,U,IB,1,1,524,124340,112,30:00.0,4,8:00,244
7799451530,U,CTY,1,2,425,131440,173,41:00.0,6,18:00,244
7799451559,U,CTY,1,7,1210,131440,173,03:00.0,6,19:00,244
7799451568,U,CTY,1,2,1054,131440,173,29:00.0,6,18:00,244
7799451640,U,IB,1,2,300,123274,145,42:00.0,5,9:00,244
7799451696,U,IB,1,1,167,139908,129,28:00.0,5,10:00,244
7799451788,U,IB,1,2,223,129840,127,30:00.0,5,12:00,244
7799452026,U,OB,1,1,244,128835,88,26:00.0,6,15:00,244
7799452044,U,OB,1,3,567,128835,88,49:00.0,6,15:00,244
779953910X,U,CTY,1,1,170,249122,172,59:00.0,4,18:00,155
7799539357,U,CTY,1,1,182,126862,174,46:00.0,5,23:00,155
7799539384,U,CTY,1,3,1439,126862,174,10:00.0,6,0:00,155
7799540136,U,CTY,1,1,137,133888,189,44:00.0,4,16:00,155
7799540145,U,CTY,1,4,2001,134562,192,09:00.0,5,11:00,155
7799540401,U,IB,1,1,182,133481,145,26:00.0,6,10:00,155
7799540457,U,IB,1,4,2345,133481,145,24:00.0,6,10:00,155
7799554344,U,CTY,1,1,404,133888,189,00:00.0,4,16:00,155
7799554445,U,CTY,1,10,3066,134562,192,09:00.0,5,11:00,155
7799554683,U,IB,1,1,624,133481,145,06:00.0,6,11:00,155
7799554739,U,IB,1,10,3130,140260,149,51:00.0,6,13:00,155
7799589434,U,IB,1,1,335,131223,163,32:00.0,4,18:00,431
7799589571,U,CTY,1,1,50,558695,169,23:00.0,7,9:00,431
7799589782,U,CTY,1,2,470,431077,173,52:00.0,7,20:00,431
7799589791,U,CTY,1,1,141,558695,169,23:00.0,7,6:00,431
7799590186,U,CTY,1,1,118,132080,172,24:00.0,6,22:00,431
7799590314,U,CTY,1,3,2365,125621,197,37:00.0,3,20:00,431
7799590323,U,IB,1,4,1865,127509,129,18:00.0,3,19:00,431
7799590516,U,IB,1,1,1095,HAEI23005,117,27:00.0,7,4:00,431
7799590525,U,IB,1,1,204,560306,145,46:00.0,6,14:00,431
7799590662,U,CTY,1,8,5980,132032,192,39:00.0,1,11:00,431
7799590772,U,CTY,1,1,375,123843,194,21:00.0,3,0:00,431
7799590891,U,OB,1,13,10685,HAEI26237,67,26:00.0,6,0:00,431
7820001147,U,IB,1,1,517,290826,111,42:00.0,5,15:00,111
7820001174,U,IB,1,1,206,290826,111,44:00.0,5,15:00,111
7820001257,U,IB,1,1,520,290826,111,48:00.0,5,14:00,111
7820005217,U,OB,1,1,335,558986,52,44:00.0,3,4:00,111
7820011734,U,CTY,1,3,5425,133631,192,59:00.0,3,13:00,111
7820016767,U,CTY,1,1,345,133631,192,01:00.0,3,13:00,111
7820045376,U,IB,1,1,1014,290826,111,27:00.0,5,15:00,111
7820045477,U,CTY,1,1,590,133631,192,28:00.0,3,14:00,111
7820350130,U,CTY,1,1,132,117384,197,02:00.0,1,21:00,881
7820350231,U,IB,1,1,199,137311,149,02:00.0,3,8:00,881
7820351259,U,IB,1,1,319,131530,141,38:00.0,7,16:00,881
7820351313,U,IB,1,1,148,131530,141,13:00.0,7,16:00,881
7820351928,U,CTY,1,1,273,249095,187,40:00.0,4,13:00,881
7820351955,U,IB,1,1,191,249095,158,15:00.0,4,14:00,881
7820351955,U,CTY,1,1,191,249095,187,57:00.0,4,13:00,881
7820352065,U,CTY,1,1,196,249095,187,03:00.0,4,19:00,881
782035212X,U,IB,1,1,375,124053,164,50:00.0,4,21:00,881
7820352139,U,IB,1,1,181,124053,164,45:00.0,4,21:00,881
7820352166,U,CTY,1,1,80,134046,196,47:00.0,5,20:00,881
7820352202,U,CTY,1,1,80,530752,173,08:00.0,5,15:00,881
7820352211,U,CTY,1,1,130,530752,173,22:00.0,5,14:00,881
7820352258,U,CTY,1,1,80,128252,197,56:00.0,6,10:00,881
782035234X,U,CTY,1,1,205,530752,173,05:00.0,5,15:00,881
782035234X,U,CTY,1,1,205,530752,205,23:00.0,5,17:00,881
7820352359,U,CTY,1,1,309,128252,197,39:00.0,6,10:00,881
7820352386,U,CTY,1,1,80,530752,173,14:00.0,5,15:00,881
7820680195,U,IB,1,2,514,128743,127,16:00.0,5,5:00,688
7820681149,U,OB,1,1,239,136318,69,24:00.0,3,17:00,688
7820681744,U,CTY,1,2,599,530810,187,06:00.0,6,3:00,688
7820711774,U,OB,1,1,308,290035,59,48:00.0,7,4:00,202
7820711774,U,OB,1,1,308,290035,96,14:00.0,7,3:00,202
7820711783,U,OB,1,1,339,290035,89,45:00.0,7,5:00,202
7820711783,U,OB,1,1,339,290035,96,01:00.0,7,5:00,202
782073547X,U,OB,1,1,471,290035,96,02:00.0,7,5:00,202
7820735507,U,OB,1,1,280,202373,78,43:00.0,6,12:00,202
7820737761,U,OB,1,1,160,202373,78,11:00.0,6,12:00,202
7821390400,U,CTY,1,1,248,117243,175,27:00.0,1,19:00,830
7822315116,U,CTY,1,1,329,131940,186,36:00.0,6,0:00,326
7822315116,U,CTY,1,1,329,131940,186,36:00.0,6,0:00,326
7822315125,U,CTY,1,1,223,119435,188,12:00.0,6,12:00,326
7822315648,U,CTY,1,1,380,119435,188,05:00.0,6,12:00,326
7822315684,U,CTY,1,1,218,128437,188,04:00.0,7,20:00,326
7822315720,U,CTY,1,2,635,119435,188,01:00.0,6,11:00,326
7822315996,U,IB,1,3,2710,132751,149,51:00.0,7,22:00,326
782231606X,U,IB,1,1,395,132751,149,46:00.0,7,22:00,326
7822557711,U,OB,1,1,320,134240,51,39:00.0,1,20:00,685
7822767701,U,OB,1,4,4402,126885,96,49:00.0,3,22:00,211
7822767793,U,IB,1,5,3617,136719,116,48:00.0,5,8:00,211
782276805X,U,CTY,1,3,3240,123969,173,13:00.0,6,2:00,211
7822768370,U,CTY,1,1,540,135246,189,04:00.0,4,20:00,211
7822768536,U,CTY,1,6,6067,135246,189,53:00.0,4,21:00,211
7822768581,U,CTY,1,1,338,135246,189,32:00.0,4,19:00,211
7822768581,U,CTY,1,1,338,135246,182,06:00.0,4,22:00,211
7822768949,U,IB,1,1,630,137236,101,00:00.0,6,5:00,211
7822769012,U,OB,1,5,2100,134530,95,35:00.0,6,9:00,211
7822769030,U,OB,1,10,9544,134530,95,43:00.0,6,8:00,211
7822769122,U,IB,1,1,838,137236,101,25:00.0,6,3:00,211
7822769499,U,CTY,1,3,3768,137507,181,25:00.0,6,5:00,211
7822769499,U,CTY,1,3,3768,137507,175,24:00.0,6,5:00,211
7822769508,U,OB,1,4,1855,134530,95,35:00.0,6,9:00,211
7823221727,U,OB,1,1,220,HAEI26237,67,43:00.0,5,15:00,431
7823228051,U,OB,1,1,442,128717,51,11:00.0,6,13:00,431
7823977573,U,OB,1,1,479,558986,52,36:00.0,3,2:00,172
7823977591,U,OB,1,3,2080,138316,53,32:00.0,2,17:00,172
7823988097,U,CTY,1,3,2304,138948,172,51:00.0,4,22:00,682
7823988252,U,OB,1,1,305,133533,43,04:00.0,5,4:00,682
7823988701,U,CTY,1,1,405,138948,172,36:00.0,4,22:00,682
7823988739,U,CTY,1,1,134,138948,172,40:00.0,4,22:00,682
7823988766,U,CTY,1,1,145,138948,172,33:00.0,4,22:00,682
782398916X,U,IB,1,1,175,291209,133,10:00.0,6,21:00,682
7823989197,U,IB,1,1,200,291209,133,17:00.0,6,21:00,682
7823989289,U,IB,1,1,190,291209,133,20:00.0,6,22:00,682
7823989399,U,CTY,1,3,1300,139950,173,20:00.0,7,11:00,682
7823989509,U,CTY,1,1,134,139950,173,33:00.0,7,9:00,682
7824027632,U,OB,1,2,2225,123993,90,45:00.0,6,8:00,251
782575752X,U,CTY,1,2,337,T402217967,187,19:00.0,5,0:00,324
7825758556,U,CTY,1,3,803,126106,189,23:00.0,7,6:00,324
7825758868,U,CTY,1,2,1804,126106,189,30:00.0,7,6:00,324
7826772527,U,IB,1,8,7559,568035,114,07:00.0,7,5:00,218
7826772985,U,OB,1,2,1580,135081,96,22:00.0,7,21:00,218
7827672473,U,OB,1,1,390,410224,43,05:00.0,6,19:00,422
7827672538,U,OB,1,3,1470,505669,43,37:00.0,7,5:00,422
7827672556,U,OB,1,1,936,505669,43,02:00.0,7,5:00,422
7827672583,U,OB,1,1,221,505669,43,33:00.0,7,2:00,422
7827672592,U,OB,1,1,300,505669,43,22:00.0,7,4:00,422
7827672639,U,OB,1,5,7757,505669,43,11:00.0,7,6:00,422
7827672648,U,OB,1,2,755,505669,86,12:00.0,7,11:00,422
7827672648,U,OB,1,2,755,505669,43,38:00.0,7,4:00,422
7827672657,U,OB,1,3,15631,505669,43,17:00.0,7,4:00,422
7827672711,U,OB,1,1,765,505669,43,11:00.0,7,2:00,422
7827672749,U,OB,1,2,1495,505669,43,01:00.0,7,3:00,422
7873998859,U,OB,1,1,350,132272,78,46:00.0,5,6:00,187
7883264232,U,IB,1,1,156,128138,164,07:00.0,2,12:00,830
7891341010,U,IB,1,2,1350,127610,164,29:00.0,7,22:00,389
7891341102,U,CTY,1,3,2025,125723,175,56:00.0,5,0:00,389
7891341111,U,CTY,1,2,1350,125723,175,01:00.0,5,1:00,389
7891341158,U,IB,1,6,10600,131289,131,38:00.0,5,18:00,389
789134124X,U,CTY,1,10,6795,131157,169,25:00.0,4,17:00,389
7891341259,U,CTY,1,8,5400,131157,169,39:00.0,4,18:00,389
7891341313,U,IB,1,2,334,127872,135,22:00.0,1,19:00,389
7993450545,U,OB,1,1,357,559909,90,40:00.0,6,21:00,422
8072786475,U,CTY,1,1,575,124021,172,01:00.0,3,5:00,807
8072786475,U,CTY,1,1,575,124021,194,14:00.0,3,8:00,807
8072838716,U,CTY,1,1,212,123843,194,09:00.0,3,1:00,807
8091846094,U,IB,1,1,300,132669,164,51:00.0,3,12:00,809
8091911140,U,CTY,1,1,315,139728,168,38:00.0,1,9:00,511
809191115X,U,CTY,1,1,1620,139728,168,38:00.0,1,9:00,511
8091911178,U,CTY,1,1,192,139728,168,53:00.0,1,9:00,511
8091911187,U,CTY,1,1,270,139728,168,53:00.0,1,9:00,511
8091911196,U,CTY,1,1,900,139728,168,44:00.0,1,9:00,511
8091911205,U,CTY,1,1,585,139728,168,52:00.0,1,9:00,511
8091911214,U,CTY,1,1,306,139728,168,43:00.0,1,9:00,511
8091911223,U,CTY,1,1,180,139728,168,38:00.0,1,9:00,511
8091911232,U,CTY,1,1,360,139728,168,43:00.0,1,9:00,511
8091911241,U,CTY,1,1,304,139728,168,52:00.0,1,9:00,511
8091911250,U,CTY,1,1,2070,139728,168,35:00.0,1,9:00,511
809959300X,U,IB,1,5,1714,125129,150,46:00.0,5,22:00,809
8111963565,U,CTY,1,10,17036,136740,188,57:00.0,5,22:00,811
8146344333,U,IB,1,1,637,249183,123,55:00.0,2,14:00,814
8172099983,U,CTY,1,1,365,138851,194,41:00.0,2,17:00,833
8193644383,U,IB,1,1,677,127385,127,26:00.0,6,15:00,819
8197824273,U,IB,1,1,161,291203,133,15:00.0,1,21:00,819
8199643307,U,IB,1,2,545,125347,133,58:00.0,3,5:00,819
8199643343,U,IB,1,3,1030,530367,125,00:00.0,5,5:00,819
8199643361,U,IB,1,2,667,530367,125,57:00.0,5,5:00,819
8199643399,U,IB,1,2,911,134694,143,02:00.0,5,15:00,819
8199643408,U,IB,1,2,1274,134694,143,24:00.0,5,14:00,819
8199643426,U,IB,1,1,281,568031,164,39:00.0,2,18:00,819
8199643462,U,CTY,1,1,394,136233,169,50:00.0,3,20:00,819
8199643471,U,CTY,1,1,744,136233,169,37:00.0,3,20:00,819
8199643518,U,IB,1,2,754,125844,141,17:00.0,7,13:00,819
8199643527,U,IB,1,1,287,125844,141,25:00.0,7,13:00,819
8199643554,U,CTY,1,1,396,127770,197,32:00.0,3,16:00,819
8199643563,U,CTY,1,2,419,127770,197,26:00.0,3,18:00,819
8199643572,U,IB,1,1,870,252427,131,17:00.0,5,4:00,819
8199643590,U,IB,1,1,257,252427,131,47:00.0,5,2:00,819
819964360X,U,IB,1,1,214,252427,131,13:00.0,5,4:00,819
8199643619,U,IB,1,1,287,252427,119,41:00.0,5,4:00,819
819969794X,U,IB,1,1,456,131487,163,17:00.0,7,4:00,819
8199698040,U,IB,1,1,1113,131487,163,53:00.0,7,4:00,819
819969805X,U,IB,1,5,5157,129503,129,39:00.0,1,5:00,819
8199698123,U,IB,1,2,425,131487,163,29:00.0,7,6:00,819
8199698132,U,IB,1,1,207,131487,163,51:00.0,7,4:00,819
8302717689,U,CTY,1,1,208,121997,174,30:00.0,2,6:00,830
8302717698,U,CTY,1,9,285,134055,195,27:00.0,3,18:00,830
8303002414,U,CTY,1,1,590,136637,192,51:00.0,4,13:00,830
8303704434,U,CTY,1,1,220,127922,197,57:00.0,7,7:00,830
8303704618,U,IB,1,8,3480,132504,150,26:00.0,5,10:00,830
8303705287,U,CTY,1,1,155,133247,192,40:00.0,3,17:00,830
842339505X,U,IB,1,3,1893,133291,105,38:00.0,7,2:00,842
842339516X,U,IB,1,3,1627,HAEI27016,116,48:00.0,4,16:00,842
8423395370,U,IB,1,2,1578,HAEI23005,117,52:00.0,7,4:00,842
8423395399,U,IB,1,2,1655,HAEI23005,117,11:00.0,7,8:00,842
8423395417,U,CTY,1,4,2774,HAEI23255,175,42:00.0,7,21:00,842
8423395637,U,IB,1,3,1761,HAEI23307,131,04:00.0,6,20:00,842
8511133193,U,IB,1,1,466,131183,143,29:00.0,5,16:00,851
8511133440,U,CTY,1,4,2375,132671,189,32:00.0,6,0:00,851
8511133440,U,CTY,1,4,2375,132671,231,35:00.0,6,0:00,851
8540361433,U,IB,1,2,1435,130587,117,03:00.0,2,8:00,854
8540380106,U,IB,1,1,220,558206,125,14:00.0,5,19:00,854
8540380115,U,IB,1,2,1193,558206,125,33:00.0,5,19:00,854
8540380198,U,CTY,1,11,2310,133072,169,30:00.0,7,10:00,854
8540380243,U,CTY,1,1,165,129553,168,48:00.0,2,13:00,854
8540400319,U,IB,1,1,585,281030,125,38:00.0,1,22:00,854
8720261232,U,IB,1,1,523,290256,163,36:00.0,2,12:00,872
872033133X,U,CTY,1,1,400,137849,196,37:00.0,3,3:00,872
8812233588,U,IB,1,10,1890,122417,149,19:00.0,2,13:00,865
8816506830,U,IB,1,1,198,134188,151,56:00.0,5,14:00,881
8818140880,U,IB,1,1,445,136038,141,30:00.0,1,10:00,881
8818140880,U,CTY,1,1,445,136038,233,27:00.0,1,16:00,881
8818160828,U,IB,1,2,305,131530,141,31:00.0,7,16:00,881
8818160900,U,CTY,1,1,113,136041,172,51:00.0,7,2:00,881
8868236681,U,IB,1,1,609,127866,135,21:00.0,5,1:00,249
8900664667,U,OB,1,5,105,131027,90,25:00.0,2,0:00,890
8915107190,U,IB,1,1,150,134519,163,17:00.0,2,18:00,891
8915110463,U,IB,1,1,150,131591,129,54:00.0,7,6:00,891
8915116540,U,IB,1,1,2195,261091,151,34:00.0,5,22:00,891
891511655X,U,IB,1,1,2120,128821,117,34:00.0,1,16:00,891
8915117631,U,IB,1,1,190,131651,141,17:00.0,1,13:00,891
899668097X,U,IB,1,1,290,127772,158,21:00.0,4,3:00,899
9023963630,U,OB,1,1,189,125430,32,04:00.0,4,6:00,418
9023963704,U,OB,1,1,310,125430,32,09:00.0,4,7:00,418
9023964153,U,OB,1,5,3295,134221,76,27:00.0,7,5:00,418
9023964438,U,OB,1,1,650,128260,58,20:00.0,4,15:00,418
9023964447,U,OB,1,5,5170,140179,49,59:00.0,4,12:00,418
9172099085,U,CTY,1,1,200,136374,194,57:00.0,2,18:00,675
9172099781,U,IB,1,2,400,134735,143,46:00.0,3,12:00,675
9172099781,U,CTY,1,2,400,134735,191,54:00.0,3,12:00,675
9172119132,U,IB,1,1,250,559295,135,02:00.0,3,21:00,675
9174198031,U,OB,1,2,3049,310753,53,34:00.0,6,21:00,422
918017953X,U,OB,1,2,450,140332,95,08:00.0,7,17:00,158
9180179558,U,OB,1,2,114,CVEN44290,95,01:00.0,1,21:00,158
9180179630,U,CTY,1,1,115,138282,169,41:00.0,2,21:00,158
9180179740,U,CTY,1,1,115,138282,169,07:00.0,2,22:00,158
9180180263,U,IB,1,1,68,CVEN43549,133,51:00.0,4,19:00,158
9180181042,U,CTY,1,1,170,126370,196,10:00.0,7,15:00,158
9180181336,U,IB,1,1,101,135329,163,19:00.0,2,1:00,158
9180182189,U,CTY,1,1,44,139814,168,35:00.0,5,1:00,158
9180182427,U,CTY,1,1,122,139814,168,41:00.0,5,1:00,158
9180182463,U,CTY,1,1,135,139814,168,12:00.0,5,1:00,158
9180182463,U,CTY,1,1,135,139814,235,25:00.0,5,22:00,158
9180182656,U,CTY,1,1,140,126500,192,17:00.0,5,14:00,158
9180183646,U,OB,1,1,145,CVEN45352,89,28:00.0,5,4:00,158
9180183902,U,CTY,1,1,250,133807,187,08:00.0,4,5:00,158
9180184315,U,CTY,1,1,173,138251,197,45:00.0,5,11:00,158
9180184755,U,CTY,1,2,197,128691,196,28:00.0,2,19:00,158
9180185727,U,IB,1,1,55,137761,114,01:00.0,6,11:00,158
9180186964,U,IB,1,1,124,CVEN44615,113,32:00.0,6,15:00,158
9180187074,U,IB,1,1,145,CVEN44615,113,19:00.0,6,15:00,158
9180187157,U,CTY,1,1,58,128293,175,23:00.0,5,18:00,158
9180187157,U,CTY,1,1,58,128293,231,24:00.0,5,18:00,158
9180187166,U,IB,1,1,250,CVEN44615,113,41:00.0,6,15:00,158
9180187220,U,IB,1,1,290,CVEN44615,113,37:00.0,6,14:00,158
9180187267,U,CTY,1,1,180,128293,231,11:00.0,5,17:00,158
9180187267,U,CTY,1,1,180,128293,175,09:00.0,5,17:00,158
9180187431,U,IB,1,2,116,CVEN44615,113,11:00.0,6,15:00,158
918018745X,U,CTY,1,1,58,128293,175,26:00.0,5,19:00,158
9180187469,U,CTY,1,1,58,128293,175,12:00.0,5,19:00,158
9180187469,U,CTY,1,1,58,128293,231,13:00.0,5,19:00,158
9180187541,U,CTY,1,1,42,128293,175,14:00.0,5,19:00,158
9180187541,U,CTY,1,1,42,128293,231,15:00.0,5,19:00,158
918018800X,U,IB,1,1,150,CVEN44986,103,19:00.0,7,4:00,158
9180188019,U,IB,1,1,150,CVEN44986,103,23:00.0,7,4:00,158
9180560753,U,CTY,1,1,92,136990,189,35:00.0,2,16:00,830
9180560753,U,CTY,1,1,92,136990,235,47:00.0,3,8:00,830
9180560991,U,CTY,1,1,112,123067,195,53:00.0,3,5:00,830
9180562477,U,CTY,1,1,104,134255,189,24:00.0,6,16:00,830
9180562962,U,CTY,1,1,104,135253,192,14:00.0,3,0:00,830
9180564805,U,IB,1,1,77,131621,143,25:00.0,6,14:00,830
9180565263,U,IB,1,1,104,131621,143,34:00.0,6,15:00,830
9180565272,U,IB,1,1,91,131621,143,32:00.0,6,15:00,830
9181005254,U,CTY,1,1,155,124100,188,03:00.0,4,14:00,833
918100541X,U,CTY,1,1,265,124100,188,10:00.0,4,14:00,833
9181006922,U,IB,1,1,70,132897,127,05:00.0,7,21:00,833
9181007629,U,CTY,1,1,155,132230,168,14:00.0,1,0:00,830
9181007912,U,CTY,1,1,46,117243,175,28:00.0,1,21:00,830
9181008078,U,IB,1,1,83,123809,141,37:00.0,6,16:00,830
918100816X,U,IB,1,1,10,123809,141,10:00.0,6,18:00,830
9191152654,U,IB,1,1,122,132653,131,58:00.0,6,5:00,266
9192860734,U,OB,1,1,210,139865,78,55:00.0,3,15:00,402
9192860880,U,IB,1,1,76,139614,105,45:00.0,3,15:00,402
9192861138,U,CTY,1,1,151,291101,189,34:00.0,4,9:00,402
9192861257,U,OB,1,1,101,278516,74,26:00.0,5,22:00,402
9192861275,U,OB,1,1,275,132377,52,58:00.0,6,5:00,402
9192861320,U,OB,1,1,101,137647,55,47:00.0,6,3:00,402
9192861358,U,OB,1,1,101,134629,74,56:00.0,6,10:00,402
9192861403,U,OB,1,1,101,128910,40,53:00.0,1,7:00,402
9192861980,U,OB,1,1,86,124473,58,18:00.0,5,18:00,402
9192862081,U,OB,1,1,4,128641,22,10:00.0,5,21:00,402
9192862339,U,OB,1,1,86,128622,58,54:00.0,2,1:00,402
9192862568,U,OB,1,1,81,124272,73,29:00.0,3,21:00,402
9192862595,U,CTY,1,1,95,123824,169,33:00.0,4,2:00,402
9192862815,U,OB,1,1,76,124272,73,36:00.0,3,22:00,402
9192862907,U,OB,1,1,76,124272,73,02:00.0,3,22:00,402
9192862934,U,OB,1,1,81,124272,73,56:00.0,3,20:00,402
9192863008,U,OB,1,1,81,124272,73,37:00.0,3,21:00,402
9192863237,U,OB,1,1,81,135076,43,54:00.0,4,15:00,402
9192863282,U,OB,1,1,81,135076,43,49:00.0,4,15:00,402
9192863484,U,IB,1,1,76,125262,150,14:00.0,5,16:00,402
9192863558,U,OB,1,1,130,132021,17,25:00.0,6,21:00,402
9192863558,U,CTY,1,1,130,132021,193,51:00.0,6,21:00,402
9192863612,U,OB,1,1,300,121942,50,09:00.0,6,17:00,402
9192863915,U,OB,1,1,81,132595,14,51:00.0,7,18:00,402
9192865500,U,OB,1,1,81,136484,17,21:00.0,4,10:00,402
9192865720,U,OB,1,1,465,211022,58,45:00.0,6,12:00,402
9192865758,U,OB,1,1,275,211022,58,32:00.0,6,10:00,402
9192865859,U,OB,1,1,109,211022,58,39:00.0,6,11:00,402
9192866088,U,OB,1,1,81,211022,58,29:00.0,6,16:00,402
9192866418,U,OB,1,1,81,123105,18,48:00.0,5,7:00,402
9192866600,U,OB,1,1,81,123105,18,52:00.0,5,7:00,402
9192866710,U,OB,1,1,81,249172,60,01:00.0,5,12:00,402
9192866811,U,OB,1,1,81,249172,60,07:00.0,5,12:00,402
919286683X,U,CTY,1,1,81,131918,195,43:00.0,5,20:00,402
9192866849,U,OB,1,1,81,211022,58,32:00.0,6,11:00,402
9192866903,U,OB,1,1,81,560490,72,52:00.0,7,6:00,402
9192866968,U,OB,1,1,81,560490,72,47:00.0,7,6:00,402
9192867123,U,OB,1,1,81,560490,72,55:00.0,7,6:00,402
9192867399,U,OB,1,1,81,560490,72,14:00.0,7,9:00,402
9192867453,U,OB,1,1,81,560490,72,40:00.0,7,8:00,402
919286782X,U,OB,1,1,81,121588,32,41:00.0,7,21:00,402
919286793X,U,OB,1,1,81,121588,32,31:00.0,7,21:00,402
9192867967,U,OB,1,1,81,121588,32,40:00.0,7,22:00,402
9192868003,U,OB,1,1,81,121588,32,35:00.0,7,21:00,402
9192868526,U,OB,1,1,81,121588,32,37:00.0,7,22:00,402
9193703729,U,IB,1,1,146,131733,141,44:00.0,6,14:00,521
9193705846,U,IB,1,1,150,130708,111,37:00.0,2,3:00,521
9193706277,U,OB,1,1,158,138432,46,27:00.0,6,21:00,521
919370789X,U,OB,1,1,157,140148,22,23:00.0,5,19:00,521
9193708019,U,OB,1,1,76,140148,22,53:00.0,5,20:00,521
9193708055,U,OB,1,1,157,140148,22,29:00.0,5,19:00,521
9193708064,U,OB,1,1,157,140148,22,19:00.0,5,19:00,521
9193708210,U,OB,1,1,113,140148,22,34:00.0,5,20:00,521
9193708293,U,OB,1,1,45,140148,22,40:00.0,5,19:00,521
9193708302,U,OB,1,1,157,140148,22,56:00.0,5,19:00,521
9193708320,U,OB,1,1,157,140148,22,34:00.0,5,19:00,521
9193708349,U,IB,1,1,76,130505,113,12:00.0,6,1:00,521
9193708376,U,OB,1,1,76,140148,22,46:00.0,5,20:00,521
9193708385,U,IB,1,1,76,130505,113,29:00.0,6,1:00,521
9193708430,U,OB,1,1,76,132300,84,37:00.0,6,19:00,521
9193708632,U,OB,1,1,76,140148,22,21:00.0,5,18:00,521
9193708650,U,OB,1,1,76,140148,22,53:00.0,5,20:00,521
9193708742,U,OB,1,1,76,136758,39,34:00.0,7,22:00,521
9193708798,U,OB,1,1,76,136758,39,20:00.0,7,23:00,521
9193708935,U,OB,1,1,76,121829,60,15:00.0,7,22:00,521
9197606208,U,OB,1,1,293,135938,31,52:00.0,5,4:00,423
9197606262,U,OB,1,2,720,135938,31,13:00.0,5,7:00,423
9197606318,U,OB,1,1,250,133519,43,47:00.0,4,17:00,423
9197606345,U,OB,1,1,157,135938,31,58:00.0,5,5:00,423
9197606363,U,OB,1,1,157,135938,31,45:00.0,5,6:00,423
9197606428,U,OB,1,1,157,133519,43,10:00.0,4,16:00,423
9197606455,U,OB,1,1,298,135938,31,32:00.0,5,5:00,423
9197606684,U,OB,1,1,157,135938,31,00:00.0,5,7:00,423
9197606720,U,OB,1,1,65,133519,43,35:00.0,4,15:00,423
9197606794,U,OB,1,1,157,133519,43,11:00.0,4,16:00,423
9197606821,U,OB,1,1,310,137545,43,54:00.0,5,14:00,423
9197606830,U,OB,1,2,266,137545,43,26:00.0,5,17:00,423
919760684X,U,OB,1,1,295,137545,43,34:00.0,5,17:00,423
9197606913,U,OB,1,1,455,137545,43,37:00.0,5,18:00,423
9197607088,U,OB,1,2,310,135900,38,47:00.0,7,6:00,423
9197607207,U,OB,1,1,190,290210,38,09:00.0,7,13:00,423
9197607252,U,OB,1,1,58,290210,38,43:00.0,7,13:00,423
9197607270,U,OB,1,1,58,135900,38,38:00.0,7,3:00,423
9197607326,U,OB,1,1,58,135900,38,31:00.0,7,3:00,423
9197607481,U,OB,1,1,157,135900,38,07:00.0,7,5:00,423
9197607546,U,OB,1,1,191,135900,38,45:00.0,7,3:00,423
9197607555,U,OB,1,1,190,135900,38,55:00.0,7,3:00,423
9197607555,U,CTY,1,1,190,135900,B   ,14:00.0,5,11:00,423
9197607591,U,OB,1,1,157,127403,74,55:00.0,1,7:00,423
9197607710,U,OB,1,1,157,127403,74,06:00.0,1,8:00,423
9197607784,U,OB,1,1,323,127403,74,22:00.0,1,7:00,423
9197607811,U,OB,1,1,58,127403,74,49:00.0,1,8:00,423
9197607867,U,OB,1,1,275,127403,74,09:00.0,1,8:00,423
9197607885,U,OB,1,1,207,127403,74,51:00.0,1,9:00,423
9197607959,U,OB,1,1,157,127403,74,57:00.0,1,7:00,423
9197608031,U,OB,1,1,122,128423,22,42:00.0,5,8:00,423
9197608031,U,CTY,1,1,122,128423,231,02:00.0,7,17:00,423
919760805X,U,OB,1,1,298,123604,31,57:00.0,5,11:00,423
9197608069,U,OB,1,1,203,128423,22,27:00.0,5,8:00,423
9197608123,U,OB,1,1,207,123604,31,45:00.0,5,11:00,423
9197608141,U,OB,1,1,220,134742,14,46:00.0,5,10:00,423
9197608215,U,OB,1,1,73,128423,22,56:00.0,5,9:00,423
919760827X,U,OB,1,1,132,128423,22,30:00.0,5,8:00,423
9197608334,U,OB,1,1,47,128423,22,18:00.0,5,8:00,423
9197608343,U,OB,1,1,190,134742,14,33:00.0,5,10:00,423
9197608352,U,OB,1,1,203,128423,22,37:00.0,5,9:00,423
9197608361,U,OB,1,1,203,125955,55,14:00.0,5,10:00,423
9197608361,U,OB,1,1,203,134742,20,44:00.0,5,9:00,423
9197608361,U,OB,1,1,203,134742,20,44:00.0,5,9:00,423
9197608370,U,OB,1,1,203,134742,14,43:00.0,5,9:00,423
9197608370,U,OB,1,1,203,125149,50,31:00.0,7,19:00,423
9197608399,U,OB,1,2,314,128423,22,29:00.0,5,9:00,423
9197608417,U,OB,1,1,210,128423,22,16:00.0,5,9:00,423
9197608435,U,OB,1,1,157,128423,22,38:00.0,5,8:00,423
9197608462,U,OB,1,1,157,128423,22,18:00.0,5,9:00,423
9197608563,U,OB,1,1,210,128423,22,12:00.0,5,9:00,423
9197608581,U,OB,1,1,210,128423,22,40:00.0,5,8:00,423
9197608691,U,OB,1,1,58,134742,14,10:00.0,5,11:00,423
919760882X,U,OB,1,1,58,128423,22,08:00.0,5,7:00,423
9197608949,U,OB,1,1,191,128423,22,05:00.0,5,3:00,423
919760915X,U,OB,1,1,203,128423,22,16:00.0,5,3:00,423
9197609196,U,OB,1,1,190,128423,22,10:00.0,5,3:00,423
9197609214,U,OB,1,1,260,125737,55,40:00.0,6,3:00,423
919760926X,U,OB,1,1,203,125737,55,38:00.0,6,4:00,423
9197609288,U,OB,1,1,320,125737,55,00:00.0,6,4:00,423
9197609324,U,OB,1,1,255,125737,55,44:00.0,5,22:00,423
9197609389,U,OB,1,1,260,125737,55,22:00.0,5,21:00,423
9197609553,U,OB,1,1,280,125737,55,29:00.0,5,22:00,423
9197609690,U,OB,1,1,46,135306,18,07:00.0,7,9:00,423
9197609719,U,OB,1,1,235,135306,18,45:00.0,7,8:00,423
9197609856,U,OB,1,1,215,135306,18,36:00.0,7,8:00,423
9197609865,U,OB,1,1,260,135306,18,26:00.0,7,9:00,423
9197610130,U,OB,1,1,270,133495,75,12:00.0,1,12:00,423
919761014X,U,OB,1,1,245,128463,63,54:00.0,1,3:00,423
9197610159,U,OB,1,1,245,128463,63,56:00.0,1,3:00,423
9197610168,U,OB,1,1,390,133495,75,09:00.0,1,10:00,423
9197610231,U,OB,1,1,22,128463,63,59:00.0,1,4:00,423
9197610269,U,CTY,1,1,285,128463,190,27:00.0,1,3:00,423
9197610269,U,CTY,1,1,285,128463,190,27:00.0,1,3:00,423
9197610442,U,OB,1,1,245,131282,48,44:00.0,4,7:00,423
9197610451,U,OB,1,1,295,137824,46,40:00.0,5,2:00,423
919761047X,U,OB,1,1,207,131282,48,15:00.0,4,7:00,423
9197610552,U,OB,1,1,157,131282,48,31:00.0,4,5:00,423
9197610570,U,OB,1,1,250,131282,48,23:00.0,4,6:00,423
9197610599,U,OB,1,1,180,131282,48,52:00.0,4,6:00,423
9197610736,U,OB,1,1,247,132115,52,56:00.0,1,17:00,423
9197610772,U,OB,1,1,125,125149,50,01:00.0,7,19:00,423
9197610819,U,OB,1,1,22,131282,48,37:00.0,4,2:00,423
9197611221,U,OB,1,1,190,137824,46,14:00.0,5,1:00,423
9197611277,U,OB,1,2,154,137824,46,04:00.0,5,1:00,423
919761146X,U,OB,1,1,157,128310,46,37:00.0,6,3:00,423
9197611479,U,OB,1,1,157,128310,46,40:00.0,6,1:00,423
9197611607,U,OB,1,1,58,128310,46,20:00.0,6,4:00,423
9197611643,U,OB,1,2,495,128310,46,19:00.0,6,1:00,423
9197611661,U,OB,1,1,290,128310,46,12:00.0,6,1:00,423
9197611717,U,OB,1,1,157,128310,46,24:00.0,6,1:00,423
9197611845,U,OB,1,1,153,128310,46,34:00.0,6,1:00,423
9197611863,U,OB,1,1,140,128310,46,28:00.0,6,1:00,423
9197611991,U,OB,1,1,65,128310,46,15:00.0,6,1:00,423
9197612166,U,OB,1,1,22,133721,51,39:00.0,7,7:00,423
9197612211,U,OB,1,1,157,133721,51,43:00.0,7,5:00,423
9197612276,U,OB,1,1,77,133721,51,41:00.0,7,7:00,423
9197612395,U,OB,1,1,190,133721,51,54:00.0,7,3:00,423
9197612853,U,OB,1,1,320,135485,69,04:00.0,6,11:00,423
9197612909,U,OB,1,1,75,135485,69,44:00.0,6,8:00,423
9197612945,U,OB,1,1,75,135485,69,39:00.0,6,9:00,423
9197612963,U,OB,1,1,75,135485,69,27:00.0,6,10:00,423
9197613055,U,OB,1,1,75,135485,69,16:00.0,6,8:00,423
9197613100,U,OB,1,1,75,135485,69,06:00.0,6,11:00,423
919761322X,U,OB,1,1,75,135485,69,09:00.0,6,11:00,423
9197613239,U,OB,1,1,320,135485,69,57:00.0,6,10:00,423
9197613248,U,OB,1,1,320,135485,69,59:00.0,6,10:00,423
9197613275,U,OB,1,1,250,135485,69,12:00.0,6,12:00,423
9197613293,U,OB,1,1,65,135485,69,25:00.0,6,12:00,423
9197613412,U,OB,1,1,75,135485,69,43:00.0,6,10:00,423
9197613421,U,CTY,1,1,140,133704,193,23:00.0,5,1:00,423
9197613540,U,OB,1,1,75,135485,69,25:00.0,6,12:00,423
9197613751,U,OB,1,1,216,135485,69,39:00.0,6,10:00,423
9197613834,U,OB,1,2,375,135485,69,51:00.0,6,11:00,423
9197614366,U,OB,1,1,75,135485,69,46:00.0,6,6:00,423
9197614375,U,OB,1,1,293,135485,69,51:00.0,6,6:00,423
9197614485,U,OB,1,1,75,135485,69,53:00.0,6,6:00,423
9197614494,U,OB,1,1,75,559206,40,35:00.0,6,7:00,423
9197614622,U,OB,1,1,75,559206,40,52:00.0,5,22:00,423
919761465X,U,OB,1,1,75,559206,40,17:00.0,5,21:00,423
9197614723,U,OB,1,1,75,559206,40,01:00.0,5,22:00,423
919761476X,U,OB,1,1,207,559206,40,43:00.0,5,21:00,423
9197614824,U,OB,1,1,75,559206,40,26:00.0,6,6:00,423
9197614898,U,OB,1,1,75,559206,40,27:00.0,5,22:00,423
9197614999,U,OB,1,1,65,559206,40,19:00.0,5,22:00,423
9197615080,U,OB,1,2,116,559206,40,37:00.0,6,6:00,423
919761509X,U,OB,1,4,232,559206,40,53:00.0,6,6:00,423
9197615282,U,OB,1,1,75,140236,46,33:00.0,6,20:00,423
9197615291,U,OB,1,1,75,140236,46,29:00.0,6,20:00,423
9197615338,U,OB,1,1,75,131459,32,52:00.0,6,9:00,423
9197615347,U,OB,1,1,75,131459,32,22:00.0,6,6:00,423
9197615356,U,OB,1,1,75,140236,46,12:00.0,6,20:00,423
919761542X,U,OB,1,1,131,140236,46,19:00.0,6,18:00,423
9197615493,U,OB,1,1,75,131459,32,49:00.0,6,10:00,423
9197615659,U,OB,1,1,75,559206,40,39:00.0,5,21:00,423
9197615668,U,OB,1,1,75,559206,40,28:00.0,5,21:00,423
9197615668,U,CTY,1,1,75,559206,199,29:00.0,5,21:00,423
9197615677,U,OB,1,1,75,131459,32,18:00.0,6,11:00,423
9197615731,U,OB,1,1,75,559206,40,35:00.0,5,21:00,423
9197615841,U,OB,1,1,75,131459,32,14:00.0,6,11:00,423
919761608X,U,OB,1,1,75,131459,32,15:00.0,6,7:00,423
9197616117,U,OB,1,1,75,131459,32,43:00.0,6,6:00,423
9197616162,U,OB,1,1,75,131459,32,24:00.0,6,6:00,423
9197616400,U,OB,1,1,265,140236,46,40:00.0,6,19:00,423
919761652X,U,OB,1,1,400,140236,46,21:00.0,6,19:00,423
9197616548,U,OB,1,1,154,140236,46,10:00.0,6,19:00,423
9197616988,U,OB,1,1,385,138483,22,30:00.0,7,8:00,423
9197616997,U,OB,1,1,835,138483,22,26:00.0,7,8:00,423
9197617271,U,OB,1,1,179,138483,22,38:00.0,7,7:00,423
9197617354,U,OB,1,1,157,138483,22,21:00.0,7,7:00,423
9197617693,U,OB,1,2,116,138483,22,03:00.0,7,8:00,423
9198219559,U,IB,1,1,87,131375,117,05:00.0,6,14:00,318
9198221382,U,CTY,1,1,38,PASC634534,183,08:00.0,1,7:00,318
9198221382,U,CTY,1,1,38,PASC634534,183,08:00.0,1,7:00,318
9198221539,U,CTY,1,1,58,PASC634534,172,50:00.0,1,7:00,318
9198221566,U,IB,1,1,77,135237,164,45:00.0,2,1:00,318
9198221667,U,CTY,1,1,158,PASC634534,172,11:00.0,1,6:00,318
9198221759,U,CTY,1,1,150,PASC634534,172,13:00.0,1,8:00,318
9198221831,U,CTY,1,1,150,PASC634534,172,37:00.0,1,5:00,318
9198222134,U,CTY,1,1,57,PASC634534,172,26:00.0,1,7:00,318
9198222208,U,CTY,1,2,76,PASC634534,172,11:00.0,1,7:00,318
9198222253,U,CTY,1,1,120,PASC634516,173,45:00.0,2,13:00,318
9198222262,U,CTY,1,1,120,PASC634516,173,44:00.0,2,13:00,318
9198222280,U,CTY,1,1,146,PASC634534,172,50:00.0,1,3:00,318
9198222500,U,CTY,1,1,77,PASC634534,172,15:00.0,1,4:00,318
9198222565,U,CTY,1,1,146,PASC634534,172,07:00.0,1,4:00,318
9198222565,U,CTY,1,1,146,PASC634534,225,08:00.0,1,4:00,318
919822262X,U,CTY,1,1,155,PASC634534,201,55:00.0,1,4:00,318
919822262X,U,CTY,1,1,155,PASC634534,172,53:00.0,1,4:00,318
9198222794,U,CTY,1,1,204,PASC33311,173,04:00.0,5,14:00,318
9198222821,U,CTY,1,1,83,PASC33311,173,07:00.0,5,10:00,318
9198222859,U,CTY,1,1,83,PASC33311,173,16:00.0,5,10:00,318
9198222931,U,CTY,1,2,76,PASC33311,173,39:00.0,5,16:00,318
9198223050,U,CTY,1,2,54,125901,168,52:00.0,4,10:00,318
919822306X,U,CTY,1,1,45,125901,168,49:00.0,4,10:00,318
9198223198,U,CTY,1,1,57,125901,168,29:00.0,4,12:00,318
9198223362,U,CTY,1,1,77,125901,168,02:00.0,4,10:00,318
9198223427,U,CTY,1,1,158,125901,168,21:00.0,4,10:00,318
9198223519,U,CTY,1,1,158,125901,168,23:00.0,4,10:00,318
9198223692,U,CTY,1,1,163,PASC33311,173,44:00.0,5,13:00,318
9198223766,U,CTY,1,1,46,125901,168,17:00.0,4,12:00,318
9198224105,U,CTY,1,1,27,PASC33311,173,13:00.0,5,15:00,318
9198224289,U,CTY,1,2,138,PASC33311,173,28:00.0,5,13:00,318
919822438X,U,CTY,1,1,46,PASC33311,173,20:00.0,5,15:00,318
9198224444,U,CTY,1,1,38,PASC33311,173,29:00.0,5,15:00,318
9198224453,U,CTY,1,1,38,125901,168,38:00.0,4,10:00,318
9198224536,U,CTY,1,1,57,PASC33311,173,45:00.0,5,15:00,318
9198224756,U,CTY,1,1,57,PASC533243,173,54:00.0,4,6:00,318
9198224792,U,CTY,1,2,116,PASC33311,173,36:00.0,5,15:00,318
9198224857,U,CTY,1,2,92,PASC33311,173,29:00.0,5,8:00,318
9198225059,U,CTY,1,1,120,PASC33311,173,53:00.0,5,13:00,318
9198225104,U,CTY,1,1,67,PASC33311,173,52:00.0,5,10:00,318
9198225214,U,CTY,1,1,145,PASC33311,173,16:00.0,5,14:00,318
9198225297,U,CTY,1,1,120,PASC33311,173,59:00.0,5,13:00,318
9198225425,U,CTY,1,2,200,PASC33311,173,40:00.0,5,16:00,318
9198225508,U,CTY,1,1,278,PASC33311,173,30:00.0,5,10:00,318
9198225838,U,CTY,1,1,158,130754,168,48:00.0,5,3:00,318
919822603X,U,CTY,1,1,57,130754,168,28:00.0,5,3:00,318
9198226076,U,CTY,1,1,120,130754,168,42:00.0,5,3:00,318
9198226204,U,CTY,1,1,112,124347,175,16:00.0,5,3:00,318
9198226855,U,CTY,1,1,77,PASC175379,192,36:00.0,6,3:00,318
9198226891,U,CTY,1,1,27,PASC175379,192,47:00.0,6,3:00,318
9198226983,U,IB,1,1,120,135508,166,26:00.0,1,4:00,318
9198226983,U,CTY,1,1,120,135508,175,14:00.0,1,4:00,318
9198227093,U,CTY,1,1,67,135508,175,28:00.0,1,3:00,318
9198227185,U,CTY,1,1,158,135508,175,39:00.0,1,4:00,318
9198227268,U,CTY,1,1,83,135508,175,52:00.0,1,3:00,318
9198227286,U,CTY,1,1,83,135508,175,34:00.0,1,4:00,318
9198227744,U,CTY,1,1,67,PASC533243,187,29:00.0,2,10:00,318
9198227762,U,IB,1,1,67,127775,151,02:00.0,1,20:00,318
9198228000,U,CTY,1,1,56,PASC533243,187,56:00.0,2,6:00,318
9198228422,U,CTY,1,1,69,PASC33311,187,02:00.0,4,5:00,318
9198229587,U,CTY,1,1,45,PASC175379,175,03:00.0,5,10:00,318
9198229679,U,CTY,1,1,77,PASC175379,175,29:00.0,5,10:00,318
9198229742,U,CTY,1,1,58,PASC175379,175,00:00.0,5,10:00,318
9198229834,U,CTY,1,2,263,125814,172,29:00.0,6,0:00,318
9198229953,U,CTY,1,2,114,131160,189,42:00.0,6,5:00,318
9198230366,U,CTY,1,1,158,125814,172,20:00.0,6,2:00,318
9198230476,U,CTY,1,1,173,125814,172,09:00.0,5,23:00,318
919823054X,U,IB,1,1,77,125848,151,50:00.0,5,8:00,318
9198230586,U,IB,1,1,83,125848,151,58:00.0,5,8:00,318
9198230595,U,IB,1,1,83,125848,151,00:00.0,5,9:00,318
9198230833,U,IB,1,1,58,125848,151,47:00.0,5,6:00,318
9198230907,U,IB,1,2,154,261088,149,15:00.0,5,7:00,318
9198231062,U,IB,1,1,57,125848,151,39:00.0,5,6:00,318
919823109X,U,IB,1,1,58,125848,151,00:00.0,5,6:00,318
9198231264,U,IB,1,2,116,125848,151,11:00.0,5,6:00,318
9198231282,U,IB,1,1,77,125848,151,31:00.0,5,6:00,318
9198231291,U,CTY,1,1,45,PASC634013,195,28:00.0,6,15:00,318
9198231704,U,CTY,1,1,58,PASC634013,195,12:00.0,6,15:00,318
9198231850,U,CTY,1,1,58,PASC634013,195,37:00.0,6,13:00,318
9198232162,U,CTY,1,1,58,PASC634013,195,13:00.0,6,15:00,318
9198232180,U,CTY,1,1,58,131175,196,28:00.0,1,2:00,318
9198232548,U,CTY,1,1,120,PASC634013,195,58:00.0,6,14:00,318
9198232557,U,CTY,1,1,130,132845,187,31:00.0,7,9:00,318
9198232869,U,CTY,1,1,38,TNUE56177,188,56:00.0,1,0:00,318
9198232878,U,CTY,1,1,38,TNUE56177,188,10:00.0,1,2:00,318
9198232988,U,CTY,1,2,76,TNUE56177,188,59:00.0,1,2:00,318
9198232997,U,CTY,1,1,38,TNUE56177,188,23:00.0,1,3:00,318
9198233015,U,CTY,1,1,83,TNUE56177,188,38:00.0,1,5:00,318
9198233060,U,CTY,1,1,110,TNUE56177,188,21:00.0,1,7:00,318
9198233446,U,CTY,1,1,110,TNUE56177,188,42:00.0,1,4:00,318
9198233455,U,CTY,1,1,158,TNUE56177,188,18:00.0,1,8:00,318
919823351X,U,CTY,1,1,58,TNUE56177,188,47:00.0,1,2:00,318
9198233547,U,CTY,1,1,58,PASC634534,197,15:00.0,1,8:00,318
919823362X,U,CTY,1,1,58,PASC634534,197,18:00.0,1,8:00,318
9198233666,U,CTY,1,1,58,PASC634534,197,27:00.0,1,8:00,318
919823384X,U,CTY,1,1,58,TNUE56177,188,52:00.0,1,5:00,318
9198233859,U,CTY,1,2,116,TNUE56177,188,49:00.0,1,5:00,318
9198233886,U,CTY,1,2,116,TNUE56177,188,16:00.0,1,3:00,318
9198233931,U,CTY,1,1,58,TNUE56177,188,43:00.0,1,2:00,318
9198234151,U,IB,1,1,38,135624,141,00:00.0,4,9:00,318
9198234252,U,IB,1,1,38,135624,141,20:00.0,4,9:00,318
9198234380,U,CTY,1,2,116,252131,189,28:00.0,3,10:00,318
9198234564,U,CTY,1,2,263,252131,189,09:00.0,3,10:00,318
9198234573,U,IB,1,2,263,PASC33311,145,55:00.0,4,14:00,318
9198234647,U,IB,1,1,93,PASC33311,145,20:00.0,4,12:00,318
9198234683,U,CTY,1,1,158,252131,189,13:00.0,3,10:00,318
9198234710,U,CTY,1,1,78,252131,189,56:00.0,3,10:00,318
9198234757,U,IB,1,1,112,PASC33311,145,24:00.0,4,12:00,318
9198235132,U,IB,1,1,77,PASC33311,145,21:00.0,4,11:00,318
9198235462,U,CTY,1,1,227,138999,187,49:00.0,5,12:00,318
9198235509,U,CTY,1,1,158,PASC175379,188,32:00.0,5,8:00,318
9198235518,U,IB,1,1,110,PASC33311,145,04:00.0,4,4:00,318
919823560X,U,IB,1,1,38,PASC33311,145,22:00.0,4,5:00,318
9198235783,U,IB,1,1,58,PASC33311,145,22:00.0,4,6:00,318
9198235866,U,IB,1,2,116,PASC33311,145,56:00.0,4,4:00,318
9198235866,U,OB,1,2,116,PASC33311,60,53:00.0,5,1:00,318
919823604X,U,IB,1,1,58,PASC33311,145,00:00.0,4,5:00,318
9198236214,U,IB,1,1,45,PASC33311,145,16:00.0,4,5:00,318
9198236389,U,IB,1,1,44,135624,141,06:00.0,4,10:00,318
9198236470,U,IB,1,1,45,135624,141,54:00.0,4,8:00,318
9198236755,U,IB,1,1,38,PASC33311,145,28:00.0,4,10:00,318
9198236800,U,IB,1,1,125,PASC33311,145,20:00.0,4,11:00,318
9198236829,U,IB,1,1,77,PASC33311,145,15:00.0,4,11:00,318
9198237085,U,IB,1,1,112,PASC33311,145,46:00.0,4,11:00,318
9198237204,U,CTY,1,2,76,PASC175379,186,15:00.0,5,14:00,318
9198237231,U,IB,1,1,38,PASC33311,145,13:00.0,4,5:00,318
9198237534,U,IB,1,1,67,PASC33311,145,07:00.0,4,6:00,318
9198237653,U,IB,1,1,58,PASC33311,145,44:00.0,4,4:00,318
9198237671,U,IB,1,2,116,PASC33311,145,39:00.0,4,4:00,318
9198237965,U,IB,1,1,133,PASC33311,145,04:00.0,4,8:00,318
9198238120,U,IB,1,1,236,PASC33311,145,50:00.0,4,5:00,318
9198238497,U,IB,1,1,158,PASC33311,145,31:00.0,4,8:00,318
9198238560,U,IB,1,1,158,PASC33311,145,41:00.0,4,8:00,318
919823857X,U,IB,1,1,158,PASC33311,145,38:00.0,4,8:00,318
9198238919,U,IB,1,1,91,PASC33311,145,18:00.0,4,8:00,318
9198238928,U,IB,1,1,91,PASC33311,145,15:00.0,4,8:00,318
919823912X,U,IB,1,1,57,135624,141,47:00.0,4,8:00,318
9198239157,U,IB,1,1,57,135624,141,18:00.0,4,10:00,318
9198239166,U,IB,1,1,57,135624,141,46:00.0,4,7:00,318
919823923X,U,IB,1,2,114,135624,141,52:00.0,4,8:00,318
9198239294,U,CTY,1,1,83,PASC33311,184,33:00.0,4,6:00,318
9198239303,U,IB,1,1,80,PASC33311,145,15:00.0,4,4:00,318
9198239588,U,CTY,1,1,62,PASC634013,197,54:00.0,6,3:00,318
9198239597,U,CTY,1,1,62,PASC634013,197,15:00.0,6,3:00,318
9198239615,U,CTY,1,1,158,138232,173,46:00.0,5,16:00,318
9198239615,U,CTY,1,1,158,138232,187,35:00.0,5,16:00,318
9198239844,U,CTY,1,1,58,PASC634013,197,13:00.0,6,11:00,318
9198239918,U,CTY,1,1,162,PASC634013,197,26:00.0,6,5:00,318
9198240028,U,CTY,1,1,58,PASC634013,197,58:00.0,6,10:00,318
9198240073,U,CTY,1,1,57,PASC634013,197,53:00.0,6,10:00,318
9198240100,U,CTY,1,1,57,PASC634013,197,02:00.0,6,11:00,318
9198240210,U,CTY,1,1,57,PASC634013,197,49:00.0,6,10:00,318
9198240239,U,CTY,1,2,54,PASC634013,197,45:00.0,6,10:00,318
919824055X,U,CTY,1,1,46,PASC634013,197,32:00.0,6,7:00,318
9198240614,U,CTY,1,1,38,T730211733,174,55:00.0,7,6:00,318
9198240751,U,CTY,1,1,38,T730211733,174,21:00.0,7,6:00,318
9198240798,U,CTY,1,1,78,T730211733,174,00:00.0,7,7:00,318
9198241348,U,CTY,1,1,57,T730211733,174,35:00.0,7,6:00,318
9198241366,U,CTY,1,2,114,T730211733,174,46:00.0,7,5:00,318
9198241375,U,CTY,1,1,57,T730211733,174,29:00.0,7,6:00,318
9198241485,U,CTY,1,1,57,138882,187,23:00.0,7,4:00,318
9198241530,U,CTY,1,2,76,138882,187,39:00.0,7,3:00,318
9198241595,U,CTY,1,1,58,138882,187,28:00.0,7,6:00,318
9198241705,U,CTY,1,1,38,T730211733,174,42:00.0,7,6:00,318
9198241833,U,CTY,1,1,62,T730211733,174,01:00.0,7,7:00,318
9198241898,U,IB,1,1,133,132793,151,48:00.0,7,8:00,318
9198241925,U,IB,1,1,77,132793,151,45:00.0,7,8:00,318
9198241952,U,IB,1,1,99,PASC634516,151,01:00.0,7,13:00,318
9198242246,U,CTY,1,1,227,T730211733,174,04:00.0,6,23:00,318
9198242511,U,IB,1,1,83,PASC175379,151,28:00.0,2,19:00,318
9198243043,U,CTY,1,1,78,PASC634534,187,53:00.0,1,19:00,318
9198243052,U,CTY,1,1,78,PASC634534,187,50:00.0,1,19:00,318
9198243209,U,CTY,1,2,76,PASC634534,187,15:00.0,1,21:00,318
9198243263,U,CTY,1,1,57,PASC634534,187,36:00.0,1,20:00,318
9198243658,U,CTY,1,1,62,PASC634534,187,11:00.0,1,20:00,318
9198243694,U,CTY,1,1,80,PASC634534,187,24:00.0,1,20:00,318
9198244217,U,IB,1,1,38,PASC634013,143,37:00.0,5,13:00,318
9198244235,U,IB,1,1,38,PASC634013,143,44:00.0,5,14:00,318
9198245335,U,CTY,1,1,190,134377,196,10:00.0,5,3:00,318
9198245362,U,IB,1,1,177,PASC634013,143,15:00.0,5,16:00,318
9198245409,U,IB,1,1,74,PASC634013,143,43:00.0,5,16:00,318
9198245418,U,IB,1,1,74,PASC634013,143,36:00.0,5,16:00,318
9198245445,U,IB,1,1,46,PASC634013,143,10:00.0,5,16:00,318
919824550X,U,IB,1,1,78,PASC634013,143,16:00.0,5,13:00,318
9198245959,U,IB,1,1,38,PASC634013,143,36:00.0,5,14:00,318
9198246069,U,IB,1,1,78,PASC634013,143,06:00.0,5,12:00,318
919824627X,U,CTY,1,4,385,131978,173,01:00.0,5,11:00,318
9198246325,U,IB,1,1,278,PASC634013,143,55:00.0,5,10:00,318
9198246536,U,CTY,1,1,46,41166,175,39:00.0,5,10:00,318
9198246673,U,CTY,1,1,113,131978,173,39:00.0,5,8:00,318
9198246774,U,IB,1,1,158,PASC634013,143,12:00.0,5,12:00,318
9198246783,U,IB,1,1,158,PASC634013,143,29:00.0,5,11:00,318
9198246801,U,IB,1,1,158,PASC634013,143,47:00.0,5,16:00,318
9198246976,U,IB,1,1,158,PASC634013,143,09:00.0,5,12:00,318
9198247279,U,CTY,1,1,45,134270,196,58:00.0,6,10:00,318
9198247324,U,CTY,1,1,38,131978,173,35:00.0,5,8:00,318
9198247333,U,CTY,1,2,150,131978,173,43:00.0,5,11:00,318
9198247443,U,CTY,1,1,91,119660,204,08:00.0,6,20:00,318
9198247508,U,CTY,1,1,57,119660,204,26:00.0,6,14:00,318
9198247562,U,CTY,1,1,58,119660,204,52:00.0,6,14:00,318
9198247609,U,CTY,1,2,600,202318,195,43:00.0,6,13:00,318
9198247672,U,CTY,1,1,145,119660,204,57:00.0,6,18:00,318
9198247948,U,CTY,1,1,78,PASC533243,173,19:00.0,6,6:00,318
9198247975,U,CTY,1,1,5,PASC533243,173,48:00.0,6,6:00,318
9198248002,U,CTY,1,1,83,PASC533243,173,17:00.0,6,6:00,318
9198248058,U,CTY,1,1,83,202318,195,12:00.0,6,14:00,318
9198248094,U,CTY,1,1,50,PASC175379,188,51:00.0,7,13:00,318
9198248460,U,CTY,1,1,113,PASC175379,188,38:00.0,7,13:00,318
9198248534,U,CTY,1,1,158,PASC175379,188,11:00.0,7,13:00,318
9198248790,U,CTY,1,1,83,PASC175379,188,16:00.0,7,15:00,318
9198248819,U,CTY,1,1,83,PASC175379,188,48:00.0,7,14:00,318
9198508033,U,CTY,1,1,143,139728,168,51:00.0,1,6:00,511
919850829X,U,CTY,1,1,139,139518,169,01:00.0,4,6:00,511
9198508657,U,CTY,1,1,58,139912,174,31:00.0,5,15:00,511
9198508684,U,CTY,1,1,58,139912,174,36:00.0,5,15:00,511
9198508702,U,CTY,1,1,58,139912,174,31:00.0,5,15:00,511
9198508702,U,CTY,1,1,58,139912,R405,19:00.0,5,19:00,511
9198508711,U,IB,1,1,58,290769,129,16:00.0,6,11:00,511
9198508767,U,CTY,1,3,246,139912,174,44:00.0,5,15:00,511
9198508904,U,IB,1,1,22,138653,141,37:00.0,7,4:00,511
9198509005,U,IB,1,1,76,138653,141,36:00.0,7,0:00,511
9198509097,U,OB,1,1,76,133810,88,53:00.0,1,12:00,511
9198509986,U,CTY,1,2,225,133203,197,28:00.0,1,18:00,511
9198510747,U,IB,1,1,81,136702,103,08:00.0,5,5:00,511
9198510783,U,IB,1,1,81,136702,103,02:00.0,5,5:00,511
9198510801,U,IB,1,1,81,129776,135,13:00.0,6,13:00,511
9198510839,U,IB,1,1,81,129776,135,07:00.0,6,13:00,511
9198511800,U,CTY,1,1,45,290735,195,40:00.0,4,11:00,511
9198512332,U,CTY,1,1,76,261353,197,56:00.0,5,7:00,511
9198512451,U,CTY,1,1,75,125795,231,54:00.0,6,22:00,511
9198512451,U,CTY,1,1,75,125795,169,53:00.0,6,22:00,511
9198512680,U,IB,1,1,75,290328,116,09:00.0,6,4:00,511
9198512680,U,OB,1,1,75,290328,42,12:00.0,6,4:00,511
9198512736,U,IB,1,1,75,290328,116,47:00.0,6,3:00,511
9198512745,U,IB,1,1,75,290328,116,04:00.0,6,4:00,511
9198513259,U,IB,1,1,75,124080,133,43:00.0,7,16:00,511
9198513268,U,IB,1,1,75,124080,133,39:00.0,7,16:00,511
922163417X,U,CTY,1,1,150,121323,194,05:00.0,6,20:00,922
9282160878,U,OB,1,1,574,138522,89,24:00.0,7,20:00,581
9282160887,U,OB,1,1,627,251501,90,09:00.0,1,7:00,581
9282161098,U,IB,1,1,407,137892,131,24:00.0,7,9:00,581
9282161134,U,IB,1,1,562,137892,131,18:00.0,7,9:00,581
9282161143,U,IB,1,1,336,137892,131,24:00.0,7,12:00,581
9282182281,U,CTY,1,1,575,132032,192,18:00.0,1,10:00,581
9352513363,U,IB,1,1,206,138875,105,04:00.0,1,8:00,653
935251725X,U,OB,1,1,141,558293,78,04:00.0,3,6:00,653
9352517561,U,OB,1,1,355,559536,74,21:00.0,2,21:00,653
9352517561,U,OB,1,1,355,559536,97,54:00.0,3,1:00,653
9352517599,U,OB,1,1,181,559536,74,27:00.0,2,22:00,653
9352517608,U,IB,1,2,148,560027,103,55:00.0,1,13:00,653
9352517837,U,IB,1,10,770,560027,103,30:00.0,1,14:00,653
9352517983,U,IB,1,2,230,134981,103,51:00.0,2,20:00,653
9352518102,U,OB,1,3,68,558293,78,12:00.0,3,6:00,653
9352518185,U,IB,1,1,277,560027,103,53:00.0,1,18:00,653
9352518286,U,OB,1,2,153,559536,74,57:00.0,2,23:00,653
935251868X,U,OB,1,1,247,558293,78,59:00.0,2,23:00,653
9352518771,U,OB,1,1,193,558293,78,38:00.0,3,0:00,653
9352518845,U,CTY,1,1,134,261009,169,52:00.0,1,15:00,653
935251890X,U,OB,1,2,102,558293,78,15:00.0,3,1:00,653
9352519083,U,IB,1,5,1370,134981,103,14:00.0,2,21:00,653
9352519157,U,IB,1,2,208,134981,103,58:00.0,2,20:00,653
935251923X,U,OB,1,1,550,558293,78,29:00.0,3,6:00,653
9352519734,U,CTY,1,1,141,139837,A18 ,52:00.0,4,8:00,653
9352519734,U,CTY,1,1,141,139837,175,31:00.0,3,21:00,653
9352519909,U,OB,1,2,338,125429,90,02:00.0,4,10:00,653
9352519954,U,OB,1,2,210,133143,58,49:00.0,5,0:00,653
9352520192,U,OB,1,3,139,125429,90,02:00.0,4,10:00,653
9352520266,U,OB,1,2,183,125429,90,29:00.0,4,5:00,653
9352520275,U,CTY,1,3,226,137246,187,51:00.0,5,4:00,653
9352521842,U,IB,1,4,840,136411,111,14:00.0,5,19:00,653
9352522787,U,IB,1,8,541,261214,125,11:00.0,6,7:00,653
9352523373,U,IB,1,1,140,136411,111,26:00.0,5,21:00,653
9352523869,U,CTY,1,14,605,129628,195,52:00.0,7,4:00,653
9352524116,U,CTY,1,4,267,132136,171,39:00.0,2,0:00,653
9352524116,U,IB,1,4,267,132136,113,34:00.0,2,0:00,653
9352525133,U,IB,1,3,1147,134633,149,53:00.0,1,20:00,653
9352525344,U,OB,1,1,65,123154,76,35:00.0,7,7:00,653
9352525591,U,OB,1,1,193,559414,96,19:00.0,1,11:00,653
9352525903,U,OB,1,1,151,140365,5,41:00.0,5,3:00,653
935252627X,U,IB,1,1,247,138348,129,17:00.0,3,23:00,653
9352526738,U,OB,1,2,220,125699,89,08:00.0,4,14:00,653
9352527140,U,IB,1,1,212,138552,151,06:00.0,5,0:00,653
935252726X,U,IB,1,1,193,138348,129,10:00.0,4,0:00,653
9352528516,U,IB,1,1,239,131424,105,21:00.0,5,0:00,653
9352529387,U,OB,1,2,280,129927,31,38:00.0,6,17:00,653
9352529652,U,IB,1,1,571,138552,151,57:00.0,4,21:00,653
9352530139,U,CTY,1,1,40,122852,194,06:00.0,6,21:00,653
9352530211,U,OB,1,1,197,124329,52,54:00.0,7,13:00,653
9352531266,U,IB,1,1,266,135821,123,00:00.0,7,15:00,653
935253199X,U,IB,1,1,571,122636,163,51:00.0,2,11:00,653
9352532155,U,OB,1,1,193,129751,63,05:00.0,7,15:00,653
935253309X,U,OB,1,4,197,211526,63,06:00.0,4,0:00,653
9352533805,U,OB,1,1,65,135088,95,10:00.0,3,21:00,653
9352533879,U,IB,1,1,198,139923,112,43:00.0,5,6:00,653
9352534465,U,IB,1,12,925,139923,112,59:00.0,5,3:00,653
9352534501,U,IB,1,2,190,139923,112,47:00.0,5,2:00,653
9352534620,U,IB,1,1,400,128743,127,06:00.0,5,7:00,653
9352534658,U,OB,1,2,150,130827,69,20:00.0,4,19:00,653
9352534685,U,OB,1,3,205,130827,69,23:00.0,4,20:00,653
9352535170,U,IB,1,3,432,128743,127,03:00.0,5,5:00,653
9352535749,U,IB,1,1,301,128743,127,56:00.0,5,5:00,653
9352535812,U,IB,1,1,240,128743,127,40:00.0,5,6:00,653
9352536555,U,OB,1,1,341,122370,84,34:00.0,6,5:00,653
9352536683,U,IB,1,60,765,530367,103,32:00.0,7,19:00,653
9352537132,U,OB,1,1,80,122370,84,28:00.0,6,5:00,653
9352537848,U,OB,1,2,165,558986,52,18:00.0,3,3:00,653
9352538030,U,OB,1,1,255,559259,84,39:00.0,7,16:00,653
9352538077,U,CTY,1,1,365,125243,194,34:00.0,7,5:00,653
9352539186,U,OB,1,2,411,135469,88,53:00.0,1,16:00,653
9352539561,U,OB,1,2,120,132147,43,56:00.0,2,16:00,653
9352539882,U,OB,1,3,235,558986,52,17:00.0,3,3:00,653
9352539900,U,OB,1,2,300,136318,69,59:00.0,3,16:00,653
9352540560,U,CTY,1,2,102,R62112290,188,01:00.0,5,3:00,653
9352540589,U,OB,1,1,260,136318,69,57:00.0,3,16:00,653
9352540625,U,OB,1,2,220,136318,69,15:00.0,3,17:00,653
9352540964,U,OB,1,4,591,139982,53,20:00.0,3,15:00,653
9352541065,U,IB,1,2,152,278078,149,59:00.0,5,4:00,653
9352541294,U,IB,1,1,239,278078,149,50:00.0,5,4:00,653
9352541651,U,IB,1,1,230,278078,149,52:00.0,5,4:00,653
9352541808,U,OB,1,1,52,135826,74,48:00.0,4,10:00,653
9352541936,U,OB,1,4,430,261168,39,43:00.0,5,21:00,653
935254200X,U,IB,1,2,200,558592,152,30:00.0,7,21:00,653
935254288X,U,OB,1,2,27,128783,63,52:00.0,6,21:00,653
9352545236,U,OB,1,1,275,138295,40,34:00.0,7,9:00,653
935256081X,U,CTY,1,1,369,PASC634516,173,27:00.0,2,12:00,388
9352560829,U,CTY,1,1,220,PASC634534,172,48:00.0,1,4:00,388
9352561103,U,CTY,1,2,136,PASC33311,173,03:00.0,5,9:00,388
9352561709,U,CTY,1,2,775,138457,188,37:00.0,6,11:00,388
9352561745,U,CTY,1,1,369,126164,210,19:00.0,6,14:00,388
9352563202,U,CTY,1,1,1094,131175,196,25:00.0,1,1:00,388
9352563386,U,CTY,1,2,446,PASC634534,197,51:00.0,1,4:00,388
9352563395,U,CTY,1,1,490,PASC634534,197,37:00.0,1,8:00,388
9352563624,U,CTY,1,2,415,252131,189,54:00.0,3,13:00,388
9352563660,U,CTY,1,1,367,290301,194,46:00.0,2,6:00,388
935256367X,U,CTY,1,1,228,252131,189,42:00.0,3,13:00,388
9352564073,U,CTY,1,1,490,PASC175379,188,53:00.0,5,3:00,388
9352564082,U,CTY,1,2,136,PASC175379,188,52:00.0,5,2:00,388
9352564641,U,IB,1,1,490,PASC634516,151,36:00.0,7,14:00,388
9352565229,U,IB,1,1,535,PASC175379,151,29:00.0,2,17:00,388
9352565265,U,CTY,1,1,490,124080,189,11:00.0,2,19:00,388
9352565420,U,IB,1,1,337,PASC634013,143,21:00.0,5,12:00,388
9352565449,U,CTY,1,1,272,PASC33311,237,01:00.0,5,20:00,388
9352565449,U,CTY,1,1,272,PASC33311,231,23:00.0,4,19:00,388
9352565449,U,IB,1,1,272,PASC33311,145,04:00.0,4,8:00,388
9352565458,U,IB,1,1,367,PASC634013,143,19:00.0,5,12:00,388
9352565999,U,CTY,1,1,370,PASC175379,188,40:00.0,7,15:00,388
9352566044,U,CTY,1,1,185,PASC175379,188,58:00.0,7,14:00,388
9352566053,U,CTY,1,1,228,125630,197,26:00.0,7,3:00,388
9352566329,U,CTY,1,1,185,PASC175379,188,44:00.0,7,15:00,388
9352610026,U,IB,1,1,212,128243,117,10:00.0,7,5:00,653
9352610035,U,OB,1,1,329,134853,31,00:00.0,6,22:00,653
9352610044,U,IB,1,1,185,132333,125,29:00.0,3,15:00,653
9352610071,U,IB,1,1,341,134633,149,13:00.0,1,22:00,653
9352610264,U,IB,1,1,268,122636,163,35:00.0,2,13:00,653
9352610273,U,OB,1,3,185,135088,95,27:00.0,3,21:00,653
935261031X,U,OB,1,1,109,136514,78,58:00.0,3,14:00,653
9352610347,U,IB,1,1,401,128743,127,03:00.0,5,7:00,653
9352610401,U,CTY,1,1,212,128414,187,02:00.0,6,10:00,653
9352610576,U,CTY,1,1,336,R62112290,188,28:00.0,5,0:00,653
9352610668,U,CTY,1,1,400,129848,194,15:00.0,5,21:00,653
9446378323,U,IB,1,3,1330,125914,164,48:00.0,4,15:00,244
9446378819,U,IB,1,1,250,131874,141,01:00.0,5,16:00,244
9448528567,U,CTY,1,1,244,136297,187,03:00.0,4,13:00,244
9448528585,U,CTY,1,5,2152,559028,169,14:00.0,5,15:00,244
9448590405,U,IB,1,1,810,130793,141,12:00.0,3,10:00,244
9448658037,U,IB,1,1,170,129840,127,23:00.0,5,12:00,244
9448732635,U,CTY,1,1,92,131745,188,48:00.0,6,19:00,244
9448773766,U,CTY,1,1,260,135747,197,59:00.0,7,12:00,244
944882531X,U,IB,1,4,1545,136131,112,16:00.0,3,4:00,244
9448825329,U,CTY,1,1,140,136297,187,56:00.0,4,12:00,244
9448825338,U,IB,1,1,179,903951,149,50:00.0,5,3:00,244
9448825347,U,OB,1,1,125,136318,69,27:00.0,3,18:00,244
9449339285,U,IB,1,1,370,290993,129,20:00.0,5,13:00,244
9449340650,U,IB,1,2,346,903951,149,09:00.0,5,2:00,244
944934693X,U,IB,1,6,965,138153,149,47:00.0,3,13:00,244
945177893X,U,IB,1,3,2360,HAEI23307,131,37:00.0,6,19:00,845
9473962714,U,IB,1,1,825,135321,114,11:00.0,6,19:00,145
9473962750,U,IB,1,1,310,128439,104,58:00.0,2,6:00,145
9473962788,U,IB,1,5,3500,128081,114,01:00.0,4,1:00,145
9474588320,U,IB,1,1,455,127779,101,15:00.0,7,18:00,145
9474650095,U,IB,1,1,445,134249,104,14:00.0,3,18:00,145
9476175281,U,CTY,1,1,376,137691,207,52:00.0,1,17:00,145
9476175281,U,IB,1,1,376,137691,141,53:00.0,1,16:00,145
9615280514,U,CTY,1,1,617,128691,196,48:00.0,2,19:00,211
9615281724,U,OB,1,3,5775,137083,26,52:00.0,6,14:00,421
9615284400,U,OB,1,9,1500,126638,52,28:00.0,2,6:00,431
9615294484,U,IB,1,4,7700,202445,150,47:00.0,7,18:00,421
9623346045,U,OB,1,5,3689,CVEN44290,95,40:00.0,1,19:00,135
9623346045,U,IB,1,5,3689,CVEN44290,108,32:00.0,2,21:00,135
9623347035,U,IB,1,1,310,123419,112,39:00.0,4,4:00,135
9623348813,U,IB,1,1,360,123419,112,46:00.0,4,4:00,135
9623348831,U,IB,1,2,618,123419,112,54:00.0,4,3:00,135
9623349208,U,IB,1,2,1244,123419,112,38:00.0,4,4:00,135
9623349381,U,IB,1,1,506,123419,112,24:00.0,4,3:00,135
9623349428,U,IB,1,6,1629,123419,112,24:00.0,4,5:00,135
9623349749,U,IB,1,4,5272,123419,112,19:00.0,4,3:00,135
962334984X,U,IB,1,2,4749,123419,112,36:00.0,4,3:00,135
9623350600,U,IB,1,1,27,431080,117,14:00.0,2,2:00,135
9623350692,U,IB,1,1,413,431080,117,34:00.0,2,0:00,135
9623350784,U,IB,1,1,93,124235,112,35:00.0,5,6:00,135
9623350811,U,IB,1,2,3390,124235,112,41:00.0,5,6:00,135
962335083X,U,IB,1,1,540,CVEN43549,133,10:00.0,4,14:00,135
9623350849,U,IB,1,1,164,124235,112,33:00.0,5,3:00,135
9623350885,U,IB,1,1,80,124235,110,13:00.0,5,15:00,135
9623350885,U,IB,1,1,80,124235,112,48:00.0,5,6:00,135
9623350921,U,IB,1,1,130,431080,117,57:00.0,2,0:00,135
962335094X,U,IB,1,1,278,131375,117,44:00.0,6,17:00,135
9623351132,U,IB,1,1,550,124235,112,23:00.0,5,6:00,135
9623351206,U,IB,1,2,617,CVEN43549,133,26:00.0,4,18:00,135
9623351215,U,IB,1,2,630,CVEN43549,133,26:00.0,4,18:00,135
9623351289,U,IB,1,2,1041,431080,117,23:00.0,2,0:00,135
9623351316,U,IB,1,2,1875,124235,112,05:00.0,5,4:00,135
9623351417,U,IB,1,1,845,431080,103,52:00.0,1,23:00,135
9623351462,U,IB,1,1,300,CVEN43549,133,34:00.0,4,18:00,135
9623351563,U,IB,1,1,235,CVEN43549,133,21:00.0,4,13:00,135
9623351581,U,IB,1,1,1335,431080,117,06:00.0,2,0:00,135
9623351637,U,IB,1,1,70,431080,117,07:00.0,2,0:00,135
9623351682,U,IB,1,1,560,124235,112,44:00.0,5,6:00,135
9623351756,U,IB,1,1,262,CVEN43549,133,35:00.0,4,14:00,135
9623351801,U,IB,1,2,25,431080,117,13:00.0,2,2:00,135
9623351875,U,IB,1,1,320,124235,112,26:00.0,5,4:00,135
9623351884,U,IB,1,1,230,124235,112,42:00.0,5,6:00,135
9623351893,U,IB,1,1,230,CVEN43549,133,21:00.0,4,14:00,135
9623351902,U,IB,1,1,230,CVEN43549,133,22:00.0,4,15:00,135
9623351911,U,IB,1,1,230,124235,112,46:00.0,5,6:00,135
9623351976,U,IB,1,1,176,431080,117,53:00.0,2,1:00,135
9623351985,U,IB,1,1,538,131375,117,38:00.0,6,18:00,135
9623352279,U,IB,1,3,2695,431080,117,06:00.0,2,2:00,135
9623352360,U,IB,1,2,296,131375,117,17:00.0,6,18:00,135
9623352470,U,IB,1,2,1000,431080,117,10:00.0,2,2:00,135
9623352517,U,IB,1,2,2001,431080,117,12:00.0,2,0:00,135
9623352580,U,IB,1,1,313,431080,117,03:00.0,2,2:00,135
9623352690,U,IB,1,2,1410,131375,117,46:00.0,6,17:00,135
962335270X,U,IB,1,1,314,131375,117,35:00.0,6,15:00,135
9623352773,U,IB,1,1,970,131375,117,56:00.0,6,15:00,135
9623353049,U,IB,1,1,36,131375,117,42:00.0,6,15:00,135
9623353076,U,IB,1,1,810,131375,117,54:00.0,6,16:00,135
9623353130,U,IB,1,1,268,431080,117,03:00.0,2,1:00,135
9623353159,U,IB,1,2,719,131375,117,58:00.0,6,18:00,135
9623353287,U,IB,1,4,10135,431080,117,51:00.0,2,0:00,135
9623353451,U,IB,1,5,2650,131375,117,24:00.0,6,16:00,135
9623353534,U,IB,1,1,1305,431080,117,12:00.0,2,2:00,135
9623353552,U,IB,1,3,870,131375,117,51:00.0,6,15:00,135
9623357943,U,CTY,1,1,310,130650,173,07:00.0,4,3:00,135
9623360006,U,IB,1,4,3480,CVEN45559,151,55:00.0,6,3:00,135
9623360345,U,OB,1,3,918,CVEN44129,95,57:00.0,7,3:00,135
9623360381,U,OB,1,4,426,CVEN44129,95,50:00.0,7,3:00,135
9623362206,U,OB,1,2,530,CVEN44868,93,34:00.0,2,12:00,135
9623362325,U,IB,1,1,435,CVEN45559,151,50:00.0,6,1:00,135
9623363883,U,CTY,1,1,150,CVEN44868,187,24:00.0,7,22:00,135
9623367064,U,OB,1,10,9000,CVEN45352,89,38:00.0,5,13:00,135
9623368503,U,IB,1,1,1264,CVEN46003,105,33:00.0,6,0:00,135
9623368732,U,IB,1,1,100,CVEN46003,105,21:00.0,6,1:00,135
9623378742,U,IB,1,4,7805,CVEN44986,103,51:00.0,7,3:00,135
9623378843,U,IB,1,2,2118,CVEN44615,113,57:00.0,6,11:00,135
9623379265,U,IB,1,1,180,CVEN44986,103,15:00.0,7,4:00,135
9623379274,U,CTY,1,2,370,CVEN43397,197,06:00.0,7,18:00,135
9623380466,U,IB,1,15,12646,CVEN44986,103,13:00.0,7,3:00,135
9623380511,U,IB,1,3,483,CVEN44986,103,45:00.0,7,5:00,135
9623381492,U,IB,1,2,262,CVEN44986,103,31:00.0,7,5:00,135
9630570094,U,CTY,1,1,35,123067,195,27:00.0,3,7:00,830
9630570269,U,CTY,1,1,2650,135843,194,08:00.0,3,19:00,875
963057069X,U,CTY,1,3,1545,135252,173,06:00.0,5,0:00,881
9630570938,U,CTY,1,2,1184,138160,168,42:00.0,2,14:00,890
9630571378,U,IB,1,2,645,249183,123,40:00.0,2,14:00,809
9630571643,U,IB,1,1,735,117643,143,03:00.0,6,21:00,881
9630571982,U,IB,1,1,2315,130933,167,43:00.0,3,16:00,890
9630571982,U,IB,1,1,2315,130933,131,34:00.0,3,0:00,890
9630572101,U,IB,1,2,718,132636,145,29:00.0,1,9:00,881
9630573944,U,CTY,1,1,360,133770,195,31:00.0,5,13:00,875
9630574723,U,CTY,1,1,500,125432,188,13:00.0,6,16:00,881
9630574806,U,IB,1,1,150,136012,163,43:00.0,3,8:00,875
9630574889,U,IB,1,1,25,131621,143,36:00.0,6,16:00,830
9630575237,U,IB,1,1,350,132942,133,51:00.0,6,23:00,890
9630575237,U,IB,1,1,350,132942,127,25:00.0,5,22:00,890
9630575704,U,CTY,1,1,25,135912,192,51:00.0,4,22:00,830
9630575722,U,IB,1,2,435,131651,141,59:00.0,1,12:00,890
9630576007,U,CTY,1,1,305,132787,188,30:00.0,5,10:00,875
9630576099,U,IB,1,1,47,137516,163,54:00.0,6,0:00,830
9630576144,U,IB,1,1,1282,135862,141,07:00.0,7,18:00,875
9630576382,U,IB,1,1,250,128898,133,08:00.0,5,16:00,890
9630576391,U,IB,1,1,500,128898,133,09:00.0,5,16:00,890
9630576703,U,IB,1,1,210,128898,133,09:00.0,5,16:00,890
9644420516,U,OB,1,1,25,135994,22,17:00.0,1,1:00,
9774012306,U,CTY,1,1,764,139875,172,30:00.0,6,12:00,347
977407848X,U,IB,1,2,650,139653,158,45:00.0,2,21:00,865
9774097161,U,CTY,1,5,625,TTMS144654,194,35:00.0,2,13:00,641
9774104028,U,CTY,1,1,320,138189,192,44:00.0,3,13:00,875
9774104394,U,CTY,1,1,300,290117,188,21:00.0,3,14:00,324
9774104614,U,IB,1,1,1086,128320,151,05:00.0,2,21:00,569
9774118382,U,CTY,1,1,381,133770,195,08:00.0,5,13:00,875
9774121664,U,CTY,1,3,100,138050,196,06:00.0,3,21:00,303
9774126587,U,CTY,1,1,305,136049,195,17:00.0,3,0:00,809
9774127384,U,IB,1,1,1674,133520,145,44:00.0,1,6:00,375
977413150X,U,IB,1,1,389,132669,164,41:00.0,3,15:00,813
9774132765,U,IB,1,3,2580,121487,164,09:00.0,7,18:00,303
9774134076,U,IB,1,1,327,291216,149,04:00.0,7,21:00,889
9774137192,U,CTY,1,4,500,134172,175,57:00.0,2,4:00,347
9774137376,U,IB,1,2,434,134479,152,37:00.0,1,10:00,840
9774139585,U,CTY,1,1,507,119435,188,04:00.0,6,13:00,326
9774139713,U,IB,1,1,382,530697,131,07:00.0,4,14:00,878
9774140611,U,CTY,1,4,500,119435,188,29:00.0,6,12:00,326
9774141208,U,CTY,1,1,99,123328,168,16:00.0,6,7:00,245
9774143848,U,IB,1,2,515,131798,145,17:00.0,5,21:00,261
9774145269,U,CTY,1,1,880,431077,173,23:00.0,7,18:00,835
9774145552,U,IB,1,1,650,140415,163,27:00.0,4,18:00,890
9774145561,U,CTY,1,1,392,131853,195,22:00.0,4,6:00,604
9774148899,U,CTY,1,1,730,136872,173,30:00.0,3,10:00,813
9774149357,U,CTY,1,15,696,PASC634534,172,22:00.0,1,5:00,303
9774149788,U,CTY,1,1,38,128168,189,03:00.0,4,3:00,244
9774149961,U,IB,1,2,725,530697,131,56:00.0,4,13:00,878
9774151703,U,CTY,1,2,840,131925,187,41:00.0,3,9:00,885
977415339X,U,IB,1,7,875,130587,117,19:00.0,2,7:00,896
977415757X,U,IB,1,1,325,134479,152,37:00.0,1,10:00,840
9774159284,U,CTY,1,1,571,136872,173,26:00.0,3,10:00,813
977415966X,U,IB,1,1,352,123898,152,09:00.0,4,21:00,819
9774159715,U,IB,1,1,312,132855,113,24:00.0,7,12:00,890
9774160274,U,IB,1,1,830,131798,145,09:00.0,5,21:00,261
9774162813,U,CTY,1,3,2584,133730,189,05:00.0,1,11:00,881
9774166333,U,IB,1,1,750,134694,143,15:00.0,5,15:00,819
9774166499,U,OB,1,1,55,128220,95,58:00.0,2,22:00,471
9774166636,U,IB,1,1,1016,136876,129,14:00.0,1,10:00,888
9774167323,U,IB,1,11,19800,280465,113,10:00.0,5,4:00,261
977416758X,U,IB,1,1,819,290752,111,42:00.0,1,3:00,347
9774168259,U,IB,1,2,432,353244,149,29:00.0,1,10:00,352
9774168369,U,IB,1,1,125,126033,152,26:00.0,5,8:00,889
9774168607,U,CTY,1,1,28,127922,187,10:00.0,3,13:00,303
9774168616,U,CTY,1,1,50,125201,194,57:00.0,1,7:00,272
9774168744,U,CTY,1,1,305,127771,187,51:00.0,5,22:00,830
9774168982,U,IB,1,1,922,135962,145,36:00.0,6,10:00,890
9774169083,U,CTY,1,1,600,HAEI24595,173,20:00.0,7,18:00,431
9774169330,U,CTY,1,1,348,140231,189,24:00.0,5,0:00,805
9774169431,U,IB,1,1,620,123302,141,09:00.0,3,15:00,819
9774169579,U,IB,1,1,323,132636,145,24:00.0,1,10:00,881
9774170073,U,IB,1,1,149,130990,164,25:00.0,1,13:00,809
9774170468,U,CTY,1,1,108,136990,233,22:00.0,2,23:00,830
9774170468,U,CTY,1,1,108,136990,189,45:00.0,2,17:00,830
9774170569,U,CTY,1,2,492,131853,195,22:00.0,4,6:00,630
9774171036,U,CTY,1,1,2230,211026,191,12:00.0,1,10:00,814
9774171036,U,IB,1,1,2230,211026,129,43:00.0,1,9:00,814
9774171402,U,IB,1,1,125,130990,164,01:00.0,1,13:00,814
9774171687,U,IB,1,1,125,211026,129,10:00.0,1,10:00,813
9774171961,U,CTY,1,4,500,125383,169,01:00.0,2,18:00,847
9774171970,U,CTY,1,1,1940,139757,172,39:00.0,3,14:00,813
977417198X,U,IB,1,6,795,138291,135,40:00.0,2,7:00,896
9774171999,U,IB,1,4,500,128439,104,28:00.0,2,8:00,145
9774172026,U,CTY,1,4,500,124019,174,35:00.0,2,6:00,841
9774172127,U,IB,1,3,360,136038,141,13:00.0,1,7:00,865
9774172163,U,IB,1,1,576,125468,111,07:00.0,2,15:00,642
9774172219,U,CTY,1,5,1400,125040,194,01:00.0,4,14:00,808
9774172401,U,CTY,1,1,212,291281,197,12:00.0,3,15:00,304
9774172558,U,IB,1,1,445,202328,164,56:00.0,2,13:00,842
9774172576,U,CTY,1,1,90,211043,175,14:00.0,3,21:00,347
977417275X,U,CTY,1,1,491,133770,195,08:00.0,5,13:00,875
9774172850,U,IB,1,1,500,130862,158,59:00.0,3,10:00,809
977417286X,U,CTY,1,4,500,139757,172,38:00.0,3,15:00,813
9774172879,U,IB,1,4,725,530697,131,26:00.0,4,13:00,878
9774173346,U,CTY,1,1,375,129962,172,20:00.0,4,14:00,873
9774173355,U,CTY,1,1,323,124196,192,12:00.0,5,11:00,213
9774173429,U,IB,1,3,1500,119666,105,26:00.0,3,2:00,245
9774173575,U,IB,1,1,339,130658,152,54:00.0,3,10:00,858
9774173979,U,CTY,1,3,830,137197,168,25:00.0,3,22:00,266
9774174033,U,OB,1,1,685,133078,88,25:00.0,4,9:00,522
9774174262,U,IB,1,1,115,133251,125,17:00.0,4,16:00,303
9774174776,U,IB,1,6,330,128869,151,26:00.0,7,19:00,852
9774174803,U,IB,1,1,475,126666,117,25:00.0,1,9:00,223
9774174830,U,CTY,1,6,1335,135187,172,23:00.0,5,0:00,857
9774174859,U,CTY,1,1,340,135016,196,08:00.0,2,22:00,243
9774174996,U,CTY,1,1,291,124196,192,12:00.0,5,11:00,213
9774175005,U,CTY,1,1,948,128090,175,51:00.0,3,8:00,875
977417517X,U,IB,1,1,905,139791,158,34:00.0,4,22:00,303
9774175427,U,IB,1,1,720,126878,133,27:00.0,4,7:00,873
9774175436,U,CTY,1,2,2256,135843,194,01:00.0,3,19:00,868
9774175647,U,CTY,1,1,835,130753,187,11:00.0,3,8:00,875
9774175665,U,IB,1,4,500,131974,158,29:00.0,5,6:00,889
9774175766,U,CTY,1,4,500,133417,187,13:00.0,2,0:00,155
9774175802,U,CTY,1,4,500,131845,197,28:00.0,2,5:00,315
9774175820,U,CTY,1,1,449,131853,195,33:00.0,4,4:00,633
977417605X,U,CTY,1,1,532,136872,173,18:00.0,3,10:00,889
9774176105,U,CTY,1,1,70,138164,187,23:00.0,2,4:00,180
9774176343,U,CTY,1,1,320,133491,176,17:00.0,6,16:00,882
9774176729,U,CTY,1,1,300,127438,168,56:00.0,5,18:00,826
9774176893,U,CTY,1,1,45,291132,174,37:00.0,3,0:00,842
977417693X,U,OB,1,6,390,125306,31,22:00.0,6,5:00,875
9774177030,U,CTY,1,6,2600,132130,189,05:00.0,4,14:00,808
9774177086,U,CTY,1,2,1935,131853,195,48:00.0,4,5:00,881
9774177095,U,IB,1,1,869,530247,116,55:00.0,4,20:00,220
9774177169,U,CTY,1,1,125,124347,175,09:00.0,5,3:00,377
9774177187,U,OB,1,1,300,131077,89,26:00.0,3,11:00,644
9774177416,U,IB,1,1,523,133386,131,17:00.0,7,16:00,842
9774177452,U,CTY,1,1,385,138184,196,36:00.0,5,22:00,313
9774177508,U,CTY,1,2,1262,211329,169,18:00.0,3,8:00,370
9774177553,U,IB,1,2,1837,559510,112,52:00.0,4,21:00,218
9774177627,U,IB,1,30,3600,129911,127,56:00.0,6,9:00,202
9774177690,U,IB,1,1,1165,128864,125,24:00.0,4,22:00,261
9774177764,U,CTY,1,1,3253,290114,169,57:00.0,1,10:00,658
9774177984,U,CTY,1,1,475,127154,196,43:00.0,3,22:00,261
9774178002,U,CTY,1,1,502,127154,196,51:00.0,4,0:00,261
9774178002,U,CTY,1,1,502,127154,196,51:00.0,4,0:00,261
9774178058,U,CTY,1,1,125,135995,189,32:00.0,6,2:00,661
9774178085,U,CTY,1,1,370,131853,195,12:00.0,4,6:00,604
9774178094,U,CTY,1,1,1585,133389,187,52:00.0,5,4:00,223
977417814X,U,CTY,1,5,4015,290884,196,11:00.0,3,15:00,304
9774178379,U,IB,1,1,297,290212,135,44:00.0,1,6:00,213
9774178397,U,CTY,1,1,1094,130450,174,09:00.0,4,22:00,381
9774178406,U,IB,1,1,583,126994,141,07:00.0,2,18:00,531
9774178460,U,IB,1,2,853,132868,116,19:00.0,7,20:00,216
9774178543,U,CTY,1,10,1220,126069,189,43:00.0,3,22:00,155
9774178608,U,CTY,1,1,395,TNUE56177,188,50:00.0,1,4:00,263
9774178617,U,CTY,1,3,1620,136308,173,41:00.0,6,0:00,261
9774178644,U,CTY,1,1,504,530699,197,24:00.0,4,22:00,641
9774178790,U,OB,1,32,1170,842872,72,12:00.0,6,19:00,422
9774178790,U,CTY,1,32,1170,842872,191,13:00.0,6,19:00,422
9774178855,U,IB,1,2,36,132665,135,39:00.0,1,7:00,381
9774178947,U,IB,1,1,1045,558206,125,28:00.0,5,19:00,523
9774179084,U,IB,1,5,4060,135053,131,36:00.0,1,3:00,890
9774179268,U,CTY,1,1,330,132130,235,18:00.0,5,23:00,808
9774179268,U,CTY,1,1,330,132130,189,11:00.0,4,13:00,808
9774179277,U,CTY,1,1,225,139518,169,44:00.0,4,5:00,511
9774179423,U,OB,1,1,100,129622,17,28:00.0,5,16:00,411
977417946X,U,IB,1,4,5158,137467,117,26:00.0,1,0:00,890
9774179551,U,IB,1,1,425,138629,129,38:00.0,4,13:00,621
9774179643,U,CTY,1,1,555,123162,191,11:00.0,7,8:00,266
9774179643,U,CTY,1,1,555,123162,191,11:00.0,7,8:00,266
9774179708,U,OB,1,1,85,131011,72,03:00.0,1,20:00,521
9774179726,U,IB,1,1,206,135340,149,36:00.0,3,12:00,216
977417979X,U,OB,1,2,2335,129772,53,32:00.0,3,1:00,432
9774179881,U,CTY,1,4,500,CVEN44152,169,39:00.0,1,22:00,126
9774179890,U,CTY,1,4,500,132055,195,09:00.0,3,20:00,621
9774179919,U,IB,1,4,500,125434,129,17:00.0,7,2:00,813
9774179928,U,IB,1,4,500,290262,151,49:00.0,4,15:00,216
9774179946,U,IB,1,4,500,136842,143,55:00.0,3,9:00,621
977418001X,U,CTY,1,1,426,138044,176,15:00.0,4,19:00,324
9774180074,U,CTY,1,1,735,HAEI28100,191,37:00.0,5,17:00,547
9774180074,U,CTY,1,1,735,HAEI28100,191,37:00.0,5,17:00,547
9774180074,U,CTY,1,1,735,HAEI28100,172,46:00.0,5,14:00,547
9774180101,U,OB,1,1,316,135958,84,18:00.0,4,19:00,525
9774180285,U,CTY,1,2,195,128168,189,32:00.0,4,3:00,244
9774180377,U,IB,1,1,540,130967,133,33:00.0,5,7:00,521
9774180386,U,IB,1,1,367,138903,113,24:00.0,7,2:00,555
9774180395,U,CTY,1,1,250,128285,195,23:00.0,5,13:00,315
9774180431,U,CTY,1,2,550,134604,168,11:00.0,4,16:00,621
9774180469,U,CTY,1,1,447,126164,210,54:00.0,6,14:00,394
9774180541,U,IB,1,1,1089,134835,143,39:00.0,4,12:00,324
9774180597,U,CTY,1,1,155,127450,189,22:00.0,5,16:00,288
9774180615,U,IB,1,3,823,842100,111,23:00.0,2,21:00,422
9774180660,U,CTY,1,1,250,128863,196,23:00.0,5,4:00,525
977418067X,U,CTY,1,1,1547,133671,175,19:00.0,6,0:00,261
9774180707,U,IB,1,2,150,133558,133,22:00.0,1,15:00,890
9774180716,U,IB,1,1,310,129678,151,50:00.0,7,9:00,272
9774180725,U,IB,1,1,165,129678,151,28:00.0,7,8:00,315
9774180752,U,OB,1,2,1452,507989,22,13:00.0,2,21:00,422
9774180835,U,IB,1,1,417,137871,113,05:00.0,3,8:00,322
9774180844,U,IB,1,1,277,117065,129,00:00.0,3,7:00,218
9774180844,U,CTY,1,1,277,117065,227,21:00.0,4,8:00,218
9774180918,U,IB,1,59,1180,310707,131,39:00.0,2,18:00,422
9774180981,U,IB,1,1,650,126998,143,38:00.0,5,19:00,319
977418100X,U,IB,1,2,696,133936,125,38:00.0,6,21:00,352
9774181037,U,OB,1,1,270,128148,95,48:00.0,3,12:00,617
9774181037,U,OB,1,1,270,128148,95,48:00.0,3,12:00,617
9774181046,U,OB,1,1,1326,842789,66,13:00.0,3,20:00,422
9774181064,U,IB,1,1,175,135329,163,22:00.0,2,2:00,132
9774181091,U,CTY,1,8,1200,CVEN44708,194,25:00.0,1,19:00,132
9774181129,U,CTY,1,2,1795,124347,175,08:00.0,5,2:00,309
9774181201,U,CTY,1,1,199,115866,174,41:00.0,4,12:00,347
9774181293,U,IB,1,1,306,290262,151,59:00.0,4,17:00,216
9774181311,U,OB,1,3,1200,130990,60,27:00.0,3,1:00,435
977418133X,U,CTY,1,1,30,128168,189,44:00.0,4,2:00,244
9774181367,U,CTY,1,2,2320,125347,191,02:00.0,3,5:00,819
9774181367,U,IB,1,2,2320,125347,133,57:00.0,3,4:00,819
9774181385,U,CTY,1,1,125,131503,189,05:00.0,6,13:00,878
9774181430,U,OB,1,1,1815,45680,67,14:00.0,5,10:00,433
9774181486,U,CTY,1,2,30,128168,189,48:00.0,4,2:00,244
9774181504,U,CTY,1,1,210,133804,187,26:00.0,6,9:00,347
9774181540,U,OB,1,1,120,291044,11,33:00.0,4,3:00,432
9774181569,U,IB,1,17,380,261091,151,49:00.0,6,0:00,890
9774181605,U,IB,1,1,405,137512,143,05:00.0,6,13:00,525
9774181742,U,IB,1,19,380,139792,145,09:00.0,5,2:00,326
9774182027,U,CTY,1,1,346,138044,176,19:00.0,4,19:00,324
9774182063,U,IB,1,1,595,135636,116,29:00.0,2,10:00,890
9774182081,U,CTY,1,1,50,200701,192,30:00.0,4,16:00,211
9774182137,U,IB,1,1,125,135803,116,59:00.0,2,9:00,868
9774182173,U,CTY,1,1,125,277828,197,55:00.0,2,1:00,830
9774182375,U,CTY,1,2,3990,249257,175,03:00.0,5,15:00,272
9774182530,U,IB,1,4,4095,136017,103,13:00.0,4,5:00,435
9774182530,U,OB,1,4,4095,136017,68,14:00.0,4,5:00,435
9774182788,U,OB,1,1,120,291044,11,33:00.0,4,3:00,432
9774182815,U,IB,1,1,281,290035,158,40:00.0,5,21:00,223
9774182943,U,OB,1,38,760,560027,76,33:00.0,3,21:00,422
9774183071,U,IB,1,1,413,132336,105,35:00.0,4,19:00,213
9774183109,U,CTY,1,1,150,124186,168,48:00.0,5,6:00,216
9774183136,U,OB,1,1,100,291213,72,23:00.0,7,6:00,522
9774183145,U,IB,1,1,891,291244,113,15:00.0,5,14:00,521
9774183154,U,IB,1,1,50,127775,151,54:00.0,1,19:00,881
9774183154,U,CTY,1,1,50,127775,183,00:00.0,1,21:00,881
9774183181,U,CTY,1,3,120,PASC33311,187,36:00.0,4,3:00,898
9774183228,U,CTY,1,4,500,PASC634534,176,49:00.0,1,21:00,303
9774183237,U,IB,1,4,500,132656,127,40:00.0,3,22:00,642
9774183246,U,CTY,1,1,180,133819,195,00:00.0,6,21:00,261
9774183255,U,CTY,1,4,500,122816,196,04:00.0,6,19:00,303
9774183291,U,IB,1,1,639,290525,104,23:00.0,7,3:00,615
977418331X,U,OB,1,1,472,140067,95,26:00.0,6,1:00,218
977418342X,U,CTY,1,5,575,136308,173,28:00.0,6,1:00,261
9774183466,U,IB,1,1,285,137579,117,17:00.0,5,9:00,889
9774183493,U,CTY,1,3,295,135508,175,31:00.0,1,3:00,336
9774183502,U,OB,1,2,500,136067,72,32:00.0,4,5:00,462
9774183520,U,CTY,1,1,635,261251,192,18:00.0,6,21:00,261
9774183594,U,CTY,1,3,438,CVEN46008,173,59:00.0,7,6:00,177
9774183612,U,IB,1,4,555,127051,116,39:00.0,2,15:00,890
9774183621,U,CTY,1,4,500,123950,173,41:00.0,6,3:00,178
9774183695,U,IB,1,1,218,290262,151,59:00.0,4,17:00,216
9774183740,U,CTY,1,4,500,131137,173,36:00.0,5,8:00,878
9774183769,U,CTY,1,4,555,121691,174,47:00.0,7,7:00,216
9774183778,U,IB,1,4,560,137723,143,57:00.0,1,1:00,100
9774183796,U,CTY,1,1,271,133819,195,52:00.0,6,20:00,261
9774183814,U,CTY,1,1,590,261251,192,05:00.0,6,21:00,261
9774183897,U,IB,1,1,834,132346,135,46:00.0,7,3:00,371
9774184007,U,IB,1,2,960,131309,111,20:00.0,5,14:00,878
9774184070,U,IB,1,1,665,561112,135,59:00.0,7,13:00,515
9774184135,U,CTY,1,8,7671,121201,187,13:00.0,4,14:00,642
9774184180,U,OB,1,1,159,116706,88,08:00.0,5,13:00,432
9774184254,U,IB,1,1,435,129678,151,54:00.0,7,9:00,272
9774184346,U,CTY,1,1,253,133819,195,57:00.0,6,20:00,261
977418441X,U,IB,1,30,620,132525,111,25:00.0,5,23:00,891
9774184548,U,CTY,1,1,772,131503,189,52:00.0,6,12:00,841
9774184557,U,CTY,1,2,1065,128598,173,00:00.0,5,19:00,642
9774184730,U,IB,1,1,442,126165,149,16:00.0,6,6:00,841
977418474X,U,CTY,1,1,425,131503,189,56:00.0,6,12:00,841
9774184768,U,CTY,1,1,630,130757,191,12:00.0,5,10:00,216
9774184768,U,CTY,1,1,630,130757,191,12:00.0,5,10:00,216
9774184795,U,IB,1,1,560,135658,127,30:00.0,5,5:00,381
9774184804,U,CTY,1,1,425,131522,189,49:00.0,7,21:00,347
9774184840,U,IB,1,1,351,137512,143,59:00.0,6,12:00,525
9774184905,U,OB,1,1,20,133989,31,04:00.0,7,8:00,740
977418496X,U,CTY,1,2,270,131787,188,57:00.0,1,3:00,211
9774185098,U,CTY,1,3,5845,131229,188,46:00.0,5,12:00,621
9774185125,U,CTY,1,6,461,136440,188,14:00.0,5,7:00,630
9774185538,U,IB,1,19,680,136876,129,53:00.0,1,10:00,890
9774185565,U,CTY,1,1,774,131130,169,56:00.0,1,12:00,375
9774185592,U,IB,1,1,611,290005,152,57:00.0,4,13:00,868
9774185648,U,IB,1,5,9247,137822,133,29:00.0,5,7:00,531
9774185702,U,IB,1,1,198,128288,116,40:00.0,1,16:00,108
9774185711,U,CTY,1,1,175,128325,196,22:00.0,2,2:00,111
9774185987,U,IB,1,1,612,126675,113,12:00.0,4,18:00,881
9774186115,U,IB,1,1,358,121487,164,12:00.0,7,16:00,303
9774186436,U,OB,1,5,1022,127079,38,54:00.0,5,9:00,421
9774186445,U,IB,1,1,427,261064,151,13:00.0,7,11:00,819
9774186582,U,IB,1,1,500,134263,152,53:00.0,4,2:00,740
9774186674,U,OB,1,4,2965,130978,38,05:00.0,6,10:00,348
9774186710,U,IB,1,1,68,430881,112,45:00.0,4,6:00,218
977418672X,U,OB,1,12,4000,850203,18,40:00.0,6,9:00,415
9774186748,U,CTY,1,4,500,133819,195,33:00.0,6,20:00,857
9774186757,U,IB,1,4,545,HAEI27016,116,33:00.0,4,17:00,841
9774186766,U,CTY,1,1,192,131787,188,45:00.0,1,3:00,211
9774186802,U,IB,1,1,491,125220,164,46:00.0,6,1:00,256
9774186811,U,OB,1,1,920,125319,31,36:00.0,1,9:00,757
9774186968,U,CTY,1,1,1015,135846,192,47:00.0,3,16:00,841
9774186977,U,CTY,1,2,815,127112,189,15:00.0,7,19:00,511
9774186986,U,IB,1,4,2228,133520,145,50:00.0,1,7:00,861
9774187132,U,IB,1,1,344,136665,143,32:00.0,3,3:00,522
9774187224,U,IB,1,2,532,290212,135,44:00.0,1,6:00,213
9774187251,U,CTY,1,1,523,125237,189,10:00.0,3,14:00,569
9774187289,U,CTY,1,5,3000,134079,189,24:00.0,3,8:00,511
9774187289,U,CTY,1,5,3000,134079,208,28:00.0,4,4:00,511
9774187352,U,OB,1,4,810,124574,60,37:00.0,6,3:00,409
977418738X,U,OB,1,1,1306,843233,40,16:00.0,6,22:00,422
9774187590,U,OB,1,1,526,132660,40,35:00.0,5,18:00,522
9774187848,U,IB,1,1,495,130455,145,27:00.0,4,13:00,343
9774187893,U,IB,1,1,108,127872,135,37:00.0,1,18:00,326
9774188095,U,OB,1,1,220,133810,88,09:00.0,1,15:00,511
9774188113,U,OB,1,1,120,129503,51,54:00.0,7,18:00,411
9774188122,U,IB,1,1,1190,131309,111,12:00.0,5,9:00,859
9774188196,U,CTY,1,1,131,129628,194,38:00.0,4,10:00,344
9774188250,U,OB,1,3,550,127193,84,58:00.0,7,8:00,433
9774188389,U,CTY,1,10,1120,261354,188,40:00.0,4,12:00,875
9774188452,U,CTY,1,1,78,129962,172,06:00.0,4,15:00,873
9774188508,U,CTY,1,4,500,137129,172,02:00.0,2,7:00,153
9774188526,U,CTY,1,7,875,137858,169,11:00.0,5,10:00,347
9774188544,U,CTY,1,6,810,118869,194,57:00.0,3,11:00,783
9774188580,U,IB,1,57,254,127210,151,13:00.0,3,21:00,857
9774188728,U,IB,1,7,7000,123834,127,06:00.0,4,14:00,511
9774188838,U,CTY,1,2,1183,128598,173,10:00.0,5,19:00,642
9774188847,U,IB,1,1,2275,131919,143,38:00.0,4,9:00,292
9774188874,U,IB,1,1,1115,128388,151,30:00.0,3,15:00,642
9774188910,U,CTY,1,2,556,130908,197,56:00.0,7,14:00,809
9774189020,U,IB,1,1,150,135114,125,15:00.0,1,5:00,218
9774189204,U,CTY,1,1,578,290301,194,28:00.0,2,8:00,658
9774189516,U,OB,1,1,672,128893,89,42:00.0,3,20:00,266
977418958X,U,CTY,1,1,120,290603,195,34:00.0,6,18:00,551
9774189626,U,IB,1,1,1521,127379,111,36:00.0,2,19:00,890
9774189653,U,OB,1,1,247,131203,58,10:00.0,4,2:00,418
9774189754,U,IB,1,1,286,135658,127,34:00.0,5,5:00,381
9774189947,U,CTY,1,1,536,133491,176,25:00.0,6,14:00,890
9774190039,U,OB,1,1,500,842274,38,33:00.0,2,19:00,422
9774190176,U,OB,1,6,3840,129798,67,28:00.0,4,3:00,409
9774190176,U,OB,1,6,3840,129798,67,31:00.0,4,3:00,409
9774190268,U,OB,1,2,26,136207,18,35:00.0,5,3:00,402
9774190313,U,IB,1,1,500,261217,123,14:00.0,3,19:00,617
977419035X,U,IB,1,1,560,132669,164,16:00.0,3,15:00,814
9774190396,U,CTY,1,4,500,135253,192,27:00.0,2,22:00,896
9774190405,U,IB,1,5,625,530109,141,05:00.0,2,22:00,896
9774190423,U,CTY,1,4,500,200977,196,33:00.0,1,7:00,186
9774190432,U,CTY,1,1,141,135187,172,06:00.0,5,2:00,220
9774190441,U,CTY,1,1,129,132935,174,45:00.0,2,20:00,830
9774190450,U,CTY,1,1,260,HAEI24595,173,32:00.0,7,13:00,842
9774190479,U,IB,1,14,1890,133121,143,06:00.0,7,14:00,111
9774190524,U,IB,1,1,290,132669,164,38:00.0,3,15:00,805
9774190533,U,OB,1,1,890,133103,38,56:00.0,3,4:00,432
9774190854,U,IB,1,1,746,133286,152,56:00.0,6,1:00,861
9774190863,U,IB,1,1,120,137448,145,57:00.0,5,17:00,555
9774190890,U,CTY,1,1,420,133491,176,26:00.0,6,14:00,890
9774190937,U,CTY,1,2,1010,125259,172,56:00.0,6,13:00,630
9774190973,U,OB,1,1,143,140074,89,37:00.0,5,7:00,555
977419101X,U,OB,1,10,5000,10408,31,11:00.0,2,22:00,422
9774191074,U,CTY,1,1,206,130451,194,45:00.0,6,17:00,303
9774191166,U,OB,1,1,545,123822,60,18:00.0,3,3:00,421
9774191202,U,IB,1,1,403,131233,149,50:00.0,6,13:00,757
9774191258,U,CTY,1,1,725,136417,175,50:00.0,5,12:00,326
9774191258,U,CTY,1,1,725,136417,191,52:00.0,5,12:00,326
9774191267,U,OB,1,1,120,133432,46,11:00.0,3,2:00,409
9774191294,U,IB,1,1,190,130591,101,07:00.0,5,22:00,266
9774191312,U,IB,1,1,87,134236,145,52:00.0,7,13:00,347
9774191321,U,OB,1,1,225,133257,26,15:00.0,5,5:00,455
9774191368,U,CTY,1,1,563,125856,174,02:00.0,4,19:00,218
9774191588,U,IB,1,1,132,290019,163,12:00.0,6,10:00,272
9774191624,U,CTY,1,2,711,249095,187,04:00.0,4,18:00,881
9774191633,U,OB,1,9,3185,830959,69,00:00.0,2,19:00,422
9774191689,U,OB,1,1,40,138217,53,47:00.0,6,4:00,754
9774191853,U,CTY,1,10,1710,125723,175,35:00.0,5,0:00,352
9774191853,U,CTY,1,10,1710,125723,230,02:00.0,5,2:00,352
9774191862,U,CTY,1,2,818,132772,168,48:00.0,1,8:00,642
9774192082,U,CTY,1,1,205,130451,194,55:00.0,6,16:00,303
9774192129,U,CTY,1,4,500,126500,192,16:00.0,5,13:00,122
9774192138,U,CTY,1,4,500,125621,197,39:00.0,3,20:00,841
9774192156,U,IB,1,8,1000,138592,133,49:00.0,5,14:00,256
9774192165,U,IB,1,1,237,134236,145,46:00.0,7,13:00,347
9774192183,U,CTY,1,4,500,124322,192,45:00.0,7,8:00,154
977419222X,U,CTY,1,1,33,133143,169,18:00.0,7,11:00,642
9774192302,U,IB,1,33,1000,135962,145,41:00.0,6,11:00,890
9774192421,U,IB,1,1,174,135099,164,20:00.0,5,3:00,153
977419244X,U,CTY,1,3,1959,130451,194,46:00.0,6,17:00,303
977419255X,U,CTY,1,2,735,137505,192,29:00.0,7,3:00,218
9774192697,U,IB,1,1,160,128898,133,30:00.0,5,18:00,890
9774192724,U,IB,1,1,365,133386,131,27:00.0,7,15:00,842
977419277X,U,IB,1,1,251,124178,141,27:00.0,5,16:00,621
9774192789,U,OB,1,6,2540,116768,46,55:00.0,7,2:00,510
9774192807,U,CTY,1,1,1228,291051,192,12:00.0,6,12:00,375
9774192899,U,IB,1,1,2456,559146,149,09:00.0,4,21:00,218
9774192971,U,CTY,1,1,120,290603,195,28:00.0,6,17:00,555
9774193054,U,IB,1,2,935,290005,152,13:00.0,4,14:00,875
9774193119,U,CTY,1,3,7590,123824,189,43:00.0,5,19:00,205
9774193146,U,IB,1,4,290,T402218929,145,17:00.0,5,13:00,288
9774193155,U,OB,1,1,300,277996,17,14:00.0,5,7:00,518
9774193200,U,OB,1,2,1200,129798,67,52:00.0,4,7:00,409
9774193229,U,IB,1,2,409,261149,125,02:00.0,3,14:00,642
9774193256,U,IB,1,1,218,128663,104,20:00.0,5,6:00,245
9774193393,U,OB,1,1,200,121684,74,29:00.0,4,10:00,644
9774193613,U,IB,1,1,345,124178,141,27:00.0,5,16:00,621
9774193860,U,OB,1,3,60,121942,50,42:00.0,6,17:00,402
9774193907,U,CTY,1,1,761,TNUE56177,188,16:00.0,1,1:00,396
9774194071,U,IB,1,1,236,202228,123,02:00.0,6,23:00,890
9774194080,U,CTY,1,4,500,137505,192,24:00.0,7,3:00,218
977419409X,U,IB,1,1,505,291244,113,13:00.0,5,14:00,521
9774194109,U,CTY,1,4,500,132935,174,58:00.0,2,19:00,641
9774194127,U,IB,1,4,500,135821,123,16:00.0,7,15:00,183
9774194136,U,CTY,1,1,445,137665,189,01:00.0,5,16:00,304
9774194246,U,OB,1,1,200,128016,78,04:00.0,7,21:00,521
9774194255,U,IB,1,1,670,123865,117,04:00.0,6,14:00,246
977419442X,U,OB,1,1,1129,127948,31,56:00.0,1,3:00,521
9774194466,U,OB,1,1,18,128641,22,57:00.0,5,18:00,402
9774194567,U,OB,1,2,565,125328,13,07:00.0,2,13:00,476
9774194576,U,CTY,1,6,405,126138,169,56:00.0,7,15:00,303
9774194695,U,OB,1,12,6000,116768,46,12:00.0,7,3:00,518
9774194713,U,IB,1,2,901,124029,113,26:00.0,4,3:00,266
9774194722,U,CTY,1,1,1035,137849,196,09:00.0,3,3:00,875
9774194814,U,OB,1,3,350,128016,78,57:00.0,7,20:00,521
9774195099,U,CTY,1,1,180,132052,175,09:00.0,7,1:00,313
9774195162,U,IB,1,1,600,132232,158,24:00.0,1,11:00,347
9774195236,U,OB,1,1,760,140025,73,39:00.0,6,19:00,348
9774195290,U,OB,1,1,900,127413,74,34:00.0,5,8:00,462
9774195337,U,CTY,1,1,260,128127,168,34:00.0,5,9:00,347
9774195373,U,CTY,1,29,1160,128363,172,21:00.0,7,18:00,381
9774195382,U,IB,1,14,560,130912,129,01:00.0,6,10:00,381
9774195438,U,IB,1,1,582,127209,149,32:00.0,5,21:00,261
9774195456,U,OB,1,1,200,127088,63,24:00.0,6,12:00,521
9774195483,U,IB,1,34,880,128663,104,59:00.0,5,8:00,245
9774195685,U,CTY,1,3,5056,HAEI24595,173,53:00.0,7,13:00,532
9774195786,U,CTY,1,1,41,133118,195,31:00.0,1,5:00,112
9774195795,U,IB,1,10,11445,311349,113,49:00.0,4,21:00,422
9774195878,U,IB,1,1,960,136938,141,17:00.0,3,18:00,244
9774195997,U,IB,1,11,360,261012,125,15:00.0,6,13:00,322
9774196042,U,CTY,1,1,120,130521,168,06:00.0,5,15:00,841
977419607X,U,CTY,1,21,440,117384,197,28:00.0,2,3:00,352
977419618X,U,OB,1,1,100,131113,40,33:00.0,6,6:00,409
9774196199,U,CTY,1,1,716,129962,172,08:00.0,4,14:00,873
9774196280,U,IB,1,1,745,138297,141,50:00.0,4,3:00,668
9774196318,U,CTY,1,1,515,126202,187,32:00.0,5,3:00,218
9774196601,U,CTY,1,1,142,CVEN44868,187,17:00.0,7,19:00,135
9774196610,U,OB,1,1,227,290937,14,44:00.0,7,10:00,525
9774196648,U,OB,1,1,890,128515,55,29:00.0,1,6:00,615
9774196859,U,IB,1,30,940,133396,129,01:00.0,2,17:00,890
9774196877,U,IB,1,25,580,134958,149,30:00.0,1,13:00,326
9774197041,U,CTY,1,1,141,HAEI24595,173,50:00.0,7,13:00,548
9774197050,U,CTY,1,5,500,202127,201,47:00.0,2,0:00,152
9774197050,U,CTY,1,5,500,202127,201,47:00.0,2,0:00,152
9774197079,U,IB,1,3,3210,132785,127,23:00.0,1,16:00,324
9774197151,U,CTY,1,1,240,131879,176,18:00.0,6,20:00,857
9774197160,U,CTY,1,4,500,135708,169,58:00.0,6,3:00,250
977419717X,U,CTY,1,4,500,135997,195,15:00.0,5,18:00,822
9774197216,U,IB,1,1,134,118561,158,40:00.0,6,22:00,213
9774197353,U,IB,1,1,344,118561,158,43:00.0,6,22:00,213
9774197638,U,OB,1,2,365,132150,67,21:00.0,2,19:00,522
9774197701,U,CTY,1,1,424,137749,196,28:00.0,1,13:00,304
9774197793,U,IB,1,1,265,140420,125,32:00.0,5,4:00,511
9774197820,U,CTY,1,1,1229,137855,189,07:00.0,1,20:00,272
9774197977,U,CTY,1,7,30855,830967,168,14:00.0,6,22:00,422
9774198087,U,CTY,1,1,466,130815,172,40:00.0,2,8:00,251
9774198114,U,CTY,1,1,250,130617,188,25:00.0,3,0:00,223
9774198141,U,CTY,1,4,3050,PASC634516,168,26:00.0,2,6:00,394
977419816X,U,IB,1,1,100,390229,116,35:00.0,2,4:00,218
9774198215,U,OB,1,4,3640,559146,40,33:00.0,5,20:00,422
9774198224,U,CTY,1,1,1910,290301,194,24:00.0,2,6:00,304
9774198233,U,IB,1,2,1730,211132,135,48:00.0,4,6:00,531
9774198242,U,IB,1,1,626,138297,141,49:00.0,4,3:00,347
9774198251,U,CTY,1,1,100,118856,194,01:00.0,3,19:00,621
9774198298,U,CTY,1,3,1460,130617,188,42:00.0,2,22:00,857
9774198619,U,IB,1,1,354,125657,127,07:00.0,2,21:00,859
9774198637,U,IB,1,1,100,123837,104,39:00.0,7,7:00,432
9774198655,U,IB,1,1,100,353244,149,27:00.0,1,7:00,326
9774198682,U,CTY,1,1,395,133770,195,40:00.0,5,13:00,875
9774198691,U,CTY,1,1,200,133770,195,00:00.0,5,14:00,875
977419871X,U,CTY,1,1,440,249342,172,23:00.0,4,3:00,511
9774198810,U,CTY,1,1,25,131786,194,56:00.0,1,13:00,244
9774198810,U,IB,1,1,25,131786,133,19:00.0,7,6:00,244
9774198810,U,CTY,1,1,25,131786,M16 ,57:00.0,1,18:00,244
9774198839,U,IB,1,1,1720,123327,113,24:00.0,4,13:00,435
9774198967,U,IB,1,2,2280,PASC634516,151,00:00.0,7,14:00,318
9774198985,U,IB,1,1,488,202422,149,58:00.0,7,14:00,878
9774199223,U,IB,1,15,1440,135615,104,34:00.0,4,6:00,243
9774199306,U,OB,1,4,500,135973,95,34:00.0,7,4:00,108
9774199315,U,IB,1,1,442,136940,111,19:00.0,4,15:00,303
9774199333,U,IB,1,2,1415,135907,113,10:00.0,5,20:00,614
9774199434,U,IB,1,1,365,140420,125,28:00.0,5,4:00,511
9774199452,U,CTY,1,2,240,129893,174,37:00.0,5,18:00,347
9774199517,U,OB,1,1,300,123830,86,21:00.0,1,0:00,348
9774199517,U,OB,1,1,300,123830,13,07:00.0,2,13:00,348
9774199526,U,OB,1,2,1315,123830,86,15:00.0,1,0:00,348
9774199535,U,CTY,1,1,680,128127,168,46:00.0,5,8:00,602
9774199627,U,IB,1,2,770,116773,104,30:00.0,3,19:00,303
9774199672,U,IB,1,1,370,140420,125,37:00.0,5,4:00,511
977419970X,U,IB,1,1,620,559295,135,01:00.0,4,0:00,809
9774199719,U,IB,1,1,602,140420,125,22:00.0,5,4:00,511
9774199782,U,IB,1,4,5115,139908,164,47:00.0,4,0:00,547
9774199791,U,CTY,1,1,282,140300,174,37:00.0,4,10:00,347
9774199847,U,OB,1,1,500,128868,96,23:00.0,5,18:00,615
9774199948,U,CTY,1,1,120,290977,194,28:00.0,5,22:00,842
9774199993,U,OB,1,1,250,129476,31,02:00.0,4,8:00,421
977420003X,U,OB,1,1,100,139875,52,19:00.0,7,3:00,644
9774200168,U,IB,1,3,1140,137023,127,59:00.0,6,7:00,515
9774200177,U,CTY,1,2,1458,136624,168,07:00.0,4,3:00,261
9774200204,U,IB,1,1,375,123514,145,43:00.0,5,8:00,326
9774200240,U,IB,1,12,320,133352,143,35:00.0,4,19:00,890
9774200269,U,OB,1,1,139,128515,40,13:00.0,3,5:00,433
9774200296,U,IB,1,2,240,139580,135,49:00.0,3,8:00,245
9774200415,U,IB,1,1,578,132650,150,54:00.0,4,19:00,381
977420047X,U,IB,1,4,500,122376,149,15:00.0,4,16:00,155
9774200489,U,IB,1,4,500,132070,164,11:00.0,2,0:00,155
9774200498,U,IB,1,4,500,123809,141,33:00.0,6,18:00,661
9774200534,U,IB,1,4,500,138470,145,44:00.0,6,12:00,621
9774200819,U,CTY,1,1,442,130521,168,56:00.0,5,18:00,532
9774200947,U,CTY,1,1,270,138108,194,48:00.0,5,17:00,621
9774200983,U,CTY,1,63,2232,130450,196,12:00.0,5,20:00,223
9774201295,U,CTY,1,1,252,137452,194,47:00.0,2,8:00,511
9774201405,U,IB,1,1,369,133352,143,24:00.0,4,20:00,890
9774201432,U,OB,1,2,1210,353223,99,42:00.0,3,3:00,422
9774201432,U,OB,1,2,1210,353223,32,50:00.0,2,20:00,422
9774201506,U,OB,1,2,800,137854,74,56:00.0,3,8:00,432
9774201542,U,IB,1,1,1234,T402218929,145,06:00.0,5,11:00,272
9774201560,U,IB,1,1,135,128359,129,49:00.0,5,15:00,145
9774201607,U,IB,1,1,292,430065,145,24:00.0,4,16:00,621
9774201735,U,CTY,1,1,125,117243,175,18:00.0,1,18:00,841
9774201762,U,CTY,1,1,235,128031,197,08:00.0,5,19:00,303
977420190X,U,CTY,1,1,2862,127920,195,37:00.0,3,1:00,315
9774202047,U,OB,1,8,6465,281072,86,08:00.0,4,16:00,202
9774202065,U,CTY,1,1,850,127884,172,16:00.0,4,21:00,857
9774202166,U,CTY,1,2,89,HAEI23255,175,47:00.0,7,16:00,548
9774202249,U,CTY,1,2,1006,137902,174,57:00.0,2,12:00,873
9774202303,U,OB,1,1,219,135958,84,13:00.0,4,19:00,525
9774202321,U,IB,1,1,485,139578,149,21:00.0,1,15:00,149
977420234X,U,IB,1,12,320,127821,158,15:00.0,6,1:00,326
9774202377,U,IB,1,14,360,133251,158,18:00.0,5,16:00,261
9774202395,U,IB,1,38,1160,132942,127,45:00.0,6,0:00,890
9774202404,U,CTY,1,19,380,127688,174,11:00.0,6,8:00,352
9774202422,U,CTY,1,12,420,125432,188,41:00.0,6,14:00,881
9774202550,U,IB,1,1,1198,PASC175379,151,41:00.0,2,15:00,303
9774202660,U,IB,1,4,500,138470,145,46:00.0,6,12:00,343
9774202734,U,IB,1,1,600,135252,133,23:00.0,5,20:00,861
9774202817,U,OB,1,1,14,134984,26,29:00.0,5,13:00,684
9774202853,U,IB,1,1,3204,129776,135,57:00.0,6,13:00,511
9774202909,U,OB,1,2,896,129476,31,05:00.0,4,8:00,421
9774202945,U,IB,1,1,150,129776,135,57:00.0,6,12:00,511
9774202945,U,CTY,1,1,150,129776,231,31:00.0,6,18:00,511
9774203037,U,OB,1,1,399,134002,75,48:00.0,4,7:00,447
9774203284,U,IB,1,1,159,290036,163,35:00.0,7,11:00,551
9774203293,U,IB,1,1,425,135636,116,29:00.0,2,10:00,890
9774203459,U,OB,1,6,2470,133247,51,47:00.0,5,10:00,409
9774203468,U,IB,1,1,580,128068,133,45:00.0,3,9:00,873
9774203522,U,CTY,1,1,366,136872,173,23:00.0,3,10:00,868
977420355X,U,OB,1,1,190,135500,90,26:00.0,5,10:00,245
9774203632,U,IB,1,79,1580,821149,133,16:00.0,6,1:00,422
9774203688,U,IB,1,20,2000,131591,129,51:00.0,7,4:00,890
9774203706,U,IB,1,11,720,127821,158,42:00.0,6,0:00,326
9774203742,U,CTY,1,13,6637,136515,196,24:00.0,4,8:00,875
9774203908,U,IB,1,1,635,139677,145,51:00.0,5,13:00,642
9774203980,U,OB,1,6,2530,280932,67,22:00.0,5,7:00,432
9774204036,U,IB,1,1,425,126971,116,52:00.0,5,12:00,322
9774204045,U,CTY,1,2,835,123493,192,54:00.0,6,21:00,857
9774204164,U,IB,1,58,1160,821149,133,34:00.0,6,0:00,422
9774204310,U,IB,1,1,597,530455,117,45:00.0,6,5:00,218
9774204375,U,CTY,1,1,237,904116,189,30:00.0,7,9:00,218
9774204402,U,CTY,1,1,716,125404,195,12:00.0,7,0:00,232
9774204420,U,OB,1,1,745,125149,50,24:00.0,7,19:00,423
9774204503,U,IB,1,1,400,135748,151,02:00.0,6,14:00,343
9774204815,U,OB,1,1,269,290553,78,26:00.0,2,13:00,525
9774204860,U,CTY,1,1,485,138097,194,20:00.0,5,10:00,313
9774204999,U,CTY,1,2,2900,202076,189,53:00.0,1,10:00,232
9774205026,U,OB,1,7,7100,830967,43,17:00.0,5,21:00,422
9774205053,U,CTY,1,10,200,131925,187,20:00.0,3,8:00,875
9774205062,U,IB,1,1,365,126436,139,26:00.0,2,6:00,347
9774205062,U,IB,1,1,365,126436,141,25:00.0,2,6:00,347
9774205071,U,CTY,1,1,695,138636,189,12:00.0,6,22:00,602
9774205163,U,IB,1,2,1115,135636,116,56:00.0,2,7:00,891
9774205237,U,OB,1,4,4270,842193,66,24:00.0,4,22:00,422
9774205264,U,OB,1,1,235,842193,66,26:00.0,4,22:00,422
9774205282,U,OB,1,2,240,139805,55,27:00.0,5,4:00,245
9774205374,U,IB,1,1,730,131973,114,54:00.0,4,20:00,303
9774205558,U,IB,1,11,320,139677,145,15:00.0,5,15:00,642
9774205567,U,IB,1,1,567,135232,164,37:00.0,5,10:00,872
9774205603,U,CTY,1,1,171,131209,197,06:00.0,6,14:00,303
9774205630,U,CTY,1,2,673,131209,197,06:00.0,6,14:00,303
9774205740,U,CTY,1,6,750,126655,194,42:00.0,5,18:00,889
9774205769,U,CTY,1,1,120,126655,194,48:00.0,5,16:00,809
9774205915,U,IB,1,2,360,127460,123,08:00.0,4,14:00,569
9774205998,U,CTY,1,1,320,128252,197,27:00.0,6,9:00,881
977420608X,U,IB,1,1,1225,139017,133,53:00.0,6,8:00,889
9774206099,U,IB,1,15,1830,TTMS910575,151,32:00.0,3,18:00,814
9774206099,U,CTY,1,15,1830,TTMS910575,201,21:00.0,3,20:00,814
9774206135,U,IB,1,8,400,128229,133,29:00.0,2,12:00,890
9774206328,U,IB,1,1,1355,136938,141,27:00.0,6,6:00,322
9774206346,U,CTY,1,11,7000,290117,188,09:00.0,3,15:00,324
9774206373,U,OB,1,1,2350,129851,55,16:00.0,2,16:00,556
977420641X,U,CTY,1,4,848,T730211715,169,35:00.0,2,1:00,272
9774206492,U,CTY,1,1,445,290735,195,15:00.0,4,14:00,852
9774206548,U,OB,1,9,1200,430926,78,07:00.0,6,13:00,348
9774206703,U,IB,1,1,195,PASC33311,145,20:00.0,4,12:00,309
9774206786,U,IB,1,1,330,135636,116,20:00.0,2,9:00,891
9774206840,U,OB,1,1,546,121101,52,14:00.0,1,10:00,409
9774206869,U,OB,1,1,100,134752,73,29:00.0,3,4:00,522
9774207033,U,IB,1,1,215,136440,105,38:00.0,1,12:00,213
977420707X,U,OB,1,1,106,134428,14,36:00.0,1,6:00,521
9774207143,U,IB,1,21,680,125176,145,13:00.0,3,15:00,216
9774207446,U,CTY,1,1,71,124053,E26 ,19:00.0,4,18:00,881
9774207556,U,IB,1,1,125,PASC634013,143,35:00.0,5,10:00,396
9774207601,U,CTY,1,1,554,821149,206,16:00.0,5,6:00,422
9774207601,U,OB,1,1,554,821149,90,47:00.0,2,22:00,422
977420762X,U,CTY,1,4,500,128483,187,34:00.0,3,16:00,324
9774207648,U,CTY,1,4,500,45605,175,08:00.0,5,15:00,155
9774207776,U,CTY,1,1,250,139578,206,16:00.0,5,6:00,653
9774207776,U,IB,1,1,250,139578,149,45:00.0,1,11:00,653
977420784X,U,OB,1,11,3530,353204,72,24:00.0,7,10:00,435
9774207868,U,IB,1,1,724,HAEI23307,131,20:00.0,6,22:00,508
9774207931,U,IB,1,1,366,125495,123,26:00.0,3,21:00,246
9774207987,U,IB,1,1,279,135862,141,30:00.0,7,18:00,875
9774208097,U,OB,1,1,120,558827,63,18:00.0,7,13:00,432
9774208243,U,OB,1,1,100,132813,31,05:00.0,6,8:00,409
977420828X,U,IB,1,1,400,124215,125,44:00.0,4,13:00,347
9774208317,U,IB,1,1,483,116773,104,30:00.0,3,19:00,303
9774208326,U,IB,1,1,222,116773,104,30:00.0,3,19:00,303
9774208445,U,CTY,1,2,1201,125210,189,37:00.0,2,21:00,857
9774208481,U,CTY,1,1,150,130828,172,56:00.0,1,12:00,525
9774208519,U,CTY,1,1,9,127847,192,43:00.0,3,4:00,150
9774208766,U,IB,1,4,500,133274,129,37:00.0,3,20:00,218
9774208802,U,IB,1,4,2000,123954,129,12:00.0,5,4:00,511
9774208802,U,CTY,1,4,2000,123954,206,12:00.0,5,6:00,511
9774208858,U,OB,1,1,19,134020,53,43:00.0,7,5:00,348
9774208867,U,CTY,1,1,500,45605,175,21:00.0,5,15:00,152
9774208921,U,OB,1,1,880,133646,87,50:00.0,4,0:00,213
9774209105,U,OB,1,1,133,558665,88,47:00.0,4,18:00,218
9774209188,U,IB,1,1,362,132073,112,06:00.0,6,22:00,555
9774209224,U,CTY,1,3,260,140306,174,01:00.0,5,14:00,303
9774209233,U,CTY,1,1,930,139047,197,30:00.0,3,22:00,309
9774209307,U,OB,1,3,2670,211022,58,34:00.0,6,16:00,531
977420938X,U,OB,1,1,799,138176,96,45:00.0,6,3:00,890
9774209590,U,IB,1,4,500,PASC634013,143,54:00.0,5,14:00,304
9774209664,U,OB,1,9,2760,131487,60,37:00.0,3,7:00,435
9774209884,U,CTY,1,2,2495,135731,197,33:00.0,5,13:00,272
9774209920,U,CTY,1,1,55,118332,195,18:00.0,5,13:00,547
9774210021,U,CTY,1,1,293,PASC175379,188,01:00.0,7,16:00,377
977421004X,U,CTY,1,1,383,129893,174,40:00.0,5,18:00,347
9774210342,U,OB,1,3,1915,131209,84,44:00.0,3,7:00,348
9774210535,U,CTY,1,1,135,45605,175,12:00.0,5,15:00,155
9774210672,U,CTY,1,20,560,133220,194,23:00.0,6,19:00,343
9774210690,U,IB,1,44,880,132835,125,46:00.0,7,6:00,108
9774210719,U,IB,1,20,620,135194,145,07:00.0,7,7:00,367
977421092X,U,OB,1,3,2100,249234,14,26:00.0,4,13:00,415
9774210948,U,IB,1,1,120,249147,125,02:00.0,6,21:00,268
9774211168,U,OB,1,1,196,134790,46,11:00.0,4,5:00,421
9774211186,U,CTY,1,1,335,T402217967,187,45:00.0,5,0:00,324
9774211204,U,CTY,1,1,304,137507,175,32:00.0,6,11:00,211
9774211350,U,IB,1,33,1000,137417,143,21:00.0,6,0:00,381
9774211498,U,OB,1,1,803,132675,69,06:00.0,4,10:00,644
9774211516,U,IB,1,1,215,290328,116,20:00.0,6,3:00,511
9774211617,U,IB,1,2,526,131798,145,12:00.0,5,21:00,261
9774211635,U,IB,1,1,48,R211600269,123,58:00.0,5,20:00,218
9774211671,U,CTY,1,1,342,128293,175,09:00.0,5,17:00,116
9774211671,U,CTY,1,1,342,128293,231,10:00.0,5,17:00,116
9774211680,U,IB,1,1,722,118295,127,18:00.0,6,0:00,213
9774211709,U,IB,1,1,300,127837,152,08:00.0,7,19:00,621
977421191X,U,OB,1,5,600,841940,55,36:00.0,3,21:00,422
9774211938,U,OB,1,1,615,139942,50,00:00.0,7,19:00,521
9774212001,U,IB,1,1,465,127837,152,51:00.0,7,19:00,621
9774212093,U,CTY,1,4,400,261308,174,26:00.0,6,17:00,347
9774212167,U,OB,1,1,1000,139942,50,15:00.0,7,19:00,521
9774212221,U,OB,1,1,235,135081,96,29:00.0,7,21:00,218
9774212441,U,OB,1,9,8000,124081,32,42:00.0,6,4:00,455
9774212479,U,IB,1,1,960,126391,127,32:00.0,6,5:00,244
9774212533,U,OB,1,1,60,132108,52,28:00.0,5,6:00,409
9774212643,U,IB,1,1,100,119426,105,25:00.0,5,10:00,216
9774212881,U,CTY,1,24,3100,128513,176,25:00.0,5,13:00,348
9774212937,U,OB,1,1,770,136348,38,15:00.0,7,21:00,455
9774213000,U,IB,1,25,840,129965,143,35:00.0,7,8:00,216
977421301X,U,IB,1,12,240,291246,114,38:00.0,6,7:00,216
9774214789,U,CTY,1,2,60,139520,172,23:00.0,7,5:00,244
9774214852,U,OB,1,1,305,431001,69,54:00.0,7,19:00,432
9774214926,U,OB,1,2,570,136348,38,34:00.0,7,18:00,429
9774215393,U,OB,1,1,147,137800,86,18:00.0,7,3:00,223
9774215604,U,IB,1,1,50,137118,103,49:00.0,7,12:00,322
9774216190,U,IB,1,1,384,132162,158,00:00.0,7,16:00,216
9774216484,U,OB,1,1,236,127224,90,33:00.0,7,7:00,292
977421653X,U,OB,1,10,10664,843233,89,47:00.0,6,19:00,422
9774216603,U,OB,1,4,3340,89542,87,50:00.0,6,21:00,422
9790313336,U,OB,1,1,80,126947,53,24:00.0,5,11:00,757
9791593103,U,CTY,1,1,190,278466,173,21:00.0,3,13:00,881
9791597732,U,IB,1,1,175,127379,111,16:00.0,2,17:00,890
9791597999,U,IB,1,6,5245,559295,135,38:00.0,3,20:00,878
9791605149,U,IB,1,1,885,128898,133,16:00.0,5,18:00,890
9791607019,U,IB,1,1,560,128898,133,54:00.0,5,17:00,890
9791974372,U,IB,1,1,565,129832,123,39:00.0,6,17:00,402
9791994062,U,OB,1,1,370,261094,60,57:00.0,6,15:00,402
9792352460,U,CTY,1,3,80,136515,196,33:00.0,4,7:00,875
9792624023,U,CTY,1,1,85,139630,192,27:00.0,7,5:00,878
9792624225,U,IB,1,1,155,136818,158,42:00.0,7,1:00,251
9793496020,U,OB,1,3,50,135900,38,31:00.0,7,5:00,423
9793496121,U,OB,1,3,210,127041,53,15:00.0,7,23:00,423
9793496159,U,OB,1,2,195,290210,38,17:00.0,7,13:00,423
9793496213,U,CTY,1,1,795,137791,169,46:00.0,2,9:00,508
9793623923,U,OB,1,5,140,R422112704,58,54:00.0,5,1:00,422
9793623932,U,OB,1,1,535,C422150096,26,32:00.0,5,5:00,422
9793623941,U,OB,1,1,730,112704,58,01:00.0,5,2:00,422
9793623950,U,OB,1,2,75,150096,26,49:00.0,5,1:00,422
979362396X,U,OB,1,1,55,150096,26,43:00.0,5,1:00,422
9793649030,U,OB,1,1,250,138444,87,52:00.0,1,22:00,100
9793770526,U,IB,1,1,225,138055,145,40:00.0,7,14:00,642
9793919594,U,OB,1,1,185,00DROP,1,26:00.0,2,11:00,422
9793961358,U,OB,1,1,775,290618,60,54:00.0,3,11:00,402
9793961477,U,OB,1,1,1560,139461,86,05:00.0,3,19:00,402
9793961531,U,OB,1,1,730,116706,88,08:00.0,5,14:00,432
979396155X,U,OB,1,1,630,118255,76,15:00.0,5,20:00,432
9793961578,U,IB,1,3,215,135455,117,22:00.0,5,4:00,432
9793961596,U,OB,1,1,300,118255,76,14:00.0,5,15:00,432
979396166X,U,OB,1,1,435,558827,63,26:00.0,7,13:00,432
9793961688,U,IB,1,2,1645,140026,156,46:00.0,3,11:00,432
9793961688,U,IB,1,2,1645,140026,156,46:00.0,3,11:00,432
9793961706,U,OB,1,1,455,261137,76,14:00.0,3,2:00,432
9793961715,U,OB,1,1,505,558827,63,09:00.0,7,13:00,432
9793961724,U,IB,1,1,505,126914,127,21:00.0,3,0:00,432
9793961733,U,IB,1,1,415,135957,162,23:00.0,3,8:00,432
9793961733,U,OB,1,1,415,135957,50,00:00.0,3,7:00,432
9793961742,U,OB,1,1,865,558827,63,13:00.0,7,13:00,432
9793961751,U,OB,1,1,1200,559524,46,53:00.0,1,7:00,432
9793968288,U,OB,1,1,240,202206,39,09:00.0,3,10:00,402
9793968425,U,OB,1,1,695,136746,22,41:00.0,3,11:00,402
9793994028,U,OB,1,2,1280,135938,31,49:00.0,5,5:00,423
9793994531,U,OB,1,1,560,558827,63,08:00.0,7,15:00,432
9793994605,U,OB,1,1,690,261137,76,19:00.0,3,4:00,432
9793994724,U,OB,1,1,315,558827,63,42:00.0,7,13:00,432
9793994733,U,IB,1,1,1000,126914,127,46:00.0,3,1:00,432
979399477X,U,IB,1,1,370,126914,127,40:00.0,3,1:00,432
9793994789,U,OB,1,3,1560,261137,76,34:00.0,3,4:00,432
9793994798,U,IB,1,1,1050,126914,127,52:00.0,3,0:00,432
9793994825,U,IB,1,2,1890,126914,127,27:00.0,3,1:00,432
9793994852,U,OB,1,2,1510,116843,84,54:00.0,7,6:00,432
9793994908,U,OB,1,2,1510,558827,63,00:00.0,7,16:00,432
9793994926,U,OB,1,1,485,135545,5,58:00.0,3,17:00,432
9793994935,U,IB,1,4,1605,126914,127,58:00.0,3,1:00,432
9793994971,U,IB,1,2,720,126914,127,34:00.0,3,1:00,432
9793994980,U,OB,1,1,1010,261137,76,07:00.0,3,2:00,432
9794087903,U,IB,1,1,1550,137822,133,09:00.0,5,7:00,878
9794215577,U,OB,1,1,190,125149,50,37:00.0,7,18:00,423
9794224698,U,OB,1,1,425,135306,18,14:00.0,7,10:00,423
9794240006,U,OB,1,1,130,133315,60,07:00.0,1,9:00,754
9794246689,U,OB,1,1,320,137716,58,48:00.0,3,14:00,421
9794246707,U,OB,1,1,460,137716,58,30:00.0,3,14:00,421
9794246725,U,OB,1,2,310,137716,58,43:00.0,3,14:00,421
9794262006,U,CTY,1,2,1105,139837,175,59:00.0,3,20:00,653
9794262006,U,CTY,1,2,1105,139837,201,20:00.0,3,21:00,653
9794273107,U,CTY,1,1,410,139837,175,27:00.0,3,21:00,653
9794273152,U,CTY,1,1,335,139837,175,20:00.0,3,18:00,653
9794320791,U,OB,1,1,688,126945,87,29:00.0,3,17:00,653
9794320966,U,OB,1,3,190,138316,53,16:00.0,2,16:00,653
9794320975,U,OB,1,2,845,136318,69,34:00.0,3,19:00,653
9794353627,U,IB,1,4,185,134824,149,16:00.0,3,12:00,324
9794519974,U,IB,1,1,4400,133442,145,04:00.0,1,2:00,875
979455544X,U,IB,1,1,2605,133442,145,07:00.0,1,3:00,875
9794638783,U,OB,1,2,675,249085,32,43:00.0,4,13:00,402
9794711136,U,CTY,1,2,1670,132400,189,09:00.0,7,13:00,100
9794726141,U,CTY,1,1,360,129893,174,32:00.0,5,19:00,347
9794726967,U,IB,1,1,230,131309,111,31:00.0,5,12:00,878
9794877099,U,CTY,1,2,740,132904,175,11:00.0,7,7:00,889
9794887439,U,IB,1,1,170,134351,164,01:00.0,5,11:00,847
9794947187,U,CTY,1,1,30,132367,168,35:00.0,2,13:00,857
9794962513,U,CTY,1,1,345,130908,197,51:00.0,7,16:00,811
9794962522,U,CTY,1,3,220,130908,197,22:00.0,7,17:00,811
9795024746,U,OB,1,1,45,842029,90,48:00.0,6,18:00,422
9795034022,U,OB,1,1,240,120863,73,35:00.0,7,6:00,422
9795034031,U,OB,1,4,200,120863,73,52:00.0,7,6:00,422
9795034040,U,OB,1,1,65,120863,73,29:00.0,7,10:00,422
979503405X,U,OB,1,7,75,120863,73,44:00.0,7,6:00,422
9795034069,U,OB,1,3,235,120863,73,24:00.0,7,8:00,422
9795034078,U,OB,1,6,375,120863,73,00:00.0,7,9:00,422
9795034087,U,OB,1,1,400,120863,73,32:00.0,7,9:00,422
9795034096,U,OB,1,1,355,10408,60,08:00.0,7,13:00,422
9795034105,U,OB,1,1,40,10408,60,51:00.0,7,12:00,422
9795034114,U,OB,1,1,45,10408,60,49:00.0,7,10:00,422
9795034123,U,OB,1,1,55,10408,60,07:00.0,7,8:00,422
9795034132,U,OB,1,2,35,10408,60,40:00.0,7,11:00,422
9795034141,U,OB,1,2,155,10408,60,53:00.0,7,12:00,422
9795034150,U,OB,1,4,3725,10408,60,16:00.0,7,8:00,422
979503416X,U,OB,1,1,490,120863,73,42:00.0,7,10:00,422
9795034179,U,OB,1,1,315,10408,60,08:00.0,7,10:00,422
9795034188,U,OB,1,1,250,10408,60,24:00.0,7,9:00,422
9795034197,U,OB,1,1,295,120863,73,13:00.0,7,10:00,422
9795034224,U,OB,1,5,3485,144654,76,37:00.0,7,12:00,422
9795034233,U,OB,1,3,380,842193,84,40:00.0,7,3:00,422
9795034242,U,OB,1,5,85,842193,84,29:00.0,7,5:00,422
9795034251,U,OB,1,4,705,842193,84,15:00.0,7,4:00,422
9795048340,U,OB,1,1,960,112704,58,29:00.0,5,3:00,422
9795048369,U,OB,1,1,125,150096,26,01:00.0,5,5:00,422
9795048378,U,OB,1,1,120,C422150096,26,21:00.0,5,5:00,422
9795048387,U,OB,1,1,135,C422150096,26,23:00.0,5,5:00,422
9795048396,U,OB,1,1,490,C422150096,26,34:00.0,5,5:00,422
9795048396,U,IB,1,1,490,150096,115,48:00.0,5,6:00,422
9795048405,U,OB,1,4,220,112704,58,21:00.0,5,3:00,422
9795048414,U,OB,1,1,330,150096,26,50:00.0,5,4:00,422
9795048423,U,OB,1,1,660,150096,26,36:00.0,5,1:00,422
9795048432,U,OB,1,1,1245,112704,58,24:00.0,5,1:00,422
9795048441,U,OB,1,1,45,112704,58,46:00.0,5,1:00,422
9795048450,U,OB,1,1,630,112704,58,48:00.0,5,2:00,422
9795053557,U,OB,1,2,100,842029,90,45:00.0,6,18:00,422
9795058287,U,OB,1,5,310,128187,52,43:00.0,6,7:00,432
9795058341,U,OB,1,2,1000,128187,52,05:00.0,6,5:00,432
9795058379,U,IB,1,3,2600,132337,101,20:00.0,6,13:00,432
9795059726,U,OB,1,19,530,129664,63,17:00.0,6,19:00,432
9795068342,U,OB,1,1,250,290618,60,52:00.0,3,11:00,402
979506837X,U,OB,1,3,1890,249085,32,30:00.0,4,4:00,402
9795068425,U,OB,1,1,235,202206,39,11:00.0,3,10:00,402
979506848X,U,OB,1,2,1025,139461,86,27:00.0,3,18:00,402
9795072486,U,OB,1,2,365,10408,60,51:00.0,7,6:00,422
9795102020,U,OB,1,1,80,125981,31,31:00.0,2,13:00,471
9795102067,U,OB,1,1,60,125981,31,33:00.0,2,13:00,471
9795102076,U,OB,1,1,350,125981,31,21:00.0,2,13:00,471
979510214X,U,OB,1,3,2835,290207,3,47:00.0,3,7:00,471
979510214X,U,OB,1,3,2835,290207,32,05:00.0,3,3:00,471
9795151484,U,CTY,1,1,565,117243,175,03:00.0,1,19:00,841
979515186X,U,IB,1,1,725,HAEI27016,116,56:00.0,4,14:00,841
9795181139,U,OB,1,1,310,128220,95,13:00.0,2,22:00,471
9795181184,U,OB,1,1,140,125981,31,40:00.0,2,13:00,471
9795195127,U,OB,1,2,1250,137797,72,24:00.0,4,17:00,521
9795196043,U,CTY,1,1,360,139517,168,04:00.0,1,20:00,521
9795222324,U,OB,1,8,6880,130744,88,07:00.0,5,11:00,521
9795222360,U,OB,1,1,630,127419,76,11:00.0,5,1:00,521
9795234489,U,IB,1,1,695,127882,123,34:00.0,1,22:00,521
9795252684,U,CTY,1,1,695,122639,168,00:00.0,2,1:00,688
979528276X,U,CTY,1,3,105,123843,194,20:00.0,3,3:00,508
9795282824,U,CTY,1,2,200,123843,194,57:00.0,3,0:00,508
9795312010,U,OB,1,5,305,559524,46,57:00.0,1,11:00,432
979531202X,U,OB,1,1,1015,116843,84,03:00.0,7,7:00,432
9795312093,U,OB,1,1,265,559524,46,51:00.0,1,11:00,432
979531213X,U,OB,1,1,460,559524,46,53:00.0,1,11:00,432
9795312167,U,IB,1,1,320,136530,117,57:00.0,6,22:00,432
9795312176,U,IB,1,1,325,136530,117,12:00.0,6,22:00,432
9795337301,U,CTY,1,5,3070,126570,188,53:00.0,3,7:00,155
9795341876,U,CTY,1,1,200,125588,168,57:00.0,1,21:00,155
9795361438,U,IB,1,2,55,CVEN44615,113,47:00.0,6,10:00,187
9795372227,U,CTY,1,1,385,128691,196,59:00.0,2,18:00,155
9795433753,U,OB,1,2,210,138679,31,53:00.0,7,19:00,423
9795439226,U,IB,1,3,1245,137165,123,16:00.0,1,22:00,878
9795450767,U,IB,1,1,100,290212,135,54:00.0,1,6:00,213
9795454736,U,IB,1,1,680,134479,152,56:00.0,1,10:00,878
9795598185,U,OB,1,1,41,140236,46,59:00.0,6,19:00,423
9795672224,U,CTY,1,2,1235,137791,169,20:00.0,2,9:00,878
9795674049,U,IB,1,2,1100,136426,145,13:00.0,1,20:00,841
9795679558,U,OB,1,2,1425,HAEI26361,86,37:00.0,7,21:00,878
9795729947,U,CTY,1,1,1385,134270,196,52:00.0,6,11:00,
9795749132,U,CTY,1,2,760,PASC533243,187,21:00.0,2,6:00,394
9795789080,U,OB,1,2,905,202206,39,03:00.0,3,10:00,402
979578909X,U,OB,1,1,1350,128131,51,28:00.0,2,15:00,402
9795789118,U,OB,1,4,1885,290618,60,15:00.0,3,12:00,402
9795789219,U,OB,1,2,1575,139461,86,45:00.0,3,19:00,402
9795789989,U,OB,1,2,780,135088,13,18:00.0,1,6:00,402
9795793619,U,OB,1,1,55,120863,73,29:00.0,7,8:00,422
9795793637,U,OB,1,3,75,120863,73,27:00.0,7,9:00,422
9795793646,U,OB,1,2,200,120863,73,14:00.0,7,8:00,422
9795793655,U,OB,1,2,65,120863,73,25:00.0,7,10:00,422
9795793664,U,OB,1,1,100,120863,73,34:00.0,7,7:00,422
9795793673,U,OB,1,1,440,120863,73,43:00.0,7,7:00,422
9795793682,U,OB,1,1,160,120863,73,08:00.0,7,8:00,422
9795793691,U,OB,1,1,100,120863,73,47:00.0,7,7:00,422
9795793700,U,OB,1,6,110,10408,60,14:00.0,7,7:00,422
9795797267,U,OB,1,1,770,249065,48,35:00.0,3,6:00,432
9795797276,U,OB,1,1,500,133870,75,11:00.0,3,17:00,432
9795797303,U,OB,1,1,450,133103,38,46:00.0,3,6:00,432
9795797312,U,OB,1,1,500,133870,75,18:00.0,3,18:00,432
9795797330,U,OB,1,1,145,249065,48,15:00.0,3,6:00,432
9795797359,U,OB,1,1,120,133870,75,20:00.0,3,17:00,432
979579778X,U,OB,1,1,70,133870,75,21:00.0,3,20:00,432
9795797808,U,OB,1,1,401,133870,75,58:00.0,3,18:00,432
9795797826,U,OB,1,1,260,133870,75,00:00.0,3,19:00,432
9795797835,U,OB,1,1,500,249065,48,41:00.0,3,4:00,432
9795797853,U,OB,1,1,575,133103,38,42:00.0,3,6:00,432
9795800264,U,OB,1,1,345,10408,60,39:00.0,7,9:00,422
9795800273,U,OB,1,1,430,10408,60,51:00.0,7,7:00,422
9795800291,U,OB,1,1,20,10408,60,43:00.0,7,6:00,422
9795800300,U,OB,1,3,2010,120863,73,59:00.0,7,10:00,422
979580031X,U,OB,1,8,150,120863,73,37:00.0,7,10:00,422
9795800329,U,OB,1,5,315,120863,73,15:00.0,7,11:00,422
9795800338,U,OB,1,2,1325,10408,60,08:00.0,7,7:00,422
9795800347,U,OB,1,1,330,120863,73,55:00.0,7,10:00,422
9795800356,U,OB,1,3,1215,120863,73,09:00.0,7,11:00,422
9795800365,U,OB,1,1,195,10408,60,02:00.0,7,10:00,422
9795800374,U,OB,1,4,55,842193,84,49:00.0,7,4:00,422
9795800383,U,OB,1,3,120,842193,84,29:00.0,7,4:00,422
9795800392,U,OB,1,4,2060,842193,84,43:00.0,7,4:00,422
9795800401,U,OB,1,3,1040,144654,76,46:00.0,7,12:00,422
979580042X,U,OB,1,2,145,842193,84,44:00.0,7,3:00,422
9795800439,U,OB,1,2,1190,144654,76,00:00.0,7,13:00,422
9795800448,U,OB,1,3,110,120863,73,59:00.0,7,6:00,422
9795800448,U,IB,1,3,110,120863,119,46:00.0,7,10:00,422
9795800457,U,OB,1,2,1090,842193,84,05:00.0,7,5:00,422
9795800466,U,OB,1,1,755,R447120863,73,39:00.0,7,5:00,422
9795800475,U,OB,1,1,55,120863,73,31:00.0,7,6:00,422
9795800484,U,OB,1,2,1240,842193,84,01:00.0,7,5:00,422
9795800493,U,OB,1,2,85,120863,73,53:00.0,7,5:00,422
9795800511,U,OB,1,3,1490,10408,60,53:00.0,7,9:00,422
9795800520,U,OB,1,1,1385,120863,73,04:00.0,7,11:00,422
979580053X,U,OB,1,1,640,10408,60,27:00.0,7,6:00,422
9795800549,U,OB,1,5,215,120863,73,59:00.0,7,7:00,422
9795800558,U,OB,1,1,435,10408,60,41:00.0,7,10:00,422
9795800567,U,OB,1,5,85,10408,60,02:00.0,7,8:00,422
9795800576,U,OB,1,1,375,10408,60,11:00.0,7,10:00,422
9795800585,U,OB,1,2,135,120863,73,52:00.0,7,10:00,422
9795800594,U,IB,1,2,30,10408,119,46:00.0,7,10:00,422
9795800594,U,OB,1,2,30,10408,60,48:00.0,7,7:00,422
9795800603,U,OB,1,2,130,10408,60,43:00.0,7,7:00,422
9795800612,U,OB,1,2,65,10408,60,05:00.0,7,8:00,422
9795800621,U,OB,1,4,185,10408,60,41:00.0,7,9:00,422
979580064X,U,IB,1,3,85,10408,119,46:00.0,7,10:00,422
979580064X,U,OB,1,3,85,10408,60,58:00.0,7,8:00,422
9795800659,U,OB,1,1,70,10408,60,43:00.0,7,7:00,422
9795800668,U,OB,1,3,180,10408,60,20:00.0,7,11:00,422
9795800677,U,OB,1,3,165,10408,60,23:00.0,7,11:00,422
9795800677,U,OB,1,3,165,10408,47,05:00.0,7,13:00,422
9795800686,U,OB,1,6,140,10408,60,54:00.0,7,10:00,422
9795800695,U,OB,1,4,260,10408,60,04:00.0,7,10:00,422
9795800704,U,OB,1,1,50,10408,60,08:00.0,7,11:00,422
9795800713,U,OB,1,2,775,10408,60,43:00.0,7,11:00,422
9795800722,U,OB,1,4,55,10408,29,58:00.0,7,11:00,422
9795800722,U,OB,1,4,55,10408,29,58:00.0,7,11:00,422
9795800740,U,OB,1,1,145,10408,60,58:00.0,7,10:00,422
979580075X,U,OB,1,1,165,10408,60,38:00.0,7,10:00,422
9795801227,U,OB,1,17,1765,144654,47,19:00.0,7,15:00,422
9795801227,U,OB,1,17,1765,144654,76,27:00.0,7,12:00,422
9795801236,U,OB,1,2,770,144654,76,27:00.0,7,11:00,422
9795801245,U,OB,1,1,185,144654,85,10:00.0,7,12:00,422
9795801254,U,OB,1,4,2600,842193,84,23:00.0,7,3:00,422
9795801923,U,OB,1,6,4240,135545,5,40:00.0,3,17:00,432
9795801932,U,OB,1,1,1225,559524,46,01:00.0,1,12:00,432
9795801941,U,OB,1,1,370,559524,46,51:00.0,1,10:00,432
9795813051,U,IB,1,5,1525,137319,145,40:00.0,6,12:00,878
9795813107,U,IB,1,2,490,530697,121,47:00.0,4,10:00,878
9795813107,U,IB,1,2,490,530697,131,44:00.0,4,10:00,878
9795813226,U,OB,1,1,20,134394,52,33:00.0,3,15:00,878
979581549X,U,CTY,1,1,1385,135370,197,38:00.0,1,16:00,402
9795815527,U,OB,1,1,715,249085,32,50:00.0,4,4:00,402
9795815628,U,OB,1,2,1150,45562,31,53:00.0,5,3:00,402
9795815738,U,OB,1,2,1475,249085,32,10:00.0,4,13:00,402
9795815949,U,OB,1,1,1455,128910,40,47:00.0,1,7:00,402
9795823566,U,OB,1,1,2015,129664,63,01:00.0,6,20:00,432
9795823593,U,OB,1,2,955,127022,86,42:00.0,7,2:00,432
9795823602,U,OB,1,1,320,118255,76,07:00.0,5,16:00,432
9795823611,U,IB,1,3,1300,136530,117,39:00.0,6,22:00,432
9795824583,U,OB,1,2,855,430526,51,28:00.0,2,9:00,422
9795824592,U,OB,1,21,4442,430526,51,12:00.0,2,12:00,422
9795824601,U,OB,1,1,1670,430526,51,20:00.0,2,10:00,422
9795824610,U,OB,1,1,1000,430526,51,57:00.0,2,9:00,422
979582462X,U,OB,1,2,765,430526,51,43:00.0,2,8:00,422
9795824639,U,OB,1,1,180,430526,51,30:00.0,2,10:00,422
9795824657,U,OB,1,3,905,430526,51,03:00.0,2,12:00,422
9795824666,U,OB,1,4,2285,430526,51,15:00.0,2,9:00,422
9795824675,U,OB,1,2,1150,430526,51,44:00.0,2,11:00,422
9795824684,U,OB,1,1,845,430526,51,23:00.0,2,10:00,422
9795824693,U,OB,1,2,1355,430526,51,06:00.0,2,12:00,422
9795824702,U,OB,1,9,885,430526,51,07:00.0,2,12:00,422
9795824711,U,OB,1,1,425,430526,51,55:00.0,2,11:00,422
9795824720,U,OB,1,1,830,430526,51,51:00.0,2,11:00,422
979582473X,U,OB,1,2,155,430526,51,40:00.0,2,11:00,422
9795824749,U,OB,1,1,570,430526,51,53:00.0,2,11:00,422
9795824758,U,OB,1,1,775,430526,51,36:00.0,2,11:00,422
9795825519,U,OB,1,3,1770,150096,26,29:00.0,5,3:00,422
9795825528,U,OB,1,3,2600,112704,58,42:00.0,5,2:00,422
9795825537,U,OB,1,4,2390,112704,58,12:00.0,5,2:00,422
979582792X,U,IB,1,1,400,126914,127,58:00.0,2,22:00,432
979582792X,U,IB,1,1,400,126914,156,04:00.0,3,4:00,432
9795827984,U,OB,1,2,3625,127022,86,37:00.0,7,2:00,432
9795850727,U,IB,1,1,235,530859,125,17:00.0,7,15:00,878
9795899850,U,IB,1,1,255,124126,141,01:00.0,5,14:00,878
979591207X,U,IB,1,1,140,559295,135,50:00.0,3,21:00,878
9795934280,U,OB,1,1,225,133519,43,52:00.0,4,17:00,423
9795934327,U,OB,1,2,730,290086,49,47:00.0,4,2:00,423
9795934419,U,IB,1,3,130,131078,145,04:00.0,6,18:00,423
9795934437,U,OB,1,1,55,128463,63,22:00.0,1,4:00,423
9795934446,U,OB,1,1,25,128463,63,40:00.0,1,3:00,423
9795934455,U,OB,1,2,130,128463,63,23:00.0,1,4:00,423
9795934464,U,OB,1,4,170,128463,63,16:00.0,1,8:00,423
9795934482,U,OB,1,2,30,128463,63,21:00.0,1,4:00,423
9795934500,U,OB,1,2,655,133495,75,46:00.0,1,10:00,423
9795943172,U,OB,1,4,140,138491,50,54:00.0,5,5:00,740
9795943228,U,OB,1,4,180,136814,48,31:00.0,5,6:00,740
9795952147,U,OB,1,1,115,132610,31,09:00.0,5,20:00,423
9795962047,U,OB,1,6,3,126360,38,48:00.0,7,20:00,423
9795966786,U,OB,1,1,1125,133005,55,06:00.0,1,13:00,423
979596685X,U,OB,1,2,760,133005,55,08:00.0,1,17:00,423
9795966941,U,OB,1,2,2240,126796,36,57:00.0,2,3:00,423
9795966941,U,OB,1,2,2240,126796,43,51:00.0,2,3:00,423
9795966997,U,OB,1,1,55,128463,63,10:00.0,1,8:00,423
9795968600,U,OB,1,2,990,137545,43,46:00.0,5,18:00,423
9795968656,U,OB,1,3,1025,133519,43,34:00.0,4,19:00,423
9795968701,U,OB,1,2,740,128423,22,02:00.0,5,7:00,423
9795974037,U,OB,1,5,235,137824,46,13:00.0,5,0:00,423
9795974055,U,OB,1,6,130,137824,46,31:00.0,4,23:00,423
9795974284,U,OB,1,3,950,137824,46,08:00.0,5,0:00,423
9795974302,U,OB,1,4,2020,132610,31,06:00.0,5,20:00,423
9795974394,U,CTY,1,2,190,136692,E6  ,21:00.0,5,18:00,423
9795974403,U,OB,1,1,485,132610,31,19:00.0,5,19:00,423
9795974531,U,OB,1,2,495,126360,38,49:00.0,7,12:00,423
9795979050,U,OB,1,4,1060,133384,53,15:00.0,3,19:00,423
9795979079,U,OB,1,2,2020,135938,31,51:00.0,5,6:00,423
9795979097,U,OB,1,1,525,133519,43,24:00.0,4,18:00,423
9795979207,U,OB,1,7,130,132610,31,11:00.0,5,20:00,423
9795979225,U,OB,1,1,25,137824,46,23:00.0,5,1:00,423
9795979445,U,OB,1,2,1085,133005,55,48:00.0,1,13:00,423
9795979454,U,OB,1,1,675,138477,39,23:00.0,1,13:00,423
9795983542,U,OB,1,1,900,137593,53,02:00.0,4,4:00,754
9795983589,U,OB,1,1,785,130863,38,32:00.0,4,1:00,754
9795983661,U,OB,1,2,975,130863,38,53:00.0,4,0:00,754
9795997631,U,OB,1,4,2400,431022,44,27:00.0,3,21:00,754
9795997631,U,IB,1,4,2400,431022,103,07:00.0,3,21:00,754
979599765X,U,OB,1,1,1215,137593,53,54:00.0,4,3:00,754
9795997669,U,OB,1,6,1480,130863,38,07:00.0,4,1:00,754
9795997723,U,OB,1,1,1665,134948,40,38:00.0,4,1:00,754
9796000529,U,OB,1,5,65,133519,43,14:00.0,4,19:00,423
9796000538,U,OB,1,1,265,133519,43,21:00.0,4,17:00,423
9796000565,U,OB,1,1,410,133519,43,43:00.0,4,17:00,423
9796000610,U,OB,1,3,410,133519,43,16:00.0,4,17:00,423
979602405X,U,IB,1,1,520,136069,145,45:00.0,3,17:00,423
9796033720,U,CTY,1,8,200,530699,197,22:00.0,4,22:00,641
9796074530,U,CTY,1,4,150,125345,169,21:00.0,3,18:00,830
9796075686,U,OB,1,4,1545,133519,43,55:00.0,4,18:00,423
9796081379,U,OB,1,1,645,125624,55,47:00.0,4,17:00,423
9796114516,U,OB,1,2,735,150096,26,57:00.0,5,3:00,422
9796114525,U,OB,1,2,40,150096,26,06:00.0,5,4:00,422
9796114534,U,OB,1,1,395,112704,58,37:00.0,5,2:00,422
9796114543,U,OB,1,2,680,150096,26,44:00.0,5,2:00,422
9796114570,U,OB,1,3,120,C422150096,26,16:00.0,5,5:00,422
9796114599,U,OB,1,1,510,150096,26,57:00.0,5,4:00,422
9796114608,U,OB,1,1,360,112704,58,16:00.0,5,2:00,422
9796114617,U,OB,1,1,850,150096,26,14:00.0,5,2:00,422
9796114626,U,OB,1,1,795,112704,58,57:00.0,5,1:00,422
9796114635,U,OB,1,1,85,112704,58,42:00.0,5,1:00,422
9796114644,U,OB,1,1,260,150096,26,55:00.0,5,3:00,422
9796114662,U,OB,1,1,255,150096,26,40:00.0,5,2:00,422
9796114671,U,OB,1,2,275,112704,58,01:00.0,5,3:00,422
9796114680,U,OB,1,1,880,112704,58,44:00.0,5,2:00,422
979611469X,U,OB,1,1,55,112704,58,19:00.0,5,1:00,422
9796114709,U,OB,1,1,80,R422112704,58,50:00.0,5,1:00,422
9796114718,U,OB,1,1,640,C422150096,26,13:00.0,5,5:00,422
9796114727,U,OB,1,1,900,112704,58,30:00.0,5,1:00,422
9796114736,U,OB,1,1,480,C422150096,26,06:00.0,5,5:00,422
9796114745,U,OB,1,3,1425,150096,26,04:00.0,5,2:00,422
9796114754,U,OB,1,1,420,150096,26,51:00.0,5,2:00,422
9796122463,U,CTY,1,11,420,126466,194,00:00.0,5,17:00,881
9796122802,U,CTY,1,1,815,131853,195,53:00.0,4,4:00,881
9796122912,U,CTY,1,1,490,278466,173,28:00.0,3,12:00,881
979612635X,U,IB,1,1,645,291005,111,22:00.0,4,13:00,890
9796126387,U,IB,1,1,405,291005,111,46:00.0,4,9:00,890
9796163145,U,IB,1,2,1970,126878,133,49:00.0,4,5:00,873
9796180653,U,OB,1,3,210,138745,78,31:00.0,7,11:00,555
9796187199,U,IB,1,5,745,138903,113,20:00.0,7,2:00,555
9796189756,U,IB,1,1,390,138903,113,24:00.0,7,1:00,555
9796192598,U,OB,1,1,420,138745,78,15:00.0,7,12:00,555
979621039X,U,OB,1,1,85,136492,48,44:00.0,5,15:00,555
9796210409,U,OB,1,4,225,136492,48,27:00.0,5,16:00,555
9796210757,U,IB,1,2,3825,134122,143,19:00.0,6,21:00,555
9796217420,U,CTY,1,1,795,290735,195,21:00.0,4,14:00,853
979623580X,U,CTY,1,1,765,202373,173,25:00.0,2,1:00,347
9796268644,U,CTY,1,2,200,121722,172,20:00.0,4,20:00,381
9796272393,U,CTY,1,1,505,139731,189,39:00.0,7,10:00,555
9796272476,U,OB,1,1,990,127054,89,31:00.0,1,16:00,555
9796272476,U,CTY,1,1,990,127054,186,35:00.0,1,16:00,555
9796313818,U,IB,1,4,490,139567,116,49:00.0,1,6:00,878
9796314047,U,IB,1,3,70,138766,163,59:00.0,1,21:00,878
9796315275,U,IB,1,2,895,138766,163,24:00.0,1,22:00,878
9796316750,U,CTY,1,1,515,137791,169,22:00.0,2,8:00,878
979631676X,U,IB,1,1,230,135735,131,12:00.0,7,19:00,878
9796316860,U,IB,1,9,265,135194,145,38:00.0,7,5:00,878
9796326834,U,IB,1,4,1875,139567,116,15:00.0,1,6:00,878
9796334002,U,IB,1,1,625,559295,135,45:00.0,3,20:00,878
9796337569,U,IB,1,2,220,559295,135,08:00.0,3,21:00,878
9796337953,U,IB,1,1,80,HAEI23307,131,38:00.0,6,18:00,878
9796338229,U,CTY,1,2,765,134055,195,11:00.0,3,19:00,878
9796341098,U,OB,1,1,855,138745,78,59:00.0,7,13:00,878
9796341152,U,CTY,1,1,575,127739,197,31:00.0,4,11:00,878
9796341354,U,CTY,1,1,603,139734,187,54:00.0,1,19:00,878
9796341720,U,CTY,1,1,145,135900,187,39:00.0,2,22:00,878
9796343536,U,OB,1,1,150,261341,75,32:00.0,2,10:00,878
9796343536,U,IB,1,1,150,261341,135,30:00.0,1,11:00,878
9796344187,U,IB,1,1,410,134735,143,14:00.0,3,14:00,878
9796349815,U,CTY,1,1,145,124019,174,22:00.0,2,6:00,878
9796356085,U,OB,1,3,165,HAEI26361,86,41:00.0,7,22:00,878
9796357093,U,IB,1,1,50,136642,164,43:00.0,3,1:00,878
9796357221,U,IB,1,1,50,136642,164,29:00.0,3,1:00,878
9796460017,U,CTY,1,1,245,129714,172,40:00.0,4,1:00,187
9796460255,U,CTY,1,2,465,132314,173,56:00.0,7,18:00,187
9796460722,U,CTY,1,2,335,HAEI25458,188,54:00.0,4,16:00,508
9796465205,U,CTY,1,3,1695,140393,172,32:00.0,5,6:00,100
9796485849,U,CTY,1,4,1845,129714,172,35:00.0,4,5:00,187
9796490761,U,CTY,1,1,160,211335,197,57:00.0,6,16:00,152
9796492054,U,IB,1,1,550,CVEN43549,133,55:00.0,4,19:00,187
9796492054,U,CTY,1,1,550,CVEN43549,233,01:00.0,2,22:00,187
9796524266,U,IB,1,1,855,136530,117,00:00.0,6,22:00,432
9796524275,U,OB,1,1,300,280932,67,35:00.0,5,10:00,432
9796524284,U,OB,1,3,95,280932,67,02:00.0,5,7:00,432
9796524320,U,OB,1,1,1225,118255,76,52:00.0,5,18:00,432
9796526769,U,IB,1,5,200,126914,127,14:00.0,3,0:00,432
9796527263,U,OB,1,1,510,261137,76,09:00.0,3,4:00,432
9796527281,U,OB,1,1,145,139872,60,55:00.0,7,7:00,432
9796527777,U,IB,1,1,1150,136530,117,24:00.0,6,22:00,432
9796528262,U,OB,1,3,1060,559524,46,01:00.0,1,11:00,432
9796531901,U,OB,1,3,1000,129664,63,27:00.0,6,19:00,432
9796531910,U,OB,1,2,830,139872,60,13:00.0,7,7:00,432
9796531948,U,OB,1,2,930,559524,46,01:00.0,1,11:00,432
9796531984,U,IB,1,2,1020,132337,101,52:00.0,6,10:00,432
9796558128,U,OB,1,1,905,128131,51,12:00.0,2,15:00,402
9796558164,U,OB,1,1,1265,249085,32,21:00.0,4,13:00,402
9796559282,U,IB,1,2,2095,431022,103,55:00.0,3,19:00,402
9796559338,U,OB,1,2,2325,202206,39,33:00.0,3,10:00,402
9796559338,U,OB,1,2,2325,202206,5,57:00.0,3,17:00,402
9796559511,U,OB,1,1,565,249085,32,55:00.0,4,4:00,402
9796559520,U,OB,1,4,2445,290618,60,24:00.0,3,12:00,402
9796636008,U,OB,1,4,165,131402,43,12:00.0,3,15:00,471
9796636291,U,OB,1,1,680,138823,39,17:00.0,3,17:00,471
9796636796,U,OB,1,14,465,125836,75,46:00.0,1,18:00,471
9796638024,U,OB,1,1,310,131402,43,12:00.0,3,17:00,471
9796638060,U,OB,1,1,1230,134195,14,33:00.0,5,19:00,471
9796639472,U,OB,1,2,105,132358,49,15:00.0,4,20:00,471
9796660134,U,OB,1,4,375,128423,22,20:00.0,5,10:00,423
9796660693,U,OB,1,1,1120,128423,22,15:00.0,5,4:00,423
979666205X,U,OB,1,2,305,134742,14,53:00.0,5,9:00,423
9796664186,U,IB,1,1,1420,130708,111,30:00.0,2,3:00,521
9796664240,U,IB,1,1,325,130708,111,22:00.0,2,3:00,521
9796664433,U,IB,1,1,565,136665,143,54:00.0,3,4:00,521
9796664543,U,OB,1,1,230,133578,76,10:00.0,4,10:00,521
9796664662,U,OB,1,1,495,133578,76,18:00.0,4,7:00,521
9796664727,U,OB,1,1,365,133578,76,16:00.0,4,10:00,521
9796664745,U,IB,1,1,205,127882,123,12:00.0,1,22:00,521
9796664772,U,OB,1,1,195,133578,76,35:00.0,4,9:00,521
9796664781,U,OB,1,4,145,128416,40,35:00.0,7,17:00,521
9796664819,U,IB,1,2,615,130708,111,27:00.0,2,3:00,521
979667107X,U,OB,1,3,200,290348,46,19:00.0,5,0:00,423
9796671098,U,OB,1,1,190,134742,14,39:00.0,5,12:00,423
9796671235,U,OB,1,1,435,128423,22,26:00.0,5,9:00,423
9796671830,U,IB,1,4,1045,137165,123,17:00.0,1,18:00,878
9796698194,U,CTY,1,1,475,127739,197,35:00.0,4,11:00,309
9796711962,U,CTY,1,1,285,PASC533243,173,59:00.0,4,7:00,309
9796713915,U,CTY,1,1,1245,202318,195,55:00.0,6,14:00,309
9796714061,U,CTY,1,3,80,131978,173,15:00.0,5,12:00,309
9796715015,U,CTY,1,1,905,560074,175,02:00.0,1,16:00,309
9796719424,U,CTY,1,4,3725,202318,172,30:00.0,6,15:00,309
9796719424,U,CTY,1,4,3725,202318,195,57:00.0,6,14:00,309
9796720854,U,OB,1,1,245,132227,78,18:00.0,3,20:00,218
9796721285,U,CTY,1,3,185,PASC175379,188,10:00.0,7,16:00,309
979673575X,U,CTY,1,1,580,139517,168,07:00.0,1,20:00,521
9796814684,U,IB,1,3,2735,134145,119,35:00.0,2,9:00,878
9796814684,U,IB,1,3,2735,134145,151,33:00.0,2,9:00,878
9796814749,U,IB,1,3,1310,135053,131,07:00.0,1,3:00,878
9796814758,U,IB,1,1,130,261341,135,33:00.0,1,11:00,878
9796816298,U,IB,1,4,2660,134145,121,45:00.0,2,9:00,878
9796816298,U,IB,1,4,2660,134145,151,43:00.0,2,9:00,878
9796816435,U,IB,1,2,1145,261341,135,41:00.0,1,12:00,878
9796825913,U,IB,1,1,805,291071,114,18:00.0,4,22:00,100
9796831808,U,CTY,1,4,1225,126350,187,21:00.0,3,0:00,890
9796831808,U,CTY,1,4,1225,126350,175,05:00.0,2,3:00,890
9796831862,U,IB,1,3,225,139808,151,30:00.0,5,13:00,890
9796831945,U,IB,1,1,295,291005,111,57:00.0,4,12:00,890
9796844292,U,IB,1,3,245,135725,151,27:00.0,7,19:00,621
979685895X,U,OB,1,1,250,133000,76,42:00.0,7,22:00,508
9796858969,U,OB,1,1,460,133000,76,24:00.0,7,23:00,508
9796859151,U,IB,1,4,825,133882,163,53:00.0,4,1:00,508
9796859674,U,CTY,1,1,365,130521,168,58:00.0,5,13:00,508
9796950626,U,CTY,1,2,75,137462,188,40:00.0,6,16:00,878
9852416664,U,CTY,1,1,940,138969,172,34:00.0,1,3:00,285
9852416664,U,CTY,1,1,940,138969,191,36:00.0,1,3:00,285
9881036045,U,IB,1,1,110,129515,129,20:00.0,1,15:00,888
9950462202,U,CTY,1,3,1200,134389,187,39:00.0,5,10:00,685
9950462249,U,OB,1,2,1200,41204,66,08:00.0,3,10:00,685
995285033X,U,CTY,1,5,11545,131978,173,38:00.0,5,11:00,272
9952891727,U,CTY,1,2,7405,T402217967,187,52:00.0,4,22:00,272
9970937137,U,OB,1,1,1008,125595,76,27:00.0,2,0:00,597
9970937146,U,IB,1,1,1031,138702,133,49:00.0,1,3:00,597
9970937411,U,IB,1,1,1019,134290,151,36:00.0,2,0:00,597
9970937420,U,IB,1,1,1024,127406,127,25:00.0,2,7:00,597
9974205713,U,OB,1,4,500,125559,40,28:00.0,1,15:00,183